50.0 50.0 -0.74815
150.0 50.0 -0.27223
250.0 50.0 0.10938
350.0 50.0 0.29760
450.0 50.0 0.25212
550.0 50.0 0.02469
650.0 50.0 -0.25041
750.0 50.0 -0.53329
850.0 50.0 -0.80742
950.0 50.0 -1.04761
1050.0 50.0 -1.23614
1150.0 50.0 -1.37150
1250.0 50.0 -1.46978
1350.0 50.0 -1.55873
1450.0 50.0 -1.66450
1550.0 50.0 -1.79080
1650.0 50.0 -1.89119
1750.0 50.0 -1.90883
1850.0 50.0 -1.82980
1950.0 50.0 -1.67521
2050.0 50.0 -1.48834
2150.0 50.0 -1.32129
2250.0 50.0 -1.22114
2350.0 50.0 -1.21553
2450.0 50.0 -1.29789
2550.0 50.0 -1.41411
2650.0 50.0 -1.49688
2750.0 50.0 -1.52367
2850.0 50.0 -1.50581
2950.0 50.0 -1.47202
3050.0 50.0 -1.45506
3150.0 50.0 -1.48177
3250.0 50.0 -1.56608
3350.0 50.0 -1.70534
3450.0 50.0 -1.87972
3550.0 50.0 -2.04380
3650.0 50.0 -2.11497
3750.0 50.0 -2.04920
3850.0 50.0 -1.85315
3950.0 50.0 -1.57262
4050.0 50.0 -1.27741
4150.0 50.0 -1.04284
4250.0 50.0 -0.92790
4350.0 50.0 -0.94991
4450.0 50.0 -1.05526
4550.0 50.0 -1.08068
4650.0 50.0 -0.88153
4750.0 50.0 -0.45155
4850.0 50.0 0.12296
4950.0 50.0 0.71270
5050.0 50.0 1.18746
5150.0 50.0 1.45086
5250.0 50.0 1.46753
5350.0 50.0 1.28299
5450.0 50.0 1.02134
5550.0 50.0 0.73475
5650.0 50.0 0.46162
5750.0 50.0 0.28197
5850.0 50.0 0.26183
5950.0 50.0 0.41918
6050.0 50.0 0.71364
6150.0 50.0 1.06001
6250.0 50.0 1.36568
6350.0 50.0 1.59178
50.0 150.0 -0.78098
150.0 150.0 -0.35806
250.0 150.0 -0.04074
350.0 150.0 0.08035
450.0 150.0 -0.02638
550.0 150.0 -0.30588
650.0 150.0 -0.63521
750.0 150.0 -0.99067
850.0 150.0 -1.33884
950.0 150.0 -1.62186
1050.0 150.0 -1.79523
1150.0 150.0 -1.84904
1250.0 150.0 -1.81297
1350.0 150.0 -1.74468
1450.0 150.0 -1.70193
1550.0 150.0 -1.69832
1650.0 150.0 -1.68059
1750.0 150.0 -1.61406
1850.0 150.0 -1.50499
1950.0 150.0 -1.38059
2050.0 150.0 -1.27311
2150.0 150.0 -1.20847
2250.0 150.0 -1.19920
2350.0 150.0 -1.24201
2450.0 150.0 -1.31963
2550.0 150.0 -1.40707
2650.0 150.0 -1.48059
2750.0 150.0 -1.52875
2850.0 150.0 -1.55277
2950.0 150.0 -1.56217
3050.0 150.0 -1.57054
3150.0 150.0 -1.59161
3250.0 150.0 -1.63560
3350.0 150.0 -1.70578
3450.0 150.0 -1.79536
3550.0 150.0 -1.86498
3650.0 150.0 -1.81808
3750.0 150.0 -1.62905
3850.0 150.0 -1.34131
3950.0 150.0 -1.03155
4050.0 150.0 -0.78041
4150.0 150.0 -0.64989
4250.0 150.0 -0.66727
4350.0 150.0 -0.81561
4450.0 150.0 -1.02997
4550.0 150.0 -1.15974
4650.0 150.0 -1.05000
4750.0 150.0 -0.67684
4850.0 150.0 -0.11501
4950.0 150.0 0.50529
5050.0 150.0 1.03929
5150.0 150.0 1.36618
5250.0 150.0 1.42530
5350.0 150.0 1.24998
5450.0 150.0 0.97884
5550.0 150.0 0.66145
5650.0 150.0 0.32966
5750.0 150.0 0.07770
5850.0 150.0 -0.00681
5950.0 150.0 0.11289
6050.0 150.0 0.40623
6150.0 150.0 0.78665
6250.0 150.0 1.15076
6350.0 150.0 1.44525
50.0 250.0 -0.67909
150.0 250.0 -0.32681
250.0 250.0 -0.08693
350.0 250.0 -0.03951
450.0 250.0 -0.20721
550.0 250.0 -0.53371
650.0 250.0 -0.90896
750.0 250.0 -1.31792
850.0 250.0 -1.70895
950.0 250.0 -1.99714
1050.0 250.0 -2.11929
1150.0 250.0 -2.06447
1250.0 250.0 -1.88035
1350.0 250.0 -1.65502
1450.0 250.0 -1.47453
1550.0 250.0 -1.35654
1650.0 250.0 -1.23643
1750.0 250.0 -1.09985
1850.0 250.0 -0.97114
1950.0 250.0 -0.88211
2050.0 250.0 -0.85396
2150.0 250.0 -0.88801
2250.0 250.0 -0.96519
2350.0 250.0 -1.05427
2450.0 250.0 -1.12892
2550.0 250.0 -1.19106
2650.0 250.0 -1.25427
2750.0 250.0 -1.31512
2850.0 250.0 -1.36604
2950.0 250.0 -1.40106
3050.0 250.0 -1.41898
3150.0 250.0 -1.42418
3250.0 250.0 -1.42524
3350.0 250.0 -1.43128
3450.0 250.0 -1.44600
3550.0 250.0 -1.43409
3650.0 250.0 -1.29058
3750.0 250.0 -1.00810
3850.0 250.0 -0.66114
3950.0 250.0 -0.35028
4050.0 250.0 -0.16161
4150.0 250.0 -0.14154
4250.0 250.0 -0.28693
4350.0 250.0 -0.55056
4450.0 250.0 -0.86080
4550.0 250.0 -1.08830
4650.0 250.0 -1.08031
4750.0 250.0 -0.79968
4850.0 250.0 -0.30626
4950.0 250.0 0.27802
5050.0 250.0 0.80615
5150.0 250.0 1.14512
5250.0 250.0 1.21715
5350.0 250.0 1.04296
5450.0 250.0 0.76326
5550.0 250.0 0.41748
5650.0 250.0 0.03057
5750.0 250.0 -0.29073
5850.0 250.0 -0.43910
5950.0 250.0 -0.36012
6050.0 250.0 -0.07447
6150.0 250.0 0.33109
6250.0 250.0 0.74410
6350.0 250.0 1.09804
50.0 350.0 -0.45367
150.0 350.0 -0.16017
250.0 350.0 0.01722
350.0 350.0 0.00716
450.0 350.0 -0.20625
550.0 350.0 -0.56640
650.0 350.0 -0.97312
750.0 350.0 -1.41392
850.0 350.0 -1.82228
950.0 350.0 -2.09511
1050.0 350.0 -2.15882
1150.0 350.0 -2.00550
1250.0 350.0 -1.69908
1350.0 350.0 -1.35161
1450.0 350.0 -1.06945
1550.0 350.0 -0.87040
1650.0 350.0 -0.67881
1750.0 350.0 -0.49543
1850.0 350.0 -0.35762
1950.0 350.0 -0.29992
2050.0 350.0 -0.33473
2150.0 350.0 -0.44488
2250.0 350.0 -0.58795
2350.0 350.0 -0.71245
2450.0 350.0 -0.78583
2550.0 350.0 -0.83005
2650.0 350.0 -0.88447
2750.0 350.0 -0.95016
2850.0 350.0 -1.01338
2950.0 350.0 -1.05815
3050.0 350.0 -1.07417
3150.0 350.0 -1.06068
3250.0 350.0 -1.02626
3350.0 350.0 -0.98457
3450.0 350.0 -0.94605
3550.0 350.0 -0.87771
3650.0 350.0 -0.67240
3750.0 350.0 -0.33753
3850.0 350.0 0.03147
3950.0 350.0 0.32011
4050.0 350.0 0.44231
4150.0 350.0 0.36631
4250.0 350.0 0.11919
4350.0 350.0 -0.23020
4450.0 350.0 -0.60851
4550.0 350.0 -0.91087
4650.0 350.0 -0.99639
4750.0 350.0 -0.82067
4850.0 350.0 -0.42858
4950.0 350.0 0.07216
5050.0 350.0 0.54269
5150.0 350.0 0.84988
5250.0 350.0 0.90853
5350.0 350.0 0.72873
5450.0 350.0 0.44281
5550.0 350.0 0.07639
5650.0 350.0 -0.35100
5750.0 350.0 -0.72382
5850.0 350.0 -0.92048
5950.0 350.0 -0.87357
6050.0 350.0 -0.59626
6150.0 350.0 -0.17499
6250.0 350.0 0.27154
6350.0 350.0 0.66720
50.0 450.0 -0.14883
150.0 450.0 0.12210
250.0 450.0 0.27432
350.0 450.0 0.23988
450.0 450.0 0.00591
550.0 450.0 -0.37046
650.0 450.0 -0.79237
750.0 450.0 -1.24679
850.0 450.0 -1.65919
950.0 450.0 -1.91780
1050.0 450.0 -1.94491
1150.0 450.0 -1.73536
1250.0 450.0 -1.36239
1350.0 450.0 -0.95071
1450.0 450.0 -0.61683
1550.0 450.0 -0.37768
1650.0 450.0 -0.15132
1750.0 450.0 0.05340
1850.0 450.0 0.19249
1950.0 450.0 0.23044
2050.0 450.0 0.15985
2150.0 450.0 0.00780
2250.0 450.0 -0.17107
2350.0 450.0 -0.31492
2450.0 450.0 -0.38823
2550.0 450.0 -0.42358
2650.0 450.0 -0.47275
2750.0 450.0 -0.53834
2850.0 450.0 -0.60360
2950.0 450.0 -0.64813
3050.0 450.0 -0.65800
3150.0 450.0 -0.63076
3250.0 450.0 -0.57568
3350.0 450.0 -0.50894
3450.0 450.0 -0.44390
3550.0 450.0 -0.34880
3650.0 450.0 -0.11949
3750.0 450.0 0.22729
3850.0 450.0 0.58684
3950.0 450.0 0.84085
4050.0 450.0 0.90715
4150.0 450.0 0.76502
4250.0 450.0 0.45590
4350.0 450.0 0.05962
4450.0 450.0 -0.35274
4550.0 450.0 -0.69807
4650.0 450.0 -0.85183
4750.0 450.0 -0.76813
4850.0 450.0 -0.47993
4950.0 450.0 -0.07943
5050.0 450.0 0.30841
5150.0 450.0 0.55902
5250.0 450.0 0.58826
5350.0 450.0 0.39917
5450.0 450.0 0.11008
5550.0 450.0 -0.26632
5650.0 450.0 -0.71318
5750.0 450.0 -1.11059
5850.0 450.0 -1.33007
5950.0 450.0 -1.29795
6050.0 450.0 -1.02388
6150.0 450.0 -0.59427
6250.0 450.0 -0.13093
6350.0 450.0 0.28534
50.0 550.0 0.18292
150.0 550.0 0.47048
250.0 550.0 0.63616
350.0 550.0 0.60991
450.0 550.0 0.37827
550.0 550.0 -0.00003
650.0 550.0 -0.42506
750.0 550.0 -0.88294
850.0 550.0 -1.29779
950.0 550.0 -1.55604
1050.0 550.0 -1.57879
1150.0 550.0 -1.36096
1250.0 550.0 -0.97716
1350.0 550.0 -0.55426
1450.0 550.0 -0.21077
1550.0 550.0 0.03625
1650.0 550.0 0.26912
1750.0 550.0 0.47665
1850.0 550.0 0.61342
1950.0 550.0 0.64399
2050.0 550.0 0.56249
2150.0 550.0 0.39862
2250.0 550.0 0.20996
2350.0 550.0 0.06077
2450.0 550.0 -0.01299
2550.0 550.0 -0.04655
2650.0 550.0 -0.09407
2750.0 550.0 -0.15799
2850.0 550.0 -0.22097
2950.0 550.0 -0.26211
3050.0 550.0 -0.26728
3150.0 550.0 -0.23431
3250.0 550.0 -0.17304
3350.0 550.0 -0.10033
3450.0 550.0 -0.02986
3550.0 550.0 0.06921
3650.0 550.0 0.29517
3750.0 550.0 0.62694
3850.0 550.0 0.95927
3950.0 550.0 1.17684
4050.0 550.0 1.20320
4150.0 550.0 1.02452
4250.0 550.0 0.68833
4350.0 550.0 0.27699
4450.0 550.0 -0.14273
4550.0 550.0 -0.50407
4650.0 550.0 -0.69871
4750.0 550.0 -0.68307
4850.0 550.0 -0.48216
4950.0 550.0 -0.17455
5050.0 550.0 0.12976
5150.0 550.0 0.31857
5250.0 550.0 0.31377
5350.0 550.0 0.11477
5450.0 550.0 -0.17504
5550.0 550.0 -0.55249
5650.0 550.0 -1.00075
5750.0 550.0 -1.39911
5850.0 550.0 -1.61825
5950.0 550.0 -1.58406
6050.0 550.0 -1.30630
6150.0 550.0 -0.87206
6250.0 550.0 -0.40399
6350.0 550.0 0.01661
50.0 650.0 0.49799
150.0 650.0 0.80989
250.0 650.0 0.99847
350.0 650.0 0.99075
450.0 650.0 0.77174
550.0 650.0 0.40114
650.0 650.0 -0.01743
750.0 650.0 -0.46935
850.0 650.0 -0.88043
950.0 650.0 -1.13876
1050.0 650.0 -1.16617
1150.0 650.0 -0.95688
1250.0 650.0 -0.58352
1350.0 650.0 -0.17036
1450.0 650.0 0.16615
1550.0 650.0 0.40864
1650.0 650.0 0.63726
1750.0 650.0 0.84058
1850.0 650.0 0.97338
1950.0 650.0 1.00039
2050.0 650.0 0.91585
2150.0 650.0 0.74936
2250.0 650.0 0.55830
2350.0 650.0 0.40660
2450.0 650.0 0.33007
2550.0 650.0 0.29364
2650.0 650.0 0.24411
2750.0 650.0 0.18031
2850.0 650.0 0.12029
2950.0 650.0 0.08486
3050.0 650.0 0.08728
3150.0 650.0 0.12826
3250.0 650.0 0.19627
3350.0 650.0 0.27328
3450.0 650.0 0.34570
3550.0 650.0 0.44401
3650.0 650.0 0.65865
3750.0 650.0 0.96490
3850.0 650.0 1.25993
3950.0 650.0 1.43454
4050.0 650.0 1.41990
4150.0 650.0 1.20924
4250.0 650.0 0.85458
4350.0 650.0 0.43843
4450.0 650.0 0.02159
4550.0 650.0 -0.34460
4650.0 650.0 -0.56694
4750.0 650.0 -0.60493
4850.0 650.0 -0.47724
4950.0 650.0 -0.25037
5050.0 650.0 -0.02026
5150.0 650.0 0.11327
5250.0 650.0 0.07894
5350.0 650.0 -0.12630
5450.0 650.0 -0.41306
5550.0 650.0 -0.78587
5650.0 650.0 -1.22804
5750.0 650.0 -1.62038
5850.0 650.0 -1.83537
5950.0 650.0 -1.80014
6050.0 650.0 -1.52464
6150.0 650.0 -1.09511
6250.0 650.0 -0.63275
6350.0 650.0 -0.21771
50.0 750.0 0.70245
150.0 750.0 1.01671
250.0 750.0 1.21789
350.0 750.0 1.23477
450.0 750.0 1.05072
550.0 750.0 0.72107
650.0 750.0 0.34607
750.0 750.0 -0.05831
850.0 750.0 -0.42589
950.0 750.0 -0.65711
1050.0 750.0 -0.68255
1150.0 750.0 -0.49729
1250.0 750.0 -0.16621
1350.0 750.0 0.19991
1450.0 750.0 0.49735
1550.0 750.0 0.71086
1650.0 750.0 0.91412
1750.0 750.0 1.09906
1850.0 750.0 1.22284
1950.0 750.0 1.24964
2050.0 750.0 1.17056
2150.0 750.0 1.01041
2250.0 750.0 0.82134
2350.0 750.0 0.66335
2450.0 750.0 0.57168
2550.0 750.0 0.51621
2650.0 750.0 0.44962
2750.0 750.0 0.37583
2850.0 750.0 0.31761
2950.0 750.0 0.29766
3050.0 750.0 0.32708
3150.0 750.0 0.40071
3250.0 750.0 0.49914
3350.0 750.0 0.59758
3450.0 750.0 0.68148
3550.0 750.0 0.78398
3650.0 750.0 0.98025
3750.0 750.0 1.23938
3850.0 750.0 1.46544
3950.0 750.0 1.56328
4050.0 750.0 1.47994
4150.0 750.0 1.22204
4250.0 750.0 0.84885
4350.0 750.0 0.44125
4450.0 750.0 0.04757
4550.0 750.0 -0.30050
4650.0 750.0 -0.52230
4750.0 750.0 -0.58031
4850.0 750.0 -0.48892
4950.0 750.0 -0.30566
5050.0 750.0 -0.11538
5150.0 750.0 -0.00780
5250.0 750.0 -0.04808
5350.0 750.0 -0.24067
5450.0 750.0 -0.50682
5550.0 750.0 -0.85540
5650.0 750.0 -1.27380
5750.0 750.0 -1.65250
5850.0 750.0 -1.87235
5950.0 750.0 -1.86325
6050.0 750.0 -1.63091
6150.0 750.0 -1.25182
6250.0 750.0 -0.83619
6350.0 750.0 -0.45921
50.0 850.0 0.72603
150.0 850.0 1.00646
250.0 850.0 1.20117
350.0 850.0 1.24794
450.0 850.0 1.12870
550.0 850.0 0.88657
650.0 850.0 0.60742
750.0 850.0 0.30911
850.0 850.0 0.04086
950.0 850.0 -0.12510
1050.0 850.0 -0.13939
1150.0 850.0 -0.00014
1250.0 850.0 0.24366
1350.0 850.0 0.51006
1450.0 850.0 0.72321
1550.0 850.0 0.87330
1650.0 850.0 1.02185
1750.0 850.0 1.17011
1850.0 850.0 1.28082
1950.0 850.0 1.31616
2050.0 850.0 1.25902
2150.0 850.0 1.12200
2250.0 850.0 0.94430
2350.0 850.0 0.77645
2450.0 850.0 0.65275
2550.0 850.0 0.55541
2650.0 850.0 0.44941
2750.0 850.0 0.34830
2850.0 850.0 0.28531
2950.0 850.0 0.28840
3050.0 850.0 0.36576
3150.0 850.0 0.50120
3250.0 850.0 0.65947
3350.0 850.0 0.80161
3450.0 850.0 0.91009
3550.0 850.0 1.02443
3650.0 850.0 1.19663
3750.0 850.0 1.38719
3850.0 850.0 1.51284
3950.0 850.0 1.50159
4050.0 850.0 1.32553
4150.0 850.0 1.01108
4250.0 850.0 0.62699
4350.0 850.0 0.24975
4450.0 850.0 -0.09196
4550.0 850.0 -0.39035
4650.0 850.0 -0.57473
4750.0 850.0 -0.61068
4850.0 850.0 -0.51069
4950.0 850.0 -0.32642
5050.0 850.0 -0.13470
5150.0 850.0 -0.01708
5250.0 850.0 -0.03310
5350.0 850.0 -0.18725
5450.0 850.0 -0.40796
5550.0 850.0 -0.70272
5650.0 850.0 -1.06725
5750.0 850.0 -1.41328
5850.0 850.0 -1.64037
5950.0 850.0 -1.68506
6050.0 850.0 -1.54439
6150.0 850.0 -1.27384
6250.0 850.0 -0.95974
6350.0 850.0 -0.66604
50.0 950.0 0.55827
150.0 950.0 0.76627
250.0 950.0 0.93173
350.0 950.0 1.00873
450.0 950.0 0.97829
550.0 950.0 0.86391
650.0 950.0 0.72626
750.0 950.0 0.58508
850.0 950.0 0.46480
950.0 950.0 0.39722
1050.0 950.0 0.40182
1150.0 950.0 0.47560
1250.0 950.0 0.59263
1350.0 950.0 0.71317
1450.0 950.0 0.80246
1550.0 950.0 0.85905
1650.0 950.0 0.92786
1750.0 950.0 1.02562
1850.0 950.0 1.12373
1950.0 950.0 1.18073
2050.0 950.0 1.16591
2150.0 950.0 1.07222
2250.0 950.0 0.91832
2350.0 950.0 0.73988
2450.0 950.0 0.57010
2550.0 950.0 0.41087
2650.0 950.0 0.24441
2750.0 950.0 0.09680
2850.0 950.0 0.01669
2950.0 950.0 0.04118
3050.0 950.0 0.17620
3150.0 950.0 0.39146
3250.0 950.0 0.63011
3350.0 950.0 0.83287
3450.0 950.0 0.97691
3550.0 950.0 1.11068
3650.0 950.0 1.25939
3750.0 950.0 1.37471
3850.0 950.0 1.39001
3950.0 950.0 1.26193
4050.0 950.0 0.99213
4150.0 950.0 0.62925
4250.0 950.0 0.25114
4350.0 950.0 -0.07267
4450.0 950.0 -0.33690
4550.0 950.0 -0.55908
4650.0 950.0 -0.67769
4750.0 950.0 -0.66189
4850.0 950.0 -0.52347
4950.0 950.0 -0.30957
5050.0 950.0 -0.08983
5150.0 950.0 0.06212
5250.0 950.0 0.09276
5350.0 950.0 -0.00157
5450.0 950.0 -0.15493
5550.0 950.0 -0.36741
5650.0 950.0 -0.64489
5750.0 950.0 -0.93056
5850.0 950.0 -1.15325
5950.0 950.0 -1.26176
6050.0 950.0 -1.24290
6150.0 950.0 -1.12322
6250.0 950.0 -0.95451
6350.0 950.0 -0.78291
50.0 1050.0 0.24449
150.0 1050.0 0.35031
250.0 1050.0 0.46645
350.0 1050.0 0.56842
450.0 1050.0 0.63711
550.0 1050.0 0.67179
650.0 1050.0 0.70041
750.0 1050.0 0.74399
850.0 1050.0 0.79788
950.0 1050.0 0.84637
1050.0 1050.0 0.87375
1150.0 1050.0 0.87119
1250.0 1050.0 0.83975
1350.0 1050.0 0.78923
1450.0 1050.0 0.73313
1550.0 1050.0 0.67990
1650.0 1050.0 0.65610
1750.0 1050.0 0.69863
1850.0 1050.0 0.78951
1950.0 1050.0 0.88216
2050.0 1050.0 0.92832
2150.0 1050.0 0.89596
2250.0 1050.0 0.77792
2350.0 1050.0 0.59152
2450.0 1050.0 0.36893
2550.0 1050.0 0.13682
2650.0 1050.0 -0.10342
2750.0 1050.0 -0.31310
2850.0 1050.0 -0.42538
2950.0 1050.0 -0.39083
3050.0 1050.0 -0.20371
3150.0 1050.0 0.09176
3250.0 1050.0 0.41534
3350.0 1050.0 0.68474
3450.0 1050.0 0.86970
3550.0 1050.0 1.02819
3650.0 1050.0 1.16081
3750.0 1050.0 1.21243
3850.0 1050.0 1.13418
3950.0 1050.0 0.91097
4050.0 1050.0 0.57218
4150.0 1050.0 0.18579
4250.0 1050.0 -0.16419
4350.0 1050.0 -0.41699
4450.0 1050.0 -0.58948
4550.0 1050.0 -0.72242
4650.0 1050.0 -0.76477
4750.0 1050.0 -0.69001
4850.0 1050.0 -0.50889
4950.0 1050.0 -0.26287
5050.0 1050.0 -0.01269
5150.0 1050.0 0.17772
5250.0 1050.0 0.26216
5350.0 1050.0 0.23779
5450.0 1050.0 0.16390
5550.0 1050.0 0.05247
5650.0 1050.0 -0.11121
5750.0 1050.0 -0.30751
5850.0 1050.0 -0.50213
5950.0 1050.0 -0.66202
6050.0 1050.0 -0.76589
6150.0 1050.0 -0.80937
6250.0 1050.0 -0.80478
6350.0 1050.0 -0.77547
50.0 1150.0 -0.12745
150.0 1150.0 -0.13606
250.0 1150.0 -0.08063
350.0 1150.0 0.03725
450.0 1150.0 0.19909
550.0 1150.0 0.37943
650.0 1150.0 0.57142
750.0 1150.0 0.79643
850.0 1150.0 1.02112
950.0 1150.0 1.18316
1050.0 1150.0 1.23229
1150.0 1150.0 1.15410
1250.0 1150.0 0.97624
1350.0 1150.0 0.75730
1450.0 1150.0 0.55818
1550.0 1150.0 0.39702
1650.0 1150.0 0.28338
1750.0 1150.0 0.27613
1850.0 1150.0 0.36825
1950.0 1150.0 0.50718
2050.0 1150.0 0.62566
2150.0 1150.0 0.66503
2250.0 1150.0 0.59095
2350.0 1150.0 0.40166
2450.0 1150.0 0.12864
2550.0 1150.0 -0.17528
2650.0 1150.0 -0.49114
2750.0 1150.0 -0.77026
2850.0 1150.0 -0.92784
2950.0 1150.0 -0.90049
3050.0 1150.0 -0.67990
3150.0 1150.0 -0.32100
3250.0 1150.0 0.07531
3350.0 1150.0 0.40500
3450.0 1150.0 0.62921
3550.0 1150.0 0.81385
3650.0 1150.0 0.94211
3750.0 1150.0 0.95572
3850.0 1150.0 0.82147
3950.0 1150.0 0.54667
4050.0 1150.0 0.18102
4150.0 1150.0 -0.19522
4250.0 1150.0 -0.49656
4350.0 1150.0 -0.67137
4450.0 1150.0 -0.75301
4550.0 1150.0 -0.80061
4650.0 1150.0 -0.77661
4750.0 1150.0 -0.65957
4850.0 1150.0 -0.45747
4950.0 1150.0 -0.20283
5050.0 1150.0 0.05617
5150.0 1150.0 0.26848
5250.0 1150.0 0.39690
5350.0 1150.0 0.43877
5450.0 1150.0 0.44336
5550.0 1150.0 0.43671
5650.0 1150.0 0.39928
5750.0 1150.0 0.31390
5850.0 1150.0 0.17550
5950.0 1150.0 -0.00539
6050.0 1150.0 -0.20443
6150.0 1150.0 -0.39067
6250.0 1150.0 -0.53901
6350.0 1150.0 -0.64807
50.0 1250.0 -0.44981
150.0 1250.0 -0.56339
250.0 1250.0 -0.56758
350.0 1250.0 -0.44369
450.0 1250.0 -0.20907
550.0 1250.0 0.08975
650.0 1250.0 0.41535
750.0 1250.0 0.78834
850.0 1250.0 1.15182
950.0 1250.0 1.40534
1050.0 1250.0 1.47062
1150.0 1250.0 1.32891
1250.0 1250.0 1.02992
1350.0 1250.0 0.67232
1450.0 1250.0 0.35585
1550.0 1250.0 0.10636
1650.0 1250.0 -0.07950
1750.0 1250.0 -0.12260
1850.0 1250.0 -0.02048
1950.0 1250.0 0.16845
2050.0 1250.0 0.35948
2150.0 1250.0 0.46991
2250.0 1250.0 0.44120
2350.0 1250.0 0.25486
2450.0 1250.0 -0.05784
2550.0 1250.0 -0.42072
2650.0 1250.0 -0.80188
2750.0 1250.0 -1.14710
2850.0 1250.0 -1.35681
2950.0 1250.0 -1.35419
3050.0 1250.0 -1.12572
3150.0 1250.0 -0.73190
3250.0 1250.0 -0.28794
3350.0 1250.0 0.08536
3450.0 1250.0 0.34060
3550.0 1250.0 0.54852
3650.0 1250.0 0.68461
3750.0 1250.0 0.69163
3850.0 1250.0 0.54736
3950.0 1250.0 0.27213
4050.0 1250.0 -0.07471
4150.0 1250.0 -0.40951
4250.0 1250.0 -0.65014
4350.0 1250.0 -0.75298
4450.0 1250.0 -0.75963
4550.0 1250.0 -0.74155
4650.0 1250.0 -0.67840
4750.0 1250.0 -0.55430
4850.0 1250.0 -0.37187
4950.0 1250.0 -0.15051
5050.0 1250.0 0.07863
5150.0 1250.0 0.28092
5250.0 1250.0 0.42976
5350.0 1250.0 0.52137
5450.0 1250.0 0.59057
5550.0 1250.0 0.67607
5650.0 1250.0 0.75880
5750.0 1250.0 0.79121
5850.0 1250.0 0.73235
5950.0 1250.0 0.56885
6050.0 1250.0 0.32177
6150.0 1250.0 0.03936
6250.0 1250.0 -0.22432
6350.0 1250.0 -0.44488
50.0 1350.0 -0.62690
150.0 1350.0 -0.81658
250.0 1350.0 -0.86676
350.0 1350.0 -0.74461
450.0 1350.0 -0.46627
550.0 1350.0 -0.09232
650.0 1350.0 0.31849
750.0 1350.0 0.78525
850.0 1350.0 1.23575
950.0 1350.0 1.54530
1050.0 1350.0 1.61807
1150.0 1350.0 1.43303
1250.0 1350.0 1.05442
1350.0 1350.0 0.60682
1450.0 1350.0 0.21482
1550.0 1350.0 -0.09111
1650.0 1350.0 -0.32167
1750.0 1350.0 -0.38223
1850.0 1350.0 -0.26368
1950.0 1350.0 -0.02924
2050.0 1350.0 0.22306
2150.0 1350.0 0.39270
2250.0 1350.0 0.40347
2350.0 1350.0 0.22496
2450.0 1350.0 -0.11132
2550.0 1350.0 -0.51207
2650.0 1350.0 -0.93885
2750.0 1350.0 -1.33686
2850.0 1350.0 -1.59699
2950.0 1350.0 -1.63156
3050.0 1350.0 -1.42028
3150.0 1350.0 -1.02344
3250.0 1350.0 -0.56250
3350.0 1350.0 -0.16788
3450.0 1350.0 0.10598
3550.0 1350.0 0.33069
3650.0 1350.0 0.48360
3750.0 1350.0 0.51184
3850.0 1350.0 0.39829
3950.0 1350.0 0.16609
4050.0 1350.0 -0.12644
4150.0 1350.0 -0.40042
4250.0 1350.0 -0.58059
4350.0 1350.0 -0.62899
4450.0 1350.0 -0.58710
4550.0 1350.0 -0.53326
4650.0 1350.0 -0.46766
4750.0 1350.0 -0.38009
4850.0 1350.0 -0.26514
4950.0 1350.0 -0.12518
5050.0 1350.0 0.02960
5150.0 1350.0 0.18382
5250.0 1350.0 0.32248
5350.0 1350.0 0.43921
5450.0 1350.0 0.55016
5550.0 1350.0 0.70217
5650.0 1350.0 0.88179
5750.0 1350.0 1.02171
5850.0 1350.0 1.05370
5950.0 1350.0 0.94256
6050.0 1350.0 0.70041
6150.0 1350.0 0.38120
6250.0 1350.0 0.05555
6350.0 1350.0 -0.23419
50.0 1450.0 -0.61634
150.0 1450.0 -0.84447
250.0 1450.0 -0.92004
350.0 1450.0 -0.80348
450.0 1450.0 -0.51001
550.0 1450.0 -0.10641
650.0 1450.0 0.33839
750.0 1450.0 0.84160
850.0 1450.0 1.32445
950.0 1450.0 1.65271
1050.0 1450.0 1.72408
1150.0 1450.0 1.51733
1250.0 1450.0 1.10324
1350.0 1450.0 0.61729
1450.0 1450.0 0.19409
1550.0 1450.0 -0.13455
1650.0 1450.0 -0.38124
1750.0 1450.0 -0.44201
1850.0 1450.0 -0.30430
1950.0 1450.0 -0.03467
2050.0 1450.0 0.26089
2150.0 1450.0 0.47157
2250.0 1450.0 0.51130
2350.0 1450.0 0.34336
2450.0 1450.0 -0.00016
2550.0 1450.0 -0.41640
2650.0 1450.0 -0.86641
2750.0 1450.0 -1.29896
2850.0 1450.0 -1.60101
2950.0 1450.0 -1.67762
3050.0 1450.0 -1.50133
3150.0 1450.0 -1.12771
3250.0 1450.0 -0.67703
3350.0 1450.0 -0.28210
3450.0 1450.0 -0.00231
3550.0 1450.0 0.23141
3650.0 1450.0 0.40501
3750.0 1450.0 0.47168
3850.0 1450.0 0.41418
3950.0 1450.0 0.25025
4050.0 1450.0 0.02933
4150.0 1450.0 -0.17980
4250.0 1450.0 -0.31018
4350.0 1450.0 -0.32675
4450.0 1450.0 -0.26467
4550.0 1450.0 -0.20566
4650.0 1450.0 -0.17253
4750.0 1450.0 -0.16050
4850.0 1450.0 -0.15412
4950.0 1450.0 -0.13601
5050.0 1450.0 -0.09307
5150.0 1450.0 -0.01993
5250.0 1450.0 0.08018
5350.0 1450.0 0.19714
5450.0 1450.0 0.32543
5550.0 1450.0 0.51415
5650.0 1450.0 0.75901
5750.0 1450.0 0.98433
5850.0 1450.0 1.10521
5950.0 1450.0 1.06912
6050.0 1450.0 0.87559
6150.0 1450.0 0.57388
6250.0 1450.0 0.23867
6350.0 1450.0 -0.07612
50.0 1550.0 -0.47841
150.0 1550.0 -0.71912
250.0 1550.0 -0.80494
350.0 1550.0 -0.69447
450.0 1550.0 -0.40234
550.0 1550.0 0.00348
650.0 1550.0 0.45119
750.0 1550.0 0.95601
850.0 1550.0 1.43795
950.0 1550.0 1.76213
1050.0 1550.0 1.82652
1150.0 1550.0 1.61100
1250.0 1550.0 1.18806
1350.0 1550.0 0.69499
1450.0 1550.0 0.26744
1550.0 1550.0 -0.06345
1650.0 1550.0 -0.30920
1750.0 1550.0 -0.36056
1850.0 1550.0 -0.20362
1950.0 1550.0 0.09284
2050.0 1550.0 0.41838
2150.0 1550.0 0.65687
2250.0 1550.0 0.71751
2350.0 1550.0 0.56083
2450.0 1550.0 0.21964
2550.0 1550.0 -0.19851
2650.0 1550.0 -0.65756
2750.0 1550.0 -1.11183
2850.0 1550.0 -1.44775
2950.0 1550.0 -1.56572
3050.0 1550.0 -1.43153
3150.0 1550.0 -1.09383
3250.0 1550.0 -0.66770
3350.0 1550.0 -0.28420
3450.0 1550.0 -0.00606
3550.0 1550.0 0.23150
3650.0 1550.0 0.42573
3750.0 1550.0 0.53632
3850.0 1550.0 0.54299
3950.0 1550.0 0.45425
4050.0 1550.0 0.30723
4150.0 1550.0 0.15876
4250.0 1550.0 0.06750
4350.0 1550.0 0.06735
4450.0 1550.0 0.13226
4550.0 1550.0 0.17830
4650.0 1550.0 0.15944
4750.0 1550.0 0.07533
4850.0 1550.0 -0.04763
4950.0 1550.0 -0.17139
5050.0 1550.0 -0.25884
5150.0 1550.0 -0.28363
5250.0 1550.0 -0.23751
5350.0 1550.0 -0.13492
5450.0 1550.0 -0.00419
5550.0 1550.0 0.20203
5650.0 1550.0 0.48997
5750.0 1550.0 0.78254
5850.0 1550.0 0.98524
5950.0 1550.0 1.03192
6050.0 1550.0 0.90831
6150.0 1550.0 0.65343
6250.0 1550.0 0.33880
6350.0 1550.0 0.02542
50.0 1650.0 -0.30178
150.0 1650.0 -0.53093
250.0 1650.0 -0.61133
350.0 1650.0 -0.50211
450.0 1650.0 -0.21658
550.0 1650.0 0.17983
650.0 1650.0 0.61621
750.0 1650.0 1.10262
850.0 1650.0 1.55816
950.0 1650.0 1.85161
1050.0 1650.0 1.88623
1150.0 1650.0 1.64677
1250.0 1650.0 1.20866
1350.0 1650.0 0.70955
1450.0 1650.0 0.28298
1550.0 1650.0 -0.04374
1650.0 1650.0 -0.28195
1750.0 1650.0 -0.31735
1850.0 1650.0 -0.13552
1950.0 1650.0 0.19173
2050.0 1650.0 0.54914
2150.0 1650.0 0.81558
2250.0 1650.0 0.89640
2350.0 1650.0 0.75052
2450.0 1650.0 0.41223
2550.0 1650.0 -0.00626
2650.0 1650.0 -0.46834
2750.0 1650.0 -0.93147
2850.0 1650.0 -1.28357
2950.0 1650.0 -1.42444
3050.0 1650.0 -1.31730
3150.0 1650.0 -1.00693
3250.0 1650.0 -0.60431
3350.0 1650.0 -0.23771
3450.0 1650.0 0.02958
3550.0 1650.0 0.26152
3650.0 1650.0 0.46917
3750.0 1650.0 0.61943
3850.0 1650.0 0.68853
3950.0 1650.0 0.67441
4050.0 1650.0 0.60035
4150.0 1650.0 0.50970
4250.0 1650.0 0.45189
4350.0 1650.0 0.45962
4450.0 1650.0 0.51720
4550.0 1650.0 0.54247
4650.0 1650.0 0.47099
4750.0 1650.0 0.29898
4850.0 1650.0 0.06253
4950.0 1650.0 -0.18316
5050.0 1650.0 -0.38160
5150.0 1650.0 -0.49014
5250.0 1650.0 -0.49209
5350.0 1650.0 -0.40610
5450.0 1650.0 -0.27908
5550.0 1650.0 -0.06747
5650.0 1650.0 0.24317
5750.0 1650.0 0.57767
5850.0 1650.0 0.83757
5950.0 1650.0 0.94841
6050.0 1650.0 0.88540
6150.0 1650.0 0.67781
6250.0 1650.0 0.39171
6350.0 1650.0 0.09145
50.0 1750.0 -0.06991
150.0 1750.0 -0.23718
250.0 1750.0 -0.28129
350.0 1750.0 -0.16578
450.0 1750.0 0.10006
550.0 1750.0 0.46169
650.0 1750.0 0.85628
750.0 1750.0 1.28155
850.0 1750.0 1.65619
950.0 1750.0 1.86152
1050.0 1750.0 1.81682
1150.0 1750.0 1.51960
1250.0 1750.0 1.05105
1350.0 1750.0 0.54643
1450.0 1750.0 0.13055
1550.0 1750.0 -0.17971
1650.0 1750.0 -0.39734
1750.0 1750.0 -0.40308
1850.0 1750.0 -0.18389
1950.0 1750.0 0.18308
2050.0 1750.0 0.57643
2150.0 1750.0 0.87028
2250.0 1750.0 0.96790
2350.0 1750.0 0.82917
2450.0 1750.0 0.49183
2550.0 1750.0 0.07324
2650.0 1750.0 -0.37971
2750.0 1750.0 -0.82071
2850.0 1750.0 -1.14384
2950.0 1750.0 -1.25864
3050.0 1750.0 -1.13711
3150.0 1750.0 -0.82882
3250.0 1750.0 -0.44449
3350.0 1750.0 -0.10778
3450.0 1750.0 0.12459
3550.0 1750.0 0.32556
3650.0 1750.0 0.52567
3750.0 1750.0 0.70098
3850.0 1750.0 0.82375
3950.0 1750.0 0.87910
4050.0 1750.0 0.87314
4150.0 1750.0 0.83236
4250.0 1750.0 0.79439
4350.0 1750.0 0.79008
4450.0 1750.0 0.81672
4550.0 1750.0 0.80501
4650.0 1750.0 0.68676
4750.0 1750.0 0.45957
4850.0 1750.0 0.16497
4950.0 1750.0 -0.13542
5050.0 1750.0 -0.38004
5150.0 1750.0 -0.52375
5250.0 1750.0 -0.55057
5350.0 1750.0 -0.48259
5450.0 1750.0 -0.37219
5550.0 1750.0 -0.18317
5650.0 1750.0 0.10052
5750.0 1750.0 0.41297
5850.0 1750.0 0.66533
5950.0 1750.0 0.78826
6050.0 1750.0 0.75562
6150.0 1750.0 0.58949
6250.0 1750.0 0.34633
6350.0 1750.0 0.08450
50.0 1850.0 0.20098
150.0 1850.0 0.13565
250.0 1850.0 0.14775
350.0 1850.0 0.26721
450.0 1850.0 0.49288
550.0 1850.0 0.78949
650.0 1850.0 1.10827
750.0 1850.0 1.42965
850.0 1850.0 1.67480
950.0 1850.0 1.74682
1050.0 1850.0 1.59020
1150.0 1850.0 1.22035
1250.0 1850.0 0.72343
1350.0 1850.0 0.22645
1450.0 1850.0 -0.16249
1550.0 1850.0 -0.44169
1650.0 1850.0 -0.62477
1750.0 1850.0 -0.58887
1850.0 1850.0 -0.32503
1950.0 1850.0 0.08241
2050.0 1850.0 0.50589
2150.0 1850.0 0.81683
2250.0 1850.0 0.92001
2350.0 1850.0 0.78006
2450.0 1850.0 0.44019
2550.0 1850.0 0.02167
2650.0 1850.0 -0.40908
2750.0 1850.0 -0.79481
2850.0 1850.0 -1.04104
2950.0 1850.0 -1.07853
3050.0 1850.0 -0.90017
3150.0 1850.0 -0.56945
3250.0 1850.0 -0.20061
3350.0 1850.0 0.08973
3450.0 1850.0 0.25923
3550.0 1850.0 0.39981
3650.0 1850.0 0.56682
3750.0 1850.0 0.74728
3850.0 1850.0 0.90910
3950.0 1850.0 1.02266
4050.0 1850.0 1.07404
4150.0 1850.0 1.06978
4250.0 1850.0 1.03333
4350.0 1850.0 0.99305
4450.0 1850.0 0.96151
4550.0 1850.0 0.89512
4650.0 1850.0 0.74024
4750.0 1850.0 0.50175
4850.0 1850.0 0.22106
4950.0 1850.0 -0.04759
5050.0 1850.0 -0.25541
5150.0 1850.0 -0.37210
5250.0 1850.0 -0.39355
5350.0 1850.0 -0.34418
5450.0 1850.0 -0.26519
5550.0 1850.0 -0.13021
5650.0 1850.0 0.07136
5750.0 1850.0 0.29131
5850.0 1850.0 0.46552
5950.0 1850.0 0.54462
6050.0 1850.0 0.51100
6150.0 1850.0 0.38202
6250.0 1850.0 0.19948
6350.0 1850.0 0.00540
50.0 1950.0 0.47082
150.0 1950.0 0.51556
250.0 1950.0 0.57945
350.0 1950.0 0.68729
450.0 1950.0 0.85038
550.0 1950.0 1.05757
650.0 1950.0 1.27582
750.0 1950.0 1.46883
850.0 1950.0 1.56516
950.0 1950.0 1.49556
1050.0 1950.0 1.23290
1150.0 1950.0 0.80923
1250.0 1950.0 0.31022
1350.0 1950.0 -0.15333
1450.0 1950.0 -0.49667
1550.0 1950.0 -0.73306
1650.0 1950.0 -0.87220
1750.0 1950.0 -0.79032
1850.0 1950.0 -0.48513
1950.0 1950.0 -0.04858
2050.0 1950.0 0.38744
2150.0 1950.0 0.69543
2250.0 1950.0 0.78631
2350.0 1950.0 0.63354
2450.0 1950.0 0.28693
2550.0 1950.0 -0.13149
2650.0 1950.0 -0.53125
2750.0 1950.0 -0.83957
2850.0 1950.0 -0.97749
2950.0 1950.0 -0.90495
3050.0 1950.0 -0.64399
3150.0 1950.0 -0.27788
3250.0 1950.0 0.07363
3350.0 1950.0 0.30310
3450.0 1950.0 0.38807
3550.0 1950.0 0.44555
3650.0 1950.0 0.55817
3750.0 1950.0 0.72468
3850.0 1950.0 0.90870
3950.0 1950.0 1.06525
4050.0 1950.0 1.15925
4150.0 1950.0 1.17605
4250.0 1950.0 1.12382
4350.0 1950.0 1.02804
4450.0 1950.0 0.91746
4550.0 1950.0 0.78408
4650.0 1950.0 0.60460
4750.0 1950.0 0.39610
4850.0 1950.0 0.19471
4950.0 1950.0 0.03519
5050.0 1950.0 -0.06203
5150.0 1950.0 -0.09635
5250.0 1950.0 -0.08494
5350.0 1950.0 -0.05339
5450.0 1950.0 -0.01696
5550.0 1950.0 0.04095
5650.0 1950.0 0.12080
5750.0 1950.0 0.19847
5850.0 1950.0 0.24555
5950.0 1950.0 0.24322
6050.0 1950.0 0.18906
6150.0 1950.0 0.09693
6250.0 1950.0 -0.01011
6350.0 1950.0 -0.11385
50.0 2050.0 0.69886
150.0 2050.0 0.82676
250.0 2050.0 0.91436
350.0 2050.0 0.98588
450.0 2050.0 1.06844
550.0 2050.0 1.17480
650.0 2050.0 1.28445
750.0 2050.0 1.35030
850.0 2050.0 1.31403
950.0 2050.0 1.13466
1050.0 2050.0 0.80952
1150.0 2050.0 0.38001
1250.0 2050.0 -0.07758
1350.0 2050.0 -0.47637
1450.0 2050.0 -0.75825
1550.0 2050.0 -0.94642
1650.0 2050.0 -1.03961
1750.0 2050.0 -0.91650
1850.0 2050.0 -0.58314
1950.0 2050.0 -0.13802
2050.0 2050.0 0.28593
2150.0 2050.0 0.56669
2250.0 2050.0 0.62584
2350.0 2050.0 0.44864
2450.0 2050.0 0.09153
2550.0 2050.0 -0.32695
2650.0 2050.0 -0.69381
2750.0 2050.0 -0.92023
2850.0 2050.0 -0.94427
2950.0 2050.0 -0.75736
3050.0 2050.0 -0.41251
3150.0 2050.0 -0.01360
3250.0 2050.0 0.31449
3350.0 2050.0 0.47480
3450.0 2050.0 0.46622
3550.0 2050.0 0.43127
3650.0 2050.0 0.47868
3750.0 2050.0 0.61848
3850.0 2050.0 0.81039
3950.0 2050.0 0.99497
4050.0 2050.0 1.11706
4150.0 2050.0 1.14173
4250.0 2050.0 1.06243
4350.0 2050.0 0.90170
4450.0 2050.0 0.70375
4550.0 2050.0 0.50013
4650.0 2050.0 0.30659
4750.0 2050.0 0.15486
4850.0 2050.0 0.07262
4950.0 2050.0 0.06812
5050.0 2050.0 0.12473
5150.0 2050.0 0.20529
5250.0 2050.0 0.26631
5350.0 2050.0 0.28208
5450.0 2050.0 0.27170
5550.0 2050.0 0.24471
5650.0 2050.0 0.19055
5750.0 2050.0 0.11159
5850.0 2050.0 0.01882
5950.0 2050.0 -0.07302
6050.0 2050.0 -0.14963
6150.0 2050.0 -0.20102
6250.0 2050.0 -0.22478
6350.0 2050.0 -0.22897
50.0 2150.0 0.85883
150.0 2150.0 1.01755
250.0 2150.0 1.08673
350.0 2150.0 1.09621
450.0 2150.0 1.09024
550.0 2150.0 1.10054
650.0 2150.0 1.11219
750.0 2150.0 1.07662
850.0 2150.0 0.95323
950.0 2150.0 0.72479
1050.0 2150.0 0.40350
1150.0 2150.0 0.02918
1250.0 2150.0 -0.34051
1350.0 2150.0 -0.64772
1450.0 2150.0 -0.86004
1550.0 2150.0 -1.00238
1650.0 2150.0 -1.05542
1750.0 2150.0 -0.90308
1850.0 2150.0 -0.56018
1950.0 2150.0 -0.12942
2050.0 2150.0 0.25881
2150.0 2150.0 0.49167
2250.0 2150.0 0.50418
2350.0 2150.0 0.29461
2450.0 2150.0 -0.07511
2550.0 2150.0 -0.49392
2650.0 2150.0 -0.83325
2750.0 2150.0 -0.99175
2850.0 2150.0 -0.92321
2950.0 2150.0 -0.64642
3050.0 2150.0 -0.24049
3150.0 2150.0 0.17440
3250.0 2150.0 0.47080
3350.0 2150.0 0.56226
3450.0 2150.0 0.46624
3550.0 2150.0 0.34541
3650.0 2150.0 0.33034
3750.0 2150.0 0.44081
3850.0 2150.0 0.63329
3950.0 2150.0 0.83593
4050.0 2150.0 0.97634
4150.0 2150.0 1.00204
4250.0 2150.0 0.89376
4350.0 2150.0 0.67140
4450.0 2150.0 0.39251
4550.0 2150.0 0.12518
4650.0 2150.0 -0.07668
4750.0 2150.0 -0.16733
4850.0 2150.0 -0.12790
4950.0 2150.0 0.02355
5050.0 2150.0 0.23400
5150.0 2150.0 0.42951
5250.0 2150.0 0.54129
5350.0 2150.0 0.54383
5450.0 2150.0 0.49040
5550.0 2150.0 0.38791
5650.0 2150.0 0.21775
5750.0 2150.0 0.00670
5850.0 2150.0 -0.19959
5950.0 2150.0 -0.35786
6050.0 2150.0 -0.44111
6150.0 2150.0 -0.44503
6250.0 2150.0 -0.38712
6350.0 2150.0 -0.29838
50.0 2250.0 0.94610
150.0 2250.0 1.07433
250.0 2250.0 1.08237
350.0 2250.0 1.01148
450.0 2250.0 0.92186
550.0 2250.0 0.85595
650.0 2250.0 0.79590
750.0 2250.0 0.70137
850.0 2250.0 0.55152
950.0 2250.0 0.34441
1050.0 2250.0 0.09491
1150.0 2250.0 -0.16980
1250.0 2250.0 -0.41733
1350.0 2250.0 -0.61960
1450.0 2250.0 -0.76487
1550.0 2250.0 -0.87106
1650.0 2250.0 -0.89582
1750.0 2250.0 -0.72982
1850.0 2250.0 -0.39545
1950.0 2250.0 0.00311
2050.0 2250.0 0.34072
2150.0 2250.0 0.51545
2250.0 2250.0 0.47603
2350.0 2250.0 0.23254
2450.0 2250.0 -0.14954
2550.0 2250.0 -0.56900
2650.0 2250.0 -0.89189
2750.0 2250.0 -1.01088
2850.0 2250.0 -0.89160
2950.0 2250.0 -0.57104
3050.0 2250.0 -0.14412
3150.0 2250.0 0.26083
3250.0 2250.0 0.51772
3350.0 2250.0 0.54942
3450.0 2250.0 0.38556
3550.0 2250.0 0.19961
3650.0 2250.0 0.13782
3750.0 2250.0 0.22764
3850.0 2250.0 0.42293
3950.0 2250.0 0.64209
4050.0 2250.0 0.79913
4150.0 2250.0 0.82784
4250.0 2250.0 0.69893
4350.0 2250.0 0.43029
4450.0 2250.0 0.08993
4550.0 2250.0 -0.22664
4650.0 2250.0 -0.43788
4750.0 2250.0 -0.48769
4850.0 2250.0 -0.36326
4950.0 2250.0 -0.10148
5050.0 2250.0 0.21836
5150.0 2250.0 0.49556
5250.0 2250.0 0.64275
5350.0 2250.0 0.63435
5450.0 2250.0 0.54865
5550.0 2250.0 0.39466
5650.0 2250.0 0.15176
5750.0 2250.0 -0.13496
5850.0 2250.0 -0.39687
5950.0 2250.0 -0.57407
6050.0 2250.0 -0.63513
6150.0 2250.0 -0.58416
6250.0 2250.0 -0.45526
6350.0 2250.0 -0.29435
50.0 2350.0 0.97677
150.0 2350.0 1.02177
250.0 2350.0 0.93752
350.0 2350.0 0.78049
450.0 2350.0 0.62350
550.0 2350.0 0.51051
650.0 2350.0 0.41318
750.0 2350.0 0.30669
850.0 2350.0 0.18881
950.0 2350.0 0.06302
1050.0 2350.0 -0.06450
1150.0 2350.0 -0.18725
1250.0 2350.0 -0.30025
1350.0 2350.0 -0.40137
1450.0 2350.0 -0.49197
1550.0 2350.0 -0.57610
1650.0 2350.0 -0.58715
1750.0 2350.0 -0.42213
1850.0 2350.0 -0.10868
1950.0 2350.0 0.24993
2050.0 2350.0 0.53497
2150.0 2350.0 0.65468
2250.0 2350.0 0.56905
2350.0 2350.0 0.29685
2450.0 2350.0 -0.09506
2550.0 2350.0 -0.51540
2650.0 2350.0 -0.83545
2750.0 2350.0 -0.94957
2850.0 2350.0 -0.82992
2950.0 2350.0 -0.52001
3050.0 2350.0 -0.11794
3150.0 2350.0 0.24948
3250.0 2350.0 0.46175
3350.0 2350.0 0.44886
3450.0 2350.0 0.24463
3550.0 2350.0 0.02248
3650.0 2350.0 -0.06180
3750.0 2350.0 0.02479
3850.0 2350.0 0.23402
3950.0 2350.0 0.47693
4050.0 2350.0 0.65745
4150.0 2350.0 0.69928
4250.0 2350.0 0.56592
4350.0 2350.0 0.27391
4450.0 2350.0 -0.10102
4550.0 2350.0 -0.44863
4650.0 2350.0 -0.67676
4750.0 2350.0 -0.72456
4850.0 2350.0 -0.58028
4950.0 2350.0 -0.28699
5050.0 2350.0 0.06632
5150.0 2350.0 0.36832
5250.0 2350.0 0.52360
5350.0 2350.0 0.50559
5450.0 2350.0 0.40231
5550.0 2350.0 0.22847
5650.0 2350.0 -0.03115
5750.0 2350.0 -0.32155
5850.0 2350.0 -0.56637
5950.0 2350.0 -0.70425
6050.0 2350.0 -0.70959
6150.0 2350.0 -0.59772
6250.0 2350.0 -0.41449
6350.0 2350.0 -0.21027
50.0 2450.0 0.97877
150.0 2450.0 0.90913
250.0 2450.0 0.71879
350.0 2450.0 0.48073
450.0 2450.0 0.27640
550.0 2450.0 0.14402
650.0 2450.0 0.03996
750.0 2450.0 -0.04153
850.0 2450.0 -0.08726
950.0 2450.0 -0.09648
1050.0 2450.0 -0.07917
1150.0 2450.0 -0.05302
1250.0 2450.0 -0.03874
1350.0 2450.0 -0.05404
1450.0 2450.0 -0.10603
1550.0 2450.0 -0.18147
1650.0 2450.0 -0.19120
1750.0 2450.0 -0.03696
1850.0 2450.0 0.25089
1950.0 2450.0 0.57146
2050.0 2450.0 0.81204
2150.0 2450.0 0.88872
2250.0 2450.0 0.76909
2350.0 2450.0 0.47688
2450.0 2450.0 0.07865
2550.0 2450.0 -0.34273
2650.0 2450.0 -0.67151
2750.0 2450.0 -0.81010
2850.0 2450.0 -0.73238
2950.0 2450.0 -0.47817
3050.0 2450.0 -0.13795
3150.0 2450.0 0.17098
3250.0 2450.0 0.33695
3350.0 2450.0 0.29482
3450.0 2450.0 0.07561
3550.0 2450.0 -0.15603
3650.0 2450.0 -0.23927
3750.0 2450.0 -0.13702
3850.0 2450.0 0.10064
3950.0 2450.0 0.37893
4050.0 2450.0 0.59409
4150.0 2450.0 0.66229
4250.0 2450.0 0.54179
4350.0 2450.0 0.24838
4450.0 2450.0 -0.13644
4550.0 2450.0 -0.49930
4650.0 2450.0 -0.75445
4750.0 2450.0 -0.84170
4850.0 2450.0 -0.74509
4950.0 2450.0 -0.50109
5050.0 2450.0 -0.19176
5150.0 2450.0 0.07698
5250.0 2450.0 0.21201
5350.0 2450.0 0.18467
5450.0 2450.0 0.07716
5550.0 2450.0 -0.08825
5650.0 2450.0 -0.31515
5750.0 2450.0 -0.54625
5850.0 2450.0 -0.71107
5950.0 2450.0 -0.76008
6050.0 2450.0 -0.68224
6150.0 2450.0 -0.50621
6250.0 2450.0 -0.28497
6350.0 2450.0 -0.06407
50.0 2550.0 0.96805
150.0 2550.0 0.77631
250.0 2550.0 0.47938
350.0 2550.0 0.16638
450.0 2550.0 -0.07470
550.0 2550.0 -0.21412
650.0 2550.0 -0.31198
750.0 2550.0 -0.35436
850.0 2550.0 -0.31457
950.0 2550.0 -0.19767
1050.0 2550.0 -0.03217
1150.0 2550.0 0.13972
1250.0 2550.0 0.27338
1350.0 2550.0 0.33454
1450.0 2550.0 0.31353
1550.0 2550.0 0.24151
1650.0 2550.0 0.22834
1750.0 2550.0 0.36810
1850.0 2550.0 0.62881
1950.0 2550.0 0.91265
2050.0 2550.0 1.11280
2150.0 2550.0 1.15222
2250.0 2550.0 1.00453
2350.0 2550.0 0.69681
2450.0 2550.0 0.29453
2550.0 2550.0 -0.12713
2650.0 2550.0 -0.46856
2750.0 2550.0 -0.64272
2850.0 2550.0 -0.62330
2950.0 2550.0 -0.44230
3050.0 2550.0 -0.17819
3150.0 2550.0 0.06452
3250.0 2550.0 0.18425
3350.0 2550.0 0.11988
3450.0 2550.0 -0.10324
3550.0 2550.0 -0.33269
3650.0 2550.0 -0.40406
3750.0 2550.0 -0.27671
3850.0 2550.0 -0.00264
3950.0 2550.0 0.31794
4050.0 2550.0 0.57424
4150.0 2550.0 0.67572
4250.0 2550.0 0.57612
4350.0 2550.0 0.29076
4450.0 2550.0 -0.09362
4550.0 2550.0 -0.46546
4650.0 2550.0 -0.75291
4750.0 2550.0 -0.89862
4850.0 2550.0 -0.87992
4950.0 2550.0 -0.72084
5050.0 2550.0 -0.48917
5150.0 2550.0 -0.27850
5250.0 2550.0 -0.17534
5350.0 2550.0 -0.21111
5450.0 2550.0 -0.31631
5550.0 2550.0 -0.46076
5650.0 2550.0 -0.63418
5750.0 2550.0 -0.78042
5850.0 2550.0 -0.84063
5950.0 2550.0 -0.78238
6050.0 2550.0 -0.61244
6150.0 2550.0 -0.37312
6250.0 2550.0 -0.12220
6350.0 2550.0 0.10347
50.0 2650.0 0.87198
150.0 2650.0 0.57409
250.0 2650.0 0.18937
350.0 2650.0 -0.18058
450.0 2650.0 -0.44446
550.0 2650.0 -0.58164
650.0 2650.0 -0.66577
750.0 2650.0 -0.66372
850.0 2650.0 -0.53670
950.0 2650.0 -0.29571
1050.0 2650.0 0.01317
1150.0 2650.0 0.32497
1250.0 2650.0 0.57328
1350.0 2650.0 0.70910
1450.0 2650.0 0.72097
1550.0 2650.0 0.65671
1650.0 2650.0 0.64161
1750.0 2650.0 0.76003
1850.0 2650.0 0.97803
1950.0 2650.0 1.20406
2050.0 2650.0 1.34205
2150.0 2650.0 1.32676
2250.0 2650.0 1.14147
2350.0 2650.0 0.81800
2450.0 2650.0 0.41907
2550.0 2650.0 0.00732
2650.0 2650.0 -0.33804
2750.0 2650.0 -0.54228
2850.0 2650.0 -0.57917
2950.0 2650.0 -0.47221
3050.0 2650.0 -0.28631
3150.0 2650.0 -0.11127
3250.0 2650.0 -0.03677
3350.0 2650.0 -0.11893
3450.0 2650.0 -0.33860
3550.0 2650.0 -0.55756
3650.0 2650.0 -0.60784
3750.0 2650.0 -0.44577
3850.0 2650.0 -0.12644
3950.0 2650.0 0.24343
4050.0 2650.0 0.54556
4150.0 2650.0 0.68298
4250.0 2650.0 0.60583
4350.0 2650.0 0.33004
4450.0 2650.0 -0.05202
4550.0 2650.0 -0.43236
4650.0 2650.0 -0.75440
4750.0 2650.0 -0.96220
4850.0 2650.0 -1.02367
4950.0 2650.0 -0.94806
5050.0 2650.0 -0.78781
5150.0 2650.0 -0.62466
5250.0 2650.0 -0.54014
5350.0 2650.0 -0.57043
5450.0 2650.0 -0.65949
5550.0 2650.0 -0.76927
5650.0 2650.0 -0.87861
5750.0 2650.0 -0.93666
5850.0 2650.0 -0.89883
5950.0 2650.0 -0.74950
6050.0 2650.0 -0.50979
6150.0 2650.0 -0.23012
6250.0 2650.0 0.03216
6350.0 2650.0 0.25034
50.0 2750.0 0.64560
150.0 2750.0 0.28118
250.0 2750.0 -0.14805
350.0 2750.0 -0.53605
450.0 2750.0 -0.79457
550.0 2750.0 -0.91246
650.0 2750.0 -0.97047
750.0 2750.0 -0.92042
850.0 2750.0 -0.71567
950.0 2750.0 -0.37249
1050.0 2750.0 0.04997
1150.0 2750.0 0.47066
1250.0 2750.0 0.80856
1350.0 2750.0 1.00547
1450.0 2750.0 1.04978
1550.0 2750.0 1.00112
1650.0 2750.0 0.98828
1750.0 2750.0 1.07750
1850.0 2750.0 1.23266
1950.0 2750.0 1.37344
2050.0 2750.0 1.42167
2150.0 2750.0 1.33090
2250.0 2750.0 1.09900
2350.0 2750.0 0.76408
2450.0 2750.0 0.38346
2550.0 2750.0 0.00050
2650.0 2750.0 -0.33126
2750.0 2750.0 -0.55115
2850.0 2750.0 -0.63389
2950.0 2750.0 -0.59409
3050.0 2750.0 -0.48174
3150.0 2750.0 -0.36984
3250.0 2750.0 -0.33396
3350.0 2750.0 -0.42375
3450.0 2750.0 -0.62657
3550.0 2750.0 -0.82080
3650.0 2750.0 -0.83647
3750.0 2750.0 -0.62868
3850.0 2750.0 -0.25733
3950.0 2750.0 0.16374
4050.0 2750.0 0.50962
4150.0 2750.0 0.67911
4250.0 2750.0 0.62155
4350.0 2750.0 0.35554
4450.0 2750.0 -0.02141
4550.0 2750.0 -0.40879
4650.0 2750.0 -0.76645
4750.0 2750.0 -1.03662
4850.0 2750.0 -1.17364
4950.0 2750.0 -1.16915
5050.0 2750.0 -1.05993
5150.0 2750.0 -0.91815
5250.0 2750.0 -0.82432
5350.0 2750.0 -0.82269
5450.0 2750.0 -0.87064
5550.0 2750.0 -0.92294
5650.0 2750.0 -0.95443
5750.0 2750.0 -0.92695
5850.0 2750.0 -0.81369
5950.0 2750.0 -0.61353
6050.0 2750.0 -0.35381
6150.0 2750.0 -0.08170
6250.0 2750.0 0.15595
6350.0 2750.0 0.34419
50.0 2850.0 0.32954
150.0 2850.0 -0.04738
250.0 2850.0 -0.46532
350.0 2850.0 -0.82377
450.0 2850.0 -1.04462
550.0 2850.0 -1.12547
650.0 2850.0 -1.14640
750.0 2850.0 -1.05301
850.0 2850.0 -0.79793
950.0 2850.0 -0.40075
1050.0 2850.0 0.07464
1150.0 2850.0 0.54294
1250.0 2850.0 0.92059
1350.0 2850.0 1.14918
1450.0 2850.0 1.21909
1550.0 2850.0 1.19315
1650.0 2850.0 1.18850
1750.0 2850.0 1.24758
1850.0 2850.0 1.33265
1950.0 2850.0 1.37810
2050.0 2850.0 1.32810
2150.0 2850.0 1.15868
2250.0 2850.0 0.88446
2350.0 2850.0 0.54979
2450.0 2850.0 0.20447
2550.0 2850.0 -0.13090
2650.0 2850.0 -0.42967
2750.0 2850.0 -0.64543
2850.0 2850.0 -0.75465
2950.0 2850.0 -0.76392
3050.0 2850.0 -0.70880
3150.0 2850.0 -0.64540
3250.0 2850.0 -0.63451
3350.0 2850.0 -0.71847
3450.0 2850.0 -0.89055
3550.0 2850.0 -1.04673
3650.0 2850.0 -1.01876
3750.0 2850.0 -0.76364
3850.0 2850.0 -0.34711
3950.0 2850.0 0.11128
4050.0 2850.0 0.48345
4150.0 2850.0 0.66871
4250.0 2850.0 0.62003
4350.0 2850.0 0.36095
4450.0 2850.0 -0.00840
4550.0 2850.0 -0.40019
4650.0 2850.0 -0.79004
4750.0 2850.0 -1.11483
4850.0 2850.0 -1.31210
4950.0 2850.0 -1.35478
5050.0 2850.0 -1.26562
5150.0 2850.0 -1.11127
5250.0 2850.0 -0.97601
5350.0 2850.0 -0.91510
5450.0 2850.0 -0.89746
5550.0 2850.0 -0.87248
5650.0 2850.0 -0.81954
5750.0 2850.0 -0.72036
5850.0 2850.0 -0.56795
5950.0 2850.0 -0.37103
6050.0 2850.0 -0.15280
6150.0 2850.0 0.05594
6250.0 2850.0 0.22938
6350.0 2850.0 0.36482
50.0 2950.0 0.00322
150.0 2950.0 -0.33243
250.0 2950.0 -0.68651
350.0 2950.0 -0.97295
450.0 2950.0 -1.12942
550.0 2950.0 -1.16058
650.0 2950.0 -1.13882
750.0 2950.0 -1.01532
850.0 2950.0 -0.75011
950.0 2950.0 -0.36326
1050.0 2950.0 0.08685
1150.0 2950.0 0.52479
1250.0 2950.0 0.87860
1350.0 2950.0 1.09983
1450.0 2950.0 1.18288
1550.0 2950.0 1.18356
1650.0 2950.0 1.19319
1750.0 2950.0 1.22996
1850.0 2950.0 1.25583
1950.0 2950.0 1.22049
2050.0 2950.0 1.08994
2150.0 2950.0 0.86132
2250.0 2950.0 0.56390
2350.0 2950.0 0.24634
2450.0 2950.0 -0.04986
2550.0 2950.0 -0.32513
2650.0 2950.0 -0.57573
2750.0 2950.0 -0.76755
2850.0 2950.0 -0.87942
2950.0 2950.0 -0.91197
3050.0 2950.0 -0.88893
3150.0 2950.0 -0.85184
3250.0 2950.0 -0.84827
3350.0 2950.0 -0.91334
3450.0 2950.0 -1.04486
3550.0 2950.0 -1.15519
3650.0 2950.0 -1.08300
3750.0 2950.0 -0.79098
3850.0 2950.0 -0.35045
3950.0 2950.0 0.11667
4050.0 2950.0 0.48470
4150.0 2950.0 0.65958
4250.0 2950.0 0.60302
4350.0 2950.0 0.34519
4450.0 2950.0 -0.01524
4550.0 2950.0 -0.40823
4650.0 2950.0 -0.82256
4750.0 2950.0 -1.18696
4850.0 2950.0 -1.42119
4950.0 2950.0 -1.48082
5050.0 2950.0 -1.37814
5150.0 2950.0 -1.17900
5250.0 2950.0 -0.97572
5350.0 2950.0 -0.83609
5450.0 2950.0 -0.73715
5550.0 2950.0 -0.62527
5650.0 2950.0 -0.49232
5750.0 2950.0 -0.34440
5850.0 2950.0 -0.19375
5950.0 2950.0 -0.05312
6050.0 2950.0 0.06817
6150.0 2950.0 0.16654
6250.0 2950.0 0.24493
6350.0 2950.0 0.31179
50.0 3050.0 -0.25246
150.0 3050.0 -0.50900
250.0 3050.0 -0.76510
350.0 3050.0 -0.95449
450.0 3050.0 -1.03319
550.0 3050.0 -1.01064
650.0 3050.0 -0.94752
750.0 3050.0 -0.81166
850.0 3050.0 -0.57733
950.0 3050.0 -0.26227
1050.0 3050.0 0.08990
1150.0 3050.0 0.42584
1250.0 3050.0 0.69724
1350.0 3050.0 0.87399
1450.0 3050.0 0.95591
1550.0 3050.0 0.98281
1650.0 3050.0 1.01117
1750.0 3050.0 1.03980
1850.0 3050.0 1.03199
1950.0 3050.0 0.95026
2050.0 3050.0 0.77740
2150.0 3050.0 0.52551
2250.0 3050.0 0.23301
2350.0 3050.0 -0.05042
2450.0 3050.0 -0.29083
2550.0 3050.0 -0.50331
2650.0 3050.0 -0.69911
2750.0 3050.0 -0.85294
2850.0 3050.0 -0.94618
2950.0 3050.0 -0.97617
3050.0 3050.0 -0.95870
3150.0 3050.0 -0.92485
3250.0 3050.0 -0.91206
3350.0 3050.0 -0.94944
3450.0 3050.0 -1.03739
3550.0 3050.0 -1.10173
3650.0 3050.0 -0.99327
3750.0 3050.0 -0.68351
3850.0 3050.0 -0.24810
3950.0 3050.0 0.19309
4050.0 3050.0 0.52264
4150.0 3050.0 0.65902
4250.0 3050.0 0.57676
4350.0 3050.0 0.31337
4450.0 3050.0 -0.03836
4550.0 3050.0 -0.42970
4650.0 3050.0 -0.85886
4750.0 3050.0 -1.24511
4850.0 3050.0 -1.49192
4950.0 3050.0 -1.54097
5050.0 3050.0 -1.39839
5150.0 3050.0 -1.13329
5250.0 3050.0 -0.84863
5350.0 3050.0 -0.62426
5450.0 3050.0 -0.44147
5550.0 3050.0 -0.24590
5650.0 3050.0 -0.04684
5750.0 3050.0 0.12460
5850.0 3050.0 0.23994
5950.0 3050.0 0.28770
6050.0 3050.0 0.27869
6150.0 3050.0 0.24204
6250.0 3050.0 0.21210
6350.0 3050.0 0.20615
50.0 3150.0 -0.38083
150.0 3150.0 -0.54850
250.0 3150.0 -0.70184
350.0 3150.0 -0.79450
450.0 3150.0 -0.79950
550.0 3150.0 -0.72908
650.0 3150.0 -0.63228
750.0 3150.0 -0.50050
850.0 3150.0 -0.32549
950.0 3150.0 -0.12073
1050.0 3150.0 0.09001
1150.0 3150.0 0.28199
1250.0 3150.0 0.43651
1350.0 3150.0 0.54570
1450.0 3150.0 0.61504
1550.0 3150.0 0.66362
1650.0 3150.0 0.71213
1750.0 3150.0 0.74840
1850.0 3150.0 0.73851
1950.0 3150.0 0.65317
2050.0 3150.0 0.48398
2150.0 3150.0 0.24929
2250.0 3150.0 -0.01052
2350.0 3150.0 -0.24822
2450.0 3150.0 -0.43538
2550.0 3150.0 -0.59295
2650.0 3150.0 -0.73788
2750.0 3150.0 -0.84993
2850.0 3150.0 -0.91276
2950.0 3150.0 -0.92274
3050.0 3150.0 -0.89167
3150.0 3150.0 -0.84461
3250.0 3150.0 -0.81263
3350.0 3150.0 -0.82054
3450.0 3150.0 -0.86963
3550.0 3150.0 -0.89548
3650.0 3150.0 -0.76443
3750.0 3150.0 -0.45848
3850.0 3150.0 -0.05559
3950.0 3150.0 0.33031
4050.0 3150.0 0.59445
4150.0 3150.0 0.67140
4250.0 3150.0 0.55041
4350.0 3150.0 0.27579
4450.0 3150.0 -0.06893
4550.0 3150.0 -0.45706
4650.0 3150.0 -0.89261
4750.0 3150.0 -1.28604
4850.0 3150.0 -1.52799
4950.0 3150.0 -1.55056
5050.0 3150.0 -1.35740
5150.0 3150.0 -1.02302
5250.0 3150.0 -0.66096
5350.0 3150.0 -0.36105
5450.0 3150.0 -0.10568
5550.0 3150.0 0.15879
5650.0 3150.0 0.40524
5750.0 3150.0 0.58102
5850.0 3150.0 0.64569
5950.0 3150.0 0.59218
6050.0 3150.0 0.45219
6150.0 3150.0 0.28594
6250.0 3150.0 0.15606
6350.0 3150.0 0.08583
50.0 3250.0 -0.36354
150.0 3250.0 -0.46478
250.0 3250.0 -0.54256
350.0 3250.0 -0.56498
450.0 3250.0 -0.51720
550.0 3250.0 -0.41309
650.0 3250.0 -0.29446
750.0 3250.0 -0.17660
850.0 3250.0 -0.06728
950.0 3250.0 0.02466
1050.0 3250.0 0.09459
1150.0 3250.0 0.14472
1250.0 3250.0 0.18382
1350.0 3250.0 0.22423
1450.0 3250.0 0.27612
1550.0 3250.0 0.33906
1650.0 3250.0 0.40550
1750.0 3250.0 0.46184
1850.0 3250.0 0.47775
1950.0 3250.0 0.42666
2050.0 3250.0 0.30057
2150.0 3250.0 0.11538
2250.0 3250.0 -0.09312
2350.0 3250.0 -0.28278
2450.0 3250.0 -0.42796
2550.0 3250.0 -0.54697
2650.0 3250.0 -0.65469
2750.0 3250.0 -0.73301
2850.0 3250.0 -0.76723
2950.0 3250.0 -0.75399
3050.0 3250.0 -0.70384
3150.0 3250.0 -0.63924
3250.0 3250.0 -0.58806
3350.0 3250.0 -0.57258
3450.0 3250.0 -0.59401
3550.0 3250.0 -0.59438
3650.0 3250.0 -0.45609
3750.0 3250.0 -0.17111
3850.0 3250.0 0.18234
3950.0 3250.0 0.49845
4050.0 3250.0 0.68645
4150.0 3250.0 0.69716
4250.0 3250.0 0.53351
4350.0 3250.0 0.24493
4450.0 3250.0 -0.09540
4550.0 3250.0 -0.48060
4650.0 3250.0 -0.91807
4750.0 3250.0 -1.31187
4850.0 3250.0 -1.54423
4950.0 3250.0 -1.54151
5050.0 3250.0 -1.30680
5150.0 3250.0 -0.91934
5250.0 3250.0 -0.50062
5350.0 3250.0 -0.14724
5450.0 3250.0 0.15872
5550.0 3250.0 0.46998
5650.0 3250.0 0.74604
5750.0 3250.0 0.91931
5850.0 3250.0 0.94174
5950.0 3250.0 0.81043
6050.0 3250.0 0.57289
6150.0 3250.0 0.31194
6250.0 3250.0 0.11028
6350.0 3250.0 -0.00519
50.0 3350.0 -0.22307
150.0 3350.0 -0.30420
250.0 3350.0 -0.35594
350.0 3350.0 -0.35179
450.0 3350.0 -0.28213
550.0 3350.0 -0.16245
650.0 3350.0 -0.03452
750.0 3350.0 0.06840
850.0 3350.0 0.12794
950.0 3350.0 0.13872
1050.0 3350.0 0.10932
1150.0 3350.0 0.06015
1250.0 3350.0 0.01830
1350.0 3350.0 0.00942
1450.0 3350.0 0.04643
1550.0 3350.0 0.11574
1650.0 3350.0 0.19514
1750.0 3350.0 0.27752
1850.0 3350.0 0.33607
1950.0 3350.0 0.34226
2050.0 3350.0 0.28186
2150.0 3350.0 0.16212
2250.0 3350.0 0.00997
2350.0 3350.0 -0.13860
2450.0 3350.0 -0.25818
2550.0 3350.0 -0.35837
2650.0 3350.0 -0.44791
2750.0 3350.0 -0.50939
2850.0 3350.0 -0.52891
2950.0 3350.0 -0.50338
3050.0 3350.0 -0.44291
3150.0 3350.0 -0.36887
3250.0 3350.0 -0.30772
3350.0 3350.0 -0.28061
3450.0 3350.0 -0.28860
3550.0 3350.0 -0.27811
3650.0 3350.0 -0.14527
3750.0 3350.0 0.11032
3850.0 3350.0 0.41175
3950.0 3350.0 0.66129
4050.0 3350.0 0.78042
4150.0 3350.0 0.73308
4250.0 3350.0 0.53236
4350.0 3350.0 0.23061
4450.0 3350.0 -0.10818
4550.0 3350.0 -0.49233
4650.0 3350.0 -0.93213
4750.0 3350.0 -1.32867
4850.0 3350.0 -1.55981
4950.0 3350.0 -1.54860
5050.0 3350.0 -1.29724
5150.0 3350.0 -0.88670
5250.0 3350.0 -0.44201
5350.0 3350.0 -0.06317
5450.0 3350.0 0.26735
5550.0 3350.0 0.60247
5650.0 3350.0 0.89610
5750.0 3350.0 1.07334
5850.0 3350.0 1.08175
5950.0 3350.0 0.91944
6050.0 3350.0 0.64043
6150.0 3350.0 0.33761
6250.0 3350.0 0.10310
6350.0 3350.0 -0.03392
50.0 3450.0 -0.01357
150.0 3450.0 -0.11950
250.0 3450.0 -0.19137
350.0 3450.0 -0.19989
450.0 3450.0 -0.13483
550.0 3450.0 -0.01396
650.0 3450.0 0.11453
750.0 3450.0 0.20699
850.0 3450.0 0.24041
950.0 3450.0 0.21124
1050.0 3450.0 0.13416
1150.0 3450.0 0.03781
1250.0 3450.0 -0.04258
1350.0 3450.0 -0.07564
1450.0 3450.0 -0.04740
1550.0 3450.0 0.02258
1650.0 3450.0 0.11000
1750.0 3450.0 0.21857
1850.0 3450.0 0.32453
1950.0 3450.0 0.39465
2050.0 3450.0 0.40518
2150.0 3450.0 0.35194
2250.0 3450.0 0.25155
2350.0 3450.0 0.13396
2450.0 3450.0 0.02609
2550.0 3450.0 -0.07050
2650.0 3450.0 -0.15767
2750.0 3450.0 -0.21877
2850.0 3450.0 -0.24001
2950.0 3450.0 -0.21777
3050.0 3450.0 -0.16116
3150.0 3450.0 -0.09038
3250.0 3450.0 -0.03089
3350.0 3450.0 -0.00330
3450.0 3450.0 -0.00911
3550.0 3450.0 0.00154
3650.0 3450.0 0.12200
3750.0 3450.0 0.34771
3850.0 3450.0 0.60379
3950.0 3450.0 0.79935
4050.0 3450.0 0.86503
4150.0 3450.0 0.77387
4250.0 3450.0 0.54542
4350.0 3450.0 0.23308
4450.0 3450.0 -0.10616
4550.0 3450.0 -0.49150
4650.0 3450.0 -0.93678
4750.0 3450.0 -1.34301
4850.0 3450.0 -1.58621
4950.0 3450.0 -1.58687
5050.0 3450.0 -1.34477
5150.0 3450.0 -0.93925
5250.0 3450.0 -0.49494
5350.0 3450.0 -0.11284
5450.0 3450.0 0.22251
5550.0 3450.0 0.56572
5650.0 3450.0 0.87222
5750.0 3450.0 1.06557
5850.0 3450.0 1.09046
5950.0 3450.0 0.94204
6050.0 3450.0 0.67227
6150.0 3450.0 0.37338
6250.0 3450.0 0.13833
6350.0 3450.0 -0.00173
50.0 3550.0 0.22450
150.0 3550.0 0.09117
250.0 3550.0 -0.00674
350.0 3550.0 -0.03585
450.0 3550.0 0.01645
550.0 3550.0 0.13124
650.0 3550.0 0.25413
750.0 3550.0 0.33405
850.0 3550.0 0.34556
950.0 3550.0 0.28679
1050.0 3550.0 0.17661
1150.0 3550.0 0.04873
1250.0 3550.0 -0.05701
1350.0 3550.0 -0.10639
1450.0 3550.0 -0.08546
1550.0 3550.0 -0.01747
1650.0 3550.0 0.07464
1750.0 3550.0 0.20573
1850.0 3550.0 0.35550
1950.0 3550.0 0.48666
2050.0 3550.0 0.56635
2150.0 3550.0 0.57897
2250.0 3550.0 0.53055
2350.0 3550.0 0.44444
2450.0 3550.0 0.34854
2550.0 3550.0 0.25567
2650.0 3550.0 0.17169
2750.0 3550.0 0.11244
2850.0 3550.0 0.09055
2950.0 3550.0 0.10910
3050.0 3550.0 0.15930
3150.0 3550.0 0.22218
3250.0 3550.0 0.27402
3350.0 3550.0 0.29574
3450.0 3550.0 0.28617
3550.0 3550.0 0.29139
3650.0 3550.0 0.39507
3750.0 3550.0 0.58884
3850.0 3550.0 0.80048
3950.0 3550.0 0.94569
4050.0 3550.0 0.96330
4150.0 3550.0 0.83383
4250.0 3550.0 0.58156
4350.0 3550.0 0.25998
4450.0 3550.0 -0.08022
4550.0 3550.0 -0.46760
4650.0 3550.0 -0.92020
4750.0 3550.0 -1.34024
4850.0 3550.0 -1.60274
4950.0 3550.0 -1.62563
5050.0 3550.0 -1.40526
5150.0 3550.0 -1.01759
5250.0 3550.0 -0.58504
5350.0 3550.0 -0.20876
5450.0 3550.0 0.12358
5550.0 3550.0 0.46845
5650.0 3550.0 0.78566
5750.0 3550.0 0.99984
5850.0 3550.0 1.05367
5950.0 3550.0 0.93797
6050.0 3550.0 0.69918
6150.0 3550.0 0.42435
6250.0 3550.0 0.20353
6350.0 3550.0 0.06958
50.0 3650.0 0.52729
150.0 3650.0 0.40845
250.0 3650.0 0.31049
350.0 3650.0 0.26771
450.0 3650.0 0.29723
550.0 3650.0 0.38588
650.0 3650.0 0.48148
750.0 3650.0 0.53031
850.0 3650.0 0.50775
950.0 3650.0 0.41550
1050.0 3650.0 0.27615
1150.0 3650.0 0.12576
1250.0 3650.0 0.00427
1350.0 3650.0 -0.05602
1450.0 3650.0 -0.04406
1550.0 3650.0 0.01485
1650.0 3650.0 0.10077
1750.0 3650.0 0.23682
1850.0 3650.0 0.40920
1950.0 3650.0 0.58248
2050.0 3650.0 0.72010
2150.0 3650.0 0.79792
2250.0 3650.0 0.81075
2350.0 3650.0 0.77197
2450.0 3650.0 0.70610
2550.0 3650.0 0.63538
2650.0 3650.0 0.57793
2750.0 3650.0 0.54895
2850.0 3650.0 0.55400
2950.0 3650.0 0.58857
3050.0 3650.0 0.63965
3150.0 3650.0 0.68903
3250.0 3650.0 0.71834
3350.0 3650.0 0.71595
3450.0 3650.0 0.68559
3550.0 3650.0 0.66917
3650.0 3650.0 0.74097
3750.0 3650.0 0.89140
3850.0 3650.0 1.05326
3950.0 3650.0 1.14967
4050.0 3650.0 1.12628
4150.0 3650.0 0.96795
4250.0 3650.0 0.69975
4350.0 3650.0 0.37233
4450.0 3650.0 0.03085
4550.0 3650.0 -0.35909
4650.0 3650.0 -0.82044
4750.0 3650.0 -1.25930
4850.0 3650.0 -1.55207
4950.0 3650.0 -1.61476
5050.0 3650.0 -1.43885
5150.0 3650.0 -1.09378
5250.0 3650.0 -0.69602
5350.0 3650.0 -0.34471
5450.0 3650.0 -0.03252
5550.0 3650.0 0.29699
5650.0 3650.0 0.61266
5750.0 3650.0 0.84682
5850.0 3650.0 0.94440
5950.0 3650.0 0.89148
6050.0 3650.0 0.72360
6150.0 3650.0 0.51393
6250.0 3650.0 0.34125
6350.0 3650.0 0.23782
50.0 3750.0 0.87708
150.0 3750.0 0.82058
250.0 3750.0 0.74984
350.0 3750.0 0.69690
450.0 3750.0 0.68698
550.0 3750.0 0.72130
650.0 3750.0 0.76017
750.0 3750.0 0.75477
850.0 3750.0 0.68663
950.0 3750.0 0.56316
1050.0 3750.0 0.40902
1150.0 3750.0 0.25727
1250.0 3750.0 0.14043
1350.0 3750.0 0.08132
1450.0 3750.0 0.08385
1550.0 3750.0 0.12410
1650.0 3750.0 0.18789
1750.0 3750.0 0.30102
1850.0 3750.0 0.45994
1950.0 3750.0 0.63997
2050.0 3750.0 0.80980
2150.0 3750.0 0.94231
2250.0 3750.0 1.02190
2350.0 3750.0 1.04813
2450.0 3750.0 1.03589
2550.0 3750.0 1.01254
2650.0 3750.0 1.01305
2750.0 3750.0 1.05167
2850.0 3750.0 1.11869
2950.0 3750.0 1.19281
3050.0 3750.0 1.25106
3150.0 3750.0 1.27601
3250.0 3750.0 1.26012
3350.0 3750.0 1.20748
3450.0 3750.0 1.13272
3550.0 3750.0 1.07287
3650.0 3750.0 1.09500
3750.0 3750.0 1.19275
3850.0 3750.0 1.30674
3950.0 3750.0 1.36721
4050.0 3750.0 1.32307
4150.0 3750.0 1.15743
4250.0 3750.0 0.88951
4350.0 3750.0 0.56302
4450.0 3750.0 0.22005
4550.0 3750.0 -0.17167
4650.0 3750.0 -0.63829
4750.0 3750.0 -1.09301
4850.0 3750.0 -1.41789
4950.0 3750.0 -1.53006
5050.0 3750.0 -1.41658
5150.0 3750.0 -1.13809
5250.0 3750.0 -0.80119
5350.0 3750.0 -0.49956
5450.0 3750.0 -0.23129
5550.0 3750.0 0.05636
5650.0 3750.0 0.34547
5750.0 3750.0 0.58528
5850.0 3750.0 0.73065
5950.0 3750.0 0.76503
6050.0 3750.0 0.70844
6150.0 3750.0 0.61036
6250.0 3750.0 0.52766
6350.0 3750.0 0.48747
50.0 3850.0 1.21193
150.0 3850.0 1.24621
250.0 3850.0 1.21498
350.0 3850.0 1.14703
450.0 3850.0 1.07941
550.0 3850.0 1.03437
650.0 3850.0 0.99163
750.0 3850.0 0.91519
850.0 3850.0 0.79836
950.0 3850.0 0.65570
1050.0 3850.0 0.51097
1150.0 3850.0 0.38774
1250.0 3850.0 0.30263
1350.0 3850.0 0.26116
1450.0 3850.0 0.25630
1550.0 3850.0 0.26986
1650.0 3850.0 0.29650
1750.0 3850.0 0.35773
1850.0 3850.0 0.46293
1950.0 3850.0 0.60688
2050.0 3850.0 0.77311
2150.0 3850.0 0.93868
2250.0 3850.0 1.08017
2350.0 3850.0 1.18123
2450.0 3850.0 1.24133
2550.0 3850.0 1.28700
2650.0 3850.0 1.37167
2750.0 3850.0 1.50770
2850.0 3850.0 1.66310
2950.0 3850.0 1.79232
3050.0 3850.0 1.85829
3150.0 3850.0 1.84515
3250.0 3850.0 1.76157
3350.0 3850.0 1.63472
3450.0 3850.0 1.49495
3550.0 3850.0 1.37355
3650.0 3850.0 1.33455
3750.0 3850.0 1.37994
3850.0 3850.0 1.45991
3950.0 3850.0 1.50976
4050.0 3850.0 1.47621
4150.0 3850.0 1.33310
4250.0 3850.0 1.08657
4350.0 3850.0 0.76965
4450.0 3850.0 0.42526
4550.0 3850.0 0.03439
4650.0 3850.0 -0.42736
4750.0 3850.0 -0.88235
4850.0 3850.0 -1.22349
4950.0 3850.0 -1.37438
5050.0 3850.0 -1.32124
5150.0 3850.0 -1.11676
5250.0 3850.0 -0.85579
5350.0 3850.0 -0.62301
5450.0 3850.0 -0.41944
5550.0 3850.0 -0.20058
5650.0 3850.0 0.02958
5750.0 3850.0 0.24535
5850.0 3850.0 0.42045
5950.0 3850.0 0.54107
6050.0 3850.0 0.61141
6150.0 3850.0 0.65170
6250.0 3850.0 0.68873
6350.0 3850.0 0.73886
50.0 3950.0 1.46849
150.0 3950.0 1.59234
250.0 3950.0 1.59290
350.0 3950.0 1.49737
450.0 3950.0 1.35747
550.0 3950.0 1.21885
650.0 3950.0 1.08194
750.0 3950.0 0.92952
850.0 3950.0 0.77104
950.0 3950.0 0.62834
1050.0 3950.0 0.52085
1150.0 3950.0 0.45670
1250.0 3950.0 0.42972
1350.0 3950.0 0.42232
1450.0 3950.0 0.41425
1550.0 3950.0 0.39715
1650.0 3950.0 0.37704
1750.0 3950.0 0.36476
1850.0 3950.0 0.38331
1950.0 3950.0 0.45280
2050.0 3950.0 0.57920
2150.0 3950.0 0.75033
2250.0 3950.0 0.93899
2350.0 3950.0 1.11317
2450.0 3950.0 1.25346
2550.0 3950.0 1.37945
2650.0 3950.0 1.56105
2750.0 3950.0 1.80731
2850.0 3950.0 2.06027
2950.0 3950.0 2.24682
3050.0 3950.0 2.31458
3150.0 3950.0 2.25075
3250.0 3950.0 2.08382
3350.0 3950.0 1.86827
3450.0 3950.0 1.65226
3550.0 3950.0 1.46053
3650.0 3950.0 1.35929
3750.0 3950.0 1.36309
3850.0 3950.0 1.43185
3950.0 3950.0 1.50256
4050.0 3950.0 1.51382
4150.0 3950.0 1.42336
4250.0 3950.0 1.21844
4350.0 3950.0 0.91918
4450.0 3950.0 0.57378
4550.0 3950.0 0.18764
4650.0 3950.0 -0.25478
4750.0 3950.0 -0.68523
4850.0 3950.0 -1.01209
4950.0 3950.0 -1.17177
5050.0 3950.0 -1.15557
5150.0 3950.0 -1.01220
5250.0 3950.0 -0.82577
5350.0 3950.0 -0.66931
5450.0 3950.0 -0.54177
5550.0 3950.0 -0.41117
5650.0 3950.0 -0.27085
5750.0 3950.0 -0.11687
5850.0 3950.0 0.05108
5950.0 3950.0 0.22920
6050.0 3950.0 0.41041
6150.0 3950.0 0.58641
6250.0 3950.0 0.75092
6350.0 3950.0 0.90431
50.0 4050.0 1.60938
150.0 4050.0 1.79335
250.0 4050.0 1.80103
350.0 4050.0 1.66170
450.0 4050.0 1.44288
550.0 4050.0 1.21122
650.0 4050.0 0.98330
750.0 4050.0 0.76292
850.0 4050.0 0.57746
950.0 4050.0 0.45494
1050.0 4050.0 0.40757
1150.0 4050.0 0.42447
1250.0 4050.0 0.47336
1350.0 4050.0 0.51142
1450.0 4050.0 0.50512
1550.0 4050.0 0.45851
1650.0 4050.0 0.39020
1750.0 4050.0 0.29643
1850.0 4050.0 0.21247
1950.0 4050.0 0.18508
2050.0 4050.0 0.24595
2150.0 4050.0 0.39790
2250.0 4050.0 0.61391
2350.0 4050.0 0.84892
2450.0 4050.0 1.06439
2550.0 4050.0 1.26861
2650.0 4050.0 1.54306
2750.0 4050.0 1.89206
2850.0 4050.0 2.23234
2950.0 4050.0 2.46493
3050.0 4050.0 2.52413
3150.0 4050.0 2.40183
3250.0 4050.0 2.14723
3350.0 4050.0 1.84203
3450.0 4050.0 1.55100
3550.0 4050.0 1.29185
3650.0 4050.0 1.13755
3750.0 4050.0 1.11736
3850.0 4050.0 1.19946
3950.0 4050.0 1.31889
4050.0 4050.0 1.40160
4150.0 4050.0 1.38505
4250.0 4050.0 1.23495
4350.0 4050.0 0.95849
4450.0 4050.0 0.61265
4550.0 4050.0 0.23515
4650.0 4050.0 -0.17369
4750.0 4050.0 -0.55344
4850.0 4050.0 -0.83058
4950.0 4050.0 -0.95966
5050.0 4050.0 -0.94352
5150.0 4050.0 -0.83271
5250.0 4050.0 -0.70395
5350.0 4050.0 -0.61770
5450.0 4050.0 -0.56499
5550.0 4050.0 -0.52903
5650.0 4050.0 -0.49861
5750.0 4050.0 -0.44048
5850.0 4050.0 -0.32357
5950.0 4050.0 -0.13468
6050.0 4050.0 0.11565
6150.0 4050.0 0.39711
6250.0 4050.0 0.67328
6350.0 4050.0 0.92526
50.0 4150.0 1.63519
150.0 4150.0 1.83110
250.0 4150.0 1.81227
350.0 4150.0 1.61461
450.0 4150.0 1.32049
550.0 4150.0 1.01106
650.0 4150.0 0.71009
750.0 4150.0 0.44018
850.0 4150.0 0.24528
950.0 4150.0 0.15753
1050.0 4150.0 0.18058
1150.0 4150.0 0.28452
1250.0 4150.0 0.41240
1350.0 4150.0 0.49848
1450.0 4150.0 0.49804
1550.0 4150.0 0.42789
1650.0 4150.0 0.31863
1750.0 4150.0 0.15184
1850.0 4150.0 -0.02803
1950.0 4150.0 -0.15118
2050.0 4150.0 -0.16236
2150.0 4150.0 -0.04340
2250.0 4150.0 0.18159
2350.0 4150.0 0.45852
2450.0 4150.0 0.73281
2550.0 4150.0 1.00036
2650.0 4150.0 1.34793
2750.0 4150.0 1.77419
2850.0 4150.0 2.17534
2950.0 4150.0 2.43277
3050.0 4150.0 2.47200
3150.0 4150.0 2.29089
3250.0 4150.0 1.95720
3350.0 4150.0 1.57537
3450.0 4150.0 1.22270
3550.0 4150.0 0.90986
3650.0 4150.0 0.71907
3750.0 4150.0 0.69355
3850.0 4150.0 0.80717
3950.0 4150.0 0.99027
4050.0 4150.0 1.15457
4150.0 4150.0 1.21717
4250.0 4150.0 1.12368
4350.0 4150.0 0.87046
4450.0 4150.0 0.52474
4550.0 4150.0 0.15854
4650.0 4150.0 -0.20743
4750.0 4150.0 -0.51762
4850.0 4150.0 -0.71638
4950.0 4150.0 -0.77900
5050.0 4150.0 -0.72467
5150.0 4150.0 -0.61150
5250.0 4150.0 -0.51349
5350.0 4150.0 -0.47968
5450.0 4150.0 -0.48834
5550.0 4150.0 -0.53804
5650.0 4150.0 -0.62001
5750.0 4150.0 -0.67679
5850.0 4150.0 -0.64732
5950.0 4150.0 -0.49706
6050.0 4150.0 -0.23147
6150.0 4150.0 0.10736
6250.0 4150.0 0.46080
6350.0 4150.0 0.79051
50.0 4250.0 1.58117
150.0 4250.0 1.73608
250.0 4250.0 1.65808
350.0 4250.0 1.39367
450.0 4250.0 1.03726
550.0 4250.0 0.67581
650.0 4250.0 0.32954
750.0 4250.0 0.03370
850.0 4250.0 -0.15548
950.0 4250.0 -0.20403
1050.0 4250.0 -0.11624
1150.0 4250.0 0.06257
1250.0 4250.0 0.25662
1350.0 4250.0 0.38342
1450.0 4250.0 0.39087
1550.0 4250.0 0.30624
1650.0 4250.0 0.17003
1750.0 4250.0 -0.04703
1850.0 4250.0 -0.29516
1950.0 4250.0 -0.48916
2050.0 4250.0 -0.55727
2150.0 4250.0 -0.46974
2250.0 4250.0 -0.24713
2350.0 4250.0 0.05170
2450.0 4250.0 0.36179
2550.0 4250.0 0.66908
2650.0 4250.0 1.05993
2750.0 4250.0 1.52715
2850.0 4250.0 1.95407
2950.0 4250.0 2.21136
3050.0 4250.0 2.22157
3150.0 4250.0 1.98908
3250.0 4250.0 1.59549
3350.0 4250.0 1.16046
3450.0 4250.0 0.76797
3550.0 4250.0 0.42217
3650.0 4250.0 0.21400
3750.0 4250.0 0.19728
3850.0 4250.0 0.34857
3950.0 4250.0 0.59262
4050.0 4250.0 0.82869
4150.0 4250.0 0.95772
4250.0 4250.0 0.91035
4350.0 4250.0 0.67586
4450.0 4250.0 0.33065
4550.0 4250.0 -0.02369
4650.0 4250.0 -0.34537
4750.0 4250.0 -0.58028
4850.0 4250.0 -0.68758
4950.0 4250.0 -0.66231
5050.0 4250.0 -0.54164
5150.0 4250.0 -0.39514
5250.0 4250.0 -0.29881
5350.0 4250.0 -0.29303
5450.0 4250.0 -0.34110
5550.0 4250.0 -0.45445
5650.0 4250.0 -0.63252
5750.0 4250.0 -0.80217
5850.0 4250.0 -0.87790
5950.0 4250.0 -0.80355
6050.0 4250.0 -0.57279
6150.0 4250.0 -0.22847
6250.0 4250.0 0.15917
6350.0 4250.0 0.53541
50.0 4350.0 1.49842
150.0 4350.0 1.56971
250.0 4350.0 1.40945
350.0 4350.0 1.07728
450.0 4350.0 0.67600
550.0 4350.0 0.29017
650.0 4350.0 -0.07294
750.0 4350.0 -0.37316
850.0 4350.0 -0.54750
950.0 4350.0 -0.56213
1050.0 4350.0 -0.42721
1150.0 4350.0 -0.19767
1250.0 4350.0 0.03980
1350.0 4350.0 0.19373
1450.0 4350.0 0.20876
1550.0 4350.0 0.11890
1650.0 4350.0 -0.02836
1750.0 4350.0 -0.26707
1850.0 4350.0 -0.54556
1950.0 4350.0 -0.77223
2050.0 4350.0 -0.86808
2150.0 4350.0 -0.79792
2250.0 4350.0 -0.58009
2350.0 4350.0 -0.27489
2450.0 4350.0 0.04853
2550.0 4350.0 0.37106
2650.0 4350.0 0.77489
2750.0 4350.0 1.24750
2850.0 4350.0 1.66728
2950.0 4350.0 1.90299
3050.0 4350.0 1.87955
3150.0 4350.0 1.60759
3250.0 4350.0 1.17707
3350.0 4350.0 0.71470
3450.0 4350.0 0.30544
3550.0 4350.0 -0.05234
3650.0 4350.0 -0.26177
3750.0 4350.0 -0.26317
3850.0 4350.0 -0.07980
3950.0 4350.0 0.20833
4050.0 4350.0 0.49222
4150.0 4350.0 0.66327
4250.0 4350.0 0.64407
4350.0 4350.0 0.42085
4450.0 4350.0 0.07629
4550.0 4350.0 -0.26754
4650.0 4350.0 -0.55051
4750.0 4350.0 -0.71701
4850.0 4350.0 -0.73641
4950.0 4350.0 -0.61967
5050.0 4350.0 -0.42056
5150.0 4350.0 -0.22147
5250.0 4350.0 -0.10374
5350.0 4350.0 -0.10260
5450.0 4350.0 -0.16688
5550.0 4350.0 -0.31684
5650.0 4350.0 -0.56337
5750.0 4350.0 -0.82664
5850.0 4350.0 -1.00491
5950.0 4350.0 -1.02352
6050.0 4350.0 -0.86098
6150.0 4350.0 -0.55228
6250.0 4350.0 -0.16921
6350.0 4350.0 0.22207
50.0 4450.0 1.41915
150.0 4450.0 1.38690
250.0 4450.0 1.13536
350.0 4450.0 0.73810
450.0 4450.0 0.30386
550.0 4450.0 -0.08968
650.0 4450.0 -0.45292
750.0 4450.0 -0.74597
850.0 4450.0 -0.90267
950.0 4450.0 -0.89037
1050.0 4450.0 -0.72327
1150.0 4450.0 -0.46179
1250.0 4450.0 -0.19806
1350.0 4450.0 -0.02742
1450.0 4450.0 -0.00597
1550.0 4450.0 -0.09571
1650.0 4450.0 -0.24415
1750.0 4450.0 -0.48568
1850.0 4450.0 -0.76859
1950.0 4450.0 -1.00054
2050.0 4450.0 -1.10152
2150.0 4450.0 -1.03541
2250.0 4450.0 -0.81997
2350.0 4450.0 -0.51536
2450.0 4450.0 -0.19117
2550.0 4450.0 0.13221
2650.0 4450.0 0.53155
2750.0 4450.0 0.98957
2850.0 4450.0 1.38434
2950.0 4450.0 1.58774
3050.0 4450.0 1.52985
3150.0 4450.0 1.22710
3250.0 4450.0 0.77428
3350.0 4450.0 0.30032
3450.0 4450.0 -0.11210
3550.0 4450.0 -0.46980
3650.0 4450.0 -0.67264
3750.0 4450.0 -0.65828
3850.0 4450.0 -0.45106
3950.0 4450.0 -0.13450
4050.0 4450.0 0.17762
4150.0 4450.0 0.37190
4250.0 4450.0 0.36757
4350.0 4450.0 0.15026
4450.0 4450.0 -0.19360
4550.0 4450.0 -0.52840
4650.0 4450.0 -0.77863
4750.0 4450.0 -0.88583
4850.0 4450.0 -0.82622
4950.0 4450.0 -0.62340
5050.0 4450.0 -0.34565
5150.0 4450.0 -0.08783
5250.0 4450.0 0.06199
5350.0 4450.0 0.07143
5450.0 4450.0 0.00475
5550.0 4450.0 -0.16435
5650.0 4450.0 -0.45895
5750.0 4450.0 -0.79794
5850.0 4450.0 -1.06902
5950.0 4450.0 -1.18221
6050.0 4450.0 -1.10031
6150.0 4450.0 -0.84640
6250.0 4450.0 -0.48830
6350.0 4450.0 -0.10006
50.0 4550.0 1.28734
150.0 4550.0 1.15767
250.0 4550.0 0.82676
350.0 4550.0 0.38015
450.0 4550.0 -0.07037
550.0 4550.0 -0.45604
650.0 4550.0 -0.80488
750.0 4550.0 -1.07956
850.0 4550.0 -1.21390
950.0 4550.0 -1.17787
1050.0 4550.0 -0.98897
1150.0 4550.0 -0.71023
1250.0 4550.0 -0.43491
1350.0 4550.0 -0.25778
1450.0 4550.0 -0.23309
1550.0 4550.0 -0.32066
1650.0 4550.0 -0.46503
1750.0 4550.0 -0.69747
1850.0 4550.0 -0.96666
1950.0 4550.0 -1.18274
2050.0 4550.0 -1.26891
2150.0 4550.0 -1.19177
2250.0 4550.0 -0.97068
2350.0 4550.0 -0.66582
2450.0 4550.0 -0.34529
2550.0 4550.0 -0.02733
2650.0 4550.0 0.36088
2750.0 4550.0 0.79820
2850.0 4550.0 1.16403
2950.0 4550.0 1.33462
3050.0 4550.0 1.24545
3150.0 4550.0 0.91778
3250.0 4550.0 0.44941
3350.0 4550.0 -0.03051
3450.0 4550.0 -0.44235
3550.0 4550.0 -0.79799
3650.0 4550.0 -0.99807
3750.0 4550.0 -0.97939
3850.0 4550.0 -0.76563
3950.0 4550.0 -0.44033
4050.0 4550.0 -0.11789
4150.0 4550.0 0.08711
4250.0 4550.0 0.09256
4350.0 4550.0 -0.11676
4450.0 4550.0 -0.45388
4550.0 4550.0 -0.77529
4650.0 4550.0 -0.99385
4750.0 4550.0 -1.04865
4850.0 4550.0 -0.92099
4950.0 4550.0 -0.64417
5050.0 4550.0 -0.29770
5150.0 4550.0 0.01365
5250.0 4550.0 0.19640
5350.0 4550.0 0.22015
5450.0 4550.0 0.15913
5550.0 4550.0 -0.02053
5650.0 4550.0 -0.35552
5750.0 4550.0 -0.76597
5850.0 4550.0 -1.13092
5950.0 4550.0 -1.34539
6050.0 4550.0 -1.35492
6150.0 4550.0 -1.16781
6250.0 4550.0 -0.84490
6350.0 4550.0 -0.46705
50.0 4650.0 1.03013
150.0 4650.0 0.82844
250.0 4650.0 0.45587
350.0 4650.0 0.00393
450.0 4650.0 -0.41990
550.0 4650.0 -0.75987
650.0 4650.0 -1.05949
750.0 4650.0 -1.28877
850.0 4650.0 -1.38893
950.0 4650.0 -1.33623
1050.0 4650.0 -1.14993
1150.0 4650.0 -0.88894
1250.0 4650.0 -0.63735
1350.0 4650.0 -0.47870
1450.0 4650.0 -0.45910
1550.0 4650.0 -0.54041
1650.0 4650.0 -0.66999
1750.0 4650.0 -0.86960
1850.0 4650.0 -1.08929
1950.0 4650.0 -1.24826
2050.0 4650.0 -1.28120
2150.0 4650.0 -1.16460
2250.0 4650.0 -0.92345
2350.0 4650.0 -0.61802
2450.0 4650.0 -0.31091
2550.0 4650.0 -0.01159
2650.0 4650.0 0.35264
2750.0 4650.0 0.75933
2850.0 4650.0 1.09235
2950.0 4650.0 1.23417
3050.0 4650.0 1.12517
3150.0 4650.0 0.78854
3250.0 4650.0 0.32059
3350.0 4650.0 -0.15340
3450.0 4650.0 -0.55794
3550.0 4650.0 -0.90904
3650.0 4650.0 -1.11724
3750.0 4650.0 -1.12176
3850.0 4650.0 -0.94117
3950.0 4650.0 -0.65042
4050.0 4650.0 -0.35526
4150.0 4650.0 -0.16389
4250.0 4650.0 -0.15602
4350.0 4650.0 -0.34919
4450.0 4650.0 -0.66326
4550.0 4650.0 -0.95972
4650.0 4650.0 -1.14970
4750.0 4650.0 -1.17159
4850.0 4650.0 -1.00752
4950.0 4650.0 -0.69259
5050.0 4650.0 -0.30865
5150.0 4650.0 0.03739
5250.0 4650.0 0.25068
5350.0 4650.0 0.30104
5450.0 4650.0 0.26399
5550.0 4650.0 0.09443
5650.0 4650.0 -0.26009
5750.0 4650.0 -0.72635
5850.0 4650.0 -1.17962
5950.0 4650.0 -1.50170
6050.0 4650.0 -1.61877
6150.0 4650.0 -1.51906
6250.0 4650.0 -1.25038
6350.0 4650.0 -0.89743
50.0 4750.0 0.66669
150.0 4750.0 0.42958
250.0 4750.0 0.06487
350.0 4750.0 -0.33780
450.0 4750.0 -0.68398
550.0 4750.0 -0.93503
650.0 4750.0 -1.14613
750.0 4750.0 -1.29995
850.0 4750.0 -1.35359
950.0 4750.0 -1.29370
1050.0 4750.0 -1.13933
1150.0 4750.0 -0.93737
1250.0 4750.0 -0.75085
1350.0 4750.0 -0.63980
1450.0 4750.0 -0.63506
1550.0 4750.0 -0.70555
1650.0 4750.0 -0.80967
1750.0 4750.0 -0.95518
1850.0 4750.0 -1.09518
1950.0 4750.0 -1.16429
2050.0 4750.0 -1.11584
2150.0 4750.0 -0.94175
2250.0 4750.0 -0.67499
2350.0 4750.0 -0.37469
2450.0 4750.0 -0.09385
2550.0 4750.0 0.17194
2650.0 4750.0 0.49859
2750.0 4750.0 0.86592
2850.0 4750.0 1.16585
2950.0 4750.0 1.28855
3050.0 4750.0 1.17794
3150.0 4750.0 0.85494
3250.0 4750.0 0.40870
3350.0 4750.0 -0.04440
3450.0 4750.0 -0.43378
3550.0 4750.0 -0.77714
3650.0 4750.0 -1.00340
3750.0 4750.0 -1.05723
3850.0 4750.0 -0.94733
3950.0 4750.0 -0.73153
4050.0 4750.0 -0.49776
4150.0 4750.0 -0.34076
4250.0 4750.0 -0.33453
4350.0 4750.0 -0.50064
4450.0 4750.0 -0.77310
4550.0 4750.0 -1.03260
4650.0 4750.0 -1.20137
4750.0 4750.0 -1.21947
4850.0 4750.0 -1.06419
4950.0 4750.0 -0.76211
5050.0 4750.0 -0.38551
5150.0 4750.0 -0.03327
5250.0 4750.0 0.20386
5350.0 4750.0 0.29358
5450.0 4750.0 0.30149
5550.0 4750.0 0.16946
5650.0 4750.0 -0.17021
5750.0 4750.0 -0.65731
5850.0 4750.0 -1.17117
5950.0 4750.0 -1.58593
6050.0 4750.0 -1.80969
6150.0 4750.0 -1.80752
6250.0 4750.0 -1.60832
6350.0 4750.0 -1.29560
50.0 4850.0 0.26797
150.0 4850.0 0.03277
250.0 4850.0 -0.27828
350.0 4850.0 -0.58461
450.0 4850.0 -0.81189
550.0 4850.0 -0.94097
650.0 4850.0 -1.03416
750.0 4850.0 -1.09053
850.0 4850.0 -1.08964
950.0 4850.0 -1.03155
1050.0 4850.0 -0.93333
1150.0 4850.0 -0.82357
1250.0 4850.0 -0.73491
1350.0 4850.0 -0.69446
1450.0 4850.0 -0.71237
1550.0 4850.0 -0.76868
1650.0 4850.0 -0.84118
1750.0 4850.0 -0.92354
1850.0 4850.0 -0.97404
1950.0 4850.0 -0.94600
2050.0 4850.0 -0.81413
2150.0 4850.0 -0.58669
2250.0 4850.0 -0.30359
2350.0 4850.0 -0.02029
2450.0 4850.0 0.22239
2550.0 4850.0 0.44348
2650.0 4850.0 0.72349
2750.0 4850.0 1.04807
2850.0 4850.0 1.31977
2950.0 4850.0 1.43698
3050.0 4850.0 1.34504
3150.0 4850.0 1.05838
3250.0 4850.0 0.65381
3350.0 4850.0 0.23479
3450.0 4850.0 -0.13317
3550.0 4850.0 -0.46592
3650.0 4850.0 -0.71478
3750.0 4850.0 -0.83123
3850.0 4850.0 -0.81100
3950.0 4850.0 -0.68976
4050.0 4850.0 -0.53255
4150.0 4850.0 -0.41699
4250.0 4850.0 -0.41008
4350.0 4850.0 -0.53887
4450.0 4850.0 -0.75561
4550.0 4850.0 -0.97046
4650.0 4850.0 -1.12842
4750.0 4850.0 -1.17344
4850.0 4850.0 -1.07274
4950.0 4850.0 -0.83472
5050.0 4850.0 -0.51104
5150.0 4850.0 -0.18298
5250.0 4850.0 0.06794
5350.0 4850.0 0.20517
5450.0 4850.0 0.27418
5550.0 4850.0 0.20542
5650.0 4850.0 -0.08011
5750.0 4850.0 -0.54019
5850.0 4850.0 -1.06699
5950.0 4850.0 -1.53557
6050.0 4850.0 -1.84152
6150.0 4850.0 -1.92798
6250.0 4850.0 -1.80190
6350.0 4850.0 -1.53954
50.0 4950.0 -0.08368
150.0 4950.0 -0.28958
250.0 4950.0 -0.51809
350.0 4950.0 -0.70217
450.0 4950.0 -0.79101
550.0 4950.0 -0.78493
650.0 4950.0 -0.74929
750.0 4950.0 -0.70073
850.0 4950.0 -0.64405
950.0 4950.0 -0.59367
1050.0 4950.0 -0.56367
1150.0 4950.0 -0.56149
1250.0 4950.0 -0.58540
1350.0 4950.0 -0.62572
1450.0 4950.0 -0.66981
1550.0 4950.0 -0.71076
1650.0 4950.0 -0.75179
1750.0 4950.0 -0.77704
1850.0 4950.0 -0.75178
1950.0 4950.0 -0.64739
2050.0 4950.0 -0.45724
2150.0 4950.0 -0.20197
2250.0 4950.0 0.07580
2350.0 4950.0 0.32734
2450.0 4950.0 0.52432
2550.0 4950.0 0.69656
2650.0 4950.0 0.92813
2750.0 4950.0 1.21294
2850.0 4950.0 1.46515
2950.0 4950.0 1.59061
3050.0 4950.0 1.53390
3150.0 4950.0 1.29988
3250.0 4950.0 0.94990
3350.0 4950.0 0.57253
3450.0 4950.0 0.22884
3550.0 4950.0 -0.09157
3650.0 4950.0 -0.36077
3750.0 4950.0 -0.53631
3850.0 4950.0 -0.60043
3950.0 4950.0 -0.56657
4050.0 4950.0 -0.47743
4150.0 4950.0 -0.39443
4250.0 4950.0 -0.37870
4350.0 4950.0 -0.46346
4450.0 4950.0 -0.61898
4550.0 4950.0 -0.78810
4650.0 4950.0 -0.94577
4750.0 4950.0 -1.04124
4850.0 4950.0 -1.02838
4950.0 4950.0 -0.89123
5050.0 4950.0 -0.65375
5150.0 4950.0 -0.37346
5250.0 4950.0 -0.11930
5350.0 4950.0 0.06653
5450.0 4950.0 0.20321
5550.0 4950.0 0.21433
5650.0 4950.0 0.01601
5750.0 4950.0 -0.36973
5850.0 4950.0 -0.85521
5950.0 4950.0 -1.32553
6050.0 4950.0 -1.67211
6150.0 4950.0 -1.82148
6250.0 4950.0 -1.75924
6350.0 4950.0 -1.54919
50.0 5050.0 -0.32335
150.0 5050.0 -0.49088
250.0 5050.0 -0.63351
350.0 5050.0 -0.69816
450.0 5050.0 -0.65625
550.0 5050.0 -0.52523
650.0 5050.0 -0.37124
750.0 5050.0 -0.22675
850.0 5050.0 -0.11991
950.0 5050.0 -0.07831
1050.0 5050.0 -0.11301
1150.0 5050.0 -0.21166
1250.0 5050.0 -0.34065
1350.0 5050.0 -0.45622
1450.0 5050.0 -0.52479
1550.0 5050.0 -0.55171
1650.0 5050.0 -0.56753
1750.0 5050.0 -0.55440
1850.0 5050.0 -0.48559
1950.0 5050.0 -0.34624
2050.0 5050.0 -0.14133
2150.0 5050.0 0.10361
2250.0 5050.0 0.34918
2350.0 5050.0 0.55609
2450.0 5050.0 0.70648
2550.0 5050.0 0.83382
2650.0 5050.0 1.02270
2750.0 5050.0 1.27597
2850.0 5050.0 1.51842
2950.0 5050.0 1.66165
3050.0 5050.0 1.64788
3150.0 5050.0 1.47142
3250.0 5050.0 1.17804
3350.0 5050.0 0.84206
3450.0 5050.0 0.52125
3550.0 5050.0 0.21325
3650.0 5050.0 -0.06815
3750.0 5050.0 -0.28404
3850.0 5050.0 -0.40530
3950.0 5050.0 -0.42796
4050.0 5050.0 -0.37814
4150.0 5050.0 -0.30619
4250.0 5050.0 -0.27043
4350.0 5050.0 -0.31006
4450.0 5050.0 -0.40892
4550.0 5050.0 -0.53799
4650.0 5050.0 -0.70262
4750.0 5050.0 -0.85767
4850.0 5050.0 -0.94320
4950.0 5050.0 -0.91812
5050.0 5050.0 -0.77764
5150.0 5050.0 -0.55465
5250.0 5050.0 -0.30499
5350.0 5050.0 -0.07660
5450.0 5050.0 0.12295
5550.0 5050.0 0.21647
5650.0 5050.0 0.12186
5750.0 5050.0 -0.15777
5850.0 5050.0 -0.55842
5950.0 5050.0 -0.98208
6050.0 5050.0 -1.32436
6150.0 5050.0 -1.50278
6250.0 5050.0 -1.48556
6350.0 5050.0 -1.32121
50.0 5150.0 -0.42087
150.0 5150.0 -0.56281
250.0 5150.0 -0.64363
350.0 5150.0 -0.62033
450.0 5150.0 -0.48091
550.0 5150.0 -0.25593
650.0 5150.0 -0.01267
750.0 5150.0 0.20477
850.0 5150.0 0.35085
950.0 5150.0 0.38796
1050.0 5150.0 0.30700
1150.0 5150.0 0.13482
1250.0 5150.0 -0.07134
1350.0 5150.0 -0.24234
1450.0 5150.0 -0.32884
1550.0 5150.0 -0.34518
1650.0 5150.0 -0.34626
1750.0 5150.0 -0.32042
1850.0 5150.0 -0.24875
1950.0 5150.0 -0.12349
2050.0 5150.0 0.04799
2150.0 5150.0 0.24392
2250.0 5150.0 0.43390
2350.0 5150.0 0.58947
2450.0 5150.0 0.69947
2550.0 5150.0 0.79294
2650.0 5150.0 0.95082
2750.0 5150.0 1.18349
2850.0 5150.0 1.42371
2950.0 5150.0 1.58675
3050.0 5150.0 1.61200
3150.0 5150.0 1.48470
3250.0 5150.0 1.23800
3350.0 5150.0 0.93516
3450.0 5150.0 0.63195
3550.0 5150.0 0.33469
3650.0 5150.0 0.05263
3750.0 5150.0 -0.17535
3850.0 5150.0 -0.31291
3950.0 5150.0 -0.34695
4050.0 5150.0 -0.29627
4150.0 5150.0 -0.20790
4250.0 5150.0 -0.14140
4350.0 5150.0 -0.14091
4450.0 5150.0 -0.19655
4550.0 5150.0 -0.29635
4650.0 5150.0 -0.46951
4750.0 5150.0 -0.67541
4850.0 5150.0 -0.84308
4950.0 5150.0 -0.91118
5050.0 5150.0 -0.85183
5150.0 5150.0 -0.67807
5250.0 5150.0 -0.43517
5350.0 5150.0 -0.17568
5450.0 5150.0 0.07181
5550.0 5150.0 0.23489
5650.0 5150.0 0.23810
5750.0 5150.0 0.06990
5850.0 5150.0 -0.22777
5950.0 5150.0 -0.57602
6050.0 5150.0 -0.88034
6150.0 5150.0 -1.05663
6250.0 5150.0 -1.06195
6350.0 5150.0 -0.93003
50.0 5250.0 -0.38671
150.0 5250.0 -0.53379
250.0 5250.0 -0.59712
350.0 5250.0 -0.53674
450.0 5250.0 -0.34885
550.0 5250.0 -0.07265
650.0 5250.0 0.22070
750.0 5250.0 0.48079
850.0 5250.0 0.65305
950.0 5250.0 0.69404
1050.0 5250.0 0.59477
1150.0 5250.0 0.38894
1250.0 5250.0 0.14577
1350.0 5250.0 -0.05230
1450.0 5250.0 -0.14726
1550.0 5250.0 -0.15761
1650.0 5250.0 -0.15562
1750.0 5250.0 -0.14232
1850.0 5250.0 -0.10533
1950.0 5250.0 -0.03687
2050.0 5250.0 0.06201
2150.0 5250.0 0.18069
2250.0 5250.0 0.30176
2350.0 5250.0 0.40724
2450.0 5250.0 0.48835
2550.0 5250.0 0.56280
2650.0 5250.0 0.70392
2750.0 5250.0 0.92651
2850.0 5250.0 1.16775
2950.0 5250.0 1.34468
3050.0 5250.0 1.39463
3150.0 5250.0 1.29730
3250.0 5250.0 1.07842
3350.0 5250.0 0.79492
3450.0 5250.0 0.50169
3550.0 5250.0 0.21227
3650.0 5250.0 -0.05885
3750.0 5250.0 -0.26926
3850.0 5250.0 -0.38039
3950.0 5250.0 -0.37934
4050.0 5250.0 -0.28771
4150.0 5250.0 -0.15732
4250.0 5250.0 -0.05293
4350.0 5250.0 -0.02197
4450.0 5250.0 -0.05280
4550.0 5250.0 -0.13606
4650.0 5250.0 -0.31323
4750.0 5250.0 -0.54612
4850.0 5250.0 -0.75776
4950.0 5250.0 -0.87582
5050.0 5250.0 -0.85987
5150.0 5250.0 -0.71218
5250.0 5250.0 -0.47229
5350.0 5250.0 -0.19523
5450.0 5250.0 0.07951
5550.0 5250.0 0.28780
5650.0 5250.0 0.36241
5750.0 5250.0 0.28338
5850.0 5250.0 0.07667
5950.0 5250.0 -0.19499
6050.0 5250.0 -0.44832
6150.0 5250.0 -0.60281
6250.0 5250.0 -0.61090
6350.0 5250.0 -0.49537
50.0 5350.0 -0.26631
150.0 5350.0 -0.45335
250.0 5350.0 -0.54537
350.0 5350.0 -0.49812
450.0 5350.0 -0.30807
550.0 5350.0 -0.01955
650.0 5350.0 0.28866
750.0 5350.0 0.56453
850.0 5350.0 0.75218
950.0 5350.0 0.80591
1050.0 5350.0 0.71510
1150.0 5350.0 0.51310
1250.0 5350.0 0.27035
1350.0 5350.0 0.07157
1450.0 5350.0 -0.02298
1550.0 5350.0 -0.03144
1650.0 5350.0 -0.03556
1750.0 5350.0 -0.05248
1850.0 5350.0 -0.07463
1950.0 5350.0 -0.08886
2050.0 5350.0 -0.08394
2150.0 5350.0 -0.05507
2250.0 5350.0 -0.00517
2350.0 5350.0 0.05688
2450.0 5350.0 0.12108
2550.0 5350.0 0.18987
2650.0 5350.0 0.32619
2750.0 5350.0 0.54587
2850.0 5350.0 0.78739
2950.0 5350.0 0.96824
3050.0 5350.0 1.02520
3150.0 5350.0 0.93640
3250.0 5350.0 0.72544
3350.0 5350.0 0.44746
3450.0 5350.0 0.15708
3550.0 5350.0 -0.12745
3650.0 5350.0 -0.37931
3750.0 5350.0 -0.55001
3850.0 5350.0 -0.60292
3950.0 5350.0 -0.53274
4050.0 5350.0 -0.37168
4150.0 5350.0 -0.18238
4250.0 5350.0 -0.03756
4350.0 5350.0 0.01367
4450.0 5350.0 -0.00902
4550.0 5350.0 -0.08626
4650.0 5350.0 -0.25983
4750.0 5350.0 -0.49180
4850.0 5350.0 -0.70445
4950.0 5350.0 -0.82414
5050.0 5350.0 -0.80896
5150.0 5350.0 -0.65995
5250.0 5350.0 -0.41603
5350.0 5350.0 -0.13256
5450.0 5350.0 0.15053
5550.0 5350.0 0.37836
5650.0 5350.0 0.49081
5750.0 5350.0 0.46518
5850.0 5350.0 0.31910
5950.0 5350.0 0.10503
6050.0 5350.0 -0.10293
6150.0 5350.0 -0.22989
6250.0 5350.0 -0.22867
6350.0 5350.0 -0.11606
50.0 5450.0 -0.12427
150.0 5450.0 -0.36507
250.0 5450.0 -0.50407
350.0 5450.0 -0.48987
450.0 5450.0 -0.31595
550.0 5450.0 -0.03037
650.0 5450.0 0.27896
750.0 5450.0 0.56047
850.0 5450.0 0.76012
950.0 5450.0 0.83140
1050.0 5450.0 0.76115
1150.0 5450.0 0.57935
1250.0 5450.0 0.35319
1350.0 5450.0 0.16510
1450.0 5450.0 0.07501
1550.0 5450.0 0.06714
1650.0 5450.0 0.05339
1750.0 5450.0 -0.00092
1850.0 5450.0 -0.09232
1950.0 5450.0 -0.19995
2050.0 5450.0 -0.29780
2150.0 5450.0 -0.36376
2250.0 5450.0 -0.38558
2350.0 5450.0 -0.36368
2450.0 5450.0 -0.31079
2550.0 5450.0 -0.24147
2650.0 5450.0 -0.10460
2750.0 5450.0 0.11524
2850.0 5450.0 0.35670
2950.0 5450.0 0.53761
3050.0 5450.0 0.59499
3150.0 5450.0 0.50711
3250.0 5450.0 0.29758
3350.0 5450.0 0.02137
3450.0 5450.0 -0.26708
3550.0 5450.0 -0.54621
3650.0 5450.0 -0.77505
3750.0 5450.0 -0.89869
3850.0 5450.0 -0.88407
3950.0 5450.0 -0.73582
4050.0 5450.0 -0.49896
4150.0 5450.0 -0.24827
4250.0 5450.0 -0.06461
4350.0 5450.0 0.00216
4450.0 5450.0 -0.01850
4550.0 5450.0 -0.09278
4650.0 5450.0 -0.25741
4750.0 5450.0 -0.47374
4850.0 5450.0 -0.66578
4950.0 5450.0 -0.76311
5050.0 5450.0 -0.72746
5150.0 5450.0 -0.56300
5250.0 5450.0 -0.31035
5350.0 5450.0 -0.02414
5450.0 5450.0 0.25997
5550.0 5450.0 0.49608
5650.0 5450.0 0.62962
5750.0 5450.0 0.63736
5850.0 5450.0 0.53231
5950.0 5450.0 0.36014
6050.0 5450.0 0.18799
6150.0 5450.0 0.08544
6250.0 5450.0 0.09785
6350.0 5450.0 0.21192
50.0 5550.0 -0.02680
150.0 5550.0 -0.30263
250.0 5550.0 -0.47359
350.0 5550.0 -0.48268
450.0 5550.0 -0.32055
550.0 5550.0 -0.03726
650.0 5550.0 0.27335
750.0 5550.0 0.56272
850.0 5550.0 0.77988
950.0 5550.0 0.87769
1050.0 5550.0 0.83953
1150.0 5550.0 0.69041
1250.0 5550.0 0.49230
1350.0 5550.0 0.32367
1450.0 5550.0 0.24340
1550.0 5550.0 0.23912
1650.0 5550.0 0.21384
1750.0 5550.0 0.10772
1850.0 5550.0 -0.08038
1950.0 5550.0 -0.31713
2050.0 5550.0 -0.55441
2150.0 5550.0 -0.74549
2250.0 5550.0 -0.85748
2350.0 5550.0 -0.88027
2450.0 5550.0 -0.83181
2550.0 5550.0 -0.75086
2650.0 5550.0 -0.60389
2750.0 5550.0 -0.37620
2850.0 5550.0 -0.12708
2950.0 5550.0 0.06388
3050.0 5550.0 0.13553
3150.0 5550.0 0.06655
3250.0 5550.0 -0.12047
3350.0 5550.0 -0.37250
3450.0 5550.0 -0.63680
3550.0 5550.0 -0.89002
3650.0 5550.0 -1.08403
3750.0 5550.0 -1.16298
3850.0 5550.0 -1.09834
3950.0 5550.0 -0.90124
4050.0 5550.0 -0.62262
4150.0 5550.0 -0.34093
4250.0 5550.0 -0.13750
4350.0 5550.0 -0.05958
4450.0 5550.0 -0.07286
4550.0 5550.0 -0.13534
4650.0 5550.0 -0.27591
4750.0 5550.0 -0.45503
4850.0 5550.0 -0.60088
4950.0 5550.0 -0.64984
5050.0 5550.0 -0.57096
5150.0 5550.0 -0.37424
5250.0 5550.0 -0.10295
5350.0 5550.0 0.19028
5450.0 5550.0 0.47729
5550.0 5550.0 0.71895
5650.0 5550.0 0.86186
5750.0 5550.0 0.88116
5850.0 5550.0 0.78717
5950.0 5550.0 0.62311
6050.0 5550.0 0.45463
6150.0 5550.0 0.35119
6250.0 5550.0 0.35927
6350.0 5550.0 0.46736
50.0 5650.0 -0.00462
150.0 5650.0 -0.28350
250.0 5650.0 -0.46056
350.0 5650.0 -0.47601
450.0 5650.0 -0.31781
550.0 5650.0 -0.03519
650.0 5650.0 0.27714
750.0 5650.0 0.57632
850.0 5650.0 0.81580
950.0 5650.0 0.94828
1050.0 5650.0 0.95331
1150.0 5650.0 0.84965
1250.0 5650.0 0.69218
1350.0 5650.0 0.55359
1450.0 5650.0 0.49065
1550.0 5650.0 0.49520
1650.0 5650.0 0.45785
1750.0 5650.0 0.28498
1850.0 5650.0 -0.02899
1950.0 5650.0 -0.43189
2050.0 5650.0 -0.84480
2150.0 5650.0 -1.18814
2250.0 5650.0 -1.40295
2350.0 5650.0 -1.46729
2450.0 5650.0 -1.40787
2550.0 5650.0 -1.29589
2650.0 5650.0 -1.12429
2750.0 5650.0 -0.88107
2850.0 5650.0 -0.62009
2950.0 5650.0 -0.41307
3050.0 5650.0 -0.31467
3150.0 5650.0 -0.34327
3250.0 5650.0 -0.47762
3350.0 5650.0 -0.66923
3450.0 5650.0 -0.87061
3550.0 5650.0 -1.06169
3650.0 5650.0 -1.20083
3750.0 5650.0 -1.24115
3850.0 5650.0 -1.16015
3950.0 5650.0 -0.96899
4050.0 5650.0 -0.71186
4150.0 5650.0 -0.45524
4250.0 5650.0 -0.26714
4350.0 5650.0 -0.18621
4450.0 5650.0 -0.18246
4550.0 5650.0 -0.21910
4650.0 5650.0 -0.31522
4750.0 5650.0 -0.43075
4850.0 5650.0 -0.50097
4950.0 5650.0 -0.47296
5050.0 5650.0 -0.32655
5150.0 5650.0 -0.07978
5250.0 5650.0 0.22114
5350.0 5650.0 0.52728
5450.0 5650.0 0.82086
5550.0 5650.0 1.06538
5650.0 5650.0 1.20203
5750.0 5650.0 1.20223
5850.0 5650.0 1.07597
5950.0 5650.0 0.86998
6050.0 5650.0 0.65657
6150.0 5650.0 0.51305
6250.0 5650.0 0.49180
6350.0 5650.0 0.58103
50.0 5750.0 -0.04932
150.0 5750.0 -0.30271
250.0 5750.0 -0.46295
350.0 5750.0 -0.46986
450.0 5750.0 -0.30872
550.0 5750.0 -0.02536
650.0 5750.0 0.28858
750.0 5750.0 0.59607
850.0 5750.0 0.85502
950.0 5750.0 1.01903
1050.0 5750.0 1.06506
1150.0 5750.0 1.00649
1250.0 5750.0 0.89145
1350.0 5750.0 0.78649
1450.0 5750.0 0.74552
1550.0 5750.0 0.76378
1650.0 5750.0 0.71782
1750.0 5750.0 0.47890
1850.0 5750.0 0.03886
1950.0 5750.0 -0.52826
2050.0 5750.0 -1.11016
2150.0 5750.0 -1.59346
2250.0 5750.0 -1.89398
2350.0 5750.0 -1.98019
2450.0 5750.0 -1.88992
2550.0 5750.0 -1.72815
2650.0 5750.0 -1.52094
2750.0 5750.0 -1.26331
2850.0 5750.0 -1.00032
2950.0 5750.0 -0.78880
3050.0 5750.0 -0.66954
3150.0 5750.0 -0.65260
3250.0 5750.0 -0.71590
3350.0 5750.0 -0.81715
3450.0 5750.0 -0.91890
3550.0 5750.0 -1.01281
3650.0 5750.0 -1.07867
3750.0 5750.0 -1.08860
3850.0 5750.0 -1.02739
3950.0 5750.0 -0.89942
4050.0 5750.0 -0.72915
4150.0 5750.0 -0.55530
4250.0 5750.0 -0.41864
4350.0 5750.0 -0.34339
4450.0 5750.0 -0.31336
4550.0 5750.0 -0.31298
4650.0 5750.0 -0.35393
4750.0 5750.0 -0.39676
4850.0 5750.0 -0.38487
4950.0 5750.0 -0.27631
5050.0 5750.0 -0.06103
5150.0 5750.0 0.23633
5250.0 5750.0 0.56818
5350.0 5750.0 0.89031
5450.0 5750.0 1.19418
5550.0 5750.0 1.44141
5650.0 5750.0 1.56320
5750.0 5750.0 1.52502
5850.0 5750.0 1.33739
5950.0 5750.0 1.05428
6050.0 5750.0 0.76030
6150.0 5750.0 0.54661
6250.0 5750.0 0.47556
6350.0 5750.0 0.53408
50.0 5850.0 -0.12896
150.0 5850.0 -0.34175
250.0 5850.0 -0.47329
350.0 5850.0 -0.46407
450.0 5850.0 -0.29657
550.0 5850.0 -0.01174
650.0 5850.0 0.30310
750.0 5850.0 0.61368
850.0 5850.0 0.88098
950.0 5850.0 1.06079
1050.0 5850.0 1.13027
1150.0 5850.0 1.10071
1250.0 5850.0 1.01628
1350.0 5850.0 0.93896
1450.0 5850.0 0.91960
1550.0 5850.0 0.95444
1650.0 5850.0 0.90706
1750.0 5850.0 0.62139
1850.0 5850.0 0.09002
1950.0 5850.0 -0.59298
2050.0 5850.0 -1.28774
2150.0 5850.0 -1.85512
2250.0 5850.0 -2.19393
2350.0 5850.0 -2.26878
2450.0 5850.0 -2.12881
2550.0 5850.0 -1.90537
2650.0 5850.0 -1.65947
2750.0 5850.0 -1.39881
2850.0 5850.0 -1.15738
2950.0 5850.0 -0.97036
3050.0 5850.0 -0.85641
3150.0 5850.0 -0.81005
3250.0 5850.0 -0.80414
3350.0 5850.0 -0.80244
3450.0 5850.0 -0.78230
3550.0 5850.0 -0.75686
3650.0 5850.0 -0.73902
3750.0 5850.0 -0.72672
3850.0 5850.0 -0.71268
3950.0 5850.0 -0.68947
4050.0 5850.0 -0.65271
4150.0 5850.0 -0.60245
4250.0 5850.0 -0.54281
4350.0 5850.0 -0.47978
4450.0 5850.0 -0.41767
4550.0 5850.0 -0.37621
4650.0 5850.0 -0.36639
4750.0 5850.0 -0.35122
4850.0 5850.0 -0.28053
4950.0 5850.0 -0.11917
5050.0 5850.0 0.13821
5150.0 5850.0 0.46565
5250.0 5850.0 0.81768
5350.0 5850.0 1.15443
5450.0 5850.0 1.47114
5550.0 5850.0 1.72412
5650.0 5850.0 1.83367
5750.0 5850.0 1.75783
5850.0 5850.0 1.50642
5950.0 5850.0 1.14037
6050.0 5850.0 0.75743
6150.0 5850.0 0.46429
6250.0 5850.0 0.33505
6350.0 5850.0 0.35612
50.0 5950.0 -0.20205
150.0 5950.0 -0.37672
250.0 5950.0 -0.48194
350.0 5950.0 -0.45838
450.0 5950.0 -0.28546
550.0 5950.0 0.00066
650.0 5950.0 0.31529
750.0 5950.0 0.62168
850.0 5950.0 0.88136
950.0 5950.0 1.05350
1050.0 5950.0 1.11903
1150.0 5950.0 1.09172
1250.0 5950.0 1.01621
1350.0 5950.0 0.95294
1450.0 5950.0 0.95005
1550.0 5950.0 1.00150
1650.0 5950.0 0.96140
1750.0 5950.0 0.66090
1850.0 5950.0 0.09697
1950.0 5950.0 -0.62233
2050.0 5950.0 -1.34181
2150.0 5950.0 -1.91112
2250.0 5950.0 -2.22500
2350.0 5950.0 -2.25174
2450.0 5950.0 -2.04973
2550.0 5950.0 -1.76295
2650.0 5950.0 -1.48391
2750.0 5950.0 -1.23829
2850.0 5950.0 -1.04854
2950.0 5950.0 -0.92357
3050.0 5950.0 -0.85326
3150.0 5950.0 -0.80976
3250.0 5950.0 -0.75569
3350.0 5950.0 -0.65913
3450.0 5950.0 -0.51549
3550.0 5950.0 -0.36756
3650.0 5950.0 -0.26646
3750.0 5950.0 -0.23764
3850.0 5950.0 -0.28154
3950.0 5950.0 -0.37718
4050.0 5950.0 -0.48862
4150.0 5950.0 -0.57434
4250.0 5950.0 -0.59951
4350.0 5950.0 -0.55120
4450.0 5950.0 -0.45631
4550.0 5950.0 -0.37787
4650.0 5950.0 -0.33521
4750.0 5950.0 -0.29570
4850.0 5950.0 -0.21184
4950.0 5950.0 -0.04800
5050.0 5950.0 0.20504
5150.0 5950.0 0.52752
5250.0 5950.0 0.88028
5350.0 5950.0 1.22636
5450.0 5950.0 1.55659
5550.0 5950.0 1.82051
5650.0 5950.0 1.93070
5750.0 5950.0 1.83729
5850.0 5950.0 1.54649
5950.0 5950.0 1.12210
6050.0 5950.0 0.67090
6150.0 5950.0 0.31208
6250.0 5950.0 0.13059
6350.0 5950.0 0.11440
50.0 6050.0 -0.22979
150.0 6050.0 -0.38536
250.0 6050.0 -0.47994
350.0 6050.0 -0.45251
450.0 6050.0 -0.27909
550.0 6050.0 0.00730
650.0 6050.0 0.32061
750.0 6050.0 0.61581
850.0 6050.0 0.85234
950.0 6050.0 0.99341
1050.0 6050.0 1.02680
1150.0 6050.0 0.97321
1250.0 6050.0 0.88230
1350.0 6050.0 0.81640
1450.0 6050.0 0.82181
1550.0 6050.0 0.88713
1650.0 6050.0 0.86167
1750.0 6050.0 0.58018
1850.0 6050.0 0.04701
1950.0 6050.0 -0.62423
2050.0 6050.0 -1.27754
2150.0 6050.0 -1.76755
2250.0 6050.0 -1.99842
2350.0 6050.0 -1.94883
2450.0 6050.0 -1.68294
2550.0 6050.0 -1.34178
2650.0 6050.0 -1.04184
2750.0 6050.0 -0.83003
2850.0 6050.0 -0.71866
2950.0 6050.0 -0.68948
3050.0 6050.0 -0.70061
3150.0 6050.0 -0.69762
3250.0 6050.0 -0.62854
3350.0 6050.0 -0.46296
3450.0 6050.0 -0.21514
3550.0 6050.0 0.03856
3650.0 6050.0 0.21190
3750.0 6050.0 0.25581
3850.0 6050.0 0.16313
3950.0 6050.0 -0.03365
4050.0 6050.0 -0.27160
4150.0 6050.0 -0.47354
4250.0 6050.0 -0.57120
4350.0 6050.0 -0.53531
4450.0 6050.0 -0.41220
4550.0 6050.0 -0.30758
4650.0 6050.0 -0.25749
4750.0 6050.0 -0.23504
4850.0 6050.0 -0.19076
4950.0 6050.0 -0.08054
5050.0 6050.0 0.11748
5150.0 6050.0 0.39705
5250.0 6050.0 0.72891
5350.0 6050.0 1.07689
5450.0 6050.0 1.41922
5550.0 6050.0 1.69977
5650.0 6050.0 1.82936
5750.0 6050.0 1.75100
5850.0 6050.0 1.46369
5950.0 6050.0 1.02758
6050.0 6050.0 0.55080
6150.0 6050.0 0.15836
6250.0 6050.0 -0.05731
6350.0 6050.0 -0.10373
50.0 6150.0 -0.18625
150.0 6150.0 -0.35289
250.0 6150.0 -0.46134
350.0 6150.0 -0.44621
450.0 6150.0 -0.27982
550.0 6150.0 0.00531
650.0 6150.0 0.31649
750.0 6150.0 0.59607
850.0 6150.0 0.79927
950.0 6150.0 0.89333
1050.0 6150.0 0.87450
1150.0 6150.0 0.77325
1250.0 6150.0 0.64757
1350.0 6150.0 0.56444
1450.0 6150.0 0.56942
1550.0 6150.0 0.64382
1650.0 6150.0 0.63664
1750.0 6150.0 0.39939
1850.0 6150.0 -0.05508
1950.0 6150.0 -0.61554
2050.0 6150.0 -1.13767
2150.0 6150.0 -1.49379
2250.0 6150.0 -1.60720
2350.0 6150.0 -1.47087
2450.0 6150.0 -1.15071
2550.0 6150.0 -0.77232
2650.0 6150.0 -0.46679
2750.0 6150.0 -0.30236
2850.0 6150.0 -0.28412
2950.0 6150.0 -0.36980
3050.0 6150.0 -0.48768
3150.0 6150.0 -0.55652
3250.0 6150.0 -0.50767
3350.0 6150.0 -0.30917
3450.0 6150.0 0.00793
3550.0 6150.0 0.33539
3650.0 6150.0 0.56245
3750.0 6150.0 0.62492
3850.0 6150.0 0.51038
3950.0 6150.0 0.25752
4050.0 6150.0 -0.05438
4150.0 6150.0 -0.32570
4250.0 6150.0 -0.46654
4350.0 6150.0 -0.43653
4450.0 6150.0 -0.29377
4550.0 6150.0 -0.17730
4650.0 6150.0 -0.14493
4750.0 6150.0 -0.17586
4850.0 6150.0 -0.21461
4950.0 6150.0 -0.20241
5050.0 6150.0 -0.09844
5150.0 6150.0 0.10924
5250.0 6150.0 0.40310
5350.0 6150.0 0.74567
5450.0 6150.0 1.09698
5550.0 6150.0 1.39851
5650.0 6150.0 1.56646
5750.0 6150.0 1.53848
5850.0 6150.0 1.30317
5950.0 6150.0 0.91004
6050.0 6150.0 0.45967
6150.0 6150.0 0.07445
6250.0 6150.0 -0.15037
6350.0 6150.0 -0.21517
50.0 6250.0 -0.06679
150.0 6250.0 -0.27680
250.0 6250.0 -0.42517
350.0 6250.0 -0.43937
450.0 6250.0 -0.28790
550.0 6250.0 -0.00566
650.0 6250.0 0.30312
750.0 6250.0 0.56619
850.0 6250.0 0.73361
950.0 6250.0 0.77589
1050.0 6250.0 0.69765
1150.0 6250.0 0.53976
1250.0 6250.0 0.36975
1350.0 6250.0 0.26067
1450.0 6250.0 0.25830
1550.0 6250.0 0.33643
1650.0 6250.0 0.34676
1750.0 6250.0 0.16416
1850.0 6250.0 -0.19076
1950.0 6250.0 -0.61471
2050.0 6250.0 -0.98206
2150.0 6250.0 -1.18906
2250.0 6250.0 -1.18169
2350.0 6250.0 -0.96741
2450.0 6250.0 -0.61055
2550.0 6250.0 -0.21500
2650.0 6250.0 0.08208
2750.0 6250.0 0.19404
2850.0 6250.0 0.11946
2950.0 6250.0 -0.08153
3050.0 6250.0 -0.31309
3150.0 6250.0 -0.47079
3250.0 6250.0 -0.46976
3350.0 6250.0 -0.27413
3450.0 6250.0 0.07241
3550.0 6250.0 0.43615
3650.0 6250.0 0.69653
3750.0 6250.0 0.78461
3850.0 6250.0 0.68423
3950.0 6250.0 0.43339
4050.0 6250.0 0.11436
4150.0 6250.0 -0.16717
4250.0 6250.0 -0.31417
4350.0 6250.0 -0.28134
4450.0 6250.0 -0.12888
4550.0 6250.0 -0.01431
4650.0 6250.0 -0.01775
4750.0 6250.0 -0.12389
4850.0 6250.0 -0.26878
4950.0 6250.0 -0.37617
5050.0 6250.0 -0.38403
5150.0 6250.0 -0.26107
5250.0 6250.0 -0.01348
5350.0 6250.0 0.31846
5450.0 6250.0 0.67490
5550.0 6250.0 0.99937
5650.0 6250.0 1.21968
5750.0 6250.0 1.27033
5850.0 6250.0 1.12759
5950.0 6250.0 0.82480
6050.0 6250.0 0.44733
6150.0 6250.0 0.10728
6250.0 6250.0 -0.10208
6350.0 6250.0 -0.17214
50.0 6350.0 0.10538
150.0 6350.0 -0.17050
250.0 6350.0 -0.37684
350.0 6350.0 -0.43211
450.0 6350.0 -0.30096
550.0 6350.0 -0.02272
650.0 6350.0 0.28377
750.0 6350.0 0.53174
850.0 6350.0 0.66613
950.0 6350.0 0.65985
1050.0 6350.0 0.52483
1150.0 6350.0 0.31143
1250.0 6350.0 0.09635
1350.0 6350.0 -0.04110
1450.0 6350.0 -0.05431
1550.0 6350.0 0.02368
1650.0 6350.0 0.04851
1750.0 6350.0 -0.08100
1850.0 6350.0 -0.33806
1950.0 6350.0 -0.62954
2050.0 6350.0 -0.85016
2150.0 6350.0 -0.92036
2250.0 6350.0 -0.80775
2350.0 6350.0 -0.53224
2450.0 6350.0 -0.15483
2550.0 6350.0 0.24299
2650.0 6350.0 0.52313
2750.0 6350.0 0.58408
2850.0 6350.0 0.42541
2950.0 6350.0 0.11946
3050.0 6350.0 -0.21991
3150.0 6350.0 -0.46954
3250.0 6350.0 -0.53021
3350.0 6350.0 -0.36090
3450.0 6350.0 -0.01401
3550.0 6350.0 0.35819
3650.0 6350.0 0.63734
3750.0 6350.0 0.75771
3850.0 6350.0 0.70045
3950.0 6350.0 0.49738
4050.0 6350.0 0.22341
4150.0 6350.0 -0.02229
4250.0 6350.0 -0.14662
4350.0 6350.0 -0.10403
4450.0 6350.0 0.05078
4550.0 6350.0 0.15474
4650.0 6350.0 0.10758
4750.0 6350.0 -0.07992
4850.0 6350.0 -0.33465
4950.0 6350.0 -0.56288
5050.0 6350.0 -0.68215
5150.0 6350.0 -0.64324
5250.0 6350.0 -0.44232
5350.0 6350.0 -0.12328
5450.0 6350.0 0.23532
5550.0 6350.0 0.58267
5650.0 6350.0 0.86176
5750.0 6350.0 1.00566
5850.0 6350.0 0.97774
5950.0 6350.0 0.79237
6050.0 6350.0 0.51534
6150.0 6350.0 0.24382
6250.0 6350.0 0.06595
6350.0 6350.0 0.00000
