50.0 50.0 0.00000
150.0 50.0 -0.09834
250.0 50.0 -0.34666
350.0 50.0 -0.68152
450.0 50.0 -0.95153
550.0 50.0 -1.02971
650.0 50.0 -0.87433
750.0 50.0 -0.53838
850.0 50.0 -0.12747
950.0 50.0 0.30034
1050.0 50.0 0.79934
1150.0 50.0 1.27766
1250.0 50.0 1.55299
1350.0 50.0 1.50787
1450.0 50.0 1.16362
1550.0 50.0 0.67138
1650.0 50.0 0.22036
1750.0 50.0 -0.13189
1850.0 50.0 -0.43628
1950.0 50.0 -0.62074
2050.0 50.0 -0.63232
2150.0 50.0 -0.48088
2250.0 50.0 -0.24163
2350.0 50.0 -0.03004
2450.0 50.0 0.05120
2550.0 50.0 -0.00718
2650.0 50.0 -0.11873
2750.0 50.0 -0.28999
2850.0 50.0 -0.47077
2950.0 50.0 -0.58212
3050.0 50.0 -0.57270
3150.0 50.0 -0.44446
3250.0 50.0 -0.24744
3350.0 50.0 -0.04375
3450.0 50.0 0.16872
3550.0 50.0 0.48564
3650.0 50.0 0.85220
3750.0 50.0 1.11719
3850.0 50.0 1.16046
3950.0 50.0 0.95966
4050.0 50.0 0.59580
4150.0 50.0 0.19760
4250.0 50.0 -0.16968
4350.0 50.0 -0.47687
4450.0 50.0 -0.63378
4550.0 50.0 -0.59941
4650.0 50.0 -0.40501
4750.0 50.0 -0.14597
4850.0 50.0 0.05142
4950.0 50.0 0.08856
5050.0 50.0 -0.02218
5150.0 50.0 -0.18783
5250.0 50.0 -0.41068
5350.0 50.0 -0.62068
5450.0 50.0 -0.72705
5550.0 50.0 -0.68126
5650.0 50.0 -0.50176
5750.0 50.0 -0.26043
5850.0 50.0 -0.03083
5950.0 50.0 0.20080
6050.0 50.0 0.50295
6150.0 50.0 0.80812
6250.0 50.0 0.99187
6350.0 50.0 0.97243
50.0 150.0 -0.07202
150.0 150.0 -0.16606
250.0 150.0 -0.41817
350.0 150.0 -0.76973
450.0 150.0 -1.06925
550.0 150.0 -1.18467
650.0 150.0 -1.06589
750.0 150.0 -0.75754
850.0 150.0 -0.36182
950.0 150.0 0.05959
1050.0 150.0 0.58410
1150.0 150.0 1.14017
1250.0 150.0 1.53867
1350.0 150.0 1.63698
1450.0 150.0 1.42353
1550.0 150.0 1.02082
1650.0 150.0 0.60706
1750.0 150.0 0.26002
1850.0 150.0 -0.05341
1950.0 150.0 -0.27367
2050.0 150.0 -0.34708
2150.0 150.0 -0.27136
2250.0 150.0 -0.10444
2350.0 150.0 0.05439
2450.0 150.0 0.11084
2550.0 150.0 0.04961
2650.0 150.0 -0.06037
2750.0 150.0 -0.22890
2850.0 150.0 -0.40606
2950.0 150.0 -0.51375
3050.0 150.0 -0.50149
3150.0 150.0 -0.37172
3250.0 150.0 -0.17448
3350.0 150.0 0.02862
3450.0 150.0 0.24307
3550.0 150.0 0.58363
3650.0 150.0 1.00566
3750.0 150.0 1.35116
3850.0 150.0 1.48308
3950.0 150.0 1.35919
4050.0 150.0 1.04490
4150.0 150.0 0.66500
4250.0 150.0 0.29820
4350.0 150.0 -0.03381
4450.0 150.0 -0.26428
4550.0 150.0 -0.34717
4650.0 150.0 -0.28967
4750.0 150.0 -0.15598
4850.0 150.0 -0.04544
4950.0 150.0 -0.04509
5050.0 150.0 -0.15680
5150.0 150.0 -0.30539
5250.0 150.0 -0.47136
5350.0 150.0 -0.58351
5450.0 150.0 -0.57002
5550.0 150.0 -0.40959
5650.0 150.0 -0.14563
5750.0 150.0 0.13661
5850.0 150.0 0.36987
5950.0 150.0 0.58733
6050.0 150.0 0.83132
6150.0 150.0 1.02097
6250.0 150.0 1.04980
6350.0 150.0 0.86983
50.0 250.0 -0.24498
150.0 250.0 -0.30476
250.0 250.0 -0.51942
350.0 250.0 -0.84669
450.0 250.0 -1.15289
550.0 250.0 -1.31190
650.0 250.0 -1.26339
750.0 250.0 -1.03045
850.0 250.0 -0.69655
950.0 250.0 -0.32422
1050.0 250.0 0.18575
1150.0 250.0 0.79340
1250.0 250.0 1.31395
1350.0 250.0 1.58186
1450.0 250.0 1.54335
1550.0 250.0 1.27492
1650.0 250.0 0.92786
1750.0 250.0 0.60117
1850.0 250.0 0.29728
1950.0 250.0 0.06940
2050.0 250.0 -0.03030
2150.0 250.0 0.00662
2250.0 250.0 0.13323
2350.0 250.0 0.26213
2450.0 250.0 0.30675
2550.0 250.0 0.24921
2650.0 250.0 0.14267
2750.0 250.0 -0.03608
2850.0 250.0 -0.24145
2950.0 250.0 -0.39197
3050.0 250.0 -0.42813
3150.0 250.0 -0.34095
3250.0 250.0 -0.17111
3350.0 250.0 0.02136
3450.0 250.0 0.23516
3550.0 250.0 0.60489
3650.0 250.0 1.10087
3750.0 250.0 1.55692
3850.0 250.0 1.81316
3950.0 250.0 1.79933
4050.0 250.0 1.55784
4150.0 250.0 1.20662
4250.0 250.0 0.84305
4350.0 250.0 0.48315
4450.0 250.0 0.16768
4550.0 250.0 -0.04760
4650.0 250.0 -0.13880
4750.0 250.0 -0.13350
4850.0 250.0 -0.10243
4950.0 250.0 -0.12327
5050.0 250.0 -0.21675
5150.0 250.0 -0.32800
5250.0 250.0 -0.42041
5350.0 250.0 -0.43301
5450.0 250.0 -0.32120
5550.0 250.0 -0.08997
5650.0 250.0 0.20312
5750.0 250.0 0.47500
5850.0 250.0 0.67426
5950.0 250.0 0.84704
6050.0 250.0 1.01540
6150.0 250.0 1.10031
6250.0 250.0 1.02005
6350.0 250.0 0.75390
50.0 350.0 -0.47457
150.0 350.0 -0.46292
250.0 350.0 -0.58589
350.0 350.0 -0.83079
450.0 350.0 -1.10490
550.0 350.0 -1.30376
650.0 350.0 -1.35710
750.0 350.0 -1.25226
850.0 350.0 -1.03529
950.0 350.0 -0.76493
1050.0 350.0 -0.32943
1150.0 350.0 0.27062
1250.0 350.0 0.87138
1350.0 350.0 1.29559
1450.0 350.0 1.44605
1550.0 350.0 1.34017
1650.0 350.0 1.08549
1750.0 350.0 0.79685
1850.0 350.0 0.52518
1950.0 350.0 0.32431
2050.0 350.0 0.24208
2150.0 350.0 0.28576
2250.0 350.0 0.41163
2350.0 350.0 0.53883
2450.0 350.0 0.58761
2550.0 350.0 0.54177
2650.0 350.0 0.44265
2750.0 350.0 0.24632
2850.0 350.0 -0.00999
2950.0 350.0 -0.23895
3050.0 350.0 -0.36460
3150.0 350.0 -0.35672
3250.0 350.0 -0.23836
3350.0 350.0 -0.06628
3450.0 350.0 0.14243
3550.0 350.0 0.53678
3650.0 350.0 1.10330
3750.0 350.0 1.66923
3850.0 350.0 2.05251
3950.0 350.0 2.15402
4050.0 350.0 1.99122
4150.0 350.0 1.67323
4250.0 350.0 1.31608
4350.0 350.0 0.93139
4450.0 350.0 0.53716
4550.0 350.0 0.20340
4650.0 350.0 -0.01276
4750.0 350.0 -0.10422
4850.0 350.0 -0.11854
4950.0 350.0 -0.13020
5050.0 350.0 -0.18060
5150.0 350.0 -0.23145
5250.0 350.0 -0.23663
5350.0 350.0 -0.15971
5450.0 350.0 0.00872
5550.0 350.0 0.24205
5650.0 350.0 0.48503
5750.0 350.0 0.67773
5850.0 350.0 0.79573
5950.0 350.0 0.88741
6050.0 350.0 0.96365
6150.0 350.0 0.96725
6250.0 350.0 0.84803
6350.0 350.0 0.60152
50.0 450.0 -0.65729
150.0 450.0 -0.54791
250.0 450.0 -0.53687
350.0 450.0 -0.64914
450.0 450.0 -0.85041
550.0 450.0 -1.07178
650.0 450.0 -1.23646
750.0 450.0 -1.28861
850.0 450.0 -1.22413
950.0 450.0 -1.09312
1050.0 450.0 -0.78752
1150.0 450.0 -0.27086
1250.0 450.0 0.32927
1350.0 450.0 0.84235
1450.0 450.0 1.14002
1550.0 450.0 1.18223
1650.0 450.0 1.02440
1750.0 450.0 0.78492
1850.0 450.0 0.56108
1950.0 450.0 0.41127
2050.0 450.0 0.37711
2150.0 450.0 0.45955
2250.0 450.0 0.61251
2350.0 450.0 0.75790
2450.0 450.0 0.82203
2550.0 450.0 0.79340
2650.0 450.0 0.70667
2750.0 450.0 0.49855
2850.0 450.0 0.19647
2950.0 450.0 -0.10821
3050.0 450.0 -0.32386
3150.0 450.0 -0.39845
3250.0 450.0 -0.33571
3350.0 450.0 -0.18750
3450.0 450.0 0.01146
3550.0 450.0 0.41273
3650.0 450.0 1.01400
3750.0 450.0 1.64129
3850.0 450.0 2.10090
3950.0 450.0 2.27604
4050.0 450.0 2.16700
4150.0 450.0 1.87495
4250.0 450.0 1.52621
4350.0 450.0 1.12770
4450.0 450.0 0.68500
4550.0 450.0 0.28404
4650.0 450.0 0.00836
4750.0 450.0 -0.11256
4850.0 450.0 -0.11656
4950.0 450.0 -0.08359
5050.0 450.0 -0.07204
5150.0 450.0 -0.04878
5250.0 450.0 0.03402
5350.0 450.0 0.17795
5450.0 450.0 0.35458
5550.0 450.0 0.52316
5650.0 450.0 0.64647
5750.0 450.0 0.70467
5850.0 450.0 0.70727
5950.0 450.0 0.69384
6050.0 450.0 0.67287
6150.0 450.0 0.62447
6250.0 450.0 0.53277
6350.0 450.0 0.39810
50.0 550.0 -0.70731
150.0 550.0 -0.49498
250.0 550.0 -0.33595
350.0 550.0 -0.29264
450.0 550.0 -0.39416
550.0 550.0 -0.61369
650.0 550.0 -0.87333
750.0 550.0 -1.07628
850.0 550.0 -1.16647
950.0 550.0 -1.18210
1050.0 550.0 -1.03588
1150.0 550.0 -0.66574
1250.0 550.0 -0.15501
1350.0 550.0 0.35124
1450.0 550.0 0.71449
1550.0 550.0 0.85294
1650.0 550.0 0.77340
1750.0 550.0 0.58333
1850.0 550.0 0.40977
1950.0 550.0 0.31518
2050.0 550.0 0.33460
2150.0 550.0 0.46175
2250.0 550.0 0.64709
2350.0 550.0 0.81446
2450.0 550.0 0.89600
2550.0 550.0 0.88544
2650.0 550.0 0.81515
2750.0 550.0 0.61201
2850.0 550.0 0.29533
2950.0 550.0 -0.04486
3050.0 550.0 -0.31010
3150.0 550.0 -0.43541
3250.0 550.0 -0.41077
3350.0 550.0 -0.28228
3450.0 550.0 -0.09615
3550.0 550.0 0.28798
3650.0 550.0 0.86955
3750.0 550.0 1.48035
3850.0 550.0 1.93152
3950.0 550.0 2.10754
4050.0 550.0 2.00605
4150.0 550.0 1.72353
4250.0 550.0 1.38319
4350.0 550.0 0.98550
4450.0 550.0 0.53709
4550.0 550.0 0.13787
4650.0 550.0 -0.11530
4750.0 550.0 -0.18859
4850.0 550.0 -0.12641
4950.0 550.0 -0.02194
5050.0 550.0 0.05710
5150.0 550.0 0.15348
5250.0 550.0 0.31178
5350.0 550.0 0.49640
5450.0 550.0 0.64472
5550.0 550.0 0.70948
5650.0 550.0 0.68018
5750.0 550.0 0.58353
5850.0 550.0 0.46297
5950.0 550.0 0.34221
6050.0 550.0 0.23234
6150.0 550.0 0.15582
6250.0 550.0 0.12877
6350.0 550.0 0.14872
50.0 650.0 -0.59778
150.0 650.0 -0.30036
250.0 650.0 -0.01344
350.0 650.0 0.17145
450.0 650.0 0.17126
550.0 650.0 -0.02583
650.0 650.0 -0.34565
750.0 650.0 -0.66129
850.0 650.0 -0.87440
950.0 650.0 -1.01113
1050.0 650.0 -1.01528
1150.0 650.0 -0.81479
1250.0 650.0 -0.45135
1350.0 650.0 -0.03384
1450.0 650.0 0.30962
1550.0 650.0 0.47821
1650.0 650.0 0.44374
1750.0 650.0 0.29245
1850.0 650.0 0.15759
1950.0 650.0 0.10088
2050.0 650.0 0.15227
2150.0 650.0 0.30179
2250.0 650.0 0.50023
2350.0 650.0 0.67584
2450.0 650.0 0.76692
2550.0 650.0 0.77034
2650.0 650.0 0.71785
2750.0 650.0 0.53998
2850.0 650.0 0.25195
2950.0 650.0 -0.06408
3050.0 650.0 -0.31571
3150.0 650.0 -0.43935
3250.0 650.0 -0.42160
3350.0 650.0 -0.30291
3450.0 650.0 -0.12979
3550.0 650.0 0.21736
3650.0 650.0 0.73009
3750.0 650.0 1.25155
3850.0 650.0 1.61285
3950.0 650.0 1.71806
4050.0 650.0 1.57704
4150.0 650.0 1.28581
4250.0 650.0 0.95193
4350.0 650.0 0.56690
4450.0 650.0 0.14920
4550.0 650.0 -0.19192
4650.0 650.0 -0.35997
4750.0 650.0 -0.33249
4850.0 650.0 -0.17246
4950.0 650.0 0.01017
5050.0 650.0 0.14673
5150.0 650.0 0.30113
5250.0 650.0 0.51482
5350.0 650.0 0.72150
5450.0 650.0 0.83271
5550.0 650.0 0.79899
5650.0 650.0 0.63467
5750.0 650.0 0.40621
5850.0 650.0 0.18415
5950.0 650.0 -0.02370
6050.0 650.0 -0.20453
6150.0 650.0 -0.30105
6250.0 650.0 -0.27154
6350.0 650.0 -0.12157
50.0 750.0 -0.36656
150.0 750.0 -0.01839
250.0 750.0 0.34947
350.0 750.0 0.62961
450.0 750.0 0.70551
550.0 750.0 0.53915
650.0 750.0 0.19861
750.0 750.0 -0.17435
850.0 750.0 -0.45674
950.0 750.0 -0.66565
1050.0 750.0 -0.77521
1150.0 750.0 -0.71673
1250.0 750.0 -0.50285
1350.0 750.0 -0.20808
1450.0 750.0 0.06139
1550.0 750.0 0.20647
1650.0 750.0 0.18242
1750.0 750.0 0.05245
1850.0 750.0 -0.06502
1950.0 750.0 -0.11618
2050.0 750.0 -0.07355
2150.0 750.0 0.05602
2250.0 750.0 0.23088
2350.0 750.0 0.38857
2450.0 750.0 0.47434
2550.0 750.0 0.48421
2650.0 750.0 0.44755
2750.0 750.0 0.31055
2850.0 750.0 0.08911
2950.0 750.0 -0.14756
3050.0 750.0 -0.32487
3150.0 750.0 -0.39473
3250.0 750.0 -0.35130
3350.0 750.0 -0.23070
3450.0 750.0 -0.06769
3550.0 750.0 0.23514
3650.0 750.0 0.65555
3750.0 750.0 1.04993
3850.0 750.0 1.27682
3950.0 750.0 1.27010
4050.0 750.0 1.06090
4150.0 750.0 0.74836
4250.0 750.0 0.41775
4350.0 750.0 0.04953
4450.0 750.0 -0.32257
4550.0 750.0 -0.58538
4650.0 750.0 -0.65141
4750.0 750.0 -0.51655
4850.0 750.0 -0.26494
4950.0 750.0 -0.02104
5050.0 750.0 0.15111
5150.0 750.0 0.34013
5250.0 750.0 0.58947
5350.0 750.0 0.81519
5450.0 750.0 0.91268
5550.0 750.0 0.82943
5650.0 750.0 0.59253
5750.0 750.0 0.29054
5850.0 750.0 0.01007
5950.0 750.0 -0.24980
6050.0 750.0 -0.48112
6150.0 750.0 -0.60911
6250.0 750.0 -0.57436
6350.0 750.0 -0.37833
50.0 850.0 -0.08654
150.0 850.0 0.27727
250.0 850.0 0.67458
350.0 850.0 0.99460
450.0 850.0 1.10924
550.0 850.0 0.96929
650.0 850.0 0.63718
750.0 850.0 0.25622
850.0 850.0 -0.04355
950.0 850.0 -0.27466
1050.0 850.0 -0.43230
1150.0 850.0 -0.45807
1250.0 850.0 -0.35145
1350.0 850.0 -0.16373
1450.0 850.0 0.02132
1550.0 850.0 0.11803
1650.0 850.0 0.08087
1750.0 850.0 -0.04441
1850.0 850.0 -0.16591
1950.0 850.0 -0.24421
2050.0 850.0 -0.25168
2150.0 850.0 -0.18509
2250.0 850.0 -0.07119
2350.0 850.0 0.04188
2450.0 850.0 0.10724
2550.0 850.0 0.11602
2650.0 850.0 0.09130
2750.0 850.0 0.00153
2850.0 850.0 -0.13300
2950.0 850.0 -0.25815
3050.0 850.0 -0.32388
3150.0 850.0 -0.30651
3250.0 850.0 -0.21536
3350.0 850.0 -0.08380
3450.0 850.0 0.07339
3550.0 850.0 0.33699
3650.0 850.0 0.67010
3750.0 850.0 0.94061
3850.0 850.0 1.03338
3950.0 850.0 0.91220
4050.0 850.0 0.63086
4150.0 850.0 0.29325
4250.0 850.0 -0.03709
4350.0 850.0 -0.39191
4450.0 850.0 -0.72569
4550.0 850.0 -0.92558
4650.0 850.0 -0.91465
4750.0 850.0 -0.70474
4850.0 850.0 -0.39547
4950.0 850.0 -0.11975
5050.0 850.0 0.06445
5150.0 850.0 0.26643
5250.0 850.0 0.53900
5350.0 850.0 0.79408
5450.0 850.0 0.91824
5550.0 850.0 0.85139
5650.0 850.0 0.61752
5750.0 850.0 0.30737
5850.0 850.0 0.01319
5950.0 850.0 -0.26437
6050.0 850.0 -0.53096
6150.0 850.0 -0.71324
6250.0 850.0 -0.74044
6350.0 850.0 -0.59929
50.0 950.0 0.18800
150.0 950.0 0.55045
250.0 950.0 0.95304
350.0 950.0 1.28731
450.0 950.0 1.42350
550.0 950.0 1.30792
650.0 950.0 0.99730
750.0 950.0 0.63031
850.0 950.0 0.33597
950.0 950.0 0.10472
1050.0 950.0 -0.07282
1150.0 950.0 -0.15002
1250.0 950.0 -0.12108
1350.0 950.0 -0.02129
1450.0 950.0 0.08533
1550.0 950.0 0.12954
1650.0 950.0 0.07128
1750.0 950.0 -0.05680
1850.0 950.0 -0.19129
1950.0 950.0 -0.30883
2050.0 950.0 -0.38059
2150.0 950.0 -0.39112
2250.0 950.0 -0.35017
2350.0 950.0 -0.29040
2450.0 950.0 -0.25095
2550.0 950.0 -0.24690
2650.0 950.0 -0.26306
2750.0 950.0 -0.30840
2850.0 950.0 -0.35697
2950.0 950.0 -0.36883
3050.0 950.0 -0.31863
3150.0 950.0 -0.20839
3250.0 950.0 -0.06446
3350.0 950.0 0.08133
3450.0 950.0 0.23565
3550.0 950.0 0.46674
3650.0 950.0 0.72434
3750.0 950.0 0.88601
3850.0 950.0 0.85974
3950.0 950.0 0.63617
4050.0 950.0 0.28980
4150.0 950.0 -0.07062
4250.0 950.0 -0.40091
4350.0 950.0 -0.74539
4450.0 950.0 -1.05087
4550.0 950.0 -1.20654
4650.0 950.0 -1.14450
4750.0 950.0 -0.88806
4850.0 950.0 -0.54665
4950.0 950.0 -0.25721
5050.0 950.0 -0.07233
5150.0 950.0 0.13344
5250.0 950.0 0.42633
5350.0 950.0 0.72006
5450.0 950.0 0.89452
5550.0 950.0 0.87847
5650.0 950.0 0.68454
5750.0 950.0 0.39624
5850.0 950.0 0.10723
5950.0 950.0 -0.17438
6050.0 950.0 -0.47170
6150.0 950.0 -0.72129
6250.0 950.0 -0.84338
6350.0 950.0 -0.80474
50.0 1050.0 0.37858
150.0 1050.0 0.70938
250.0 1050.0 1.08671
350.0 1050.0 1.41461
450.0 1050.0 1.57168
550.0 1050.0 1.50211
650.0 1050.0 1.24957
750.0 1050.0 0.93430
850.0 1050.0 0.67310
950.0 1050.0 0.46375
1050.0 1050.0 0.29488
1150.0 1050.0 0.19969
1250.0 1050.0 0.18038
1350.0 1050.0 0.20965
1450.0 1050.0 0.24059
1550.0 1050.0 0.22390
1650.0 1050.0 0.13221
1750.0 1050.0 -0.01001
1850.0 1050.0 -0.16254
1950.0 1050.0 -0.31026
2050.0 1050.0 -0.42318
2150.0 1050.0 -0.47969
2250.0 1050.0 -0.48166
2350.0 1050.0 -0.45506
2450.0 1050.0 -0.43615
2550.0 1050.0 -0.44331
2650.0 1050.0 -0.46469
2750.0 1050.0 -0.49708
2850.0 1050.0 -0.50790
2950.0 1050.0 -0.46097
3050.0 1050.0 -0.34284
3150.0 1050.0 -0.17138
3250.0 1050.0 0.01354
3350.0 1050.0 0.17720
3450.0 1050.0 0.33801
3550.0 1050.0 0.55508
3650.0 1050.0 0.76902
3750.0 1050.0 0.86424
3850.0 1050.0 0.76483
3950.0 1050.0 0.47988
4050.0 1050.0 0.09805
4150.0 1050.0 -0.26877
4250.0 1050.0 -0.58992
4350.0 1050.0 -0.92255
4450.0 1050.0 -1.21630
4550.0 1050.0 -1.36628
4650.0 1050.0 -1.30902
4750.0 1050.0 -1.06786
4850.0 1050.0 -0.74760
4950.0 1050.0 -0.47858
5050.0 1050.0 -0.31008
5150.0 1050.0 -0.11212
5250.0 1050.0 0.20008
5350.0 1050.0 0.54694
5450.0 1050.0 0.80064
5550.0 1050.0 0.87218
5650.0 1050.0 0.75271
5750.0 1050.0 0.50914
5850.0 1050.0 0.23410
5950.0 1050.0 -0.04760
6050.0 1050.0 -0.37381
6150.0 1050.0 -0.69598
6250.0 1050.0 -0.92919
6350.0 1050.0 -1.01998
50.0 1150.0 0.41824
150.0 1150.0 0.66938
250.0 1150.0 0.97007
350.0 1150.0 1.25203
450.0 1150.0 1.41906
550.0 1150.0 1.41901
650.0 1150.0 1.27322
750.0 1150.0 1.06361
850.0 1150.0 0.87720
950.0 1150.0 0.72408
1050.0 1150.0 0.61033
1150.0 1150.0 0.55409
1250.0 1150.0 0.53968
1350.0 1150.0 0.53378
1450.0 1150.0 0.50055
1550.0 1150.0 0.41465
1650.0 1150.0 0.27213
1750.0 1150.0 0.09826
1850.0 1150.0 -0.07914
1950.0 1150.0 -0.23963
2050.0 1150.0 -0.35216
2150.0 1150.0 -0.39954
2250.0 1150.0 -0.39140
2350.0 1150.0 -0.36208
2450.0 1150.0 -0.35325
2550.0 1150.0 -0.38142
2650.0 1150.0 -0.42970
2750.0 1150.0 -0.49853
2850.0 1150.0 -0.54732
2950.0 1150.0 -0.52726
3050.0 1150.0 -0.41668
3150.0 1150.0 -0.23376
3250.0 1150.0 -0.02638
3350.0 1150.0 0.16081
3450.0 1150.0 0.34279
3550.0 1150.0 0.57463
3650.0 1150.0 0.79442
3750.0 1150.0 0.88909
3850.0 1150.0 0.78785
3950.0 1150.0 0.50533
4050.0 1150.0 0.13412
4150.0 1150.0 -0.21339
4250.0 1150.0 -0.51092
4350.0 1150.0 -0.82579
4450.0 1150.0 -1.12349
4550.0 1150.0 -1.31167
4650.0 1150.0 -1.32740
4750.0 1150.0 -1.18031
4850.0 1150.0 -0.95191
4950.0 1150.0 -0.75090
5050.0 1150.0 -0.62466
5150.0 1150.0 -0.45518
5250.0 1150.0 -0.13622
5350.0 1150.0 0.26607
5450.0 1150.0 0.61815
5550.0 1150.0 0.80854
5650.0 1150.0 0.79689
5750.0 1150.0 0.62249
5850.0 1150.0 0.37234
5950.0 1150.0 0.09807
6050.0 1150.0 -0.24230
6150.0 1150.0 -0.61910
6250.0 1150.0 -0.95186
6350.0 1150.0 -1.17440
50.0 1250.0 0.30905
150.0 1250.0 0.44061
250.0 1250.0 0.61759
350.0 1250.0 0.81073
450.0 1250.0 0.96437
550.0 1250.0 1.03789
650.0 1250.0 1.02611
750.0 1250.0 0.95876
850.0 1250.0 0.87889
950.0 1250.0 0.81007
1050.0 1250.0 0.79206
1150.0 1250.0 0.82820
1250.0 1250.0 0.87249
1350.0 1250.0 0.87201
1450.0 1250.0 0.79442
1550.0 1250.0 0.63949
1650.0 1250.0 0.43470
1750.0 1250.0 0.21521
1850.0 1250.0 0.00862
1950.0 1250.0 -0.14652
2050.0 1250.0 -0.21838
2150.0 1250.0 -0.20400
2250.0 1250.0 -0.13525
2350.0 1250.0 -0.06866
2450.0 1250.0 -0.05880
2550.0 1250.0 -0.11553
2650.0 1250.0 -0.20824
2750.0 1250.0 -0.35342
2850.0 1250.0 -0.50129
2950.0 1250.0 -0.57717
3050.0 1250.0 -0.53495
3150.0 1250.0 -0.38063
3250.0 1250.0 -0.16565
3350.0 1250.0 0.04971
3450.0 1250.0 0.26473
3550.0 1250.0 0.53450
3650.0 1250.0 0.79984
3750.0 1250.0 0.94673
3850.0 1250.0 0.90078
3950.0 1250.0 0.67183
4050.0 1250.0 0.34819
4150.0 1250.0 0.04070
4250.0 1250.0 -0.22127
4350.0 1250.0 -0.50877
4450.0 1250.0 -0.80894
4550.0 1250.0 -1.04816
4650.0 1250.0 -1.16532
4750.0 1250.0 -1.15128
4850.0 1250.0 -1.05435
4950.0 1250.0 -0.95191
5050.0 1250.0 -0.88785
5150.0 1250.0 -0.76726
5250.0 1250.0 -0.46721
5350.0 1250.0 -0.03595
5450.0 1250.0 0.39376
5550.0 1250.0 0.69219
5650.0 1250.0 0.78729
5750.0 1250.0 0.68667
5850.0 1250.0 0.46676
5950.0 1250.0 0.20829
6050.0 1250.0 -0.11759
6150.0 1250.0 -0.49817
6250.0 1250.0 -0.87031
6350.0 1250.0 -1.17199
50.0 1350.0 0.11156
150.0 1350.0 0.10801
250.0 1350.0 0.13730
350.0 1350.0 0.21194
450.0 1350.0 0.32458
550.0 1350.0 0.45309
650.0 1350.0 0.56875
750.0 1350.0 0.64720
850.0 1350.0 0.68247
950.0 1350.0 0.70828
1050.0 1350.0 0.80444
1150.0 1350.0 0.96165
1250.0 1350.0 1.09805
1350.0 1350.0 1.13335
1450.0 1350.0 1.03246
1550.0 1350.0 0.81775
1650.0 1350.0 0.55018
1750.0 1350.0 0.28040
1850.0 1350.0 0.04475
1950.0 1350.0 -0.09330
2050.0 1350.0 -0.10137
2150.0 1350.0 0.00410
2250.0 1350.0 0.16144
2350.0 1350.0 0.28490
2450.0 1350.0 0.30323
2550.0 1350.0 0.21578
2650.0 1350.0 0.07246
2750.0 1350.0 -0.16308
2850.0 1350.0 -0.43142
2950.0 1350.0 -0.62735
3050.0 1350.0 -0.67465
3150.0 1350.0 -0.56277
3250.0 1350.0 -0.34526
3350.0 1350.0 -0.10003
3450.0 1350.0 0.15224
3550.0 1350.0 0.46791
3650.0 1350.0 0.79234
3750.0 1350.0 1.00939
3850.0 1350.0 1.03814
3950.0 1350.0 0.88015
4050.0 1350.0 0.61674
4150.0 1350.0 0.35645
4250.0 1350.0 0.13454
4350.0 1350.0 -0.11573
4450.0 1350.0 -0.39892
4550.0 1350.0 -0.66341
4650.0 1350.0 -0.85639
4750.0 1350.0 -0.95607
4850.0 1350.0 -0.98116
4950.0 1350.0 -0.97743
5050.0 1350.0 -0.98126
5150.0 1350.0 -0.92170
5250.0 1350.0 -0.67030
5350.0 1350.0 -0.25728
5450.0 1350.0 0.19439
5550.0 1350.0 0.54880
5650.0 1350.0 0.71278
5750.0 1350.0 0.66732
5850.0 1350.0 0.47490
5950.0 1350.0 0.23825
6050.0 1350.0 -0.04067
6150.0 1350.0 -0.35857
6250.0 1350.0 -0.68095
6350.0 1350.0 -0.97042
50.0 1450.0 -0.07847
150.0 1450.0 -0.20250
250.0 1450.0 -0.31245
350.0 1450.0 -0.36070
450.0 1450.0 -0.30919
550.0 1450.0 -0.15831
650.0 1450.0 0.04825
750.0 1450.0 0.24258
850.0 1450.0 0.37556
950.0 1450.0 0.48478
1050.0 1450.0 0.68432
1150.0 1450.0 0.95525
1250.0 1450.0 1.18339
1350.0 1450.0 1.26216
1450.0 1450.0 1.15132
1550.0 1450.0 0.89100
1650.0 1450.0 0.57091
1750.0 1450.0 0.25713
1850.0 1450.0 -0.00322
1950.0 1450.0 -0.12353
2050.0 1450.0 -0.07101
2150.0 1450.0 0.11994
2250.0 1450.0 0.36030
2350.0 1450.0 0.53749
2450.0 1450.0 0.56506
2550.0 1450.0 0.45089
2650.0 1450.0 0.26431
2750.0 1450.0 -0.04464
2850.0 1450.0 -0.40738
2950.0 1450.0 -0.69378
3050.0 1450.0 -0.80447
3150.0 1450.0 -0.71773
3250.0 1450.0 -0.49114
3350.0 1450.0 -0.21788
3450.0 1450.0 0.06663
3550.0 1450.0 0.41815
3650.0 1450.0 0.78420
3750.0 1450.0 1.04808
3850.0 1450.0 1.12627
3950.0 1450.0 1.01667
4050.0 1450.0 0.79729
4150.0 1450.0 0.57529
4250.0 1450.0 0.38885
4350.0 1450.0 0.18174
4450.0 1450.0 -0.05584
4550.0 1450.0 -0.29335
4650.0 1450.0 -0.49496
4750.0 1450.0 -0.64077
4850.0 1450.0 -0.73490
4950.0 1450.0 -0.80058
5050.0 1450.0 -0.86183
5150.0 1450.0 -0.86232
5250.0 1450.0 -0.68074
5350.0 1450.0 -0.33333
5450.0 1450.0 0.07423
5550.0 1450.0 0.41460
5650.0 1450.0 0.58993
5750.0 1450.0 0.56637
5850.0 1450.0 0.39201
5950.0 1450.0 0.17838
6050.0 1450.0 -0.03110
6150.0 1450.0 -0.23272
6250.0 1450.0 -0.42572
6350.0 1450.0 -0.61265
50.0 1550.0 -0.16501
150.0 1550.0 -0.36999
250.0 1550.0 -0.58075
350.0 1550.0 -0.72820
450.0 1550.0 -0.74149
550.0 1550.0 -0.60138
650.0 1550.0 -0.35572
750.0 1550.0 -0.09723
850.0 1550.0 0.09660
950.0 1550.0 0.26054
1050.0 1550.0 0.52704
1150.0 1550.0 0.87020
1250.0 1550.0 1.15486
1350.0 1550.0 1.25795
1450.0 1550.0 1.13681
1550.0 1550.0 0.84400
1650.0 1550.0 0.48839
1750.0 1550.0 0.14555
1850.0 1550.0 -0.13263
1950.0 1550.0 -0.24633
2050.0 1550.0 -0.16234
2150.0 1550.0 0.07476
2250.0 1550.0 0.36019
2350.0 1550.0 0.56577
2450.0 1550.0 0.59609
2550.0 1550.0 0.46381
2650.0 1550.0 0.25225
2750.0 1550.0 -0.08842
2850.0 1550.0 -0.48157
2950.0 1550.0 -0.78604
3050.0 1550.0 -0.89626
3150.0 1550.0 -0.79251
3250.0 1550.0 -0.54110
3350.0 1550.0 -0.24454
3450.0 1550.0 0.05986
3550.0 1550.0 0.42282
3650.0 1550.0 0.78842
3750.0 1550.0 1.04311
3850.0 1550.0 1.11009
3950.0 1550.0 0.99466
4050.0 1550.0 0.78018
4150.0 1550.0 0.57470
4250.0 1550.0 0.41172
4350.0 1550.0 0.24707
4450.0 1550.0 0.08090
4550.0 1550.0 -0.07246
4650.0 1550.0 -0.20147
4750.0 1550.0 -0.30495
4850.0 1550.0 -0.39293
4950.0 1550.0 -0.48080
5050.0 1550.0 -0.57679
5150.0 1550.0 -0.62318
5250.0 1550.0 -0.51458
5350.0 1550.0 -0.25990
5450.0 1550.0 0.05526
5550.0 1550.0 0.32316
5650.0 1550.0 0.45677
5750.0 1550.0 0.42103
5850.0 1550.0 0.25244
5950.0 1550.0 0.05753
6050.0 1550.0 -0.08006
6150.0 1550.0 -0.14829
6250.0 1550.0 -0.17651
6350.0 1550.0 -0.21055
50.0 1650.0 -0.09863
150.0 1650.0 -0.33672
250.0 1650.0 -0.59662
350.0 1650.0 -0.80276
450.0 1650.0 -0.86840
550.0 1650.0 -0.76075
650.0 1650.0 -0.52301
750.0 1650.0 -0.25317
850.0 1650.0 -0.03967
950.0 1650.0 0.14485
1050.0 1650.0 0.43183
1150.0 1650.0 0.78980
1250.0 1650.0 1.07699
1350.0 1650.0 1.16794
1450.0 1650.0 1.02390
1550.0 1650.0 0.70609
1650.0 1650.0 0.33197
1750.0 1650.0 -0.02256
1850.0 1650.0 -0.31191
1950.0 1650.0 -0.43676
2050.0 1650.0 -0.36332
2150.0 1650.0 -0.13573
2250.0 1650.0 0.14123
2350.0 1650.0 0.33894
2450.0 1650.0 0.36131
2550.0 1650.0 0.22064
2650.0 1650.0 0.00561
2750.0 1650.0 -0.31768
2850.0 1650.0 -0.66603
2950.0 1650.0 -0.90347
3050.0 1650.0 -0.93826
3150.0 1650.0 -0.76808
3250.0 1650.0 -0.47344
3350.0 1650.0 -0.15922
3450.0 1650.0 0.15047
3550.0 1650.0 0.49629
3650.0 1650.0 0.81228
3750.0 1650.0 0.99238
3850.0 1650.0 0.97735
3950.0 1650.0 0.79273
4050.0 1650.0 0.53740
4150.0 1650.0 0.32291
4250.0 1650.0 0.16898
4350.0 1650.0 0.04038
4450.0 1650.0 -0.04038
4550.0 1650.0 -0.06848
4650.0 1650.0 -0.06008
4750.0 1650.0 -0.04570
4850.0 1650.0 -0.05921
4950.0 1650.0 -0.12289
5050.0 1650.0 -0.22800
5150.0 1650.0 -0.29934
5250.0 1650.0 -0.24953
5350.0 1650.0 -0.08674
5450.0 1650.0 0.12104
5550.0 1650.0 0.28941
5650.0 1650.0 0.35126
5750.0 1650.0 0.28073
5850.0 1650.0 0.10747
5950.0 1650.0 -0.07645
6050.0 1650.0 -0.15866
6150.0 1650.0 -0.11536
6250.0 1650.0 0.00409
6350.0 1650.0 0.11919
50.0 1750.0 0.06687
150.0 1750.0 -0.17589
250.0 1750.0 -0.45236
350.0 1750.0 -0.68886
450.0 1750.0 -0.79336
550.0 1750.0 -0.72451
650.0 1750.0 -0.51706
750.0 1750.0 -0.26378
850.0 1750.0 -0.05389
950.0 1750.0 0.13111
1050.0 1750.0 0.41017
1150.0 1750.0 0.74652
1250.0 1750.0 1.00043
1350.0 1750.0 1.05323
1450.0 1750.0 0.87476
1550.0 1750.0 0.53360
1650.0 1750.0 0.14980
1750.0 1750.0 -0.20639
1850.0 1750.0 -0.50371
1950.0 1750.0 -0.65214
2050.0 1750.0 -0.61713
2150.0 1750.0 -0.43548
2250.0 1750.0 -0.20186
2350.0 1750.0 -0.03572
2450.0 1750.0 -0.02864
2550.0 1750.0 -0.17203
2650.0 1750.0 -0.37774
2750.0 1750.0 -0.65465
2850.0 1750.0 -0.91387
2950.0 1750.0 -1.03423
3050.0 1750.0 -0.94956
3150.0 1750.0 -0.68400
3250.0 1750.0 -0.33541
3350.0 1750.0 -0.00690
3450.0 1750.0 0.29945
3550.0 1750.0 0.61123
3650.0 1750.0 0.84871
3750.0 1750.0 0.91595
3850.0 1750.0 0.77776
3950.0 1750.0 0.48741
4050.0 1750.0 0.16509
4150.0 1750.0 -0.07275
4250.0 1750.0 -0.22562
4350.0 1750.0 -0.32337
4450.0 1750.0 -0.31594
4550.0 1750.0 -0.20392
4650.0 1750.0 -0.03141
4750.0 1750.0 0.13440
4850.0 1750.0 0.22754
4950.0 1750.0 0.21155
5050.0 1750.0 0.11166
5150.0 1750.0 0.02886
5250.0 1750.0 0.03398
5350.0 1750.0 0.11622
5450.0 1750.0 0.22195
5550.0 1750.0 0.28928
5650.0 1750.0 0.27320
5750.0 1750.0 0.16110
5850.0 1750.0 -0.02112
5950.0 1750.0 -0.19904
6050.0 1750.0 -0.24176
6150.0 1750.0 -0.11391
6250.0 1750.0 0.12298
6350.0 1750.0 0.36315
50.0 1850.0 0.21224
150.0 1850.0 -0.02872
250.0 1850.0 -0.31024
350.0 1850.0 -0.56128
450.0 1850.0 -0.68831
550.0 1850.0 -0.64540
650.0 1850.0 -0.46126
750.0 1850.0 -0.22355
850.0 1850.0 -0.02019
950.0 1850.0 0.16126
1050.0 1850.0 0.42840
1150.0 1850.0 0.73975
1250.0 1850.0 0.95836
1350.0 1850.0 0.97260
1450.0 1850.0 0.76052
1550.0 1850.0 0.39702
1650.0 1850.0 0.00385
1750.0 1850.0 -0.35460
1850.0 1850.0 -0.66556
1950.0 1850.0 -0.85343
2050.0 1850.0 -0.88062
2150.0 1850.0 -0.77042
2250.0 1850.0 -0.60073
2350.0 1850.0 -0.47723
2450.0 1850.0 -0.48602
2550.0 1850.0 -0.62583
2650.0 1850.0 -0.81324
2750.0 1850.0 -1.03018
2850.0 1850.0 -1.18376
2950.0 1850.0 -1.17172
3050.0 1850.0 -0.95702
3150.0 1850.0 -0.59175
3250.0 1850.0 -0.19015
3350.0 1850.0 0.14910
3450.0 1850.0 0.44734
3550.0 1850.0 0.71535
3650.0 1850.0 0.86136
3750.0 1850.0 0.80570
3850.0 1850.0 0.54256
3950.0 1850.0 0.15461
4050.0 1850.0 -0.21911
4150.0 1850.0 -0.46211
4250.0 1850.0 -0.59623
4350.0 1850.0 -0.64836
4450.0 1850.0 -0.54684
4550.0 1850.0 -0.30182
4650.0 1850.0 0.01523
4750.0 1850.0 0.30601
4850.0 1850.0 0.48126
4950.0 1850.0 0.49806
5050.0 1850.0 0.39838
5150.0 1850.0 0.29884
5250.0 1850.0 0.24967
5350.0 1850.0 0.24108
5450.0 1850.0 0.23913
5550.0 1850.0 0.20789
5650.0 1850.0 0.12430
5750.0 1850.0 -0.01426
5850.0 1850.0 -0.18972
5950.0 1850.0 -0.34688
6050.0 1850.0 -0.33998
6150.0 1850.0 -0.12636
6250.0 1850.0 0.21905
6350.0 1850.0 0.56785
50.0 1950.0 0.28112
150.0 1950.0 0.05144
250.0 1950.0 -0.21564
350.0 1950.0 -0.45216
450.0 1950.0 -0.56951
550.0 1950.0 -0.52479
650.0 1950.0 -0.34631
750.0 1950.0 -0.11822
850.0 1950.0 0.07571
950.0 1950.0 0.24822
1050.0 1950.0 0.50113
1150.0 1950.0 0.79060
1250.0 1950.0 0.98213
1350.0 1950.0 0.96875
1450.0 1950.0 0.73328
1550.0 1950.0 0.35370
1650.0 1950.0 -0.04806
1750.0 1950.0 -0.41167
1850.0 1950.0 -0.74650
1950.0 1950.0 -0.99735
2050.0 1950.0 -1.11877
2150.0 1950.0 -1.11108
2250.0 1950.0 -1.02660
2350.0 1950.0 -0.95259
2450.0 1950.0 -0.97060
2550.0 1950.0 -1.09252
2650.0 1950.0 -1.24580
2750.0 1950.0 -1.38786
2850.0 1950.0 -1.42676
2950.0 1950.0 -1.28326
3050.0 1950.0 -0.94968
3150.0 1950.0 -0.50177
3250.0 1950.0 -0.06335
3350.0 1950.0 0.27607
3450.0 1950.0 0.55738
3550.0 1950.0 0.76745
3650.0 1950.0 0.80891
3750.0 1950.0 0.63038
3850.0 1950.0 0.26301
3950.0 1950.0 -0.18256
4050.0 1950.0 -0.55817
4150.0 1950.0 -0.75917
4250.0 1950.0 -0.83308
4350.0 1950.0 -0.80828
4450.0 1950.0 -0.60880
4550.0 1950.0 -0.26391
4650.0 1950.0 0.13166
4750.0 1950.0 0.46589
4850.0 1950.0 0.65090
4950.0 1950.0 0.65760
5050.0 1950.0 0.54357
5150.0 1950.0 0.41444
5250.0 1950.0 0.29305
5350.0 1950.0 0.17977
5450.0 1950.0 0.07107
5550.0 1950.0 -0.03835
5650.0 1950.0 -0.15344
5750.0 1950.0 -0.27700
5850.0 1950.0 -0.40794
5950.0 1950.0 -0.51077
6050.0 1950.0 -0.43328
6150.0 1950.0 -0.13671
6250.0 1950.0 0.28787
6350.0 1950.0 0.69684
50.0 2050.0 0.25644
150.0 2050.0 0.04691
250.0 2050.0 -0.18820
350.0 2050.0 -0.38465
450.0 2050.0 -0.46449
550.0 2050.0 -0.39454
650.0 2050.0 -0.20736
750.0 2050.0 0.01533
850.0 2050.0 0.19666
950.0 2050.0 0.35531
1050.0 2050.0 0.59454
1150.0 2050.0 0.87183
1250.0 2050.0 1.05403
1350.0 2050.0 1.03454
1450.0 2050.0 0.79514
1550.0 2050.0 0.41186
1650.0 2050.0 0.00473
1750.0 2050.0 -0.36650
1850.0 2050.0 -0.72990
1950.0 2050.0 -1.04999
2050.0 2050.0 -1.26940
2150.0 2050.0 -1.36152
2250.0 2050.0 -1.35195
2350.0 2050.0 -1.31166
2450.0 2050.0 -1.32186
2550.0 2050.0 -1.41055
2650.0 2050.0 -1.51821
2750.0 2050.0 -1.58854
2850.0 2050.0 -1.53740
2950.0 2050.0 -1.30689
3050.0 2050.0 -0.90938
3150.0 2050.0 -0.43037
3250.0 2050.0 0.00957
3350.0 2050.0 0.33394
3450.0 2050.0 0.59079
3550.0 2050.0 0.73726
3650.0 2050.0 0.67979
3750.0 2050.0 0.40448
3850.0 2050.0 -0.01883
3950.0 2050.0 -0.45925
4050.0 2050.0 -0.77375
4150.0 2050.0 -0.88198
4250.0 2050.0 -0.85595
4350.0 2050.0 -0.72954
4450.0 2050.0 -0.44382
4550.0 2050.0 -0.05549
4650.0 2050.0 0.32630
4750.0 2050.0 0.59897
4850.0 2050.0 0.70531
4950.0 2050.0 0.65215
5050.0 2050.0 0.50870
5150.0 2050.0 0.34030
5250.0 2050.0 0.14056
5350.0 2050.0 -0.07045
5450.0 2050.0 -0.25921
5550.0 2050.0 -0.40154
5650.0 2050.0 -0.49368
5750.0 2050.0 -0.55175
5850.0 2050.0 -0.59958
5950.0 2050.0 -0.61715
6050.0 2050.0 -0.45772
6150.0 2050.0 -0.09980
6250.0 2050.0 0.34942
6350.0 2050.0 0.74385
50.0 2150.0 0.15764
150.0 2150.0 -0.02744
250.0 2150.0 -0.22300
350.0 2150.0 -0.36909
450.0 2150.0 -0.40092
550.0 2150.0 -0.29764
650.0 2150.0 -0.09756
750.0 2150.0 0.12003
850.0 2150.0 0.28658
950.0 2150.0 0.42914
1050.0 2150.0 0.65851
1150.0 2150.0 0.93715
1250.0 2150.0 1.13177
1350.0 2150.0 1.13128
1450.0 2150.0 0.91036
1550.0 2150.0 0.53787
1650.0 2150.0 0.13017
1750.0 2150.0 -0.24956
1850.0 2150.0 -0.63747
1950.0 2150.0 -1.00934
2050.0 2150.0 -1.29436
2150.0 2150.0 -1.44363
2250.0 2150.0 -1.46461
2350.0 2150.0 -1.42151
2450.0 2150.0 -1.40153
2550.0 2150.0 -1.44698
2650.0 2150.0 -1.50773
2750.0 2150.0 -1.53019
2850.0 2150.0 -1.44408
2950.0 2150.0 -1.20493
3050.0 2150.0 -0.82817
3150.0 2150.0 -0.38946
3250.0 2150.0 0.00862
3350.0 2150.0 0.30361
3450.0 2150.0 0.53321
3550.0 2150.0 0.62326
3650.0 2150.0 0.49286
3750.0 2150.0 0.16738
3850.0 2150.0 -0.25071
3950.0 2150.0 -0.62244
4050.0 2150.0 -0.82345
4150.0 2150.0 -0.80564
4250.0 2150.0 -0.65912
4350.0 2150.0 -0.42508
4450.0 2150.0 -0.07882
4550.0 2150.0 0.29241
4650.0 2150.0 0.57579
4750.0 2150.0 0.69838
4850.0 2150.0 0.65609
4950.0 2150.0 0.50634
5050.0 2150.0 0.32428
5150.0 2150.0 0.11497
5250.0 2150.0 -0.15224
5350.0 2150.0 -0.43168
5450.0 2150.0 -0.65387
5550.0 2150.0 -0.77301
5650.0 2150.0 -0.78866
5750.0 2150.0 -0.74147
5850.0 2150.0 -0.68319
5950.0 2150.0 -0.60111
6050.0 2150.0 -0.36498
6150.0 2150.0 0.01909
6250.0 2150.0 0.43119
6350.0 2150.0 0.73649
50.0 2250.0 0.03338
150.0 2250.0 -0.12908
250.0 2250.0 -0.29018
350.0 2250.0 -0.39449
450.0 2250.0 -0.38878
550.0 2250.0 -0.26215
650.0 2250.0 -0.05654
750.0 2250.0 0.15235
850.0 2250.0 0.30380
950.0 2250.0 0.43157
1050.0 2250.0 0.65648
1150.0 2250.0 0.94824
1250.0 2250.0 1.17213
1350.0 2250.0 1.20915
1450.0 2250.0 1.02287
1550.0 2250.0 0.67188
1650.0 2250.0 0.26799
1750.0 2250.0 -0.11919
1850.0 2250.0 -0.52074
1950.0 2250.0 -0.91102
2050.0 2250.0 -1.20746
2150.0 2250.0 -1.34981
2250.0 2250.0 -1.34195
2350.0 2250.0 -1.25414
2450.0 2250.0 -1.18547
2550.0 2250.0 -1.18687
2650.0 2250.0 -1.20983
2750.0 2250.0 -1.21862
2850.0 2250.0 -1.15984
2950.0 2250.0 -0.99158
3050.0 2250.0 -0.71486
3150.0 2250.0 -0.37825
3250.0 2250.0 -0.05574
3350.0 2250.0 0.20220
3450.0 2250.0 0.40748
3550.0 2250.0 0.45779
3650.0 2250.0 0.28966
3750.0 2250.0 -0.03832
3850.0 2250.0 -0.40231
3950.0 2250.0 -0.66666
4050.0 2250.0 -0.73320
4150.0 2250.0 -0.58636
4250.0 2250.0 -0.32564
4350.0 2250.0 0.00156
4450.0 2250.0 0.37955
4550.0 2250.0 0.69356
4650.0 2250.0 0.83543
4750.0 2250.0 0.77108
4850.0 2250.0 0.55623
4950.0 2250.0 0.30057
5050.0 2250.0 0.08009
5150.0 2250.0 -0.16339
5250.0 2250.0 -0.47511
5350.0 2250.0 -0.78389
5450.0 2250.0 -0.99241
5550.0 2250.0 -1.04441
5650.0 2250.0 -0.95250
5750.0 2250.0 -0.78670
5850.0 2250.0 -0.62363
5950.0 2250.0 -0.44928
6050.0 2250.0 -0.15564
6150.0 2250.0 0.22044
6250.0 2250.0 0.55157
6350.0 2250.0 0.72337
50.0 2350.0 -0.05547
150.0 2350.0 -0.20263
250.0 2350.0 -0.34499
350.0 2350.0 -0.43160
450.0 2350.0 -0.41560
550.0 2350.0 -0.28962
650.0 2350.0 -0.09434
750.0 2350.0 0.09984
850.0 2350.0 0.23791
950.0 2350.0 0.35519
1050.0 2350.0 0.58028
1150.0 2350.0 0.88997
1250.0 2350.0 1.14752
1350.0 2350.0 1.22564
1450.0 2350.0 1.07670
1550.0 2350.0 0.74934
1650.0 2350.0 0.35131
1750.0 2350.0 -0.04083
1850.0 2350.0 -0.44297
1950.0 2350.0 -0.81682
2050.0 2350.0 -1.07213
2150.0 2350.0 -1.14991
2250.0 2350.0 -1.06471
2350.0 2350.0 -0.90330
2450.0 2350.0 -0.77956
2550.0 2350.0 -0.74583
2650.0 2350.0 -0.74668
2750.0 2350.0 -0.77150
2850.0 2350.0 -0.78222
2950.0 2350.0 -0.73047
3050.0 2350.0 -0.59259
3150.0 2350.0 -0.38283
3250.0 2350.0 -0.14485
3350.0 2350.0 0.07851
3450.0 2350.0 0.26695
3550.0 2350.0 0.29652
3650.0 2350.0 0.11971
3750.0 2350.0 -0.18307
3850.0 2350.0 -0.47811
3950.0 2350.0 -0.63880
4050.0 2350.0 -0.59117
4150.0 2350.0 -0.34451
4250.0 2350.0 -0.00048
4350.0 2350.0 0.39094
4450.0 2350.0 0.78135
4550.0 2350.0 1.03655
4650.0 2350.0 1.05518
4750.0 2350.0 0.83593
4850.0 2350.0 0.48212
4950.0 2350.0 0.14328
5050.0 2350.0 -0.10598
5150.0 2350.0 -0.37125
5250.0 2350.0 -0.70238
5350.0 2350.0 -1.00867
5450.0 2350.0 -1.17674
5550.0 2350.0 -1.14941
5650.0 2350.0 -0.95551
5750.0 2350.0 -0.69054
5850.0 2350.0 -0.44820
5950.0 2350.0 -0.20794
6050.0 2350.0 0.11829
6150.0 2350.0 0.46839
6250.0 2350.0 0.71230
6350.0 2350.0 0.75658
50.0 2450.0 -0.06267
150.0 2450.0 -0.20441
250.0 2450.0 -0.34828
350.0 2450.0 -0.44732
450.0 2450.0 -0.45438
550.0 2450.0 -0.35773
650.0 2450.0 -0.19098
750.0 2450.0 -0.01759
850.0 2450.0 0.11016
950.0 2450.0 0.22256
1050.0 2450.0 0.45001
1150.0 2450.0 0.77376
1250.0 2450.0 1.05552
1350.0 2450.0 1.16233
1450.0 2450.0 1.03920
1550.0 2450.0 0.72838
1650.0 2450.0 0.33516
1750.0 2450.0 -0.05894
1850.0 2450.0 -0.45145
1950.0 2450.0 -0.78576
2050.0 2450.0 -0.96889
2150.0 2450.0 -0.95256
2250.0 2450.0 -0.77054
2350.0 2450.0 -0.53036
2450.0 2450.0 -0.35944
2550.0 2450.0 -0.30566
2650.0 2450.0 -0.30061
2750.0 2450.0 -0.35547
2850.0 2450.0 -0.44215
2950.0 2450.0 -0.50205
3050.0 2450.0 -0.48744
3150.0 2450.0 -0.38359
3250.0 2450.0 -0.21147
3350.0 2450.0 -0.01120
3450.0 2450.0 0.16951
3550.0 2450.0 0.19243
3650.0 2450.0 0.01899
3750.0 2450.0 -0.26094
3850.0 2450.0 -0.51120
3950.0 2450.0 -0.61214
4050.0 2450.0 -0.50339
4150.0 2450.0 -0.20665
4250.0 2450.0 0.17742
4350.0 2450.0 0.60085
4450.0 2450.0 1.00100
4550.0 2450.0 1.23419
4650.0 2450.0 1.20106
4750.0 2450.0 0.91440
4850.0 2450.0 0.49886
4950.0 2450.0 0.12239
5050.0 2450.0 -0.14034
5150.0 2450.0 -0.41424
5250.0 2450.0 -0.74704
5350.0 2450.0 -1.03819
5450.0 2450.0 -1.16906
5550.0 2450.0 -1.08597
5650.0 2450.0 -0.82943
5750.0 2450.0 -0.50953
5850.0 2450.0 -0.22757
5950.0 2450.0 0.04367
6050.0 2450.0 0.38138
6150.0 2450.0 0.71010
6250.0 2450.0 0.89979
6350.0 2450.0 0.86967
50.0 2550.0 0.00694
150.0 2550.0 -0.13689
250.0 2550.0 -0.29721
350.0 2550.0 -0.43051
450.0 2550.0 -0.48448
550.0 2550.0 -0.43730
650.0 2550.0 -0.31150
750.0 2550.0 -0.16263
850.0 2550.0 -0.04256
950.0 2550.0 0.06915
1050.0 2550.0 0.29878
1150.0 2550.0 0.62914
1250.0 2550.0 0.92120
1350.0 2550.0 1.03977
1450.0 2550.0 0.92707
1550.0 2550.0 0.62303
1650.0 2550.0 0.23220
1750.0 2550.0 -0.16174
1850.0 2550.0 -0.54009
1950.0 2550.0 -0.82774
2050.0 2550.0 -0.93253
2150.0 2550.0 -0.82078
2250.0 2550.0 -0.54724
2350.0 2550.0 -0.23912
2450.0 2550.0 -0.03422
2550.0 2550.0 0.02682
2650.0 2550.0 0.02765
2750.0 2550.0 -0.05653
2850.0 2550.0 -0.20207
2950.0 2550.0 -0.34089
3050.0 2550.0 -0.40807
3150.0 2550.0 -0.37050
3250.0 2550.0 -0.23661
3350.0 2550.0 -0.04715
3450.0 2550.0 0.13231
3550.0 2550.0 0.15424
3650.0 2550.0 -0.01858
3750.0 2550.0 -0.29481
3850.0 2550.0 -0.53793
3950.0 2550.0 -0.62942
4050.0 2550.0 -0.51107
4150.0 2550.0 -0.20649
4250.0 2550.0 0.18404
4350.0 2550.0 0.61804
4450.0 2550.0 1.03614
4550.0 2550.0 1.29224
4650.0 2550.0 1.28211
4750.0 2550.0 1.01379
4850.0 2550.0 0.60911
4950.0 2550.0 0.23608
5050.0 2550.0 -0.02751
5150.0 2550.0 -0.30158
5250.0 2550.0 -0.62963
5350.0 2550.0 -0.90926
5450.0 2550.0 -1.02262
5550.0 2550.0 -0.91917
5650.0 2550.0 -0.64378
5750.0 2550.0 -0.31042
5850.0 2550.0 -0.02116
5950.0 2550.0 0.25479
6050.0 2550.0 0.59341
6150.0 2550.0 0.91691
6250.0 2550.0 1.09550
6350.0 2550.0 1.05096
50.0 2650.0 0.12057
150.0 2650.0 -0.02757
250.0 2650.0 -0.20513
350.0 2650.0 -0.37190
450.0 2650.0 -0.47111
550.0 2650.0 -0.47188
650.0 2650.0 -0.38663
750.0 2650.0 -0.26353
850.0 2650.0 -0.15385
950.0 2650.0 -0.04639
1050.0 2650.0 0.17942
1150.0 2650.0 0.50788
1250.0 2650.0 0.80162
1350.0 2650.0 0.92580
1450.0 2650.0 0.82136
1550.0 2650.0 0.52575
1650.0 2650.0 0.14120
1750.0 2650.0 -0.24805
1850.0 2650.0 -0.60647
1950.0 2650.0 -0.84053
2050.0 2650.0 -0.86151
2150.0 2650.0 -0.65292
2250.0 2650.0 -0.29138
2350.0 2650.0 0.07750
2450.0 2650.0 0.30822
2550.0 2650.0 0.36932
2650.0 2650.0 0.35896
2750.0 2650.0 0.23826
2850.0 2650.0 0.02668
2950.0 2650.0 -0.19782
3050.0 2650.0 -0.35286
3150.0 2650.0 -0.38706
3250.0 2650.0 -0.29660
3350.0 2650.0 -0.12319
3450.0 2650.0 0.04984
3550.0 2650.0 0.06667
3650.0 2650.0 -0.10829
3750.0 2650.0 -0.38286
3850.0 2650.0 -0.62109
3950.0 2650.0 -0.70638
4050.0 2650.0 -0.58307
4150.0 2650.0 -0.27661
4250.0 2650.0 0.11401
4350.0 2650.0 0.55558
4450.0 2650.0 0.99719
4550.0 2650.0 1.29213
4650.0 2650.0 1.32907
4750.0 2650.0 1.10588
4850.0 2650.0 0.73477
4950.0 2650.0 0.37884
5050.0 2650.0 0.11996
5150.0 2650.0 -0.14916
5250.0 2650.0 -0.46634
5350.0 2650.0 -0.73046
5450.0 2650.0 -0.82781
5550.0 2650.0 -0.71211
5650.0 2650.0 -0.43085
5750.0 2650.0 -0.09808
5850.0 2650.0 0.18638
5950.0 2650.0 0.45624
6050.0 2650.0 0.78739
6150.0 2650.0 1.10304
6250.0 2650.0 1.27545
6350.0 2650.0 1.22790
50.0 2750.0 0.30920
150.0 2750.0 0.15385
250.0 2750.0 -0.03237
350.0 2750.0 -0.21213
450.0 2750.0 -0.33061
550.0 2750.0 -0.35643
650.0 2750.0 -0.29903
750.0 2750.0 -0.20232
850.0 2750.0 -0.11478
950.0 2750.0 -0.02787
1050.0 2750.0 0.17237
1150.0 2750.0 0.47419
1250.0 2750.0 0.75004
1350.0 2750.0 0.87227
1450.0 2750.0 0.78207
1550.0 2750.0 0.51014
1650.0 2750.0 0.14927
1750.0 2750.0 -0.21957
1850.0 2750.0 -0.54005
1950.0 2750.0 -0.70142
2050.0 2750.0 -0.62590
2150.0 2750.0 -0.32060
2250.0 2750.0 0.11497
2350.0 2750.0 0.52189
2450.0 2750.0 0.75519
2550.0 2750.0 0.79772
2650.0 2750.0 0.75798
2750.0 2750.0 0.57830
2850.0 2750.0 0.27184
2950.0 2750.0 -0.07324
3050.0 2750.0 -0.35448
3150.0 2750.0 -0.49804
3250.0 2750.0 -0.48391
3350.0 2750.0 -0.35345
3450.0 2750.0 -0.21085
3550.0 2750.0 -0.21732
3650.0 2750.0 -0.39996
3750.0 2750.0 -0.66279
3850.0 2750.0 -0.87341
3950.0 2750.0 -0.92541
4050.0 2750.0 -0.77613
4150.0 2750.0 -0.45976
4250.0 2750.0 -0.06990
4350.0 2750.0 0.37932
4450.0 2750.0 0.84934
4550.0 2750.0 1.19526
4650.0 2750.0 1.29846
4750.0 2750.0 1.14359
4850.0 2750.0 0.82837
4950.0 2750.0 0.50658
5050.0 2750.0 0.26403
5150.0 2750.0 0.01375
5250.0 2750.0 -0.27181
5350.0 2750.0 -0.49920
5450.0 2750.0 -0.56794
5550.0 2750.0 -0.44155
5650.0 2750.0 -0.16941
5750.0 2750.0 0.14033
5850.0 2750.0 0.39713
5950.0 2750.0 0.63818
6050.0 2750.0 0.93621
6150.0 2750.0 1.21997
6250.0 2750.0 1.37087
6350.0 2750.0 1.31762
50.0 2850.0 0.51760
150.0 2850.0 0.35222
250.0 2850.0 0.16998
350.0 2850.0 0.00635
450.0 2850.0 -0.09405
550.0 2850.0 -0.11083
650.0 2850.0 -0.06035
750.0 2850.0 0.01290
850.0 2850.0 0.06587
950.0 2850.0 0.11355
1050.0 2850.0 0.26377
1150.0 2850.0 0.51177
1250.0 2850.0 0.74909
1350.0 2850.0 0.86271
1450.0 2850.0 0.79538
1550.0 2850.0 0.56584
1650.0 2850.0 0.24910
1750.0 2850.0 -0.08134
1850.0 2850.0 -0.34728
1950.0 2850.0 -0.42701
2050.0 2850.0 -0.26198
2150.0 2850.0 0.11392
2250.0 2850.0 0.58291
2350.0 2850.0 0.98385
2450.0 2850.0 1.18450
2550.0 2850.0 1.18571
2650.0 2850.0 1.09985
2750.0 2850.0 0.85543
2850.0 2850.0 0.45917
2950.0 2850.0 0.00335
3050.0 2850.0 -0.39729
3150.0 2850.0 -0.65294
3250.0 2850.0 -0.73020
3350.0 2850.0 -0.66775
3450.0 2850.0 -0.58328
3550.0 2850.0 -0.63535
3650.0 2850.0 -0.83523
3750.0 2850.0 -1.07938
3850.0 2850.0 -1.24136
3950.0 2850.0 -1.23331
4050.0 2850.0 -1.03669
4150.0 2850.0 -0.70223
4250.0 2850.0 -0.31433
4350.0 2850.0 0.13818
4450.0 2850.0 0.62914
4550.0 2850.0 1.01892
4650.0 2850.0 1.18564
4750.0 2850.0 1.10270
4850.0 2850.0 0.85267
4950.0 2850.0 0.57720
5050.0 2850.0 0.36332
5150.0 2850.0 0.14742
5250.0 2850.0 -0.08452
5350.0 2850.0 -0.25418
5450.0 2850.0 -0.28414
5550.0 2850.0 -0.15312
5650.0 2850.0 0.08929
5750.0 2850.0 0.34843
5850.0 2850.0 0.55089
5950.0 2850.0 0.73729
6050.0 2850.0 0.97475
6150.0 2850.0 1.20342
6250.0 2850.0 1.32135
6350.0 2850.0 1.26590
50.0 2950.0 0.65378
150.0 2950.0 0.47717
250.0 2950.0 0.31071
350.0 2950.0 0.18925
450.0 2950.0 0.14074
550.0 2950.0 0.16502
650.0 2950.0 0.23023
750.0 2950.0 0.28666
850.0 2950.0 0.29836
950.0 2950.0 0.29478
1050.0 2950.0 0.37978
1150.0 2950.0 0.55794
1250.0 2950.0 0.74570
1350.0 2950.0 0.84901
1450.0 2950.0 0.81245
1550.0 2950.0 0.63893
1650.0 2950.0 0.38014
1750.0 2950.0 0.09966
1850.0 2950.0 -0.10619
1950.0 2950.0 -0.11517
2050.0 2950.0 0.10724
2150.0 2950.0 0.50358
2250.0 2950.0 0.94822
2350.0 2950.0 1.29174
2450.0 2950.0 1.42595
2550.0 2950.0 1.36941
2650.0 2950.0 1.23194
2750.0 2950.0 0.94465
2850.0 2950.0 0.51078
2950.0 2950.0 0.01465
3050.0 2950.0 -0.43589
3150.0 2950.0 -0.75363
3250.0 2950.0 -0.90293
3350.0 2950.0 -0.91723
3450.0 2950.0 -0.90897
3550.0 2950.0 -1.02289
3650.0 2950.0 -1.25033
3750.0 2950.0 -1.47724
3850.0 2950.0 -1.58344
3950.0 2950.0 -1.50359
4050.0 2950.0 -1.24932
4150.0 2950.0 -0.89275
4250.0 2950.0 -0.50789
4350.0 2950.0 -0.06063
4450.0 2950.0 0.42961
4550.0 2950.0 0.83173
4650.0 2950.0 1.02840
4750.0 2950.0 0.99027
4850.0 2950.0 0.79050
4950.0 2950.0 0.55971
5050.0 2950.0 0.38127
5150.0 2950.0 0.20925
5250.0 2950.0 0.04284
5350.0 2950.0 -0.05980
5450.0 2950.0 -0.04991
5550.0 2950.0 0.07629
5650.0 2950.0 0.27135
5750.0 2950.0 0.45971
5850.0 2950.0 0.59002
5950.0 2950.0 0.70539
6050.0 2950.0 0.86708
6150.0 2950.0 1.03126
6250.0 2950.0 1.11668
6350.0 2950.0 1.06976
50.0 3050.0 0.65456
150.0 3050.0 0.46765
250.0 3050.0 0.32332
350.0 3050.0 0.25687
450.0 3050.0 0.27738
550.0 3050.0 0.36028
650.0 3050.0 0.45416
750.0 3050.0 0.50148
850.0 3050.0 0.47348
950.0 3050.0 0.41790
1050.0 3050.0 0.43760
1150.0 3050.0 0.54719
1250.0 3050.0 0.68817
1350.0 3050.0 0.78505
1450.0 3050.0 0.78334
1550.0 3050.0 0.66914
1650.0 3050.0 0.47019
1750.0 3050.0 0.24035
1850.0 3050.0 0.08701
1950.0 3050.0 0.12248
2050.0 3050.0 0.35767
2150.0 3050.0 0.71994
2250.0 3050.0 1.08790
2350.0 3050.0 1.33524
2450.0 3050.0 1.38380
2550.0 3050.0 1.26571
2650.0 3050.0 1.08442
2750.0 3050.0 0.79507
2850.0 3050.0 0.40225
2950.0 3050.0 -0.03113
3050.0 3050.0 -0.42689
3150.0 3050.0 -0.72385
3250.0 3050.0 -0.89924
3350.0 3050.0 -0.97943
3450.0 3050.0 -1.04890
3550.0 3050.0 -1.22861
3650.0 3050.0 -1.49067
3750.0 3050.0 -1.70949
3850.0 3050.0 -1.76932
3950.0 3050.0 -1.62537
4050.0 3050.0 -1.31818
4150.0 3050.0 -0.94118
4250.0 3050.0 -0.55989
4350.0 3050.0 -0.12724
4450.0 3050.0 0.33501
4550.0 3050.0 0.70595
4650.0 3050.0 0.88153
4750.0 3050.0 0.84110
4850.0 3050.0 0.65848
4950.0 3050.0 0.45767
5050.0 3050.0 0.31324
5150.0 3050.0 0.18494
5250.0 3050.0 0.08129
5350.0 3050.0 0.03973
5450.0 3050.0 0.08112
5550.0 3050.0 0.19339
5650.0 3050.0 0.33329
5750.0 3050.0 0.44586
5850.0 3050.0 0.50193
5950.0 3050.0 0.54564
6050.0 3050.0 0.63443
6150.0 3050.0 0.74207
6250.0 3050.0 0.80708
6350.0 3050.0 0.78240
50.0 3150.0 0.51654
150.0 3150.0 0.32193
250.0 3150.0 0.19788
350.0 3150.0 0.18055
450.0 3150.0 0.26314
550.0 3150.0 0.40012
650.0 3150.0 0.52285
750.0 3150.0 0.56644
850.0 3150.0 0.50787
950.0 3150.0 0.41109
1050.0 3150.0 0.38044
1150.0 3150.0 0.43937
1250.0 3150.0 0.54889
1350.0 3150.0 0.64705
1450.0 3150.0 0.67870
1550.0 3150.0 0.61538
1650.0 3150.0 0.46548
1750.0 3150.0 0.27583
1850.0 3150.0 0.15770
1950.0 3150.0 0.20754
2050.0 3150.0 0.41809
2150.0 3150.0 0.71138
2250.0 3150.0 0.97868
2350.0 3150.0 1.12063
2450.0 3150.0 1.08724
2550.0 3150.0 0.91805
2650.0 3150.0 0.71051
2750.0 3150.0 0.46082
2850.0 3150.0 0.17951
2950.0 3150.0 -0.10078
3050.0 3150.0 -0.34806
3150.0 3150.0 -0.54501
3250.0 3150.0 -0.69425
3350.0 3150.0 -0.81478
3450.0 3150.0 -0.94639
3550.0 3150.0 -1.18182
3650.0 3150.0 -1.47921
3750.0 3150.0 -1.70281
3850.0 3150.0 -1.73799
3950.0 3150.0 -1.55360
4050.0 3150.0 -1.21106
4150.0 3150.0 -0.82022
4250.0 3150.0 -0.44229
4350.0 3150.0 -0.03031
4450.0 3150.0 0.38305
4550.0 3150.0 0.68647
4650.0 3150.0 0.79491
4750.0 3150.0 0.70590
4850.0 3150.0 0.50374
4950.0 3150.0 0.31169
5050.0 3150.0 0.19233
5150.0 3150.0 0.09804
5250.0 3150.0 0.04105
5350.0 3150.0 0.04211
5450.0 3150.0 0.10090
5550.0 3150.0 0.19447
5650.0 3150.0 0.28454
5750.0 3150.0 0.33362
5850.0 3150.0 0.32990
5950.0 3150.0 0.31723
6050.0 3150.0 0.35271
6150.0 3150.0 0.42550
6250.0 3150.0 0.48848
6350.0 3150.0 0.49670
50.0 3250.0 0.29237
150.0 3250.0 0.09331
250.0 3250.0 -0.01994
350.0 3250.0 -0.01086
450.0 3250.0 0.10500
550.0 3250.0 0.27069
650.0 3250.0 0.40829
750.0 3250.0 0.44900
850.0 3250.0 0.37301
950.0 3250.0 0.25329
1050.0 3250.0 0.19661
1150.0 3250.0 0.23259
1250.0 3250.0 0.33259
1350.0 3250.0 0.44058
1450.0 3250.0 0.49898
1550.0 3250.0 0.46952
1650.0 3250.0 0.34920
1750.0 3250.0 0.18217
1850.0 3250.0 0.07896
1950.0 3250.0 0.12136
2050.0 3250.0 0.29235
2150.0 3250.0 0.51590
2250.0 3250.0 0.69734
2350.0 3250.0 0.75872
2450.0 3250.0 0.66908
2550.0 3250.0 0.46958
2650.0 3250.0 0.25629
2750.0 3250.0 0.07204
2850.0 3250.0 -0.06421
2950.0 3250.0 -0.15065
3050.0 3250.0 -0.20483
3150.0 3250.0 -0.25836
3250.0 3250.0 -0.34389
3350.0 3250.0 -0.47446
3450.0 3250.0 -0.64136
3550.0 3250.0 -0.91221
3650.0 3250.0 -1.23886
3750.0 3250.0 -1.47866
3850.0 3250.0 -1.51477
3950.0 3250.0 -1.32039
4050.0 3250.0 -0.96610
4150.0 3250.0 -0.57042
4250.0 3250.0 -0.19491
4350.0 3250.0 0.19616
4450.0 3250.0 0.55469
4550.0 3250.0 0.77630
4650.0 3250.0 0.79531
4750.0 3250.0 0.63099
4850.0 3250.0 0.38376
4950.0 3250.0 0.18114
5050.0 3250.0 0.07383
5150.0 3250.0 -0.00202
5250.0 3250.0 -0.03560
5350.0 3250.0 -0.01577
5450.0 3250.0 0.04617
5550.0 3250.0 0.12262
5650.0 3250.0 0.17956
5750.0 3250.0 0.19018
5850.0 3250.0 0.15221
5950.0 3250.0 0.10860
6050.0 3250.0 0.11952
6150.0 3250.0 0.18449
6250.0 3250.0 0.26279
6350.0 3250.0 0.30716
50.0 3350.0 0.05231
150.0 3350.0 -0.14858
250.0 3350.0 -0.26288
350.0 3350.0 -0.25461
450.0 3350.0 -0.14039
550.0 3350.0 0.02212
650.0 3350.0 0.15494
750.0 3350.0 0.18989
850.0 3350.0 0.10799
950.0 3350.0 -0.01736
1050.0 3350.0 -0.07740
1150.0 3350.0 -0.03919
1250.0 3350.0 0.07036
1350.0 3350.0 0.19427
1450.0 3350.0 0.27133
1550.0 3350.0 0.25834
1650.0 3350.0 0.14864
1750.0 3350.0 -0.01247
1850.0 3350.0 -0.11601
1950.0 3350.0 -0.08886
2050.0 3350.0 0.04985
2150.0 3350.0 0.22884
2250.0 3350.0 0.36298
2350.0 3350.0 0.38528
2450.0 3350.0 0.27238
2550.0 3350.0 0.06372
2650.0 3350.0 -0.13995
2750.0 3350.0 -0.25414
2850.0 3350.0 -0.25145
2950.0 3350.0 -0.15503
3050.0 3350.0 -0.02430
3150.0 3350.0 0.06664
3250.0 3350.0 0.05796
3350.0 3350.0 -0.05963
3450.0 3350.0 -0.23614
3550.0 3350.0 -0.52167
3650.0 3350.0 -0.86859
3750.0 3350.0 -1.13086
3850.0 3350.0 -1.18721
3950.0 3350.0 -1.00748
4050.0 3350.0 -0.66118
4150.0 3350.0 -0.26822
4250.0 3350.0 0.10599
4350.0 3350.0 0.48036
4450.0 3350.0 0.79149
4550.0 3350.0 0.93866
4650.0 3350.0 0.87170
4750.0 3350.0 0.62957
4850.0 3350.0 0.32925
4950.0 3350.0 0.10505
5050.0 3350.0 -0.00163
5150.0 3350.0 -0.07343
5250.0 3350.0 -0.10394
5350.0 3350.0 -0.08470
5450.0 3350.0 -0.02887
5550.0 3350.0 0.03625
5650.0 3350.0 0.07927
5750.0 3350.0 0.07707
5850.0 3350.0 0.02962
5950.0 3350.0 -0.02098
6050.0 3350.0 -0.00923
6150.0 3350.0 0.06928
6250.0 3350.0 0.17329
6350.0 3350.0 0.25032
50.0 3450.0 -0.16000
150.0 3450.0 -0.35847
250.0 3450.0 -0.47883
350.0 3450.0 -0.48751
450.0 3450.0 -0.39833
550.0 3450.0 -0.26305
650.0 3450.0 -0.15287
750.0 3450.0 -0.13085
850.0 3450.0 -0.21539
950.0 3450.0 -0.33875
1050.0 3450.0 -0.39230
1150.0 3450.0 -0.34033
1250.0 3450.0 -0.21073
1350.0 3450.0 -0.06402
1450.0 3450.0 0.03401
1550.0 3450.0 0.03621
1650.0 3450.0 -0.06556
1750.0 3450.0 -0.22332
1850.0 3450.0 -0.33037
1950.0 3450.0 -0.32154
2050.0 3450.0 -0.21542
2150.0 3450.0 -0.07651
2250.0 3450.0 0.01964
2350.0 3450.0 0.01487
2450.0 3450.0 -0.10964
2550.0 3450.0 -0.31785
2650.0 3450.0 -0.50401
2750.0 3450.0 -0.54477
2850.0 3450.0 -0.40517
2950.0 3450.0 -0.13170
3050.0 3450.0 0.17745
3150.0 3450.0 0.40906
3250.0 3450.0 0.47847
3350.0 3450.0 0.38012
3450.0 3450.0 0.20192
3550.0 3450.0 -0.09223
3650.0 3450.0 -0.45828
3750.0 3450.0 -0.74870
3850.0 3450.0 -0.83713
3950.0 3450.0 -0.68681
4050.0 3450.0 -0.36153
4150.0 3450.0 0.02082
4250.0 3450.0 0.38969
4350.0 3450.0 0.74684
4450.0 3450.0 1.01664
4550.0 3450.0 1.10151
4650.0 3450.0 0.96366
4750.0 3450.0 0.65748
4850.0 3450.0 0.31280
4950.0 3450.0 0.06891
5050.0 3450.0 -0.04018
5150.0 3450.0 -0.11280
5250.0 3450.0 -0.14733
5350.0 3450.0 -0.13575
5450.0 3450.0 -0.09001
5550.0 3450.0 -0.03528
5650.0 3450.0 -0.00066
5750.0 3450.0 -0.00777
5850.0 3450.0 -0.05682
5950.0 3450.0 -0.10660
6050.0 3450.0 -0.08508
6150.0 3450.0 0.01546
6250.0 3450.0 0.15080
6350.0 3450.0 0.26178
50.0 3550.0 -0.22504
150.0 3550.0 -0.39314
250.0 3550.0 -0.51821
350.0 3550.0 -0.57888
450.0 3550.0 -0.58000
550.0 3550.0 -0.54947
650.0 3550.0 -0.52865
750.0 3550.0 -0.55616
850.0 3550.0 -0.64528
950.0 3550.0 -0.75389
1050.0 3550.0 -0.78678
1150.0 3550.0 -0.70309
1250.0 3550.0 -0.52956
1350.0 3550.0 -0.33030
1450.0 3550.0 -0.17817
1550.0 3550.0 -0.12832
1650.0 3550.0 -0.19382
1750.0 3550.0 -0.32375
1850.0 3550.0 -0.42284
1950.0 3550.0 -0.44995
2050.0 3550.0 -0.42260
2150.0 3550.0 -0.38559
2250.0 3550.0 -0.38608
2350.0 3550.0 -0.45563
2450.0 3550.0 -0.59903
2550.0 3550.0 -0.79002
2650.0 3550.0 -0.93371
2750.0 3550.0 -0.86503
2850.0 3550.0 -0.54582
2950.0 3550.0 -0.05593
3050.0 3550.0 0.45905
3150.0 3550.0 0.84342
3250.0 3550.0 0.99047
3350.0 3550.0 0.90492
3450.0 3550.0 0.71795
3550.0 3550.0 0.40806
3650.0 3550.0 0.01070
3750.0 3550.0 -0.33085
3850.0 3550.0 -0.48700
3950.0 3550.0 -0.41079
4050.0 3550.0 -0.15271
4150.0 3550.0 0.17853
4250.0 3550.0 0.50736
4350.0 3550.0 0.82418
4450.0 3550.0 1.05773
4550.0 3550.0 1.11944
4650.0 3550.0 0.97671
4750.0 3550.0 0.68145
4850.0 3550.0 0.35401
4950.0 3550.0 0.12220
5050.0 3550.0 0.01593
5150.0 3550.0 -0.05727
5250.0 3550.0 -0.09808
5350.0 3550.0 -0.10017
5450.0 3550.0 -0.07419
5550.0 3550.0 -0.04160
5650.0 3550.0 -0.02677
5750.0 3550.0 -0.04744
5850.0 3550.0 -0.10332
5950.0 3550.0 -0.15548
6050.0 3550.0 -0.12166
6150.0 3550.0 0.01222
6250.0 3550.0 0.19797
6350.0 3550.0 0.36572
50.0 3650.0 -0.09754
150.0 3650.0 -0.19241
250.0 3650.0 -0.30817
350.0 3650.0 -0.44793
450.0 3650.0 -0.60232
550.0 3650.0 -0.75623
650.0 3650.0 -0.89498
750.0 3650.0 -1.00964
850.0 3650.0 -1.10173
950.0 3650.0 -1.17761
1050.0 3650.0 -1.17644
1150.0 3650.0 -1.05227
1250.0 3650.0 -0.82568
1350.0 3650.0 -0.55905
1450.0 3650.0 -0.32958
1550.0 3650.0 -0.20125
1650.0 3650.0 -0.19546
1750.0 3650.0 -0.26215
1850.0 3650.0 -0.33175
1950.0 3650.0 -0.40528
2050.0 3650.0 -0.49893
2150.0 3650.0 -0.62376
2250.0 3650.0 -0.77790
2350.0 3650.0 -0.94650
2450.0 3650.0 -1.10955
2550.0 3650.0 -1.25738
2650.0 3650.0 -1.32737
2750.0 3650.0 -1.12123
2850.0 3650.0 -0.60680
2950.0 3650.0 0.09592
3050.0 3650.0 0.79466
3150.0 3650.0 1.30005
3250.0 3650.0 1.49628
3350.0 3650.0 1.40689
3450.0 3650.0 1.20177
3550.0 3650.0 0.87517
3650.0 3650.0 0.45034
3750.0 3650.0 0.05529
3850.0 3650.0 -0.18643
3950.0 3650.0 -0.22009
4050.0 3650.0 -0.07771
4150.0 3650.0 0.15018
4250.0 3650.0 0.38864
4350.0 3650.0 0.62971
4450.0 3650.0 0.82923
4550.0 3650.0 0.91659
4650.0 3650.0 0.85547
4750.0 3650.0 0.67140
4850.0 3650.0 0.44464
4950.0 3650.0 0.26834
5050.0 3650.0 0.17220
5150.0 3650.0 0.09965
5250.0 3650.0 0.05296
5350.0 3650.0 0.03509
5450.0 3650.0 0.03571
5550.0 3650.0 0.03741
5650.0 3650.0 0.02232
5750.0 3650.0 -0.02107
5850.0 3650.0 -0.09067
5950.0 3650.0 -0.15074
6050.0 3650.0 -0.10669
6150.0 3650.0 0.06457
6250.0 3650.0 0.31122
6350.0 3650.0 0.55052
50.0 3750.0 0.14936
150.0 3750.0 0.16394
250.0 3750.0 0.08468
350.0 3750.0 -0.12268
450.0 3750.0 -0.43561
550.0 3750.0 -0.79060
650.0 3750.0 -1.10663
750.0 3750.0 -1.31620
850.0 3750.0 -1.40392
950.0 3750.0 -1.43392
1050.0 3750.0 -1.39800
1150.0 3750.0 -1.25019
1250.0 3750.0 -0.99836
1350.0 3750.0 -0.69177
1450.0 3750.0 -0.40117
1550.0 3750.0 -0.19293
1650.0 3750.0 -0.09739
1750.0 3750.0 -0.07381
1850.0 3750.0 -0.09073
1950.0 3750.0 -0.19809
2050.0 3750.0 -0.41112
2150.0 3750.0 -0.70293
2250.0 3750.0 -1.01580
2350.0 3750.0 -1.28154
2450.0 3750.0 -1.45119
2550.0 3750.0 -1.53362
2650.0 3750.0 -1.51266
2750.0 3750.0 -1.18072
2850.0 3750.0 -0.52267
2950.0 3750.0 0.30670
3050.0 3750.0 1.08724
3150.0 3750.0 1.62157
3250.0 3750.0 1.80698
3350.0 3750.0 1.69109
3450.0 3750.0 1.46191
3550.0 3750.0 1.13071
3650.0 3750.0 0.71093
3750.0 3750.0 0.30297
3850.0 3750.0 0.00820
3950.0 3750.0 -0.12309
4050.0 3750.0 -0.10852
4150.0 3750.0 -0.01530
4250.0 3750.0 0.09415
4350.0 3750.0 0.22963
4450.0 3750.0 0.38993
4550.0 3750.0 0.52968
4650.0 3750.0 0.60417
4750.0 3750.0 0.59690
4850.0 3750.0 0.52692
4950.0 3750.0 0.43588
5050.0 3750.0 0.35503
5150.0 3750.0 0.28527
5250.0 3750.0 0.23792
5350.0 3750.0 0.21164
5450.0 3750.0 0.19405
5550.0 3750.0 0.16956
5650.0 3750.0 0.12564
5750.0 3750.0 0.05724
5850.0 3750.0 -0.03033
5950.0 3750.0 -0.10365
6050.0 3750.0 -0.05872
6150.0 3750.0 0.13625
6250.0 3750.0 0.42837
6350.0 3750.0 0.72542
50.0 3850.0 0.39216
150.0 3850.0 0.53133
250.0 3850.0 0.51909
350.0 3850.0 0.29191
450.0 3850.0 -0.12188
550.0 3850.0 -0.62158
650.0 3850.0 -1.07037
750.0 3850.0 -1.34811
850.0 3850.0 -1.42087
950.0 3850.0 -1.40204
1050.0 3850.0 -1.34440
1150.0 3850.0 -1.21025
1250.0 3850.0 -0.98918
1350.0 3850.0 -0.70400
1450.0 3850.0 -0.40377
1550.0 3850.0 -0.14582
1650.0 3850.0 0.03332
1750.0 3850.0 0.15485
1850.0 3850.0 0.20654
1950.0 3850.0 0.09742
2050.0 3850.0 -0.18776
2150.0 3850.0 -0.59187
2250.0 3850.0 -1.01175
2350.0 3850.0 -1.33527
2450.0 3850.0 -1.48896
2550.0 3850.0 -1.49631
2650.0 3850.0 -1.38857
2750.0 3850.0 -0.97981
2850.0 3850.0 -0.28071
2950.0 3850.0 0.53541
3050.0 3850.0 1.25110
3150.0 3850.0 1.69431
3250.0 3850.0 1.79891
3350.0 3850.0 1.63628
3450.0 3850.0 1.38313
3550.0 3850.0 1.06855
3650.0 3850.0 0.70396
3750.0 3850.0 0.35327
3850.0 3850.0 0.07854
3950.0 3850.0 -0.09225
4050.0 3850.0 -0.17449
4150.0 3850.0 -0.21305
4250.0 3850.0 -0.24392
4350.0 3850.0 -0.22637
4450.0 3850.0 -0.11632
4550.0 3850.0 0.06891
4650.0 3850.0 0.27775
4750.0 3850.0 0.45087
4850.0 3850.0 0.54312
4950.0 3850.0 0.54113
5050.0 3850.0 0.47645
5150.0 3850.0 0.41172
5250.0 3850.0 0.37198
5350.0 3850.0 0.35181
5450.0 3850.0 0.33387
5550.0 3850.0 0.30028
5650.0 3850.0 0.24001
5750.0 3850.0 0.15248
5850.0 3850.0 0.04716
5950.0 3850.0 -0.04250
6050.0 3850.0 -0.01010
6150.0 3850.0 0.18148
6250.0 3850.0 0.48230
6350.0 3850.0 0.79850
50.0 3950.0 0.51262
150.0 3950.0 0.76458
250.0 3950.0 0.84015
350.0 3950.0 0.65583
450.0 3950.0 0.23546
550.0 3950.0 -0.30568
650.0 3950.0 -0.80116
750.0 3950.0 -1.09817
850.0 3950.0 -1.14678
950.0 3950.0 -1.08733
1050.0 3950.0 -1.02876
1150.0 3950.0 -0.94959
1250.0 3950.0 -0.81884
1350.0 3950.0 -0.62325
1450.0 3950.0 -0.37729
1550.0 3950.0 -0.11768
1650.0 3950.0 0.11760
1750.0 3950.0 0.32269
1850.0 3950.0 0.44510
1950.0 3950.0 0.37157
2050.0 3950.0 0.08568
2150.0 3950.0 -0.34118
2250.0 3950.0 -0.78324
2350.0 3950.0 -1.10553
2450.0 3950.0 -1.22109
2550.0 3950.0 -1.15994
2650.0 3950.0 -0.98866
2750.0 3950.0 -0.56750
2850.0 3950.0 0.06429
2950.0 3950.0 0.73460
3050.0 3950.0 1.25776
3150.0 3950.0 1.51375
3250.0 3950.0 1.48764
3350.0 3950.0 1.26900
3450.0 3950.0 0.99772
3550.0 3950.0 0.72084
3650.0 3950.0 0.45734
3750.0 3950.0 0.23295
3850.0 3950.0 0.05965
3950.0 3950.0 -0.07268
4050.0 3950.0 -0.19202
4150.0 3950.0 -0.32745
4250.0 3950.0 -0.47860
4350.0 3950.0 -0.56910
4450.0 3950.0 -0.52127
4550.0 3950.0 -0.32723
4650.0 3950.0 -0.03844
4750.0 3950.0 0.25686
4850.0 3950.0 0.46529
4950.0 3950.0 0.52930
5050.0 3950.0 0.47715
5150.0 3950.0 0.41882
5250.0 3950.0 0.39443
5350.0 3950.0 0.39564
5450.0 3950.0 0.39802
5550.0 3950.0 0.37714
5650.0 3950.0 0.31878
5750.0 3950.0 0.22341
5850.0 3950.0 0.10477
5950.0 3950.0 -0.00078
6050.0 3950.0 0.00745
6150.0 3950.0 0.16707
6250.0 3950.0 0.43470
6350.0 3950.0 0.72379
50.0 4050.0 0.44031
150.0 4050.0 0.77040
250.0 4050.0 0.93555
350.0 4050.0 0.84549
450.0 4050.0 0.51053
550.0 4050.0 0.03581
650.0 4050.0 -0.41395
750.0 4050.0 -0.67924
850.0 4050.0 -0.69987
950.0 4050.0 -0.61608
1050.0 4050.0 -0.57654
1150.0 4050.0 -0.58018
1250.0 4050.0 -0.57758
1350.0 4050.0 -0.51777
1450.0 4050.0 -0.37554
1550.0 4050.0 -0.16031
1650.0 4050.0 0.09326
1750.0 4050.0 0.35080
1850.0 4050.0 0.53080
1950.0 4050.0 0.51969
2050.0 4050.0 0.29918
2150.0 4050.0 -0.06298
2250.0 4050.0 -0.44421
2350.0 4050.0 -0.71112
2450.0 4050.0 -0.77619
2550.0 4050.0 -0.66724
2650.0 4050.0 -0.46549
2750.0 4050.0 -0.08485
2850.0 4050.0 0.41146
2950.0 4050.0 0.86766
3050.0 4050.0 1.14480
3150.0 4050.0 1.18334
3250.0 4050.0 1.01873
3350.0 4050.0 0.75016
3450.0 4050.0 0.47009
3550.0 4050.0 0.24279
3650.0 4050.0 0.10233
3750.0 4050.0 0.04264
3850.0 4050.0 0.02599
3950.0 4050.0 -0.00261
4050.0 4050.0 -0.09509
4150.0 4050.0 -0.27417
4250.0 4050.0 -0.50157
4350.0 4050.0 -0.67139
4450.0 4050.0 -0.69365
4550.0 4050.0 -0.54268
4650.0 4050.0 -0.26024
4750.0 4050.0 0.05978
4850.0 4050.0 0.30457
4950.0 4050.0 0.39351
5050.0 4050.0 0.34712
5150.0 4050.0 0.29511
5250.0 4050.0 0.28995
5350.0 4050.0 0.32206
5450.0 4050.0 0.35949
5550.0 4050.0 0.36876
5650.0 4050.0 0.32876
5750.0 4050.0 0.23764
5850.0 4050.0 0.11263
5950.0 4050.0 -0.00493
6050.0 4050.0 -0.02570
6150.0 4050.0 0.08402
6250.0 4050.0 0.28919
6350.0 4050.0 0.51670
50.0 4150.0 0.18213
150.0 4150.0 0.54796
250.0 4150.0 0.78728
350.0 4150.0 0.81473
450.0 4150.0 0.62250
550.0 4150.0 0.28778
650.0 4150.0 -0.05114
750.0 4150.0 -0.24999
850.0 4150.0 -0.24484
950.0 4150.0 -0.15427
1050.0 4150.0 -0.14593
1150.0 4150.0 -0.23855
1250.0 4150.0 -0.36947
1350.0 4150.0 -0.45599
1450.0 4150.0 -0.43677
1550.0 4150.0 -0.29388
1650.0 4150.0 -0.05548
1750.0 4150.0 0.21979
1850.0 4150.0 0.43558
1950.0 4150.0 0.49507
2050.0 4150.0 0.37783
2150.0 4150.0 0.13496
2250.0 4150.0 -0.13352
2350.0 4150.0 -0.31432
2450.0 4150.0 -0.32958
2550.0 4150.0 -0.19849
2650.0 4150.0 0.00380
2750.0 4150.0 0.31984
2850.0 4150.0 0.67189
2950.0 4150.0 0.92605
3050.0 4150.0 0.98755
3150.0 4150.0 0.84672
3250.0 4150.0 0.57544
3350.0 4150.0 0.27425
3450.0 4150.0 -0.00553
3550.0 4150.0 -0.18360
3650.0 4150.0 -0.20785
3750.0 4150.0 -0.10487
3850.0 4150.0 0.04789
3950.0 4150.0 0.15401
4050.0 4150.0 0.13338
4150.0 4150.0 -0.03903
4250.0 4150.0 -0.29334
4350.0 4150.0 -0.50747
4450.0 4150.0 -0.60131
4550.0 4150.0 -0.54015
4650.0 4150.0 -0.34761
4750.0 4150.0 -0.10001
4850.0 4150.0 0.10014
4950.0 4150.0 0.17181
5050.0 4150.0 0.12405
5150.0 4150.0 0.07701
5250.0 4150.0 0.09019
5350.0 4150.0 0.15436
5450.0 4150.0 0.23116
5550.0 4150.0 0.27798
5650.0 4150.0 0.26535
5750.0 4150.0 0.18699
5850.0 4150.0 0.06226
5950.0 4150.0 -0.06177
6050.0 4150.0 -0.10872
6150.0 4150.0 -0.05114
6250.0 4150.0 0.08368
6350.0 4150.0 0.23771
50.0 4250.0 -0.16838
150.0 4250.0 0.20963
250.0 4250.0 0.50933
350.0 4250.0 0.65562
450.0 4250.0 0.62197
550.0 4250.0 0.45137
650.0 4250.0 0.24594
750.0 4250.0 0.12528
850.0 4250.0 0.15344
950.0 4250.0 0.24218
1050.0 4250.0 0.21671
1150.0 4250.0 0.04043
1250.0 4250.0 -0.21460
1350.0 4250.0 -0.43971
1450.0 4250.0 -0.54231
1550.0 4250.0 -0.47934
1650.0 4250.0 -0.27132
1750.0 4250.0 0.00310
1850.0 4250.0 0.24060
1950.0 4250.0 0.36776
2050.0 4250.0 0.36212
2150.0 4250.0 0.25345
2250.0 4250.0 0.11204
2350.0 4250.0 0.02401
2450.0 4250.0 0.05357
2550.0 4250.0 0.19233
2650.0 4250.0 0.38143
2750.0 4250.0 0.63094
2850.0 4250.0 0.85499
2950.0 4250.0 0.94108
3050.0 4250.0 0.83126
3150.0 4250.0 0.55386
3250.0 4250.0 0.20565
3350.0 4250.0 -0.11545
3450.0 4250.0 -0.39035
3550.0 4250.0 -0.52348
3650.0 4250.0 -0.44468
3750.0 4250.0 -0.19368
3850.0 4250.0 0.12075
3950.0 4250.0 0.36597
4050.0 4250.0 0.43391
4150.0 4250.0 0.29307
4250.0 4250.0 0.03901
4350.0 4250.0 -0.19909
4450.0 4250.0 -0.36246
4550.0 4250.0 -0.41237
4650.0 4250.0 -0.35045
4750.0 4250.0 -0.22389
4850.0 4250.0 -0.10952
4950.0 4250.0 -0.07674
5050.0 4250.0 -0.12951
5150.0 4250.0 -0.17270
5250.0 4250.0 -0.14361
5350.0 4250.0 -0.05048
5450.0 4250.0 0.06316
5550.0 4250.0 0.14651
5650.0 4250.0 0.16208
5750.0 4250.0 0.09870
5850.0 4250.0 -0.02292
5950.0 4250.0 -0.15028
6050.0 4250.0 -0.21911
6150.0 4250.0 -0.20852
6250.0 4250.0 -0.13919
6350.0 4250.0 -0.05522
50.0 4350.0 -0.57639
150.0 4350.0 -0.18786
250.0 4350.0 0.16641
350.0 4350.0 0.42287
450.0 4350.0 0.53998
550.0 4350.0 0.52990
650.0 4350.0 0.46011
750.0 4350.0 0.42469
850.0 4350.0 0.48549
950.0 4350.0 0.58301
1050.0 4350.0 0.53861
1150.0 4350.0 0.29731
1250.0 4350.0 -0.06435
1350.0 4350.0 -0.41653
1450.0 4350.0 -0.63757
1550.0 4350.0 -0.65800
1650.0 4350.0 -0.48710
1750.0 4350.0 -0.22057
1850.0 4350.0 0.03064
1950.0 4350.0 0.21566
2050.0 4350.0 0.31108
2150.0 4350.0 0.32690
2250.0 4350.0 0.30488
2350.0 4350.0 0.30428
2450.0 4350.0 0.37510
2550.0 4350.0 0.51871
2650.0 4350.0 0.69132
2750.0 4350.0 0.86984
2850.0 4350.0 0.96187
2950.0 4350.0 0.87842
3050.0 4350.0 0.59945
3150.0 4350.0 0.19081
3250.0 4350.0 -0.22763
3350.0 4350.0 -0.56240
3450.0 4350.0 -0.82730
3550.0 4350.0 -0.91369
3650.0 4350.0 -0.73132
3750.0 4350.0 -0.32793
3850.0 4350.0 0.16031
3950.0 4350.0 0.56501
4050.0 4350.0 0.74716
4150.0 4350.0 0.66429
4250.0 4350.0 0.43562
4350.0 4350.0 0.19650
4450.0 4350.0 -0.02114
4550.0 4350.0 -0.17946
4650.0 4350.0 -0.25866
4750.0 4350.0 -0.27191
4850.0 4350.0 -0.26171
4950.0 4350.0 -0.27773
5050.0 4350.0 -0.33596
5150.0 4350.0 -0.37569
5250.0 4350.0 -0.33702
5350.0 4350.0 -0.22913
5450.0 4350.0 -0.09945
5550.0 4350.0 -0.00310
5650.0 4350.0 0.01944
5750.0 4350.0 -0.04365
5850.0 4350.0 -0.16967
5950.0 4350.0 -0.30427
6050.0 4350.0 -0.39052
6150.0 4350.0 -0.41061
6250.0 4350.0 -0.38103
6350.0 4350.0 -0.33803
50.0 4450.0 -0.99515
150.0 4450.0 -0.59868
250.0 4450.0 -0.21048
350.0 4450.0 0.11756
450.0 4450.0 0.33976
550.0 4450.0 0.45116
650.0 4450.0 0.49519
750.0 4450.0 0.54430
850.0 4450.0 0.65367
950.0 4450.0 0.78284
1050.0 4450.0 0.75435
1150.0 4450.0 0.49569
1250.0 4450.0 0.07727
1350.0 4450.0 -0.36229
1450.0 4450.0 -0.67991
1550.0 4450.0 -0.77999
1650.0 4450.0 -0.65431
1750.0 4450.0 -0.40756
1850.0 4450.0 -0.15992
1950.0 4450.0 0.05506
2050.0 4450.0 0.21534
2150.0 4450.0 0.31759
2250.0 4450.0 0.38195
2350.0 4450.0 0.44572
2450.0 4450.0 0.54565
2550.0 4450.0 0.68920
2650.0 4450.0 0.84267
2750.0 4450.0 0.95316
2850.0 4450.0 0.92562
2950.0 4450.0 0.69515
3050.0 4450.0 0.27631
3150.0 4450.0 -0.23385
3250.0 4450.0 -0.69893
3350.0 4450.0 -1.03273
3450.0 4450.0 -1.27909
3550.0 4450.0 -1.32649
3650.0 4450.0 -1.06527
3750.0 4450.0 -0.53818
3850.0 4450.0 0.10648
3950.0 4450.0 0.67461
4050.0 4450.0 0.99752
4150.0 4450.0 1.01486
4250.0 4450.0 0.85922
4350.0 4450.0 0.66774
4450.0 4450.0 0.43929
4550.0 4450.0 0.20073
4650.0 4450.0 -0.01218
4750.0 4450.0 -0.17544
4850.0 4450.0 -0.28626
4950.0 4450.0 -0.36148
5050.0 4450.0 -0.42475
5150.0 4450.0 -0.46093
5250.0 4450.0 -0.42226
5350.0 4450.0 -0.32261
5450.0 4450.0 -0.21180
5550.0 4450.0 -0.14312
5650.0 4450.0 -0.15135
5750.0 4450.0 -0.24127
5850.0 4450.0 -0.38663
5950.0 4450.0 -0.53680
6050.0 4450.0 -0.63253
6150.0 4450.0 -0.65213
6250.0 4450.0 -0.61243
6350.0 4450.0 -0.55371
50.0 4550.0 -1.27513
150.0 4550.0 -0.87612
250.0 4550.0 -0.48958
350.0 4550.0 -0.15860
450.0 4550.0 0.08227
550.0 4550.0 0.23314
650.0 4550.0 0.33340
750.0 4550.0 0.44442
850.0 4550.0 0.61068
950.0 4550.0 0.79296
1050.0 4550.0 0.81921
1150.0 4550.0 0.60374
1250.0 4550.0 0.19920
1350.0 4550.0 -0.26351
1450.0 4550.0 -0.63320
1550.0 4550.0 -0.79335
1650.0 4550.0 -0.71406
1750.0 4550.0 -0.49766
1850.0 4550.0 -0.27365
1950.0 4550.0 -0.06781
2050.0 4550.0 0.10172
2150.0 4550.0 0.22846
2250.0 4550.0 0.32340
2350.0 4550.0 0.41176
2450.0 4550.0 0.52077
2550.0 4550.0 0.65835
2650.0 4550.0 0.79430
2750.0 4550.0 0.85879
2850.0 4550.0 0.75999
2950.0 4550.0 0.45143
3050.0 4550.0 -0.03138
3150.0 4550.0 -0.57677
3250.0 4550.0 -1.04499
3350.0 4550.0 -1.35877
3450.0 4550.0 -1.58086
3550.0 4550.0 -1.61522
3650.0 4550.0 -1.34097
3750.0 4550.0 -0.77853
3850.0 4550.0 -0.06125
3950.0 4550.0 0.61540
4050.0 4550.0 1.06599
4150.0 4550.0 1.20874
4250.0 4550.0 1.16925
4350.0 4550.0 1.07666
4450.0 4550.0 0.89703
4550.0 4550.0 0.63592
4650.0 4550.0 0.33367
4750.0 4550.0 0.04596
4850.0 4550.0 -0.17650
4950.0 4550.0 -0.30917
5050.0 4550.0 -0.37560
5150.0 4550.0 -0.40710
5250.0 4550.0 -0.37271
5350.0 4550.0 -0.29413
5450.0 4550.0 -0.22361
5550.0 4550.0 -0.20931
5650.0 4550.0 -0.27466
5750.0 4550.0 -0.41184
5850.0 4550.0 -0.58919
5950.0 4550.0 -0.76266
6050.0 4550.0 -0.86130
6150.0 4550.0 -0.85343
6250.0 4550.0 -0.76009
6350.0 4550.0 -0.63610
50.0 4650.0 -1.29843
150.0 4650.0 -0.90333
250.0 4650.0 -0.55682
350.0 4650.0 -0.29830
450.0 4650.0 -0.13719
550.0 4650.0 -0.04524
650.0 4650.0 0.03555
750.0 4650.0 0.16957
850.0 4650.0 0.38864
950.0 4650.0 0.63493
1050.0 4650.0 0.74332
1150.0 4650.0 0.62158
1250.0 4650.0 0.29662
1350.0 4650.0 -0.12290
1450.0 4650.0 -0.49199
1550.0 4650.0 -0.68220
1650.0 4650.0 -0.64185
1750.0 4650.0 -0.46040
1850.0 4650.0 -0.27500
1950.0 4650.0 -0.11433
2050.0 4650.0 0.00912
2150.0 4650.0 0.09614
2250.0 4650.0 0.16218
2350.0 4650.0 0.23226
2450.0 4650.0 0.32935
2550.0 4650.0 0.45638
2650.0 4650.0 0.58075
2750.0 4650.0 0.63454
2850.0 4650.0 0.53483
2950.0 4650.0 0.24296
3050.0 4650.0 -0.20470
3150.0 4650.0 -0.70365
3250.0 4650.0 -1.12613
3350.0 4650.0 -1.40357
3450.0 4650.0 -1.60136
3550.0 4650.0 -1.65920
3650.0 4650.0 -1.45869
3750.0 4650.0 -0.98260
3850.0 4650.0 -0.31970
3950.0 4650.0 0.36427
4050.0 4650.0 0.88838
4150.0 4650.0 1.15124
4250.0 4650.0 1.24783
4350.0 4650.0 1.28717
4450.0 4650.0 1.21025
4550.0 4650.0 0.99493
4650.0 4650.0 0.67269
4750.0 4650.0 0.31748
4850.0 4650.0 0.01965
4950.0 4650.0 -0.15519
5050.0 4650.0 -0.22198
5150.0 4650.0 -0.24690
5250.0 4650.0 -0.21308
5350.0 4650.0 -0.15111
5450.0 4650.0 -0.11759
5550.0 4650.0 -0.15692
5650.0 4650.0 -0.28147
5750.0 4650.0 -0.46995
5850.0 4650.0 -0.68400
5950.0 4650.0 -0.88456
6050.0 4650.0 -0.98388
6150.0 4650.0 -0.93764
6250.0 4650.0 -0.77273
6350.0 4650.0 -0.56280
50.0 4750.0 -1.05602
150.0 4750.0 -0.66968
250.0 4750.0 -0.38860
350.0 4750.0 -0.25374
450.0 4750.0 -0.24219
550.0 4750.0 -0.28326
650.0 4750.0 -0.28421
750.0 4750.0 -0.16594
850.0 4750.0 0.09157
950.0 4750.0 0.39812
1050.0 4750.0 0.59387
1150.0 4750.0 0.58612
1250.0 4750.0 0.37488
1350.0 4750.0 0.03989
1450.0 4750.0 -0.28959
1550.0 4750.0 -0.48200
1650.0 4750.0 -0.46788
1750.0 4750.0 -0.31835
1850.0 4750.0 -0.17554
1950.0 4750.0 -0.07840
2050.0 4750.0 -0.03352
2150.0 4750.0 -0.02646
2250.0 4750.0 -0.02802
2350.0 4750.0 -0.00462
2450.0 4750.0 0.06720
2550.0 4750.0 0.18224
2650.0 4750.0 0.30272
2750.0 4750.0 0.37949
2850.0 4750.0 0.34179
2950.0 4750.0 0.14764
3050.0 4750.0 -0.18374
3150.0 4750.0 -0.57307
3250.0 4750.0 -0.91569
3350.0 4750.0 -1.14976
3450.0 4750.0 -1.32872
3550.0 4750.0 -1.44189
3650.0 4750.0 -1.38667
3750.0 4750.0 -1.10119
3850.0 4750.0 -0.60951
3950.0 4750.0 -0.02278
4050.0 4750.0 0.50314
4150.0 4750.0 0.85358
4250.0 4750.0 1.07570
4350.0 4750.0 1.24897
4450.0 4750.0 1.30108
4550.0 4750.0 1.18232
4650.0 4750.0 0.90525
4750.0 4750.0 0.54653
4850.0 4750.0 0.22073
4950.0 4750.0 0.02585
5050.0 4750.0 -0.03877
5150.0 4750.0 -0.05526
5250.0 4750.0 -0.01208
5350.0 4750.0 0.05255
5450.0 4750.0 0.07488
5550.0 4750.0 0.00884
5650.0 4750.0 -0.15271
5750.0 4750.0 -0.37910
5850.0 4750.0 -0.62499
5950.0 4750.0 -0.85110
6050.0 4750.0 -0.95397
6150.0 4750.0 -0.87845
6250.0 4750.0 -0.65595
6350.0 4750.0 -0.37576
50.0 4850.0 -0.65552
150.0 4850.0 -0.27901
250.0 4850.0 -0.06429
350.0 4850.0 -0.05690
450.0 4850.0 -0.20473
550.0 4850.0 -0.39536
650.0 4850.0 -0.49917
750.0 4850.0 -0.41822
850.0 4850.0 -0.14089
950.0 4850.0 0.20883
1050.0 4850.0 0.47211
1150.0 4850.0 0.55865
1250.0 4850.0 0.44791
1350.0 4850.0 0.19494
1450.0 4850.0 -0.08705
1550.0 4850.0 -0.26827
1650.0 4850.0 -0.26786
1750.0 4850.0 -0.14072
1850.0 4850.0 -0.03147
1950.0 4850.0 0.00997
2050.0 4850.0 -0.01850
2150.0 4850.0 -0.08936
2250.0 4850.0 -0.15892
2350.0 4850.0 -0.18323
2450.0 4850.0 -0.13632
2550.0 4850.0 -0.03089
2650.0 4850.0 0.09182
2750.0 4850.0 0.20879
2850.0 4850.0 0.26070
2950.0 4850.0 0.19560
3050.0 4850.0 0.00744
3150.0 4850.0 -0.25579
3250.0 4850.0 -0.51458
3350.0 4850.0 -0.71088
3450.0 4850.0 -0.87973
3550.0 4850.0 -1.06125
3650.0 4850.0 -1.17581
3750.0 4850.0 -1.12143
3850.0 4850.0 -0.85602
3950.0 4850.0 -0.42855
4050.0 4850.0 0.04103
4150.0 4850.0 0.43290
4250.0 4850.0 0.74335
4350.0 4850.0 1.01984
4450.0 4850.0 1.18752
4550.0 4850.0 1.17573
4650.0 4850.0 0.97601
4750.0 4850.0 0.65686
4850.0 4850.0 0.34104
4950.0 4850.0 0.14551
5050.0 4850.0 0.08423
5150.0 4850.0 0.07719
5250.0 4850.0 0.14162
5350.0 4850.0 0.23495
5450.0 4850.0 0.28358
5550.0 4850.0 0.23278
5650.0 4850.0 0.07155
5750.0 4850.0 -0.16738
5850.0 4850.0 -0.43257
5950.0 4850.0 -0.67788
6050.0 4850.0 -0.79113
6150.0 4850.0 -0.71190
6250.0 4850.0 -0.47243
6350.0 4850.0 -0.16798
50.0 4950.0 -0.25936
150.0 4950.0 0.11029
250.0 4950.0 0.28163
350.0 4950.0 0.20473
450.0 4950.0 -0.05085
550.0 4950.0 -0.34606
650.0 4950.0 -0.52638
750.0 4950.0 -0.47973
850.0 4950.0 -0.19833
950.0 4950.0 0.17097
1050.0 4950.0 0.46519
1150.0 4950.0 0.59521
1250.0 4950.0 0.53103
1350.0 4950.0 0.31634
1450.0 4950.0 0.05680
1550.0 4950.0 -0.11877
1650.0 4950.0 -0.12438
1750.0 4950.0 -0.00741
1850.0 4950.0 0.08651
1950.0 4950.0 0.10237
2050.0 4950.0 0.04014
2150.0 4950.0 -0.06664
2250.0 4950.0 -0.16759
2350.0 4950.0 -0.21393
2450.0 4950.0 -0.17851
2550.0 4950.0 -0.07747
2650.0 4950.0 0.04977
2750.0 4950.0 0.20190
2850.0 4950.0 0.32678
2950.0 4950.0 0.36252
3050.0 4950.0 0.28237
3150.0 4950.0 0.11059
3250.0 4950.0 -0.09093
3350.0 4950.0 -0.26511
3450.0 4950.0 -0.43242
3550.0 4950.0 -0.67235
3650.0 4950.0 -0.92678
3750.0 4950.0 -1.06753
3850.0 4950.0 -1.00347
3950.0 4950.0 -0.73324
4050.0 4950.0 -0.34345
4150.0 4950.0 0.04775
4250.0 4950.0 0.39756
4350.0 4950.0 0.72649
4450.0 4950.0 0.96294
4550.0 4950.0 1.02580
4650.0 4950.0 0.89192
4750.0 4950.0 0.61922
4850.0 4950.0 0.32816
4950.0 4950.0 0.14152
5050.0 4950.0 0.08297
5150.0 4950.0 0.08518
5250.0 4950.0 0.18027
5350.0 4950.0 0.32511
5450.0 4950.0 0.43489
5550.0 4950.0 0.44010
5650.0 4950.0 0.31719
5750.0 4950.0 0.09318
5850.0 4950.0 -0.17604
5950.0 4950.0 -0.43195
6050.0 4950.0 -0.56369
6150.0 4950.0 -0.51266
6250.0 4950.0 -0.30733
6350.0 4950.0 -0.03674
50.0 5050.0 0.04610
150.0 5050.0 0.41278
250.0 5050.0 0.56724
350.0 5050.0 0.45698
450.0 5050.0 0.15739
550.0 5050.0 -0.18250
650.0 5050.0 -0.39805
750.0 5050.0 -0.37062
850.0 5050.0 -0.09292
950.0 5050.0 0.27848
1050.0 5050.0 0.57300
1150.0 5050.0 0.69965
1250.0 5050.0 0.62825
1350.0 5050.0 0.40373
1450.0 5050.0 0.13409
1550.0 5050.0 -0.04931
1650.0 5050.0 -0.05902
1750.0 5050.0 0.05643
1850.0 5050.0 0.15071
1950.0 5050.0 0.17083
2050.0 5050.0 0.11681
2150.0 5050.0 0.02054
2250.0 5050.0 -0.07011
2350.0 5050.0 -0.10883
2450.0 5050.0 -0.06987
2550.0 5050.0 0.03140
2650.0 5050.0 0.16249
2750.0 5050.0 0.33473
2850.0 5050.0 0.49879
2950.0 5050.0 0.58648
3050.0 5050.0 0.55989
3150.0 5050.0 0.43147
3250.0 5050.0 0.25511
3350.0 5050.0 0.08841
3450.0 5050.0 -0.08231
3550.0 5050.0 -0.36235
3650.0 5050.0 -0.70955
3750.0 5050.0 -0.98292
3850.0 5050.0 -1.06231
3950.0 5050.0 -0.91356
4050.0 5050.0 -0.59866
4150.0 5050.0 -0.23076
4250.0 5050.0 0.12315
4350.0 5050.0 0.46376
4450.0 5050.0 0.72339
4550.0 5050.0 0.81876
4650.0 5050.0 0.72032
4750.0 5050.0 0.47859
4850.0 5050.0 0.20843
4950.0 5050.0 0.03098
5050.0 5050.0 -0.02614
5150.0 5050.0 -0.01545
5250.0 5050.0 0.11446
5350.0 5050.0 0.32251
5450.0 5050.0 0.51253
5550.0 5050.0 0.59713
5650.0 5050.0 0.53529
5750.0 5050.0 0.34353
5850.0 5050.0 0.08073
5950.0 5050.0 -0.17952
6050.0 5050.0 -0.33521
6150.0 5050.0 -0.33464
6250.0 5050.0 -0.19924
6350.0 5050.0 -0.00326
50.0 5150.0 0.26349
150.0 5150.0 0.61891
250.0 5150.0 0.76507
350.0 5150.0 0.64900
450.0 5150.0 0.34384
550.0 5150.0 -0.00371
650.0 5150.0 -0.23042
750.0 5150.0 -0.21766
850.0 5150.0 0.04311
950.0 5150.0 0.39656
1050.0 5150.0 0.66995
1150.0 5150.0 0.77295
1250.0 5150.0 0.67932
1350.0 5150.0 0.43772
1450.0 5150.0 0.15758
1550.0 5150.0 -0.03112
1650.0 5150.0 -0.04398
1750.0 5150.0 0.06830
1850.0 5150.0 0.16445
1950.0 5150.0 0.19928
2050.0 5150.0 0.17427
2150.0 5150.0 0.11696
2250.0 5150.0 0.06699
2350.0 5150.0 0.06154
2450.0 5150.0 0.12021
2550.0 5150.0 0.22932
2650.0 5150.0 0.36705
2750.0 5150.0 0.55098
2850.0 5150.0 0.73399
2950.0 5150.0 0.84726
3050.0 5150.0 0.84965
3150.0 5150.0 0.74889
3250.0 5150.0 0.59463
3350.0 5150.0 0.44321
3450.0 5150.0 0.28088
3550.0 5150.0 -0.02536
3650.0 5150.0 -0.45253
3750.0 5150.0 -0.85212
3850.0 5150.0 -1.07814
3950.0 5150.0 -1.06264
4050.0 5150.0 -0.83824
4150.0 5150.0 -0.50763
4250.0 5150.0 -0.16080
4350.0 5150.0 0.18185
4450.0 5150.0 0.45863
4550.0 5150.0 0.58527
4650.0 5150.0 0.52515
4750.0 5150.0 0.31914
4850.0 5150.0 0.07330
4950.0 5150.0 -0.09541
5050.0 5150.0 -0.15522
5150.0 5150.0 -0.14028
5250.0 5150.0 0.02223
5350.0 5150.0 0.29408
5450.0 5150.0 0.56741
5550.0 5150.0 0.73574
5650.0 5150.0 0.73873
5750.0 5150.0 0.58077
5850.0 5150.0 0.32340
5950.0 5150.0 0.05661
6050.0 5150.0 -0.12699
6150.0 5150.0 -0.18182
6250.0 5150.0 -0.12022
6350.0 5150.0 0.00008
50.0 5250.0 0.27448
150.0 5250.0 0.58894
250.0 5250.0 0.73687
350.0 5250.0 0.66976
450.0 5250.0 0.43961
550.0 5250.0 0.16178
650.0 5250.0 -0.02909
750.0 5250.0 -0.02995
850.0 5250.0 0.17298
950.0 5250.0 0.45227
1050.0 5250.0 0.65317
1150.0 5250.0 0.69723
1250.0 5250.0 0.57037
1350.0 5250.0 0.32433
1450.0 5250.0 0.05937
1550.0 5250.0 -0.11246
1650.0 5250.0 -0.12357
1750.0 5250.0 -0.02396
1850.0 5250.0 0.06773
1950.0 5250.0 0.12505
2050.0 5250.0 0.15692
2150.0 5250.0 0.18516
2250.0 5250.0 0.23231
2350.0 5250.0 0.31300
2450.0 5250.0 0.42890
2550.0 5250.0 0.56713
2650.0 5250.0 0.72160
2750.0 5250.0 0.90031
2850.0 5250.0 1.05917
2950.0 5250.0 1.14409
3050.0 5250.0 1.13018
3150.0 5250.0 1.03604
3250.0 5250.0 0.91318
3350.0 5250.0 0.81049
3450.0 5250.0 0.69772
3550.0 5250.0 0.40555
3650.0 5250.0 -0.07352
3750.0 5250.0 -0.59555
3850.0 5250.0 -0.99197
3950.0 5250.0 -1.15249
4050.0 5250.0 -1.06340
4150.0 5250.0 -0.80138
4250.0 5250.0 -0.48049
4350.0 5250.0 -0.14743
4450.0 5250.0 0.14841
4550.0 5250.0 0.32148
4650.0 5250.0 0.32231
4750.0 5250.0 0.17346
4850.0 5250.0 -0.03613
4950.0 5250.0 -0.19820
5050.0 5250.0 -0.27349
5150.0 5250.0 -0.26842
5250.0 5250.0 -0.08592
5350.0 5250.0 0.23973
5450.0 5250.0 0.58923
5550.0 5250.0 0.83607
5650.0 5250.0 0.89884
5750.0 5250.0 0.76798
5850.0 5250.0 0.50695
5950.0 5250.0 0.22366
6050.0 5250.0 0.00406
6150.0 5250.0 -0.10688
6250.0 5250.0 -0.10786
6350.0 5250.0 -0.04001
50.0 5350.0 0.08176
150.0 5350.0 0.32211
250.0 5350.0 0.47869
350.0 5350.0 0.51209
450.0 5350.0 0.43386
550.0 5350.0 0.29880
650.0 5350.0 0.18577
750.0 5350.0 0.16702
850.0 5350.0 0.26599
950.0 5350.0 0.41014
1050.0 5350.0 0.48641
1150.0 5350.0 0.44240
1250.0 5350.0 0.28412
1350.0 5350.0 0.06279
1450.0 5350.0 -0.14545
1550.0 5350.0 -0.26737
1650.0 5350.0 -0.26791
1750.0 5350.0 -0.19123
1850.0 5350.0 -0.11645
1950.0 5350.0 -0.04575
2050.0 5350.0 0.04425
2150.0 5350.0 0.17374
2250.0 5350.0 0.34630
2350.0 5350.0 0.54659
2450.0 5350.0 0.74907
2550.0 5350.0 0.93782
2650.0 5350.0 1.12005
2750.0 5350.0 1.27516
2850.0 5350.0 1.36297
2950.0 5350.0 1.36089
3050.0 5350.0 1.28148
3150.0 5350.0 1.17114
3250.0 5350.0 1.08989
3350.0 5350.0 1.07240
3450.0 5350.0 1.05562
3550.0 5350.0 0.83488
3650.0 5350.0 0.36532
3750.0 5350.0 -0.23070
3850.0 5350.0 -0.77498
3950.0 5350.0 -1.11641
4050.0 5350.0 -1.18485
4150.0 5350.0 -1.01595
4250.0 5350.0 -0.74115
4350.0 5350.0 -0.43293
4450.0 5350.0 -0.12354
4550.0 5350.0 0.10036
4650.0 5350.0 0.17250
4750.0 5350.0 0.09088
4850.0 5350.0 -0.07890
4950.0 5350.0 -0.24092
5050.0 5350.0 -0.34618
5150.0 5350.0 -0.36819
5250.0 5350.0 -0.18710
5350.0 5350.0 0.16748
5450.0 5350.0 0.56745
5550.0 5350.0 0.86925
5650.0 5350.0 0.97243
5750.0 5350.0 0.85385
5850.0 5350.0 0.57752
5950.0 5350.0 0.26742
6050.0 5350.0 0.00710
6150.0 5350.0 -0.15184
6250.0 5350.0 -0.19076
6350.0 5350.0 -0.13674
50.0 5450.0 -0.20883
150.0 5450.0 -0.06384
250.0 5450.0 0.10039
350.0 5450.0 0.25553
450.0 5450.0 0.36245
550.0 5450.0 0.40052
650.0 5450.0 0.37937
750.0 5450.0 0.33327
850.0 5450.0 0.29802
950.0 5450.0 0.27005
1050.0 5450.0 0.19456
1150.0 5450.0 0.05650
1250.0 5450.0 -0.11454
1350.0 5450.0 -0.27369
1450.0 5450.0 -0.38252
1550.0 5450.0 -0.42293
1650.0 5450.0 -0.40312
1750.0 5450.0 -0.35555
1850.0 5450.0 -0.31231
1950.0 5450.0 -0.25620
2050.0 5450.0 -0.14441
2150.0 5450.0 0.05129
2250.0 5450.0 0.32435
2350.0 5450.0 0.63398
2450.0 5450.0 0.92632
2550.0 5450.0 1.17642
2650.0 5450.0 1.39318
2750.0 5450.0 1.51349
2850.0 5450.0 1.50162
2950.0 5450.0 1.37675
3050.0 5450.0 1.20184
3150.0 5450.0 1.06142
3250.0 5450.0 1.02815
3350.0 5450.0 1.11825
3450.0 5450.0 1.22788
3550.0 5450.0 1.13090
3650.0 5450.0 0.74777
3750.0 5450.0 0.16388
3850.0 5450.0 -0.45276
3950.0 5450.0 -0.92498
4050.0 5450.0 -1.13066
4150.0 5450.0 -1.05771
4250.0 5450.0 -0.84085
4350.0 5450.0 -0.57010
4450.0 5450.0 -0.26018
4550.0 5450.0 0.00177
4650.0 5450.0 0.13333
4750.0 5450.0 0.10822
4850.0 5450.0 -0.03161
4950.0 5450.0 -0.20307
5050.0 5450.0 -0.34793
5150.0 5450.0 -0.40988
5250.0 5450.0 -0.25301
5350.0 5450.0 0.09742
5450.0 5450.0 0.50933
5550.0 5450.0 0.82893
5650.0 5450.0 0.94295
5750.0 5450.0 0.81800
5850.0 5450.0 0.51704
5950.0 5450.0 0.17452
6050.0 5450.0 -0.12424
6150.0 5450.0 -0.31493
6250.0 5450.0 -0.36086
6350.0 5450.0 -0.28004
50.0 5550.0 -0.45497
150.0 5550.0 -0.40665
250.0 5550.0 -0.24311
350.0 5550.0 0.01690
450.0 5550.0 0.28634
550.0 5550.0 0.47411
650.0 5550.0 0.52589
750.0 5550.0 0.44158
850.0 5550.0 0.26929
950.0 5550.0 0.07024
1050.0 5550.0 -0.14889
1150.0 5550.0 -0.36192
1250.0 5550.0 -0.51782
1350.0 5550.0 -0.58385
1450.0 5550.0 -0.56617
1550.0 5550.0 -0.50727
1650.0 5550.0 -0.46021
1750.0 5550.0 -0.44149
1850.0 5550.0 -0.44084
1950.0 5550.0 -0.43489
2050.0 5550.0 -0.36033
2150.0 5550.0 -0.16954
2250.0 5550.0 0.13663
2350.0 5550.0 0.50643
2450.0 5550.0 0.86503
2550.0 5550.0 1.17271
2650.0 5550.0 1.42394
2750.0 5550.0 1.50968
2850.0 5550.0 1.39867
2950.0 5550.0 1.15167
3050.0 5550.0 0.88187
3150.0 5550.0 0.71176
3250.0 5550.0 0.72652
3350.0 5550.0 0.92403
3450.0 5550.0 1.16286
3550.0 5550.0 1.21649
3650.0 5550.0 0.98180
3750.0 5550.0 0.49941
3850.0 5550.0 -0.09170
3950.0 5550.0 -0.61020
4050.0 5550.0 -0.89904
4150.0 5550.0 -0.90246
4250.0 5550.0 -0.74259
4350.0 5550.0 -0.51442
4450.0 5550.0 -0.21926
4550.0 5550.0 0.05612
4650.0 5550.0 0.21804
4750.0 5550.0 0.22245
4850.0 5550.0 0.09345
4950.0 5550.0 -0.09610
5050.0 5550.0 -0.28163
5150.0 5550.0 -0.38705
5250.0 5550.0 -0.26973
5350.0 5550.0 0.04840
5450.0 5550.0 0.43621
5550.0 5550.0 0.73764
5650.0 5550.0 0.83453
5750.0 5550.0 0.68813
5850.0 5550.0 0.35912
5950.0 5550.0 -0.01464
6050.0 5550.0 -0.34356
6150.0 5550.0 -0.54809
6250.0 5550.0 -0.57608
6350.0 5550.0 -0.44177
50.0 5650.0 -0.53382
150.0 5650.0 -0.56290
250.0 5650.0 -0.41206
350.0 5650.0 -0.09473
450.0 5650.0 0.26860
550.0 5650.0 0.53910
650.0 5650.0 0.62021
750.0 5650.0 0.49021
850.0 5650.0 0.20678
950.0 5650.0 -0.12470
1050.0 5650.0 -0.44769
1150.0 5650.0 -0.69992
1250.0 5650.0 -0.81582
1350.0 5650.0 -0.77795
1450.0 5650.0 -0.63418
1550.0 5650.0 -0.47983
1650.0 5650.0 -0.40456
1750.0 5650.0 -0.40810
1850.0 5650.0 -0.45266
1950.0 5650.0 -0.52431
2050.0 5650.0 -0.54268
2150.0 5650.0 -0.43274
2250.0 5650.0 -0.17371
2350.0 5650.0 0.18980
2450.0 5650.0 0.57455
2550.0 5650.0 0.92306
2650.0 5650.0 1.20192
2750.0 5650.0 1.26468
2850.0 5650.0 1.08398
2950.0 5650.0 0.75171
3050.0 5650.0 0.41801
3150.0 5650.0 0.23267
3250.0 5650.0 0.28923
3350.0 5650.0 0.57141
3450.0 5650.0 0.91337
3550.0 5650.0 1.10716
3650.0 5650.0 1.04067
3750.0 5650.0 0.71303
3850.0 5650.0 0.22468
3950.0 5650.0 -0.25842
4050.0 5650.0 -0.56633
4150.0 5650.0 -0.61273
4250.0 5650.0 -0.49650
4350.0 5650.0 -0.30626
4450.0 5650.0 -0.03670
4550.0 5650.0 0.22647
4650.0 5650.0 0.38531
4750.0 5650.0 0.38789
4850.0 5650.0 0.24971
4950.0 5650.0 0.03808
5050.0 5650.0 -0.18013
5150.0 5650.0 -0.32169
5250.0 5650.0 -0.24494
5350.0 5650.0 0.03005
5450.0 5650.0 0.37608
5550.0 5650.0 0.64040
5650.0 5650.0 0.70611
5750.0 5650.0 0.53335
5850.0 5650.0 0.18031
5950.0 5650.0 -0.21722
6050.0 5650.0 -0.56564
6150.0 5650.0 -0.77239
6250.0 5650.0 -0.77443
6350.0 5650.0 -0.58566
50.0 5750.0 -0.38703
150.0 5750.0 -0.46100
250.0 5750.0 -0.33383
350.0 5750.0 -0.01905
450.0 5750.0 0.35011
550.0 5750.0 0.61878
650.0 5750.0 0.67789
750.0 5750.0 0.50112
850.0 5750.0 0.15131
950.0 5750.0 -0.25107
1050.0 5750.0 -0.62177
1150.0 5750.0 -0.87469
1250.0 5750.0 -0.93870
1350.0 5750.0 -0.81090
1450.0 5750.0 -0.56931
1550.0 5750.0 -0.34383
1650.0 5750.0 -0.24576
1750.0 5750.0 -0.26117
1850.0 5750.0 -0.34393
1950.0 5750.0 -0.50153
2050.0 5750.0 -0.64304
2150.0 5750.0 -0.66457
2250.0 5750.0 -0.51410
2350.0 5750.0 -0.21446
2450.0 5750.0 0.15548
2550.0 5750.0 0.52155
2650.0 5750.0 0.81701
2750.0 5750.0 0.87527
2850.0 5750.0 0.67206
2950.0 5750.0 0.31354
3050.0 5750.0 -0.03455
3150.0 5750.0 -0.21207
3250.0 5750.0 -0.12391
3350.0 5750.0 0.20637
3450.0 5750.0 0.60637
3550.0 5750.0 0.89611
3650.0 5750.0 0.96682
3750.0 5750.0 0.78934
3850.0 5750.0 0.42924
3950.0 5750.0 0.02793
4050.0 5750.0 -0.25028
4150.0 5750.0 -0.30550
4250.0 5750.0 -0.21228
4350.0 5750.0 -0.04722
4450.0 5750.0 0.19472
4550.0 5750.0 0.42922
4650.0 5750.0 0.56034
4750.0 5750.0 0.53776
4850.0 5750.0 0.37747
4950.0 5750.0 0.14610
5050.0 5750.0 -0.09080
5150.0 5750.0 -0.25302
5250.0 5750.0 -0.20299
5350.0 5750.0 0.03995
5450.0 5750.0 0.35222
5550.0 5750.0 0.58532
5650.0 5750.0 0.62549
5750.0 5750.0 0.43380
5850.0 5750.0 0.06669
5950.0 5750.0 -0.34371
6050.0 5750.0 -0.70284
6150.0 5750.0 -0.91113
6250.0 5750.0 -0.89962
6350.0 5750.0 -0.68192
50.0 5850.0 -0.05499
150.0 5850.0 -0.14372
250.0 5850.0 -0.04647
350.0 5850.0 0.21889
450.0 5850.0 0.52396
550.0 5850.0 0.72437
650.0 5850.0 0.72327
750.0 5850.0 0.50361
850.0 5850.0 0.12938
950.0 5850.0 -0.28846
1050.0 5850.0 -0.65944
1150.0 5850.0 -0.88657
1250.0 5850.0 -0.90032
1350.0 5850.0 -0.70913
1450.0 5850.0 -0.40748
1550.0 5850.0 -0.14094
1650.0 5850.0 -0.02809
1750.0 5850.0 -0.04604
1850.0 5850.0 -0.15569
1950.0 5850.0 -0.39094
2050.0 5850.0 -0.65670
2150.0 5850.0 -0.82396
2250.0 5850.0 -0.80776
2350.0 5850.0 -0.60242
2450.0 5850.0 -0.27397
2550.0 5850.0 0.09021
2650.0 5850.0 0.39224
2750.0 5850.0 0.46273
2850.0 5850.0 0.27964
2950.0 5850.0 -0.05180
3050.0 5850.0 -0.36952
3150.0 5850.0 -0.51846
3250.0 5850.0 -0.40799
3350.0 5850.0 -0.06278
3450.0 5850.0 0.35305
3550.0 5850.0 0.68656
3650.0 5850.0 0.83859
3750.0 5850.0 0.76719
3850.0 5850.0 0.51481
3950.0 5850.0 0.19973
4050.0 5850.0 -0.02861
4150.0 5850.0 -0.07035
4250.0 5850.0 0.01819
4350.0 5850.0 0.17194
4450.0 5850.0 0.39128
4550.0 5850.0 0.59311
4650.0 5850.0 0.68712
4750.0 5850.0 0.63022
4850.0 5850.0 0.44458
4950.0 5850.0 0.19946
5050.0 5850.0 -0.04294
5150.0 5850.0 -0.21018
5250.0 5850.0 -0.16740
5350.0 5850.0 0.06612
5450.0 5850.0 0.36801
5550.0 5850.0 0.59132
5650.0 5850.0 0.62358
5750.0 5850.0 0.42643
5850.0 5850.0 0.05584
5950.0 5850.0 -0.35806
6050.0 5850.0 -0.72358
6150.0 5850.0 -0.94079
6250.0 5850.0 -0.93816
6350.0 5850.0 -0.72667
50.0 5950.0 0.34359
150.0 5950.0 0.24882
250.0 5950.0 0.31317
350.0 5950.0 0.51357
450.0 5950.0 0.73260
550.0 5950.0 0.84507
650.0 5950.0 0.77387
750.0 5950.0 0.51499
850.0 5950.0 0.13174
950.0 5950.0 -0.28233
1050.0 5950.0 -0.63891
1150.0 5950.0 -0.83507
1250.0 5950.0 -0.80430
1350.0 5950.0 -0.56358
1450.0 5950.0 -0.21781
1550.0 5950.0 0.07904
1650.0 5950.0 0.20573
1750.0 5950.0 0.19132
1850.0 5950.0 0.06192
1950.0 5950.0 -0.24452
2050.0 5950.0 -0.63148
2150.0 5950.0 -0.94673
2250.0 5950.0 -1.07207
2350.0 5950.0 -0.97076
2450.0 5950.0 -0.69257
2550.0 5950.0 -0.33650
2650.0 5950.0 -0.02998
2750.0 5950.0 0.06221
2850.0 5950.0 -0.08100
2950.0 5950.0 -0.36288
3050.0 5950.0 -0.63350
3150.0 5950.0 -0.74882
3250.0 5950.0 -0.62403
3350.0 5950.0 -0.28131
3450.0 5950.0 0.12991
3550.0 5950.0 0.48497
3650.0 5950.0 0.69739
3750.0 5950.0 0.71743
3850.0 5950.0 0.56727
3950.0 5950.0 0.34089
4050.0 5950.0 0.16832
4150.0 5950.0 0.14412
4250.0 5950.0 0.22919
4350.0 5950.0 0.37082
4450.0 5950.0 0.56444
4550.0 5950.0 0.73044
4650.0 5950.0 0.78686
4750.0 5950.0 0.69934
4850.0 5950.0 0.49596
4950.0 5950.0 0.24686
5050.0 5950.0 0.00906
5150.0 5950.0 -0.15296
5250.0 5950.0 -0.10714
5350.0 5950.0 0.12659
5450.0 5950.0 0.42632
5550.0 5950.0 0.64651
5650.0 5950.0 0.67651
5750.0 5950.0 0.47946
5850.0 5950.0 0.11156
5950.0 5950.0 -0.29960
6050.0 5950.0 -0.66781
6150.0 5950.0 -0.89614
6250.0 5950.0 -0.91232
6350.0 5950.0 -0.72356
50.0 6050.0 0.78551
150.0 6050.0 0.68301
250.0 6050.0 0.70646
350.0 6050.0 0.83001
450.0 6050.0 0.95327
550.0 6050.0 0.97553
650.0 6050.0 0.84139
750.0 6050.0 0.55802
850.0 6050.0 0.18391
950.0 6050.0 -0.20900
1050.0 6050.0 -0.54464
1150.0 6050.0 -0.71995
1250.0 6050.0 -0.66748
1350.0 6050.0 -0.40360
1450.0 6050.0 -0.03319
1550.0 6050.0 0.28913
1650.0 6050.0 0.44125
1750.0 6050.0 0.45129
1850.0 6050.0 0.32297
1950.0 6050.0 -0.03886
2050.0 6050.0 -0.54140
2150.0 6050.0 -1.01106
2250.0 6050.0 -1.29334
2350.0 6050.0 -1.31338
2450.0 6050.0 -1.09706
2550.0 6050.0 -0.75266
2650.0 6050.0 -0.43648
2750.0 6050.0 -0.29622
2850.0 6050.0 -0.35908
2950.0 6050.0 -0.55480
3050.0 6050.0 -0.76202
3150.0 6050.0 -0.85509
3250.0 6050.0 -0.75142
3350.0 6050.0 -0.45933
3450.0 6050.0 -0.10134
3550.0 6050.0 0.24297
3650.0 6050.0 0.51160
3750.0 6050.0 0.64658
3850.0 6050.0 0.63858
3950.0 6050.0 0.53942
4050.0 6050.0 0.44176
4150.0 6050.0 0.42605
4250.0 6050.0 0.48125
4350.0 6050.0 0.57743
4450.0 6050.0 0.70961
4550.0 6050.0 0.81680
4650.0 6050.0 0.83775
4750.0 6050.0 0.74858
4850.0 6050.0 0.57323
4950.0 6050.0 0.36682
5050.0 6050.0 0.17219
5150.0 6050.0 0.04850
5250.0 6050.0 0.11759
5350.0 6050.0 0.35460
5450.0 6050.0 0.64084
5550.0 6050.0 0.84047
5650.0 6050.0 0.85567
5750.0 6050.0 0.66035
5850.0 6050.0 0.31234
5950.0 6050.0 -0.07359
6050.0 6050.0 -0.42366
6150.0 6050.0 -0.65135
6250.0 6050.0 -0.69027
6350.0 6050.0 -0.54473
50.0 6150.0 1.16389
150.0 6150.0 1.05270
250.0 6150.0 1.03194
350.0 6150.0 1.07756
450.0 6150.0 1.11210
550.0 6150.0 1.06204
650.0 6150.0 0.89171
750.0 6150.0 0.61374
850.0 6150.0 0.27620
950.0 6150.0 -0.07209
1050.0 6150.0 -0.38022
1150.0 6150.0 -0.55380
1250.0 6150.0 -0.51858
1350.0 6150.0 -0.27615
1450.0 6150.0 0.08468
1550.0 6150.0 0.42081
1650.0 6150.0 0.61215
1750.0 6150.0 0.67501
1850.0 6150.0 0.58199
1950.0 6150.0 0.20516
2050.0 6150.0 -0.37393
2150.0 6150.0 -0.96890
2250.0 6150.0 -1.39325
2350.0 6150.0 -1.53210
2450.0 6150.0 -1.38089
2550.0 6150.0 -1.05108
2650.0 6150.0 -0.71930
2750.0 6150.0 -0.50049
2850.0 6150.0 -0.43812
2950.0 6150.0 -0.51126
3050.0 6150.0 -0.64644
3150.0 6150.0 -0.74343
3250.0 6150.0 -0.71497
3350.0 6150.0 -0.54043
3450.0 6150.0 -0.30251
3550.0 6150.0 -0.02032
3650.0 6150.0 0.28155
3750.0 6150.0 0.53845
3850.0 6150.0 0.69961
3950.0 6150.0 0.75646
4050.0 6150.0 0.74466
4150.0 6150.0 0.71972
4250.0 6150.0 0.70892
4350.0 6150.0 0.71501
4450.0 6150.0 0.73926
4550.0 6150.0 0.75958
4650.0 6150.0 0.75170
4750.0 6150.0 0.70370
4850.0 6150.0 0.62101
4950.0 6150.0 0.52176
5050.0 6150.0 0.42278
5150.0 6150.0 0.38192
5250.0 6150.0 0.49969
5350.0 6150.0 0.74041
5450.0 6150.0 0.99294
5550.0 6150.0 1.14351
5650.0 6150.0 1.12316
5750.0 6150.0 0.92974
5850.0 6150.0 0.62453
5950.0 6150.0 0.29486
6050.0 6150.0 -0.00514
6150.0 6150.0 -0.20824
6250.0 6150.0 -0.26413
6350.0 6150.0 -0.17767
50.0 6250.0 1.33233
150.0 6250.0 1.21356
250.0 6250.0 1.15620
350.0 6250.0 1.14314
450.0 6250.0 1.12103
550.0 6250.0 1.03979
650.0 6250.0 0.87575
750.0 6250.0 0.63856
850.0 6250.0 0.36168
950.0 6250.0 0.07519
1050.0 6250.0 -0.20351
1150.0 6250.0 -0.39670
1250.0 6250.0 -0.41820
1350.0 6250.0 -0.24212
1450.0 6250.0 0.07336
1550.0 6250.0 0.40783
1650.0 6250.0 0.64597
1750.0 6250.0 0.78274
1850.0 6250.0 0.75828
1950.0 6250.0 0.42163
2050.0 6250.0 -0.16321
2150.0 6250.0 -0.81153
2250.0 6250.0 -1.31924
2350.0 6250.0 -1.54028
2450.0 6250.0 -1.43997
2550.0 6250.0 -1.12433
2650.0 6250.0 -0.77403
2750.0 6250.0 -0.46110
2850.0 6250.0 -0.25370
2950.0 6250.0 -0.19486
3050.0 6250.0 -0.26947
3150.0 6250.0 -0.40401
3250.0 6250.0 -0.49888
3350.0 6250.0 -0.49357
3450.0 6250.0 -0.42643
3550.0 6250.0 -0.25455
3650.0 6250.0 0.04035
3750.0 6250.0 0.39106
3850.0 6250.0 0.70499
3950.0 6250.0 0.90785
4050.0 6250.0 0.97001
4150.0 6250.0 0.91551
4250.0 6250.0 0.81155
4350.0 6250.0 0.69538
4450.0 6250.0 0.57984
4550.0 6250.0 0.49673
4650.0 6250.0 0.46992
4750.0 6250.0 0.49947
4850.0 6250.0 0.56063
4950.0 6250.0 0.61784
5050.0 6250.0 0.65364
5150.0 6250.0 0.72795
5250.0 6250.0 0.91052
5350.0 6250.0 1.15029
5450.0 6250.0 1.34776
5550.0 6250.0 1.42181
5650.0 6250.0 1.34558
5750.0 6250.0 1.15152
5850.0 6250.0 0.90547
5950.0 6250.0 0.65575
6050.0 6250.0 0.43435
6150.0 6250.0 0.28415
6250.0 6250.0 0.23038
6350.0 6250.0 0.26187
50.0 6350.0 1.22054
150.0 6350.0 1.09701
250.0 6350.0 1.01900
350.0 6350.0 0.98011
450.0 6350.0 0.94695
550.0 6350.0 0.88378
650.0 6350.0 0.76837
750.0 6350.0 0.59930
850.0 6350.0 0.39446
950.0 6350.0 0.17379
1050.0 6350.0 -0.07908
1150.0 6350.0 -0.30730
1250.0 6350.0 -0.41028
1350.0 6350.0 -0.32838
1450.0 6350.0 -0.08177
1550.0 6350.0 0.23758
1650.0 6350.0 0.52076
1750.0 6350.0 0.73681
1850.0 6350.0 0.80033
1950.0 6350.0 0.55307
2050.0 6350.0 0.03875
2150.0 6350.0 -0.57444
2250.0 6350.0 -1.08415
2350.0 6350.0 -1.32968
2450.0 6350.0 -1.25352
2550.0 6350.0 -0.94831
2650.0 6350.0 -0.58081
2750.0 6350.0 -0.17964
2850.0 6350.0 0.15905
2950.0 6350.0 0.32770
3050.0 6350.0 0.28577
3150.0 6350.0 0.08533
3250.0 6350.0 -0.15621
3350.0 6350.0 -0.33606
3450.0 6350.0 -0.45417
3550.0 6350.0 -0.41888
3650.0 6350.0 -0.17341
3750.0 6350.0 0.21756
3850.0 6350.0 0.62935
3950.0 6350.0 0.93195
4050.0 6350.0 1.03712
4150.0 6350.0 0.93785
4250.0 6350.0 0.73338
4350.0 6350.0 0.48805
4450.0 6350.0 0.22835
4550.0 6350.0 0.04353
4650.0 6350.0 0.00726
4750.0 6350.0 0.13001
4850.0 6350.0 0.35257
4950.0 6350.0 0.58080
5050.0 6350.0 0.76152
5150.0 6350.0 0.95831
5250.0 6350.0 1.20596
5350.0 6350.0 1.43667
5450.0 6350.0 1.56481
5550.0 6350.0 1.54653
5650.0 6350.0 1.40240
5750.0 6350.0 1.20334
5850.0 6350.0 1.01974
5950.0 6350.0 0.85688
6050.0 6350.0 0.72808
6150.0 6350.0 0.65269
6250.0 6350.0 0.62652
6350.0 6350.0 0.62620
