50.0 50.0 0.05839
150.0 50.0 0.22642
250.0 50.0 0.44153
350.0 50.0 0.60440
450.0 50.0 0.61268
550.0 50.0 0.45425
650.0 50.0 0.21411
750.0 50.0 -0.00527
850.0 50.0 -0.20870
950.0 50.0 -0.38987
1050.0 50.0 -0.47279
1150.0 50.0 -0.41512
1250.0 50.0 -0.25447
1350.0 50.0 -0.09026
1450.0 50.0 -0.00144
1550.0 50.0 0.03215
1650.0 50.0 -0.03369
1750.0 50.0 -0.17475
1850.0 50.0 -0.30344
1950.0 50.0 -0.34169
2050.0 50.0 -0.26238
2150.0 50.0 -0.09932
2250.0 50.0 0.07002
2350.0 50.0 0.15850
2450.0 50.0 0.13321
2550.0 50.0 0.02615
2650.0 50.0 -0.08641
2750.0 50.0 -0.12259
2850.0 50.0 -0.05149
2950.0 50.0 0.06927
3050.0 50.0 0.22652
3150.0 50.0 0.36119
3250.0 50.0 0.39654
3350.0 50.0 0.31227
3450.0 50.0 0.15882
3550.0 50.0 0.01152
3650.0 50.0 -0.12481
3750.0 50.0 -0.27929
3850.0 50.0 -0.39573
3950.0 50.0 -0.41079
4050.0 50.0 -0.31785
4150.0 50.0 -0.17468
4250.0 50.0 -0.05502
4350.0 50.0 0.04264
4450.0 50.0 0.14652
4550.0 50.0 0.22457
4650.0 50.0 0.24228
4750.0 50.0 0.19851
4850.0 50.0 0.12893
4950.0 50.0 0.07729
5050.0 50.0 0.05616
5150.0 50.0 0.13008
5250.0 50.0 0.28368
5350.0 50.0 0.41731
5450.0 50.0 0.44321
5550.0 50.0 0.33652
5650.0 50.0 0.13987
5750.0 50.0 -0.08766
5850.0 50.0 -0.35634
5950.0 50.0 -0.58490
6050.0 50.0 -0.65555
6150.0 50.0 -0.53611
6250.0 50.0 -0.30811
6350.0 50.0 -0.09922
50.0 150.0 0.21920
150.0 150.0 0.37076
250.0 150.0 0.54677
350.0 150.0 0.65081
450.0 150.0 0.59713
550.0 150.0 0.39145
650.0 150.0 0.12859
750.0 150.0 -0.09308
850.0 150.0 -0.29080
950.0 150.0 -0.45358
1050.0 150.0 -0.50919
1150.0 150.0 -0.42655
1250.0 150.0 -0.25286
1350.0 150.0 -0.09044
1450.0 150.0 -0.01352
1550.0 150.0 0.00274
1650.0 150.0 -0.09609
1750.0 150.0 -0.28495
1850.0 150.0 -0.46479
1950.0 150.0 -0.54455
2050.0 150.0 -0.48941
2150.0 150.0 -0.33519
2250.0 150.0 -0.16734
2350.0 150.0 -0.06304
2450.0 150.0 -0.05340
2550.0 150.0 -0.11746
2650.0 150.0 -0.19413
2750.0 150.0 -0.21297
2850.0 150.0 -0.14366
2950.0 150.0 -0.03044
3050.0 150.0 0.12310
3150.0 150.0 0.26257
3250.0 150.0 0.31218
3350.0 150.0 0.24739
3450.0 150.0 0.11114
3550.0 150.0 -0.02643
3650.0 150.0 -0.15605
3750.0 150.0 -0.30236
3850.0 150.0 -0.41338
3950.0 150.0 -0.43066
4050.0 150.0 -0.34816
4150.0 150.0 -0.21937
4250.0 150.0 -0.11242
4350.0 150.0 -0.02301
4450.0 150.0 0.09453
4550.0 150.0 0.21925
4650.0 150.0 0.30799
4750.0 150.0 0.33787
4850.0 150.0 0.32074
4950.0 150.0 0.28978
5050.0 150.0 0.27502
5150.0 150.0 0.35378
5250.0 150.0 0.50881
5350.0 150.0 0.63976
5450.0 150.0 0.66040
5550.0 150.0 0.54900
5650.0 150.0 0.35068
5750.0 150.0 0.12132
5850.0 150.0 -0.16891
5950.0 150.0 -0.44830
6050.0 150.0 -0.58914
6150.0 150.0 -0.53899
6250.0 150.0 -0.35929
6350.0 150.0 -0.16980
50.0 250.0 0.33087
150.0 250.0 0.44255
250.0 250.0 0.55730
350.0 250.0 0.58985
450.0 250.0 0.47625
550.0 250.0 0.23683
650.0 250.0 -0.03381
750.0 250.0 -0.24965
850.0 250.0 -0.43211
950.0 250.0 -0.55187
1050.0 250.0 -0.54941
1150.0 250.0 -0.42165
1250.0 250.0 -0.23567
1350.0 250.0 -0.09501
1450.0 250.0 -0.05884
1550.0 250.0 -0.08687
1650.0 250.0 -0.22864
1750.0 250.0 -0.45061
1850.0 250.0 -0.64807
1950.0 250.0 -0.73305
2050.0 250.0 -0.68129
2150.0 250.0 -0.53789
2250.0 250.0 -0.37962
2350.0 250.0 -0.25843
2450.0 250.0 -0.20410
2550.0 250.0 -0.21373
2650.0 250.0 -0.24919
2750.0 250.0 -0.25583
2850.0 250.0 -0.20254
2950.0 250.0 -0.11484
3050.0 250.0 0.01317
3150.0 250.0 0.13927
3250.0 250.0 0.19782
3350.0 250.0 0.16188
3450.0 250.0 0.06009
3550.0 250.0 -0.05211
3650.0 250.0 -0.15945
3750.0 250.0 -0.26969
3850.0 250.0 -0.34182
3950.0 250.0 -0.33800
4050.0 250.0 -0.26265
4150.0 250.0 -0.16308
4250.0 250.0 -0.09153
4350.0 250.0 -0.03516
4450.0 250.0 0.06248
4550.0 250.0 0.19856
4650.0 250.0 0.33511
4750.0 250.0 0.43453
4850.0 250.0 0.48058
4950.0 250.0 0.48490
5050.0 250.0 0.48955
5150.0 250.0 0.58197
5250.0 250.0 0.73822
5350.0 250.0 0.85654
5450.0 250.0 0.85678
5550.0 250.0 0.72808
5650.0 250.0 0.52377
5750.0 250.0 0.29453
5850.0 250.0 -0.00071
5950.0 250.0 -0.29691
6050.0 250.0 -0.46764
6150.0 250.0 -0.45463
6250.0 250.0 -0.30908
6350.0 250.0 -0.14290
50.0 350.0 0.34251
150.0 350.0 0.39899
250.0 350.0 0.45131
350.0 350.0 0.43239
450.0 350.0 0.29621
550.0 350.0 0.06414
650.0 350.0 -0.18562
750.0 350.0 -0.38577
850.0 350.0 -0.54650
950.0 350.0 -0.60989
1050.0 350.0 -0.53655
1150.0 350.0 -0.36159
1250.0 350.0 -0.17582
1350.0 350.0 -0.07941
1450.0 350.0 -0.10822
1550.0 350.0 -0.20024
1650.0 350.0 -0.38333
1750.0 350.0 -0.60851
1850.0 350.0 -0.77474
1950.0 350.0 -0.81674
2050.0 350.0 -0.74061
2150.0 350.0 -0.60695
2250.0 350.0 -0.46581
2350.0 350.0 -0.33464
2450.0 350.0 -0.24330
2550.0 350.0 -0.20859
2650.0 350.0 -0.21557
2750.0 350.0 -0.22408
2850.0 350.0 -0.20048
2950.0 350.0 -0.15282
3050.0 350.0 -0.06983
3150.0 350.0 0.02397
3250.0 350.0 0.08143
3350.0 350.0 0.07651
3450.0 350.0 0.01962
3550.0 350.0 -0.05570
3650.0 350.0 -0.12866
3750.0 350.0 -0.18211
3850.0 350.0 -0.19165
3950.0 350.0 -0.15178
4050.0 350.0 -0.08408
4150.0 350.0 -0.02737
4250.0 350.0 -0.00966
4350.0 350.0 -0.00698
4450.0 350.0 0.03462
4550.0 350.0 0.13348
4650.0 350.0 0.27265
4750.0 350.0 0.41354
4850.0 350.0 0.51565
4950.0 350.0 0.56227
5050.0 350.0 0.59667
5150.0 350.0 0.71078
5250.0 350.0 0.87050
5350.0 350.0 0.97150
5450.0 350.0 0.94236
5550.0 350.0 0.78834
5650.0 350.0 0.57519
5750.0 350.0 0.34834
5850.0 350.0 0.06867
5950.0 350.0 -0.20037
6050.0 350.0 -0.34628
6150.0 350.0 -0.32339
6250.0 350.0 -0.18672
6350.0 350.0 -0.04242
50.0 450.0 0.25246
150.0 450.0 0.25562
250.0 450.0 0.26804
350.0 450.0 0.24282
450.0 450.0 0.13994
550.0 450.0 -0.03565
650.0 450.0 -0.23633
750.0 450.0 -0.41437
850.0 450.0 -0.55383
950.0 450.0 -0.56715
1050.0 450.0 -0.43682
1150.0 450.0 -0.23358
1250.0 450.0 -0.06666
1350.0 450.0 -0.02757
1450.0 450.0 -0.12734
1550.0 450.0 -0.28434
1650.0 450.0 -0.49528
1750.0 450.0 -0.69330
1850.0 450.0 -0.78914
1950.0 450.0 -0.75302
2050.0 450.0 -0.63219
2150.0 450.0 -0.50440
2250.0 450.0 -0.38325
2350.0 450.0 -0.25406
2450.0 450.0 -0.14842
2550.0 450.0 -0.09763
2650.0 450.0 -0.10180
2750.0 450.0 -0.12842
2850.0 450.0 -0.14019
2950.0 450.0 -0.13536
3050.0 450.0 -0.10371
3150.0 450.0 -0.05172
3250.0 450.0 -0.00509
3350.0 450.0 0.01406
3450.0 450.0 -0.00065
3550.0 450.0 -0.03839
3650.0 450.0 -0.07524
3750.0 450.0 -0.07036
3850.0 450.0 -0.01723
3950.0 450.0 0.05634
4050.0 450.0 0.11193
4150.0 450.0 0.12090
4250.0 450.0 0.08106
4350.0 450.0 0.02513
4450.0 450.0 -0.00863
4550.0 450.0 0.01618
4650.0 450.0 0.11313
4750.0 450.0 0.25635
4850.0 450.0 0.39165
4950.0 450.0 0.47537
5050.0 450.0 0.54126
5150.0 450.0 0.67988
5250.0 450.0 0.84680
5350.0 450.0 0.93415
5450.0 450.0 0.87830
5550.0 450.0 0.70031
5650.0 450.0 0.47867
5750.0 450.0 0.25557
5850.0 450.0 0.00532
5950.0 450.0 -0.20550
6050.0 450.0 -0.28578
6150.0 450.0 -0.21514
6250.0 450.0 -0.06357
6350.0 450.0 0.06539
50.0 550.0 0.11920
150.0 550.0 0.08670
250.0 550.0 0.09179
350.0 550.0 0.10342
450.0 550.0 0.07497
550.0 550.0 -0.01616
650.0 550.0 -0.15667
750.0 550.0 -0.31334
850.0 550.0 -0.43854
950.0 550.0 -0.42369
1050.0 550.0 -0.26833
1150.0 550.0 -0.06520
1250.0 550.0 0.06919
1350.0 550.0 0.05489
1450.0 550.0 -0.10033
1550.0 550.0 -0.30435
1650.0 550.0 -0.52596
1750.0 550.0 -0.68389
1850.0 550.0 -0.70289
1950.0 550.0 -0.58712
2050.0 550.0 -0.42057
2150.0 550.0 -0.29432
2250.0 550.0 -0.18971
2350.0 550.0 -0.07233
2450.0 550.0 0.02353
2550.0 550.0 0.06096
2650.0 550.0 0.03636
2750.0 550.0 -0.01716
2850.0 550.0 -0.05874
2950.0 550.0 -0.08636
3050.0 550.0 -0.09569
3150.0 550.0 -0.08013
3250.0 550.0 -0.04804
3350.0 550.0 -0.01663
3450.0 550.0 -0.00320
3550.0 550.0 -0.01370
3650.0 550.0 -0.02396
3750.0 550.0 0.02104
3850.0 550.0 0.11365
3950.0 550.0 0.20289
4050.0 550.0 0.24071
4150.0 550.0 0.20855
4250.0 550.0 0.12410
4350.0 550.0 0.02306
4450.0 550.0 -0.07745
4550.0 550.0 -0.13018
4650.0 550.0 -0.09343
4750.0 550.0 0.02519
4850.0 550.0 0.16882
4950.0 550.0 0.27554
5050.0 550.0 0.36519
5150.0 550.0 0.52435
5250.0 550.0 0.70143
5350.0 550.0 0.78484
5450.0 550.0 0.71485
5550.0 550.0 0.52264
5650.0 550.0 0.29578
5750.0 550.0 0.07612
5850.0 550.0 -0.14568
5950.0 550.0 -0.29827
6050.0 550.0 -0.30989
6150.0 550.0 -0.18503
6250.0 550.0 -0.01029
6350.0 550.0 0.11101
50.0 650.0 0.02484
150.0 650.0 -0.01931
250.0 650.0 0.00342
350.0 650.0 0.06971
450.0 650.0 0.11970
550.0 650.0 0.10464
650.0 650.0 0.01218
750.0 650.0 -0.13068
850.0 650.0 -0.25138
950.0 650.0 -0.23410
1050.0 650.0 -0.08649
1150.0 650.0 0.09398
1250.0 650.0 0.19457
1350.0 650.0 0.14577
1450.0 650.0 -0.03622
1550.0 650.0 -0.25996
1650.0 650.0 -0.48063
1750.0 650.0 -0.61013
1850.0 650.0 -0.58212
1950.0 650.0 -0.41977
2050.0 650.0 -0.22643
2150.0 650.0 -0.09928
2250.0 650.0 -0.00330
2350.0 650.0 0.09987
2450.0 650.0 0.17356
2550.0 650.0 0.18295
2650.0 650.0 0.12970
2750.0 650.0 0.05274
2850.0 650.0 -0.00480
2950.0 650.0 -0.04689
3050.0 650.0 -0.07568
3150.0 650.0 -0.07914
3250.0 650.0 -0.05722
3350.0 650.0 -0.02384
3450.0 650.0 -0.00013
3550.0 650.0 0.00079
3650.0 650.0 0.00148
3750.0 650.0 0.05841
3850.0 650.0 0.15645
3950.0 650.0 0.23740
4050.0 650.0 0.25361
4150.0 650.0 0.19489
4250.0 650.0 0.08851
4350.0 650.0 -0.03299
4450.0 650.0 -0.16821
4550.0 650.0 -0.26659
4650.0 650.0 -0.27132
4750.0 650.0 -0.17738
4850.0 650.0 -0.03880
4950.0 650.0 0.07548
5050.0 650.0 0.17583
5150.0 650.0 0.34685
5250.0 650.0 0.53472
5350.0 650.0 0.62470
5450.0 650.0 0.55627
5550.0 650.0 0.36278
5650.0 650.0 0.13515
5750.0 650.0 -0.08292
5850.0 650.0 -0.29158
5950.0 650.0 -0.41715
6050.0 650.0 -0.39666
6150.0 650.0 -0.24614
6250.0 650.0 -0.06003
6350.0 650.0 0.05830
50.0 750.0 -0.00859
150.0 750.0 -0.04896
250.0 750.0 0.00009
350.0 750.0 0.11683
450.0 750.0 0.22809
550.0 750.0 0.26617
650.0 750.0 0.20388
750.0 750.0 0.06779
850.0 750.0 -0.05450
950.0 750.0 -0.04958
1050.0 750.0 0.07330
1150.0 750.0 0.22263
1250.0 750.0 0.29503
1350.0 750.0 0.22890
1450.0 750.0 0.04152
1550.0 750.0 -0.18318
1650.0 750.0 -0.39964
1750.0 750.0 -0.51883
1850.0 750.0 -0.47727
1950.0 750.0 -0.30270
2050.0 750.0 -0.10238
2150.0 750.0 0.02582
2250.0 750.0 0.11937
2350.0 750.0 0.21092
2450.0 750.0 0.26219
2550.0 750.0 0.24371
2650.0 750.0 0.16537
2750.0 750.0 0.07290
2850.0 750.0 0.01048
2950.0 750.0 -0.03323
3050.0 750.0 -0.06493
3150.0 750.0 -0.07227
3250.0 750.0 -0.05392
3350.0 750.0 -0.02271
3450.0 750.0 0.00050
3550.0 750.0 0.00203
3650.0 750.0 0.00256
3750.0 750.0 0.05207
3850.0 750.0 0.13294
3950.0 750.0 0.19061
4050.0 750.0 0.18436
4150.0 750.0 0.11060
4250.0 750.0 -0.00129
4350.0 750.0 -0.12511
4450.0 750.0 -0.26684
4550.0 750.0 -0.37657
4650.0 750.0 -0.39438
4750.0 750.0 -0.31129
4850.0 750.0 -0.17859
4950.0 750.0 -0.06525
5050.0 750.0 0.03640
5150.0 750.0 0.21235
5250.0 750.0 0.40980
5350.0 750.0 0.51173
5450.0 750.0 0.45409
5550.0 750.0 0.26733
5650.0 750.0 0.04174
5750.0 750.0 -0.17640
5850.0 750.0 -0.38689
5950.0 750.0 -0.51697
6050.0 750.0 -0.50296
6150.0 750.0 -0.35912
6250.0 750.0 -0.17796
6350.0 750.0 -0.06196
50.0 850.0 -0.08195
150.0 850.0 -0.10697
250.0 850.0 -0.02774
350.0 850.0 0.13570
450.0 850.0 0.30190
550.0 850.0 0.39052
650.0 850.0 0.36386
750.0 850.0 0.24758
850.0 850.0 0.13629
950.0 850.0 0.13092
1050.0 850.0 0.22044
1150.0 850.0 0.32612
1250.0 850.0 0.36270
1350.0 850.0 0.28274
1450.0 850.0 0.10414
1550.0 850.0 -0.10354
1650.0 850.0 -0.29595
1750.0 850.0 -0.38858
1850.0 850.0 -0.32634
1950.0 850.0 -0.14182
2050.0 850.0 0.05902
2150.0 850.0 0.18384
2250.0 850.0 0.27223
2350.0 850.0 0.34987
2450.0 850.0 0.37642
2550.0 850.0 0.32708
2650.0 850.0 0.21966
2750.0 850.0 0.10700
2850.0 850.0 0.03492
2950.0 850.0 -0.01397
3050.0 850.0 -0.04530
3150.0 850.0 -0.04563
3250.0 850.0 -0.01694
3350.0 850.0 0.02291
3450.0 850.0 0.04888
3550.0 850.0 0.04657
3650.0 850.0 0.03995
3750.0 850.0 0.07619
3850.0 850.0 0.13812
3950.0 850.0 0.17645
4050.0 850.0 0.15580
4150.0 850.0 0.07513
4250.0 850.0 -0.03758
4350.0 850.0 -0.16046
4450.0 850.0 -0.30224
4550.0 850.0 -0.41497
4650.0 850.0 -0.43965
4750.0 850.0 -0.36609
4850.0 850.0 -0.24275
4950.0 850.0 -0.13620
5050.0 850.0 -0.03999
5150.0 850.0 0.12980
5250.0 850.0 0.32184
5350.0 850.0 0.42119
5450.0 850.0 0.36431
5550.0 850.0 0.18016
5650.0 850.0 -0.04317
5750.0 850.0 -0.25951
5850.0 850.0 -0.46656
5950.0 850.0 -0.59368
6050.0 850.0 -0.58087
6150.0 850.0 -0.44380
6250.0 850.0 -0.27307
6350.0 850.0 -0.16762
50.0 950.0 -0.22478
150.0 950.0 -0.21290
250.0 950.0 -0.10478
350.0 950.0 0.08265
450.0 950.0 0.27537
550.0 950.0 0.39878
650.0 950.0 0.41629
750.0 950.0 0.34999
850.0 950.0 0.28084
950.0 950.0 0.27629
1050.0 950.0 0.32163
1150.0 950.0 0.36285
1250.0 950.0 0.34996
1350.0 950.0 0.26314
1450.0 950.0 0.12172
1550.0 950.0 -0.03266
1650.0 950.0 -0.16090
1750.0 950.0 -0.19475
1850.0 950.0 -0.09925
1950.0 950.0 0.08765
2050.0 950.0 0.27273
2150.0 950.0 0.38237
2250.0 950.0 0.45847
2350.0 950.0 0.52083
2450.0 950.0 0.52640
2550.0 950.0 0.45037
2650.0 950.0 0.31370
2750.0 950.0 0.17400
2850.0 950.0 0.07991
2950.0 950.0 0.01417
3050.0 950.0 -0.01537
3150.0 950.0 0.00842
3250.0 950.0 0.07246
3350.0 950.0 0.14190
3450.0 950.0 0.17766
3550.0 950.0 0.16301
3650.0 950.0 0.13580
3750.0 950.0 0.15093
3850.0 950.0 0.19752
3950.0 950.0 0.23202
4050.0 950.0 0.21842
4150.0 950.0 0.14852
4250.0 950.0 0.04234
4350.0 950.0 -0.07641
4450.0 950.0 -0.20983
4550.0 950.0 -0.31411
4650.0 950.0 -0.33759
4750.0 950.0 -0.27337
4850.0 950.0 -0.16697
4950.0 950.0 -0.07868
5050.0 950.0 -0.00096
5150.0 950.0 0.14164
5250.0 950.0 0.30047
5350.0 950.0 0.37097
5450.0 950.0 0.29751
5550.0 950.0 0.10977
5650.0 950.0 -0.10989
5750.0 950.0 -0.31963
5850.0 950.0 -0.50721
5950.0 950.0 -0.60595
6050.0 950.0 -0.57211
6150.0 950.0 -0.43358
6250.0 950.0 -0.28162
6350.0 950.0 -0.20580
50.0 1050.0 -0.35615
150.0 1050.0 -0.29272
250.0 1050.0 -0.17176
350.0 1050.0 -0.00642
450.0 1050.0 0.15683
550.0 1050.0 0.27420
650.0 1050.0 0.32727
750.0 1050.0 0.33229
850.0 1050.0 0.33148
950.0 1050.0 0.34182
1050.0 1050.0 0.34375
1150.0 1050.0 0.31514
1250.0 1050.0 0.25163
1350.0 1050.0 0.16925
1450.0 1050.0 0.08934
1550.0 1050.0 0.01622
1650.0 1050.0 -0.02456
1750.0 1050.0 0.00859
1850.0 1050.0 0.12559
1950.0 1050.0 0.28950
2050.0 1050.0 0.43444
2150.0 1050.0 0.51673
2250.0 1050.0 0.57597
2350.0 1050.0 0.63015
2450.0 1050.0 0.63406
2550.0 1050.0 0.55494
2650.0 1050.0 0.40680
2750.0 1050.0 0.24505
2850.0 1050.0 0.12158
2950.0 1050.0 0.02902
3050.0 1050.0 -0.00090
3150.0 1050.0 0.05413
3250.0 1050.0 0.16531
3350.0 1050.0 0.27370
3450.0 1050.0 0.32035
3550.0 1050.0 0.28524
3650.0 1050.0 0.22675
3750.0 1050.0 0.21626
3850.0 1050.0 0.25427
3950.0 1050.0 0.30249
4050.0 1050.0 0.31787
4150.0 1050.0 0.27585
4250.0 1050.0 0.18295
4350.0 1050.0 0.07109
4450.0 1050.0 -0.04578
4550.0 1050.0 -0.12936
4650.0 1050.0 -0.14128
4750.0 1050.0 -0.08276
4850.0 1050.0 0.00274
4950.0 1050.0 0.06409
5050.0 1050.0 0.11322
5150.0 1050.0 0.21629
5250.0 1050.0 0.32979
5350.0 1050.0 0.36388
5450.0 1050.0 0.27265
5550.0 1050.0 0.08450
5650.0 1050.0 -0.12782
5750.0 1050.0 -0.32706
5850.0 1050.0 -0.48262
5950.0 1050.0 -0.53343
6050.0 1050.0 -0.46195
6150.0 1050.0 -0.31665
6250.0 1050.0 -0.19114
6350.0 1050.0 -0.16074
50.0 1150.0 -0.39170
150.0 1150.0 -0.27784
250.0 1150.0 -0.16782
350.0 1150.0 -0.07162
450.0 1150.0 0.00596
550.0 1150.0 0.07075
650.0 1150.0 0.13628
750.0 1150.0 0.21238
850.0 1150.0 0.28624
950.0 1150.0 0.32119
1050.0 1150.0 0.29302
1150.0 1150.0 0.20940
1250.0 1150.0 0.10876
1350.0 1150.0 0.04081
1450.0 1150.0 0.02882
1550.0 1150.0 0.04029
1650.0 1150.0 0.07872
1750.0 1150.0 0.15570
1850.0 1150.0 0.26164
1950.0 1150.0 0.37111
2050.0 1150.0 0.45582
2150.0 1150.0 0.50481
2250.0 1150.0 0.54803
2350.0 1150.0 0.60671
2450.0 1150.0 0.63516
2550.0 1150.0 0.58537
2650.0 1150.0 0.45388
2750.0 1150.0 0.28566
2850.0 1150.0 0.13498
2950.0 1150.0 0.01305
3050.0 1150.0 -0.02227
3150.0 1150.0 0.05605
3250.0 1150.0 0.20489
3350.0 1150.0 0.34350
3450.0 1150.0 0.39489
3550.0 1150.0 0.33606
3650.0 1150.0 0.24454
3750.0 1150.0 0.21008
3850.0 1150.0 0.24616
3950.0 1150.0 0.31831
4050.0 1150.0 0.37311
4150.0 1150.0 0.36610
4250.0 1150.0 0.28883
4350.0 1150.0 0.18464
4450.0 1150.0 0.08780
4550.0 1150.0 0.03134
4650.0 1150.0 0.03821
4750.0 1150.0 0.09657
4850.0 1150.0 0.16343
4950.0 1150.0 0.19703
5050.0 1150.0 0.21631
5150.0 1150.0 0.28398
5250.0 1150.0 0.36426
5350.0 1150.0 0.37946
5450.0 1150.0 0.28797
5550.0 1150.0 0.11139
5650.0 1150.0 -0.08942
5750.0 1150.0 -0.27740
5850.0 1150.0 -0.39917
5950.0 1150.0 -0.39974
6050.0 1150.0 -0.28941
6150.0 1150.0 -0.13820
6250.0 1150.0 -0.04188
6350.0 1150.0 -0.06036
50.0 1250.0 -0.30513
150.0 1250.0 -0.15672
250.0 1250.0 -0.07501
350.0 1250.0 -0.06826
450.0 1250.0 -0.09969
550.0 1250.0 -0.11224
650.0 1250.0 -0.05797
750.0 1250.0 0.06795
850.0 1250.0 0.19961
950.0 1250.0 0.25888
1050.0 1250.0 0.21839
1150.0 1250.0 0.10569
1250.0 1250.0 -0.01218
1350.0 1250.0 -0.06290
1450.0 1250.0 -0.02185
1550.0 1250.0 0.05143
1650.0 1250.0 0.13468
1750.0 1250.0 0.21521
1850.0 1250.0 0.27628
1950.0 1250.0 0.31245
2050.0 1250.0 0.33285
2150.0 1250.0 0.35220
2250.0 1250.0 0.38501
2350.0 1250.0 0.45893
2450.0 1250.0 0.52942
2550.0 1250.0 0.53094
2650.0 1250.0 0.43785
2750.0 1250.0 0.27993
2850.0 1250.0 0.11231
2950.0 1250.0 -0.03280
3050.0 1250.0 -0.07837
3150.0 1250.0 0.00518
3250.0 1250.0 0.16697
3350.0 1250.0 0.31444
3450.0 1250.0 0.36092
3550.0 1250.0 0.28181
3650.0 1250.0 0.16528
3750.0 1250.0 0.11362
3850.0 1250.0 0.15036
3950.0 1250.0 0.24344
4050.0 1250.0 0.33071
4150.0 1250.0 0.35187
4250.0 1250.0 0.28692
4350.0 1250.0 0.18873
4450.0 1250.0 0.10872
4550.0 1250.0 0.07632
4650.0 1250.0 0.10192
4750.0 1250.0 0.16425
4850.0 1250.0 0.21950
4950.0 1250.0 0.23273
5050.0 1250.0 0.23029
5150.0 1250.0 0.28043
5250.0 1250.0 0.35619
5350.0 1250.0 0.38431
5450.0 1250.0 0.31813
5550.0 1250.0 0.16663
5650.0 1250.0 -0.02044
5750.0 1250.0 -0.19994
5850.0 1250.0 -0.29774
5950.0 1250.0 -0.26405
6050.0 1250.0 -0.12944
6150.0 1250.0 0.02125
6250.0 1250.0 0.09213
6350.0 1250.0 0.03542
50.0 1350.0 -0.13663
150.0 1350.0 0.02418
250.0 1350.0 0.07619
350.0 1350.0 0.01133
450.0 1350.0 -0.10646
550.0 1350.0 -0.18556
650.0 1350.0 -0.15390
750.0 1350.0 -0.00904
850.0 1350.0 0.14931
950.0 1350.0 0.22267
1050.0 1350.0 0.18244
1150.0 1350.0 0.06361
1250.0 1350.0 -0.05599
1350.0 1350.0 -0.09549
1450.0 1350.0 -0.02969
1550.0 1350.0 0.06868
1650.0 1350.0 0.15481
1750.0 1350.0 0.20332
1850.0 1350.0 0.20296
1950.0 1350.0 0.16998
2050.0 1350.0 0.14044
2150.0 1350.0 0.14151
2250.0 1350.0 0.17131
2350.0 1350.0 0.26332
2450.0 1350.0 0.37501
2550.0 1350.0 0.42726
2650.0 1350.0 0.37595
2750.0 1350.0 0.23712
2850.0 1350.0 0.06542
2950.0 1350.0 -0.09124
3050.0 1350.0 -0.14908
3150.0 1350.0 -0.07870
3250.0 1350.0 0.06941
3350.0 1350.0 0.20334
3450.0 1350.0 0.23699
3550.0 1350.0 0.14593
3650.0 1350.0 0.01792
3750.0 1350.0 -0.04274
3850.0 1350.0 -0.00824
3950.0 1350.0 0.09107
4050.0 1350.0 0.19008
4150.0 1350.0 0.22215
4250.0 1350.0 0.16227
4350.0 1350.0 0.06692
4450.0 1350.0 -0.00446
4550.0 1350.0 -0.02379
4650.0 1350.0 0.01312
4750.0 1350.0 0.07986
4850.0 1350.0 0.13150
4950.0 1350.0 0.13601
5050.0 1350.0 0.12504
5150.0 1350.0 0.17961
5250.0 1350.0 0.28065
5350.0 1350.0 0.35053
5450.0 1350.0 0.32936
5550.0 1350.0 0.21066
5650.0 1350.0 0.03636
5750.0 1350.0 -0.13948
5850.0 1350.0 -0.22949
5950.0 1350.0 -0.18726
6050.0 1350.0 -0.05096
6150.0 1350.0 0.09072
6250.0 1350.0 0.14436
6350.0 1350.0 0.06853
50.0 1450.0 0.05070
150.0 1450.0 0.20918
250.0 1450.0 0.23950
350.0 1450.0 0.13298
450.0 1450.0 -0.03451
550.0 1450.0 -0.15523
650.0 1450.0 -0.14521
750.0 1450.0 -0.00239
850.0 1450.0 0.15905
950.0 1450.0 0.23604
1050.0 1450.0 0.19994
1150.0 1450.0 0.08543
1250.0 1450.0 -0.03011
1350.0 1450.0 -0.06610
1450.0 1450.0 0.00267
1550.0 1450.0 0.09976
1650.0 1450.0 0.16324
1750.0 1450.0 0.16420
1850.0 1450.0 0.10343
1950.0 1450.0 0.01600
2050.0 1450.0 -0.04614
2150.0 1450.0 -0.05340
2250.0 1450.0 -0.02197
2350.0 1450.0 0.08512
2450.0 1450.0 0.22738
2550.0 1450.0 0.31757
2650.0 1450.0 0.29965
2750.0 1450.0 0.18004
2850.0 1450.0 0.01225
2950.0 1450.0 -0.14698
3050.0 1450.0 -0.21651
3150.0 1450.0 -0.16877
3250.0 1450.0 -0.04888
3350.0 1450.0 0.05955
3450.0 1450.0 0.07735
3550.0 1450.0 -0.01872
3650.0 1450.0 -0.14830
3750.0 1450.0 -0.21302
3850.0 1450.0 -0.18532
3950.0 1450.0 -0.09372
4050.0 1450.0 -0.00105
4150.0 1450.0 0.02758
4250.0 1450.0 -0.03293
4350.0 1450.0 -0.12776
4450.0 1450.0 -0.19722
4550.0 1450.0 -0.21324
4650.0 1450.0 -0.17275
4750.0 1450.0 -0.10346
4850.0 1450.0 -0.05098
4950.0 1450.0 -0.04712
5050.0 1450.0 -0.05728
5150.0 1450.0 0.01491
5250.0 1450.0 0.15672
5350.0 1450.0 0.28127
5450.0 1450.0 0.31196
5550.0 1450.0 0.22699
5650.0 1450.0 0.06345
5750.0 1450.0 -0.11207
5850.0 1450.0 -0.20585
5950.0 1450.0 -0.17347
6050.0 1450.0 -0.05143
6150.0 1450.0 0.07559
6250.0 1450.0 0.11851
6350.0 1450.0 0.03791
50.0 1550.0 0.17701
150.0 1550.0 0.32585
250.0 1550.0 0.33655
350.0 1550.0 0.19978
450.0 1550.0 -0.00260
550.0 1550.0 -0.15452
650.0 1550.0 -0.16547
750.0 1550.0 -0.03332
850.0 1550.0 0.12386
950.0 1550.0 0.21317
1050.0 1550.0 0.20597
1150.0 1550.0 0.12589
1250.0 1550.0 0.03654
1350.0 1550.0 0.00911
1450.0 1550.0 0.06980
1550.0 1550.0 0.15076
1650.0 1550.0 0.18102
1750.0 1550.0 0.13189
1850.0 1550.0 0.01622
1950.0 1550.0 -0.11658
2050.0 1550.0 -0.20538
2150.0 1550.0 -0.22210
2250.0 1550.0 -0.19444
2350.0 1550.0 -0.08493
2450.0 1550.0 0.07011
2550.0 1550.0 0.18232
2650.0 1550.0 0.18947
2750.0 1550.0 0.08980
2850.0 1550.0 -0.06747
2950.0 1550.0 -0.22169
3050.0 1550.0 -0.29747
3150.0 1550.0 -0.27001
3250.0 1550.0 -0.17823
3350.0 1550.0 -0.09541
3450.0 1550.0 -0.09158
3550.0 1550.0 -0.18783
3650.0 1550.0 -0.31389
3750.0 1550.0 -0.38324
3850.0 1550.0 -0.36880
3950.0 1550.0 -0.29298
4050.0 1550.0 -0.21125
4150.0 1550.0 -0.18404
4250.0 1550.0 -0.23702
4350.0 1550.0 -0.32072
4450.0 1550.0 -0.37628
4550.0 1550.0 -0.37979
4650.0 1550.0 -0.33426
4750.0 1550.0 -0.26928
4850.0 1550.0 -0.22681
4950.0 1550.0 -0.23269
5050.0 1550.0 -0.25010
5150.0 1550.0 -0.17477
5250.0 1550.0 -0.00924
5350.0 1550.0 0.15977
5450.0 1550.0 0.24458
5550.0 1550.0 0.20631
5650.0 1550.0 0.07039
5750.0 1550.0 -0.08899
5850.0 1550.0 -0.17804
5950.0 1550.0 -0.15868
6050.0 1550.0 -0.06294
6150.0 1550.0 0.03615
6250.0 1550.0 0.06233
6350.0 1550.0 -0.01774
50.0 1650.0 0.15590
150.0 1650.0 0.28174
250.0 1650.0 0.27799
350.0 1650.0 0.13499
450.0 1650.0 -0.07112
550.0 1650.0 -0.23118
650.0 1650.0 -0.25929
750.0 1650.0 -0.15254
850.0 1650.0 -0.01223
950.0 1650.0 0.10692
1050.0 1650.0 0.17544
1150.0 1650.0 0.18524
1250.0 1650.0 0.16134
1350.0 1650.0 0.14938
1450.0 1650.0 0.17923
1550.0 1650.0 0.21599
1650.0 1650.0 0.20005
1750.0 1650.0 0.11028
1850.0 1650.0 -0.03326
1950.0 1650.0 -0.18126
2050.0 1650.0 -0.28018
2150.0 1650.0 -0.31038
2250.0 1650.0 -0.30100
2350.0 1650.0 -0.21843
2450.0 1650.0 -0.08935
2550.0 1650.0 0.01185
2650.0 1650.0 0.02829
2750.0 1650.0 -0.04835
2850.0 1650.0 -0.18074
2950.0 1650.0 -0.31373
3050.0 1650.0 -0.38187
3150.0 1650.0 -0.36493
3250.0 1650.0 -0.29537
3350.0 1650.0 -0.23369
3450.0 1650.0 -0.23746
3550.0 1650.0 -0.32376
3650.0 1650.0 -0.43651
3750.0 1650.0 -0.51249
3850.0 1650.0 -0.52433
3950.0 1650.0 -0.47812
4050.0 1650.0 -0.41152
4150.0 1650.0 -0.37537
4250.0 1650.0 -0.39867
4350.0 1650.0 -0.44439
4450.0 1650.0 -0.45485
4550.0 1650.0 -0.42118
4650.0 1650.0 -0.36581
4750.0 1650.0 -0.32258
4850.0 1650.0 -0.31885
4950.0 1650.0 -0.35946
5050.0 1650.0 -0.40707
5150.0 1650.0 -0.37126
5250.0 1650.0 -0.23539
5350.0 1650.0 -0.05977
5450.0 1650.0 0.07444
5550.0 1650.0 0.10931
5650.0 1650.0 0.04168
5750.0 1650.0 -0.06134
5850.0 1650.0 -0.11991
5950.0 1650.0 -0.11297
6050.0 1650.0 -0.06437
6150.0 1650.0 -0.02034
6250.0 1650.0 -0.02512
6350.0 1650.0 -0.09481
50.0 1750.0 0.01597
150.0 1750.0 0.10881
250.0 1750.0 0.10111
350.0 1750.0 -0.01665
450.0 1750.0 -0.18683
550.0 1750.0 -0.32422
650.0 1750.0 -0.35990
750.0 1750.0 -0.28957
850.0 1750.0 -0.17890
950.0 1750.0 -0.02758
1050.0 1750.0 0.13253
1150.0 1750.0 0.25052
1250.0 1750.0 0.30062
1350.0 1750.0 0.29615
1450.0 1750.0 0.27309
1550.0 1750.0 0.24392
1650.0 1750.0 0.18189
1750.0 1750.0 0.08058
1850.0 1750.0 -0.04227
1950.0 1750.0 -0.15750
2050.0 1750.0 -0.23951
2150.0 1750.0 -0.28351
2250.0 1750.0 -0.30448
2350.0 1750.0 -0.27285
2450.0 1750.0 -0.20108
2550.0 1750.0 -0.13715
2650.0 1750.0 -0.12342
2750.0 1750.0 -0.17370
2850.0 1750.0 -0.26897
2950.0 1750.0 -0.36695
3050.0 1750.0 -0.41438
3150.0 1750.0 -0.39690
3250.0 1750.0 -0.34090
3350.0 1750.0 -0.29331
3450.0 1750.0 -0.29736
3550.0 1750.0 -0.36472
3650.0 1750.0 -0.45579
3750.0 1750.0 -0.53906
3850.0 1750.0 -0.58591
3950.0 1750.0 -0.57810
4050.0 1750.0 -0.52763
4150.0 1750.0 -0.47231
4250.0 1750.0 -0.44692
4350.0 1750.0 -0.43226
4450.0 1750.0 -0.37235
4550.0 1750.0 -0.28266
4650.0 1750.0 -0.21578
4750.0 1750.0 -0.21107
4850.0 1750.0 -0.27150
4950.0 1750.0 -0.36816
5050.0 1750.0 -0.46583
5150.0 1750.0 -0.51102
5250.0 1750.0 -0.46229
5350.0 1750.0 -0.32852
5450.0 1750.0 -0.16453
5550.0 1750.0 -0.04436
5650.0 1750.0 -0.01271
5750.0 1750.0 -0.02550
5850.0 1750.0 -0.02965
5950.0 1750.0 -0.02913
6050.0 1750.0 -0.03789
6150.0 1750.0 -0.06477
6250.0 1750.0 -0.10792
6350.0 1750.0 -0.15758
50.0 1850.0 -0.14439
150.0 1850.0 -0.08520
250.0 1850.0 -0.08609
350.0 1850.0 -0.15601
450.0 1850.0 -0.26289
550.0 1850.0 -0.35496
650.0 1850.0 -0.38732
750.0 1850.0 -0.35413
850.0 1850.0 -0.27895
950.0 1850.0 -0.11181
1050.0 1850.0 0.11169
1150.0 1850.0 0.30364
1250.0 1850.0 0.39657
1350.0 1850.0 0.37898
1450.0 1850.0 0.29392
1550.0 1850.0 0.19637
1650.0 1850.0 0.10322
1750.0 1850.0 0.02583
1850.0 1850.0 -0.03004
1950.0 1850.0 -0.07075
2050.0 1850.0 -0.11183
2150.0 1850.0 -0.16553
2250.0 1850.0 -0.21944
2350.0 1850.0 -0.24342
2450.0 1850.0 -0.23447
2550.0 1850.0 -0.21186
2650.0 1850.0 -0.20184
2750.0 1850.0 -0.22401
2850.0 1850.0 -0.27917
2950.0 1850.0 -0.33874
3050.0 1850.0 -0.36057
3150.0 1850.0 -0.33604
3250.0 1850.0 -0.28666
3350.0 1850.0 -0.24705
3450.0 1850.0 -0.24702
3550.0 1850.0 -0.29267
3650.0 1850.0 -0.36001
3750.0 1850.0 -0.44929
3850.0 1850.0 -0.53015
3950.0 1850.0 -0.55894
4050.0 1850.0 -0.52137
4150.0 1850.0 -0.44244
4250.0 1850.0 -0.36350
4350.0 1850.0 -0.28353
4450.0 1850.0 -0.14870
4550.0 1850.0 -0.00120
4650.0 1850.0 0.07434
4750.0 1850.0 0.03380
4850.0 1850.0 -0.09840
4950.0 1850.0 -0.25646
5050.0 1850.0 -0.40949
5150.0 1850.0 -0.55290
5250.0 1850.0 -0.62164
5350.0 1850.0 -0.56351
5450.0 1850.0 -0.39550
5550.0 1850.0 -0.20092
5650.0 1850.0 -0.06716
5750.0 1850.0 0.01813
5850.0 1850.0 0.07708
5950.0 1850.0 0.07993
6050.0 1850.0 0.02143
6150.0 1850.0 -0.07058
6250.0 1850.0 -0.14766
6350.0 1850.0 -0.17316
50.0 1950.0 -0.21709
150.0 1950.0 -0.18268
250.0 1950.0 -0.17203
350.0 1950.0 -0.19342
450.0 1950.0 -0.23766
550.0 1950.0 -0.28298
650.0 1950.0 -0.30627
750.0 1950.0 -0.30041
850.0 1950.0 -0.25645
950.0 1950.0 -0.09845
1050.0 1950.0 0.13365
1150.0 1950.0 0.33406
1250.0 1950.0 0.41803
1350.0 1950.0 0.36649
1450.0 1950.0 0.22834
1550.0 1950.0 0.08024
1650.0 1950.0 -0.02330
1750.0 1950.0 -0.05587
1850.0 1950.0 -0.02780
1950.0 1950.0 0.01723
2050.0 1950.0 0.02408
2150.0 1950.0 -0.03328
2250.0 1950.0 -0.11197
2350.0 1950.0 -0.17454
2450.0 1950.0 -0.20551
2550.0 1950.0 -0.20414
2650.0 1950.0 -0.18754
2750.0 1950.0 -0.18242
2850.0 1950.0 -0.20523
2950.0 1950.0 -0.23516
3050.0 1950.0 -0.23732
3150.0 1950.0 -0.20755
3250.0 1950.0 -0.16353
3350.0 1950.0 -0.13032
3450.0 1950.0 -0.12727
3550.0 1950.0 -0.15621
3650.0 1950.0 -0.20509
3750.0 1950.0 -0.29797
3850.0 1950.0 -0.40293
3950.0 1950.0 -0.45721
4050.0 1950.0 -0.42708
4150.0 1950.0 -0.32838
4250.0 1950.0 -0.20766
4350.0 1950.0 -0.07743
4450.0 1950.0 0.11397
4550.0 1950.0 0.30332
4650.0 1950.0 0.38196
4750.0 1950.0 0.30317
4850.0 1950.0 0.11348
4950.0 1950.0 -0.09258
5050.0 1950.0 -0.28897
5150.0 1950.0 -0.51403
5250.0 1950.0 -0.68630
5350.0 1950.0 -0.70343
5450.0 1950.0 -0.54809
5550.0 1950.0 -0.30616
5650.0 1950.0 -0.09664
5750.0 1950.0 0.06462
5850.0 1950.0 0.17530
5950.0 1950.0 0.18685
6050.0 1950.0 0.09915
6150.0 1950.0 -0.03442
6250.0 1950.0 -0.13202
6350.0 1950.0 -0.13706
50.0 2050.0 -0.14065
150.0 2050.0 -0.11738
250.0 2050.0 -0.09920
350.0 2050.0 -0.09406
450.0 2050.0 -0.10442
550.0 2050.0 -0.12397
650.0 2050.0 -0.14081
750.0 2050.0 -0.14722
850.0 2050.0 -0.12221
950.0 2050.0 0.00666
1050.0 2050.0 0.19584
1150.0 2050.0 0.34358
1250.0 2050.0 0.37451
1350.0 2050.0 0.27944
1450.0 2050.0 0.11050
1550.0 2050.0 -0.05956
1650.0 2050.0 -0.15837
1750.0 2050.0 -0.15158
1850.0 2050.0 -0.06180
1950.0 2050.0 0.04295
2050.0 2050.0 0.08359
2150.0 2050.0 0.02720
2250.0 2050.0 -0.06164
2350.0 2050.0 -0.13318
2450.0 2050.0 -0.16490
2550.0 2050.0 -0.15129
2650.0 2050.0 -0.11200
2750.0 2050.0 -0.08257
2850.0 2050.0 -0.08744
2950.0 2050.0 -0.10400
3050.0 2050.0 -0.10017
3150.0 2050.0 -0.07441
3250.0 2050.0 -0.04100
3350.0 2050.0 -0.01806
3450.0 2050.0 -0.01799
3550.0 2050.0 -0.04031
3650.0 2050.0 -0.08056
3750.0 2050.0 -0.17482
3850.0 2050.0 -0.29036
3950.0 2050.0 -0.35571
4050.0 2050.0 -0.32832
4150.0 2050.0 -0.21996
4250.0 2050.0 -0.07967
4350.0 2050.0 0.07382
4450.0 2050.0 0.29025
4550.0 2050.0 0.49630
4650.0 2050.0 0.57277
4750.0 2050.0 0.47283
4850.0 2050.0 0.25430
4950.0 2050.0 0.02527
5050.0 2050.0 -0.19150
5150.0 2050.0 -0.45641
5250.0 2050.0 -0.68097
5350.0 2050.0 -0.73849
5450.0 2050.0 -0.59406
5550.0 2050.0 -0.33328
5650.0 2050.0 -0.08947
5750.0 2050.0 0.10735
5850.0 2050.0 0.24434
5950.0 2050.0 0.26499
6050.0 2050.0 0.17045
6150.0 2050.0 0.02392
6250.0 2050.0 -0.07909
6350.0 2050.0 -0.07326
50.0 2150.0 0.04788
150.0 2150.0 0.06971
250.0 2150.0 0.08815
350.0 2150.0 0.09534
450.0 2150.0 0.08774
550.0 2150.0 0.07024
650.0 2150.0 0.05369
750.0 2150.0 0.04582
850.0 2150.0 0.06281
950.0 2150.0 0.15518
1050.0 2150.0 0.27685
1150.0 2150.0 0.34303
1250.0 2150.0 0.30267
1350.0 2150.0 0.16565
1450.0 2150.0 -0.01487
1550.0 2150.0 -0.18596
1650.0 2150.0 -0.27545
1750.0 2150.0 -0.24723
1850.0 2150.0 -0.12972
1950.0 2150.0 -0.00007
2050.0 2150.0 0.05490
2150.0 2150.0 0.00105
2250.0 2150.0 -0.08674
2350.0 2150.0 -0.14473
2450.0 2150.0 -0.14765
2550.0 2150.0 -0.09680
2650.0 2150.0 -0.02315
2750.0 2150.0 0.02786
2850.0 2150.0 0.02970
2950.0 2150.0 0.01381
3050.0 2150.0 0.01210
3150.0 2150.0 0.02478
3250.0 2150.0 0.04113
3350.0 2150.0 0.04870
3450.0 2150.0 0.03989
3550.0 2150.0 0.01616
3650.0 2150.0 -0.02307
3750.0 2150.0 -0.11757
3850.0 2150.0 -0.23461
3950.0 2150.0 -0.30167
4050.0 2150.0 -0.27507
4150.0 2150.0 -0.16596
4250.0 2150.0 -0.02359
4350.0 2150.0 0.13230
4450.0 2150.0 0.34992
4550.0 2150.0 0.55441
4650.0 2150.0 0.62624
4750.0 2150.0 0.51990
4850.0 2150.0 0.29563
4950.0 2150.0 0.06333
5050.0 2150.0 -0.15563
5150.0 2150.0 -0.42432
5250.0 2150.0 -0.65328
5350.0 2150.0 -0.71343
5450.0 2150.0 -0.56845
5550.0 2150.0 -0.30442
5650.0 2150.0 -0.05641
5750.0 2150.0 0.14461
5850.0 2150.0 0.28664
5950.0 2150.0 0.31308
6050.0 2150.0 0.22417
6150.0 2150.0 0.08230
6250.0 2150.0 -0.01726
6350.0 2150.0 -0.00882
50.0 2250.0 0.26917
150.0 2250.0 0.28261
250.0 2250.0 0.28277
350.0 2250.0 0.26538
450.0 2250.0 0.23585
550.0 2250.0 0.20623
650.0 2250.0 0.18906
750.0 2250.0 0.18793
850.0 2250.0 0.20574
950.0 2250.0 0.26552
1050.0 2250.0 0.31914
1150.0 2250.0 0.30251
1250.0 2250.0 0.19284
1350.0 2250.0 0.02131
1450.0 2250.0 -0.15876
1550.0 2250.0 -0.31896
1650.0 2250.0 -0.39494
1750.0 2250.0 -0.35275
1850.0 2250.0 -0.22424
1950.0 2250.0 -0.08825
2050.0 2250.0 -0.03061
2150.0 2250.0 -0.08291
2250.0 2250.0 -0.16579
2350.0 2250.0 -0.20118
2450.0 2250.0 -0.16233
2550.0 2250.0 -0.06216
2650.0 2250.0 0.05290
2750.0 2250.0 0.12615
2850.0 2250.0 0.13096
2950.0 2250.0 0.11044
3050.0 2250.0 0.09565
3150.0 2250.0 0.08764
3250.0 2250.0 0.08279
3350.0 2250.0 0.07582
3450.0 2250.0 0.06258
3550.0 2250.0 0.04258
3650.0 2250.0 0.01028
3750.0 2250.0 -0.07326
3850.0 2250.0 -0.17939
3950.0 2250.0 -0.24233
4050.0 2250.0 -0.22129
4150.0 2250.0 -0.12462
4250.0 2250.0 0.00418
4350.0 2250.0 0.14680
4450.0 2250.0 0.34940
4550.0 2250.0 0.54317
4650.0 2250.0 0.61547
4750.0 2250.0 0.52154
4850.0 2250.0 0.31519
4950.0 2250.0 0.09803
5050.0 2250.0 -0.10782
5150.0 2250.0 -0.35728
5250.0 2250.0 -0.56548
5350.0 2250.0 -0.61326
5450.0 2250.0 -0.46956
5550.0 2250.0 -0.21763
5650.0 2250.0 0.01529
5750.0 2250.0 0.20203
5850.0 2250.0 0.33043
5950.0 2250.0 0.34923
6050.0 2250.0 0.26323
6150.0 2250.0 0.13372
6250.0 2250.0 0.04913
6350.0 2250.0 0.06765
50.0 2350.0 0.47861
150.0 2350.0 0.46342
250.0 2350.0 0.40651
350.0 2350.0 0.31689
450.0 2350.0 0.22788
550.0 2350.0 0.17138
650.0 2350.0 0.16134
750.0 2350.0 0.18651
850.0 2350.0 0.22539
950.0 2350.0 0.26916
1050.0 2350.0 0.26889
1150.0 2350.0 0.18459
1250.0 2350.0 0.02448
1350.0 2350.0 -0.15832
1450.0 2350.0 -0.31187
1550.0 2350.0 -0.43669
1650.0 2350.0 -0.48836
1750.0 2350.0 -0.44300
1850.0 2350.0 -0.33267
1950.0 2350.0 -0.22453
2050.0 2350.0 -0.18662
2150.0 2350.0 -0.24016
2250.0 2350.0 -0.31279
2350.0 2350.0 -0.31562
2450.0 2350.0 -0.22322
2550.0 2350.0 -0.06567
2650.0 2350.0 0.09182
2750.0 2350.0 0.18208
2850.0 2350.0 0.18191
2950.0 2350.0 0.14744
3050.0 2350.0 0.10570
3150.0 2350.0 0.06428
3250.0 2350.0 0.03482
3350.0 2350.0 0.02214
3450.0 2350.0 0.02115
3550.0 2350.0 0.02204
3650.0 2350.0 0.01492
3750.0 2350.0 -0.02826
3850.0 2350.0 -0.09341
3950.0 2350.0 -0.13954
4050.0 2350.0 -0.13689
4150.0 2350.0 -0.08411
4250.0 2350.0 -0.00410
4350.0 2350.0 0.09085
4450.0 2350.0 0.24179
4550.0 2350.0 0.40245
4650.0 2350.0 0.48387
4750.0 2350.0 0.44161
4850.0 2350.0 0.30433
4950.0 2350.0 0.14316
5050.0 2350.0 -0.01566
5150.0 2350.0 -0.19970
5250.0 2350.0 -0.34200
5350.0 2350.0 -0.35709
5450.0 2350.0 -0.22926
5550.0 2350.0 -0.02825
5650.0 2350.0 0.14786
5750.0 2350.0 0.28238
5850.0 2350.0 0.35601
5950.0 2350.0 0.33466
6050.0 2350.0 0.24255
6150.0 2350.0 0.14191
6250.0 2350.0 0.10116
6350.0 2350.0 0.15290
50.0 2450.0 0.57565
150.0 2450.0 0.51665
250.0 2450.0 0.38110
350.0 2450.0 0.20011
450.0 2450.0 0.04538
550.0 2450.0 -0.02847
650.0 2450.0 -0.01229
750.0 2450.0 0.05858
850.0 2450.0 0.13759
950.0 2450.0 0.18837
1050.0 2450.0 0.16289
1150.0 2450.0 0.04384
1250.0 2450.0 -0.13326
1350.0 2450.0 -0.29753
1450.0 2450.0 -0.39995
1550.0 2450.0 -0.46821
1650.0 2450.0 -0.48602
1750.0 2450.0 -0.44646
1850.0 2450.0 -0.37902
1950.0 2450.0 -0.32779
2050.0 2450.0 -0.32871
2150.0 2450.0 -0.38587
2250.0 2450.0 -0.44522
2350.0 2450.0 -0.41755
2450.0 2450.0 -0.28252
2550.0 2450.0 -0.08676
2650.0 2450.0 0.09088
2750.0 2450.0 0.17989
2850.0 2450.0 0.16450
2950.0 2450.0 0.10847
3050.0 2450.0 0.03109
3150.0 2450.0 -0.04808
3250.0 2450.0 -0.09669
3350.0 2450.0 -0.09997
3450.0 2450.0 -0.06976
3550.0 2450.0 -0.03197
3650.0 2450.0 0.00187
3750.0 2450.0 0.02458
3850.0 2450.0 0.02664
3950.0 2450.0 0.00866
4050.0 2450.0 -0.01784
4150.0 2450.0 -0.03590
4250.0 2450.0 -0.03505
4350.0 2450.0 -0.01786
4450.0 2450.0 0.04643
4550.0 2450.0 0.14744
4650.0 2450.0 0.23607
4750.0 2450.0 0.27076
4850.0 2450.0 0.24130
4950.0 2450.0 0.16982
5050.0 2450.0 0.08701
5150.0 2450.0 0.00577
5250.0 2450.0 -0.03723
5350.0 2450.0 -0.00940
5450.0 2450.0 0.08313
5550.0 2450.0 0.19531
5650.0 2450.0 0.27728
5750.0 2450.0 0.32690
5850.0 2450.0 0.31114
5950.0 2450.0 0.22365
6050.0 2450.0 0.12037
6150.0 2450.0 0.06549
6250.0 2450.0 0.09522
6350.0 2450.0 0.20069
50.0 2550.0 0.50607
150.0 2550.0 0.40246
250.0 2550.0 0.19887
350.0 2550.0 -0.04870
450.0 2550.0 -0.23543
550.0 2550.0 -0.29410
650.0 2550.0 -0.23013
750.0 2550.0 -0.10515
850.0 2550.0 0.02093
950.0 2550.0 0.09637
1050.0 2550.0 0.07522
1150.0 2550.0 -0.04337
1250.0 2550.0 -0.20578
1350.0 2550.0 -0.33079
1450.0 2550.0 -0.37290
1550.0 2550.0 -0.37914
1650.0 2550.0 -0.36039
1750.0 2550.0 -0.32837
1850.0 2550.0 -0.30949
1950.0 2550.0 -0.32204
2050.0 2550.0 -0.36634
2150.0 2550.0 -0.42764
2250.0 2550.0 -0.47513
2350.0 2550.0 -0.43182
2450.0 2550.0 -0.28539
2550.0 2550.0 -0.09160
2650.0 2550.0 0.06921
2750.0 2550.0 0.13381
2850.0 2550.0 0.09598
2950.0 2550.0 0.01706
3050.0 2550.0 -0.09378
3150.0 2550.0 -0.20283
3250.0 2550.0 -0.25789
3350.0 2550.0 -0.23775
3450.0 2550.0 -0.16537
3550.0 2550.0 -0.08499
3650.0 2550.0 -0.00612
3750.0 2550.0 0.08919
3850.0 2550.0 0.16555
3950.0 2550.0 0.17908
4050.0 2550.0 0.12115
4150.0 2550.0 0.02562
4250.0 2550.0 -0.06036
4350.0 2550.0 -0.12915
4450.0 2550.0 -0.16501
4550.0 2550.0 -0.14018
4650.0 2550.0 -0.05745
4750.0 2550.0 0.04900
4850.0 2550.0 0.12995
4950.0 2550.0 0.15465
5050.0 2550.0 0.15489
5150.0 2550.0 0.18259
5250.0 2550.0 0.23993
5350.0 2550.0 0.30342
5450.0 2550.0 0.34647
5550.0 2550.0 0.35424
5650.0 2550.0 0.33072
5750.0 2550.0 0.28716
5850.0 2550.0 0.17440
5950.0 2550.0 0.01692
6050.0 2550.0 -0.09510
6150.0 2550.0 -0.09636
6250.0 2550.0 0.01295
6350.0 2550.0 0.17811
50.0 2650.0 0.31412
150.0 2650.0 0.17958
250.0 2650.0 -0.05630
350.0 2650.0 -0.31729
450.0 2650.0 -0.48299
550.0 2650.0 -0.49050
650.0 2650.0 -0.36731
750.0 2650.0 -0.19548
850.0 2650.0 -0.03118
950.0 2650.0 0.07106
1050.0 2650.0 0.06740
1150.0 2650.0 -0.03382
1250.0 2650.0 -0.17002
1350.0 2650.0 -0.25595
1450.0 2650.0 -0.24898
1550.0 2650.0 -0.20624
1650.0 2650.0 -0.15644
1750.0 2650.0 -0.12570
1850.0 2650.0 -0.13918
1950.0 2650.0 -0.19673
2050.0 2650.0 -0.27213
2150.0 2650.0 -0.33600
2250.0 2650.0 -0.37653
2350.0 2650.0 -0.33628
2450.0 2650.0 -0.21128
2550.0 2650.0 -0.05669
2650.0 2650.0 0.05753
2750.0 2650.0 0.08324
2850.0 2650.0 0.02294
2950.0 2650.0 -0.07334
3050.0 2650.0 -0.20611
3150.0 2650.0 -0.32984
3250.0 2650.0 -0.37902
3350.0 2650.0 -0.33067
3450.0 2650.0 -0.21932
3550.0 2650.0 -0.10401
3650.0 2650.0 0.01016
3750.0 2650.0 0.16254
3850.0 2650.0 0.29750
3950.0 2650.0 0.33622
4050.0 2650.0 0.25411
4150.0 2650.0 0.09818
4250.0 2650.0 -0.05576
4350.0 2650.0 -0.19264
4450.0 2650.0 -0.31331
4550.0 2650.0 -0.36181
4650.0 2650.0 -0.30138
4750.0 2650.0 -0.15502
4850.0 2650.0 0.00221
4950.0 2650.0 0.09928
5050.0 2650.0 0.16409
5150.0 2650.0 0.27289
5250.0 2650.0 0.39946
5350.0 2650.0 0.47855
5450.0 2650.0 0.47129
5550.0 2650.0 0.38989
5650.0 2650.0 0.28148
5750.0 2650.0 0.16509
5850.0 2650.0 -0.02156
5950.0 2650.0 -0.22906
6050.0 2650.0 -0.34151
6150.0 2650.0 -0.29469
6250.0 2650.0 -0.11907
6350.0 2650.0 0.09412
50.0 2750.0 0.11328
150.0 2750.0 -0.03135
250.0 2750.0 -0.25801
350.0 2750.0 -0.47995
450.0 2750.0 -0.58147
550.0 2750.0 -0.51838
650.0 2750.0 -0.34125
750.0 2750.0 -0.14175
850.0 2750.0 0.04067
950.0 2750.0 0.15479
1050.0 2750.0 0.15773
1150.0 2750.0 0.06266
1250.0 2750.0 -0.06286
1350.0 2750.0 -0.13113
1450.0 2750.0 -0.10090
1550.0 2750.0 -0.03384
1650.0 2750.0 0.03616
1750.0 2750.0 0.07662
1850.0 2750.0 0.06026
1950.0 2750.0 -0.00778
2050.0 2750.0 -0.09167
2150.0 2750.0 -0.15529
2250.0 2750.0 -0.19456
2350.0 2750.0 -0.16958
2450.0 2750.0 -0.08216
2550.0 2750.0 0.01978
2650.0 2750.0 0.08164
2750.0 2750.0 0.07095
2850.0 2750.0 -0.00450
2950.0 2750.0 -0.10865
3050.0 2750.0 -0.24872
3150.0 2750.0 -0.37298
3250.0 2750.0 -0.41114
3350.0 2750.0 -0.34194
3450.0 2750.0 -0.20749
3550.0 2750.0 -0.07429
3650.0 2750.0 0.05681
3750.0 2750.0 0.23666
3850.0 2750.0 0.40000
3950.0 2750.0 0.45120
4050.0 2750.0 0.35790
4150.0 2750.0 0.17328
4250.0 2750.0 -0.01312
4350.0 2750.0 -0.18352
4450.0 2750.0 -0.35277
4550.0 2750.0 -0.45355
4650.0 2750.0 -0.42601
4750.0 2750.0 -0.28106
4850.0 2750.0 -0.10019
4950.0 2750.0 0.02778
5050.0 2750.0 0.12296
5150.0 2750.0 0.26582
5250.0 2750.0 0.41501
5350.0 2750.0 0.48774
5450.0 2750.0 0.44349
5550.0 2750.0 0.31114
5650.0 2750.0 0.15957
5750.0 2750.0 0.00856
5850.0 2750.0 -0.21034
5950.0 2750.0 -0.43471
6050.0 2750.0 -0.53790
6150.0 2750.0 -0.45912
6250.0 2750.0 -0.24594
6350.0 2750.0 -0.00789
50.0 2850.0 -0.02377
150.0 2850.0 -0.16332
250.0 2850.0 -0.35574
350.0 2850.0 -0.51183
450.0 2850.0 -0.53282
550.0 2850.0 -0.39913
650.0 2850.0 -0.18101
750.0 2850.0 0.02896
850.0 2850.0 0.21228
950.0 2850.0 0.32034
1050.0 2850.0 0.30988
1150.0 2850.0 0.19845
1250.0 2850.0 0.05948
1350.0 2850.0 -0.01495
1450.0 2850.0 0.01637
1550.0 2850.0 0.08791
1650.0 2850.0 0.16916
1750.0 2850.0 0.22768
1850.0 2850.0 0.23160
1950.0 2850.0 0.18032
2050.0 2850.0 0.10587
2150.0 2850.0 0.04477
2250.0 2850.0 0.00331
2350.0 2850.0 0.01071
2450.0 2850.0 0.06227
2550.0 2850.0 0.11892
2650.0 2850.0 0.13986
2750.0 2850.0 0.10426
2850.0 2850.0 0.02185
2950.0 2850.0 -0.08291
3050.0 2850.0 -0.22082
3150.0 2850.0 -0.33882
3250.0 2850.0 -0.36761
3350.0 2850.0 -0.28857
3450.0 2850.0 -0.14684
3550.0 2850.0 -0.01023
3650.0 2850.0 0.12305
3750.0 2850.0 0.30650
3850.0 2850.0 0.47369
3950.0 2850.0 0.52680
4050.0 2850.0 0.43240
4150.0 2850.0 0.24437
4250.0 2850.0 0.05396
4350.0 2850.0 -0.12192
4450.0 2850.0 -0.30833
4550.0 2850.0 -0.43941
4650.0 2850.0 -0.44676
4750.0 2850.0 -0.33032
4850.0 2850.0 -0.16423
4950.0 2850.0 -0.03751
5050.0 2850.0 0.06081
5150.0 2850.0 0.20175
5250.0 2850.0 0.34001
5350.0 2850.0 0.39376
5450.0 2850.0 0.32784
5550.0 2850.0 0.17817
5650.0 2850.0 0.01781
5750.0 2850.0 -0.13721
5850.0 2850.0 -0.35561
5950.0 2850.0 -0.57164
6050.0 2850.0 -0.65969
6150.0 2850.0 -0.56365
6250.0 2850.0 -0.33711
6350.0 2850.0 -0.09318
50.0 2950.0 -0.10281
150.0 2950.0 -0.22623
250.0 2950.0 -0.37683
350.0 2950.0 -0.47079
450.0 2950.0 -0.42975
550.0 2950.0 -0.25381
650.0 2950.0 -0.02197
750.0 2950.0 0.17993
850.0 2950.0 0.35184
950.0 2950.0 0.45551
1050.0 2950.0 0.44930
1150.0 2950.0 0.34733
1250.0 2950.0 0.21676
1350.0 2950.0 0.14383
1450.0 2950.0 0.16847
1550.0 2950.0 0.23029
1650.0 2950.0 0.30088
1750.0 2950.0 0.35221
1850.0 2950.0 0.35647
1950.0 2950.0 0.31283
2050.0 2950.0 0.24876
2150.0 2950.0 0.19585
2250.0 2950.0 0.15953
2350.0 2950.0 0.16194
2450.0 2950.0 0.19390
2550.0 2950.0 0.22001
2650.0 2950.0 0.20912
2750.0 2950.0 0.15107
2850.0 2950.0 0.05991
2950.0 2950.0 -0.04767
3050.0 2950.0 -0.18272
3150.0 2950.0 -0.28999
3250.0 2950.0 -0.30259
3350.0 2950.0 -0.20727
3450.0 2950.0 -0.05474
3550.0 2950.0 0.08512
3650.0 2950.0 0.21699
3750.0 2950.0 0.38854
3850.0 2950.0 0.53447
3950.0 2950.0 0.56634
4050.0 2950.0 0.45986
4150.0 2950.0 0.27282
4250.0 2950.0 0.09356
4350.0 2950.0 -0.06929
4450.0 2950.0 -0.25179
4550.0 2950.0 -0.39492
4650.0 2950.0 -0.42860
4750.0 2950.0 -0.34336
4850.0 2950.0 -0.20079
4950.0 2950.0 -0.08263
5050.0 2950.0 0.01302
5150.0 2950.0 0.14054
5250.0 2950.0 0.25214
5350.0 2950.0 0.27367
5450.0 2950.0 0.18051
5550.0 2950.0 0.01639
5650.0 2950.0 -0.14494
5750.0 2950.0 -0.29468
5850.0 2950.0 -0.49990
5950.0 2950.0 -0.69419
6050.0 2950.0 -0.75876
6150.0 2950.0 -0.64522
6250.0 2950.0 -0.41142
6350.0 2950.0 -0.16930
50.0 3050.0 -0.06828
150.0 3050.0 -0.15017
250.0 3050.0 -0.24608
350.0 3050.0 -0.29637
450.0 3050.0 -0.24870
550.0 3050.0 -0.10753
650.0 3050.0 0.06786
750.0 3050.0 0.21667
850.0 3050.0 0.34861
950.0 3050.0 0.45570
1050.0 3050.0 0.50383
1150.0 3050.0 0.48386
1250.0 3050.0 0.42501
1350.0 3050.0 0.38034
1450.0 3050.0 0.38443
1550.0 3050.0 0.40548
1650.0 3050.0 0.41309
1750.0 3050.0 0.39389
1850.0 3050.0 0.34677
1950.0 3050.0 0.28620
2050.0 3050.0 0.23503
2150.0 3050.0 0.20711
2250.0 3050.0 0.19779
2350.0 3050.0 0.22982
2450.0 3050.0 0.28332
2550.0 3050.0 0.31244
2650.0 3050.0 0.28604
2750.0 3050.0 0.20502
2850.0 3050.0 0.09602
2950.0 3050.0 -0.02401
3050.0 3050.0 -0.16053
3150.0 3050.0 -0.25192
3250.0 3050.0 -0.23428
3350.0 3050.0 -0.10519
3450.0 3050.0 0.07143
3550.0 3050.0 0.21922
3650.0 3050.0 0.34614
3750.0 3050.0 0.47608
3850.0 3050.0 0.54889
3950.0 3050.0 0.50986
4050.0 3050.0 0.36652
4150.0 3050.0 0.18898
4250.0 3050.0 0.05383
4350.0 3050.0 -0.05525
4450.0 3050.0 -0.18847
4550.0 3050.0 -0.30374
4650.0 3050.0 -0.34223
4750.0 3050.0 -0.28779
4850.0 3050.0 -0.17960
4950.0 3050.0 -0.07803
5050.0 3050.0 0.01018
5150.0 3050.0 0.11041
5250.0 3050.0 0.17329
5350.0 3050.0 0.14147
5450.0 3050.0 0.00945
5550.0 3050.0 -0.16823
5650.0 3050.0 -0.32054
5750.0 3050.0 -0.45154
5850.0 3050.0 -0.62379
5950.0 3050.0 -0.77456
6050.0 3050.0 -0.80214
6150.0 3050.0 -0.67166
6250.0 3050.0 -0.44262
6350.0 3050.0 -0.21777
50.0 3150.0 0.05073
150.0 3150.0 0.03297
250.0 3150.0 0.00323
350.0 3150.0 -0.01979
450.0 3150.0 -0.01479
550.0 3150.0 0.02306
650.0 3150.0 0.07956
750.0 3150.0 0.13523
850.0 3150.0 0.20001
950.0 3150.0 0.30765
1050.0 3150.0 0.43609
1150.0 3150.0 0.54028
1250.0 3150.0 0.59013
1350.0 3150.0 0.58654
1450.0 3150.0 0.55532
1550.0 3150.0 0.50970
1650.0 3150.0 0.41835
1750.0 3150.0 0.29267
1850.0 3150.0 0.17314
1950.0 3150.0 0.09561
2050.0 3150.0 0.07227
2150.0 3150.0 0.08727
2250.0 3150.0 0.12425
2350.0 3150.0 0.21566
2450.0 3150.0 0.32533
2550.0 3150.0 0.38479
2650.0 3150.0 0.35521
2750.0 3150.0 0.24946
2850.0 3150.0 0.11420
2950.0 3150.0 -0.02754
3050.0 3150.0 -0.17428
3150.0 3150.0 -0.25518
3250.0 3150.0 -0.20737
3350.0 3150.0 -0.04022
3450.0 3150.0 0.16551
3550.0 3150.0 0.32359
3650.0 3150.0 0.44339
3750.0 3150.0 0.51284
3850.0 3150.0 0.48214
3950.0 3150.0 0.34817
4050.0 3150.0 0.16430
4150.0 3150.0 0.01510
4250.0 3150.0 -0.04347
4350.0 3150.0 -0.06267
4450.0 3150.0 -0.10758
4550.0 3150.0 -0.16239
4650.0 3150.0 -0.19034
4750.0 3150.0 -0.16986
4850.0 3150.0 -0.10792
4950.0 3150.0 -0.03071
5050.0 3150.0 0.04657
5150.0 3150.0 0.11456
5250.0 3150.0 0.12543
5350.0 3150.0 0.04295
5450.0 3150.0 -0.11818
5550.0 3150.0 -0.29578
5650.0 3150.0 -0.42626
5750.0 3150.0 -0.52692
5850.0 3150.0 -0.65324
5950.0 3150.0 -0.75174
6050.0 3150.0 -0.74452
6150.0 3150.0 -0.61102
6250.0 3150.0 -0.40617
6350.0 3150.0 -0.21516
50.0 3250.0 0.17154
150.0 3250.0 0.22435
250.0 3250.0 0.26405
350.0 3250.0 0.26367
450.0 3250.0 0.21201
550.0 3250.0 0.12707
650.0 3250.0 0.04693
750.0 3250.0 -0.00193
850.0 3250.0 -0.01438
950.0 3250.0 0.07979
1050.0 3250.0 0.27105
1150.0 3250.0 0.48136
1250.0 3250.0 0.62453
1350.0 3250.0 0.65097
1450.0 3250.0 0.57701
1550.0 3250.0 0.45969
1650.0 3250.0 0.27329
1750.0 3250.0 0.05824
1850.0 3250.0 -0.10626
1950.0 3250.0 -0.17146
2050.0 3250.0 -0.14578
2150.0 3250.0 -0.07881
2250.0 3250.0 0.00976
2350.0 3250.0 0.16767
2450.0 3250.0 0.34066
2550.0 3250.0 0.43490
2650.0 3250.0 0.40270
2750.0 3250.0 0.26995
2850.0 3250.0 0.10560
2950.0 3250.0 -0.06139
3050.0 3250.0 -0.22740
3150.0 3250.0 -0.31271
3250.0 3250.0 -0.25155
3350.0 3250.0 -0.06023
3450.0 3250.0 0.16692
3550.0 3250.0 0.33358
3650.0 3250.0 0.44691
3750.0 3250.0 0.46063
3850.0 3250.0 0.33891
3950.0 3250.0 0.13015
4050.0 3250.0 -0.07076
4150.0 3250.0 -0.17111
4250.0 3250.0 -0.13969
4350.0 3250.0 -0.05891
4450.0 3250.0 -0.00625
4550.0 3250.0 0.00474
4650.0 3250.0 -0.01339
4750.0 3250.0 -0.03246
4850.0 3250.0 -0.02309
4950.0 3250.0 0.02670
5050.0 3250.0 0.09308
5150.0 3250.0 0.13733
5250.0 3250.0 0.11712
5350.0 3250.0 0.01353
5450.0 3250.0 -0.14706
5550.0 3250.0 -0.30352
5650.0 3250.0 -0.40328
5750.0 3250.0 -0.47079
5850.0 3250.0 -0.55374
5950.0 3250.0 -0.61171
6050.0 3250.0 -0.58931
6150.0 3250.0 -0.47472
6250.0 3250.0 -0.31130
6350.0 3250.0 -0.16257
50.0 3350.0 0.21274
150.0 3350.0 0.32310
250.0 3350.0 0.42566
350.0 3350.0 0.45739
450.0 3350.0 0.37751
550.0 3350.0 0.20931
650.0 3350.0 0.02852
750.0 3350.0 -0.10180
850.0 3350.0 -0.17908
950.0 3350.0 -0.11509
1050.0 3350.0 0.08937
1150.0 3350.0 0.33974
1250.0 3350.0 0.51881
1350.0 3350.0 0.54741
1450.0 3350.0 0.43474
1550.0 3350.0 0.26387
1650.0 3350.0 0.02284
1750.0 3350.0 -0.22280
1850.0 3350.0 -0.37356
1950.0 3350.0 -0.38569
2050.0 3350.0 -0.29596
2150.0 3350.0 -0.18184
2250.0 3350.0 -0.05307
2350.0 3350.0 0.15230
2450.0 3350.0 0.36492
2550.0 3350.0 0.47356
2650.0 3350.0 0.42750
2750.0 3350.0 0.26635
2850.0 3350.0 0.07715
2950.0 3350.0 -0.11103
3050.0 3350.0 -0.30042
3150.0 3350.0 -0.40564
3250.0 3350.0 -0.35450
3350.0 3350.0 -0.16250
3450.0 3350.0 0.07048
3550.0 3350.0 0.24102
3650.0 3350.0 0.35093
3750.0 3350.0 0.33387
3850.0 3350.0 0.16807
3950.0 3350.0 -0.06407
4050.0 3350.0 -0.24568
4150.0 3350.0 -0.28700
4250.0 3350.0 -0.17846
4350.0 3350.0 -0.01876
4450.0 3350.0 0.10646
4550.0 3350.0 0.15901
4650.0 3350.0 0.13478
4750.0 3350.0 0.07144
4850.0 3350.0 0.03098
4950.0 3350.0 0.05663
5050.0 3350.0 0.11554
5150.0 3350.0 0.15268
5250.0 3350.0 0.13378
5350.0 3350.0 0.04758
5450.0 3350.0 -0.08065
5550.0 3350.0 -0.19989
5650.0 3350.0 -0.26899
5750.0 3350.0 -0.31073
5850.0 3350.0 -0.36648
5950.0 3350.0 -0.40877
6050.0 3350.0 -0.39638
6150.0 3350.0 -0.31771
6250.0 3350.0 -0.20082
6350.0 3350.0 -0.09006
50.0 3450.0 0.13566
150.0 3450.0 0.27794
250.0 3450.0 0.43036
350.0 3450.0 0.51285
450.0 3450.0 0.46068
550.0 3450.0 0.28697
650.0 3450.0 0.07635
750.0 3450.0 -0.08998
850.0 3450.0 -0.20366
950.0 3450.0 -0.17989
1050.0 3450.0 -0.01685
1150.0 3450.0 0.19541
1250.0 3450.0 0.34223
1350.0 3450.0 0.34358
1450.0 3450.0 0.20568
1550.0 3450.0 0.01298
1650.0 3450.0 -0.22757
1750.0 3450.0 -0.43537
1850.0 3450.0 -0.51473
1950.0 3450.0 -0.44418
2050.0 3450.0 -0.29018
2150.0 3450.0 -0.14522
2250.0 3450.0 0.00165
2350.0 3450.0 0.21934
2450.0 3450.0 0.42963
2550.0 3450.0 0.51827
2650.0 3450.0 0.44139
2750.0 3450.0 0.25207
2850.0 3450.0 0.04714
2950.0 3450.0 -0.15268
3050.0 3450.0 -0.36217
3150.0 3450.0 -0.49467
3250.0 3450.0 -0.47049
3350.0 3450.0 -0.29794
3450.0 3450.0 -0.07404
3550.0 3450.0 0.09529
3650.0 3450.0 0.20554
3750.0 3450.0 0.18934
3850.0 3450.0 0.03528
3950.0 3450.0 -0.16570
4050.0 3450.0 -0.29898
4150.0 3450.0 -0.28738
4250.0 3450.0 -0.13431
4350.0 3450.0 0.06319
4450.0 3450.0 0.21485
4550.0 3450.0 0.26803
4650.0 3450.0 0.21514
4750.0 3450.0 0.10637
4850.0 3450.0 0.02657
4950.0 3450.0 0.03602
5050.0 3450.0 0.09247
5150.0 3450.0 0.13811
5250.0 3450.0 0.14638
5350.0 3450.0 0.10360
5450.0 3450.0 0.02387
5550.0 3450.0 -0.05624
5650.0 3450.0 -0.10391
5750.0 3450.0 -0.13355
5850.0 3450.0 -0.18309
5950.0 3450.0 -0.23403
6050.0 3450.0 -0.24837
6150.0 3450.0 -0.20802
6250.0 3450.0 -0.12744
6350.0 3450.0 -0.03964
50.0 3550.0 -0.02761
150.0 3550.0 0.12525
250.0 3550.0 0.31671
350.0 3550.0 0.46544
450.0 3550.0 0.48755
550.0 3550.0 0.37308
650.0 3550.0 0.19162
750.0 3550.0 0.02711
850.0 3550.0 -0.09797
950.0 3550.0 -0.11552
1050.0 3550.0 -0.02571
1150.0 3550.0 0.09989
1250.0 3550.0 0.17195
1350.0 3550.0 0.12967
1450.0 3550.0 -0.02046
1550.0 3550.0 -0.20986
1650.0 3550.0 -0.41184
1750.0 3550.0 -0.53998
1850.0 3550.0 -0.51840
1950.0 3550.0 -0.35669
2050.0 3550.0 -0.14759
2150.0 3550.0 0.01244
2250.0 3550.0 0.15913
2350.0 3550.0 0.36064
2450.0 3550.0 0.53511
2550.0 3550.0 0.57695
2650.0 3550.0 0.45676
2750.0 3550.0 0.24045
2850.0 3550.0 0.02764
2950.0 3550.0 -0.17531
3050.0 3550.0 -0.39848
3150.0 3550.0 -0.55697
3250.0 3550.0 -0.56450
3350.0 3550.0 -0.41981
3450.0 3550.0 -0.21238
3550.0 3550.0 -0.04723
3650.0 3550.0 0.06575
3750.0 3550.0 0.07115
3850.0 3550.0 -0.03638
3950.0 3550.0 -0.17570
4050.0 3550.0 -0.25005
4150.0 3550.0 -0.19895
4250.0 3550.0 -0.03082
4350.0 3550.0 0.17031
4450.0 3550.0 0.31105
4550.0 3550.0 0.33295
4650.0 3550.0 0.23547
4750.0 3550.0 0.08291
4850.0 3550.0 -0.02588
4950.0 3550.0 -0.02552
5050.0 3550.0 0.03204
5150.0 3550.0 0.09370
5250.0 3550.0 0.13857
5350.0 3550.0 0.14500
5450.0 3550.0 0.11237
5550.0 3550.0 0.06349
5650.0 3550.0 0.02669
5750.0 3550.0 -0.00194
5850.0 3550.0 -0.05931
5950.0 3550.0 -0.13125
6050.0 3550.0 -0.17576
6150.0 3550.0 -0.16579
6250.0 3550.0 -0.10659
6350.0 3550.0 -0.02722
50.0 3650.0 -0.20537
150.0 3650.0 -0.04843
250.0 3650.0 0.17686
350.0 3650.0 0.39410
450.0 3650.0 0.50389
550.0 3650.0 0.47049
650.0 3650.0 0.34072
750.0 3650.0 0.19510
850.0 3650.0 0.07032
950.0 3650.0 0.00809
1050.0 3650.0 0.00395
1150.0 3650.0 0.01301
1250.0 3650.0 -0.01562
1350.0 3650.0 -0.11233
1450.0 3650.0 -0.26872
1550.0 3650.0 -0.44408
1650.0 3650.0 -0.59878
1750.0 3650.0 -0.64392
1850.0 3650.0 -0.52473
1950.0 3650.0 -0.27939
2050.0 3650.0 -0.02186
2150.0 3650.0 0.15102
2250.0 3650.0 0.29579
2350.0 3650.0 0.47287
2450.0 3650.0 0.59937
2550.0 3650.0 0.58511
2650.0 3650.0 0.42017
2750.0 3650.0 0.18379
2850.0 3650.0 -0.02518
2950.0 3650.0 -0.21724
3050.0 3650.0 -0.43382
3150.0 3650.0 -0.59676
3250.0 3650.0 -0.62209
3350.0 3650.0 -0.50351
3450.0 3650.0 -0.32032
3550.0 3650.0 -0.16991
3650.0 3650.0 -0.06336
3750.0 3650.0 -0.03962
3850.0 3650.0 -0.09790
3950.0 3650.0 -0.17158
4050.0 3650.0 -0.18705
4150.0 3650.0 -0.10357
4250.0 3650.0 0.06628
4350.0 3650.0 0.25601
4450.0 3650.0 0.37450
4550.0 3650.0 0.36187
4650.0 3650.0 0.22526
4750.0 3650.0 0.03909
4850.0 3650.0 -0.09080
4950.0 3650.0 -0.09893
5050.0 3650.0 -0.04355
5150.0 3650.0 0.03079
5250.0 3650.0 0.10943
5350.0 3650.0 0.16316
5450.0 3650.0 0.17660
5550.0 3650.0 0.15823
5650.0 3650.0 0.13117
5750.0 3650.0 0.10243
5850.0 3650.0 0.03884
5950.0 3650.0 -0.04966
6050.0 3650.0 -0.11957
6150.0 3650.0 -0.13762
6250.0 3650.0 -0.10112
6350.0 3650.0 -0.03457
50.0 3750.0 -0.35040
150.0 3750.0 -0.20078
250.0 3750.0 0.03661
350.0 3750.0 0.30095
450.0 3750.0 0.49172
550.0 3750.0 0.55305
650.0 3750.0 0.50288
750.0 3750.0 0.40706
850.0 3750.0 0.30816
950.0 3750.0 0.20421
1050.0 3750.0 0.08243
1150.0 3750.0 -0.06347
1250.0 3750.0 -0.22606
1350.0 3750.0 -0.38788
1450.0 3750.0 -0.53570
1550.0 3750.0 -0.67776
1650.0 3750.0 -0.78342
1750.0 3750.0 -0.76779
1850.0 3750.0 -0.59008
1950.0 3750.0 -0.30074
2050.0 3750.0 -0.01787
2150.0 3750.0 0.16722
2250.0 3750.0 0.31433
2350.0 3750.0 0.45958
2450.0 3750.0 0.52480
2550.0 3750.0 0.44828
2650.0 3750.0 0.24831
2750.0 3750.0 0.01708
2850.0 3750.0 -0.15504
2950.0 3750.0 -0.29805
3050.0 3750.0 -0.45192
3150.0 3750.0 -0.55940
3250.0 3750.0 -0.56431
3350.0 3750.0 -0.46818
3450.0 3750.0 -0.33282
3550.0 3750.0 -0.22883
3650.0 3750.0 -0.15801
3750.0 3750.0 -0.13710
3850.0 3750.0 -0.15718
3950.0 3750.0 -0.17090
4050.0 3750.0 -0.13536
4150.0 3750.0 -0.03600
4250.0 3750.0 0.10899
4350.0 3750.0 0.25865
4450.0 3750.0 0.34117
4550.0 3750.0 0.30473
4650.0 3750.0 0.16000
4750.0 3750.0 -0.02369
4850.0 3750.0 -0.15202
4950.0 3750.0 -0.16921
5050.0 3750.0 -0.12794
5150.0 3750.0 -0.05620
5250.0 3750.0 0.03982
5350.0 3750.0 0.12824
5450.0 3750.0 0.18164
5550.0 3750.0 0.19306
5650.0 3750.0 0.17683
5750.0 3750.0 0.15011
5850.0 3750.0 0.09321
5950.0 3750.0 0.01030
6050.0 3750.0 -0.06553
6150.0 3750.0 -0.10518
6250.0 3750.0 -0.10078
6350.0 3750.0 -0.06693
50.0 3850.0 -0.39816
150.0 3850.0 -0.27018
250.0 3850.0 -0.06079
350.0 3850.0 0.19386
450.0 3850.0 0.41528
550.0 3850.0 0.54621
650.0 3850.0 0.58039
750.0 3850.0 0.55847
850.0 3850.0 0.51353
950.0 3850.0 0.39658
1050.0 3850.0 0.18441
1150.0 3850.0 -0.09252
1250.0 3850.0 -0.36853
1350.0 3850.0 -0.57631
1450.0 3850.0 -0.69559
1550.0 3850.0 -0.78902
1650.0 3850.0 -0.85846
1750.0 3850.0 -0.83033
1850.0 3850.0 -0.66402
1950.0 3850.0 -0.39689
2050.0 3850.0 -0.12714
2150.0 3850.0 0.06556
2250.0 3850.0 0.21994
2350.0 3850.0 0.33346
2450.0 3850.0 0.33880
2550.0 3850.0 0.21127
2650.0 3850.0 0.00023
2750.0 3850.0 -0.19385
2850.0 3850.0 -0.29663
2950.0 3850.0 -0.35595
3050.0 3850.0 -0.39856
3150.0 3850.0 -0.40163
3250.0 3850.0 -0.35859
3350.0 3850.0 -0.28833
3450.0 3850.0 -0.22653
3550.0 3850.0 -0.19910
3650.0 3850.0 -0.19146
3750.0 3850.0 -0.19717
3850.0 3850.0 -0.19828
3950.0 3850.0 -0.16883
4050.0 3850.0 -0.10005
4150.0 3850.0 -0.00649
4250.0 3850.0 0.08746
4350.0 3850.0 0.17124
4450.0 3850.0 0.20979
4550.0 3850.0 0.16929
4650.0 3850.0 0.05767
4750.0 3850.0 -0.07860
4850.0 3850.0 -0.17721
4950.0 3850.0 -0.20181
5050.0 3850.0 -0.18610
5150.0 3850.0 -0.13592
5250.0 3850.0 -0.04842
5350.0 3850.0 0.04879
5450.0 3850.0 0.12315
5550.0 3850.0 0.15517
5650.0 3850.0 0.14814
5750.0 3850.0 0.12570
5850.0 3850.0 0.09083
5950.0 3850.0 0.04182
6050.0 3850.0 -0.01141
6150.0 3850.0 -0.05670
6250.0 3850.0 -0.08646
6350.0 3850.0 -0.10148
50.0 3950.0 -0.32620
150.0 3950.0 -0.22945
250.0 3950.0 -0.08736
350.0 3950.0 0.09051
450.0 3950.0 0.26813
550.0 3950.0 0.41077
650.0 3950.0 0.50300
750.0 3950.0 0.55682
850.0 3950.0 0.58076
950.0 3950.0 0.49430
1050.0 3950.0 0.26546
1150.0 3950.0 -0.05641
1250.0 3950.0 -0.37154
1350.0 3950.0 -0.58078
1450.0 3950.0 -0.65686
1550.0 3950.0 -0.70002
1650.0 3950.0 -0.75639
1750.0 3950.0 -0.76785
1850.0 3950.0 -0.68006
1950.0 3950.0 -0.49546
2050.0 3950.0 -0.27379
2150.0 3950.0 -0.08029
2250.0 3950.0 0.08430
2350.0 3950.0 0.17526
2450.0 3950.0 0.13929
2550.0 3950.0 -0.01326
2650.0 3950.0 -0.20797
2750.0 3950.0 -0.34309
2850.0 3950.0 -0.36348
2950.0 3950.0 -0.32884
3050.0 3950.0 -0.24894
3150.0 3950.0 -0.14029
3250.0 3950.0 -0.05074
3350.0 3950.0 -0.01645
3450.0 3950.0 -0.04170
3550.0 3950.0 -0.10167
3650.0 3950.0 -0.16652
3750.0 3950.0 -0.21204
3850.0 3950.0 -0.21227
3950.0 3950.0 -0.16030
4050.0 3950.0 -0.07787
4150.0 3950.0 -0.00550
4250.0 3950.0 0.02685
4350.0 3950.0 0.03739
4450.0 3950.0 0.03558
4550.0 3950.0 0.01029
4650.0 3950.0 -0.03834
4750.0 3950.0 -0.09750
4850.0 3950.0 -0.14774
4950.0 3950.0 -0.17638
5050.0 3950.0 -0.19047
5150.0 3950.0 -0.17429
5250.0 3950.0 -0.11788
5350.0 3950.0 -0.03900
5450.0 3950.0 0.03261
5550.0 3950.0 0.07099
5650.0 3950.0 0.06920
5750.0 3950.0 0.05211
5850.0 3950.0 0.04871
5950.0 3950.0 0.05304
6050.0 3950.0 0.04547
6150.0 3950.0 0.01291
6250.0 3950.0 -0.04296
6350.0 3950.0 -0.10908
50.0 4050.0 -0.18172
150.0 4050.0 -0.11568
250.0 4050.0 -0.05677
350.0 4050.0 0.00589
450.0 4050.0 0.08475
550.0 4050.0 0.18279
650.0 4050.0 0.29183
750.0 4050.0 0.40056
850.0 4050.0 0.48690
950.0 4050.0 0.46374
1050.0 4050.0 0.29449
1150.0 4050.0 0.02449
1250.0 4050.0 -0.24608
1350.0 4050.0 -0.41335
1450.0 4050.0 -0.44515
1550.0 4050.0 -0.45063
1650.0 4050.0 -0.51378
1750.0 4050.0 -0.59063
1850.0 4050.0 -0.60708
1950.0 4050.0 -0.52483
2050.0 4050.0 -0.36269
2150.0 4050.0 -0.17339
2250.0 4050.0 0.00070
2350.0 4050.0 0.08179
2450.0 4050.0 0.02903
2550.0 4050.0 -0.12321
2650.0 4050.0 -0.28659
2750.0 4050.0 -0.36345
2850.0 4050.0 -0.31475
2950.0 4050.0 -0.20542
3050.0 4050.0 -0.03447
3150.0 4050.0 0.14858
3250.0 4050.0 0.25592
3350.0 4050.0 0.24350
3450.0 4050.0 0.13738
3550.0 4050.0 0.00416
3650.0 4050.0 -0.11954
3750.0 4050.0 -0.20022
3850.0 4050.0 -0.20610
3950.0 4050.0 -0.14411
4050.0 4050.0 -0.05808
4150.0 4050.0 -0.00736
4250.0 4050.0 -0.02594
4350.0 4050.0 -0.07388
4450.0 4050.0 -0.10325
4550.0 4050.0 -0.10558
4650.0 4050.0 -0.08960
4750.0 4050.0 -0.07381
4850.0 4050.0 -0.07706
4950.0 4050.0 -0.10662
5050.0 4050.0 -0.14528
5150.0 4050.0 -0.16210
5250.0 4050.0 -0.14309
5350.0 4050.0 -0.09520
5450.0 4050.0 -0.04096
5550.0 4050.0 -0.00714
5650.0 4050.0 -0.00768
5750.0 4050.0 -0.02010
5850.0 4050.0 0.00627
5950.0 4050.0 0.06355
6050.0 4050.0 0.10610
6150.0 4050.0 0.09640
6250.0 4050.0 0.02769
6350.0 4050.0 -0.07702
50.0 4150.0 -0.05446
150.0 4150.0 -0.00850
250.0 4150.0 -0.01554
350.0 4150.0 -0.05523
450.0 4150.0 -0.07878
550.0 4150.0 -0.04807
650.0 4150.0 0.04458
750.0 4150.0 0.17592
850.0 4150.0 0.29988
950.0 4150.0 0.34315
1050.0 4150.0 0.26910
1150.0 4150.0 0.10381
1250.0 4150.0 -0.07645
1350.0 4150.0 -0.18406
1450.0 4150.0 -0.18509
1550.0 4150.0 -0.17297
1650.0 4150.0 -0.24807
1750.0 4150.0 -0.37439
1850.0 4150.0 -0.46361
1950.0 4150.0 -0.45065
2050.0 4150.0 -0.32877
2150.0 4150.0 -0.14396
2250.0 4150.0 0.03555
2350.0 4150.0 0.11589
2450.0 4150.0 0.06305
2550.0 4150.0 -0.07864
2650.0 4150.0 -0.21700
2750.0 4150.0 -0.25901
2850.0 4150.0 -0.17410
2950.0 4150.0 -0.02881
3050.0 4150.0 0.17570
3150.0 4150.0 0.37113
3250.0 4150.0 0.45579
3350.0 4150.0 0.39135
3450.0 4150.0 0.22726
3550.0 4150.0 0.05259
3650.0 4150.0 -0.10045
3750.0 4150.0 -0.19588
3850.0 4150.0 -0.19838
3950.0 4150.0 -0.12338
4050.0 4150.0 -0.02829
4150.0 4150.0 0.01596
4250.0 4150.0 -0.02707
4350.0 4150.0 -0.10435
4450.0 4150.0 -0.14631
4550.0 4150.0 -0.13423
4650.0 4150.0 -0.08196
4750.0 4150.0 -0.02497
4850.0 4150.0 -0.00238
4950.0 4150.0 -0.03179
5050.0 4150.0 -0.08305
5150.0 4150.0 -0.11859
5250.0 4150.0 -0.12298
5350.0 4150.0 -0.09670
5450.0 4150.0 -0.05680
5550.0 4150.0 -0.02885
5650.0 4150.0 -0.02984
5750.0 4150.0 -0.03968
5850.0 4150.0 0.00420
5950.0 4150.0 0.09392
6050.0 4150.0 0.16939
6150.0 4150.0 0.17844
6250.0 4150.0 0.10795
6350.0 4150.0 -0.01472
50.0 4250.0 0.00503
150.0 4250.0 0.04312
250.0 4250.0 0.00087
350.0 4250.0 -0.10080
450.0 4250.0 -0.19515
550.0 4250.0 -0.22173
650.0 4250.0 -0.15768
750.0 4250.0 -0.02827
850.0 4250.0 0.10826
950.0 4250.0 0.20022
1050.0 4250.0 0.21346
1150.0 4250.0 0.15194
1250.0 4250.0 0.06129
1350.0 4250.0 0.00577
1450.0 4250.0 0.01885
1550.0 4250.0 0.03311
1650.0 4250.0 -0.04705
1750.0 4250.0 -0.18718
1850.0 4250.0 -0.29515
1950.0 4250.0 -0.29946
2050.0 4250.0 -0.18761
2150.0 4250.0 -0.00441
2250.0 4250.0 0.17619
2350.0 4250.0 0.25824
2450.0 4250.0 0.20901
2550.0 4250.0 0.07343
2650.0 4250.0 -0.05714
2750.0 4250.0 -0.09150
2850.0 4250.0 -0.00051
2950.0 4250.0 0.14759
3050.0 4250.0 0.33836
3150.0 4250.0 0.49734
3250.0 4250.0 0.53033
3350.0 4250.0 0.41466
3450.0 4250.0 0.21562
3550.0 4250.0 0.02779
3650.0 4250.0 -0.12866
3750.0 4250.0 -0.21781
3850.0 4250.0 -0.20201
3950.0 4250.0 -0.10231
4050.0 4250.0 0.01485
4150.0 4250.0 0.07086
4250.0 4250.0 0.02764
4350.0 4250.0 -0.05421
4450.0 4250.0 -0.09943
4550.0 4250.0 -0.08806
4650.0 4250.0 -0.03405
4750.0 4250.0 0.02572
4850.0 4250.0 0.05006
4950.0 4250.0 0.02005
5050.0 4250.0 -0.03308
5150.0 4250.0 -0.07110
5250.0 4250.0 -0.07827
5350.0 4250.0 -0.05425
5450.0 4250.0 -0.01558
5550.0 4250.0 0.01208
5650.0 4250.0 0.01121
5750.0 4250.0 0.00191
5850.0 4250.0 0.05000
5950.0 4250.0 0.14817
6050.0 4250.0 0.23332
6150.0 4250.0 0.24966
6250.0 4250.0 0.18179
6350.0 4250.0 0.05731
50.0 4350.0 0.07251
150.0 4350.0 0.10012
250.0 4350.0 0.02768
350.0 4350.0 -0.12446
450.0 4350.0 -0.27731
550.0 4350.0 -0.35406
650.0 4350.0 -0.31981
750.0 4350.0 -0.20030
850.0 4350.0 -0.06135
950.0 4350.0 0.06732
1050.0 4350.0 0.15610
1150.0 4350.0 0.18959
1250.0 4350.0 0.18376
1350.0 4350.0 0.17825
1450.0 4350.0 0.20374
1550.0 4350.0 0.21916
1650.0 4350.0 0.13681
1750.0 4350.0 -0.01175
1850.0 4350.0 -0.13433
1950.0 4350.0 -0.15595
2050.0 4350.0 -0.05889
2150.0 4350.0 0.11498
2250.0 4350.0 0.29024
2350.0 4350.0 0.37724
2450.0 4350.0 0.34441
2550.0 4350.0 0.23019
2650.0 4350.0 0.11689
2750.0 4350.0 0.08880
2850.0 4350.0 0.17463
2950.0 4350.0 0.31161
3050.0 4350.0 0.47802
3150.0 4350.0 0.59895
3250.0 4350.0 0.58986
3350.0 4350.0 0.43968
3450.0 4350.0 0.22116
3550.0 4350.0 0.02795
3650.0 4350.0 -0.12929
3750.0 4350.0 -0.21768
3850.0 4350.0 -0.19735
3950.0 4350.0 -0.08863
4050.0 4350.0 0.04030
4150.0 4350.0 0.10740
4250.0 4350.0 0.07196
4350.0 4350.0 -0.00408
4450.0 4350.0 -0.04509
4550.0 4350.0 -0.03102
4650.0 4350.0 0.02561
4750.0 4350.0 0.08937
4850.0 4350.0 0.11971
4950.0 4350.0 0.09733
5050.0 4350.0 0.05154
5150.0 4350.0 0.01363
5250.0 4350.0 -0.00496
5350.0 4350.0 -0.00130
5450.0 4350.0 0.01546
5550.0 4350.0 0.02813
5650.0 4350.0 0.02336
5750.0 4350.0 0.01599
5850.0 4350.0 0.07039
5950.0 4350.0 0.18027
6050.0 4350.0 0.27947
6150.0 4350.0 0.30787
6250.0 4350.0 0.24691
6350.0 4350.0 0.12381
50.0 4450.0 0.19157
150.0 4450.0 0.19315
250.0 4450.0 0.09006
350.0 4450.0 -0.09631
450.0 4450.0 -0.28326
550.0 4450.0 -0.39047
650.0 4450.0 -0.38153
750.0 4450.0 -0.28346
850.0 4450.0 -0.16078
950.0 4450.0 -0.02458
1050.0 4450.0 0.10530
1150.0 4450.0 0.20501
1250.0 4450.0 0.26830
1350.0 4450.0 0.31013
1450.0 4450.0 0.35224
1550.0 4450.0 0.37489
1650.0 4450.0 0.29698
1750.0 4450.0 0.13903
1850.0 4450.0 -0.01347
1950.0 4450.0 -0.08062
2050.0 4450.0 -0.03041
2150.0 4450.0 0.10735
2250.0 4450.0 0.25825
2350.0 4450.0 0.35691
2450.0 4450.0 0.37551
2550.0 4450.0 0.32944
2650.0 4450.0 0.26940
2750.0 4450.0 0.25591
2850.0 4450.0 0.31654
2950.0 4450.0 0.41600
3050.0 4450.0 0.55086
3150.0 4450.0 0.65689
3250.0 4450.0 0.65383
3350.0 4450.0 0.52331
3450.0 4450.0 0.32241
3550.0 4450.0 0.13265
3650.0 4450.0 -0.03176
3750.0 4450.0 -0.14777
3850.0 4450.0 -0.17251
3950.0 4450.0 -0.10741
4050.0 4450.0 -0.00292
4150.0 4450.0 0.06560
4250.0 4450.0 0.05078
4350.0 4450.0 -0.00020
4450.0 4450.0 -0.02098
4550.0 4450.0 0.00937
4650.0 4450.0 0.08332
4750.0 4450.0 0.16977
4850.0 4450.0 0.22939
4950.0 4450.0 0.24073
5050.0 4450.0 0.22681
5150.0 4450.0 0.19265
5250.0 4450.0 0.13242
5350.0 4450.0 0.05839
5450.0 4450.0 -0.00981
5550.0 4450.0 -0.05569
5650.0 4450.0 -0.07542
5750.0 4450.0 -0.07524
5850.0 4450.0 -0.00189
5950.0 4450.0 0.13970
6050.0 4450.0 0.27443
6150.0 4450.0 0.33122
6250.0 4450.0 0.28465
6350.0 4450.0 0.16263
50.0 4550.0 0.30276
150.0 4550.0 0.26568
250.0 4550.0 0.14250
350.0 4550.0 -0.04248
450.0 4550.0 -0.21636
550.0 4550.0 -0.31484
650.0 4550.0 -0.31557
750.0 4550.0 -0.24753
850.0 4550.0 -0.16089
950.0 4550.0 -0.05656
1050.0 4550.0 0.05964
1150.0 4550.0 0.17158
1250.0 4550.0 0.26600
1350.0 4550.0 0.33954
1450.0 4550.0 0.39938
1550.0 4550.0 0.43641
1650.0 4550.0 0.37782
1750.0 4550.0 0.22616
1850.0 4550.0 0.04954
1950.0 4550.0 -0.07213
2050.0 4550.0 -0.08882
2150.0 4550.0 -0.01012
2250.0 4550.0 0.09726
2350.0 4550.0 0.20636
2450.0 4550.0 0.29449
2550.0 4550.0 0.34219
2650.0 4550.0 0.35290
2750.0 4550.0 0.35210
2850.0 4550.0 0.36615
2950.0 4550.0 0.40321
3050.0 4550.0 0.50062
3150.0 4550.0 0.61552
3250.0 4550.0 0.66639
3350.0 4550.0 0.60889
3450.0 4550.0 0.46202
3550.0 4550.0 0.28439
3650.0 4550.0 0.10753
3750.0 4550.0 -0.05697
3850.0 4550.0 -0.16119
3950.0 4550.0 -0.17353
4050.0 4550.0 -0.11322
4150.0 4550.0 -0.04346
4250.0 4550.0 -0.02302
4350.0 4550.0 -0.03159
4450.0 4550.0 -0.02470
4550.0 4550.0 0.01822
4650.0 4550.0 0.10195
4750.0 4550.0 0.20899
4850.0 4550.0 0.30749
4950.0 4550.0 0.37365
5050.0 4550.0 0.41591
5150.0 4550.0 0.39984
5250.0 4550.0 0.29342
5350.0 4550.0 0.11909
5450.0 4550.0 -0.06421
5550.0 4550.0 -0.19097
5650.0 4550.0 -0.23034
5750.0 4550.0 -0.21773
5850.0 4550.0 -0.11898
5950.0 4550.0 0.06068
6050.0 4550.0 0.23451
6150.0 4550.0 0.31926
6250.0 4550.0 0.28384
6350.0 4550.0 0.15930
50.0 4650.0 0.33632
150.0 4650.0 0.25908
250.0 4650.0 0.13391
350.0 4650.0 -0.01085
450.0 4650.0 -0.12382
550.0 4650.0 -0.17318
650.0 4650.0 -0.16323
750.0 4650.0 -0.12504
850.0 4650.0 -0.08391
950.0 4650.0 -0.04033
1050.0 4650.0 0.01430
1150.0 4650.0 0.08478
1250.0 4650.0 0.16693
1350.0 4650.0 0.24955
1450.0 4650.0 0.32371
1550.0 4650.0 0.37940
1650.0 4650.0 0.35652
1750.0 4650.0 0.23841
1850.0 4650.0 0.06645
1950.0 4650.0 -0.08929
2050.0 4650.0 -0.16608
2150.0 4650.0 -0.15105
2250.0 4650.0 -0.09519
2350.0 4650.0 0.01387
2450.0 4650.0 0.15776
2550.0 4650.0 0.28322
2650.0 4650.0 0.34871
2750.0 4650.0 0.34699
2850.0 4650.0 0.30400
2950.0 4650.0 0.27038
3050.0 4650.0 0.32957
3150.0 4650.0 0.46385
3250.0 4650.0 0.58797
3350.0 4650.0 0.62437
3450.0 4650.0 0.54556
3550.0 4650.0 0.38343
3650.0 4650.0 0.19336
3750.0 4650.0 -0.01877
3850.0 4650.0 -0.19757
3950.0 4650.0 -0.27767
4050.0 4650.0 -0.24898
4150.0 4650.0 -0.16619
4250.0 4650.0 -0.10225
4350.0 4650.0 -0.06368
4450.0 4650.0 -0.03680
4550.0 4650.0 -0.00447
4650.0 4650.0 0.05809
4750.0 4650.0 0.15885
4850.0 4650.0 0.28305
4950.0 4650.0 0.40641
5050.0 4650.0 0.51453
5150.0 4650.0 0.53580
5250.0 4650.0 0.41348
5350.0 4650.0 0.17301
5450.0 4650.0 -0.09650
5550.0 4650.0 -0.28672
5650.0 4650.0 -0.33970
5750.0 4650.0 -0.31355
5850.0 4650.0 -0.19451
5950.0 4650.0 0.00877
6050.0 4650.0 0.20072
6150.0 4650.0 0.29228
6250.0 4650.0 0.25324
6350.0 4650.0 0.12059
50.0 4750.0 0.26915
150.0 4750.0 0.16188
250.0 4750.0 0.04974
350.0 4750.0 -0.03509
450.0 4750.0 -0.06609
550.0 4750.0 -0.04786
650.0 4750.0 -0.01396
750.0 4750.0 0.00293
850.0 4750.0 0.00450
950.0 4750.0 -0.01484
1050.0 4750.0 -0.03558
1150.0 4750.0 -0.02916
1250.0 4750.0 0.01689
1350.0 4750.0 0.09215
1450.0 4750.0 0.17478
1550.0 4750.0 0.24820
1650.0 4750.0 0.26950
1750.0 4750.0 0.20778
1850.0 4750.0 0.07506
1950.0 4750.0 -0.07753
2050.0 4750.0 -0.18548
2150.0 4750.0 -0.21832
2250.0 4750.0 -0.20663
2350.0 4750.0 -0.11100
2450.0 4750.0 0.05187
2550.0 4750.0 0.20794
2650.0 4750.0 0.28896
2750.0 4750.0 0.26918
2850.0 4750.0 0.17528
2950.0 4750.0 0.08353
3050.0 4750.0 0.10910
3150.0 4750.0 0.25442
3250.0 4750.0 0.43238
3350.0 4750.0 0.54011
3450.0 4750.0 0.51365
3550.0 4750.0 0.36335
3650.0 4750.0 0.16409
3750.0 4750.0 -0.07426
3850.0 4750.0 -0.28746
3950.0 4750.0 -0.38903
4050.0 4750.0 -0.35529
4150.0 4750.0 -0.24284
4250.0 4750.0 -0.13808
4350.0 4750.0 -0.06257
4450.0 4750.0 -0.03363
4550.0 4750.0 -0.04065
4650.0 4750.0 -0.03512
4750.0 4750.0 0.02385
4850.0 4750.0 0.14607
4950.0 4750.0 0.30950
5050.0 4750.0 0.47346
5150.0 4750.0 0.54506
5250.0 4750.0 0.45351
5350.0 4750.0 0.21651
5450.0 4750.0 -0.06971
5550.0 4750.0 -0.27745
5650.0 4750.0 -0.33105
5750.0 4750.0 -0.29456
5850.0 4750.0 -0.16862
5950.0 4750.0 0.03192
6050.0 4750.0 0.20926
6150.0 4750.0 0.27854
6250.0 4750.0 0.21840
6350.0 4750.0 0.07333
50.0 4850.0 0.13510
150.0 4850.0 0.01413
250.0 4850.0 -0.08171
350.0 4850.0 -0.11791
450.0 4850.0 -0.08553
550.0 4850.0 -0.01446
650.0 4850.0 0.04174
750.0 4850.0 0.04965
850.0 4850.0 0.03008
950.0 4850.0 -0.02557
1050.0 4850.0 -0.09239
1150.0 4850.0 -0.12768
1250.0 4850.0 -0.10770
1350.0 4850.0 -0.04044
1450.0 4850.0 0.04565
1550.0 4850.0 0.13101
1650.0 4850.0 0.19195
1750.0 4850.0 0.19183
1850.0 4850.0 0.11910
1950.0 4850.0 0.00286
2050.0 4850.0 -0.10109
2150.0 4850.0 -0.15399
2250.0 4850.0 -0.16746
2350.0 4850.0 -0.09404
2450.0 4850.0 0.04842
2550.0 4850.0 0.18281
2650.0 4850.0 0.23860
2750.0 4850.0 0.18980
2850.0 4850.0 0.06469
2950.0 4850.0 -0.05836
3050.0 4850.0 -0.05888
3150.0 4850.0 0.07447
3250.0 4850.0 0.25803
3350.0 4850.0 0.38266
3450.0 4850.0 0.37122
3550.0 4850.0 0.22387
3650.0 4850.0 0.02209
3750.0 4850.0 -0.21214
3850.0 4850.0 -0.40619
3950.0 4850.0 -0.47171
4050.0 4850.0 -0.39243
4150.0 4850.0 -0.23820
4250.0 4850.0 -0.10502
4350.0 4850.0 -0.01235
4450.0 4850.0 0.00043
4550.0 4850.0 -0.06396
4650.0 4850.0 -0.13589
4750.0 4850.0 -0.14278
4850.0 4850.0 -0.04933
4950.0 4850.0 0.12675
5050.0 4850.0 0.32194
5150.0 4850.0 0.44297
5250.0 4850.0 0.41903
5350.0 4850.0 0.25179
5450.0 4850.0 0.02043
5550.0 4850.0 -0.15578
5650.0 4850.0 -0.19731
5750.0 4850.0 -0.15627
5850.0 4850.0 -0.03767
5950.0 4850.0 0.13660
6050.0 4850.0 0.27323
6150.0 4850.0 0.29959
6250.0 4850.0 0.20811
6350.0 4850.0 0.05007
50.0 4950.0 -0.01126
150.0 4950.0 -0.13308
250.0 4950.0 -0.21889
350.0 4950.0 -0.23355
450.0 4950.0 -0.17463
550.0 4950.0 -0.08115
650.0 4950.0 -0.01367
750.0 4950.0 -0.00568
850.0 4950.0 -0.02814
950.0 4950.0 -0.08643
1050.0 4950.0 -0.15452
1150.0 4950.0 -0.18906
1250.0 4950.0 -0.16679
1350.0 4950.0 -0.09712
1450.0 4950.0 -0.00964
1550.0 4950.0 0.08128
1650.0 4950.0 0.17059
1750.0 4950.0 0.22285
1850.0 4950.0 0.21165
1950.0 4950.0 0.14661
2050.0 4950.0 0.06950
2150.0 4950.0 0.01941
2250.0 4950.0 -0.00124
2350.0 4950.0 0.04849
2450.0 4950.0 0.14788
2550.0 4950.0 0.22945
2650.0 4950.0 0.23741
2750.0 4950.0 0.15800
2850.0 4950.0 0.02135
2950.0 4950.0 -0.10907
3050.0 4950.0 -0.12970
3150.0 4950.0 -0.03048
3250.0 4950.0 0.11353
3350.0 4950.0 0.20459
3450.0 4950.0 0.17367
3550.0 4950.0 0.02106
3650.0 4950.0 -0.17790
3750.0 4950.0 -0.38588
3850.0 4950.0 -0.52335
3950.0 4950.0 -0.51476
4050.0 4950.0 -0.36589
4150.0 4950.0 -0.16657
4250.0 4950.0 -0.01815
4350.0 4950.0 0.07474
4450.0 4950.0 0.06149
4550.0 4950.0 -0.06251
4650.0 4950.0 -0.21218
4750.0 4950.0 -0.28986
4850.0 4950.0 -0.23876
4950.0 4950.0 -0.07153
5050.0 4950.0 0.13194
5150.0 4950.0 0.29243
5250.0 4950.0 0.34890
5350.0 4950.0 0.28422
5450.0 4950.0 0.14700
5550.0 4950.0 0.03039
5650.0 4950.0 0.00746
5750.0 4950.0 0.04820
5850.0 4950.0 0.15134
5950.0 4950.0 0.28884
6050.0 4950.0 0.37545
6150.0 4950.0 0.35374
6250.0 4950.0 0.23041
6350.0 4950.0 0.06170
50.0 5050.0 -0.12433
150.0 5050.0 -0.24117
250.0 5050.0 -0.31814
350.0 5050.0 -0.32273
450.0 5050.0 -0.25685
550.0 5050.0 -0.16200
650.0 5050.0 -0.09802
750.0 5050.0 -0.09557
850.0 5050.0 -0.12251
950.0 5050.0 -0.17865
1050.0 5050.0 -0.23533
1150.0 5050.0 -0.25165
1250.0 5050.0 -0.21052
1350.0 5050.0 -0.12810
1450.0 5050.0 -0.03637
1550.0 5050.0 0.06024
1650.0 5050.0 0.17580
1750.0 5050.0 0.27624
1850.0 5050.0 0.32201
1950.0 5050.0 0.30510
2050.0 5050.0 0.25431
2150.0 5050.0 0.20864
2250.0 5050.0 0.18159
2350.0 5050.0 0.20185
2450.0 5050.0 0.24804
2550.0 5050.0 0.26875
2650.0 5050.0 0.22810
2750.0 5050.0 0.12554
2850.0 5050.0 -0.01003
2950.0 5050.0 -0.13491
3050.0 5050.0 -0.16781
3150.0 5050.0 -0.10237
3250.0 5050.0 -0.00311
3350.0 5050.0 0.04847
3450.0 5050.0 -0.00304
3550.0 5050.0 -0.15497
3650.0 5050.0 -0.34227
3750.0 5050.0 -0.51566
3850.0 5050.0 -0.59168
3950.0 5050.0 -0.50964
4050.0 5050.0 -0.29646
4150.0 5050.0 -0.05819
4250.0 5050.0 0.10212
4350.0 5050.0 0.19453
4450.0 5050.0 0.16046
4550.0 5050.0 -0.01315
4650.0 5050.0 -0.23161
4750.0 5050.0 -0.37740
4850.0 5050.0 -0.37384
4950.0 5050.0 -0.22608
5050.0 5050.0 -0.02674
5150.0 5050.0 0.15878
5250.0 5050.0 0.28252
5350.0 5050.0 0.31353
5450.0 5050.0 0.27134
5550.0 5050.0 0.21984
5650.0 5050.0 0.22060
5750.0 5050.0 0.26484
5850.0 5050.0 0.35829
5950.0 5050.0 0.46672
6050.0 5050.0 0.51107
6150.0 5050.0 0.44715
6250.0 5050.0 0.29510
6350.0 5050.0 0.11672
50.0 5150.0 -0.12918
150.0 5150.0 -0.22800
250.0 5150.0 -0.28938
350.0 5150.0 -0.29356
450.0 5150.0 -0.25017
550.0 5150.0 -0.19530
650.0 5150.0 -0.17295
750.0 5150.0 -0.20109
850.0 5150.0 -0.25222
950.0 5150.0 -0.31941
1050.0 5150.0 -0.36342
1150.0 5150.0 -0.34408
1250.0 5150.0 -0.25791
1350.0 5150.0 -0.14061
1450.0 5150.0 -0.03457
1550.0 5150.0 0.07256
1650.0 5150.0 0.21395
1750.0 5150.0 0.35267
1850.0 5150.0 0.43632
1950.0 5150.0 0.44465
2050.0 5150.0 0.40131
2150.0 5150.0 0.34956
2250.0 5150.0 0.30655
2350.0 5150.0 0.27984
2450.0 5150.0 0.25662
2550.0 5150.0 0.21478
2650.0 5150.0 0.14312
2750.0 5150.0 0.04780
2850.0 5150.0 -0.05490
2950.0 5150.0 -0.14499
3050.0 5150.0 -0.16662
3150.0 5150.0 -0.11841
3250.0 5150.0 -0.05122
3350.0 5150.0 -0.02503
3450.0 5150.0 -0.07714
3550.0 5150.0 -0.20147
3650.0 5150.0 -0.34967
3750.0 5150.0 -0.47694
3850.0 5150.0 -0.50587
3950.0 5150.0 -0.38661
4050.0 5150.0 -0.15125
4150.0 5150.0 0.09783
4250.0 5150.0 0.26619
4350.0 5150.0 0.36777
4450.0 5150.0 0.33978
4550.0 5150.0 0.15702
4650.0 5150.0 -0.09402
4750.0 5150.0 -0.29118
4850.0 5150.0 -0.34173
4950.0 5150.0 -0.23548
5050.0 5150.0 -0.06843
5150.0 5150.0 0.09726
5250.0 5150.0 0.23182
5350.0 5150.0 0.31011
5450.0 5150.0 0.33772
5550.0 5150.0 0.35077
5650.0 5150.0 0.38863
5750.0 5150.0 0.45325
5850.0 5150.0 0.56183
5950.0 5150.0 0.67298
6050.0 5150.0 0.70511
6150.0 5150.0 0.61958
6250.0 5150.0 0.44780
6350.0 5150.0 0.26088
50.0 5250.0 -0.03259
150.0 5250.0 -0.09944
250.0 5250.0 -0.13227
350.0 5250.0 -0.13376
450.0 5250.0 -0.12768
550.0 5250.0 -0.14128
650.0 5250.0 -0.19123
750.0 5250.0 -0.27304
850.0 5250.0 -0.36868
950.0 5250.0 -0.46581
1050.0 5250.0 -0.50714
1150.0 5250.0 -0.44868
1250.0 5250.0 -0.30357
1350.0 5250.0 -0.13639
1450.0 5250.0 -0.00769
1550.0 5250.0 0.11362
1650.0 5250.0 0.27412
1750.0 5250.0 0.42921
1850.0 5250.0 0.51711
1950.0 5250.0 0.51522
2050.0 5250.0 0.45329
2150.0 5250.0 0.38344
2250.0 5250.0 0.31637
2350.0 5250.0 0.23390
2450.0 5250.0 0.14188
2550.0 5250.0 0.05621
2650.0 5250.0 -0.01119
2750.0 5250.0 -0.05887
2850.0 5250.0 -0.09499
2950.0 5250.0 -0.12183
3050.0 5250.0 -0.11003
3150.0 5250.0 -0.06468
3250.0 5250.0 -0.01936
3350.0 5250.0 -0.00681
3450.0 5250.0 -0.04117
3550.0 5250.0 -0.11191
3650.0 5250.0 -0.19530
3750.0 5250.0 -0.27365
3850.0 5250.0 -0.28730
3950.0 5250.0 -0.18885
4050.0 5250.0 0.00691
4150.0 5250.0 0.22660
4250.0 5250.0 0.39575
4350.0 5250.0 0.51674
4450.0 5250.0 0.52835
4550.0 5250.0 0.39152
4650.0 5250.0 0.16340
4750.0 5250.0 -0.05018
4850.0 5250.0 -0.14964
4950.0 5250.0 -0.10303
5050.0 5250.0 0.00352
5150.0 5250.0 0.09880
5250.0 5250.0 0.17399
5350.0 5250.0 0.23253
5450.0 5250.0 0.28684
5550.0 5250.0 0.35212
5650.0 5250.0 0.43660
5750.0 5250.0 0.53805
5850.0 5250.0 0.68657
5950.0 5250.0 0.83272
6050.0 5250.0 0.88361
6150.0 5250.0 0.79812
6250.0 5250.0 0.61636
6350.0 5250.0 0.42233
50.0 5350.0 0.09534
150.0 5350.0 0.06716
250.0 5350.0 0.07601
350.0 5350.0 0.09349
450.0 5350.0 0.07524
550.0 5350.0 -0.00158
650.0 5350.0 -0.12632
750.0 5350.0 -0.26847
850.0 5350.0 -0.41742
950.0 5350.0 -0.55920
1050.0 5350.0 -0.61632
1150.0 5350.0 -0.53532
1250.0 5350.0 -0.34163
1350.0 5350.0 -0.12784
1450.0 5350.0 0.02466
1550.0 5350.0 0.16012
1650.0 5350.0 0.32894
1750.0 5350.0 0.47629
1850.0 5350.0 0.53646
1950.0 5350.0 0.49414
2050.0 5350.0 0.39414
2150.0 5350.0 0.29946
2250.0 5350.0 0.20704
2350.0 5350.0 0.07650
2450.0 5350.0 -0.06244
2550.0 5350.0 -0.15827
2650.0 5350.0 -0.18473
2750.0 5350.0 -0.15594
2850.0 5350.0 -0.10969
2950.0 5350.0 -0.06305
3050.0 5350.0 -0.01087
3150.0 5350.0 0.03456
3250.0 5350.0 0.05879
3350.0 5350.0 0.05937
3450.0 5350.0 0.04788
3550.0 5350.0 0.03980
3650.0 5350.0 0.02919
3750.0 5350.0 -0.01041
3850.0 5350.0 -0.04376
3950.0 5350.0 -0.01712
4050.0 5350.0 0.08934
4150.0 5350.0 0.24826
4250.0 5350.0 0.41093
4350.0 5350.0 0.55612
4450.0 5350.0 0.62910
4550.0 5350.0 0.57875
4650.0 5350.0 0.42032
4750.0 5350.0 0.22751
4850.0 5350.0 0.09639
4950.0 5350.0 0.08120
5050.0 5350.0 0.11610
5150.0 5350.0 0.11356
5250.0 5350.0 0.08400
5350.0 5350.0 0.07235
5450.0 5350.0 0.11336
5550.0 5350.0 0.21087
5650.0 5350.0 0.34068
5750.0 5350.0 0.48496
5850.0 5350.0 0.68317
5950.0 5350.0 0.87769
6050.0 5350.0 0.96079
6150.0 5350.0 0.88525
6250.0 5350.0 0.69841
6350.0 5350.0 0.49821
50.0 5450.0 0.16894
150.0 5450.0 0.17530
250.0 5450.0 0.23160
350.0 5450.0 0.28862
450.0 5450.0 0.27853
550.0 5450.0 0.17343
650.0 5450.0 0.00008
750.0 5450.0 -0.18934
850.0 5450.0 -0.38427
950.0 5450.0 -0.57305
1050.0 5450.0 -0.66206
1150.0 5450.0 -0.58507
1250.0 5450.0 -0.37071
1350.0 5450.0 -0.12940
1450.0 5450.0 0.04041
1550.0 5450.0 0.18642
1650.0 5450.0 0.35497
1750.0 5450.0 0.48206
1850.0 5450.0 0.50231
1950.0 5450.0 0.41167
2050.0 5450.0 0.27152
2150.0 5450.0 0.15426
2250.0 5450.0 0.04249
2350.0 5450.0 -0.11681
2450.0 5450.0 -0.27269
2550.0 5450.0 -0.34970
2650.0 5450.0 -0.31806
2750.0 5450.0 -0.21159
2850.0 5450.0 -0.09351
2950.0 5450.0 0.01340
3050.0 5450.0 0.09422
3150.0 5450.0 0.12990
3250.0 5450.0 0.12431
3350.0 5450.0 0.10388
3450.0 5450.0 0.10465
3550.0 5450.0 0.14675
3650.0 5450.0 0.19516
3750.0 5450.0 0.17739
3850.0 5450.0 0.10622
3950.0 5450.0 0.04589
4050.0 5450.0 0.05334
4150.0 5450.0 0.14650
4250.0 5450.0 0.29955
4350.0 5450.0 0.46575
4450.0 5450.0 0.59809
4550.0 5450.0 0.63765
4650.0 5450.0 0.56058
4750.0 5450.0 0.40676
4850.0 5450.0 0.26304
4950.0 5450.0 0.20060
5050.0 5450.0 0.17549
5150.0 5450.0 0.08578
5250.0 5450.0 -0.04406
5350.0 5450.0 -0.13157
5450.0 5450.0 -0.11810
5550.0 5450.0 -0.00444
5650.0 5450.0 0.15974
5750.0 5450.0 0.33929
5850.0 5450.0 0.57684
5950.0 5450.0 0.80721
6050.0 5450.0 0.91132
6150.0 5450.0 0.83865
6250.0 5450.0 0.64409
6350.0 5450.0 0.43766
50.0 5550.0 0.13110
150.0 5550.0 0.15904
250.0 5550.0 0.25769
350.0 5550.0 0.36737
450.0 5550.0 0.39931
550.0 5550.0 0.31137
650.0 5550.0 0.13008
750.0 5550.0 -0.08074
850.0 5550.0 -0.30185
950.0 5550.0 -0.52582
1050.0 5550.0 -0.65113
1150.0 5550.0 -0.59968
1250.0 5550.0 -0.39459
1350.0 5550.0 -0.15015
1450.0 5550.0 0.02631
1550.0 5550.0 0.17767
1650.0 5550.0 0.34461
1750.0 5550.0 0.45813
1850.0 5550.0 0.45376
1950.0 5550.0 0.33448
2050.0 5550.0 0.17129
2150.0 5550.0 0.04165
2250.0 5550.0 -0.07936
2350.0 5550.0 -0.24731
2450.0 5550.0 -0.39906
2550.0 5550.0 -0.44985
2650.0 5550.0 -0.37301
2750.0 5550.0 -0.21685
2850.0 5550.0 -0.05860
2950.0 5550.0 0.07875
3050.0 5550.0 0.16397
3150.0 5550.0 0.17258
3250.0 5550.0 0.12362
3350.0 5550.0 0.06729
3450.0 5550.0 0.05960
3550.0 5550.0 0.12438
3650.0 5550.0 0.20355
3750.0 5550.0 0.19349
3850.0 5550.0 0.09424
3950.0 5550.0 -0.02246
4050.0 5550.0 -0.07684
4150.0 5550.0 -0.02429
4250.0 5550.0 0.12207
4350.0 5550.0 0.29969
4450.0 5550.0 0.46598
4550.0 5550.0 0.55856
4650.0 5550.0 0.53155
4750.0 5550.0 0.40481
4850.0 5550.0 0.25845
4950.0 5550.0 0.17213
5050.0 5550.0 0.11554
5150.0 5550.0 -0.01756
5250.0 5550.0 -0.19432
5350.0 5550.0 -0.31386
5450.0 5550.0 -0.30735
5550.0 5550.0 -0.18024
5650.0 5550.0 0.00363
5750.0 5550.0 0.20128
5850.0 5550.0 0.45300
5950.0 5550.0 0.68717
6050.0 5550.0 0.78213
6150.0 5550.0 0.69180
6250.0 5550.0 0.48065
6350.0 5550.0 0.26692
50.0 5650.0 -0.00620
150.0 5650.0 0.03024
250.0 5650.0 0.16083
350.0 5650.0 0.32485
450.0 5650.0 0.41779
550.0 5650.0 0.37850
650.0 5650.0 0.22111
750.0 5650.0 0.01168
850.0 5650.0 -0.21635
950.0 5650.0 -0.45924
1050.0 5650.0 -0.61494
1150.0 5650.0 -0.59688
1250.0 5650.0 -0.41836
1350.0 5650.0 -0.18750
1450.0 5650.0 -0.01296
1550.0 5650.0 0.13986
1650.0 5650.0 0.30959
1750.0 5650.0 0.42664
1850.0 5650.0 0.42517
1950.0 5650.0 0.30716
2050.0 5650.0 0.14356
2150.0 5650.0 0.01258
2250.0 5650.0 -0.10944
2350.0 5650.0 -0.27475
2450.0 5650.0 -0.41751
2550.0 5650.0 -0.45339
2650.0 5650.0 -0.35943
2750.0 5650.0 -0.18906
2850.0 5650.0 -0.02234
2950.0 5650.0 0.11790
3050.0 5650.0 0.18584
3150.0 5650.0 0.15288
3250.0 5650.0 0.04998
3350.0 5650.0 -0.05429
3450.0 5650.0 -0.08856
3550.0 5650.0 -0.02632
3650.0 5650.0 0.05838
3750.0 5650.0 0.05053
3850.0 5650.0 -0.05199
3950.0 5650.0 -0.17650
4050.0 5650.0 -0.23986
4150.0 5650.0 -0.19329
4250.0 5650.0 -0.04778
4350.0 5650.0 0.13163
4450.0 5650.0 0.30188
4550.0 5650.0 0.39942
4650.0 5650.0 0.37554
4750.0 5650.0 0.24829
4850.0 5650.0 0.09811
4950.0 5650.0 0.00658
5050.0 5650.0 -0.05447
5150.0 5650.0 -0.18431
5250.0 5650.0 -0.34516
5350.0 5650.0 -0.43851
5450.0 5650.0 -0.40344
5550.0 5650.0 -0.25490
5650.0 5650.0 -0.06171
5750.0 5650.0 0.13811
5850.0 5650.0 0.38021
5950.0 5650.0 0.58739
6050.0 5650.0 0.64381
6150.0 5650.0 0.51539
6250.0 5650.0 0.27855
6350.0 5650.0 0.05625
50.0 5750.0 -0.14815
150.0 5750.0 -0.11111
250.0 5750.0 0.04348
350.0 5750.0 0.25761
450.0 5750.0 0.41371
550.0 5750.0 0.43064
650.0 5750.0 0.30595
750.0 5750.0 0.10420
850.0 5750.0 -0.12546
950.0 5750.0 -0.38296
1050.0 5750.0 -0.56878
1150.0 5750.0 -0.58965
1250.0 5750.0 -0.44743
1350.0 5750.0 -0.24000
1450.0 5750.0 -0.07409
1550.0 5750.0 0.07579
1650.0 5750.0 0.25012
1750.0 5750.0 0.38205
1850.0 5750.0 0.40267
1950.0 5750.0 0.30696
2050.0 5750.0 0.15855
2150.0 5750.0 0.03313
2250.0 5750.0 -0.08561
2350.0 5750.0 -0.24356
2450.0 5750.0 -0.37748
2550.0 5750.0 -0.40803
2650.0 5750.0 -0.31520
2750.0 5750.0 -0.15162
2850.0 5750.0 0.00603
2950.0 5750.0 0.13441
3050.0 5750.0 0.17481
3150.0 5750.0 0.09722
3250.0 5750.0 -0.05664
3350.0 5750.0 -0.20424
3450.0 5750.0 -0.26439
3550.0 5750.0 -0.21067
3650.0 5750.0 -0.12844
3750.0 5750.0 -0.13674
3850.0 5750.0 -0.23757
3950.0 5750.0 -0.35979
4050.0 5750.0 -0.42203
4150.0 5750.0 -0.37670
4250.0 5750.0 -0.23462
4350.0 5750.0 -0.05914
4450.0 5750.0 0.10921
4550.0 5750.0 0.20815
4650.0 5750.0 0.18832
4750.0 5750.0 0.06572
4850.0 5750.0 -0.08166
4950.0 5750.0 -0.17353
5050.0 5750.0 -0.23482
5150.0 5750.0 -0.35240
5250.0 5750.0 -0.48567
5350.0 5750.0 -0.54480
5450.0 5750.0 -0.48107
5550.0 5750.0 -0.31853
5650.0 5750.0 -0.12694
5750.0 5750.0 0.06396
5850.0 5750.0 0.28750
5950.0 5750.0 0.46517
6050.0 5750.0 0.48901
6150.0 5750.0 0.33440
6250.0 5750.0 0.08357
6350.0 5750.0 -0.14127
50.0 5850.0 -0.21463
150.0 5850.0 -0.19707
250.0 5850.0 -0.04223
350.0 5850.0 0.20095
450.0 5850.0 0.40883
550.0 5850.0 0.48166
650.0 5850.0 0.39529
750.0 5850.0 0.20620
850.0 5850.0 -0.02024
950.0 5850.0 -0.28597
1050.0 5850.0 -0.49978
1150.0 5850.0 -0.56707
1250.0 5850.0 -0.47808
1350.0 5850.0 -0.31468
1450.0 5850.0 -0.17550
1550.0 5850.0 -0.04363
1650.0 5850.0 0.13080
1750.0 5850.0 0.29212
1850.0 5850.0 0.36765
1950.0 5850.0 0.33451
2050.0 5850.0 0.23337
2150.0 5850.0 0.12880
2250.0 5850.0 0.02401
2350.0 5850.0 -0.11180
2450.0 5850.0 -0.22977
2550.0 5850.0 -0.26811
2650.0 5850.0 -0.21074
2750.0 5850.0 -0.09792
2850.0 5850.0 0.01105
2950.0 5850.0 0.09393
3050.0 5850.0 0.08844
3150.0 5850.0 -0.02685
3250.0 5850.0 -0.20282
3350.0 5850.0 -0.35822
3450.0 5850.0 -0.42177
3550.0 5850.0 -0.37742
3650.0 5850.0 -0.30779
3750.0 5850.0 -0.32361
3850.0 5850.0 -0.42745
3950.0 5850.0 -0.55276
4050.0 5850.0 -0.62265
4150.0 5850.0 -0.59136
4250.0 5850.0 -0.46824
4350.0 5850.0 -0.31088
4450.0 5850.0 -0.14250
4550.0 5850.0 -0.01687
4650.0 5850.0 0.00886
4750.0 5850.0 -0.06722
4850.0 5850.0 -0.18604
4950.0 5850.0 -0.27516
5050.0 5850.0 -0.34312
5150.0 5850.0 -0.45384
5250.0 5850.0 -0.56955
5350.0 5850.0 -0.61559
5450.0 5850.0 -0.55579
5550.0 5850.0 -0.41681
5650.0 5850.0 -0.26114
5750.0 5850.0 -0.10893
5850.0 5850.0 0.08039
5950.0 5850.0 0.24243
6050.0 5850.0 0.27851
6150.0 5850.0 0.15824
6250.0 5850.0 -0.05531
6350.0 5850.0 -0.25878
50.0 5950.0 -0.18176
150.0 5950.0 -0.20547
250.0 5950.0 -0.08261
350.0 5950.0 0.15313
450.0 5950.0 0.38324
550.0 5950.0 0.49621
650.0 5950.0 0.44530
750.0 5950.0 0.27212
850.0 5950.0 0.05574
950.0 5950.0 -0.20091
1050.0 5950.0 -0.42008
1150.0 5950.0 -0.51660
1250.0 5950.0 -0.47654
1350.0 5950.0 -0.36586
1450.0 5950.0 -0.26901
1550.0 5950.0 -0.17211
1650.0 5950.0 -0.01293
1750.0 5950.0 0.17158
1850.0 5950.0 0.30962
1950.0 5950.0 0.35736
2050.0 5950.0 0.32295
2150.0 5950.0 0.25165
2250.0 5950.0 0.17239
2350.0 5950.0 0.07917
2450.0 5950.0 -0.00473
2550.0 5950.0 -0.05051
2650.0 5950.0 -0.05121
2750.0 5950.0 -0.02643
2850.0 5950.0 -0.00432
2950.0 5950.0 0.00011
3050.0 5950.0 -0.06260
3150.0 5950.0 -0.19407
3250.0 5950.0 -0.34472
3350.0 5950.0 -0.45566
3450.0 5950.0 -0.48999
3550.0 5950.0 -0.45329
3650.0 5950.0 -0.40601
3750.0 5950.0 -0.43301
3850.0 5950.0 -0.53733
3950.0 5950.0 -0.66191
4050.0 5950.0 -0.73982
4150.0 5950.0 -0.73031
4250.0 5950.0 -0.64038
4350.0 5950.0 -0.51619
4450.0 5950.0 -0.35230
4550.0 5950.0 -0.18834
4650.0 5950.0 -0.09315
4750.0 5950.0 -0.09706
4850.0 5950.0 -0.17173
4950.0 5950.0 -0.25803
5050.0 5950.0 -0.33888
5150.0 5950.0 -0.44542
5250.0 5950.0 -0.54760
5350.0 5950.0 -0.59384
5450.0 5950.0 -0.56336
5550.0 5950.0 -0.48106
5650.0 5950.0 -0.39447
5750.0 5950.0 -0.31117
5850.0 5950.0 -0.17418
5950.0 5950.0 -0.01900
6050.0 5950.0 0.06758
6150.0 5950.0 0.03612
6250.0 5950.0 -0.09272
6350.0 5950.0 -0.25208
50.0 6050.0 -0.07962
150.0 6050.0 -0.15519
250.0 6050.0 -0.08771
350.0 6050.0 0.10639
450.0 6050.0 0.32341
550.0 6050.0 0.45013
650.0 6050.0 0.42231
750.0 6050.0 0.26400
850.0 6050.0 0.06289
950.0 6050.0 -0.16365
1050.0 6050.0 -0.35239
1150.0 6050.0 -0.43895
1250.0 6050.0 -0.41809
1350.0 6050.0 -0.34758
1450.0 6050.0 -0.29567
1550.0 6050.0 -0.24270
1650.0 6050.0 -0.11892
1750.0 6050.0 0.05897
1850.0 6050.0 0.22900
1950.0 6050.0 0.33544
2050.0 6050.0 0.35835
2150.0 6050.0 0.32122
2250.0 6050.0 0.27310
2350.0 6050.0 0.23771
2450.0 6050.0 0.20932
2550.0 6050.0 0.17407
2650.0 6050.0 0.12231
2750.0 6050.0 0.05387
2850.0 6050.0 -0.02348
2950.0 6050.0 -0.10902
3050.0 6050.0 -0.22400
3150.0 6050.0 -0.34415
3250.0 6050.0 -0.42695
3350.0 6050.0 -0.45144
3450.0 6050.0 -0.43079
3550.0 6050.0 -0.39763
3650.0 6050.0 -0.37590
3750.0 6050.0 -0.41095
3850.0 6050.0 -0.50522
3950.0 6050.0 -0.61539
4050.0 6050.0 -0.69039
4150.0 6050.0 -0.69883
4250.0 6050.0 -0.64576
4350.0 6050.0 -0.56159
4450.0 6050.0 -0.41245
4550.0 6050.0 -0.22385
4650.0 6050.0 -0.07350
4750.0 6050.0 -0.01704
4850.0 6050.0 -0.05514
4950.0 6050.0 -0.14257
5050.0 6050.0 -0.23843
5150.0 6050.0 -0.33820
5250.0 6050.0 -0.42041
5350.0 6050.0 -0.46149
5450.0 6050.0 -0.46040
5550.0 6050.0 -0.44140
5650.0 6050.0 -0.43490
5750.0 6050.0 -0.43256
5850.0 6050.0 -0.35798
5950.0 6050.0 -0.21311
6050.0 6050.0 -0.07026
6150.0 6050.0 -0.00034
6250.0 6050.0 -0.03160
6350.0 6050.0 -0.13979
50.0 6150.0 0.02348
150.0 6150.0 -0.09768
250.0 6150.0 -0.08723
350.0 6150.0 0.05257
450.0 6150.0 0.23562
550.0 6150.0 0.35433
650.0 6150.0 0.33507
750.0 6150.0 0.18704
850.0 6150.0 0.00187
950.0 6150.0 -0.18183
1050.0 6150.0 -0.31191
1150.0 6150.0 -0.35019
1250.0 6150.0 -0.31099
1350.0 6150.0 -0.25470
1450.0 6150.0 -0.23628
1550.0 6150.0 -0.22337
1650.0 6150.0 -0.14840
1750.0 6150.0 -0.01291
1850.0 6150.0 0.13897
1950.0 6150.0 0.25532
2050.0 6150.0 0.30357
2150.0 6150.0 0.28982
2250.0 6150.0 0.26951
2350.0 6150.0 0.29352
2450.0 6150.0 0.33317
2550.0 6150.0 0.33331
2650.0 6150.0 0.26215
2750.0 6150.0 0.12928
2850.0 6150.0 -0.02821
2950.0 6150.0 -0.18804
3050.0 6150.0 -0.33734
3150.0 6150.0 -0.42846
3250.0 6150.0 -0.42968
3350.0 6150.0 -0.35941
3450.0 6150.0 -0.27924
3550.0 6150.0 -0.24557
3650.0 6150.0 -0.24445
3750.0 6150.0 -0.27960
3850.0 6150.0 -0.35150
3950.0 6150.0 -0.43179
4050.0 6150.0 -0.48817
4150.0 6150.0 -0.50175
4250.0 6150.0 -0.47691
4350.0 6150.0 -0.42778
4450.0 6150.0 -0.30339
4550.0 6150.0 -0.12062
4650.0 6150.0 0.04173
4750.0 6150.0 0.11724
4850.0 6150.0 0.08999
4950.0 6150.0 -0.00419
5050.0 6150.0 -0.11196
5150.0 6150.0 -0.19877
5250.0 6150.0 -0.24808
5350.0 6150.0 -0.26365
5450.0 6150.0 -0.26748
5550.0 6150.0 -0.28905
5650.0 6150.0 -0.34599
5750.0 6150.0 -0.41226
5850.0 6150.0 -0.39668
5950.0 6150.0 -0.27544
6050.0 6150.0 -0.10526
6150.0 6150.0 0.03098
6250.0 6150.0 0.06943
6350.0 6150.0 0.00033
50.0 6250.0 0.05639
150.0 6250.0 -0.09033
250.0 6250.0 -0.11508
350.0 6250.0 -0.01262
450.0 6250.0 0.14264
550.0 6250.0 0.24901
650.0 6250.0 0.22996
750.0 6250.0 0.08659
850.0 6250.0 -0.08702
950.0 6250.0 -0.23112
1050.0 6250.0 -0.29852
1150.0 6250.0 -0.27338
1250.0 6250.0 -0.19209
1350.0 6250.0 -0.12527
1450.0 6250.0 -0.12103
1550.0 6250.0 -0.13329
1650.0 6250.0 -0.10577
1750.0 6250.0 -0.03382
1850.0 6250.0 0.05862
1950.0 6250.0 0.13694
2050.0 6250.0 0.17379
2150.0 6250.0 0.16685
2250.0 6250.0 0.16371
2350.0 6250.0 0.23364
2450.0 6250.0 0.33737
2550.0 6250.0 0.39042
2650.0 6250.0 0.33863
2750.0 6250.0 0.18848
2850.0 6250.0 -0.00810
2950.0 6250.0 -0.20748
3050.0 6250.0 -0.37019
3150.0 6250.0 -0.43497
3250.0 6250.0 -0.37859
3350.0 6250.0 -0.24496
3450.0 6250.0 -0.12527
3550.0 6250.0 -0.08942
3650.0 6250.0 -0.09842
3750.0 6250.0 -0.12538
3850.0 6250.0 -0.16791
3950.0 6250.0 -0.21001
4050.0 6250.0 -0.23625
4150.0 6250.0 -0.24029
4250.0 6250.0 -0.22735
4350.0 6250.0 -0.19897
4450.0 6250.0 -0.10326
4550.0 6250.0 0.04360
4650.0 6250.0 0.17004
4750.0 6250.0 0.21675
4850.0 6250.0 0.17083
4950.0 6250.0 0.06586
5050.0 6250.0 -0.04719
5150.0 6250.0 -0.11468
5250.0 6250.0 -0.11898
5350.0 6250.0 -0.08502
5450.0 6250.0 -0.05815
5550.0 6250.0 -0.08039
5650.0 6250.0 -0.16525
5750.0 6250.0 -0.26971
5850.0 6250.0 -0.29781
5950.0 6250.0 -0.21596
6050.0 6250.0 -0.06643
6150.0 6250.0 0.07220
6250.0 6250.0 0.12661
6350.0 6250.0 0.07173
50.0 6350.0 0.00000
150.0 6350.0 -0.15155
250.0 6350.0 -0.18278
350.0 6350.0 -0.08699
450.0 6350.0 0.06351
550.0 6350.0 0.16800
650.0 6350.0 0.14925
750.0 6350.0 0.00683
850.0 6350.0 -0.16126
950.0 6350.0 -0.27916
1050.0 6350.0 -0.29943
1150.0 6350.0 -0.21977
1250.0 6350.0 -0.09382
1350.0 6350.0 -0.00423
1450.0 6350.0 0.00186
1550.0 6350.0 -0.01964
1650.0 6350.0 -0.02806
1750.0 6350.0 -0.02019
1850.0 6350.0 -0.00264
1950.0 6350.0 0.01282
2050.0 6350.0 0.01527
2150.0 6350.0 0.00213
2250.0 6350.0 0.00514
2350.0 6350.0 0.10286
2450.0 6350.0 0.25652
2550.0 6350.0 0.36640
2650.0 6350.0 0.35977
2750.0 6350.0 0.23083
2850.0 6350.0 0.03284
2950.0 6350.0 -0.17375
3050.0 6350.0 -0.33658
3150.0 6350.0 -0.39135
3250.0 6350.0 -0.31773
3350.0 6350.0 -0.16636
3450.0 6350.0 -0.03573
3550.0 6350.0 0.00142
3650.0 6350.0 -0.00807
3750.0 6350.0 -0.02217
3850.0 6350.0 -0.03550
3950.0 6350.0 -0.04020
4050.0 6350.0 -0.03328
4150.0 6350.0 -0.01863
4250.0 6350.0 -0.00330
4350.0 6350.0 0.01874
4450.0 6350.0 0.08814
4550.0 6350.0 0.18339
4650.0 6350.0 0.24500
4750.0 6350.0 0.23274
4850.0 6350.0 0.14971
4950.0 6350.0 0.03292
5050.0 6350.0 -0.07926
5150.0 6350.0 -0.12395
5250.0 6350.0 -0.07742
5350.0 6350.0 0.02153
5450.0 6350.0 0.10615
5550.0 6350.0 0.11694
5650.0 6350.0 0.03688
5750.0 6350.0 -0.07645
5850.0 6350.0 -0.13135
5950.0 6350.0 -0.09907
6050.0 6350.0 -0.00959
6150.0 6350.0 0.07639
6250.0 6350.0 0.09929
6350.0 6350.0 0.03606
