50.0 50.0 -0.01173
150.0 50.0 -0.38173
250.0 50.0 -0.82765
350.0 50.0 -1.23654
450.0 50.0 -1.50569
550.0 50.0 -1.54320
650.0 50.0 -1.32890
750.0 50.0 -0.93526
850.0 50.0 -0.50695
950.0 50.0 -0.19915
1050.0 50.0 -0.07436
1150.0 50.0 -0.04583
1250.0 50.0 -0.18101
1350.0 50.0 -0.46872
1450.0 50.0 -0.77955
1550.0 50.0 -0.96814
1650.0 50.0 -0.93976
1750.0 50.0 -0.68107
1850.0 50.0 -0.25514
1950.0 50.0 0.23944
2050.0 50.0 0.76163
2150.0 50.0 1.30870
2250.0 50.0 1.76512
2350.0 50.0 2.00026
2450.0 50.0 1.95698
2550.0 50.0 1.68626
2650.0 50.0 1.32773
2750.0 50.0 1.03627
2850.0 50.0 0.85568
2950.0 50.0 0.71348
3050.0 50.0 0.61781
3150.0 50.0 0.54867
3250.0 50.0 0.46672
3350.0 50.0 0.33744
3450.0 50.0 0.14519
3550.0 50.0 -0.10285
3650.0 50.0 -0.38291
3750.0 50.0 -0.67509
3850.0 50.0 -1.05894
3950.0 50.0 -1.54470
4050.0 50.0 -1.97811
4150.0 50.0 -2.18853
4250.0 50.0 -2.08866
4350.0 50.0 -1.71321
4450.0 50.0 -1.19641
4550.0 50.0 -0.68834
4650.0 50.0 -0.20795
4750.0 50.0 0.40049
4850.0 50.0 1.07484
4950.0 50.0 1.57604
5050.0 50.0 1.69282
5150.0 50.0 1.36042
5250.0 50.0 0.69012
5350.0 50.0 -0.09003
5450.0 50.0 -0.78371
5550.0 50.0 -1.43596
5650.0 50.0 -2.16856
5750.0 50.0 -2.84494
5850.0 50.0 -3.23807
5950.0 50.0 -3.20157
6050.0 50.0 -2.75363
6150.0 50.0 -2.07402
6250.0 50.0 -1.41399
6350.0 50.0 -0.91911
50.0 150.0 0.41564
150.0 150.0 0.02862
250.0 150.0 -0.44792
350.0 150.0 -0.89675
450.0 150.0 -1.21829
550.0 150.0 -1.31570
650.0 150.0 -1.16056
750.0 150.0 -0.81767
850.0 150.0 -0.42717
950.0 150.0 -0.14413
1050.0 150.0 -0.03550
1150.0 150.0 -0.02404
1250.0 150.0 -0.19176
1350.0 150.0 -0.52820
1450.0 150.0 -0.89372
1550.0 150.0 -1.13002
1650.0 150.0 -1.13248
1750.0 150.0 -0.88412
1850.0 150.0 -0.45130
1950.0 150.0 0.05910
2050.0 150.0 0.59191
2150.0 150.0 1.12142
2250.0 150.0 1.52098
2350.0 150.0 1.66400
2450.0 150.0 1.50960
2550.0 150.0 1.13188
2650.0 150.0 0.69289
2750.0 150.0 0.35932
2850.0 150.0 0.16449
2950.0 150.0 0.03652
3050.0 150.0 0.02748
3150.0 150.0 0.12579
3250.0 150.0 0.26735
3350.0 150.0 0.37370
3450.0 150.0 0.38108
3550.0 150.0 0.26018
3650.0 150.0 0.02684
3750.0 150.0 -0.26243
3850.0 150.0 -0.64650
3950.0 150.0 -1.13388
4050.0 150.0 -1.57144
4150.0 150.0 -1.78890
4250.0 150.0 -1.69830
4350.0 150.0 -1.33282
4450.0 150.0 -0.82484
4550.0 150.0 -0.32342
4650.0 150.0 0.15357
4750.0 150.0 0.78267
4850.0 150.0 1.51545
4950.0 150.0 2.10317
5050.0 150.0 2.31326
5150.0 150.0 2.05788
5250.0 150.0 1.43133
5350.0 150.0 0.65607
5450.0 150.0 -0.06243
5550.0 150.0 -0.74791
5650.0 150.0 -1.51105
5750.0 150.0 -2.20831
5850.0 150.0 -2.60672
5950.0 150.0 -2.55884
6050.0 150.0 -2.08808
6150.0 150.0 -1.38405
6250.0 150.0 -0.70804
6350.0 150.0 -0.20868
50.0 250.0 0.76619
150.0 250.0 0.38677
250.0 250.0 -0.08673
350.0 250.0 -0.54538
450.0 250.0 -0.89796
550.0 250.0 -1.04540
650.0 250.0 -0.95000
750.0 250.0 -0.66408
850.0 250.0 -0.31610
950.0 250.0 -0.05449
1050.0 250.0 0.05104
1150.0 250.0 0.06318
1250.0 250.0 -0.11256
1350.0 250.0 -0.46958
1450.0 250.0 -0.86648
1550.0 250.0 -1.13931
1650.0 250.0 -1.17607
1750.0 250.0 -0.95304
1850.0 250.0 -0.53307
1950.0 250.0 -0.02573
2050.0 250.0 0.49733
2150.0 250.0 0.98293
2250.0 250.0 1.29713
2350.0 250.0 1.32461
2450.0 250.0 1.04631
2550.0 250.0 0.56083
2650.0 250.0 0.04946
2750.0 250.0 -0.31498
2850.0 250.0 -0.51367
2950.0 250.0 -0.61754
3050.0 250.0 -0.53149
3150.0 250.0 -0.26000
3250.0 250.0 0.10743
3350.0 250.0 0.44896
3450.0 250.0 0.65432
3550.0 250.0 0.65990
3650.0 250.0 0.47509
3750.0 250.0 0.19235
3850.0 250.0 -0.18699
3950.0 250.0 -0.66845
4050.0 250.0 -1.09990
4150.0 250.0 -1.31239
4250.0 250.0 -1.21887
4350.0 250.0 -0.85260
4450.0 250.0 -0.34528
4550.0 250.0 0.15502
4650.0 250.0 0.63120
4750.0 250.0 1.26312
4850.0 250.0 2.00585
4950.0 250.0 2.61112
5050.0 250.0 2.84410
5150.0 250.0 2.61287
5250.0 250.0 2.00708
5350.0 250.0 1.24570
5450.0 250.0 0.53403
5550.0 250.0 -0.14656
5650.0 250.0 -0.90193
5750.0 250.0 -1.58777
5850.0 250.0 -1.97247
5950.0 250.0 -1.91094
6050.0 250.0 -1.42879
6150.0 250.0 -0.71700
6250.0 250.0 -0.03700
6350.0 250.0 0.46383
50.0 350.0 0.86734
150.0 350.0 0.54060
250.0 350.0 0.11757
350.0 350.0 -0.31117
450.0 350.0 -0.67141
550.0 350.0 -0.86511
650.0 350.0 -0.84194
750.0 350.0 -0.63252
850.0 350.0 -0.34152
950.0 350.0 -0.10039
1050.0 350.0 0.02002
1150.0 350.0 0.05739
1250.0 350.0 -0.09703
1350.0 350.0 -0.44518
1450.0 350.0 -0.85244
1550.0 350.0 -1.15544
1650.0 350.0 -1.23530
1750.0 350.0 -1.05619
1850.0 350.0 -0.66909
1950.0 350.0 -0.18094
2050.0 350.0 0.32008
2150.0 350.0 0.76025
2250.0 350.0 1.00194
2350.0 350.0 0.93878
2450.0 350.0 0.56707
2550.0 350.0 0.00144
2650.0 350.0 -0.56523
2750.0 350.0 -0.95760
2850.0 350.0 -1.16705
2950.0 350.0 -1.25765
3050.0 350.0 -1.09002
3150.0 350.0 -0.65272
3250.0 350.0 -0.05134
3350.0 350.0 0.55277
3450.0 350.0 0.99915
3550.0 350.0 1.18025
3650.0 350.0 1.08890
3750.0 350.0 0.85162
3850.0 350.0 0.50468
3950.0 350.0 0.02725
4050.0 350.0 -0.43901
4150.0 350.0 -0.72281
4250.0 350.0 -0.72192
4350.0 350.0 -0.44601
4450.0 350.0 -0.00346
4550.0 350.0 0.46767
4650.0 350.0 0.93168
4750.0 350.0 1.54524
4850.0 350.0 2.26757
4950.0 350.0 2.86461
5050.0 350.0 3.11338
5150.0 350.0 2.92474
5250.0 350.0 2.38054
5350.0 350.0 1.68544
5450.0 350.0 1.03312
5550.0 350.0 0.40727
5650.0 350.0 -0.29856
5750.0 350.0 -0.94962
5850.0 350.0 -1.32154
5950.0 350.0 -1.26931
6050.0 350.0 -0.81045
6150.0 350.0 -0.12216
6250.0 350.0 0.54758
6350.0 350.0 1.05479
50.0 450.0 0.58534
150.0 450.0 0.38498
250.0 450.0 0.08903
350.0 450.0 -0.24497
450.0 450.0 -0.57334
550.0 450.0 -0.80448
650.0 450.0 -0.87046
750.0 450.0 -0.76609
850.0 450.0 -0.55313
950.0 450.0 -0.32978
1050.0 450.0 -0.16524
1150.0 450.0 -0.06287
1250.0 450.0 -0.14808
1350.0 450.0 -0.43852
1450.0 450.0 -0.82038
1550.0 450.0 -1.14116
1650.0 450.0 -1.27632
1750.0 450.0 -1.16957
1850.0 450.0 -0.84679
1950.0 450.0 -0.40354
2050.0 450.0 0.05684
2150.0 450.0 0.45473
2250.0 450.0 0.65529
2350.0 450.0 0.55590
2450.0 450.0 0.15498
2550.0 450.0 -0.43344
2650.0 450.0 -1.01957
2750.0 450.0 -1.43193
2850.0 450.0 -1.66340
2950.0 450.0 -1.76535
3050.0 450.0 -1.56392
3150.0 450.0 -1.01897
3250.0 450.0 -0.22996
3350.0 450.0 0.62012
3450.0 450.0 1.32669
3550.0 450.0 1.73126
3650.0 450.0 1.79508
3750.0 450.0 1.66623
3850.0 450.0 1.40217
3950.0 450.0 0.94235
4050.0 450.0 0.40233
4150.0 450.0 -0.04285
4250.0 450.0 -0.25643
4350.0 450.0 -0.19250
4450.0 450.0 0.09649
4550.0 450.0 0.49739
4650.0 450.0 0.93053
4750.0 450.0 1.48883
4850.0 450.0 2.13533
4950.0 450.0 2.67273
5050.0 450.0 2.91441
5150.0 450.0 2.78723
5250.0 450.0 2.36234
5350.0 450.0 1.81367
5450.0 450.0 1.30437
5550.0 450.0 0.81353
5650.0 450.0 0.22347
5750.0 450.0 -0.35777
5850.0 450.0 -0.72209
5950.0 450.0 -0.72034
6050.0 450.0 -0.34451
6150.0 450.0 0.26727
6250.0 450.0 0.90265
6350.0 450.0 1.42410
50.0 550.0 -0.00065
150.0 550.0 -0.00929
250.0 550.0 -0.11111
350.0 550.0 -0.29260
450.0 550.0 -0.55176
550.0 550.0 -0.80835
650.0 550.0 -0.97330
750.0 550.0 -0.99418
850.0 550.0 -0.87418
950.0 550.0 -0.66442
1050.0 550.0 -0.42977
1150.0 550.0 -0.22755
1250.0 550.0 -0.20075
1350.0 550.0 -0.38875
1450.0 550.0 -0.71093
1550.0 550.0 -1.03527
1650.0 550.0 -1.23332
1750.0 550.0 -1.22165
1850.0 550.0 -0.98963
1950.0 550.0 -0.61359
2050.0 550.0 -0.20868
2150.0 550.0 0.15663
2250.0 550.0 0.35719
2350.0 550.0 0.28774
2450.0 550.0 -0.06627
2550.0 550.0 -0.60997
2650.0 550.0 -1.17261
2750.0 550.0 -1.59315
2850.0 550.0 -1.85606
2950.0 550.0 -2.00038
3050.0 550.0 -1.84316
3150.0 550.0 -1.30666
3250.0 550.0 -0.45497
3350.0 550.0 0.53934
3450.0 550.0 1.45015
3550.0 550.0 2.07450
3650.0 550.0 2.33086
3750.0 550.0 2.36474
3850.0 550.0 2.23542
3950.0 550.0 1.82904
4050.0 550.0 1.22118
4150.0 550.0 0.58523
4250.0 550.0 0.09975
4350.0 550.0 -0.11550
4450.0 550.0 -0.03483
4550.0 550.0 0.26685
4650.0 550.0 0.65267
4750.0 550.0 1.11956
4850.0 550.0 1.63150
4950.0 550.0 2.04836
5050.0 550.0 2.24398
5150.0 550.0 2.17666
5250.0 550.0 1.90771
5350.0 550.0 1.56810
5450.0 550.0 1.27311
5550.0 550.0 0.98723
5650.0 550.0 0.56945
5750.0 550.0 0.08557
5850.0 550.0 -0.28019
5950.0 550.0 -0.37003
6050.0 550.0 -0.13407
6150.0 550.0 0.35149
6250.0 550.0 0.92978
6350.0 550.0 1.47205
50.0 650.0 -0.69310
150.0 650.0 -0.47739
250.0 650.0 -0.35276
350.0 650.0 -0.35257
450.0 650.0 -0.52101
550.0 650.0 -0.79180
650.0 650.0 -1.05401
750.0 650.0 -1.20382
850.0 650.0 -1.17942
950.0 650.0 -0.97889
1050.0 650.0 -0.66116
1150.0 650.0 -0.34220
1250.0 650.0 -0.18162
1350.0 650.0 -0.24299
1450.0 650.0 -0.48519
1550.0 650.0 -0.80195
1650.0 650.0 -1.06260
1750.0 650.0 -1.15411
1850.0 650.0 -1.02423
1950.0 650.0 -0.72589
2050.0 650.0 -0.38177
2150.0 650.0 -0.03545
2250.0 650.0 0.20245
2350.0 650.0 0.21862
2450.0 650.0 -0.02627
2550.0 650.0 -0.47053
2650.0 650.0 -0.97411
2750.0 650.0 -1.39092
2850.0 650.0 -1.68925
2950.0 650.0 -1.90306
3050.0 650.0 -1.87400
3150.0 650.0 -1.48551
3250.0 650.0 -0.73954
3350.0 650.0 0.23819
3450.0 650.0 1.23313
3550.0 650.0 2.01690
3650.0 650.0 2.46253
3750.0 650.0 2.68430
3850.0 650.0 2.72457
3950.0 650.0 2.41958
4050.0 650.0 1.79798
4150.0 650.0 1.02050
4250.0 650.0 0.29845
4350.0 650.0 -0.17813
4450.0 650.0 -0.30277
4550.0 650.0 -0.10535
4650.0 650.0 0.22508
4750.0 650.0 0.57817
4850.0 650.0 0.91416
4950.0 650.0 1.16066
5050.0 650.0 1.26721
5150.0 650.0 1.23574
5250.0 650.0 1.12268
5350.0 650.0 1.01265
5450.0 650.0 0.96389
5550.0 650.0 0.91629
5650.0 650.0 0.69617
5750.0 650.0 0.31891
5850.0 650.0 -0.05844
5950.0 650.0 -0.26614
6050.0 650.0 -0.20337
6150.0 650.0 0.12779
6250.0 650.0 0.63597
6350.0 650.0 1.20181
50.0 750.0 -1.26273
150.0 750.0 -0.83350
250.0 750.0 -0.49539
350.0 750.0 -0.32257
450.0 750.0 -0.40185
550.0 750.0 -0.68040
650.0 750.0 -1.02770
750.0 750.0 -1.29282
850.0 750.0 -1.35389
950.0 750.0 -1.15965
1050.0 750.0 -0.76314
1150.0 750.0 -0.33401
1250.0 750.0 -0.04611
1350.0 750.0 0.01465
1450.0 750.0 -0.14811
1550.0 750.0 -0.45315
1650.0 750.0 -0.76864
1750.0 750.0 -0.95442
1850.0 750.0 -0.91938
1950.0 750.0 -0.69401
2050.0 750.0 -0.40491
2150.0 750.0 -0.06519
2250.0 750.0 0.23012
2350.0 750.0 0.35716
2450.0 750.0 0.24751
2550.0 750.0 -0.07487
2650.0 750.0 -0.50396
2750.0 750.0 -0.90935
2850.0 750.0 -1.24041
2950.0 750.0 -1.53713
3050.0 750.0 -1.69530
3150.0 750.0 -1.56604
3250.0 750.0 -1.07464
3350.0 750.0 -0.27250
3450.0 750.0 0.66840
3550.0 750.0 1.51870
3650.0 750.0 2.11232
3750.0 750.0 2.50984
3850.0 750.0 2.72543
3950.0 750.0 2.56395
4050.0 750.0 2.00944
4150.0 750.0 1.19745
4250.0 750.0 0.35068
4350.0 750.0 -0.29388
4450.0 750.0 -0.56624
4550.0 750.0 -0.45321
4650.0 750.0 -0.17517
4750.0 750.0 0.06314
4850.0 750.0 0.21360
4950.0 750.0 0.26883
5050.0 750.0 0.25509
5150.0 750.0 0.22264
5250.0 750.0 0.23001
5350.0 750.0 0.32203
5450.0 750.0 0.50181
5550.0 750.0 0.67837
5650.0 750.0 0.64200
5750.0 750.0 0.35961
5850.0 750.0 -0.03680
5950.0 750.0 -0.36477
6050.0 750.0 -0.47362
6150.0 750.0 -0.29406
6250.0 750.0 0.14507
6350.0 750.0 0.73260
50.0 850.0 -1.52362
150.0 850.0 -0.93184
250.0 850.0 -0.43436
350.0 850.0 -0.13345
450.0 850.0 -0.14813
550.0 850.0 -0.43548
650.0 850.0 -0.84979
750.0 850.0 -1.20427
850.0 850.0 -1.33160
950.0 850.0 -1.14334
1050.0 850.0 -0.68829
1150.0 850.0 -0.17699
1250.0 850.0 0.20549
1350.0 850.0 0.35638
1450.0 850.0 0.25140
1550.0 850.0 -0.04659
1650.0 850.0 -0.40456
1750.0 850.0 -0.66181
1850.0 850.0 -0.69808
1950.0 850.0 -0.52728
2050.0 850.0 -0.27833
2150.0 850.0 0.06105
2250.0 850.0 0.40827
2350.0 850.0 0.63039
2450.0 850.0 0.63492
2550.0 850.0 0.41502
2650.0 850.0 0.04922
2750.0 850.0 -0.34443
2850.0 850.0 -0.69973
2950.0 850.0 -1.07353
3050.0 850.0 -1.42931
3150.0 850.0 -1.59775
3250.0 850.0 -1.43111
3350.0 850.0 -0.89917
3450.0 850.0 -0.11449
3550.0 850.0 0.71275
3650.0 850.0 1.39052
3750.0 850.0 1.91835
3850.0 850.0 2.28296
3950.0 850.0 2.28460
4050.0 850.0 1.87345
4150.0 850.0 1.15089
4250.0 850.0 0.32541
4350.0 850.0 -0.35340
4450.0 850.0 -0.68279
4550.0 850.0 -0.61666
4650.0 850.0 -0.37791
4750.0 850.0 -0.23307
4850.0 850.0 -0.24143
4950.0 850.0 -0.36061
5050.0 850.0 -0.50153
5150.0 850.0 -0.57040
5250.0 850.0 -0.50024
5350.0 850.0 -0.27197
5450.0 850.0 0.07491
5550.0 850.0 0.41857
5650.0 850.0 0.51741
5750.0 850.0 0.30130
5850.0 850.0 -0.11599
5950.0 850.0 -0.54130
6050.0 850.0 -0.78522
6150.0 850.0 -0.72383
6250.0 850.0 -0.33871
6350.0 850.0 0.26457
50.0 950.0 -1.39669
150.0 950.0 -0.71575
250.0 950.0 -0.13538
350.0 950.0 0.22910
450.0 950.0 0.24005
550.0 950.0 -0.06415
650.0 950.0 -0.52771
750.0 950.0 -0.94227
850.0 950.0 -1.11420
950.0 950.0 -0.93430
1050.0 950.0 -0.44987
1150.0 950.0 0.10396
1250.0 950.0 0.53337
1350.0 950.0 0.72601
1450.0 950.0 0.64364
1550.0 950.0 0.34090
1650.0 950.0 -0.04686
1750.0 950.0 -0.34679
1850.0 950.0 -0.42281
1950.0 950.0 -0.28087
2050.0 950.0 -0.05328
2150.0 950.0 0.28384
2250.0 950.0 0.65403
2350.0 950.0 0.92015
2450.0 950.0 0.97823
2550.0 950.0 0.80656
2650.0 950.0 0.47028
2750.0 950.0 0.08130
2850.0 950.0 -0.28694
2950.0 950.0 -0.71489
3050.0 950.0 -1.22687
3150.0 950.0 -1.64627
3250.0 950.0 -1.77282
3350.0 950.0 -1.50961
3450.0 950.0 -0.91288
3550.0 950.0 -0.16451
3650.0 950.0 0.53294
3750.0 950.0 1.12810
3850.0 950.0 1.59267
3950.0 950.0 1.74803
4050.0 950.0 1.52606
4150.0 950.0 0.99142
4250.0 950.0 0.31735
4350.0 950.0 -0.26754
4450.0 950.0 -0.56134
4550.0 950.0 -0.49992
4650.0 950.0 -0.28180
4750.0 950.0 -0.19430
4850.0 950.0 -0.30793
4950.0 950.0 -0.55298
5050.0 950.0 -0.80150
5150.0 950.0 -0.92879
5250.0 950.0 -0.85584
5350.0 950.0 -0.57264
5450.0 950.0 -0.14247
5550.0 950.0 0.28812
5650.0 950.0 0.45581
5750.0 950.0 0.27046
5850.0 950.0 -0.16332
5950.0 950.0 -0.64573
6050.0 950.0 -0.96591
6150.0 950.0 -0.97036
6250.0 950.0 -0.61547
6350.0 950.0 -0.00434
50.0 1050.0 -0.96167
150.0 1050.0 -0.25487
250.0 1050.0 0.34314
350.0 1050.0 0.71534
450.0 1050.0 0.71665
550.0 1050.0 0.38557
650.0 1050.0 -0.11573
750.0 1050.0 -0.56883
850.0 1050.0 -0.76949
950.0 1050.0 -0.60133
1050.0 1050.0 -0.11264
1150.0 1050.0 0.44980
1250.0 1050.0 0.88482
1350.0 1050.0 1.07643
1450.0 1050.0 0.98446
1550.0 1050.0 0.66445
1650.0 1050.0 0.25549
1750.0 1050.0 -0.06416
1850.0 1050.0 -0.15377
1950.0 1050.0 -0.01890
2050.0 1050.0 0.20232
2150.0 1050.0 0.53044
2250.0 1050.0 0.88886
2350.0 1050.0 1.14178
2450.0 1050.0 1.18705
2550.0 1050.0 1.00462
2650.0 1050.0 0.66056
2750.0 1050.0 0.26663
2850.0 1050.0 -0.10521
2950.0 1050.0 -0.56079
3050.0 1050.0 -1.16708
3150.0 1050.0 -1.74976
3250.0 1050.0 -2.08063
3350.0 1050.0 -2.02097
3450.0 1050.0 -1.58600
3550.0 1050.0 -0.93061
3650.0 1050.0 -0.25631
3750.0 1050.0 0.35300
3850.0 1050.0 0.87003
3950.0 1050.0 1.15353
4050.0 1050.0 1.13050
4150.0 1050.0 0.83158
4250.0 1050.0 0.38393
4350.0 1050.0 -0.02637
4450.0 1050.0 -0.22237
4550.0 1050.0 -0.13475
4650.0 1050.0 0.07871
4750.0 1050.0 0.14257
4850.0 1050.0 -0.02313
4950.0 1050.0 -0.34094
5050.0 1050.0 -0.66648
5150.0 1050.0 -0.85766
5250.0 1050.0 -0.82297
5350.0 1050.0 -0.54872
5450.0 1050.0 -0.10541
5550.0 1050.0 0.34390
5650.0 1050.0 0.52486
5750.0 1050.0 0.34224
5850.0 1050.0 -0.10096
5950.0 1050.0 -0.60243
6050.0 1050.0 -0.94531
6150.0 1050.0 -0.96850
6250.0 1050.0 -0.62235
6350.0 1050.0 -0.00990
50.0 1150.0 -0.49182
150.0 1150.0 0.22083
250.0 1150.0 0.81795
350.0 1150.0 1.18480
450.0 1150.0 1.17327
550.0 1150.0 0.82231
650.0 1150.0 0.29706
750.0 1150.0 -0.17967
850.0 1150.0 -0.39929
950.0 1150.0 -0.24271
1050.0 1150.0 0.24106
1150.0 1150.0 0.79957
1250.0 1150.0 1.22498
1350.0 1150.0 1.39928
1450.0 1150.0 1.28397
1550.0 1150.0 0.93852
1650.0 1150.0 0.50657
1750.0 1150.0 0.17013
1850.0 1150.0 0.07148
1950.0 1150.0 0.20303
2050.0 1150.0 0.41937
2150.0 1150.0 0.73250
2250.0 1150.0 1.06456
2350.0 1150.0 1.28398
2450.0 1150.0 1.29536
2550.0 1150.0 1.08537
2650.0 1150.0 0.72466
2750.0 1150.0 0.32565
2850.0 1150.0 -0.04448
2950.0 1150.0 -0.51430
3050.0 1150.0 -1.18276
3150.0 1150.0 -1.88054
3250.0 1150.0 -2.36249
3350.0 1150.0 -2.46063
3450.0 1150.0 -2.15868
3550.0 1150.0 -1.58812
3650.0 1150.0 -0.94585
3750.0 1150.0 -0.33872
3850.0 1150.0 0.21367
3950.0 1150.0 0.60948
4050.0 1150.0 0.77413
4150.0 1150.0 0.70649
4250.0 1150.0 0.48745
4350.0 1150.0 0.25772
4450.0 1150.0 0.16509
4550.0 1150.0 0.28088
4650.0 1150.0 0.48986
4750.0 1150.0 0.53636
4850.0 1150.0 0.33273
4950.0 1150.0 -0.04085
5050.0 1150.0 -0.43036
5150.0 1150.0 -0.68146
5250.0 1150.0 -0.69173
5350.0 1150.0 -0.44178
5450.0 1150.0 -0.00500
5550.0 1150.0 0.44397
5650.0 1150.0 0.62895
5750.0 1150.0 0.45512
5850.0 1150.0 0.02252
5950.0 1150.0 -0.47039
6050.0 1150.0 -0.80971
6150.0 1150.0 -0.83540
6250.0 1150.0 -0.49685
6350.0 1150.0 0.10533
50.0 1250.0 -0.29812
150.0 1250.0 0.40678
250.0 1250.0 1.00089
350.0 1250.0 1.37664
450.0 1250.0 1.39069
550.0 1250.0 1.07624
650.0 1250.0 0.58802
750.0 1250.0 0.13867
850.0 1250.0 -0.06987
950.0 1250.0 0.08049
1050.0 1250.0 0.54599
1150.0 1250.0 1.08215
1250.0 1250.0 1.47861
1350.0 1250.0 1.61568
1450.0 1250.0 1.45776
1550.0 1250.0 1.06921
1650.0 1250.0 0.59860
1750.0 1250.0 0.23130
1850.0 1250.0 0.11022
1950.0 1250.0 0.22499
2050.0 1250.0 0.42133
2150.0 1250.0 0.70074
2250.0 1250.0 0.98872
2350.0 1250.0 1.16457
2450.0 1250.0 1.14378
2550.0 1250.0 0.91931
2650.0 1250.0 0.56154
2750.0 1250.0 0.17708
2850.0 1250.0 -0.17453
2950.0 1250.0 -0.62976
3050.0 1250.0 -1.29870
3150.0 1250.0 -2.01934
3250.0 1250.0 -2.54643
3350.0 1250.0 -2.70418
3450.0 1250.0 -2.46294
3550.0 1250.0 -1.93998
3650.0 1250.0 -1.32428
3750.0 1250.0 -0.72911
3850.0 1250.0 -0.15969
3950.0 1250.0 0.31153
4050.0 1250.0 0.60548
4150.0 1250.0 0.69414
4250.0 1250.0 0.62271
4350.0 1250.0 0.49957
4450.0 1250.0 0.45411
4550.0 1250.0 0.56235
4650.0 1250.0 0.74095
4750.0 1250.0 0.74941
4850.0 1250.0 0.49874
4950.0 1250.0 0.07487
5050.0 1250.0 -0.36038
5150.0 1250.0 -0.64678
5250.0 1250.0 -0.68007
5350.0 1250.0 -0.44322
5450.0 1250.0 -0.01460
5550.0 1250.0 0.43310
5650.0 1250.0 0.65604
5750.0 1250.0 0.56644
5850.0 1250.0 0.24119
5950.0 1250.0 -0.15432
6050.0 1250.0 -0.43444
6150.0 1250.0 -0.45322
6250.0 1250.0 -0.15632
6350.0 1250.0 0.37545
50.0 1350.0 -0.46217
150.0 1350.0 0.21695
250.0 1350.0 0.80483
350.0 1350.0 1.20538
450.0 1350.0 1.28867
550.0 1350.0 1.07426
650.0 1350.0 0.69057
750.0 1350.0 0.32321
850.0 1350.0 0.15543
950.0 1350.0 0.30078
1050.0 1350.0 0.72815
1150.0 1350.0 1.21730
1250.0 1350.0 1.56373
1350.0 1350.0 1.64863
1450.0 1350.0 1.43945
1550.0 1350.0 1.00352
1650.0 1350.0 0.49080
1750.0 1350.0 0.08605
1850.0 1350.0 -0.06991
1950.0 1350.0 0.01035
2050.0 1350.0 0.16626
2150.0 1350.0 0.38849
2250.0 1350.0 0.61274
2350.0 1350.0 0.73775
2450.0 1350.0 0.69439
2550.0 1350.0 0.47979
2650.0 1350.0 0.15626
2750.0 1350.0 -0.18469
2850.0 1350.0 -0.49436
2950.0 1350.0 -0.89639
3050.0 1350.0 -1.48554
3150.0 1350.0 -2.11053
3250.0 1350.0 -2.54798
3350.0 1350.0 -2.64165
3450.0 1350.0 -2.37124
3550.0 1350.0 -1.85075
3650.0 1350.0 -1.25635
3750.0 1350.0 -0.68686
3850.0 1350.0 -0.12714
3950.0 1350.0 0.36418
4050.0 1350.0 0.69950
4150.0 1350.0 0.83185
4250.0 1350.0 0.78718
4350.0 1350.0 0.66121
4450.0 1350.0 0.58101
4550.0 1350.0 0.63102
4650.0 1350.0 0.74346
4750.0 1350.0 0.68760
4850.0 1350.0 0.38345
4950.0 1350.0 -0.07346
5050.0 1350.0 -0.51776
5150.0 1350.0 -0.79445
5250.0 1350.0 -0.81202
5350.0 1350.0 -0.56824
5450.0 1350.0 -0.14893
5550.0 1350.0 0.29543
5650.0 1350.0 0.59654
5750.0 1350.0 0.68007
5850.0 1350.0 0.57335
5950.0 1350.0 0.37236
6050.0 1350.0 0.20469
6150.0 1350.0 0.18864
6250.0 1350.0 0.38832
6350.0 1350.0 0.76486
50.0 1450.0 -0.87902
150.0 1450.0 -0.23909
250.0 1450.0 0.33953
350.0 1450.0 0.77244
450.0 1450.0 0.94711
550.0 1450.0 0.86409
650.0 1450.0 0.61624
750.0 1450.0 0.35323
850.0 1450.0 0.23399
950.0 1450.0 0.36699
1050.0 1450.0 0.73854
1150.0 1450.0 1.16202
1250.0 1450.0 1.44926
1350.0 1450.0 1.48679
1450.0 1450.0 1.24351
1550.0 1450.0 0.78365
1650.0 1450.0 0.25040
1750.0 1450.0 -0.17980
1850.0 1450.0 -0.37248
1950.0 1450.0 -0.33959
2050.0 1450.0 -0.23982
2150.0 1450.0 -0.09023
2250.0 1450.0 0.06111
2350.0 1450.0 0.13833
2450.0 1450.0 0.08958
2550.0 1450.0 -0.08742
2650.0 1450.0 -0.34613
2750.0 1450.0 -0.61811
2850.0 1450.0 -0.86687
2950.0 1450.0 -1.18662
3050.0 1450.0 -1.63857
3150.0 1450.0 -2.08541
3250.0 1450.0 -2.34129
3350.0 1450.0 -2.28833
3450.0 1450.0 -1.93050
3550.0 1450.0 -1.38496
3650.0 1450.0 -0.81076
3750.0 1450.0 -0.27816
3850.0 1450.0 0.24867
3950.0 1450.0 0.71018
4050.0 1450.0 1.00715
4150.0 1450.0 1.08153
4250.0 1450.0 0.95541
4350.0 1450.0 0.72991
4450.0 1450.0 0.54408
4550.0 1450.0 0.49369
4650.0 1450.0 0.51156
4750.0 1450.0 0.37354
4850.0 1450.0 0.01906
4950.0 1450.0 -0.44418
5050.0 1450.0 -0.85290
5150.0 1450.0 -1.06930
5250.0 1450.0 -1.02907
5350.0 1450.0 -0.75637
5450.0 1450.0 -0.34586
5550.0 1450.0 0.09240
5650.0 1450.0 0.49471
5750.0 1450.0 0.80164
5850.0 1450.0 0.97190
5950.0 1450.0 1.00856
6050.0 1450.0 0.96420
6150.0 1450.0 0.92464
6250.0 1450.0 0.97141
6350.0 1450.0 1.12290
50.0 1550.0 -1.34972
150.0 1550.0 -0.75284
250.0 1550.0 -0.18526
350.0 1550.0 0.27613
450.0 1550.0 0.53377
550.0 1550.0 0.56848
650.0 1550.0 0.43855
750.0 1550.0 0.26023
850.0 1550.0 0.17140
950.0 1550.0 0.27818
1050.0 1550.0 0.58463
1150.0 1550.0 0.93665
1250.0 1550.0 1.17131
1350.0 1550.0 1.18560
1450.0 1550.0 0.94680
1550.0 1550.0 0.50781
1650.0 1550.0 -0.00528
1750.0 1550.0 -0.43340
1850.0 1550.0 -0.65270
1950.0 1550.0 -0.67049
2050.0 1550.0 -0.63206
2150.0 1550.0 -0.55670
2250.0 1550.0 -0.47319
2350.0 1550.0 -0.43082
2450.0 1550.0 -0.46566
2550.0 1550.0 -0.58332
2650.0 1550.0 -0.75802
2750.0 1550.0 -0.94807
2850.0 1550.0 -1.12826
2950.0 1550.0 -1.35683
3050.0 1550.0 -1.65836
3150.0 1550.0 -1.91132
3250.0 1550.0 -1.97103
3350.0 1550.0 -1.76116
3450.0 1550.0 -1.31143
3550.0 1550.0 -0.74152
3650.0 1550.0 -0.19120
3750.0 1550.0 0.29982
3850.0 1550.0 0.78232
3950.0 1550.0 1.18719
4050.0 1550.0 1.40240
4150.0 1550.0 1.36394
4250.0 1550.0 1.09908
4350.0 1550.0 0.72434
4450.0 1550.0 0.39826
4550.0 1550.0 0.22895
4650.0 1550.0 0.14149
4750.0 1550.0 -0.08140
4850.0 1550.0 -0.47395
4950.0 1550.0 -0.91601
5050.0 1550.0 -1.25159
5150.0 1550.0 -1.36870
5250.0 1550.0 -1.23963
5350.0 1550.0 -0.92158
5450.0 1550.0 -0.51775
5550.0 1550.0 -0.08814
5650.0 1550.0 0.41220
5750.0 1550.0 0.93441
5850.0 1550.0 1.36385
5950.0 1550.0 1.60904
6050.0 1550.0 1.65008
6150.0 1550.0 1.54642
6250.0 1550.0 1.40379
6350.0 1550.0 1.30047
50.0 1650.0 -1.66179
150.0 1650.0 -1.10114
250.0 1650.0 -0.54449
350.0 1650.0 -0.06815
450.0 1650.0 0.23772
550.0 1650.0 0.33811
650.0 1650.0 0.26727
750.0 1650.0 0.12073
850.0 1650.0 0.02592
950.0 1650.0 0.09147
1050.0 1650.0 0.33517
1150.0 1650.0 0.62454
1250.0 1650.0 0.82601
1350.0 1650.0 0.85084
1450.0 1650.0 0.66139
1550.0 1650.0 0.29189
1650.0 1650.0 -0.15713
1750.0 1650.0 -0.55090
1850.0 1650.0 -0.77899
1950.0 1650.0 -0.84024
2050.0 1650.0 -0.85627
2150.0 1650.0 -0.84276
2250.0 1650.0 -0.81010
2350.0 1650.0 -0.78491
2450.0 1650.0 -0.79174
2550.0 1650.0 -0.84226
2650.0 1650.0 -0.93193
2750.0 1650.0 -1.04406
2850.0 1650.0 -1.16183
2950.0 1650.0 -1.31314
3050.0 1650.0 -1.49868
3150.0 1650.0 -1.61248
3250.0 1650.0 -1.54163
3350.0 1650.0 -1.23828
3450.0 1650.0 -0.74581
3550.0 1650.0 -0.17924
3650.0 1650.0 0.34026
3750.0 1650.0 0.79309
3850.0 1650.0 1.23550
3950.0 1650.0 1.58921
4050.0 1650.0 1.73060
4150.0 1650.0 1.59024
4250.0 1650.0 1.20002
4350.0 1650.0 0.69035
4450.0 1650.0 0.23741
4550.0 1650.0 -0.03953
4650.0 1650.0 -0.22199
4750.0 1650.0 -0.51679
4850.0 1650.0 -0.93098
4950.0 1650.0 -1.33388
5050.0 1650.0 -1.57960
5150.0 1650.0 -1.58427
5250.0 1650.0 -1.35762
5350.0 1650.0 -0.98926
5450.0 1650.0 -0.58926
5550.0 1650.0 -0.16969
5650.0 1650.0 0.40137
5750.0 1650.0 1.07731
5850.0 1650.0 1.68113
5950.0 1650.0 2.04677
6050.0 1650.0 2.10237
6150.0 1650.0 1.89535
6250.0 1650.0 1.55904
6350.0 1650.0 1.22106
50.0 1750.0 -1.65761
150.0 1750.0 -1.11802
250.0 1750.0 -0.57028
350.0 1750.0 -0.09720
450.0 1750.0 0.20848
550.0 1750.0 0.30310
650.0 1750.0 0.21324
750.0 1750.0 0.03186
850.0 1750.0 -0.11002
950.0 1750.0 -0.09602
1050.0 1750.0 0.09836
1150.0 1750.0 0.34550
1250.0 1750.0 0.53884
1350.0 1750.0 0.60478
1450.0 1750.0 0.49854
1550.0 1750.0 0.23221
1650.0 1750.0 -0.12259
1750.0 1750.0 -0.45745
1850.0 1750.0 -0.67544
1950.0 1750.0 -0.76490
2050.0 1750.0 -0.81872
2150.0 1750.0 -0.84505
2250.0 1750.0 -0.84058
2350.0 1750.0 -0.81692
2450.0 1750.0 -0.79248
2550.0 1750.0 -0.78551
2650.0 1750.0 -0.80830
2750.0 1750.0 -0.86244
2850.0 1750.0 -0.93580
2950.0 1750.0 -1.04194
3050.0 1750.0 -1.18169
3150.0 1750.0 -1.26247
3250.0 1750.0 -1.18395
3350.0 1750.0 -0.90194
3450.0 1750.0 -0.45215
3550.0 1750.0 0.06628
3650.0 1750.0 0.54735
3750.0 1750.0 0.97241
3850.0 1750.0 1.39348
3950.0 1750.0 1.73276
4050.0 1750.0 1.85821
4150.0 1750.0 1.69054
4250.0 1750.0 1.25610
4350.0 1750.0 0.68637
4450.0 1750.0 0.16432
4550.0 1750.0 -0.18259
4650.0 1750.0 -0.43196
4750.0 1750.0 -0.77463
4850.0 1750.0 -1.19608
4950.0 1750.0 -1.55868
5050.0 1750.0 -1.72592
5150.0 1750.0 -1.63673
5250.0 1750.0 -1.33019
5350.0 1750.0 -0.92039
5450.0 1750.0 -0.52172
5550.0 1750.0 -0.11181
5650.0 1750.0 0.48837
5750.0 1750.0 1.22530
5850.0 1750.0 1.88253
5950.0 1750.0 2.25398
6050.0 1750.0 2.24688
6150.0 1750.0 1.91391
6250.0 1750.0 1.41455
6350.0 1750.0 0.90572
50.0 1850.0 -1.29081
150.0 1850.0 -0.75411
250.0 1850.0 -0.21212
350.0 1850.0 0.24104
450.0 1850.0 0.50097
550.0 1850.0 0.52340
650.0 1850.0 0.34367
750.0 1850.0 0.06964
850.0 1850.0 -0.15134
950.0 1850.0 -0.19134
1050.0 1850.0 -0.02670
1150.0 1850.0 0.20305
1250.0 1850.0 0.41043
1350.0 1850.0 0.53494
1450.0 1850.0 0.52416
1550.0 1850.0 0.36929
1650.0 1850.0 0.11579
1750.0 1850.0 -0.15099
1850.0 1850.0 -0.34523
1950.0 1850.0 -0.44499
2050.0 1850.0 -0.51606
2150.0 1850.0 -0.55828
2250.0 1850.0 -0.56139
2350.0 1850.0 -0.53067
2450.0 1850.0 -0.48313
2550.0 1850.0 -0.44178
2650.0 1850.0 -0.42816
2750.0 1850.0 -0.45290
2850.0 1850.0 -0.50525
2950.0 1850.0 -0.60506
3050.0 1850.0 -0.78032
3150.0 1850.0 -0.94838
3250.0 1850.0 -0.99929
3350.0 1850.0 -0.86471
3450.0 1850.0 -0.54950
3550.0 1850.0 -0.12562
3650.0 1850.0 0.31131
3750.0 1850.0 0.72226
3850.0 1850.0 1.14844
3950.0 1850.0 1.52776
4050.0 1850.0 1.72375
4150.0 1850.0 1.63961
4250.0 1850.0 1.28005
4350.0 1850.0 0.75828
4450.0 1850.0 0.24819
4550.0 1850.0 -0.11825
4650.0 1850.0 -0.39875
4750.0 1850.0 -0.76253
4850.0 1850.0 -1.18357
4950.0 1850.0 -1.52118
5050.0 1850.0 -1.64432
5150.0 1850.0 -1.50412
5250.0 1850.0 -1.15475
5350.0 1850.0 -0.72264
5450.0 1850.0 -0.32393
5550.0 1850.0 0.07821
5650.0 1850.0 0.66595
5750.0 1850.0 1.37190
5850.0 1850.0 1.96684
5950.0 1850.0 2.24184
6050.0 1850.0 2.11407
6150.0 1850.0 1.65589
6250.0 1850.0 1.04739
6350.0 1850.0 0.45219
50.0 1950.0 -0.67052
150.0 1950.0 -0.12361
250.0 1950.0 0.41526
350.0 1950.0 0.83894
450.0 1950.0 1.02625
550.0 1950.0 0.93777
650.0 1950.0 0.62798
750.0 1950.0 0.23016
850.0 1950.0 -0.08481
950.0 1950.0 -0.17584
1050.0 1950.0 -0.02517
1150.0 1950.0 0.20522
1250.0 1950.0 0.43892
1350.0 1950.0 0.62543
1450.0 1950.0 0.70539
1550.0 1950.0 0.65267
1650.0 1950.0 0.49173
1750.0 1950.0 0.28993
1850.0 1950.0 0.12504
1950.0 1950.0 0.02769
2050.0 1950.0 -0.04555
2150.0 1950.0 -0.08756
2250.0 1950.0 -0.08651
2350.0 1950.0 -0.04740
2450.0 1950.0 0.01161
2550.0 1950.0 0.06517
2650.0 1950.0 0.08908
2750.0 1950.0 0.07089
2850.0 1950.0 0.02183
2950.0 1950.0 -0.09985
3050.0 1950.0 -0.36780
3150.0 1950.0 -0.70655
3250.0 1950.0 -0.98083
3350.0 1950.0 -1.07907
3450.0 1950.0 -0.95967
3550.0 1950.0 -0.66029
3650.0 1950.0 -0.27002
3750.0 1950.0 0.13725
3850.0 1950.0 0.58949
3950.0 1950.0 1.05307
4050.0 1950.0 1.39010
4150.0 1950.0 1.47958
4250.0 1950.0 1.29118
4350.0 1950.0 0.90393
4450.0 1950.0 0.46992
4550.0 1950.0 0.12283
4650.0 1950.0 -0.16199
4750.0 1950.0 -0.52860
4850.0 1950.0 -0.94826
4950.0 1950.0 -1.27988
5050.0 1950.0 -1.39364
5150.0 1950.0 -1.24308
5250.0 1950.0 -0.88519
5350.0 1950.0 -0.44861
5450.0 1950.0 -0.04967
5550.0 1950.0 0.34678
5650.0 1950.0 0.89610
5750.0 1950.0 1.51391
5850.0 1950.0 1.97715
5950.0 1950.0 2.09877
6050.0 1950.0 1.82506
6150.0 1950.0 1.25550
6250.0 1950.0 0.58489
6350.0 1950.0 -0.03197
50.0 2050.0 -0.05444
150.0 2050.0 0.50171
250.0 2050.0 1.03459
350.0 2050.0 1.42808
450.0 2050.0 1.54531
550.0 2050.0 1.35071
650.0 2050.0 0.91598
750.0 2050.0 0.39788
850.0 2050.0 -0.01055
950.0 2050.0 -0.15540
1050.0 2050.0 -0.02391
1150.0 2050.0 0.19997
1250.0 2050.0 0.44593
1350.0 2050.0 0.67412
1450.0 2050.0 0.82384
1550.0 2050.0 0.85783
1650.0 2050.0 0.78344
1750.0 2050.0 0.65042
1850.0 2050.0 0.52558
1950.0 2050.0 0.44404
2050.0 2050.0 0.38198
2150.0 2050.0 0.35129
2250.0 2050.0 0.36259
2350.0 2050.0 0.40958
2450.0 2050.0 0.47355
2550.0 2050.0 0.52978
2650.0 2050.0 0.55554
2750.0 2050.0 0.54002
2850.0 2050.0 0.49464
2950.0 2050.0 0.35362
3050.0 2050.0 -0.00121
3150.0 2050.0 -0.50319
3250.0 2050.0 -0.99484
3350.0 2050.0 -1.32382
3450.0 2050.0 -1.40306
3550.0 2050.0 -1.23508
3650.0 2050.0 -0.90043
3750.0 2050.0 -0.50608
3850.0 2050.0 -0.03452
3950.0 2050.0 0.51503
4050.0 2050.0 1.00798
4150.0 2050.0 1.29977
4250.0 2050.0 1.32075
4350.0 2050.0 1.10779
4450.0 2050.0 0.78238
4550.0 2050.0 0.47544
4650.0 2050.0 0.20036
4750.0 2050.0 -0.16282
4850.0 2050.0 -0.59006
4950.0 2050.0 -0.94115
5050.0 2050.0 -1.08294
5150.0 2050.0 -0.96266
5250.0 2050.0 -0.63003
5350.0 2050.0 -0.20808
5450.0 2050.0 0.18719
5550.0 2050.0 0.57852
5650.0 2050.0 1.08651
5750.0 2050.0 1.61236
5850.0 2050.0 1.94508
5950.0 2050.0 1.92413
6050.0 2050.0 1.52584
6150.0 2050.0 0.87356
6250.0 2050.0 0.17131
6350.0 2050.0 -0.43894
50.0 2150.0 0.33820
150.0 2150.0 0.88935
250.0 2150.0 1.40280
350.0 2150.0 1.77143
450.0 2150.0 1.85110
550.0 2150.0 1.60192
650.0 2150.0 1.09686
750.0 2150.0 0.49962
850.0 2150.0 0.01381
950.0 2150.0 -0.19677
1050.0 2150.0 -0.11674
1150.0 2150.0 0.05871
1250.0 2150.0 0.25317
1350.0 2150.0 0.44265
1450.0 2150.0 0.58668
1550.0 2150.0 0.65803
1650.0 2150.0 0.65759
1750.0 2150.0 0.61425
1850.0 2150.0 0.56969
1950.0 2150.0 0.54819
2050.0 2150.0 0.53927
2150.0 2150.0 0.55190
2250.0 2150.0 0.58839
2350.0 2150.0 0.63928
2450.0 2150.0 0.69002
2550.0 2150.0 0.72645
2650.0 2150.0 0.73938
2750.0 2150.0 0.72796
2850.0 2150.0 0.70105
2950.0 2150.0 0.57274
3050.0 2150.0 0.20055
3150.0 2150.0 -0.36636
3250.0 2150.0 -0.97308
3350.0 2150.0 -1.45245
3450.0 2150.0 -1.68900
3550.0 2150.0 -1.65327
3650.0 2150.0 -1.40665
3750.0 2150.0 -1.07006
3850.0 2150.0 -0.62697
3950.0 2150.0 -0.03374
4050.0 2150.0 0.59506
4150.0 2150.0 1.10323
4250.0 2150.0 1.38143
4350.0 2150.0 1.41063
4450.0 2150.0 1.26052
4550.0 2150.0 1.04307
4650.0 2150.0 0.81408
4750.0 2150.0 0.47070
4850.0 2150.0 0.01269
4950.0 2150.0 -0.42461
5050.0 2150.0 -0.69336
5150.0 2150.0 -0.71192
5250.0 2150.0 -0.49594
5350.0 2150.0 -0.14200
5450.0 2150.0 0.23616
5550.0 2150.0 0.62276
5650.0 2150.0 1.09391
5750.0 2150.0 1.54773
5850.0 2150.0 1.79545
5950.0 2150.0 1.70509
6050.0 2150.0 1.27476
6150.0 2150.0 0.63560
6250.0 2150.0 -0.01588
6350.0 2150.0 -0.55584
50.0 2250.0 0.40809
150.0 2250.0 0.93513
250.0 2250.0 1.41326
350.0 2250.0 1.76799
450.0 2250.0 1.86079
550.0 2250.0 1.63670
650.0 2250.0 1.14747
750.0 2250.0 0.53976
850.0 2250.0 0.01011
950.0 2250.0 -0.27334
1050.0 2250.0 -0.28236
1150.0 2250.0 -0.20630
1250.0 2250.0 -0.14148
1350.0 2250.0 -0.08988
1450.0 2250.0 -0.04543
1550.0 2250.0 0.00077
1650.0 2250.0 0.05666
1750.0 2250.0 0.12668
1850.0 2250.0 0.21042
1950.0 2250.0 0.30251
2050.0 2250.0 0.39717
2150.0 2250.0 0.48958
2250.0 2250.0 0.56463
2350.0 2250.0 0.60821
2450.0 2250.0 0.61674
2550.0 2250.0 0.60019
2650.0 2250.0 0.57843
2750.0 2250.0 0.57119
2850.0 2250.0 0.58056
2950.0 2250.0 0.50660
3050.0 2250.0 0.21187
3150.0 2250.0 -0.28182
3250.0 2250.0 -0.85507
3350.0 2250.0 -1.36213
3450.0 2250.0 -1.68483
3550.0 2250.0 -1.76924
3650.0 2250.0 -1.64519
3750.0 2250.0 -1.42083
3850.0 2250.0 -1.07400
3950.0 2250.0 -0.51871
4050.0 2250.0 0.17105
4150.0 2250.0 0.85034
4250.0 2250.0 1.38188
4350.0 2250.0 1.68623
4450.0 2250.0 1.76352
4550.0 2250.0 1.68671
4650.0 2250.0 1.54837
4750.0 2250.0 1.25360
4850.0 2250.0 0.75998
4950.0 2250.0 0.19181
5050.0 2250.0 -0.28104
5150.0 2250.0 -0.52916
5250.0 2250.0 -0.50957
5350.0 2250.0 -0.27162
5450.0 2250.0 0.07715
5550.0 2250.0 0.45919
5650.0 2250.0 0.89672
5750.0 2250.0 1.29752
5850.0 2250.0 1.50792
5950.0 2250.0 1.42838
6050.0 2250.0 1.07045
6150.0 2250.0 0.55499
6250.0 2250.0 0.05148
6350.0 2250.0 -0.34139
50.0 2350.0 0.17622
150.0 2350.0 0.66293
250.0 2350.0 1.09461
350.0 2350.0 1.44925
450.0 2350.0 1.60660
550.0 2350.0 1.48766
650.0 2350.0 1.10269
750.0 2350.0 0.55869
850.0 2350.0 0.02763
950.0 2350.0 -0.32451
1050.0 2350.0 -0.44794
1150.0 2350.0 -0.50859
1250.0 2350.0 -0.63136
1350.0 2350.0 -0.79207
1450.0 2350.0 -0.91870
1550.0 2350.0 -0.94661
1650.0 2350.0 -0.85029
1750.0 2350.0 -0.65177
1850.0 2350.0 -0.40572
1950.0 2350.0 -0.16114
2050.0 2350.0 0.07328
2150.0 2350.0 0.26899
2250.0 2350.0 0.38632
2350.0 2350.0 0.40618
2450.0 2350.0 0.34256
2550.0 2350.0 0.24111
2650.0 2350.0 0.16361
2750.0 2350.0 0.15843
2850.0 2350.0 0.21689
2950.0 2350.0 0.23122
3050.0 2350.0 0.09654
3150.0 2350.0 -0.19891
3250.0 2350.0 -0.59900
3350.0 2350.0 -1.01189
3450.0 2350.0 -1.34188
3550.0 2350.0 -1.52067
3650.0 2350.0 -1.53825
3750.0 2350.0 -1.46594
3850.0 2350.0 -1.27745
3950.0 2350.0 -0.85855
4050.0 2350.0 -0.22728
4150.0 2350.0 0.51003
4250.0 2350.0 1.21255
4350.0 2350.0 1.75278
4450.0 2350.0 2.05843
4550.0 2350.0 2.14838
4650.0 2350.0 2.13377
4750.0 2350.0 1.92008
4850.0 2350.0 1.41730
4950.0 2350.0 0.73228
5050.0 2350.0 0.05418
5150.0 2350.0 -0.43703
5250.0 2350.0 -0.63201
5350.0 2350.0 -0.52352
5450.0 2350.0 -0.20792
5550.0 2350.0 0.16938
5650.0 2350.0 0.57272
5750.0 2350.0 0.92774
5850.0 2350.0 1.12591
5950.0 2350.0 1.10471
6050.0 2350.0 0.88526
6150.0 2350.0 0.56688
6250.0 2350.0 0.27870
6350.0 2350.0 0.08827
50.0 2450.0 -0.23237
150.0 2450.0 0.20624
250.0 2450.0 0.58907
350.0 2450.0 0.95559
450.0 2450.0 1.21197
550.0 2450.0 1.25117
650.0 2450.0 1.03083
750.0 2450.0 0.60486
850.0 2450.0 0.10934
950.0 2450.0 -0.29723
1050.0 2450.0 -0.53930
1150.0 2450.0 -0.74724
1250.0 2450.0 -1.07509
1350.0 2450.0 -1.47179
1450.0 2450.0 -1.79362
1550.0 2450.0 -1.91397
1650.0 2450.0 -1.78590
1750.0 2450.0 -1.45768
1850.0 2450.0 -1.04124
1950.0 2450.0 -0.63356
2050.0 2450.0 -0.25014
2150.0 2450.0 0.05113
2250.0 2450.0 0.20334
2350.0 2450.0 0.18342
2450.0 2450.0 0.02697
2550.0 2450.0 -0.17898
2650.0 2450.0 -0.32526
2750.0 2450.0 -0.33196
2850.0 2450.0 -0.22112
2950.0 2450.0 -0.10413
3050.0 2450.0 -0.03692
3150.0 2450.0 -0.06546
3250.0 2450.0 -0.20967
3350.0 2450.0 -0.44922
3450.0 2450.0 -0.72687
3550.0 2450.0 -0.96923
3650.0 2450.0 -1.12520
3750.0 2450.0 -1.21617
3850.0 2450.0 -1.22092
3950.0 2450.0 -1.02020
4050.0 2450.0 -0.57129
4150.0 2450.0 0.08067
4250.0 2450.0 0.82014
4350.0 2450.0 1.49680
4450.0 2450.0 1.97937
4550.0 2450.0 2.22773
4650.0 2450.0 2.34685
4750.0 2450.0 2.23933
4850.0 2450.0 1.77659
4950.0 2450.0 1.04375
5050.0 2450.0 0.23705
5150.0 2450.0 -0.42751
5250.0 2450.0 -0.78625
5350.0 2450.0 -0.78087
5450.0 2450.0 -0.49227
5550.0 2450.0 -0.12023
5650.0 2450.0 0.24471
5750.0 2450.0 0.54672
5850.0 2450.0 0.72609
5950.0 2450.0 0.76113
6050.0 2450.0 0.68448
6150.0 2450.0 0.57345
6250.0 2450.0 0.51437
6350.0 2450.0 0.54094
50.0 2550.0 -0.62803
150.0 2550.0 -0.23403
250.0 2550.0 0.10694
350.0 2550.0 0.49091
450.0 2550.0 0.85110
550.0 2550.0 1.05471
650.0 2550.0 1.00886
750.0 2550.0 0.71506
850.0 2550.0 0.27251
950.0 2550.0 -0.16985
1050.0 2550.0 -0.51252
1150.0 2550.0 -0.84822
1250.0 2550.0 -1.35249
1350.0 2550.0 -1.95027
1450.0 2550.0 -2.43599
1550.0 2550.0 -2.63023
1650.0 2550.0 -2.46871
1750.0 2550.0 -2.02361
1850.0 2550.0 -1.45712
1950.0 2550.0 -0.90735
2050.0 2550.0 -0.39553
2150.0 2550.0 -0.00802
2250.0 2550.0 0.16364
2350.0 2550.0 0.09438
2450.0 2550.0 -0.15862
2550.0 2550.0 -0.46918
2650.0 2550.0 -0.68447
2750.0 2550.0 -0.69635
2850.0 2550.0 -0.54033
2950.0 2550.0 -0.33085
3050.0 2550.0 -0.07575
3150.0 2550.0 0.15007
3250.0 2550.0 0.25718
3350.0 2550.0 0.19814
3450.0 2550.0 -0.00913
3550.0 2550.0 -0.29113
3650.0 2550.0 -0.56173
3750.0 2550.0 -0.79501
3850.0 2550.0 -0.98805
3950.0 2550.0 -1.03969
4050.0 2550.0 -0.85385
4150.0 2550.0 -0.40520
4250.0 2550.0 0.23815
4350.0 2550.0 0.93120
4450.0 2550.0 1.50786
4550.0 2550.0 1.87584
4650.0 2550.0 2.11240
4750.0 2550.0 2.11926
4850.0 2550.0 1.74913
4950.0 2550.0 1.06469
5050.0 2550.0 0.25254
5150.0 2550.0 -0.46110
5250.0 2550.0 -0.88498
5350.0 2550.0 -0.92766
5450.0 2550.0 -0.65254
5550.0 2550.0 -0.28640
5650.0 2550.0 0.03399
5750.0 2550.0 0.26440
5850.0 2550.0 0.39007
5950.0 2550.0 0.43163
6050.0 2550.0 0.44021
6150.0 2550.0 0.48132
6250.0 2550.0 0.60761
6350.0 2550.0 0.82034
50.0 2650.0 -0.81899
150.0 2650.0 -0.45575
250.0 2650.0 -0.14257
350.0 2650.0 0.25569
450.0 2650.0 0.69180
550.0 2650.0 1.01525
650.0 2650.0 1.09761
750.0 2650.0 0.90304
850.0 2650.0 0.50400
950.0 2650.0 0.04191
1050.0 2650.0 -0.36712
1150.0 2650.0 -0.78727
1250.0 2650.0 -1.40233
1350.0 2650.0 -2.11885
1450.0 2650.0 -2.69158
1550.0 2650.0 -2.90996
1650.0 2650.0 -2.70319
1750.0 2650.0 -2.16369
1850.0 2650.0 -1.48918
1950.0 2650.0 -0.84317
2050.0 2650.0 -0.24662
2150.0 2650.0 0.19278
2250.0 2650.0 0.36603
2350.0 2650.0 0.24825
2450.0 2650.0 -0.08598
2550.0 2650.0 -0.48100
2650.0 2650.0 -0.75213
2750.0 2650.0 -0.77153
2850.0 2650.0 -0.58574
2950.0 2650.0 -0.31553
3050.0 2650.0 0.06090
3150.0 2650.0 0.44904
3250.0 2650.0 0.71415
3350.0 2650.0 0.76541
3450.0 2650.0 0.59651
3550.0 2650.0 0.28253
3650.0 2650.0 -0.06673
3750.0 2650.0 -0.39595
3850.0 2650.0 -0.73287
3950.0 2650.0 -1.00866
4050.0 2650.0 -1.09102
4150.0 2650.0 -0.89228
4250.0 2650.0 -0.42636
4350.0 2650.0 0.18752
4450.0 2650.0 0.77443
4550.0 2650.0 1.20650
4650.0 2650.0 1.52311
4750.0 2650.0 1.63200
4850.0 2650.0 1.39045
4950.0 2650.0 0.84211
5050.0 2650.0 0.14895
5150.0 2650.0 -0.48039
5250.0 2650.0 -0.85885
5350.0 2650.0 -0.88574
5450.0 2650.0 -0.60811
5550.0 2650.0 -0.24838
5650.0 2650.0 0.02163
5750.0 2650.0 0.15718
5850.0 2650.0 0.17817
5950.0 2650.0 0.14613
6050.0 2650.0 0.14011
6150.0 2650.0 0.23128
6250.0 2650.0 0.45625
6350.0 2650.0 0.78897
50.0 2750.0 -0.69685
150.0 2750.0 -0.34562
250.0 2750.0 -0.04422
350.0 2750.0 0.35824
450.0 2750.0 0.82169
550.0 2750.0 1.18858
650.0 2750.0 1.31675
750.0 2750.0 1.15633
850.0 2750.0 0.76998
950.0 2750.0 0.29674
1050.0 2750.0 -0.14071
1150.0 2750.0 -0.59428
1250.0 2750.0 -1.24205
1350.0 2750.0 -1.97831
1450.0 2750.0 -2.54447
1550.0 2750.0 -2.72492
1650.0 2750.0 -2.45569
1750.0 2750.0 -1.84585
1850.0 2750.0 -1.11157
1950.0 2750.0 -0.42296
2050.0 2750.0 0.20771
2150.0 2750.0 0.66203
2250.0 2750.0 0.82255
2350.0 2750.0 0.66622
2450.0 2750.0 0.27841
2550.0 2750.0 -0.16898
2650.0 2750.0 -0.47487
2750.0 2750.0 -0.50219
2850.0 2750.0 -0.30448
2950.0 2750.0 -0.01471
3050.0 2750.0 0.39015
3150.0 2750.0 0.80596
3250.0 2750.0 1.08510
3350.0 2750.0 1.12874
3450.0 2750.0 0.93106
3550.0 2750.0 0.57555
3650.0 2750.0 0.18316
3750.0 2750.0 -0.18746
3850.0 2750.0 -0.60228
3950.0 2750.0 -1.02644
4050.0 2750.0 -1.31193
4150.0 2750.0 -1.33000
4250.0 2750.0 -1.04978
4350.0 2750.0 -0.55781
4450.0 2750.0 -0.01847
4550.0 2750.0 0.42476
4650.0 2750.0 0.77689
4750.0 2750.0 0.96069
4850.0 2750.0 0.85715
4950.0 2750.0 0.49677
5050.0 2750.0 0.00825
5150.0 2750.0 -0.43789
5250.0 2750.0 -0.68494
5350.0 2750.0 -0.64470
5450.0 2750.0 -0.35147
5550.0 2750.0 0.00161
5650.0 2750.0 0.21759
5750.0 2750.0 0.23821
5850.0 2750.0 0.10529
5950.0 2750.0 -0.08237
6050.0 2750.0 -0.20911
6150.0 2750.0 -0.17973
6250.0 2750.0 0.04600
6350.0 2750.0 0.42173
50.0 2850.0 -0.34306
150.0 2850.0 0.00911
250.0 2850.0 0.30869
350.0 2850.0 0.70604
450.0 2850.0 1.15885
550.0 2850.0 1.50987
650.0 2850.0 1.61918
750.0 2850.0 1.44014
850.0 2850.0 1.03863
950.0 2850.0 0.55569
1050.0 2850.0 0.11348
1150.0 2850.0 -0.34043
1250.0 2850.0 -0.96995
1350.0 2850.0 -1.66095
1450.0 2850.0 -2.15861
1550.0 2850.0 -2.25935
1650.0 2850.0 -1.91505
1750.0 2850.0 -1.24932
1850.0 2850.0 -0.48590
1950.0 2850.0 0.21078
2050.0 2850.0 0.84321
2150.0 2850.0 1.29011
2250.0 2850.0 1.43156
2350.0 2850.0 1.24707
2450.0 2850.0 0.82768
2550.0 2850.0 0.35219
2650.0 2850.0 0.02747
2750.0 2850.0 -0.00713
2850.0 2850.0 0.19094
2950.0 2850.0 0.47202
3050.0 2850.0 0.83936
3150.0 2850.0 1.18525
3250.0 2850.0 1.37179
3350.0 2850.0 1.31761
3450.0 2850.0 1.03618
3550.0 2850.0 0.62571
3650.0 2850.0 0.21056
3750.0 2850.0 -0.16615
3850.0 2850.0 -0.61073
3950.0 2850.0 -1.11732
4050.0 2850.0 -1.53570
4150.0 2850.0 -1.71439
4250.0 2850.0 -1.59064
4350.0 2850.0 -1.22066
4450.0 2850.0 -0.75018
4550.0 2850.0 -0.32513
4650.0 2850.0 0.03350
4750.0 2850.0 0.26979
4850.0 2850.0 0.29740
4950.0 2850.0 0.13831
5050.0 2850.0 -0.11414
5150.0 2850.0 -0.33613
5250.0 2850.0 -0.41374
5350.0 2850.0 -0.28274
5450.0 2850.0 0.03211
5550.0 2850.0 0.37833
5650.0 2850.0 0.53893
5750.0 2850.0 0.43424
5850.0 2850.0 0.11950
5950.0 2850.0 -0.27227
6050.0 2850.0 -0.58410
6150.0 2850.0 -0.68574
6250.0 2850.0 -0.52097
6350.0 2850.0 -0.15174
50.0 2950.0 0.10551
150.0 2950.0 0.44362
250.0 2950.0 0.72666
350.0 2950.0 1.09309
450.0 2950.0 1.49502
550.0 2950.0 1.78269
650.0 2950.0 1.82906
750.0 2950.0 1.59974
850.0 2950.0 1.16815
950.0 2950.0 0.67593
1050.0 2950.0 0.23849
1150.0 2950.0 -0.20312
1250.0 2950.0 -0.79529
1350.0 2950.0 -1.41544
1450.0 2950.0 -1.81702
1550.0 2950.0 -1.81396
1650.0 2950.0 -1.37798
1750.0 2950.0 -0.64842
1850.0 2950.0 0.14509
1950.0 2950.0 0.84739
2050.0 2950.0 1.48218
2150.0 2950.0 1.93513
2250.0 2950.0 2.08470
2350.0 2950.0 1.90672
2450.0 2950.0 1.48904
2550.0 2950.0 1.00919
2650.0 2950.0 0.67504
2750.0 2950.0 0.62846
2850.0 2950.0 0.81412
2950.0 2950.0 1.06938
3050.0 2950.0 1.37496
3150.0 2950.0 1.62405
3250.0 2950.0 1.69574
3350.0 2950.0 1.53172
3450.0 2950.0 1.16632
3550.0 2950.0 0.70972
3650.0 2950.0 0.28442
3750.0 2950.0 -0.08552
3850.0 2950.0 -0.54343
3950.0 2950.0 -1.11064
4050.0 2950.0 -1.63862
4150.0 2950.0 -1.95866
4250.0 2950.0 -1.98004
4350.0 2950.0 -1.72944
4450.0 2950.0 -1.33158
4550.0 2950.0 -0.93106
4650.0 2950.0 -0.57200
4750.0 2950.0 -0.28520
4850.0 2950.0 -0.12306
4950.0 2950.0 -0.07523
5050.0 2950.0 -0.08811
5150.0 2950.0 -0.08804
5250.0 2950.0 -0.00520
5350.0 2950.0 0.20174
5450.0 2950.0 0.52023
5550.0 2950.0 0.84051
5650.0 2950.0 0.92324
5750.0 2950.0 0.66669
5850.0 2950.0 0.14140
5950.0 2950.0 -0.48255
6050.0 2950.0 -1.00441
6150.0 2950.0 -1.25753
6250.0 2950.0 -1.16995
6350.0 2950.0 -0.82081
50.0 3050.0 0.66450
150.0 3050.0 0.94132
250.0 3050.0 1.16338
350.0 3050.0 1.43513
450.0 3050.0 1.70066
550.0 3050.0 1.83444
650.0 3050.0 1.74284
750.0 3050.0 1.41787
850.0 3050.0 0.94327
950.0 3050.0 0.45297
1050.0 3050.0 0.04187
1150.0 3050.0 -0.36345
1250.0 3050.0 -0.88819
1350.0 3050.0 -1.40224
1450.0 3050.0 -1.67272
1550.0 3050.0 -1.53678
1650.0 3050.0 -0.98921
1750.0 3050.0 -0.18492
1850.0 3050.0 0.64378
1950.0 3050.0 1.35496
2050.0 3050.0 2.00346
2150.0 3050.0 2.50326
2250.0 3050.0 2.73065
2350.0 3050.0 2.64121
2450.0 3050.0 2.29850
2550.0 3050.0 1.86153
2650.0 3050.0 1.53123
2750.0 3050.0 1.45569
2850.0 3050.0 1.59617
2950.0 3050.0 1.78843
3050.0 3050.0 1.99336
3150.0 3050.0 2.11620
3250.0 3050.0 2.06403
3350.0 3050.0 1.80548
3450.0 3050.0 1.39001
3550.0 3050.0 0.92698
3650.0 3050.0 0.52437
3750.0 3050.0 0.18630
3850.0 3050.0 -0.25328
3950.0 3050.0 -0.83794
4050.0 3050.0 -1.42769
4150.0 3050.0 -1.84685
4250.0 3050.0 -1.98476
4350.0 3050.0 -1.84124
4450.0 3050.0 -1.51694
4550.0 3050.0 -1.14841
4650.0 3050.0 -0.79686
4750.0 3050.0 -0.46179
4850.0 3050.0 -0.16389
4950.0 3050.0 0.08588
5050.0 3050.0 0.29253
5150.0 3050.0 0.47645
5250.0 3050.0 0.66738
5350.0 3050.0 0.89266
5450.0 3050.0 1.15994
5550.0 3050.0 1.40164
5650.0 3050.0 1.35547
5750.0 3050.0 0.90329
5850.0 3050.0 0.13644
5950.0 3050.0 -0.73649
6050.0 3050.0 -1.47485
6150.0 3050.0 -1.88361
6250.0 3050.0 -1.88360
6350.0 3050.0 -1.57412
50.0 3150.0 1.20583
150.0 3150.0 1.36984
250.0 3150.0 1.48358
350.0 3150.0 1.60224
450.0 3150.0 1.66543
550.0 3150.0 1.58799
650.0 3150.0 1.32470
750.0 3150.0 0.89983
850.0 3150.0 0.40182
950.0 3150.0 -0.05682
1050.0 3150.0 -0.41432
1150.0 3150.0 -0.75911
1250.0 3150.0 -1.19662
1350.0 3150.0 -1.59446
1450.0 3150.0 -1.73631
1550.0 3150.0 -1.48115
1650.0 3150.0 -0.84135
1750.0 3150.0 0.02053
1850.0 3150.0 0.87625
1950.0 3150.0 1.59768
2050.0 3150.0 2.27060
2150.0 3150.0 2.85331
2250.0 3150.0 3.21793
2350.0 3150.0 3.28400
2450.0 3150.0 3.07203
2550.0 3150.0 2.70859
2650.0 3150.0 2.38273
2750.0 3150.0 2.25397
2850.0 3150.0 2.31308
2950.0 3150.0 2.40525
3050.0 3150.0 2.47991
3150.0 3150.0 2.46726
3250.0 3150.0 2.31095
3350.0 3150.0 2.00490
3450.0 3150.0 1.60154
3550.0 3150.0 1.19115
3650.0 3150.0 0.85267
3750.0 3150.0 0.57421
3850.0 3150.0 0.19091
3950.0 3150.0 -0.35345
4050.0 3150.0 -0.93489
4150.0 3150.0 -1.38493
4250.0 3150.0 -1.58610
4350.0 3150.0 -1.51864
4450.0 3150.0 -1.25855
4550.0 3150.0 -0.92699
4650.0 3150.0 -0.59216
4750.0 3150.0 -0.22021
4850.0 3150.0 0.19142
4950.0 3150.0 0.60139
5050.0 3150.0 0.96283
5150.0 3150.0 1.24806
5250.0 3150.0 1.45902
5350.0 3150.0 1.62325
5450.0 3150.0 1.77567
5550.0 3150.0 1.88433
5650.0 3150.0 1.67635
5750.0 3150.0 1.03251
5850.0 3150.0 0.06581
5950.0 3150.0 -0.98887
6050.0 3150.0 -1.87223
6150.0 3150.0 -2.38445
6250.0 3150.0 -2.45552
6350.0 3150.0 -2.20200
50.0 3250.0 1.56198
150.0 3250.0 1.57891
250.0 3250.0 1.55434
350.0 3250.0 1.49508
450.0 3250.0 1.34647
550.0 3250.0 1.07176
650.0 3250.0 0.67485
750.0 3250.0 0.20409
850.0 3250.0 -0.26200
950.0 3250.0 -0.64724
1050.0 3250.0 -0.92833
1150.0 3250.0 -1.19890
1250.0 3250.0 -1.55236
1350.0 3250.0 -1.86295
1450.0 3250.0 -1.92883
1550.0 3250.0 -1.62049
1650.0 3250.0 -0.95288
1750.0 3250.0 -0.08133
1850.0 3250.0 0.77877
1950.0 3250.0 1.50862
2050.0 3250.0 2.21093
2150.0 3250.0 2.88989
2250.0 3250.0 3.41038
2350.0 3250.0 3.64815
2450.0 3250.0 3.57370
2550.0 3250.0 3.27789
2650.0 3250.0 2.93941
2750.0 3250.0 2.73410
2850.0 3250.0 2.68725
2950.0 3250.0 2.65906
3050.0 3250.0 2.59985
3150.0 3250.0 2.47435
3250.0 3250.0 2.26401
3350.0 3250.0 1.97986
3450.0 3250.0 1.66157
3550.0 3250.0 1.36285
3650.0 3250.0 1.12310
3750.0 3250.0 0.92314
3850.0 3250.0 0.62558
3950.0 3250.0 0.17330
4050.0 3250.0 -0.33078
4150.0 3250.0 -0.73853
4250.0 3250.0 -0.93985
4350.0 3250.0 -0.90568
4450.0 3250.0 -0.69063
4550.0 3250.0 -0.39538
4650.0 3250.0 -0.08409
4750.0 3250.0 0.30596
4850.0 3250.0 0.78739
4950.0 3250.0 1.28421
5050.0 3250.0 1.70358
5150.0 3250.0 1.98395
5250.0 3250.0 2.11752
5350.0 3250.0 2.14718
5450.0 3250.0 2.13766
5550.0 3250.0 2.08080
5650.0 3250.0 1.71776
5750.0 3250.0 0.94981
5850.0 3250.0 -0.09414
5950.0 3250.0 -1.17841
6050.0 3250.0 -2.06063
6150.0 3250.0 -2.57040
6250.0 3250.0 -2.66667
6350.0 3250.0 -2.47361
50.0 3350.0 1.63120
150.0 3350.0 1.49577
250.0 3350.0 1.33043
350.0 3350.0 1.11027
450.0 3350.0 0.79959
550.0 3350.0 0.40733
650.0 3350.0 -0.02727
750.0 3350.0 -0.45094
850.0 3350.0 -0.81355
950.0 3350.0 -1.08622
1050.0 3350.0 -1.28039
1150.0 3350.0 -1.47822
1250.0 3350.0 -1.77250
1350.0 3350.0 -2.05339
1450.0 3350.0 -2.12746
1550.0 3350.0 -1.86100
1650.0 3350.0 -1.25231
1750.0 3350.0 -0.43286
1850.0 3350.0 0.40247
1950.0 3350.0 1.13639
2050.0 3350.0 1.86566
2150.0 3350.0 2.62711
2250.0 3350.0 3.27524
2350.0 3350.0 3.64506
2450.0 3350.0 3.66402
2550.0 3350.0 3.39583
2650.0 3350.0 3.01609
2750.0 3350.0 2.71992
2850.0 3350.0 2.56252
2950.0 3350.0 2.41734
3050.0 3350.0 2.24768
3150.0 3350.0 2.05565
3250.0 3350.0 1.85420
3350.0 3350.0 1.65943
3450.0 3350.0 1.48460
3550.0 3350.0 1.33609
3650.0 3350.0 1.21092
3750.0 3350.0 1.09304
3850.0 3350.0 0.89209
3950.0 3350.0 0.55984
4050.0 3350.0 0.17721
4150.0 3350.0 -0.13551
4250.0 3350.0 -0.28597
4350.0 3350.0 -0.24552
4450.0 3350.0 -0.05322
4550.0 3350.0 0.21172
4650.0 3350.0 0.49740
4750.0 3350.0 0.88596
4850.0 3350.0 1.38673
4950.0 3350.0 1.89116
5050.0 3350.0 2.27336
5150.0 3350.0 2.45604
5250.0 3350.0 2.43932
5350.0 3350.0 2.29211
5450.0 3350.0 2.10628
5550.0 3350.0 1.88446
5650.0 3350.0 1.41001
5750.0 3350.0 0.62510
5850.0 3350.0 -0.33588
5950.0 3350.0 -1.26623
6050.0 3350.0 -1.97784
6150.0 3350.0 -2.36274
6250.0 3350.0 -2.42509
6350.0 3350.0 -2.28373
50.0 3450.0 1.42485
150.0 3450.0 1.16244
250.0 3450.0 0.88208
350.0 3450.0 0.55275
450.0 3450.0 0.16879
550.0 3450.0 -0.22742
650.0 3450.0 -0.58399
750.0 3450.0 -0.86535
850.0 3450.0 -1.06478
950.0 3450.0 -1.20353
1050.0 3450.0 -1.31654
1150.0 3450.0 -1.45754
1250.0 3450.0 -1.72921
1350.0 3450.0 -2.04377
1450.0 3450.0 -2.20847
1550.0 3450.0 -2.07056
1650.0 3450.0 -1.59573
1750.0 3450.0 -0.87976
1850.0 3450.0 -0.09340
1950.0 3450.0 0.63944
2050.0 3450.0 1.38687
2150.0 3450.0 2.19563
2250.0 3450.0 2.90791
2350.0 3450.0 3.33040
2450.0 3450.0 3.36562
2550.0 3450.0 3.06691
2650.0 3450.0 2.61699
2750.0 3450.0 2.23015
2850.0 3450.0 1.97914
2950.0 3450.0 1.74241
3050.0 3450.0 1.50325
3150.0 3450.0 1.29639
3250.0 3450.0 1.15486
3350.0 3450.0 1.08874
3450.0 3450.0 1.07859
3550.0 3450.0 1.08355
3650.0 3450.0 1.06411
3750.0 3450.0 1.01536
3850.0 3450.0 0.89929
3950.0 3450.0 0.68055
4050.0 3450.0 0.42164
4150.0 3450.0 0.21594
4250.0 3450.0 0.13549
4350.0 3450.0 0.20321
4450.0 3450.0 0.38943
4550.0 3450.0 0.63300
4650.0 3450.0 0.89647
4750.0 3450.0 1.27079
4850.0 3450.0 1.75369
4950.0 3450.0 2.21159
5050.0 3450.0 2.50030
5150.0 3450.0 2.54188
5250.0 3450.0 2.35457
5350.0 3450.0 2.03558
5450.0 3450.0 1.69700
5550.0 3450.0 1.34316
5650.0 3450.0 0.82041
5750.0 3450.0 0.12299
5850.0 3450.0 -0.62012
5950.0 3450.0 -1.25356
6050.0 3450.0 -1.66816
6150.0 3450.0 -1.83718
6250.0 3450.0 -1.81647
6350.0 3450.0 -1.70840
50.0 3550.0 1.05688
150.0 3550.0 0.71519
250.0 3550.0 0.36516
350.0 3550.0 -0.00490
450.0 3550.0 -0.36581
550.0 3550.0 -0.65947
650.0 3550.0 -0.84473
750.0 3550.0 -0.92154
850.0 3550.0 -0.93252
950.0 3550.0 -0.94234
1050.0 3550.0 -0.99462
1150.0 3550.0 -1.10372
1250.0 3550.0 -1.38789
1350.0 3550.0 -1.78204
1450.0 3550.0 -2.08746
1550.0 3550.0 -2.12393
1650.0 3550.0 -1.81795
1750.0 3550.0 -1.22702
1850.0 3550.0 -0.49975
1950.0 3550.0 0.22793
2050.0 3550.0 0.98142
2150.0 3550.0 1.79320
2250.0 3550.0 2.49319
2350.0 3550.0 2.87729
2450.0 3550.0 2.84601
2550.0 3550.0 2.46147
2650.0 3550.0 1.92291
2750.0 3550.0 1.46048
2850.0 3550.0 1.14882
2950.0 3550.0 0.85936
3050.0 3550.0 0.59466
3150.0 3550.0 0.41102
3250.0 3550.0 0.34918
3350.0 3550.0 0.40726
3450.0 3550.0 0.53667
3550.0 3550.0 0.66068
3650.0 3550.0 0.71583
3750.0 3550.0 0.71100
3850.0 3550.0 0.64901
3950.0 3550.0 0.50406
4050.0 3550.0 0.32702
4150.0 3550.0 0.19369
4250.0 3550.0 0.16236
4350.0 3550.0 0.25131
4450.0 3550.0 0.43613
4550.0 3550.0 0.66701
4650.0 3550.0 0.91611
4750.0 3550.0 1.27523
4850.0 3550.0 1.73055
4950.0 3550.0 2.13378
5050.0 3550.0 2.33372
5150.0 3550.0 2.25800
5250.0 3550.0 1.94177
5350.0 3550.0 1.50320
5450.0 3550.0 1.06592
5550.0 3550.0 0.63433
5650.0 3550.0 0.12310
5750.0 3550.0 -0.42388
5850.0 3550.0 -0.89039
5950.0 3550.0 -1.17895
6050.0 3550.0 -1.26152
6150.0 3550.0 -1.18990
6250.0 3550.0 -1.06557
6350.0 3550.0 -0.96919
50.0 3650.0 0.67533
150.0 3650.0 0.30591
250.0 3650.0 -0.06620
350.0 3650.0 -0.41603
450.0 3650.0 -0.68177
550.0 3650.0 -0.80614
650.0 3650.0 -0.77549
750.0 3650.0 -0.63326
850.0 3650.0 -0.46777
950.0 3650.0 -0.37445
1050.0 3650.0 -0.39242
1150.0 3650.0 -0.49430
1250.0 3650.0 -0.81373
1350.0 3650.0 -1.30398
1450.0 3650.0 -1.75686
1550.0 3650.0 -1.96431
1650.0 3650.0 -1.81712
1750.0 3650.0 -1.34063
1850.0 3650.0 -0.66739
1950.0 3650.0 0.05327
2050.0 3650.0 0.80173
2150.0 3650.0 1.57856
2250.0 3650.0 2.20306
2350.0 3650.0 2.47670
2450.0 3650.0 2.31765
2550.0 3650.0 1.81193
2650.0 3650.0 1.18098
2750.0 3650.0 0.66593
2850.0 3650.0 0.32971
2950.0 3650.0 0.02542
3050.0 3650.0 -0.23232
3150.0 3650.0 -0.37831
3250.0 3650.0 -0.37349
3350.0 3650.0 -0.23139
3450.0 3650.0 -0.01891
3550.0 3650.0 0.16862
3650.0 3650.0 0.25818
3750.0 3650.0 0.26959
3850.0 3650.0 0.22451
3950.0 3650.0 0.09798
4050.0 3650.0 -0.06322
4150.0 3650.0 -0.18742
4250.0 3650.0 -0.21791
4350.0 3650.0 -0.13480
4450.0 3650.0 0.04162
4550.0 3650.0 0.26552
4650.0 3650.0 0.50932
4750.0 3650.0 0.86262
4850.0 3650.0 1.30710
4950.0 3650.0 1.68921
5050.0 3650.0 1.85543
5150.0 3650.0 1.73573
5250.0 3650.0 1.37167
5350.0 3650.0 0.88918
5450.0 3650.0 0.41600
5550.0 3650.0 -0.03819
5650.0 3650.0 -0.49984
5750.0 3650.0 -0.88865
5850.0 3650.0 -1.10321
5950.0 3650.0 -1.09477
6050.0 3650.0 -0.89907
6150.0 3650.0 -0.62618
6250.0 3650.0 -0.40842
6350.0 3650.0 -0.30628
50.0 3750.0 0.34485
150.0 3750.0 -0.02446
250.0 3750.0 -0.39329
350.0 3750.0 -0.69446
450.0 3750.0 -0.83713
550.0 3750.0 -0.77282
650.0 3750.0 -0.52125
750.0 3750.0 -0.16977
850.0 3750.0 0.15300
950.0 3750.0 0.32941
1050.0 3750.0 0.33084
1150.0 3750.0 0.22454
1250.0 3750.0 -0.13604
1350.0 3750.0 -0.71878
1450.0 3750.0 -1.30588
1550.0 3750.0 -1.66463
1650.0 3750.0 -1.65558
1750.0 3750.0 -1.27800
1850.0 3750.0 -0.65244
1950.0 3750.0 0.05945
2050.0 3750.0 0.79606
2150.0 3750.0 1.51929
2250.0 3750.0 2.03951
2350.0 3750.0 2.17181
2450.0 3750.0 1.86098
2550.0 3750.0 1.22299
2650.0 3750.0 0.50294
2750.0 3750.0 -0.05046
2850.0 3750.0 -0.39219
2950.0 3750.0 -0.69276
3050.0 3750.0 -0.93120
3150.0 3750.0 -1.04061
3250.0 3750.0 -0.98736
3350.0 3750.0 -0.79449
3450.0 3750.0 -0.53917
3550.0 3750.0 -0.32444
3650.0 3750.0 -0.22490
3750.0 3750.0 -0.21302
3850.0 3750.0 -0.26297
3950.0 3750.0 -0.40479
4050.0 3750.0 -0.59186
4150.0 3750.0 -0.74845
4250.0 3750.0 -0.81169
4350.0 3750.0 -0.75527
4450.0 3750.0 -0.59518
4550.0 3750.0 -0.37716
4650.0 3750.0 -0.13456
4750.0 3750.0 0.22025
4850.0 3750.0 0.67086
4950.0 3750.0 1.06336
5050.0 3750.0 1.24228
5150.0 3750.0 1.13488
5250.0 3750.0 0.78012
5350.0 3750.0 0.30234
5450.0 3750.0 -0.17027
5550.0 3750.0 -0.61751
5650.0 3750.0 -1.01704
5750.0 3750.0 -1.26306
5850.0 3750.0 -1.26825
5950.0 3750.0 -1.02234
6050.0 3750.0 -0.60863
6150.0 3750.0 -0.17853
6250.0 3750.0 0.11586
6350.0 3750.0 0.23105
50.0 3850.0 0.15126
150.0 3850.0 -0.20999
250.0 3850.0 -0.56649
350.0 3850.0 -0.81748
450.0 3850.0 -0.84643
550.0 3850.0 -0.61028
650.0 3850.0 -0.15562
750.0 3850.0 0.39289
850.0 3850.0 0.87088
950.0 3850.0 1.13954
1050.0 3850.0 1.17762
1150.0 3850.0 1.08912
1250.0 3850.0 0.72348
1350.0 3850.0 0.09327
1450.0 3850.0 -0.58960
1550.0 3850.0 -1.08194
1650.0 3850.0 -1.22002
1750.0 3850.0 -0.97275
1850.0 3850.0 -0.43725
1950.0 3850.0 0.22318
2050.0 3850.0 0.90602
2150.0 3850.0 1.53641
2250.0 3850.0 1.92169
2350.0 3850.0 1.89518
2450.0 3850.0 1.42843
2550.0 3850.0 0.66238
2650.0 3850.0 -0.14255
2750.0 3850.0 -0.73764
2850.0 3850.0 -1.09606
2950.0 3850.0 -1.40260
3050.0 3850.0 -1.62529
3150.0 3850.0 -1.69715
3250.0 3850.0 -1.59422
3350.0 3850.0 -1.35332
3450.0 3850.0 -1.06461
3550.0 3850.0 -0.83911
3650.0 3850.0 -0.75105
3750.0 3850.0 -0.76174
3850.0 3850.0 -0.83240
3950.0 3850.0 -0.98998
4050.0 3850.0 -1.18877
4150.0 3850.0 -1.35577
4250.0 3850.0 -1.43122
4350.0 3850.0 -1.39125
4450.0 3850.0 -1.25277
4550.0 3850.0 -1.06063
4650.0 3850.0 -0.84579
4750.0 3850.0 -0.51965
4850.0 3850.0 -0.09046
4950.0 3850.0 0.29996
5050.0 3850.0 0.50292
5150.0 3850.0 0.44280
5250.0 3850.0 0.14645
5350.0 3850.0 -0.27774
5450.0 3850.0 -0.71116
5550.0 3850.0 -1.11894
5650.0 3850.0 -1.43291
5750.0 3850.0 -1.53110
5850.0 3850.0 -1.34409
5950.0 3850.0 -0.89648
6050.0 3850.0 -0.30870
6150.0 3850.0 0.24040
6250.0 3850.0 0.59047
6350.0 3850.0 0.71589
50.0 3950.0 0.21551
150.0 3950.0 -0.12418
250.0 3950.0 -0.45279
350.0 3950.0 -0.66101
450.0 3950.0 -0.61733
550.0 3950.0 -0.27439
650.0 3950.0 0.31385
750.0 3950.0 1.00581
850.0 3950.0 1.61598
950.0 3950.0 1.98841
1050.0 3950.0 2.10014
1150.0 3950.0 2.07995
1250.0 3950.0 1.79359
1350.0 3950.0 1.22456
1450.0 3950.0 0.54401
1550.0 3950.0 -0.02775
1650.0 3950.0 -0.31852
1750.0 3950.0 -0.25991
1850.0 3950.0 0.09838
1950.0 3950.0 0.61588
2050.0 3950.0 1.15773
2150.0 3950.0 1.62617
2250.0 3950.0 1.84049
2350.0 3950.0 1.65750
2450.0 3950.0 1.06776
2550.0 3950.0 0.21791
2650.0 3950.0 -0.64071
2750.0 3950.0 -1.27722
2850.0 3950.0 -1.67817
2950.0 3950.0 -2.01410
3050.0 3950.0 -2.22991
3150.0 3950.0 -2.26099
3250.0 3950.0 -2.10190
3350.0 3950.0 -1.81311
3450.0 3950.0 -1.50492
3550.0 3950.0 -1.29865
3650.0 3950.0 -1.26502
3750.0 3950.0 -1.34604
3850.0 3950.0 -1.46820
3950.0 3950.0 -1.63605
4050.0 3950.0 -1.80705
4150.0 3950.0 -1.92720
4250.0 3950.0 -1.96192
4350.0 3950.0 -1.91017
4450.0 3950.0 -1.80188
4550.0 3950.0 -1.67856
4650.0 3950.0 -1.54982
4750.0 3950.0 -1.32154
4850.0 3950.0 -0.98286
4950.0 3950.0 -0.63689
5050.0 3950.0 -0.40465
5150.0 3950.0 -0.36176
5250.0 3950.0 -0.51045
5350.0 3950.0 -0.78683
5450.0 3950.0 -1.10351
5550.0 3950.0 -1.40609
5650.0 3950.0 -1.59152
5750.0 3950.0 -1.54288
5850.0 3950.0 -1.21565
5950.0 3950.0 -0.65903
6050.0 3950.0 -0.00564
6150.0 3950.0 0.57016
6250.0 3950.0 0.92530
6350.0 3950.0 1.05245
50.0 4050.0 0.48944
150.0 4050.0 0.18477
250.0 4050.0 -0.10164
350.0 4050.0 -0.28583
450.0 4050.0 -0.23843
550.0 4050.0 0.10397
650.0 4050.0 0.70693
750.0 4050.0 1.44214
850.0 4050.0 2.12639
950.0 4050.0 2.59553
1050.0 4050.0 2.81336
1150.0 4050.0 2.91258
1250.0 4050.0 2.79765
1350.0 4050.0 2.41665
1450.0 4050.0 1.86343
1550.0 4050.0 1.29723
1650.0 4050.0 0.87687
1750.0 4050.0 0.70951
1850.0 4050.0 0.81419
1950.0 4050.0 1.10007
2050.0 4050.0 1.41927
2150.0 4050.0 1.67941
2250.0 4050.0 1.73020
2350.0 4050.0 1.45149
2450.0 4050.0 0.83401
2550.0 4050.0 -0.00147
2650.0 4050.0 -0.84652
2750.0 4050.0 -1.50894
2850.0 4050.0 -1.97631
2950.0 4050.0 -2.36465
3050.0 4050.0 -2.58204
3150.0 4050.0 -2.56868
3250.0 4050.0 -2.34643
3350.0 4050.0 -2.00924
3450.0 4050.0 -1.69476
3550.0 4050.0 -1.53699
3650.0 4050.0 -1.60000
3750.0 4050.0 -1.79844
3850.0 4050.0 -2.00163
3950.0 4050.0 -2.17180
4050.0 4050.0 -2.27183
4150.0 4050.0 -2.28344
4250.0 4050.0 -2.22000
4350.0 4050.0 -2.12454
4450.0 4050.0 -2.05249
4550.0 4050.0 -2.03961
4650.0 4050.0 -2.05478
4750.0 4050.0 -1.99649
4850.0 4050.0 -1.82667
4950.0 4050.0 -1.58280
5050.0 4050.0 -1.33488
5150.0 4050.0 -1.15195
5250.0 4050.0 -1.07856
5350.0 4050.0 -1.12153
5450.0 4050.0 -1.24673
5550.0 4050.0 -1.38065
5650.0 4050.0 -1.40599
5750.0 4050.0 -1.23624
5850.0 4050.0 -0.85627
5950.0 4050.0 -0.32316
6050.0 4050.0 0.25117
6150.0 4050.0 0.73541
6250.0 4050.0 1.03234
6350.0 4050.0 1.15047
50.0 4150.0 0.83044
150.0 4150.0 0.56886
250.0 4150.0 0.33175
350.0 4150.0 0.14622
450.0 4150.0 0.12117
550.0 4150.0 0.34566
650.0 4150.0 0.83029
750.0 4150.0 1.49030
850.0 4150.0 2.17002
950.0 4150.0 2.70851
1050.0 4150.0 3.04644
1150.0 4150.0 3.29668
1250.0 4150.0 3.41863
1350.0 4150.0 3.32494
1450.0 4150.0 3.00798
1550.0 4150.0 2.53697
1650.0 4150.0 2.03651
1750.0 4150.0 1.64673
1850.0 4150.0 1.46494
1950.0 4150.0 1.46899
2050.0 4150.0 1.52308
2150.0 4150.0 1.57514
2250.0 4150.0 1.52085
2350.0 4150.0 1.25561
2450.0 4150.0 0.74525
2550.0 4150.0 0.05039
2650.0 4150.0 -0.69571
2750.0 4150.0 -1.35570
2850.0 4150.0 -1.90151
2950.0 4150.0 -2.35570
3050.0 4150.0 -2.57932
3150.0 4150.0 -2.51877
3250.0 4150.0 -2.22845
3350.0 4150.0 -1.84175
3450.0 4150.0 -1.52806
3550.0 4150.0 -1.43554
3650.0 4150.0 -1.61986
3750.0 4150.0 -1.96332
3850.0 4150.0 -2.26386
3950.0 4150.0 -2.42848
4050.0 4150.0 -2.42687
4150.0 4150.0 -2.28712
4250.0 4150.0 -2.08530
4350.0 4150.0 -1.92216
4450.0 4150.0 -1.88686
4550.0 4150.0 -2.00796
4650.0 4150.0 -2.20134
4750.0 4150.0 -2.36032
4850.0 4150.0 -2.41821
4950.0 4150.0 -2.33024
5050.0 4150.0 -2.09825
5150.0 4150.0 -1.77605
5250.0 4150.0 -1.45401
5350.0 4150.0 -1.22252
5450.0 4150.0 -1.11458
5550.0 4150.0 -1.04421
5650.0 4150.0 -0.90457
5750.0 4150.0 -0.65995
5850.0 4150.0 -0.32420
5950.0 4150.0 0.05590
6050.0 4150.0 0.41875
6150.0 4150.0 0.70771
6250.0 4150.0 0.89248
6350.0 4150.0 0.99226
50.0 4250.0 1.07612
150.0 4250.0 0.85762
250.0 4250.0 0.66742
350.0 4250.0 0.45765
450.0 4250.0 0.30379
550.0 4250.0 0.32468
650.0 4250.0 0.59105
750.0 4250.0 1.08148
850.0 4250.0 1.68585
950.0 4250.0 2.25626
1050.0 4250.0 2.70541
1150.0 4250.0 3.10815
1250.0 4250.0 3.48336
1350.0 4250.0 3.71440
1450.0 4250.0 3.68859
1550.0 4250.0 3.37525
1650.0 4250.0 2.85243
1750.0 4250.0 2.28226
1850.0 4250.0 1.83507
1950.0 4250.0 1.56225
2050.0 4250.0 1.36186
2150.0 4250.0 1.25127
2250.0 4250.0 1.17934
2350.0 4250.0 1.04532
2450.0 4250.0 0.76788
2550.0 4250.0 0.32267
2650.0 4250.0 -0.25159
2750.0 4250.0 -0.87836
2850.0 4250.0 -1.49886
2950.0 4250.0 -2.01827
3050.0 4250.0 -2.24738
3150.0 4250.0 -2.13874
3250.0 4250.0 -1.77923
3350.0 4250.0 -1.34173
3450.0 4250.0 -1.02745
3550.0 4250.0 -0.99887
3650.0 4250.0 -1.30336
3750.0 4250.0 -1.79077
3850.0 4250.0 -2.18636
3950.0 4250.0 -2.34044
4050.0 4250.0 -2.22949
4150.0 4250.0 -1.92906
4250.0 4250.0 -1.57953
4350.0 4250.0 -1.34097
4450.0 4250.0 -1.33737
4550.0 4250.0 -1.59009
4650.0 4250.0 -1.96100
4750.0 4250.0 -2.34366
4850.0 4250.0 -2.64838
4950.0 4250.0 -2.74745
5050.0 4250.0 -2.56930
5150.0 4250.0 -2.14515
5250.0 4250.0 -1.60378
5350.0 4250.0 -1.11458
5450.0 4250.0 -0.77868
5550.0 4250.0 -0.50810
5650.0 4250.0 -0.22621
5750.0 4250.0 0.04340
5850.0 4250.0 0.26298
5950.0 4250.0 0.40920
6050.0 4250.0 0.48680
6150.0 4250.0 0.52748
6250.0 4250.0 0.57425
6350.0 4250.0 0.65106
50.0 4350.0 1.10121
150.0 4350.0 0.91768
250.0 4350.0 0.76340
350.0 4350.0 0.51802
450.0 4350.0 0.22107
550.0 4350.0 0.01815
650.0 4350.0 0.03892
750.0 4350.0 0.32669
850.0 4350.0 0.82060
950.0 4350.0 1.39013
1050.0 4350.0 1.92217
1150.0 4350.0 2.44815
1250.0 4350.0 3.03732
1350.0 4350.0 3.55376
1450.0 4350.0 3.79816
1550.0 4350.0 3.65318
1650.0 4350.0 3.15122
1750.0 4350.0 2.46471
1850.0 4350.0 1.81900
1950.0 4350.0 1.32761
2050.0 4350.0 0.93242
2150.0 4350.0 0.73206
2250.0 4350.0 0.72452
2350.0 4350.0 0.80171
2450.0 4350.0 0.82436
2550.0 4350.0 0.67759
2650.0 4350.0 0.30683
2750.0 4350.0 -0.26560
2850.0 4350.0 -0.94269
2950.0 4350.0 -1.51283
3050.0 4350.0 -1.74162
3150.0 4350.0 -1.58620
3250.0 4350.0 -1.16061
3350.0 4350.0 -0.67133
3450.0 4350.0 -0.34717
3550.0 4350.0 -0.36363
3650.0 4350.0 -0.76172
3750.0 4350.0 -1.36368
3850.0 4350.0 -1.83425
3950.0 4350.0 -1.97764
4050.0 4350.0 -1.77573
4150.0 4350.0 -1.34255
4250.0 4350.0 -0.87062
4350.0 4350.0 -0.56823
4450.0 4350.0 -0.58771
4550.0 4350.0 -0.94463
4650.0 4350.0 -1.45761
4750.0 4350.0 -2.02688
4850.0 4350.0 -2.55017
4950.0 4350.0 -2.83235
5050.0 4350.0 -2.73741
5150.0 4350.0 -2.27052
5250.0 4350.0 -1.58365
5350.0 4350.0 -0.90486
5450.0 4350.0 -0.39111
5550.0 4350.0 0.03744
5650.0 4350.0 0.42004
5750.0 4350.0 0.68078
5850.0 4350.0 0.76565
5950.0 4350.0 0.67774
6050.0 4350.0 0.48417
6150.0 4350.0 0.29534
6250.0 4350.0 0.21664
6350.0 4350.0 0.27236
50.0 4450.0 0.85661
150.0 4450.0 0.69454
250.0 4450.0 0.56034
350.0 4450.0 0.28384
450.0 4450.0 -0.12235
550.0 4450.0 -0.49502
650.0 4450.0 -0.66317
750.0 4450.0 -0.53658
850.0 4450.0 -0.13914
950.0 4450.0 0.41323
1050.0 4450.0 0.99006
1150.0 4450.0 1.58900
1250.0 4450.0 2.31000
1350.0 4450.0 3.00807
1450.0 4450.0 3.43170
1550.0 4450.0 3.40894
1650.0 4450.0 2.94074
1750.0 4450.0 2.20156
1850.0 4450.0 1.44705
1950.0 4450.0 0.82909
2050.0 4450.0 0.32760
2150.0 4450.0 0.11228
2250.0 4450.0 0.21629
2350.0 4450.0 0.51736
2450.0 4450.0 0.82324
2550.0 4450.0 0.94461
2650.0 4450.0 0.75547
2750.0 4450.0 0.24107
2850.0 4450.0 -0.46633
2950.0 4450.0 -1.06374
3050.0 4450.0 -1.28327
3150.0 4450.0 -1.08416
3250.0 4450.0 -0.59883
3350.0 4450.0 -0.05746
3450.0 4450.0 0.29067
3550.0 4450.0 0.25930
3650.0 4450.0 -0.18935
3750.0 4450.0 -0.85800
3850.0 4450.0 -1.37253
3950.0 4450.0 -1.51007
4050.0 4450.0 -1.25569
4150.0 4450.0 -0.74577
4250.0 4450.0 -0.20313
4350.0 4450.0 0.13590
4450.0 4450.0 0.10255
4550.0 4450.0 -0.31538
4650.0 4450.0 -0.91205
4750.0 4450.0 -1.59965
4850.0 4450.0 -2.27493
4950.0 4450.0 -2.70188
5050.0 4450.0 -2.70022
5150.0 4450.0 -2.25101
5250.0 4450.0 -1.51153
5350.0 4450.0 -0.73942
5450.0 4450.0 -0.12594
5550.0 4450.0 0.39441
5650.0 4450.0 0.83190
5750.0 4450.0 1.07838
5850.0 4450.0 1.07129
5950.0 4450.0 0.83154
6050.0 4450.0 0.46571
6150.0 4450.0 0.13281
6250.0 4450.0 -0.02410
6350.0 4450.0 0.01844
50.0 4550.0 0.39054
150.0 4550.0 0.23658
250.0 4550.0 0.10790
350.0 4550.0 -0.18431
450.0 4550.0 -0.63916
550.0 4550.0 -1.08696
650.0 4550.0 -1.33994
750.0 4550.0 -1.28819
850.0 4550.0 -0.93941
950.0 4550.0 -0.40240
1050.0 4550.0 0.18576
1150.0 4550.0 0.80716
1250.0 4550.0 1.57075
1350.0 4550.0 2.32972
1450.0 4550.0 2.81613
1550.0 4550.0 2.83991
1650.0 4550.0 2.39060
1750.0 4550.0 1.64163
1850.0 4550.0 0.85712
1950.0 4550.0 0.20135
2050.0 4550.0 -0.32391
2150.0 4550.0 -0.50182
2250.0 4550.0 -0.28149
2350.0 4550.0 0.19955
2450.0 4550.0 0.71163
2550.0 4550.0 1.01886
2650.0 4550.0 0.95473
2750.0 4550.0 0.48722
2850.0 4550.0 -0.22625
2950.0 4550.0 -0.82797
3050.0 4550.0 -1.02973
3150.0 4550.0 -0.79045
3250.0 4550.0 -0.25216
3350.0 4550.0 0.34097
3450.0 4550.0 0.72634
3550.0 4550.0 0.70930
3650.0 4550.0 0.25218
3750.0 4550.0 -0.43628
3850.0 4550.0 -0.96510
3950.0 4550.0 -1.10400
4050.0 4550.0 -0.83895
4150.0 4550.0 -0.31224
4250.0 4550.0 0.24539
4350.0 4550.0 0.59042
4450.0 4550.0 0.54990
4550.0 4550.0 0.11263
4650.0 4550.0 -0.51025
4750.0 4550.0 -1.24546
4850.0 4550.0 -1.99760
4950.0 4550.0 -2.51642
5050.0 4550.0 -2.59982
5150.0 4550.0 -2.21025
5250.0 4550.0 -1.49613
5350.0 4550.0 -0.71803
5450.0 4550.0 -0.07972
5550.0 4550.0 0.46882
5650.0 4550.0 0.92671
5750.0 4550.0 1.17754
5850.0 4550.0 1.15531
5950.0 4550.0 0.88403
6050.0 4550.0 0.47930
6150.0 4550.0 0.11236
6250.0 4550.0 -0.06352
6350.0 4550.0 -0.02414
50.0 4650.0 -0.16563
150.0 4650.0 -0.31455
250.0 4650.0 -0.44096
350.0 4650.0 -0.73588
450.0 4650.0 -1.20222
550.0 4650.0 -1.67021
650.0 4650.0 -1.94884
750.0 4650.0 -1.92315
850.0 4650.0 -1.59546
950.0 4650.0 -1.07094
1050.0 4650.0 -0.48722
1150.0 4650.0 0.13220
1250.0 4650.0 0.89458
1350.0 4650.0 1.65402
1450.0 4650.0 2.14303
1550.0 4650.0 2.17132
1650.0 4650.0 1.72748
1750.0 4650.0 0.98359
1850.0 4650.0 0.20261
1950.0 4650.0 -0.45125
2050.0 4650.0 -0.96424
2150.0 4650.0 -1.08714
2250.0 4650.0 -0.75991
2350.0 4650.0 -0.13412
2450.0 4650.0 0.53326
2550.0 4650.0 0.97569
2650.0 4650.0 1.00251
2750.0 4650.0 0.57399
2850.0 4650.0 -0.13396
2950.0 4650.0 -0.72822
3050.0 4650.0 -0.90616
3150.0 4650.0 -0.62563
3250.0 4650.0 -0.03507
3350.0 4650.0 0.61119
3450.0 4650.0 1.04020
3550.0 4650.0 1.05009
3650.0 4650.0 0.60238
3750.0 4650.0 -0.08595
3850.0 4650.0 -0.61691
3950.0 4650.0 -0.76135
4050.0 4650.0 -0.50483
4150.0 4650.0 0.01208
4250.0 4650.0 0.56076
4350.0 4650.0 0.89948
4450.0 4650.0 0.85617
4550.0 4650.0 0.41918
4650.0 4650.0 -0.20342
4750.0 4650.0 -0.95345
4850.0 4650.0 -1.74704
4950.0 4650.0 -2.33172
5050.0 4650.0 -2.49389
5150.0 4650.0 -2.18029
5250.0 4650.0 -1.52443
5350.0 4650.0 -0.77806
5450.0 4650.0 -0.14768
5550.0 4650.0 0.40139
5650.0 4650.0 0.86632
5750.0 4650.0 1.13388
5850.0 4650.0 1.13661
5950.0 4650.0 0.89410
6050.0 4650.0 0.51629
6150.0 4650.0 0.16927
6250.0 4650.0 0.00368
6350.0 4650.0 0.04561
50.0 4750.0 -0.78506
150.0 4750.0 -0.89595
250.0 4750.0 -0.98736
350.0 4750.0 -1.24012
450.0 4750.0 -1.66282
550.0 4750.0 -2.10046
650.0 4750.0 -2.37391
750.0 4750.0 -2.37040
850.0 4750.0 -2.08378
950.0 4750.0 -1.60434
1050.0 4750.0 -1.05842
1150.0 4750.0 -0.47579
1250.0 4750.0 0.23754
1350.0 4750.0 0.94235
1450.0 4750.0 1.38747
1550.0 4750.0 1.39620
1650.0 4750.0 0.96117
1750.0 4750.0 0.24757
1850.0 4750.0 -0.49525
1950.0 4750.0 -1.11385
2050.0 4750.0 -1.58662
2150.0 4750.0 -1.64434
2250.0 4750.0 -1.22322
2350.0 4750.0 -0.48459
2450.0 4750.0 0.29810
2550.0 4750.0 0.84131
2650.0 4750.0 0.94229
2750.0 4750.0 0.55886
2850.0 4750.0 -0.12180
2950.0 4750.0 -0.68304
3050.0 4750.0 -0.80849
3150.0 4750.0 -0.45885
3250.0 4750.0 0.20607
3350.0 4750.0 0.91889
3450.0 4750.0 1.39678
3550.0 4750.0 1.43421
3650.0 4750.0 0.99638
3750.0 4750.0 0.31000
3850.0 4750.0 -0.22512
3950.0 4750.0 -0.38259
4050.0 4750.0 -0.14237
4150.0 4750.0 0.36317
4250.0 4750.0 0.91168
4350.0 4750.0 1.26327
4450.0 4750.0 1.24310
4550.0 4750.0 0.83407
4650.0 4750.0 0.23896
4750.0 4750.0 -0.49978
4850.0 4750.0 -1.31655
4950.0 4750.0 -1.96456
5050.0 4750.0 -2.22210
5150.0 4750.0 -2.01648
5250.0 4750.0 -1.45648
5350.0 4750.0 -0.77329
5450.0 4750.0 -0.16991
5550.0 4750.0 0.36500
5650.0 4750.0 0.81813
5750.0 4750.0 1.08136
5850.0 4750.0 1.09149
5950.0 4750.0 0.86865
6050.0 4750.0 0.51871
6150.0 4750.0 0.20040
6250.0 4750.0 0.05692
6350.0 4750.0 0.11224
50.0 4850.0 -1.40232
150.0 4850.0 -1.41656
250.0 4850.0 -1.41582
350.0 4850.0 -1.55041
450.0 4850.0 -1.83915
550.0 4850.0 -2.16725
650.0 4850.0 -2.39188
750.0 4850.0 -2.41314
850.0 4850.0 -2.20901
950.0 4850.0 -1.83446
1050.0 4850.0 -1.38449
1150.0 4850.0 -0.89791
1250.0 4850.0 -0.31213
1350.0 4850.0 0.25125
1450.0 4850.0 0.58354
1550.0 4850.0 0.54325
1650.0 4850.0 0.13313
1750.0 4850.0 -0.49996
1850.0 4850.0 -1.14247
1950.0 4850.0 -1.66880
2050.0 4850.0 -2.05556
2150.0 4850.0 -2.03832
2250.0 4850.0 -1.55973
2350.0 4850.0 -0.78166
2450.0 4850.0 0.02813
2550.0 4850.0 0.59636
2650.0 4850.0 0.73169
2750.0 4850.0 0.39933
2850.0 4850.0 -0.21708
2950.0 4850.0 -0.70374
3050.0 4850.0 -0.73666
3150.0 4850.0 -0.28680
3250.0 4850.0 0.46853
3350.0 4850.0 1.24797
3450.0 4850.0 1.76419
3550.0 4850.0 1.81750
3650.0 4850.0 1.38516
3750.0 4850.0 0.70271
3850.0 4850.0 0.15841
3950.0 4850.0 -0.02783
4050.0 4850.0 0.17853
4150.0 4850.0 0.66517
4250.0 4850.0 1.22393
4350.0 4850.0 1.61769
4450.0 4850.0 1.66299
4550.0 4850.0 1.32854
4650.0 4850.0 0.80756
4750.0 4850.0 0.12882
4850.0 4850.0 -0.66881
4950.0 4850.0 -1.35826
5050.0 4850.0 -1.71834
5150.0 4850.0 -1.65479
5250.0 4850.0 -1.23884
5350.0 4850.0 -0.66339
5450.0 4850.0 -0.11680
5550.0 4850.0 0.37955
5650.0 4850.0 0.78851
5750.0 4850.0 1.00995
5850.0 4850.0 0.99484
5950.0 4850.0 0.77283
6050.0 4850.0 0.44931
6150.0 4850.0 0.17248
6250.0 4850.0 0.07037
6350.0 4850.0 0.15773
50.0 4950.0 -1.85919
150.0 4950.0 -1.72259
250.0 4950.0 -1.57840
350.0 4950.0 -1.52871
450.0 4950.0 -1.60810
550.0 4950.0 -1.76436
650.0 4950.0 -1.91145
750.0 4950.0 -1.96977
850.0 4950.0 -1.89294
950.0 4950.0 -1.68103
1050.0 4950.0 -1.38028
1150.0 4950.0 -1.04256
1250.0 4950.0 -0.65073
1350.0 4950.0 -0.29749
1450.0 4950.0 -0.12649
1550.0 4950.0 -0.22709
1650.0 4950.0 -0.58396
1750.0 4950.0 -1.08148
1850.0 4950.0 -1.56303
1950.0 4950.0 -1.94502
2050.0 4950.0 -2.20662
2150.0 4950.0 -2.11625
2250.0 4950.0 -1.63403
2350.0 4950.0 -0.91116
2450.0 4950.0 -0.18439
2550.0 4950.0 0.31393
2650.0 4950.0 0.42993
2750.0 4950.0 0.14658
2850.0 4950.0 -0.37310
2950.0 4950.0 -0.75144
3050.0 4950.0 -0.66982
3150.0 4950.0 -0.11708
3250.0 4950.0 0.71023
3350.0 4950.0 1.52242
3450.0 4950.0 2.03922
3550.0 4950.0 2.08014
3650.0 4950.0 1.64290
3750.0 4950.0 0.96575
3850.0 4950.0 0.40639
3950.0 4950.0 0.17292
4050.0 4950.0 0.32254
4150.0 4950.0 0.77475
4250.0 4950.0 1.34449
4350.0 4950.0 1.79991
4450.0 4950.0 1.94479
4550.0 4950.0 1.72569
4650.0 4950.0 1.32134
4750.0 4950.0 0.75322
4850.0 4950.0 0.03041
4950.0 4950.0 -0.65344
5050.0 4950.0 -1.09027
5150.0 4950.0 -1.16869
5250.0 4950.0 -0.91677
5350.0 4950.0 -0.47663
5450.0 4950.0 -0.01064
5550.0 4950.0 0.42516
5650.0 4950.0 0.76079
5750.0 4950.0 0.90670
5850.0 4950.0 0.83695
5950.0 4950.0 0.59880
6050.0 4950.0 0.30040
6150.0 4950.0 0.07659
6250.0 4950.0 0.03319
6350.0 4950.0 0.16942
50.0 5050.0 -2.03256
150.0 5050.0 -1.71578
250.0 5050.0 -1.40225
350.0 5050.0 -1.13768
450.0 5050.0 -0.97691
550.0 5050.0 -0.94119
650.0 5050.0 -1.00960
750.0 5050.0 -1.12397
850.0 5050.0 -1.20676
950.0 5050.0 -1.19188
1050.0 5050.0 -1.06856
1150.0 5050.0 -0.90579
1250.0 5050.0 -0.73621
1350.0 5050.0 -0.61600
1450.0 5050.0 -0.61357
1550.0 5050.0 -0.76077
1650.0 5050.0 -1.03236
1750.0 5050.0 -1.35381
1850.0 5050.0 -1.63761
1950.0 5050.0 -1.84779
2050.0 5050.0 -1.96702
2150.0 5050.0 -1.81802
2250.0 5050.0 -1.38630
2350.0 5050.0 -0.80320
2450.0 5050.0 -0.25457
2550.0 5050.0 0.09159
2650.0 5050.0 0.13823
2750.0 5050.0 -0.10665
2850.0 5050.0 -0.51408
2950.0 5050.0 -0.77162
3050.0 5050.0 -0.58222
3150.0 5050.0 0.04239
3250.0 5050.0 0.89046
3350.0 5050.0 1.67494
3450.0 5050.0 2.13707
3550.0 5050.0 2.12862
3650.0 5050.0 1.67302
3750.0 5050.0 1.00132
3850.0 5050.0 0.42214
3950.0 5050.0 0.12664
4050.0 5050.0 0.19884
4150.0 5050.0 0.59758
4250.0 5050.0 1.16762
4350.0 5050.0 1.68583
4450.0 5050.0 1.94252
4550.0 5050.0 1.85801
4650.0 5050.0 1.59253
4750.0 5050.0 1.16937
4850.0 5050.0 0.57209
4950.0 5050.0 -0.04745
5050.0 5050.0 -0.50679
5150.0 5050.0 -0.68787
5250.0 5050.0 -0.58035
5350.0 5050.0 -0.27348
5450.0 5050.0 0.10363
5550.0 5050.0 0.46771
5650.0 5050.0 0.71515
5750.0 5050.0 0.76835
5850.0 5050.0 0.62898
5950.0 5050.0 0.36610
6050.0 5050.0 0.09216
6150.0 5050.0 -0.07273
6250.0 5050.0 -0.04857
6350.0 5050.0 0.14508
50.0 5150.0 -1.90620
150.0 5150.0 -1.41448
250.0 5150.0 -0.93960
350.0 5150.0 -0.47485
450.0 5150.0 -0.09729
550.0 5150.0 0.10261
650.0 5150.0 0.08699
750.0 5150.0 -0.10200
850.0 5150.0 -0.35298
950.0 5150.0 -0.53452
1050.0 5150.0 -0.58248
1150.0 5150.0 -0.58560
1250.0 5150.0 -0.61956
1350.0 5150.0 -0.70274
1450.0 5150.0 -0.83383
1550.0 5150.0 -0.99480
1650.0 5150.0 -1.15707
1750.0 5150.0 -1.29061
1850.0 5150.0 -1.37621
1950.0 5150.0 -1.42080
2050.0 5150.0 -1.40780
2150.0 5150.0 -1.22164
2250.0 5150.0 -0.87530
2350.0 5150.0 -0.47621
2450.0 5150.0 -0.15194
2550.0 5150.0 0.00175
2650.0 5150.0 -0.04938
2750.0 5150.0 -0.27071
2850.0 5150.0 -0.57237
2950.0 5150.0 -0.72165
3050.0 5150.0 -0.45652
3150.0 5150.0 0.18770
3250.0 5150.0 0.99217
3350.0 5150.0 1.68469
3450.0 5150.0 2.04003
3550.0 5150.0 1.95017
3650.0 5150.0 1.46462
3750.0 5150.0 0.79730
3850.0 5150.0 0.19637
3950.0 5150.0 -0.16710
4050.0 5150.0 -0.18338
4150.0 5150.0 0.14636
4250.0 5150.0 0.69888
4350.0 5150.0 1.26288
4450.0 5150.0 1.61809
4550.0 5150.0 1.65963
4650.0 5150.0 1.52769
4750.0 5150.0 1.25570
4850.0 5150.0 0.81150
4950.0 5150.0 0.30506
5050.0 5150.0 -0.11473
5150.0 5150.0 -0.33555
5250.0 5150.0 -0.32165
5350.0 5150.0 -0.11822
5450.0 5150.0 0.17974
5550.0 5150.0 0.47538
5650.0 5150.0 0.63894
5750.0 5150.0 0.60445
5850.0 5150.0 0.39986
5950.0 5150.0 0.11477
6050.0 5150.0 -0.13447
6150.0 5150.0 -0.24214
6250.0 5150.0 -0.15297
6350.0 5150.0 0.09563
50.0 5250.0 -1.58183
150.0 5250.0 -0.95353
250.0 5250.0 -0.35661
350.0 5250.0 0.25333
450.0 5250.0 0.77842
550.0 5250.0 1.07690
650.0 5250.0 1.07090
750.0 5250.0 0.79650
850.0 5250.0 0.39625
950.0 5250.0 0.05427
1050.0 5250.0 -0.12628
1150.0 5250.0 -0.25401
1250.0 5250.0 -0.43236
1350.0 5250.0 -0.64762
1450.0 5250.0 -0.84789
1550.0 5250.0 -0.98328
1650.0 5250.0 -1.02984
1750.0 5250.0 -0.99745
1850.0 5250.0 -0.92153
1950.0 5250.0 -0.83856
2050.0 5250.0 -0.72732
2150.0 5250.0 -0.52410
2250.0 5250.0 -0.26467
2350.0 5250.0 -0.03534
2450.0 5250.0 0.08629
2550.0 5250.0 0.06578
2650.0 5250.0 -0.07832
2750.0 5250.0 -0.28960
2850.0 5250.0 -0.51176
2950.0 5250.0 -0.58586
3050.0 5250.0 -0.29013
3150.0 5250.0 0.32045
3250.0 5250.0 1.02898
3350.0 5250.0 1.58677
3450.0 5250.0 1.80695
3550.0 5250.0 1.62133
3650.0 5250.0 1.10074
3750.0 5250.0 0.43589
3850.0 5250.0 -0.18510
3950.0 5250.0 -0.61110
4050.0 5250.0 -0.71276
4150.0 5250.0 -0.45788
4250.0 5250.0 0.05907
4350.0 5250.0 0.64013
4450.0 5250.0 1.05983
4550.0 5250.0 1.19403
4650.0 5250.0 1.16434
4750.0 5250.0 1.01866
4850.0 5250.0 0.72072
4950.0 5250.0 0.34678
5050.0 5250.0 0.01208
5150.0 5250.0 -0.18638
5250.0 5250.0 -0.20366
5350.0 5250.0 -0.05733
5450.0 5250.0 0.18564
5550.0 5250.0 0.42954
5650.0 5250.0 0.53137
5750.0 5250.0 0.43481
5850.0 5250.0 0.18732
5950.0 5250.0 -0.10708
6050.0 5250.0 -0.33060
6150.0 5250.0 -0.38977
6250.0 5250.0 -0.24875
6350.0 5250.0 0.04204
50.0 5350.0 -1.22960
150.0 5350.0 -0.52300
250.0 5350.0 0.13886
350.0 5350.0 0.81765
450.0 5350.0 1.39898
550.0 5350.0 1.71523
650.0 5350.0 1.67329
750.0 5350.0 1.31415
850.0 5350.0 0.80460
950.0 5350.0 0.36114
1050.0 5350.0 0.10589
1150.0 5350.0 -0.08717
1250.0 5350.0 -0.33071
1350.0 5350.0 -0.58957
1450.0 5350.0 -0.78762
1550.0 5350.0 -0.86511
1650.0 5350.0 -0.80942
1750.0 5350.0 -0.65939
1850.0 5350.0 -0.48313
1950.0 5350.0 -0.32937
2050.0 5350.0 -0.16600
2150.0 5350.0 0.04249
2250.0 5350.0 0.24740
2350.0 5350.0 0.37484
2450.0 5350.0 0.37608
2550.0 5350.0 0.25199
2650.0 5350.0 0.05127
2750.0 5350.0 -0.15733
2850.0 5350.0 -0.33704
2950.0 5350.0 -0.37814
3050.0 5350.0 -0.09448
3150.0 5350.0 0.44657
3250.0 5350.0 1.03693
3350.0 5350.0 1.45352
3450.0 5350.0 1.54371
3550.0 5350.0 1.27061
3650.0 5350.0 0.71815
3750.0 5350.0 0.05371
3850.0 5350.0 -0.58260
3950.0 5350.0 -1.05621
4050.0 5350.0 -1.22707
4150.0 5350.0 -1.04117
4250.0 5350.0 -0.57185
4350.0 5350.0 -0.00430
4450.0 5350.0 0.43688
4550.0 5350.0 0.61696
4650.0 5350.0 0.64304
4750.0 5350.0 0.57632
4850.0 5350.0 0.38571
4950.0 5350.0 0.12756
5050.0 5350.0 -0.10876
5150.0 5350.0 -0.24497
5250.0 5350.0 -0.24091
5350.0 5350.0 -0.10478
5450.0 5350.0 0.11352
5550.0 5350.0 0.33005
5650.0 5350.0 0.40246
5750.0 5350.0 0.28121
5850.0 5350.0 0.02342
5950.0 5350.0 -0.26148
6050.0 5350.0 -0.45783
6150.0 5350.0 -0.48126
6250.0 5350.0 -0.30760
6350.0 5350.0 0.00676
50.0 5450.0 -0.97795
150.0 5450.0 -0.24579
250.0 5450.0 0.43058
350.0 5450.0 1.11243
450.0 5450.0 1.67380
550.0 5450.0 1.94338
650.0 5450.0 1.83349
750.0 5450.0 1.39811
850.0 5450.0 0.82058
950.0 5450.0 0.33096
1050.0 5450.0 0.05301
1150.0 5450.0 -0.15331
1250.0 5450.0 -0.39525
1350.0 5450.0 -0.62682
1450.0 5450.0 -0.77016
1550.0 5450.0 -0.77319
1650.0 5450.0 -0.63811
1750.0 5450.0 -0.42097
1850.0 5450.0 -0.20227
1950.0 5450.0 -0.02860
2050.0 5450.0 0.14769
2150.0 5450.0 0.35942
2250.0 5450.0 0.55514
2350.0 5450.0 0.66338
2450.0 5450.0 0.64139
2550.0 5450.0 0.49735
2650.0 5450.0 0.28632
2750.0 5450.0 0.07976
2850.0 5450.0 -0.08970
2950.0 5450.0 -0.13228
3050.0 5450.0 0.11265
3150.0 5450.0 0.57244
3250.0 5450.0 1.05091
3350.0 5450.0 1.34735
3450.0 5450.0 1.33448
3550.0 5450.0 0.99529
3650.0 5450.0 0.41884
3750.0 5450.0 -0.24669
3850.0 5450.0 -0.89302
3950.0 5450.0 -1.39765
4050.0 5450.0 -1.61777
4150.0 5450.0 -1.48875
4250.0 5450.0 -1.07089
4350.0 5450.0 -0.53847
4450.0 5450.0 -0.11076
4550.0 5450.0 0.07472
4650.0 5450.0 0.11500
4750.0 5450.0 0.07994
4850.0 5450.0 -0.05173
4950.0 5450.0 -0.23044
5050.0 5450.0 -0.38214
5150.0 5450.0 -0.44512
5250.0 5450.0 -0.39165
5350.0 5450.0 -0.23414
5450.0 5450.0 -0.01604
5550.0 5450.0 0.19472
5650.0 5450.0 0.26636
5750.0 5450.0 0.15356
5850.0 5450.0 -0.08565
5950.0 5450.0 -0.34439
6050.0 5450.0 -0.51228
6150.0 5450.0 -0.51129
6250.0 5450.0 -0.32203
6350.0 5450.0 -0.00063
50.0 5550.0 -0.79145
150.0 5550.0 -0.05177
250.0 5550.0 0.62295
350.0 5550.0 1.28964
450.0 5550.0 1.81369
550.0 5550.0 2.02615
650.0 5550.0 1.84903
750.0 5550.0 1.34937
850.0 5550.0 0.72268
950.0 5550.0 0.20594
1050.0 5550.0 -0.08001
1150.0 5550.0 -0.28556
1250.0 5550.0 -0.50639
1350.0 5550.0 -0.68914
1450.0 5550.0 -0.76215
1550.0 5550.0 -0.68735
1650.0 5550.0 -0.48328
1750.0 5550.0 -0.21945
1850.0 5550.0 0.01816
1950.0 5550.0 0.19020
2050.0 5550.0 0.36079
2150.0 5550.0 0.56673
2250.0 5550.0 0.75859
2350.0 5550.0 0.86701
2450.0 5550.0 0.84997
2550.0 5550.0 0.71458
2650.0 5550.0 0.51333
2750.0 5550.0 0.31501
2850.0 5550.0 0.15154
2950.0 5550.0 0.10171
3050.0 5550.0 0.30318
3150.0 5550.0 0.68083
3250.0 5550.0 1.05252
3350.0 5550.0 1.24000
3450.0 5550.0 1.13899
3550.0 5550.0 0.74856
3650.0 5550.0 0.15975
3750.0 5550.0 -0.49786
3850.0 5550.0 -1.14122
3950.0 5550.0 -1.65822
4050.0 5550.0 -1.90879
4150.0 5550.0 -1.82451
4250.0 5550.0 -1.45699
4350.0 5550.0 -0.96958
4450.0 5550.0 -0.57227
4550.0 5550.0 -0.40003
4650.0 5550.0 -0.36372
4750.0 5550.0 -0.38654
4850.0 5550.0 -0.47809
4950.0 5550.0 -0.59153
5050.0 5550.0 -0.66510
5150.0 5550.0 -0.65364
5250.0 5550.0 -0.54476
5350.0 5550.0 -0.35966
5450.0 5550.0 -0.13868
5550.0 5550.0 0.06837
5650.0 5550.0 0.14469
5750.0 5550.0 0.04857
5850.0 5550.0 -0.16443
5950.0 5550.0 -0.39344
6050.0 5550.0 -0.53520
6150.0 5550.0 -0.51757
6250.0 5550.0 -0.32373
6350.0 5550.0 -0.00702
50.0 5650.0 -0.67652
150.0 5650.0 0.06161
250.0 5650.0 0.73246
350.0 5650.0 1.39832
450.0 5650.0 1.92408
550.0 5650.0 2.13692
650.0 5650.0 1.95500
750.0 5650.0 1.44353
850.0 5650.0 0.79894
950.0 5650.0 0.26116
1050.0 5650.0 -0.04591
1150.0 5650.0 -0.26694
1250.0 5650.0 -0.47317
1350.0 5650.0 -0.60372
1450.0 5650.0 -0.59990
1550.0 5650.0 -0.44592
1650.0 5650.0 -0.18277
1750.0 5650.0 0.10472
1850.0 5650.0 0.32759
1950.0 5650.0 0.45915
2050.0 5650.0 0.57722
2150.0 5650.0 0.70851
2250.0 5650.0 0.81558
2350.0 5650.0 0.85323
2450.0 5650.0 0.79928
2550.0 5650.0 0.66717
2650.0 5650.0 0.50068
2750.0 5650.0 0.35054
2850.0 5650.0 0.23440
2950.0 5650.0 0.20994
3050.0 5650.0 0.37960
3150.0 5650.0 0.66910
3250.0 5650.0 0.92279
3350.0 5650.0 0.99895
3450.0 5650.0 0.82681
3550.0 5650.0 0.42521
3650.0 5650.0 -0.11706
3750.0 5650.0 -0.69918
3850.0 5650.0 -1.26043
3950.0 5650.0 -1.69975
4050.0 5650.0 -1.90111
4150.0 5650.0 -1.81463
4250.0 5650.0 -1.49334
4350.0 5650.0 -1.08296
4450.0 5650.0 -0.76440
4550.0 5650.0 -0.64941
4650.0 5650.0 -0.65314
4750.0 5650.0 -0.68978
4850.0 5650.0 -0.75006
4950.0 5650.0 -0.79125
5050.0 5650.0 -0.77126
5150.0 5650.0 -0.67160
5250.0 5650.0 -0.50490
5350.0 5650.0 -0.30694
5450.0 5650.0 -0.11320
5550.0 5650.0 0.05654
5650.0 5650.0 0.11337
5750.0 5650.0 0.02152
5850.0 5650.0 -0.17085
5950.0 5650.0 -0.37657
6050.0 5650.0 -0.50661
6150.0 5650.0 -0.49893
6250.0 5650.0 -0.33928
6350.0 5650.0 -0.07381
50.0 5750.0 -0.66872
150.0 5750.0 0.05442
250.0 5750.0 0.71805
350.0 5750.0 1.40207
450.0 5750.0 1.98143
550.0 5750.0 2.27078
650.0 5750.0 2.16599
750.0 5750.0 1.71057
850.0 5750.0 1.08705
950.0 5750.0 0.53354
1050.0 5750.0 0.18530
1150.0 5750.0 -0.07528
1250.0 5750.0 -0.27792
1350.0 5750.0 -0.35443
1450.0 5750.0 -0.26862
1550.0 5750.0 -0.03831
1650.0 5750.0 0.26519
1750.0 5750.0 0.53973
1850.0 5750.0 0.69735
1950.0 5750.0 0.73151
2050.0 5750.0 0.73010
2150.0 5750.0 0.69322
2250.0 5750.0 0.61112
2350.0 5750.0 0.49324
2450.0 5750.0 0.36146
2550.0 5750.0 0.24248
2650.0 5750.0 0.15908
2750.0 5750.0 0.12053
2850.0 5750.0 0.11277
2950.0 5750.0 0.16181
3050.0 5750.0 0.31828
3150.0 5750.0 0.51359
3250.0 5750.0 0.63633
3350.0 5750.0 0.60131
3450.0 5750.0 0.38590
3550.0 5750.0 0.03355
3650.0 5750.0 -0.37537
3750.0 5750.0 -0.78326
3850.0 5750.0 -1.14799
3950.0 5750.0 -1.38221
4050.0 5750.0 -1.42492
4150.0 5750.0 -1.27621
4250.0 5750.0 -1.00368
4350.0 5750.0 -0.72391
4450.0 5750.0 -0.55872
4550.0 5750.0 -0.56642
4650.0 5750.0 -0.66301
4750.0 5750.0 -0.75330
4850.0 5750.0 -0.79995
4950.0 5750.0 -0.76608
5050.0 5750.0 -0.63873
5150.0 5750.0 -0.43919
5250.0 5750.0 -0.21762
5350.0 5750.0 -0.03181
5450.0 5750.0 0.08973
5550.0 5750.0 0.17343
5650.0 5750.0 0.17919
5750.0 5750.0 0.08209
5850.0 5750.0 -0.08514
5950.0 5750.0 -0.26263
6050.0 5750.0 -0.38879
6150.0 5750.0 -0.42034
6250.0 5750.0 -0.34683
6350.0 5750.0 -0.19981
50.0 5850.0 -0.75339
150.0 5850.0 -0.05674
250.0 5850.0 0.59666
350.0 5850.0 1.31157
450.0 5850.0 1.98018
550.0 5850.0 2.39792
650.0 5850.0 2.42511
750.0 5850.0 2.06970
850.0 5850.0 1.49046
950.0 5850.0 0.92093
1050.0 5850.0 0.51393
1150.0 5850.0 0.19368
1250.0 5850.0 -0.01631
1350.0 5850.0 -0.04131
1450.0 5850.0 0.12491
1550.0 5850.0 0.42274
1650.0 5850.0 0.74526
1750.0 5850.0 0.97246
1850.0 5850.0 1.02119
1950.0 5850.0 0.91064
2050.0 5850.0 0.73644
2150.0 5850.0 0.46391
2250.0 5850.0 0.12568
2350.0 5850.0 -0.19167
2450.0 5850.0 -0.40705
2550.0 5850.0 -0.48049
2650.0 5850.0 -0.42464
2750.0 5850.0 -0.29246
2850.0 5850.0 -0.14072
2950.0 5850.0 0.02211
3050.0 5850.0 0.18282
3150.0 5850.0 0.28270
3250.0 5850.0 0.26864
3350.0 5850.0 0.12755
3450.0 5850.0 -0.10399
3550.0 5850.0 -0.35459
3650.0 5850.0 -0.55757
3750.0 5850.0 -0.70972
3850.0 5850.0 -0.78538
3950.0 5850.0 -0.71496
4050.0 5850.0 -0.51815
4150.0 5850.0 -0.26934
4250.0 5850.0 -0.05924
4350.0 5850.0 0.03645
4450.0 5850.0 -0.01871
4550.0 5850.0 -0.20475
4650.0 5850.0 -0.43802
4750.0 5850.0 -0.61735
4850.0 5850.0 -0.67148
4950.0 5850.0 -0.57042
5050.0 5850.0 -0.33637
5150.0 5850.0 -0.03884
5250.0 5850.0 0.22643
5350.0 5850.0 0.37472
5450.0 5850.0 0.38582
5550.0 5850.0 0.34389
5650.0 5850.0 0.27770
5750.0 5850.0 0.17929
5850.0 5850.0 0.05819
5950.0 5850.0 -0.06737
6050.0 5850.0 -0.17813
6150.0 5850.0 -0.26008
6250.0 5850.0 -0.30923
6350.0 5850.0 -0.33499
50.0 5950.0 -0.88239
150.0 5950.0 -0.21760
250.0 5950.0 0.42394
350.0 5950.0 1.17133
450.0 5950.0 1.93480
550.0 5950.0 2.48845
650.0 5950.0 2.65408
750.0 5950.0 2.40149
850.0 5950.0 1.86456
950.0 5950.0 1.27274
1050.0 5950.0 0.79824
1150.0 5950.0 0.40947
1250.0 5950.0 0.18508
1350.0 5950.0 0.20522
1450.0 5950.0 0.44361
1550.0 5950.0 0.79672
1650.0 5950.0 1.12156
1750.0 5950.0 1.28147
1850.0 5950.0 1.20030
1950.0 5950.0 0.92467
2050.0 5950.0 0.55774
2150.0 5950.0 0.03382
2250.0 5950.0 -0.56374
2350.0 5950.0 -1.06498
2450.0 5950.0 -1.32980
2550.0 5950.0 -1.31216
2650.0 5950.0 -1.07205
2750.0 5950.0 -0.73527
2850.0 5950.0 -0.40153
2950.0 5950.0 -0.10719
3050.0 5950.0 0.06785
3150.0 5950.0 0.07666
3250.0 5950.0 -0.07032
3350.0 5950.0 -0.30878
3450.0 5950.0 -0.53953
3550.0 5950.0 -0.66281
3650.0 5950.0 -0.62798
3750.0 5950.0 -0.48999
3850.0 5950.0 -0.23991
3950.0 5950.0 0.16973
4050.0 5950.0 0.62782
4150.0 5950.0 0.97742
4250.0 5950.0 1.10415
4350.0 5950.0 0.98110
4450.0 5950.0 0.67025
4550.0 5950.0 0.28024
4650.0 5950.0 -0.10850
4750.0 5950.0 -0.39510
4850.0 5950.0 -0.47419
4950.0 5950.0 -0.32261
5050.0 5950.0 0.00208
5150.0 5950.0 0.38174
5250.0 5950.0 0.67453
5350.0 5950.0 0.76842
5450.0 5950.0 0.65147
5550.0 5950.0 0.46802
5650.0 5950.0 0.32783
5750.0 5950.0 0.24522
5850.0 5950.0 0.20174
5950.0 5950.0 0.16378
6050.0 5950.0 0.09684
6150.0 5950.0 -0.02322
6250.0 5950.0 -0.20211
6350.0 5950.0 -0.42209
50.0 6050.0 -0.99280
150.0 6050.0 -0.35735
250.0 6050.0 0.27265
350.0 6050.0 1.04274
450.0 6050.0 1.87560
550.0 6050.0 2.52715
650.0 6050.0 2.78852
750.0 6050.0 2.60081
850.0 6050.0 2.08067
950.0 6050.0 1.45689
1050.0 6050.0 0.91788
1150.0 6050.0 0.46593
1250.0 6050.0 0.22648
1350.0 6050.0 0.28406
1450.0 6050.0 0.58294
1550.0 6050.0 0.98038
1650.0 6050.0 1.30152
1750.0 6050.0 1.39549
1850.0 6050.0 1.19309
1950.0 6050.0 0.76555
2050.0 6050.0 0.22552
2150.0 6050.0 -0.50978
2250.0 6050.0 -1.30710
2350.0 6050.0 -1.92504
2450.0 6050.0 -2.17924
2550.0 6050.0 -2.02927
2650.0 6050.0 -1.58739
2750.0 6050.0 -1.04907
2850.0 6050.0 -0.54677
2950.0 6050.0 -0.13155
3050.0 6050.0 0.05706
3150.0 6050.0 -0.01703
3250.0 6050.0 -0.28512
3350.0 6050.0 -0.61201
3450.0 6050.0 -0.84123
3550.0 6050.0 -0.84707
3650.0 6050.0 -0.59366
3750.0 6050.0 -0.18936
3850.0 6050.0 0.35558
3950.0 6050.0 1.06352
4050.0 6050.0 1.73955
4150.0 6050.0 2.15452
4250.0 6050.0 2.17767
4350.0 6050.0 1.83223
4450.0 6050.0 1.27401
4550.0 6050.0 0.69287
4650.0 6050.0 0.16100
4750.0 6050.0 -0.22775
4850.0 6050.0 -0.33931
4950.0 6050.0 -0.15619
5050.0 6050.0 0.23417
5150.0 6050.0 0.67250
5250.0 6050.0 0.97782
5350.0 6050.0 1.01489
5450.0 6050.0 0.77869
5550.0 6050.0 0.46660
5650.0 6050.0 0.26930
5750.0 6050.0 0.22598
5850.0 6050.0 0.29006
5950.0 6050.0 0.37364
6050.0 6050.0 0.38471
6150.0 6050.0 0.25693
6250.0 6050.0 -0.02775
6350.0 6050.0 -0.42370
50.0 6150.0 -1.02717
150.0 6150.0 -0.41139
250.0 6150.0 0.20928
350.0 6150.0 0.98442
450.0 6150.0 1.83924
550.0 6150.0 2.51861
650.0 6150.0 2.79922
750.0 6150.0 2.61134
850.0 6150.0 2.06822
950.0 6150.0 1.40305
1050.0 6150.0 0.81346
1150.0 6150.0 0.31616
1250.0 6150.0 0.06782
1350.0 6150.0 0.15676
1450.0 6150.0 0.50554
1550.0 6150.0 0.94194
1650.0 6150.0 1.26668
1750.0 6150.0 1.31749
1850.0 6150.0 1.02964
1950.0 6150.0 0.49274
2050.0 6150.0 -0.16768
2150.0 6150.0 -1.03263
2250.0 6150.0 -1.92888
2350.0 6150.0 -2.56950
2450.0 6150.0 -2.74988
2550.0 6150.0 -2.44686
2650.0 6150.0 -1.82082
2750.0 6150.0 -1.12086
2850.0 6150.0 -0.49519
2950.0 6150.0 0.00526
3050.0 6150.0 0.19581
3150.0 6150.0 0.04772
3250.0 6150.0 -0.32613
3350.0 6150.0 -0.73578
3450.0 6150.0 -0.97962
3550.0 6150.0 -0.91054
3650.0 6150.0 -0.50287
3750.0 6150.0 0.09330
3850.0 6150.0 0.84478
3950.0 6150.0 1.74843
4050.0 6150.0 2.54899
4150.0 6150.0 2.97060
4250.0 6150.0 2.87866
4350.0 6150.0 2.34052
4450.0 6150.0 1.58490
4550.0 6150.0 0.86008
4650.0 6150.0 0.22461
4750.0 6150.0 -0.23918
4850.0 6150.0 -0.37750
4950.0 6150.0 -0.17676
5050.0 6150.0 0.25494
5150.0 6150.0 0.72980
5250.0 6150.0 1.03975
5350.0 6150.0 1.03341
5450.0 6150.0 0.71053
5550.0 6150.0 0.30724
5650.0 6150.0 0.08261
5750.0 6150.0 0.09943
5850.0 6150.0 0.28766
5950.0 6150.0 0.51173
6050.0 6150.0 0.62754
6150.0 6150.0 0.52913
6250.0 6150.0 0.18518
6350.0 6150.0 -0.33478
50.0 6250.0 -0.95513
150.0 6250.0 -0.34565
250.0 6250.0 0.26898
350.0 6250.0 1.02977
450.0 6250.0 1.85357
550.0 6250.0 2.48301
650.0 6250.0 2.69903
750.0 6250.0 2.44134
850.0 6250.0 1.83492
950.0 6250.0 1.12231
1050.0 6250.0 0.50202
1150.0 6250.0 -0.01662
1250.0 6250.0 -0.26314
1350.0 6250.0 -0.14530
1450.0 6250.0 0.24734
1550.0 6250.0 0.72452
1650.0 6250.0 1.07068
1750.0 6250.0 1.11427
1850.0 6250.0 0.79112
1950.0 6250.0 0.20168
2050.0 6250.0 -0.51193
2150.0 6250.0 -1.41159
2250.0 6250.0 -2.29954
2350.0 6250.0 -2.87410
2450.0 6250.0 -2.93549
2550.0 6250.0 -2.48549
2650.0 6250.0 -1.72107
2750.0 6250.0 -0.92176
2850.0 6250.0 -0.23359
2950.0 6250.0 0.30407
3050.0 6250.0 0.47829
3150.0 6250.0 0.26280
3250.0 6250.0 -0.20313
3350.0 6250.0 -0.69490
3450.0 6250.0 -0.98055
3550.0 6250.0 -0.89651
3650.0 6250.0 -0.42114
3750.0 6250.0 0.26823
3850.0 6250.0 1.11169
3950.0 6250.0 2.08284
4050.0 6250.0 2.89713
4150.0 6250.0 3.26361
4250.0 6250.0 3.05731
4350.0 6250.0 2.37858
4450.0 6250.0 1.49927
4550.0 6250.0 0.69590
4650.0 6250.0 0.00957
4750.0 6250.0 -0.48985
4850.0 6250.0 -0.63832
4950.0 6250.0 -0.42435
5050.0 6250.0 0.03304
5150.0 6250.0 0.53100
5250.0 6250.0 0.84716
5350.0 6250.0 0.82167
5450.0 6250.0 0.45684
5550.0 6250.0 0.01114
5650.0 6250.0 -0.20848
5750.0 6250.0 -0.12018
5850.0 6250.0 0.19038
5950.0 6250.0 0.55302
6050.0 6250.0 0.78418
6150.0 6250.0 0.74640
6250.0 6250.0 0.39607
6350.0 6250.0 -0.18059
50.0 6350.0 -0.79661
150.0 6350.0 -0.18264
250.0 6350.0 0.42872
350.0 6350.0 1.16170
450.0 6350.0 1.91726
550.0 6350.0 2.44238
650.0 6350.0 2.53577
750.0 6350.0 2.16096
850.0 6350.0 1.46508
950.0 6350.0 0.70325
1050.0 6350.0 0.06859
1150.0 6350.0 -0.45231
1250.0 6350.0 -0.68738
1350.0 6350.0 -0.54002
1450.0 6350.0 -0.10461
1550.0 6350.0 0.41889
1650.0 6350.0 0.80422
1750.0 6350.0 0.87155
1850.0 6350.0 0.55391
1950.0 6350.0 -0.04305
2050.0 6350.0 -0.75811
2150.0 6350.0 -1.62374
2250.0 6350.0 -2.43094
2350.0 6350.0 -2.88595
2450.0 6350.0 -2.81038
2550.0 6350.0 -2.23356
2650.0 6350.0 -1.37715
2750.0 6350.0 -0.53192
2850.0 6350.0 0.17028
2950.0 6350.0 0.70694
3050.0 6350.0 0.84910
3150.0 6350.0 0.56908
3250.0 6350.0 0.01880
3350.0 6350.0 -0.55776
3450.0 6350.0 -0.90928
3550.0 6350.0 -0.85922
3650.0 6350.0 -0.38503
3750.0 6350.0 0.31972
3850.0 6350.0 1.16599
3950.0 6350.0 2.10712
4050.0 6350.0 2.85373
4150.0 6350.0 3.12375
4250.0 6350.0 2.81101
4350.0 6350.0 2.03862
4450.0 6350.0 1.09715
4550.0 6350.0 0.26763
4650.0 6350.0 -0.42784
4750.0 6350.0 -0.93022
4850.0 6350.0 -1.07160
4950.0 6350.0 -0.84141
5050.0 6350.0 -0.36305
5150.0 6350.0 0.15467
5250.0 6350.0 0.48383
5350.0 6350.0 0.46133
5450.0 6350.0 0.09054
5550.0 6350.0 -0.35951
5650.0 6350.0 -0.55187
5750.0 6350.0 -0.39061
5850.0 6350.0 0.02992
5950.0 6350.0 0.51721
6050.0 6350.0 0.86071
6150.0 6350.0 0.90002
6250.0 6350.0 0.58100
6350.0 6350.0 0.00000
