50.0 50.0 -1.90079
150.0 50.0 -0.57736
250.0 50.0 0.99162
350.0 50.0 2.09741
450.0 50.0 2.73323
550.0 50.0 2.88458
650.0 50.0 2.34924
750.0 50.0 1.48395
850.0 50.0 0.89192
950.0 50.0 0.96965
1050.0 50.0 1.37952
1150.0 50.0 1.38253
1250.0 50.0 0.90914
1350.0 50.0 0.35015
1450.0 50.0 0.15380
1550.0 50.0 0.49596
1650.0 50.0 1.07236
1750.0 50.0 1.49437
1850.0 50.0 1.49138
1950.0 50.0 1.04636
2050.0 50.0 0.48798
2150.0 50.0 0.21645
2250.0 50.0 0.16626
2350.0 50.0 0.20138
2450.0 50.0 0.31873
2550.0 50.0 0.44149
2650.0 50.0 0.49025
2750.0 50.0 0.44139
2850.0 50.0 0.33376
2950.0 50.0 0.06532
3050.0 50.0 -0.40034
3150.0 50.0 -0.94018
3250.0 50.0 -1.37487
3350.0 50.0 -1.60888
3450.0 50.0 -1.71271
3550.0 50.0 -1.60340
3650.0 50.0 -1.45534
3750.0 50.0 -1.54878
3850.0 50.0 -1.96758
3950.0 50.0 -2.56577
4050.0 50.0 -3.08856
4150.0 50.0 -3.04606
4250.0 50.0 -2.42825
4350.0 50.0 -1.70434
4450.0 50.0 -1.42195
4550.0 50.0 -1.77909
4650.0 50.0 -2.27034
4750.0 50.0 -2.21345
4850.0 50.0 -1.37733
4950.0 50.0 -0.09565
5050.0 50.0 0.94421
5150.0 50.0 1.29351
5250.0 50.0 1.31585
5350.0 50.0 1.06432
5450.0 50.0 0.66569
5550.0 50.0 0.39712
5650.0 50.0 0.42957
5750.0 50.0 0.71333
5850.0 50.0 1.06384
5950.0 50.0 1.35984
6050.0 50.0 1.39987
6150.0 50.0 1.13748
6250.0 50.0 0.77010
6350.0 50.0 0.53210
50.0 150.0 -1.41035
150.0 150.0 -0.34932
250.0 150.0 0.92399
350.0 150.0 1.87684
450.0 150.0 2.49950
550.0 150.0 2.85879
650.0 150.0 2.69249
750.0 150.0 2.07838
850.0 150.0 1.43800
950.0 150.0 1.20877
1050.0 150.0 1.23151
1150.0 150.0 0.88101
1250.0 150.0 0.23814
1350.0 150.0 -0.23995
1450.0 150.0 -0.23463
1550.0 150.0 0.21481
1650.0 150.0 0.82002
1750.0 150.0 1.40295
1850.0 150.0 1.56744
1950.0 150.0 1.08087
2050.0 150.0 0.22444
2150.0 150.0 -0.46344
2250.0 150.0 -0.90112
2350.0 150.0 -0.98334
2450.0 150.0 -0.58044
2550.0 150.0 0.05941
2650.0 150.0 0.50712
2750.0 150.0 0.48816
2850.0 150.0 0.23984
2950.0 150.0 -0.05527
3050.0 150.0 -0.37600
3150.0 150.0 -0.67106
3250.0 150.0 -0.91043
3350.0 150.0 -1.10468
3450.0 150.0 -1.26530
3550.0 150.0 -1.32799
3650.0 150.0 -1.38958
3750.0 150.0 -1.58828
3850.0 150.0 -1.95117
3950.0 150.0 -2.39045
4050.0 150.0 -2.77947
4150.0 150.0 -2.82968
4250.0 150.0 -2.48258
4350.0 150.0 -1.99193
4450.0 150.0 -1.72269
4550.0 150.0 -1.85608
4650.0 150.0 -2.09279
4750.0 150.0 -1.97675
4850.0 150.0 -1.25659
4950.0 150.0 -0.09643
5050.0 150.0 0.98874
5150.0 150.0 1.59190
5250.0 150.0 1.86073
5350.0 150.0 1.53727
5450.0 150.0 0.79651
5550.0 150.0 0.19185
5650.0 150.0 0.16401
5750.0 150.0 0.71565
5850.0 150.0 1.35285
5950.0 150.0 1.65925
6050.0 150.0 1.52292
6150.0 150.0 1.15276
6250.0 150.0 0.94574
6350.0 150.0 1.13075
50.0 250.0 -0.94060
150.0 250.0 -0.50676
250.0 250.0 0.21992
350.0 250.0 0.94059
450.0 250.0 1.55270
550.0 250.0 2.10497
650.0 250.0 2.29715
750.0 250.0 1.96768
850.0 250.0 1.36124
950.0 250.0 0.92487
1050.0 250.0 0.65999
1150.0 250.0 0.08442
1250.0 250.0 -0.59742
1350.0 250.0 -0.91102
1450.0 250.0 -0.67874
1550.0 250.0 -0.12377
1650.0 250.0 0.50888
1750.0 250.0 1.26579
1850.0 250.0 1.66570
1950.0 250.0 1.27270
2050.0 250.0 0.28010
2150.0 250.0 -0.69397
2250.0 250.0 -1.43013
2350.0 250.0 -1.66077
2450.0 250.0 -1.16301
2550.0 250.0 -0.26860
2650.0 250.0 0.38602
2750.0 250.0 0.36171
2850.0 250.0 0.01658
2950.0 250.0 -0.22155
3050.0 250.0 -0.28276
3150.0 250.0 -0.22750
3250.0 250.0 -0.20707
3350.0 250.0 -0.33970
3450.0 250.0 -0.53272
3550.0 250.0 -0.64975
3650.0 250.0 -0.72683
3750.0 250.0 -0.85039
3850.0 250.0 -1.06854
3950.0 250.0 -1.36078
4050.0 250.0 -1.65324
4150.0 250.0 -1.80291
4250.0 250.0 -1.71423
4350.0 250.0 -1.45730
4450.0 250.0 -1.23550
4550.0 250.0 -1.20957
4650.0 250.0 -1.28867
4750.0 250.0 -1.33996
4850.0 250.0 -1.08647
4950.0 250.0 -0.41444
5050.0 250.0 0.45350
5150.0 250.0 1.18915
5250.0 250.0 1.65397
5350.0 250.0 1.33418
5450.0 250.0 0.43633
5550.0 250.0 -0.31811
5650.0 250.0 -0.32728
5750.0 250.0 0.44038
5850.0 250.0 1.28760
5950.0 250.0 1.56953
6050.0 250.0 1.24537
6150.0 250.0 0.73859
6250.0 250.0 0.61903
6350.0 250.0 1.11613
50.0 350.0 -0.74304
150.0 350.0 -0.83458
250.0 350.0 -0.53065
350.0 350.0 0.02487
450.0 350.0 0.63173
550.0 350.0 1.26643
650.0 350.0 1.61630
750.0 350.0 1.42316
850.0 350.0 0.85381
950.0 350.0 0.35123
1050.0 350.0 -0.01184
1150.0 350.0 -0.60780
1250.0 350.0 -1.17340
1350.0 350.0 -1.27573
1450.0 350.0 -0.85160
1550.0 350.0 -0.22236
1650.0 350.0 0.42891
1750.0 350.0 1.32931
1850.0 350.0 1.98146
1950.0 350.0 1.81364
2050.0 350.0 0.90754
2150.0 350.0 -0.12736
2250.0 350.0 -0.98276
2350.0 350.0 -1.37526
2450.0 350.0 -1.06077
2550.0 350.0 -0.31890
2650.0 350.0 0.24083
2750.0 350.0 0.16420
2850.0 350.0 -0.21195
2950.0 350.0 -0.39402
3050.0 350.0 -0.29243
3150.0 350.0 -0.03442
3250.0 350.0 0.13157
3350.0 350.0 0.03575
3450.0 350.0 -0.15671
3550.0 350.0 -0.20370
3650.0 350.0 -0.11671
3750.0 350.0 -0.02929
3850.0 350.0 -0.07312
3950.0 350.0 -0.27990
4050.0 350.0 -0.53858
4150.0 350.0 -0.73207
4250.0 350.0 -0.75127
4350.0 350.0 -0.59423
4450.0 350.0 -0.39963
4550.0 350.0 -0.31872
4650.0 350.0 -0.37659
4750.0 350.0 -0.70862
4850.0 350.0 -1.01786
4950.0 350.0 -0.93427
5050.0 350.0 -0.40610
5150.0 350.0 0.31614
5250.0 350.0 0.86527
5350.0 350.0 0.62430
5450.0 350.0 -0.19520
5550.0 350.0 -0.86501
5650.0 350.0 -0.78159
5750.0 350.0 0.08284
5850.0 350.0 0.99092
5950.0 350.0 1.18519
6050.0 350.0 0.65941
6150.0 350.0 -0.03170
6250.0 350.0 -0.20125
6350.0 350.0 0.39185
50.0 450.0 -0.68849
150.0 450.0 -1.10201
250.0 450.0 -1.04508
350.0 450.0 -0.58008
450.0 450.0 0.02324
550.0 450.0 0.65086
650.0 450.0 0.98753
750.0 450.0 0.78211
850.0 450.0 0.20753
950.0 450.0 -0.29230
1050.0 450.0 -0.64130
1150.0 450.0 -1.14161
1250.0 450.0 -1.51480
1350.0 450.0 -1.40206
1450.0 450.0 -0.83020
1550.0 450.0 -0.15988
1650.0 450.0 0.49407
1750.0 450.0 1.49649
1850.0 450.0 2.37642
1950.0 450.0 2.48008
2050.0 450.0 1.77482
2150.0 450.0 0.80992
2250.0 450.0 -0.05391
2350.0 450.0 -0.59415
2450.0 450.0 -0.58361
2550.0 450.0 -0.18280
2650.0 450.0 0.14450
2750.0 450.0 0.00662
2850.0 450.0 -0.35765
2950.0 450.0 -0.51541
3050.0 450.0 -0.37774
3150.0 450.0 -0.08254
3250.0 450.0 0.11046
3350.0 450.0 0.02790
3450.0 450.0 -0.14172
3550.0 450.0 -0.07315
3650.0 450.0 0.22386
3750.0 450.0 0.53630
3850.0 450.0 0.64238
3950.0 450.0 0.47867
4050.0 450.0 0.22495
4150.0 450.0 0.03618
4250.0 450.0 0.02023
4350.0 450.0 0.17846
4450.0 450.0 0.37325
4550.0 450.0 0.45498
4650.0 450.0 0.35411
4750.0 450.0 -0.25175
4850.0 450.0 -1.05506
4950.0 450.0 -1.49218
5050.0 450.0 -1.29832
5150.0 450.0 -0.65920
5250.0 450.0 -0.09454
5350.0 450.0 -0.22137
5450.0 450.0 -0.84152
5550.0 450.0 -1.31158
5650.0 450.0 -1.11261
5750.0 450.0 -0.23477
5850.0 450.0 0.63914
5950.0 450.0 0.71744
6050.0 450.0 0.00825
6150.0 450.0 -0.86350
6250.0 450.0 -1.14307
6350.0 450.0 -0.57794
50.0 550.0 -0.14689
150.0 550.0 -0.90115
250.0 550.0 -1.14505
350.0 550.0 -0.80110
450.0 550.0 -0.21380
550.0 550.0 0.26774
650.0 550.0 0.32208
750.0 550.0 -0.15619
850.0 550.0 -0.85905
950.0 550.0 -1.31532
1050.0 550.0 -1.53681
1150.0 550.0 -1.80360
1250.0 550.0 -1.89519
1350.0 550.0 -1.60012
1450.0 550.0 -1.01201
1550.0 550.0 -0.43619
1650.0 550.0 0.10218
1750.0 550.0 1.02600
1850.0 550.0 1.96734
1950.0 550.0 2.30293
2050.0 550.0 1.89672
2150.0 550.0 1.14950
2250.0 550.0 0.41655
2350.0 550.0 -0.12901
2450.0 550.0 -0.27466
2550.0 550.0 -0.06379
2650.0 550.0 0.18097
2750.0 550.0 0.12698
2850.0 550.0 -0.09890
2950.0 550.0 -0.22763
3050.0 550.0 -0.19749
3150.0 550.0 -0.06285
3250.0 550.0 0.04039
3350.0 550.0 0.00614
3450.0 550.0 -0.05807
3550.0 550.0 0.09703
3650.0 550.0 0.43582
3750.0 550.0 0.74787
3850.0 550.0 0.84745
3950.0 550.0 0.70868
4050.0 550.0 0.50126
4150.0 550.0 0.37264
4250.0 550.0 0.40867
4350.0 550.0 0.58767
4450.0 550.0 0.77419
4550.0 550.0 0.84024
4650.0 550.0 0.70466
4750.0 550.0 -0.06209
4850.0 550.0 -1.18173
4950.0 550.0 -2.00209
5050.0 550.0 -2.11710
5150.0 550.0 -1.63671
5250.0 550.0 -1.12284
5350.0 550.0 -1.06281
5450.0 550.0 -1.32920
5550.0 550.0 -1.50091
5650.0 550.0 -1.23545
5750.0 550.0 -0.52346
5850.0 550.0 0.15461
5950.0 550.0 0.17232
6050.0 550.0 -0.44835
6150.0 550.0 -1.18196
6250.0 550.0 -1.41309
6350.0 550.0 -0.94850
50.0 650.0 0.79390
150.0 650.0 -0.20153
250.0 650.0 -0.72460
350.0 650.0 -0.50903
450.0 650.0 0.05175
550.0 650.0 0.27062
650.0 650.0 -0.16552
750.0 650.0 -1.08795
850.0 650.0 -1.95657
950.0 650.0 -2.27550
1050.0 650.0 -2.22652
1150.0 650.0 -2.12165
1250.0 650.0 -1.90151
1350.0 650.0 -1.56626
1450.0 650.0 -1.20547
1550.0 650.0 -0.92564
1650.0 650.0 -0.66286
1750.0 650.0 -0.09291
1850.0 650.0 0.61198
1950.0 650.0 1.03512
2050.0 650.0 0.98930
2150.0 650.0 0.62974
2250.0 650.0 0.20574
2350.0 650.0 -0.17034
2450.0 650.0 -0.29785
2550.0 650.0 -0.09858
2650.0 650.0 0.24725
2750.0 650.0 0.46344
2850.0 650.0 0.54411
2950.0 650.0 0.47302
3050.0 650.0 0.25194
3150.0 650.0 0.01653
3250.0 650.0 -0.08879
3350.0 650.0 -0.01877
3450.0 650.0 0.13099
3550.0 650.0 0.33365
3650.0 650.0 0.49219
3750.0 650.0 0.50776
3850.0 650.0 0.39669
3950.0 650.0 0.26109
4050.0 650.0 0.15343
4150.0 650.0 0.14044
4250.0 650.0 0.25922
4350.0 650.0 0.44973
4450.0 650.0 0.59554
4550.0 650.0 0.62124
4650.0 650.0 0.47947
4750.0 650.0 -0.20676
4850.0 650.0 -1.24527
4950.0 650.0 -2.09709
5050.0 650.0 -2.37806
5150.0 650.0 -2.12789
5250.0 650.0 -1.75969
5350.0 650.0 -1.47491
5450.0 650.0 -1.28727
5550.0 650.0 -1.13666
5650.0 650.0 -0.93354
5750.0 650.0 -0.63488
5850.0 650.0 -0.36592
5950.0 650.0 -0.35171
6050.0 650.0 -0.55429
6150.0 650.0 -0.75790
6250.0 650.0 -0.74642
6350.0 650.0 -0.47697
50.0 750.0 1.52218
150.0 750.0 0.50791
250.0 750.0 -0.14494
350.0 750.0 -0.00900
450.0 750.0 0.53009
550.0 750.0 0.53412
650.0 750.0 -0.26939
750.0 750.0 -1.46390
850.0 750.0 -2.34070
950.0 750.0 -2.43144
1050.0 750.0 -2.06667
1150.0 750.0 -1.59802
1250.0 750.0 -1.17373
1350.0 750.0 -0.98432
1450.0 750.0 -1.03353
1550.0 750.0 -1.15127
1650.0 750.0 -1.22464
1750.0 750.0 -1.15558
1850.0 750.0 -0.89876
1950.0 750.0 -0.56311
2050.0 750.0 -0.31668
2150.0 750.0 -0.25840
2250.0 750.0 -0.31494
2350.0 750.0 -0.47952
2450.0 750.0 -0.56487
2550.0 750.0 -0.35622
2650.0 750.0 0.12567
2750.0 750.0 0.66748
2850.0 750.0 1.11556
2950.0 750.0 1.14021
3050.0 750.0 0.67402
3150.0 750.0 0.05790
3250.0 750.0 -0.25524
3350.0 750.0 -0.05018
3450.0 750.0 0.35086
3550.0 750.0 0.58895
3650.0 750.0 0.49364
3750.0 750.0 0.11401
3850.0 750.0 -0.27585
3950.0 750.0 -0.41527
4050.0 750.0 -0.40812
4150.0 750.0 -0.30811
4250.0 750.0 -0.13581
4350.0 750.0 0.02076
4450.0 750.0 0.08733
4550.0 750.0 0.05741
4650.0 750.0 -0.05983
4750.0 750.0 -0.45335
4850.0 750.0 -1.04281
4950.0 750.0 -1.56321
5050.0 750.0 -1.80744
5150.0 750.0 -1.77586
5250.0 750.0 -1.59963
5350.0 750.0 -1.15635
5450.0 750.0 -0.61839
5550.0 750.0 -0.27895
5650.0 750.0 -0.26989
5750.0 750.0 -0.48834
5850.0 750.0 -0.70588
5950.0 750.0 -0.69961
6050.0 750.0 -0.41216
6150.0 750.0 0.00707
6250.0 750.0 0.30273
6350.0 750.0 0.33966
50.0 850.0 1.60426
150.0 850.0 0.74187
250.0 850.0 0.11814
350.0 850.0 0.24036
450.0 850.0 0.77386
550.0 850.0 0.73463
650.0 850.0 -0.08450
750.0 850.0 -1.17627
850.0 850.0 -1.83467
950.0 850.0 -1.67938
1050.0 850.0 -1.08386
1150.0 850.0 -0.39587
1250.0 850.0 0.07339
1350.0 850.0 0.03167
1450.0 850.0 -0.40978
1550.0 850.0 -0.85063
1650.0 850.0 -1.17681
1750.0 850.0 -1.51693
1850.0 850.0 -1.67223
1950.0 850.0 -1.49398
2050.0 850.0 -1.09737
2150.0 850.0 -0.75094
2250.0 850.0 -0.54350
2350.0 850.0 -0.61672
2450.0 850.0 -0.80131
2550.0 850.0 -0.73222
2650.0 850.0 -0.25144
2750.0 850.0 0.50074
2850.0 850.0 1.22531
2950.0 850.0 1.36368
3050.0 850.0 0.80012
3150.0 850.0 -0.00488
3250.0 850.0 -0.40885
3350.0 850.0 -0.08638
3450.0 850.0 0.50486
3550.0 850.0 0.80185
3650.0 850.0 0.58090
3750.0 850.0 -0.02362
3850.0 850.0 -0.57491
3950.0 850.0 -0.70534
4050.0 850.0 -0.61745
4150.0 850.0 -0.46184
4250.0 850.0 -0.30130
4350.0 850.0 -0.22440
4450.0 850.0 -0.25182
4550.0 850.0 -0.33169
4650.0 850.0 -0.41522
4750.0 850.0 -0.49612
4850.0 850.0 -0.58140
4950.0 850.0 -0.67667
5050.0 850.0 -0.77948
5150.0 850.0 -0.88263
5250.0 850.0 -0.86146
5350.0 850.0 -0.37653
5450.0 850.0 0.28878
5550.0 850.0 0.63269
5650.0 850.0 0.41478
5750.0 850.0 -0.20404
5850.0 850.0 -0.79302
5950.0 850.0 -0.85584
6050.0 850.0 -0.31365
6150.0 850.0 0.45748
6250.0 850.0 0.89769
6350.0 850.0 0.74948
50.0 950.0 1.08692
150.0 950.0 0.36996
250.0 950.0 -0.17357
350.0 950.0 -0.03076
450.0 950.0 0.51253
550.0 950.0 0.59771
650.0 950.0 0.08191
750.0 950.0 -0.60784
850.0 950.0 -0.92005
950.0 950.0 -0.58645
1050.0 950.0 0.08824
1150.0 950.0 0.82231
1250.0 950.0 1.24370
1350.0 950.0 1.04834
1450.0 950.0 0.41810
1550.0 950.0 -0.15183
1650.0 950.0 -0.56627
1750.0 950.0 -1.05479
1850.0 950.0 -1.36727
1950.0 950.0 -1.26050
2050.0 950.0 -0.82425
2150.0 950.0 -0.38222
2250.0 950.0 -0.09853
2350.0 950.0 -0.27269
2450.0 950.0 -0.75759
2550.0 950.0 -1.03562
2650.0 950.0 -0.76266
2750.0 950.0 0.00048
2850.0 950.0 0.82718
2950.0 950.0 1.06401
3050.0 950.0 0.58227
3150.0 950.0 -0.16054
3250.0 950.0 -0.50939
3350.0 950.0 -0.12210
3450.0 950.0 0.54576
3550.0 950.0 0.94309
3650.0 950.0 0.83022
3750.0 950.0 0.31222
3850.0 950.0 -0.18581
3950.0 950.0 -0.28423
4050.0 950.0 -0.17329
4150.0 950.0 -0.03141
4250.0 950.0 0.06452
4350.0 950.0 0.04946
4450.0 950.0 -0.05220
4550.0 950.0 -0.15975
4650.0 950.0 -0.22855
4750.0 950.0 -0.18231
4850.0 950.0 -0.05912
4950.0 950.0 0.02837
5050.0 950.0 -0.00276
5150.0 950.0 -0.14703
5250.0 950.0 -0.18876
5350.0 950.0 0.25701
5450.0 950.0 0.87297
5550.0 950.0 1.12261
5650.0 950.0 0.76708
5750.0 950.0 -0.00286
5850.0 950.0 -0.74225
5950.0 950.0 -0.94640
6050.0 950.0 -0.51581
6150.0 950.0 0.17546
6250.0 950.0 0.54397
6350.0 950.0 0.30707
50.0 1050.0 0.38582
150.0 1050.0 -0.26963
250.0 1050.0 -0.76526
350.0 1050.0 -0.60298
450.0 1050.0 -0.04156
550.0 1050.0 0.23023
650.0 1050.0 0.11912
750.0 1050.0 -0.09810
850.0 1050.0 -0.06910
950.0 1050.0 0.37382
1050.0 1050.0 1.04004
1150.0 1050.0 1.75676
1250.0 1050.0 2.15387
1350.0 1050.0 1.93301
1450.0 1050.0 1.28258
1550.0 1050.0 0.70032
1650.0 1050.0 0.27813
1750.0 1050.0 -0.20917
1850.0 1050.0 -0.51162
1950.0 1050.0 -0.39484
2050.0 1050.0 0.04278
2150.0 1050.0 0.47538
2250.0 1050.0 0.72357
2350.0 1050.0 0.34071
2450.0 1050.0 -0.54668
2550.0 1050.0 -1.27117
2650.0 1050.0 -1.30737
2750.0 1050.0 -0.63992
2850.0 1050.0 0.19069
2950.0 1050.0 0.51165
3050.0 1050.0 0.20308
3150.0 1050.0 -0.34344
3250.0 1050.0 -0.55578
3350.0 1050.0 -0.12818
3450.0 1050.0 0.55791
3550.0 1050.0 1.07442
3650.0 1050.0 1.18120
3750.0 1050.0 0.89519
3850.0 1050.0 0.54501
3950.0 1050.0 0.47884
4050.0 1050.0 0.57524
4150.0 1050.0 0.67090
4250.0 1050.0 0.69705
4350.0 1050.0 0.61928
4450.0 1050.0 0.48654
4550.0 1050.0 0.38046
4650.0 1050.0 0.31876
4750.0 1050.0 0.35279
4850.0 1050.0 0.44424
4950.0 1050.0 0.49620
5050.0 1050.0 0.44431
5150.0 1050.0 0.30072
5250.0 1050.0 0.25546
5350.0 1050.0 0.64607
5450.0 1050.0 1.16040
5550.0 1050.0 1.30546
5650.0 1050.0 0.88807
5750.0 1050.0 0.11043
5850.0 1050.0 -0.65541
5950.0 1050.0 -1.03292
6050.0 1050.0 -0.90591
6150.0 1050.0 -0.52631
6250.0 1050.0 -0.34918
6350.0 1050.0 -0.62686
50.0 1150.0 -0.10762
150.0 1150.0 -0.88580
250.0 1150.0 -1.44898
350.0 1150.0 -1.28439
450.0 1150.0 -0.67414
550.0 1150.0 -0.19387
650.0 1150.0 0.05170
750.0 1150.0 0.15701
850.0 1150.0 0.32254
950.0 1150.0 0.70267
1050.0 1150.0 1.24536
1150.0 1150.0 1.99899
1250.0 1150.0 2.65827
1350.0 1150.0 2.80030
1450.0 1150.0 2.41361
1550.0 1150.0 1.87195
1650.0 1150.0 1.38366
1750.0 1150.0 0.89849
1850.0 1150.0 0.64489
1950.0 1150.0 0.77241
2050.0 1150.0 1.12954
2150.0 1150.0 1.40439
2250.0 1150.0 1.45683
2350.0 1150.0 0.76170
2450.0 1150.0 -0.53960
2550.0 1150.0 -1.66130
2650.0 1150.0 -1.97533
2750.0 1150.0 -1.45258
2850.0 1150.0 -0.70073
2950.0 1150.0 -0.30384
3050.0 1150.0 -0.33184
3150.0 1150.0 -0.50275
3250.0 1150.0 -0.42704
3350.0 1150.0 0.09013
3450.0 1150.0 0.79385
3550.0 1150.0 1.40794
3650.0 1150.0 1.65494
3750.0 1150.0 1.46115
3850.0 1150.0 1.10411
3950.0 1150.0 0.95287
4050.0 1150.0 0.94037
4150.0 1150.0 0.93693
4250.0 1150.0 0.96200
4350.0 1150.0 1.01889
4450.0 1150.0 1.08548
4550.0 1150.0 1.13514
4650.0 1150.0 1.17156
4750.0 1150.0 1.17114
4850.0 1150.0 1.09532
4950.0 1150.0 0.95513
5050.0 1150.0 0.81305
5150.0 1150.0 0.72579
5250.0 1150.0 0.75658
5350.0 1150.0 1.10273
5450.0 1150.0 1.47252
5550.0 1150.0 1.47855
5650.0 1150.0 1.02817
5750.0 1150.0 0.34096
5850.0 1150.0 -0.34900
5950.0 1150.0 -0.87886
6050.0 1150.0 -1.14813
6150.0 1150.0 -1.23745
6250.0 1150.0 -1.37235
6350.0 1150.0 -1.71336
50.0 1250.0 -0.16800
150.0 1250.0 -1.20301
250.0 1250.0 -1.90634
350.0 1250.0 -1.73514
450.0 1250.0 -1.04030
550.0 1250.0 -0.36823
650.0 1250.0 0.07705
750.0 1250.0 0.20314
850.0 1250.0 0.16607
950.0 1250.0 0.24096
1050.0 1250.0 0.51054
1150.0 1250.0 1.29219
1250.0 1250.0 2.40368
1350.0 1250.0 3.19554
1450.0 1250.0 3.28150
1550.0 1250.0 2.79647
1650.0 1250.0 2.16796
1750.0 1250.0 1.70642
1850.0 1250.0 1.59689
1950.0 1250.0 1.79259
2050.0 1250.0 2.00934
2150.0 1250.0 1.95638
2250.0 1250.0 1.62909
2350.0 1250.0 0.61828
2450.0 1250.0 -0.86011
2550.0 1250.0 -2.03547
2650.0 1250.0 -2.39153
2750.0 1250.0 -2.01441
2850.0 1250.0 -1.45246
2950.0 1250.0 -1.07704
3050.0 1250.0 -0.86290
3150.0 1250.0 -0.62523
3250.0 1250.0 -0.20134
3350.0 1250.0 0.43210
3450.0 1250.0 1.15401
3550.0 1250.0 1.83625
3650.0 1250.0 2.11705
3750.0 1250.0 1.83189
3850.0 1250.0 1.26843
3950.0 1250.0 0.88411
4050.0 1250.0 0.63921
4150.0 1250.0 0.43026
4250.0 1250.0 0.46536
4350.0 1250.0 0.82379
4450.0 1250.0 1.32580
4550.0 1250.0 1.71112
4650.0 1250.0 1.96589
4750.0 1250.0 1.94249
4850.0 1250.0 1.59931
4950.0 1250.0 1.14264
5050.0 1250.0 0.86765
5150.0 1250.0 0.91514
5250.0 1250.0 1.12225
5350.0 1250.0 1.44967
5450.0 1250.0 1.64319
5550.0 1250.0 1.48837
5650.0 1250.0 1.05207
5750.0 1250.0 0.57708
5850.0 1250.0 0.11139
5950.0 1250.0 -0.41915
6050.0 1250.0 -0.98433
6150.0 1250.0 -1.52015
6250.0 1250.0 -1.98642
6350.0 1250.0 -2.39430
50.0 1350.0 0.13816
150.0 1350.0 -1.06601
250.0 1350.0 -1.83454
350.0 1350.0 -1.62022
450.0 1350.0 -0.83325
550.0 1350.0 -0.03338
650.0 1350.0 0.43252
750.0 1350.0 0.33090
850.0 1350.0 -0.12846
950.0 1350.0 -0.47357
1050.0 1350.0 -0.53415
1150.0 1350.0 0.16433
1250.0 1350.0 1.55487
1350.0 1350.0 2.81504
1450.0 1350.0 3.24266
1550.0 1350.0 2.75477
1650.0 1350.0 1.96534
1750.0 1350.0 1.56871
1850.0 1350.0 1.70462
1950.0 1350.0 2.06847
2050.0 1350.0 2.18446
2150.0 1350.0 1.76909
2250.0 1350.0 1.02413
2350.0 1350.0 -0.13315
2450.0 1350.0 -1.37308
2550.0 1350.0 -2.11109
2650.0 1350.0 -2.16934
2750.0 1350.0 -1.85890
2850.0 1350.0 -1.53557
2950.0 1350.0 -1.33270
3050.0 1350.0 -1.12378
3150.0 1350.0 -0.72709
3250.0 1350.0 -0.11270
3350.0 1350.0 0.59571
3450.0 1350.0 1.33539
3550.0 1350.0 2.07424
3650.0 1350.0 2.35124
3750.0 1350.0 1.91280
3850.0 1350.0 1.07767
3950.0 1350.0 0.41341
4050.0 1350.0 -0.11061
4150.0 1350.0 -0.61445
4250.0 1350.0 -0.66941
4350.0 1350.0 -0.06783
4450.0 1350.0 0.87141
4550.0 1350.0 1.63041
4650.0 1350.0 2.14857
4750.0 1350.0 2.15330
4850.0 1350.0 1.59679
4950.0 1350.0 0.87400
5050.0 1350.0 0.50923
5150.0 1350.0 0.72906
5250.0 1350.0 1.14659
5350.0 1350.0 1.48010
5450.0 1350.0 1.51682
5550.0 1350.0 1.22449
5650.0 1350.0 0.83553
5750.0 1350.0 0.61469
5850.0 1350.0 0.45185
5950.0 1350.0 0.13919
6050.0 1350.0 -0.39964
6150.0 1350.0 -1.08133
6250.0 1350.0 -1.70759
6350.0 1350.0 -2.14723
50.0 1450.0 0.46127
150.0 1450.0 -0.67585
250.0 1450.0 -1.34869
350.0 1450.0 -1.05159
450.0 1450.0 -0.19839
550.0 1450.0 0.66875
650.0 1450.0 1.09363
750.0 1450.0 0.76080
850.0 1450.0 -0.05328
950.0 1450.0 -0.71931
1050.0 1450.0 -1.03244
1150.0 1450.0 -0.54190
1250.0 1450.0 0.73419
1350.0 1450.0 1.96448
1450.0 1450.0 2.37243
1550.0 1450.0 1.79464
1650.0 1450.0 0.89182
1750.0 1450.0 0.58869
1850.0 1450.0 0.99868
1950.0 1450.0 1.59459
2050.0 1450.0 1.71587
2150.0 1450.0 1.06266
2250.0 1450.0 0.03422
2350.0 1450.0 -1.06311
2450.0 1450.0 -1.79707
2550.0 1450.0 -1.84394
2650.0 1450.0 -1.42673
2750.0 1450.0 -1.08734
2850.0 1450.0 -0.95256
2950.0 1450.0 -1.00842
3050.0 1450.0 -1.06415
3150.0 1450.0 -0.84018
3250.0 1450.0 -0.28329
3350.0 1450.0 0.42443
3450.0 1450.0 1.18079
3550.0 1450.0 1.99117
3650.0 1450.0 2.32322
3750.0 1450.0 1.83648
3850.0 1450.0 0.84630
3950.0 1450.0 -0.00954
4050.0 1450.0 -0.74813
4150.0 1450.0 -1.55016
4250.0 1450.0 -1.82621
4350.0 1450.0 -1.21458
4450.0 1450.0 -0.06657
4550.0 1450.0 0.93602
4650.0 1450.0 1.65414
4750.0 1450.0 1.73716
4850.0 1450.0 1.12992
4950.0 1450.0 0.32292
5050.0 1450.0 -0.03810
5150.0 1450.0 0.32257
5250.0 1450.0 0.89351
5350.0 1450.0 1.23778
5450.0 1450.0 1.17207
5550.0 1450.0 0.79155
5650.0 1450.0 0.44388
5750.0 1450.0 0.40854
5850.0 1450.0 0.49797
5950.0 1450.0 0.51737
6050.0 1450.0 0.29366
6150.0 1450.0 -0.19492
6250.0 1450.0 -0.75658
6350.0 1450.0 -1.18237
50.0 1550.0 0.44583
150.0 1550.0 -0.41420
250.0 1550.0 -0.86329
350.0 1550.0 -0.46955
450.0 1550.0 0.41005
550.0 1550.0 1.33138
650.0 1550.0 1.81380
750.0 1550.0 1.48924
850.0 1550.0 0.62077
950.0 1550.0 -0.12935
1050.0 1550.0 -0.54170
1150.0 1550.0 -0.30638
1250.0 1550.0 0.53202
1350.0 1550.0 1.28622
1450.0 1550.0 1.35021
1550.0 1550.0 0.63180
1650.0 1550.0 -0.30453
1750.0 1550.0 -0.51885
1850.0 1550.0 0.10162
1950.0 1550.0 0.91156
2050.0 1550.0 1.13215
2150.0 1550.0 0.43124
2250.0 1550.0 -0.67527
2350.0 1550.0 -1.62002
2450.0 1550.0 -1.92062
2550.0 1550.0 -1.44021
2650.0 1550.0 -0.65851
2750.0 1550.0 -0.24778
2850.0 1550.0 -0.19092
2950.0 1550.0 -0.46528
3050.0 1550.0 -0.86795
3150.0 1550.0 -0.98758
3250.0 1550.0 -0.64428
3350.0 1550.0 0.00847
3450.0 1550.0 0.78060
3550.0 1550.0 1.69251
3650.0 1550.0 2.19027
3750.0 1550.0 1.84759
3850.0 1550.0 0.91259
3950.0 1550.0 0.02190
4050.0 1550.0 -0.80452
4150.0 1550.0 -1.82116
4250.0 1550.0 -2.38426
4350.0 1550.0 -1.99742
4450.0 1550.0 -0.92875
4550.0 1550.0 0.11701
4650.0 1550.0 0.91143
4750.0 1550.0 1.08545
4850.0 1550.0 0.57826
4950.0 1550.0 -0.13440
5050.0 1550.0 -0.41680
5150.0 1550.0 0.00834
5250.0 1550.0 0.62778
5350.0 1550.0 0.96428
5450.0 1550.0 0.84516
5550.0 1550.0 0.41538
5650.0 1550.0 0.06878
5750.0 1550.0 0.09172
5850.0 1550.0 0.29286
5950.0 1550.0 0.57291
6050.0 1550.0 0.70994
6150.0 1550.0 0.54425
6250.0 1550.0 0.16050
6350.0 1550.0 -0.22876
50.0 1650.0 0.24158
150.0 1650.0 -0.25994
250.0 1650.0 -0.44368
350.0 1650.0 0.03584
450.0 1650.0 0.90820
550.0 1650.0 1.87737
650.0 1650.0 2.48903
750.0 1650.0 2.32811
850.0 1650.0 1.58524
950.0 1650.0 0.87890
1050.0 1650.0 0.44308
1150.0 1650.0 0.41884
1250.0 1650.0 0.70531
1350.0 1650.0 0.81977
1450.0 1650.0 0.42422
1550.0 1650.0 -0.44169
1650.0 1650.0 -1.36775
1750.0 1650.0 -1.49444
1850.0 1650.0 -0.69864
1950.0 1650.0 0.30935
2050.0 1650.0 0.66944
2150.0 1650.0 0.01270
2250.0 1650.0 -1.07507
2350.0 1650.0 -1.86668
2450.0 1650.0 -1.86257
2550.0 1650.0 -1.04242
2650.0 1650.0 -0.02752
2750.0 1650.0 0.44982
2850.0 1650.0 0.48570
2950.0 1650.0 0.05837
3050.0 1650.0 -0.64274
3150.0 1650.0 -1.09624
3250.0 1650.0 -0.98632
3350.0 1650.0 -0.40852
3450.0 1650.0 0.36597
3550.0 1650.0 1.37607
3650.0 1650.0 2.07396
3750.0 1650.0 1.95412
3850.0 1650.0 1.16868
3950.0 1650.0 0.31584
4050.0 1650.0 -0.53407
4150.0 1650.0 -1.69432
4250.0 1650.0 -2.52710
4350.0 1650.0 -2.43856
4450.0 1650.0 -1.57777
4550.0 1650.0 -0.60270
4650.0 1650.0 0.18570
4750.0 1650.0 0.44681
4850.0 1650.0 0.11995
4950.0 1650.0 -0.39490
5050.0 1650.0 -0.55108
5150.0 1650.0 -0.10261
5250.0 1650.0 0.50358
5350.0 1650.0 0.80631
5450.0 1650.0 0.63274
5550.0 1650.0 0.14407
5650.0 1650.0 -0.24615
5750.0 1650.0 -0.24453
5850.0 1650.0 -0.02507
5950.0 1650.0 0.41856
6050.0 1650.0 0.85235
6150.0 1650.0 0.99785
6250.0 1650.0 0.80957
6350.0 1650.0 0.46530
50.0 1750.0 0.34860
150.0 1750.0 0.29102
250.0 1750.0 0.38979
350.0 1750.0 0.86862
450.0 1750.0 1.59379
550.0 1750.0 2.45960
650.0 1750.0 3.08589
750.0 1750.0 3.05499
850.0 1750.0 2.46594
950.0 1750.0 1.82881
1050.0 1750.0 1.36674
1150.0 1750.0 1.03244
1250.0 1750.0 0.67511
1350.0 1750.0 0.06901
1450.0 1750.0 -0.81323
1550.0 1750.0 -1.79737
1650.0 1750.0 -2.66138
1750.0 1750.0 -2.63257
1850.0 1750.0 -1.58216
1950.0 1750.0 -0.30387
2050.0 1750.0 0.24842
2150.0 1750.0 -0.32910
2250.0 1750.0 -1.36967
2350.0 1750.0 -1.99698
2450.0 1750.0 -1.71475
2550.0 1750.0 -0.61560
2650.0 1750.0 0.56790
2750.0 1750.0 1.07516
2850.0 1750.0 1.08976
2950.0 1750.0 0.63095
3050.0 1750.0 -0.14926
3150.0 1750.0 -0.74278
3250.0 1750.0 -0.79870
3350.0 1750.0 -0.36150
3450.0 1750.0 0.29778
3550.0 1750.0 1.24477
3650.0 1750.0 1.97106
3750.0 1750.0 1.94781
3850.0 1750.0 1.25012
3950.0 1750.0 0.41094
4050.0 1750.0 -0.44977
4150.0 1750.0 -1.59644
4250.0 1750.0 -2.47909
4350.0 1750.0 -2.57034
4450.0 1750.0 -1.98118
4550.0 1750.0 -1.27286
4650.0 1750.0 -0.68361
4750.0 1750.0 -0.34694
4850.0 1750.0 -0.28239
4950.0 1750.0 -0.29378
5050.0 1750.0 -0.12599
5150.0 1750.0 0.32790
5250.0 1750.0 0.83270
5350.0 1750.0 1.02709
5450.0 1750.0 0.71578
5550.0 1750.0 0.05499
5650.0 1750.0 -0.51908
5750.0 1750.0 -0.68569
5850.0 1750.0 -0.60302
5950.0 1750.0 -0.15270
6050.0 1750.0 0.49751
6150.0 1750.0 0.98643
6250.0 1750.0 1.08359
6350.0 1750.0 0.84847
50.0 1850.0 0.72463
150.0 1850.0 1.03991
250.0 1850.0 1.31160
350.0 1850.0 1.64002
450.0 1850.0 2.04984
550.0 1850.0 2.62798
650.0 1850.0 3.12197
750.0 1850.0 3.16745
850.0 1850.0 2.75452
950.0 1850.0 2.21164
1050.0 1850.0 1.73182
1150.0 1850.0 1.17932
1250.0 1850.0 0.39664
1350.0 1850.0 -0.64339
1450.0 1850.0 -1.76748
1550.0 1850.0 -2.74432
1650.0 1850.0 -3.49137
1750.0 1850.0 -3.30205
1850.0 1850.0 -2.05934
1950.0 1850.0 -0.60465
2050.0 1850.0 0.07397
2150.0 1850.0 -0.42452
2250.0 1850.0 -1.39362
2350.0 1850.0 -1.90665
2450.0 1850.0 -1.50251
2550.0 1850.0 -0.33588
2650.0 1850.0 0.84270
2750.0 1850.0 1.30669
2850.0 1850.0 1.30192
2950.0 1850.0 0.98632
3050.0 1850.0 0.44835
3150.0 1850.0 0.01281
3250.0 1850.0 -0.08262
3350.0 1850.0 0.14869
3450.0 1850.0 0.55425
3550.0 1850.0 1.25710
3650.0 1850.0 1.82774
3750.0 1850.0 1.77230
3850.0 1850.0 1.10219
3950.0 1850.0 0.25038
4050.0 1850.0 -0.59886
4150.0 1850.0 -1.48851
4250.0 1850.0 -2.05358
4350.0 1850.0 -2.06942
4450.0 1850.0 -1.75252
4550.0 1850.0 -1.52455
4650.0 1850.0 -1.38077
4750.0 1850.0 -1.09005
4850.0 1850.0 -0.57665
4950.0 1850.0 0.07661
5050.0 1850.0 0.67567
5150.0 1850.0 1.08446
5250.0 1850.0 1.40046
5350.0 1850.0 1.49210
5450.0 1850.0 1.10756
5550.0 1850.0 0.30799
5650.0 1850.0 -0.51222
5750.0 1850.0 -0.99799
5850.0 1850.0 -1.24829
5950.0 1850.0 -1.04479
6050.0 1850.0 -0.38851
6150.0 1850.0 0.36574
6250.0 1850.0 0.78489
6350.0 1850.0 0.72097
50.0 1950.0 1.02780
150.0 1950.0 1.46030
250.0 1950.0 1.69656
350.0 1950.0 1.76864
450.0 1950.0 1.81390
550.0 1950.0 2.04797
650.0 1950.0 2.35760
750.0 1950.0 2.45136
850.0 1950.0 2.21108
950.0 1950.0 1.76608
1050.0 1950.0 1.28944
1150.0 1950.0 0.75362
1250.0 1950.0 0.05465
1350.0 1950.0 -0.81701
1450.0 1950.0 -1.73658
1550.0 1950.0 -2.54671
1650.0 1950.0 -3.16973
1750.0 1950.0 -2.92315
1850.0 1950.0 -1.72243
1950.0 1950.0 -0.36574
2050.0 1950.0 0.24488
2150.0 1950.0 -0.22969
2250.0 1950.0 -1.13104
2350.0 1950.0 -1.63152
2450.0 1950.0 -1.32530
2550.0 1950.0 -0.34822
2650.0 1950.0 0.63964
2750.0 1950.0 0.99911
2850.0 1950.0 0.98046
2950.0 1950.0 0.89984
3050.0 1950.0 0.77766
3150.0 1950.0 0.67583
3250.0 1950.0 0.63900
3350.0 1950.0 0.66390
3450.0 1950.0 0.77937
3550.0 1950.0 1.20348
3650.0 1950.0 1.59723
3750.0 1950.0 1.50625
3850.0 1950.0 0.86858
3950.0 1950.0 0.00253
4050.0 1950.0 -0.81729
4150.0 1950.0 -1.30322
4250.0 1950.0 -1.30330
4350.0 1950.0 -1.01828
4450.0 1950.0 -0.87372
4550.0 1950.0 -1.16064
4650.0 1950.0 -1.55498
4750.0 1950.0 -1.49231
4850.0 1950.0 -0.77929
4950.0 1950.0 0.30622
5050.0 1950.0 1.19066
5150.0 1950.0 1.49909
5250.0 1950.0 1.62454
5350.0 1950.0 1.74411
5450.0 1950.0 1.52930
5550.0 1950.0 0.83131
5650.0 1950.0 -0.10938
5750.0 1950.0 -0.92508
5850.0 1950.0 -1.58094
5950.0 1950.0 -1.78937
6050.0 1950.0 -1.34596
6150.0 1950.0 -0.50985
6250.0 1950.0 0.14380
6350.0 1950.0 0.24846
50.0 2050.0 0.98087
150.0 2050.0 1.29424
250.0 2050.0 1.35291
350.0 2050.0 1.18828
450.0 2050.0 0.97449
550.0 2050.0 0.97719
650.0 2050.0 1.18383
750.0 2050.0 1.34468
850.0 2050.0 1.25106
950.0 2050.0 0.88382
1050.0 2050.0 0.42710
1150.0 2050.0 0.09914
1250.0 2050.0 -0.12064
1350.0 2050.0 -0.38358
1450.0 2050.0 -0.80399
1550.0 2050.0 -1.37941
1650.0 2050.0 -1.92361
1750.0 2050.0 -1.74817
1850.0 2050.0 -0.80881
1950.0 2050.0 0.21339
2050.0 2050.0 0.58797
2150.0 2050.0 0.07153
2250.0 2050.0 -0.79027
2350.0 2050.0 -1.35094
2450.0 2050.0 -1.25294
2550.0 2050.0 -0.56618
2650.0 2050.0 0.17830
2750.0 2050.0 0.43154
2850.0 2050.0 0.40369
2950.0 2050.0 0.49712
3050.0 2050.0 0.68424
3150.0 2050.0 0.83505
3250.0 2050.0 0.85069
3350.0 2050.0 0.73236
3450.0 2050.0 0.64962
3550.0 2050.0 0.93057
3650.0 2050.0 1.30188
3750.0 2050.0 1.29729
3850.0 2050.0 0.75667
3950.0 2050.0 -0.09980
4050.0 2050.0 -0.89053
4150.0 2050.0 -1.03523
4250.0 2050.0 -0.53350
4350.0 2050.0 0.07263
4450.0 2050.0 0.16505
4550.0 2050.0 -0.46934
4650.0 2050.0 -1.27184
4750.0 2050.0 -1.53633
4850.0 2050.0 -0.97798
4950.0 2050.0 0.10425
5050.0 2050.0 0.99463
5150.0 2050.0 1.18593
5250.0 2050.0 1.20421
5350.0 2050.0 1.50258
5450.0 2050.0 1.68510
5550.0 2050.0 1.34363
5650.0 2050.0 0.49368
5750.0 2050.0 -0.51728
5850.0 2050.0 -1.47382
5950.0 2050.0 -2.04387
6050.0 2050.0 -1.86962
6150.0 2050.0 -1.09482
6250.0 2050.0 -0.34703
6350.0 2050.0 -0.13761
50.0 2150.0 0.56636
150.0 2150.0 0.71271
250.0 2150.0 0.61797
350.0 2150.0 0.34393
450.0 2150.0 0.05088
550.0 2150.0 0.01798
650.0 2150.0 0.27399
750.0 2150.0 0.55274
850.0 2150.0 0.57662
950.0 2150.0 0.25842
1050.0 2150.0 -0.17773
1150.0 2150.0 -0.28632
1250.0 2150.0 -0.02565
1350.0 2150.0 0.28714
1450.0 2150.0 0.30178
1550.0 2150.0 -0.10844
1650.0 2150.0 -0.63727
1750.0 2150.0 -0.59356
1850.0 2150.0 0.03708
1950.0 2150.0 0.69491
2050.0 2150.0 0.81157
2150.0 2150.0 0.22441
2250.0 2150.0 -0.62953
2350.0 2150.0 -1.24282
2450.0 2150.0 -1.27785
2550.0 2150.0 -0.75822
2650.0 2150.0 -0.14283
2750.0 2150.0 0.06144
2850.0 2150.0 0.02492
2950.0 2150.0 0.12709
3050.0 2150.0 0.32188
3150.0 2150.0 0.45340
3250.0 2150.0 0.41868
3350.0 2150.0 0.23674
3450.0 2150.0 0.10608
3550.0 2150.0 0.44713
3650.0 2150.0 1.00997
3750.0 2150.0 1.24760
3850.0 2150.0 0.88022
3950.0 2150.0 0.06465
4050.0 2150.0 -0.71477
4150.0 2150.0 -0.73872
4250.0 2150.0 -0.05429
4350.0 2150.0 0.67963
4450.0 2150.0 0.77341
4550.0 2150.0 0.03467
4650.0 2150.0 -0.92346
4750.0 2150.0 -1.46249
4850.0 2150.0 -1.26058
4950.0 2150.0 -0.50144
5050.0 2150.0 0.18662
5150.0 2150.0 0.29342
5250.0 2150.0 0.31058
5350.0 2150.0 0.84983
5450.0 2150.0 1.47893
5550.0 2150.0 1.57999
5650.0 2150.0 0.96328
5750.0 2150.0 -0.06395
5850.0 2150.0 -1.11941
5950.0 2150.0 -1.82799
6050.0 2150.0 -1.78099
6150.0 2150.0 -1.06876
6250.0 2150.0 -0.31771
6350.0 2150.0 -0.08083
50.0 2250.0 -0.01901
150.0 2250.0 0.01153
250.0 2250.0 -0.15993
350.0 2250.0 -0.45370
450.0 2250.0 -0.73532
550.0 2250.0 -0.71205
650.0 2250.0 -0.33729
750.0 2250.0 0.08798
850.0 2250.0 0.23070
950.0 2250.0 -0.03091
1050.0 2250.0 -0.43017
1150.0 2250.0 -0.35765
1250.0 2250.0 0.26223
1350.0 2250.0 0.98444
1450.0 2250.0 1.29478
1550.0 2250.0 0.98848
1650.0 2250.0 0.45809
1750.0 2250.0 0.36601
1850.0 2250.0 0.69828
1950.0 2250.0 1.00628
2050.0 2250.0 0.87042
2150.0 2250.0 0.20250
2250.0 2250.0 -0.65653
2350.0 2250.0 -1.29697
2450.0 2250.0 -1.38099
2550.0 2250.0 -0.90967
2650.0 2250.0 -0.32044
2750.0 2250.0 -0.11528
2850.0 2250.0 -0.15265
2950.0 2250.0 -0.13371
3050.0 2250.0 -0.10946
3150.0 2250.0 -0.16437
3250.0 2250.0 -0.31878
3350.0 2250.0 -0.52244
3450.0 2250.0 -0.61921
3550.0 2250.0 -0.12785
3650.0 2250.0 0.70924
3750.0 2250.0 1.24846
3850.0 2250.0 1.09335
3950.0 2250.0 0.35412
4050.0 2250.0 -0.39950
4150.0 2250.0 -0.40380
4250.0 2250.0 0.28918
4350.0 2250.0 1.02293
4450.0 2250.0 1.11711
4550.0 2250.0 0.38739
4650.0 2250.0 -0.59366
4750.0 2250.0 -1.34137
4850.0 2250.0 -1.52289
4950.0 2250.0 -1.16493
5050.0 2250.0 -0.72608
5150.0 2250.0 -0.66726
5250.0 2250.0 -0.59974
5350.0 2250.0 0.16276
5450.0 2250.0 1.17027
5550.0 2250.0 1.65890
5650.0 2250.0 1.28645
5750.0 2250.0 0.32227
5850.0 2250.0 -0.72505
5950.0 2250.0 -1.44729
6050.0 2250.0 -1.44061
6150.0 2250.0 -0.78047
6250.0 2250.0 -0.06894
6350.0 2250.0 0.15334
50.0 2350.0 -0.83405
150.0 2350.0 -0.81084
250.0 2350.0 -0.88970
350.0 2350.0 -1.07224
450.0 2350.0 -1.26929
550.0 2350.0 -1.18902
650.0 2350.0 -0.75400
750.0 2350.0 -0.21473
850.0 2350.0 0.10356
950.0 2350.0 0.04142
1050.0 2350.0 -0.15846
1150.0 2350.0 0.14300
1250.0 2350.0 0.99470
1350.0 2350.0 1.90203
1450.0 2350.0 2.33865
1550.0 2350.0 2.13066
1650.0 2350.0 1.67877
1750.0 2350.0 1.47164
1850.0 2350.0 1.41836
1950.0 2350.0 1.21101
2050.0 2350.0 0.66896
2150.0 2350.0 -0.14263
2250.0 2350.0 -1.01825
2350.0 2350.0 -1.69440
2450.0 2350.0 -1.79712
2550.0 2350.0 -1.28447
2650.0 2350.0 -0.59891
2750.0 2350.0 -0.28618
2850.0 2350.0 -0.25128
2950.0 2350.0 -0.34755
3050.0 2350.0 -0.62150
3150.0 2350.0 -0.98646
3250.0 2350.0 -1.28548
3350.0 2350.0 -1.41676
3450.0 2350.0 -1.36611
3550.0 2350.0 -0.73845
3650.0 2350.0 0.25571
3750.0 2350.0 1.00066
3850.0 2350.0 1.08867
3950.0 2350.0 0.59389
4050.0 2350.0 0.06645
4150.0 2350.0 0.20677
4250.0 2350.0 0.92288
4350.0 2350.0 1.60585
4450.0 2350.0 1.68126
4550.0 2350.0 1.03921
4650.0 2350.0 0.14590
4750.0 2350.0 -0.74166
4850.0 2350.0 -1.27899
4950.0 2350.0 -1.30123
5050.0 2350.0 -1.05776
5150.0 2350.0 -0.94706
5250.0 2350.0 -0.75551
5350.0 2350.0 0.11203
5450.0 2350.0 1.20444
5550.0 2350.0 1.77247
5650.0 2350.0 1.49289
5750.0 2350.0 0.64264
5850.0 2350.0 -0.29611
5950.0 2350.0 -0.99803
6050.0 2350.0 -1.12309
6150.0 2350.0 -0.70600
6250.0 2350.0 -0.21845
6350.0 2350.0 -0.10354
50.0 2450.0 -1.62867
150.0 2450.0 -1.48811
250.0 2450.0 -1.28140
350.0 2450.0 -1.20458
450.0 2450.0 -1.23910
550.0 2450.0 -1.15167
650.0 2450.0 -0.83337
750.0 2450.0 -0.34746
850.0 2450.0 0.11487
950.0 2450.0 0.38147
1050.0 2450.0 0.55917
1150.0 2450.0 1.08261
1250.0 2450.0 1.89050
1350.0 2450.0 2.57586
1450.0 2450.0 2.83628
1550.0 2450.0 2.68437
1650.0 2450.0 2.41295
1750.0 2450.0 2.22797
1850.0 2450.0 1.92516
1950.0 2450.0 1.28332
2050.0 2450.0 0.35109
2150.0 2450.0 -0.61579
2250.0 2450.0 -1.52254
2350.0 2450.0 -2.26639
2450.0 2450.0 -2.39863
2550.0 2450.0 -1.79388
2650.0 2450.0 -0.90853
2750.0 2450.0 -0.37785
2850.0 2450.0 -0.18063
2950.0 2450.0 -0.36957
3050.0 2450.0 -0.97217
3150.0 2450.0 -1.66156
3250.0 2450.0 -2.04855
3350.0 2450.0 -1.97748
3450.0 2450.0 -1.66397
3550.0 2450.0 -1.00998
3650.0 2450.0 -0.16855
3750.0 2450.0 0.48216
3850.0 2450.0 0.72166
3950.0 2450.0 0.62847
4050.0 2450.0 0.54885
4150.0 2450.0 0.93768
4250.0 2450.0 1.62301
4350.0 2450.0 2.12175
4450.0 2450.0 2.10610
4550.0 2450.0 1.62682
4650.0 2450.0 0.95663
4750.0 2450.0 0.07796
4850.0 2450.0 -0.65544
4950.0 2450.0 -0.89915
5050.0 2450.0 -0.70436
5150.0 2450.0 -0.40890
5250.0 2450.0 -0.01636
5350.0 2450.0 0.78759
5450.0 2450.0 1.57210
5550.0 2450.0 1.80823
5650.0 2450.0 1.41103
5750.0 2450.0 0.72299
5850.0 2450.0 0.01767
5950.0 2450.0 -0.56252
6050.0 2450.0 -0.81482
6150.0 2450.0 -0.74735
6250.0 2450.0 -0.62599
6350.0 2450.0 -0.70968
50.0 2550.0 -2.03551
150.0 2550.0 -1.74336
250.0 2550.0 -1.20087
350.0 2550.0 -0.82725
450.0 2550.0 -0.68535
550.0 2550.0 -0.67071
650.0 2550.0 -0.66265
750.0 2550.0 -0.44935
850.0 2550.0 0.01773
950.0 2550.0 0.59950
1050.0 2550.0 1.18997
1150.0 2550.0 1.84825
1250.0 2550.0 2.36147
1350.0 2550.0 2.51133
1450.0 2550.0 2.36672
1550.0 2550.0 2.20970
1650.0 2550.0 2.15853
1750.0 2550.0 2.18535
1850.0 2550.0 1.98958
1950.0 2550.0 1.30291
2050.0 2550.0 0.24653
2150.0 2550.0 -0.79647
2250.0 2550.0 -1.74019
2350.0 2550.0 -2.58936
2450.0 2550.0 -2.81351
2550.0 2550.0 -2.17130
2650.0 2550.0 -1.10725
2750.0 2550.0 -0.34528
2850.0 2550.0 0.04601
2950.0 2550.0 -0.15136
3050.0 2550.0 -0.93676
3150.0 2550.0 -1.78495
3250.0 2550.0 -2.13109
3350.0 2550.0 -1.79338
3450.0 2550.0 -1.20564
3550.0 2550.0 -0.67941
3650.0 2550.0 -0.30737
3750.0 2550.0 -0.08523
3850.0 2550.0 0.11025
3950.0 2550.0 0.41146
4050.0 2550.0 0.82595
4150.0 2550.0 1.43416
4250.0 2550.0 1.97481
4350.0 2550.0 2.14938
4450.0 2550.0 1.95536
4550.0 2550.0 1.63999
4650.0 2550.0 1.24214
4750.0 2550.0 0.50735
4850.0 2550.0 -0.20679
4950.0 2550.0 -0.44883
5050.0 2550.0 -0.14993
5150.0 2550.0 0.39034
5250.0 2550.0 0.99448
5350.0 2550.0 1.64571
5450.0 2550.0 1.94266
5550.0 2550.0 1.66044
5650.0 2550.0 1.04105
5750.0 2550.0 0.51556
5850.0 2550.0 0.09127
5950.0 2550.0 -0.25336
6050.0 2550.0 -0.48092
6150.0 2550.0 -0.63707
6250.0 2550.0 -0.82496
6350.0 2550.0 -1.11094
50.0 2650.0 -1.99963
150.0 2650.0 -1.63708
250.0 2650.0 -0.88786
350.0 2650.0 -0.31778
450.0 2650.0 -0.05918
550.0 2650.0 -0.16394
650.0 2650.0 -0.52375
750.0 2650.0 -0.68083
850.0 2650.0 -0.34435
950.0 2650.0 0.40987
1050.0 2650.0 1.28067
1150.0 2650.0 1.97659
1250.0 2650.0 2.16567
1350.0 2650.0 1.80448
1450.0 2650.0 1.27787
1550.0 2650.0 1.08407
1650.0 2650.0 1.20082
1750.0 2650.0 1.53141
1850.0 2650.0 1.73501
1950.0 2650.0 1.38924
2050.0 2650.0 0.51040
2150.0 2650.0 -0.50286
2250.0 2650.0 -1.47625
2350.0 2650.0 -2.44430
2450.0 2650.0 -2.82424
2550.0 2650.0 -2.25944
2650.0 2650.0 -1.14315
2750.0 2650.0 -0.24203
2850.0 2650.0 0.29307
2950.0 2650.0 0.16571
3050.0 2650.0 -0.59869
3150.0 2650.0 -1.39394
3250.0 2650.0 -1.60101
3350.0 2650.0 -1.04716
3450.0 2650.0 -0.28464
3550.0 2650.0 0.03761
3650.0 2650.0 -0.13426
3750.0 2650.0 -0.44599
3850.0 2650.0 -0.43807
3950.0 2650.0 0.09508
4050.0 2650.0 0.84196
4150.0 2650.0 1.53311
4250.0 2650.0 1.84599
4350.0 2650.0 1.66002
4450.0 2650.0 1.25426
4550.0 2650.0 1.03062
4650.0 2650.0 0.83132
4750.0 2650.0 0.25586
4850.0 2650.0 -0.33843
4950.0 2650.0 -0.46800
5050.0 2650.0 -0.02628
5150.0 2650.0 0.70038
5250.0 2650.0 1.45343
5350.0 2650.0 2.01068
5450.0 2650.0 1.99024
5550.0 2650.0 1.36981
5650.0 2650.0 0.60954
5750.0 2650.0 0.19974
5850.0 2650.0 -0.00897
5950.0 2650.0 -0.08149
6050.0 2650.0 -0.10735
6150.0 2650.0 -0.23248
6250.0 2650.0 -0.52247
6350.0 2650.0 -0.92585
50.0 2750.0 -1.78192
150.0 2750.0 -1.48312
250.0 2750.0 -0.73632
350.0 2750.0 -0.13090
450.0 2750.0 0.15652
550.0 2750.0 -0.04935
650.0 2750.0 -0.66385
750.0 2750.0 -1.10363
850.0 2750.0 -0.93353
950.0 2750.0 -0.17207
1050.0 2750.0 0.77995
1150.0 2750.0 1.47555
1250.0 2750.0 1.54367
1350.0 2750.0 1.00191
1450.0 2750.0 0.34101
1550.0 2750.0 0.12944
1650.0 2750.0 0.31065
1750.0 2750.0 0.87843
1850.0 2750.0 1.50528
1950.0 2750.0 1.60936
2050.0 2750.0 1.03032
2150.0 2750.0 0.10323
2250.0 2750.0 -0.88515
2350.0 2750.0 -1.95304
2450.0 2750.0 -2.50884
2550.0 2750.0 -2.11264
2650.0 2750.0 -1.08184
2750.0 2750.0 -0.16939
2850.0 2750.0 0.41638
2950.0 2750.0 0.37639
3050.0 2750.0 -0.25203
3150.0 2750.0 -0.88839
3250.0 2750.0 -0.95697
3350.0 2750.0 -0.31157
3450.0 2750.0 0.49067
3550.0 2750.0 0.66119
3650.0 2750.0 0.15529
3750.0 2750.0 -0.50192
3850.0 2750.0 -0.67379
3950.0 2750.0 -0.10464
4050.0 2750.0 0.72837
4150.0 2750.0 1.35994
4250.0 2750.0 1.45022
4350.0 2750.0 0.99222
4450.0 2750.0 0.41653
4550.0 2750.0 0.19342
4650.0 2750.0 0.05342
4750.0 2750.0 -0.47257
4850.0 2750.0 -1.02744
4950.0 2750.0 -1.11959
5050.0 2750.0 -0.63291
5150.0 2750.0 0.14971
5250.0 2750.0 0.96325
5350.0 2750.0 1.58515
5450.0 2750.0 1.63169
5550.0 2750.0 1.07643
5650.0 2750.0 0.37685
5750.0 2750.0 0.02388
5850.0 2750.0 -0.09651
5950.0 2750.0 0.03983
6050.0 2750.0 0.29120
6150.0 2750.0 0.39456
6250.0 2750.0 0.20667
6350.0 2750.0 -0.20456
50.0 2850.0 -1.54121
150.0 2850.0 -1.35717
250.0 2850.0 -0.72146
350.0 2850.0 -0.17699
450.0 2850.0 0.07953
550.0 2850.0 -0.21928
650.0 2850.0 -1.00461
750.0 2850.0 -1.63412
850.0 2850.0 -1.60041
950.0 2850.0 -0.88975
1050.0 2850.0 0.05273
1150.0 2850.0 0.73889
1250.0 2850.0 0.80274
1350.0 2850.0 0.26698
1450.0 2850.0 -0.38064
1550.0 2850.0 -0.57991
1650.0 2850.0 -0.37197
1750.0 2850.0 0.38004
1850.0 2850.0 1.38312
1950.0 2850.0 1.92266
2050.0 2850.0 1.66225
2150.0 2850.0 0.85012
2250.0 2850.0 -0.12704
2350.0 2850.0 -1.27435
2450.0 2850.0 -2.02164
2550.0 2850.0 -1.85896
2650.0 2850.0 -1.00217
2750.0 2850.0 -0.14916
2850.0 2850.0 0.44008
2950.0 2850.0 0.48486
3050.0 2850.0 0.02344
3150.0 2850.0 -0.43559
3250.0 2850.0 -0.39521
3350.0 2850.0 0.26434
3450.0 2850.0 1.03344
3550.0 2850.0 1.09636
3650.0 2850.0 0.40823
3750.0 2850.0 -0.44166
3850.0 2850.0 -0.74520
3950.0 2850.0 -0.22255
4050.0 2850.0 0.57742
4150.0 2850.0 1.08249
4250.0 2850.0 0.95936
4350.0 2850.0 0.28305
4450.0 2850.0 -0.43106
4550.0 2850.0 -0.68981
4650.0 2850.0 -0.83107
4750.0 2850.0 -1.35025
4850.0 2850.0 -1.88824
4950.0 2850.0 -1.95902
5050.0 2850.0 -1.45557
5150.0 2850.0 -0.66578
5250.0 2850.0 0.16848
5350.0 2850.0 0.89292
5450.0 2850.0 1.12018
5550.0 2850.0 0.75692
5650.0 2850.0 0.18508
5750.0 2850.0 -0.12763
5850.0 2850.0 -0.20079
5950.0 2850.0 0.11769
6050.0 2850.0 0.66188
6150.0 2850.0 1.05266
6250.0 2850.0 1.03532
6350.0 2850.0 0.65949
50.0 2950.0 -1.04202
150.0 2950.0 -0.92409
250.0 2950.0 -0.54081
350.0 2950.0 -0.25897
450.0 2950.0 -0.20373
550.0 2950.0 -0.68569
650.0 2950.0 -1.59028
750.0 2950.0 -2.25644
850.0 2950.0 -2.22227
950.0 2950.0 -1.54652
1050.0 2950.0 -0.68008
1150.0 2950.0 -0.09018
1250.0 2950.0 -0.09431
1350.0 2950.0 -0.61743
1450.0 2950.0 -1.18325
1550.0 2950.0 -1.29319
1650.0 2950.0 -1.00151
1750.0 2950.0 -0.05304
1850.0 2950.0 1.31642
1950.0 2950.0 2.31766
2050.0 2950.0 2.46688
2150.0 2950.0 1.90673
2250.0 2950.0 1.08404
2350.0 2950.0 -0.06089
2450.0 2950.0 -1.06407
2550.0 2950.0 -1.33996
2650.0 2950.0 -0.88682
2750.0 2950.0 -0.21914
2850.0 2950.0 0.32843
2950.0 2950.0 0.49673
3050.0 2950.0 0.29336
3150.0 2950.0 0.06214
3250.0 2950.0 0.16235
3350.0 2950.0 0.70118
3450.0 2950.0 1.29654
3550.0 2950.0 1.22803
3650.0 2950.0 0.46794
3750.0 2950.0 -0.42209
3850.0 2950.0 -0.78645
3950.0 2950.0 -0.37963
4050.0 2950.0 0.26474
4150.0 2950.0 0.54082
4250.0 2950.0 0.16101
4350.0 2950.0 -0.71435
4450.0 2950.0 -1.53170
4550.0 2950.0 -1.82805
4650.0 2950.0 -1.96949
4750.0 2950.0 -2.35069
4850.0 2950.0 -2.60034
4950.0 2950.0 -2.33910
5050.0 2950.0 -1.60057
5150.0 2950.0 -0.73283
5250.0 2950.0 0.09455
5350.0 2950.0 0.67416
5450.0 2950.0 0.66902
5550.0 2950.0 0.11921
5650.0 2950.0 -0.49761
5750.0 2950.0 -0.72381
5850.0 2950.0 -0.64616
5950.0 2950.0 -0.05632
6050.0 2950.0 0.82110
6150.0 2950.0 1.48690
6250.0 2950.0 1.61344
6350.0 2950.0 1.27384
50.0 3050.0 -0.19191
150.0 3050.0 -0.07116
250.0 3050.0 -0.08053
350.0 3050.0 -0.27464
450.0 3050.0 -0.60209
550.0 3050.0 -1.33339
650.0 3050.0 -2.23199
750.0 3050.0 -2.68653
850.0 3050.0 -2.44234
950.0 3050.0 -1.76247
1050.0 3050.0 -1.04266
1150.0 3050.0 -0.64207
1250.0 3050.0 -0.78235
1350.0 3050.0 -1.28511
1450.0 3050.0 -1.69465
1550.0 3050.0 -1.63152
1650.0 3050.0 -1.20733
1750.0 3050.0 -0.18234
1850.0 3050.0 1.26612
1950.0 3050.0 2.44044
2050.0 3050.0 2.87286
2150.0 3050.0 2.64251
2250.0 3050.0 2.13912
2350.0 3050.0 1.18171
2450.0 3050.0 0.04723
2550.0 3050.0 -0.67045
2650.0 3050.0 -0.71752
2750.0 3050.0 -0.32588
2850.0 3050.0 0.12740
2950.0 3050.0 0.42407
3050.0 3050.0 0.50467
3150.0 3050.0 0.47584
3250.0 3050.0 0.52865
3350.0 3050.0 0.78614
3450.0 3050.0 1.06220
3550.0 3050.0 0.88147
3650.0 3050.0 0.25342
3750.0 3050.0 -0.41981
3850.0 3050.0 -0.70678
3950.0 3050.0 -0.47368
4050.0 3050.0 -0.10378
4150.0 3050.0 -0.08147
4250.0 3050.0 -0.60747
4350.0 3050.0 -1.49394
4450.0 3050.0 -2.26794
4550.0 3050.0 -2.57652
4650.0 3050.0 -2.73487
4750.0 3050.0 -2.95015
4850.0 3050.0 -2.82215
4950.0 3050.0 -2.10653
5050.0 3050.0 -1.03206
5150.0 3050.0 -0.04103
5250.0 3050.0 0.76261
5350.0 3050.0 1.00113
5450.0 3050.0 0.44057
5550.0 3050.0 -0.57813
5650.0 3050.0 -1.34780
5750.0 3050.0 -1.41970
5850.0 3050.0 -1.10111
5950.0 3050.0 -0.26162
6050.0 3050.0 0.79123
6150.0 3050.0 1.51476
6250.0 3050.0 1.63287
6350.0 3050.0 1.30490
50.0 3150.0 0.82955
150.0 3150.0 0.98930
250.0 3150.0 0.57373
350.0 3150.0 -0.13580
450.0 3150.0 -0.88089
550.0 3150.0 -1.83204
650.0 3150.0 -2.60161
750.0 3150.0 -2.67727
850.0 3150.0 -2.09391
950.0 3150.0 -1.37246
1050.0 3150.0 -0.81345
1150.0 3150.0 -0.62050
1250.0 3150.0 -0.90835
1350.0 3150.0 -1.38556
1450.0 3150.0 -1.62039
1550.0 3150.0 -1.36557
1650.0 3150.0 -0.81684
1750.0 3150.0 0.07562
1850.0 3150.0 1.16148
1950.0 3150.0 2.01208
2050.0 3150.0 2.39220
2150.0 3150.0 2.41156
2250.0 3150.0 2.27602
2350.0 3150.0 1.67809
2450.0 3150.0 0.70521
2550.0 3150.0 -0.15562
2650.0 3150.0 -0.51572
2750.0 3150.0 -0.35771
2850.0 3150.0 -0.01565
2950.0 3150.0 0.35934
3050.0 3150.0 0.62985
3150.0 3150.0 0.68815
3250.0 3150.0 0.59623
3350.0 3150.0 0.51726
3450.0 3150.0 0.45147
3550.0 3150.0 0.22510
3650.0 3150.0 -0.10926
3750.0 3150.0 -0.38286
3850.0 3150.0 -0.47798
3950.0 3150.0 -0.40831
4050.0 3150.0 -0.32061
4150.0 3150.0 -0.43990
4250.0 3150.0 -0.87259
4350.0 3150.0 -1.50028
4450.0 3150.0 -2.05057
4550.0 3150.0 -2.32870
4650.0 3150.0 -2.53291
4750.0 3150.0 -2.73362
4850.0 3150.0 -2.49043
4950.0 3150.0 -1.58869
5050.0 3150.0 -0.34340
5150.0 3150.0 0.73685
5250.0 3150.0 1.53052
5350.0 3150.0 1.48524
5450.0 3150.0 0.47313
5550.0 3150.0 -0.89728
5650.0 3150.0 -1.73305
5750.0 3150.0 -1.61221
5850.0 3150.0 -1.06440
5950.0 3150.0 -0.14267
6050.0 3150.0 0.77565
6150.0 3150.0 1.23188
6250.0 3150.0 1.14073
6350.0 3150.0 0.78479
50.0 3250.0 1.71080
150.0 3250.0 1.88504
250.0 3250.0 1.18467
350.0 3250.0 0.12200
450.0 3250.0 -0.90438
550.0 3250.0 -1.97539
650.0 3250.0 -2.59224
750.0 3250.0 -2.33337
850.0 3250.0 -1.46265
950.0 3250.0 -0.69324
1050.0 3250.0 -0.24270
1150.0 3250.0 -0.18795
1250.0 3250.0 -0.57010
1350.0 3250.0 -1.02310
1450.0 3250.0 -1.13438
1550.0 3250.0 -0.74778
1650.0 3250.0 -0.13188
1750.0 3250.0 0.49673
1850.0 3250.0 0.97604
1950.0 3250.0 1.19447
2050.0 3250.0 1.24676
2150.0 3250.0 1.34411
2250.0 3250.0 1.47254
2350.0 3250.0 1.25726
2450.0 3250.0 0.67251
2550.0 3250.0 0.02736
2650.0 3250.0 -0.32817
2750.0 3250.0 -0.26424
2850.0 3250.0 -0.00195
2950.0 3250.0 0.38698
3050.0 3250.0 0.70998
3150.0 3250.0 0.74309
3250.0 3250.0 0.49566
3350.0 3250.0 0.17220
3450.0 3250.0 -0.11953
3550.0 3250.0 -0.33106
3650.0 3250.0 -0.37935
3750.0 3250.0 -0.28771
3850.0 3250.0 -0.19020
3950.0 3250.0 -0.21492
4050.0 3250.0 -0.30202
4150.0 3250.0 -0.40501
4250.0 3250.0 -0.56756
4350.0 3250.0 -0.79946
4450.0 3250.0 -1.05504
4550.0 3250.0 -1.27682
4650.0 3250.0 -1.54495
4750.0 3250.0 -1.93870
4850.0 3250.0 -1.98049
4950.0 3250.0 -1.33212
5050.0 3250.0 -0.21159
5150.0 3250.0 0.87283
5250.0 3250.0 1.68946
5350.0 3250.0 1.62116
5450.0 3250.0 0.59806
5550.0 3250.0 -0.70755
5650.0 3250.0 -1.40029
5750.0 3250.0 -1.10746
5850.0 3250.0 -0.43280
5950.0 3250.0 0.39309
6050.0 3250.0 0.96260
6150.0 3250.0 0.97757
6250.0 3250.0 0.58746
6350.0 3250.0 0.18050
50.0 3350.0 2.25620
150.0 3350.0 2.38033
250.0 3350.0 1.55902
350.0 3350.0 0.38229
450.0 3350.0 -0.72281
550.0 3350.0 -1.81699
650.0 3350.0 -2.36756
750.0 3350.0 -1.98691
850.0 3350.0 -1.01489
950.0 3350.0 -0.22494
1050.0 3350.0 0.19566
1150.0 3350.0 0.21586
1250.0 3350.0 -0.18353
1350.0 3350.0 -0.61892
1450.0 3350.0 -0.68763
1550.0 3350.0 -0.26141
1650.0 3350.0 0.35781
1750.0 3350.0 0.75612
1850.0 3350.0 0.74125
1950.0 3350.0 0.41159
2050.0 3350.0 0.10921
2150.0 3350.0 0.14633
2250.0 3350.0 0.36373
2350.0 3350.0 0.39795
2450.0 3350.0 0.20737
2550.0 3350.0 -0.05687
2650.0 3350.0 -0.18893
2750.0 3350.0 -0.08545
2850.0 3350.0 0.15217
2950.0 3350.0 0.52210
3050.0 3350.0 0.81517
3150.0 3350.0 0.79188
3250.0 3350.0 0.46725
3350.0 3350.0 0.06561
3450.0 3350.0 -0.28656
3550.0 3350.0 -0.47073
3650.0 3350.0 -0.39468
3750.0 3350.0 -0.15276
3850.0 3350.0 0.03049
3950.0 3350.0 -0.01239
4050.0 3350.0 -0.13339
4150.0 3350.0 -0.12925
4250.0 3350.0 -0.02720
4350.0 3350.0 0.05299
4450.0 3350.0 0.01059
4550.0 3350.0 -0.16281
4650.0 3350.0 -0.49007
4750.0 3350.0 -1.19267
4850.0 3350.0 -1.77014
4950.0 3350.0 -1.66933
5050.0 3350.0 -0.88586
5150.0 3350.0 0.12899
5250.0 3350.0 0.99662
5350.0 3350.0 1.17580
5450.0 3350.0 0.59209
5550.0 3350.0 -0.24084
5650.0 3350.0 -0.61204
5750.0 3350.0 -0.20922
5850.0 3350.0 0.47594
5950.0 3350.0 1.14210
6050.0 3350.0 1.38809
6150.0 3350.0 1.05152
6250.0 3350.0 0.43994
6350.0 3350.0 -0.00941
50.0 3450.0 2.64323
150.0 3450.0 2.66294
250.0 3450.0 1.77217
350.0 3450.0 0.58046
450.0 3450.0 -0.51164
550.0 3450.0 -1.58746
650.0 3450.0 -2.12541
750.0 3450.0 -1.75038
850.0 3450.0 -0.80039
950.0 3450.0 -0.03489
1050.0 3450.0 0.36937
1150.0 3450.0 0.41544
1250.0 3450.0 0.09082
1350.0 3450.0 -0.25982
1450.0 3450.0 -0.27957
1550.0 3450.0 0.14095
1650.0 3450.0 0.71369
1750.0 3450.0 0.92300
1850.0 3450.0 0.55296
1950.0 3450.0 -0.17378
2050.0 3450.0 -0.76096
2150.0 3450.0 -0.82744
2250.0 3450.0 -0.61575
2350.0 3450.0 -0.44245
2450.0 3450.0 -0.32035
2550.0 3450.0 -0.21490
2650.0 3450.0 -0.07919
2750.0 3450.0 0.11024
2850.0 3450.0 0.35230
2950.0 3450.0 0.71155
3050.0 3450.0 0.98072
3150.0 3450.0 0.93392
3250.0 3450.0 0.59920
3350.0 3450.0 0.20383
3450.0 3450.0 -0.13937
3550.0 3450.0 -0.33231
3650.0 3450.0 -0.28000
3750.0 3450.0 -0.05985
3850.0 3450.0 0.11872
3950.0 3450.0 0.09048
4050.0 3450.0 0.00949
4150.0 3450.0 0.16255
4250.0 3450.0 0.51794
4350.0 3450.0 0.86222
4450.0 3450.0 0.99365
4550.0 3450.0 0.87326
4650.0 3450.0 0.50651
4750.0 3450.0 -0.51403
4850.0 3450.0 -1.68066
4950.0 3450.0 -2.20956
5050.0 3450.0 -1.83541
5150.0 3450.0 -0.92491
5250.0 3450.0 -0.00820
5350.0 3450.0 0.49640
5450.0 3450.0 0.48939
5550.0 3450.0 0.25268
5650.0 3450.0 0.25113
5750.0 3450.0 0.73279
5850.0 3450.0 1.38504
5950.0 3450.0 1.89357
6050.0 3450.0 1.87996
6150.0 3450.0 1.28928
6250.0 3450.0 0.53189
6350.0 3450.0 0.06153
50.0 3550.0 2.87619
150.0 3550.0 2.68280
250.0 3550.0 1.70303
350.0 3550.0 0.55656
450.0 3550.0 -0.43398
550.0 3550.0 -1.39920
650.0 3550.0 -1.90381
750.0 3550.0 -1.64287
850.0 3550.0 -0.90918
950.0 3550.0 -0.34196
1050.0 3550.0 -0.06340
1150.0 3550.0 0.10461
1250.0 3550.0 0.18146
1350.0 3550.0 0.27951
1450.0 3550.0 0.49204
1550.0 3550.0 0.82727
1650.0 3550.0 1.17401
1750.0 3550.0 1.17311
1850.0 3550.0 0.63779
1950.0 3550.0 -0.20996
2050.0 3550.0 -0.90909
2150.0 3550.0 -1.11914
2250.0 3550.0 -1.06733
2350.0 3550.0 -0.97571
2450.0 3550.0 -0.76786
2550.0 3550.0 -0.42831
2650.0 3550.0 -0.04538
2750.0 3550.0 0.26571
2850.0 3550.0 0.55167
2950.0 3550.0 0.95271
3050.0 3550.0 1.28019
3150.0 3550.0 1.31973
3250.0 3550.0 1.08854
3350.0 3550.0 0.79170
3450.0 3550.0 0.50536
3550.0 3550.0 0.15776
3650.0 3550.0 -0.13837
3750.0 3550.0 -0.26728
3850.0 3550.0 -0.24792
3950.0 3550.0 -0.19973
4050.0 3550.0 -0.10578
4150.0 3550.0 0.32391
4250.0 3550.0 1.03387
4350.0 3550.0 1.71322
4450.0 3550.0 2.07963
4550.0 3550.0 2.08879
4650.0 3550.0 1.77658
4750.0 3550.0 0.54861
4850.0 3550.0 -1.13886
4950.0 3550.0 -2.31372
5050.0 3550.0 -2.42398
5150.0 3550.0 -1.68962
5250.0 3550.0 -0.79381
5350.0 3550.0 -0.07142
5450.0 3550.0 0.37222
5550.0 3550.0 0.62618
5650.0 3550.0 0.93147
5750.0 3550.0 1.46307
5850.0 3550.0 2.05968
5950.0 3550.0 2.40174
6050.0 3550.0 2.16691
6150.0 3550.0 1.41159
6250.0 3550.0 0.61164
6350.0 3550.0 0.19695
50.0 3650.0 2.72584
150.0 3650.0 2.32290
250.0 3650.0 1.32080
350.0 3650.0 0.31264
450.0 3650.0 -0.48214
550.0 3650.0 -1.21275
650.0 3650.0 -1.59819
750.0 3650.0 -1.48655
850.0 3650.0 -1.11299
950.0 3650.0 -0.90399
1050.0 3650.0 -0.87070
1150.0 3650.0 -0.55944
1250.0 3650.0 0.08976
1350.0 3650.0 0.81845
1450.0 3650.0 1.31244
1550.0 3650.0 1.43425
1650.0 3650.0 1.37547
1750.0 3650.0 1.20741
1850.0 3650.0 0.83738
1950.0 3650.0 0.30771
2050.0 3650.0 -0.21552
2150.0 3650.0 -0.57586
2250.0 3650.0 -0.84563
2350.0 3650.0 -1.09343
2450.0 3650.0 -1.09464
2550.0 3650.0 -0.72931
2650.0 3650.0 -0.16804
2750.0 3650.0 0.28725
2850.0 3650.0 0.65242
2950.0 3650.0 1.10744
3050.0 3650.0 1.49632
3150.0 3650.0 1.64526
3250.0 3650.0 1.57336
3350.0 3650.0 1.45266
3450.0 3650.0 1.28368
3550.0 3650.0 0.71573
3650.0 3650.0 -0.10285
3750.0 3650.0 -0.74394
3850.0 3650.0 -0.92738
3950.0 3650.0 -0.70840
4050.0 3650.0 -0.32105
4150.0 3650.0 0.37825
4250.0 3650.0 1.29218
4350.0 3650.0 2.10850
4450.0 3650.0 2.59703
4550.0 3650.0 2.77077
4650.0 3650.0 2.63925
4750.0 3650.0 1.49844
4850.0 3650.0 -0.31630
4950.0 3650.0 -1.81609
5050.0 3650.0 -2.27403
5150.0 3650.0 -1.73968
5250.0 3650.0 -0.96059
5350.0 3650.0 -0.26598
5450.0 3650.0 0.26393
5550.0 3650.0 0.65914
5650.0 3650.0 1.05774
5750.0 3650.0 1.57708
5850.0 3650.0 2.10502
5950.0 3650.0 2.32509
6050.0 3650.0 1.99935
6150.0 3650.0 1.26313
6250.0 3650.0 0.58238
6350.0 3650.0 0.31382
50.0 3750.0 2.19810
150.0 3750.0 1.74505
250.0 3750.0 0.85215
350.0 3750.0 0.04205
450.0 3750.0 -0.53583
550.0 3750.0 -0.97011
650.0 3750.0 -1.13313
750.0 3750.0 -1.07254
850.0 3750.0 -1.00743
950.0 3750.0 -1.15840
1050.0 3750.0 -1.40049
1150.0 3750.0 -1.04885
1250.0 3750.0 -0.02539
1350.0 3750.0 1.09999
1450.0 3750.0 1.69146
1550.0 3750.0 1.51369
1650.0 3750.0 1.02536
1750.0 3750.0 0.78755
1850.0 3750.0 0.82761
1950.0 3750.0 0.90694
2050.0 3750.0 0.76165
2150.0 3750.0 0.29709
2250.0 3750.0 -0.32700
2350.0 3750.0 -1.00166
2450.0 3750.0 -1.34803
2550.0 3750.0 -1.08803
2650.0 3750.0 -0.42594
2750.0 3750.0 0.15817
2850.0 3750.0 0.60153
2950.0 3750.0 1.05504
3050.0 3750.0 1.39352
3150.0 3750.0 1.53199
3250.0 3750.0 1.54512
3350.0 3750.0 1.59068
3450.0 3750.0 1.56548
3550.0 3750.0 0.88214
3650.0 3750.0 -0.26912
3750.0 3750.0 -1.21221
3850.0 3750.0 -1.44742
3950.0 3750.0 -0.99877
4050.0 3750.0 -0.32521
4150.0 3750.0 0.45164
4250.0 3750.0 1.19181
4350.0 3750.0 1.73633
4450.0 3750.0 2.08447
4550.0 3750.0 2.36847
4650.0 3750.0 2.48006
4750.0 3750.0 1.72663
4850.0 3750.0 0.29818
4950.0 3750.0 -1.00568
5050.0 3750.0 -1.49294
5150.0 3750.0 -1.09396
5250.0 3750.0 -0.48086
5350.0 3750.0 -0.04173
5450.0 3750.0 0.18900
5550.0 3750.0 0.33396
5650.0 3750.0 0.58403
5750.0 3750.0 1.03541
5850.0 3750.0 1.50636
5950.0 3750.0 1.68617
6050.0 3750.0 1.41803
6150.0 3750.0 0.86003
6250.0 3750.0 0.40359
6350.0 3750.0 0.31281
50.0 3850.0 1.59852
150.0 3850.0 1.28146
250.0 3850.0 0.58869
350.0 3850.0 -0.04386
450.0 3850.0 -0.47235
550.0 3850.0 -0.65882
650.0 3850.0 -0.56105
750.0 3850.0 -0.40000
850.0 3850.0 -0.44041
950.0 3850.0 -0.79613
1050.0 3850.0 -1.23179
1150.0 3850.0 -0.98310
1250.0 3850.0 0.01091
1350.0 3850.0 1.07573
1450.0 3850.0 1.49746
1550.0 3850.0 1.04367
1650.0 3850.0 0.27380
1750.0 3850.0 0.03978
1850.0 3850.0 0.45593
1950.0 3850.0 1.05840
2050.0 3850.0 1.24825
2150.0 3850.0 0.74086
2250.0 3850.0 -0.11744
2350.0 3850.0 -1.06947
2450.0 3850.0 -1.63289
2550.0 3850.0 -1.42924
2650.0 3850.0 -0.69078
2750.0 3850.0 -0.01835
2850.0 3850.0 0.46725
2950.0 3850.0 0.84127
3050.0 3850.0 0.99333
3150.0 3850.0 0.95606
3250.0 3850.0 0.91107
3350.0 3850.0 1.03479
3450.0 3850.0 1.12532
3550.0 3850.0 0.51601
3650.0 3850.0 -0.57105
3750.0 3850.0 -1.40569
3850.0 3850.0 -1.47017
3950.0 3850.0 -0.81460
4050.0 3850.0 0.02011
4150.0 3850.0 0.65296
4250.0 3850.0 0.91820
4350.0 3850.0 0.89955
4450.0 3850.0 0.90612
4550.0 3850.0 1.20127
4650.0 3850.0 1.50614
4750.0 3850.0 1.20744
4850.0 3850.0 0.38896
4950.0 3850.0 -0.41519
5050.0 3850.0 -0.68756
5150.0 3850.0 -0.32354
5250.0 3850.0 0.15916
5350.0 3850.0 0.31354
5450.0 3850.0 0.14500
5550.0 3850.0 -0.08223
5650.0 3850.0 -0.05834
5750.0 3850.0 0.31999
5850.0 3850.0 0.76067
5950.0 3850.0 0.95370
6050.0 3850.0 0.79162
6150.0 3850.0 0.42036
6250.0 3850.0 0.15417
6350.0 3850.0 0.18984
50.0 3950.0 1.25920
150.0 3950.0 1.16107
250.0 3950.0 0.65927
350.0 3950.0 0.12360
450.0 3950.0 -0.25865
550.0 3950.0 -0.31455
650.0 3950.0 -0.00401
750.0 3950.0 0.35415
850.0 3950.0 0.41168
950.0 3950.0 0.04507
1050.0 3950.0 -0.45502
1150.0 3950.0 -0.39156
1250.0 3950.0 0.25647
1350.0 3950.0 0.91104
1450.0 3950.0 1.00242
1550.0 3950.0 0.38149
1650.0 3950.0 -0.46443
1750.0 3950.0 -0.69375
1850.0 3950.0 -0.17013
1950.0 3950.0 0.57995
2050.0 3950.0 0.86495
2150.0 3950.0 0.34814
2250.0 3950.0 -0.56536
2350.0 3950.0 -1.52873
2450.0 3950.0 -2.02463
2550.0 3950.0 -1.69534
2650.0 3950.0 -0.83907
2750.0 3950.0 -0.11422
2850.0 3950.0 0.37007
2950.0 3950.0 0.61938
3050.0 3950.0 0.52005
3150.0 3950.0 0.21335
3250.0 3950.0 0.00168
3350.0 3950.0 0.10361
3450.0 3950.0 0.25066
3550.0 3950.0 -0.14718
3650.0 3950.0 -0.85419
3750.0 3950.0 -1.26667
3850.0 3950.0 -1.02466
3950.0 3950.0 -0.24486
4050.0 3950.0 0.60279
4150.0 3950.0 0.99505
4250.0 3950.0 0.76200
4350.0 3950.0 0.19766
4450.0 3950.0 -0.14355
4550.0 3950.0 0.09036
4650.0 3950.0 0.46902
4750.0 3950.0 0.43063
4850.0 3950.0 0.02387
4950.0 3950.0 -0.38643
5050.0 3950.0 -0.43617
5150.0 3950.0 -0.04264
5250.0 3950.0 0.39939
5350.0 3950.0 0.44346
5450.0 3950.0 0.10845
5550.0 3950.0 -0.27971
5650.0 3950.0 -0.35431
5750.0 3950.0 -0.00381
5850.0 3950.0 0.42889
5950.0 3950.0 0.62572
6050.0 3950.0 0.49227
6150.0 3950.0 0.17105
6250.0 3950.0 -0.04434
6350.0 3950.0 0.02495
50.0 4050.0 1.09181
150.0 4050.0 1.17072
250.0 4050.0 0.80702
350.0 4050.0 0.31970
450.0 4050.0 -0.05814
550.0 4050.0 -0.02031
650.0 4050.0 0.50402
750.0 4050.0 1.11707
850.0 4050.0 1.36175
950.0 4050.0 1.05658
1050.0 4050.0 0.53484
1150.0 4050.0 0.39014
1250.0 4050.0 0.60702
1350.0 4050.0 0.77330
1450.0 4050.0 0.52562
1550.0 4050.0 -0.19124
1650.0 4050.0 -1.02266
1750.0 4050.0 -1.26542
1850.0 4050.0 -0.79345
1950.0 4050.0 -0.10907
2050.0 4050.0 0.13081
2150.0 4050.0 -0.39178
2250.0 4050.0 -1.28064
2350.0 4050.0 -2.12632
2450.0 4050.0 -2.40328
2550.0 4050.0 -1.83578
2650.0 4050.0 -0.81741
2750.0 4050.0 -0.04394
2850.0 4050.0 0.42509
2950.0 4050.0 0.52995
3050.0 4050.0 0.13790
3150.0 4050.0 -0.50527
3250.0 4050.0 -0.96003
3350.0 4050.0 -0.94381
3450.0 4050.0 -0.78454
3550.0 4050.0 -0.94854
3650.0 4050.0 -1.18680
3750.0 4050.0 -1.07986
3850.0 4050.0 -0.48929
3950.0 4050.0 0.38068
4050.0 4050.0 1.19449
4150.0 4050.0 1.37926
4250.0 4050.0 0.75688
4350.0 4050.0 -0.23761
4450.0 4050.0 -0.87803
4550.0 4050.0 -0.74523
4650.0 4050.0 -0.37757
4750.0 4050.0 -0.30579
4850.0 4050.0 -0.47265
4950.0 4050.0 -0.60788
5050.0 4050.0 -0.46916
5150.0 4050.0 -0.02414
5250.0 4050.0 0.41733
5350.0 4050.0 0.42652
5450.0 4050.0 0.02627
5550.0 4050.0 -0.42835
5650.0 4050.0 -0.54066
5750.0 4050.0 -0.19207
5850.0 4050.0 0.25151
5950.0 4050.0 0.46417
6050.0 4050.0 0.33654
6150.0 4050.0 0.00067
6250.0 4050.0 -0.24379
6350.0 4050.0 -0.20354
50.0 4150.0 1.03014
150.0 4150.0 1.07052
250.0 4150.0 0.70823
350.0 4150.0 0.21082
450.0 4150.0 -0.18780
550.0 4150.0 -0.02416
650.0 4150.0 0.82182
750.0 4150.0 1.82500
850.0 4150.0 2.35100
950.0 4150.0 2.12285
1050.0 4150.0 1.55210
1150.0 4150.0 1.16903
1250.0 4150.0 0.97293
1350.0 4150.0 0.75391
1450.0 4150.0 0.32472
1550.0 4150.0 -0.34538
1650.0 4150.0 -1.05725
1750.0 4150.0 -1.31144
1850.0 4150.0 -1.02543
1950.0 4150.0 -0.59867
2050.0 4150.0 -0.53156
2150.0 4150.0 -1.05117
2250.0 4150.0 -1.83605
2350.0 4150.0 -2.45926
2450.0 4150.0 -2.40897
2550.0 4150.0 -1.52729
2650.0 4150.0 -0.31295
2750.0 4150.0 0.52140
2850.0 4150.0 0.98609
2950.0 4150.0 0.93789
3050.0 4150.0 0.17201
3150.0 4150.0 -0.97445
3250.0 4150.0 -1.87010
3350.0 4150.0 -2.09517
3450.0 4150.0 -2.04754
3550.0 4150.0 -2.07590
3650.0 4150.0 -1.88021
3750.0 4150.0 -1.22645
3850.0 4150.0 -0.24824
3950.0 4150.0 0.70782
4050.0 4150.0 1.50089
4150.0 4150.0 1.70067
4250.0 4150.0 1.05537
4350.0 4150.0 -0.06895
4450.0 4150.0 -0.92889
4550.0 4150.0 -1.02896
4650.0 4150.0 -0.87461
4750.0 4150.0 -0.92105
4850.0 4150.0 -1.01063
4950.0 4150.0 -0.90105
5050.0 4150.0 -0.51192
5150.0 4150.0 0.04170
5250.0 4150.0 0.50108
5350.0 4150.0 0.39717
5450.0 4150.0 -0.23082
5550.0 4150.0 -0.91581
5650.0 4150.0 -1.14769
5750.0 4150.0 -0.78243
5850.0 4150.0 -0.25309
5950.0 4150.0 0.13119
6050.0 4150.0 0.15278
6150.0 4150.0 -0.17116
6250.0 4150.0 -0.54497
6350.0 4150.0 -0.68721
50.0 4250.0 0.98900
150.0 4250.0 0.86464
250.0 4250.0 0.43418
350.0 4250.0 -0.10734
450.0 4250.0 -0.55737
550.0 4250.0 -0.31999
650.0 4250.0 0.76829
750.0 4250.0 2.07424
850.0 4250.0 2.81122
950.0 4250.0 2.61898
1050.0 4250.0 1.97802
1150.0 4250.0 1.40810
1250.0 4250.0 0.99123
1350.0 4250.0 0.69159
1450.0 4250.0 0.38316
1550.0 4250.0 -0.05135
1650.0 4250.0 -0.53522
1750.0 4250.0 -0.75613
1850.0 4250.0 -0.69963
1950.0 4250.0 -0.61795
2050.0 4250.0 -0.77733
2150.0 4250.0 -1.26286
2250.0 4250.0 -1.87651
2350.0 4250.0 -2.27345
2450.0 4250.0 -1.98866
2550.0 4250.0 -0.94200
2650.0 4250.0 0.34635
2750.0 4250.0 1.20758
2850.0 4250.0 1.69694
2950.0 4250.0 1.63802
3050.0 4250.0 0.71225
3150.0 4250.0 -0.77762
3250.0 4250.0 -2.08892
3350.0 4250.0 -2.64666
3450.0 4250.0 -2.84974
3550.0 4250.0 -2.96754
3650.0 4250.0 -2.61499
3750.0 4250.0 -1.65048
3850.0 4250.0 -0.42069
3950.0 4250.0 0.57124
4050.0 4250.0 1.36367
4150.0 4250.0 1.84621
4250.0 4250.0 1.62803
4350.0 4250.0 0.76440
4450.0 4250.0 -0.17518
4550.0 4250.0 -0.62263
4650.0 4250.0 -0.88573
4750.0 4250.0 -1.30555
4850.0 4250.0 -1.53199
4950.0 4250.0 -1.26384
5050.0 4250.0 -0.59906
5150.0 4250.0 0.11099
5250.0 4250.0 0.61845
5350.0 4250.0 0.39277
5450.0 4250.0 -0.50380
5550.0 4250.0 -1.45815
5650.0 4250.0 -1.81441
5750.0 4250.0 -1.39754
5850.0 4250.0 -0.71095
5950.0 4250.0 -0.01356
6050.0 4250.0 0.27813
6150.0 4250.0 -0.02827
6250.0 4250.0 -0.64265
6350.0 4250.0 -1.12112
50.0 4350.0 0.83600
150.0 4350.0 0.64816
250.0 4350.0 0.22950
350.0 4350.0 -0.32854
450.0 4350.0 -0.84243
550.0 4350.0 -0.65444
650.0 4350.0 0.40842
750.0 4350.0 1.70024
850.0 4350.0 2.41322
950.0 4350.0 2.17346
1050.0 4350.0 1.46746
1150.0 4350.0 0.83021
1250.0 4350.0 0.46008
1350.0 4350.0 0.40301
1450.0 4350.0 0.46080
1550.0 4350.0 0.35526
1650.0 4350.0 0.12180
1750.0 4350.0 -0.00067
1850.0 4350.0 -0.05780
1950.0 4350.0 -0.19393
2050.0 4350.0 -0.48841
2150.0 4350.0 -0.90451
2250.0 4350.0 -1.35227
2350.0 4350.0 -1.65925
2450.0 4350.0 -1.42796
2550.0 4350.0 -0.54625
2650.0 4350.0 0.58458
2750.0 4350.0 1.40422
2850.0 4350.0 1.94745
2950.0 4350.0 2.10612
3050.0 4350.0 1.45640
3150.0 4350.0 0.09337
3250.0 4350.0 -1.32610
3350.0 4350.0 -2.14394
3450.0 4350.0 -2.64092
3550.0 4350.0 -3.05689
3650.0 4350.0 -2.92151
3750.0 4350.0 -2.04249
3850.0 4350.0 -0.82128
3950.0 4350.0 0.13549
4050.0 4350.0 0.93984
4150.0 4350.0 1.80978
4250.0 4350.0 2.20522
4350.0 4350.0 1.78830
4450.0 4350.0 0.87376
4550.0 4350.0 0.08398
4650.0 4350.0 -0.63216
4750.0 4350.0 -1.50338
4850.0 4350.0 -1.97205
4950.0 4350.0 -1.63608
5050.0 4350.0 -0.74187
5150.0 4350.0 0.11968
5250.0 4350.0 0.69614
5350.0 4350.0 0.44244
5450.0 4350.0 -0.56298
5550.0 4350.0 -1.62224
5650.0 4350.0 -1.99834
5750.0 4350.0 -1.50190
5850.0 4350.0 -0.65113
5950.0 4350.0 0.36253
6050.0 4350.0 0.91285
6150.0 4350.0 0.59599
6250.0 4350.0 -0.29207
6350.0 4350.0 -1.13201
50.0 4450.0 0.52976
150.0 4450.0 0.52338
250.0 4450.0 0.28023
350.0 4450.0 -0.22793
450.0 4450.0 -0.79030
550.0 4450.0 -0.74670
650.0 4450.0 0.05078
750.0 4450.0 1.03787
850.0 4450.0 1.51692
950.0 4450.0 1.17098
1050.0 4450.0 0.42703
1150.0 4450.0 -0.18632
1250.0 4450.0 -0.38134
1350.0 4450.0 -0.11223
1450.0 4450.0 0.30537
1550.0 4450.0 0.45350
1650.0 4450.0 0.39005
1750.0 4450.0 0.39941
1850.0 4450.0 0.40936
1950.0 4450.0 0.29304
2050.0 4450.0 0.02509
2150.0 4450.0 -0.31019
2250.0 4450.0 -0.66479
2350.0 4450.0 -1.04763
2450.0 4450.0 -1.12068
2550.0 4450.0 -0.64900
2650.0 4450.0 0.16941
2750.0 4450.0 0.89961
2850.0 4450.0 1.50282
2950.0 4450.0 2.01004
3050.0 4450.0 1.94353
3150.0 4450.0 1.10869
3250.0 4450.0 -0.07831
3350.0 4450.0 -0.97981
3450.0 4450.0 -1.68478
3550.0 4450.0 -2.42502
3650.0 4450.0 -2.67803
3750.0 4450.0 -2.12269
3850.0 4450.0 -1.08509
3950.0 4450.0 -0.19840
4050.0 4450.0 0.61299
4150.0 4450.0 1.73055
4250.0 4450.0 2.51727
4350.0 4450.0 2.38287
4450.0 4450.0 1.47980
4550.0 4450.0 0.46667
4650.0 4450.0 -0.54338
4750.0 4450.0 -1.70698
4850.0 4450.0 -2.33186
4950.0 4450.0 -1.95084
5050.0 4450.0 -0.90711
5150.0 4450.0 0.05291
5250.0 4450.0 0.69349
5350.0 4450.0 0.53179
5450.0 4450.0 -0.35230
5550.0 4450.0 -1.28247
5650.0 4450.0 -1.54939
5750.0 4450.0 -0.97457
5850.0 4450.0 -0.02197
5950.0 4450.0 1.17212
6050.0 4450.0 1.84815
6150.0 4450.0 1.48200
6250.0 4450.0 0.39068
6350.0 4450.0 -0.68907
50.0 4550.0 0.13647
150.0 4550.0 0.52103
250.0 4550.0 0.58229
350.0 4550.0 0.18063
450.0 4550.0 -0.39996
550.0 4550.0 -0.50594
650.0 4550.0 -0.02622
750.0 4550.0 0.58614
850.0 4550.0 0.78613
950.0 4550.0 0.33756
1050.0 4550.0 -0.41573
1150.0 4550.0 -1.00133
1250.0 4550.0 -1.10599
1350.0 4550.0 -0.70106
1450.0 4550.0 -0.15426
1550.0 4550.0 0.07017
1650.0 4550.0 0.05750
1750.0 4550.0 0.18062
1850.0 4550.0 0.37488
1950.0 4550.0 0.45526
2050.0 4550.0 0.32985
2150.0 4550.0 0.05730
2250.0 4550.0 -0.28878
2350.0 4550.0 -0.82782
2450.0 4550.0 -1.25260
2550.0 4550.0 -1.19312
2650.0 4550.0 -0.66768
2750.0 4550.0 -0.02368
2850.0 4550.0 0.62053
2950.0 4550.0 1.43033
3050.0 4550.0 1.92946
3150.0 4550.0 1.68996
3250.0 4550.0 0.87562
3350.0 4550.0 0.04168
3450.0 4550.0 -0.72640
3550.0 4550.0 -1.63364
3650.0 4550.0 -2.14640
3750.0 4550.0 -1.84827
3850.0 4550.0 -0.97362
3950.0 4550.0 -0.13551
4050.0 4550.0 0.66548
4150.0 4550.0 1.76377
4250.0 4550.0 2.49899
4350.0 4550.0 2.27632
4450.0 4550.0 1.27304
4550.0 4550.0 0.17838
4650.0 4550.0 -0.89749
4750.0 4550.0 -2.08703
4850.0 4550.0 -2.66669
4950.0 4550.0 -2.18633
5050.0 4550.0 -1.04941
5150.0 4550.0 -0.05171
5250.0 4550.0 0.62799
5350.0 4550.0 0.62089
5450.0 4550.0 -0.00355
5550.0 4550.0 -0.66592
5650.0 4550.0 -0.75976
5750.0 4550.0 -0.13344
5850.0 4550.0 0.83803
5950.0 4550.0 2.04255
6050.0 4550.0 2.69116
6150.0 4550.0 2.25335
6250.0 4550.0 1.07542
6350.0 4550.0 -0.07155
50.0 4650.0 -0.36580
150.0 4650.0 0.40290
250.0 4650.0 0.77477
350.0 4650.0 0.50690
450.0 4650.0 -0.05374
550.0 4650.0 -0.26948
650.0 4650.0 -0.06729
750.0 4650.0 0.20888
850.0 4650.0 0.16589
950.0 4650.0 -0.35062
1050.0 4650.0 -1.08076
1150.0 4650.0 -1.63833
1250.0 4650.0 -1.72219
1350.0 4650.0 -1.31333
1450.0 4650.0 -0.77576
1550.0 4650.0 -0.56051
1650.0 4650.0 -0.56872
1750.0 4650.0 -0.35486
1850.0 4650.0 0.03494
1950.0 4650.0 0.34294
2050.0 4650.0 0.38108
2150.0 4650.0 0.16077
2250.0 4650.0 -0.19807
2350.0 4650.0 -0.86692
2450.0 4650.0 -1.56125
2550.0 4650.0 -1.81614
2650.0 4650.0 -1.52179
2750.0 4650.0 -0.96196
2850.0 4650.0 -0.30576
2950.0 4650.0 0.74837
3050.0 4650.0 1.74821
3150.0 4650.0 2.07150
3250.0 4650.0 1.64239
3350.0 4650.0 0.91429
3450.0 4650.0 0.12976
3550.0 4650.0 -0.86911
3650.0 4650.0 -1.54505
3750.0 4650.0 -1.41534
3850.0 4650.0 -0.64497
3950.0 4650.0 0.17312
4050.0 4650.0 0.95764
4150.0 4650.0 1.89686
4250.0 4650.0 2.34014
4350.0 4650.0 1.81752
4450.0 4650.0 0.63588
4550.0 4650.0 -0.48026
4650.0 4650.0 -1.50864
4750.0 4650.0 -2.56334
4850.0 4650.0 -2.94358
4950.0 4650.0 -2.28164
5050.0 4650.0 -1.04828
5150.0 4650.0 -0.04226
5250.0 4650.0 0.64946
5350.0 4650.0 0.78558
5450.0 4650.0 0.42704
5550.0 4650.0 0.04474
5650.0 4650.0 0.12588
5750.0 4650.0 0.78786
5850.0 4650.0 1.74638
5950.0 4650.0 2.90272
6050.0 4650.0 3.47775
6150.0 4650.0 2.97279
6250.0 4650.0 1.76075
6350.0 4650.0 0.61373
50.0 4750.0 -1.21675
150.0 4750.0 -0.38828
250.0 4750.0 0.15815
350.0 4750.0 0.08731
450.0 4750.0 -0.31352
550.0 4750.0 -0.50515
650.0 4750.0 -0.46201
750.0 4750.0 -0.41574
850.0 4750.0 -0.59509
950.0 4750.0 -1.06043
1050.0 4750.0 -1.64138
1150.0 4750.0 -2.08284
1250.0 4750.0 -2.16083
1350.0 4750.0 -1.87087
1450.0 4750.0 -1.49429
1550.0 4750.0 -1.37030
1650.0 4750.0 -1.40478
1750.0 4750.0 -1.15848
1850.0 4750.0 -0.65493
1950.0 4750.0 -0.19283
2050.0 4750.0 -0.03178
2150.0 4750.0 -0.20737
2250.0 4750.0 -0.55456
2350.0 4750.0 -1.17900
2450.0 4750.0 -1.83807
2550.0 4750.0 -2.12429
2650.0 4750.0 -1.93176
2750.0 4750.0 -1.49806
2850.0 4750.0 -0.93477
2950.0 4750.0 0.24739
3050.0 4750.0 1.64876
3150.0 4750.0 2.47899
3250.0 4750.0 2.41406
3350.0 4750.0 1.77320
3450.0 4750.0 0.94773
3550.0 4750.0 -0.14915
3650.0 4750.0 -0.94787
3750.0 4750.0 -0.89943
3850.0 4750.0 -0.13657
3950.0 4750.0 0.72692
4050.0 4750.0 1.51113
4150.0 4750.0 2.14608
4250.0 4750.0 2.03377
4350.0 4750.0 0.98683
4450.0 4750.0 -0.43396
4550.0 4750.0 -1.46677
4650.0 4750.0 -2.26929
4750.0 4750.0 -2.91420
4850.0 4750.0 -2.82074
4950.0 4750.0 -1.83033
5050.0 4750.0 -0.50447
5150.0 4750.0 0.43488
5250.0 4750.0 1.05060
5350.0 4750.0 1.21676
5450.0 4750.0 1.01177
5550.0 4750.0 0.83023
5650.0 4750.0 1.04553
5750.0 4750.0 1.72028
5850.0 4750.0 2.64233
5950.0 4750.0 3.73136
6050.0 4750.0 4.24326
6150.0 4750.0 3.71889
6250.0 4750.0 2.53538
6350.0 4750.0 1.43734
50.0 4850.0 -2.06456
150.0 4850.0 -1.52704
250.0 4850.0 -0.96821
350.0 4850.0 -0.79477
450.0 4850.0 -0.90299
550.0 4850.0 -0.92612
650.0 4850.0 -0.88984
750.0 4850.0 -0.92518
850.0 4850.0 -1.10488
950.0 4850.0 -1.39457
1050.0 4850.0 -1.70622
1150.0 4850.0 -1.93555
1250.0 4850.0 -1.99372
1350.0 4850.0 -1.90568
1450.0 4850.0 -1.80932
1550.0 4850.0 -1.84605
1650.0 4850.0 -1.93894
1750.0 4850.0 -1.74900
1850.0 4850.0 -1.27903
1950.0 4850.0 -0.81252
2050.0 4850.0 -0.62386
2150.0 4850.0 -0.77965
2250.0 4850.0 -1.09110
2350.0 4850.0 -1.49540
2450.0 4850.0 -1.80881
2550.0 4850.0 -1.83360
2650.0 4850.0 -1.60298
2750.0 4850.0 -1.32955
2850.0 4850.0 -0.97251
2950.0 4850.0 0.10978
3050.0 4850.0 1.58862
3150.0 4850.0 2.61866
3250.0 4850.0 2.72523
3350.0 4850.0 2.10544
3450.0 4850.0 1.21890
3550.0 4850.0 0.04214
3650.0 4850.0 -0.79559
3750.0 4850.0 -0.69672
3850.0 4850.0 0.18273
3950.0 4850.0 1.16195
4050.0 4850.0 1.98257
4150.0 4850.0 2.32114
4250.0 4850.0 1.67099
4350.0 4850.0 0.17155
4450.0 4850.0 -1.36197
4550.0 4850.0 -2.16693
4650.0 4850.0 -2.59870
4750.0 4850.0 -2.71757
4850.0 4850.0 -2.14737
4950.0 4850.0 -0.95700
5050.0 4850.0 0.28851
5150.0 4850.0 1.05096
5250.0 4850.0 1.50024
5350.0 4850.0 1.54676
5450.0 4850.0 1.31446
5550.0 4850.0 1.18191
5650.0 4850.0 1.44521
5750.0 4850.0 2.10073
5850.0 4850.0 2.96613
5950.0 4850.0 3.98018
6050.0 4850.0 4.45630
6150.0 4850.0 3.97507
6250.0 4850.0 2.88965
6350.0 4850.0 1.88885
50.0 4950.0 -2.45112
150.0 4950.0 -2.30351
250.0 4950.0 -1.79632
350.0 4950.0 -1.39078
450.0 4950.0 -1.19119
550.0 4950.0 -1.00540
650.0 4950.0 -0.90378
750.0 4950.0 -0.93834
850.0 4950.0 -1.05480
950.0 4950.0 -1.13889
1050.0 4950.0 -1.16680
1150.0 4950.0 -1.15599
1250.0 4950.0 -1.15415
1350.0 4950.0 -1.23144
1450.0 4950.0 -1.39492
1550.0 4950.0 -1.58878
1650.0 4950.0 -1.74793
1750.0 4950.0 -1.67063
1850.0 4950.0 -1.34717
1950.0 4950.0 -1.00351
2050.0 4950.0 -0.87632
2150.0 4950.0 -1.03967
2250.0 4950.0 -1.31142
2350.0 4950.0 -1.46125
2450.0 4950.0 -1.36445
2550.0 4950.0 -1.06105
2650.0 4950.0 -0.75256
2750.0 4950.0 -0.63538
2850.0 4950.0 -0.51656
2950.0 4950.0 0.27770
3050.0 4950.0 1.47972
3150.0 4950.0 2.32382
3250.0 4950.0 2.34168
3350.0 4950.0 1.66855
3450.0 4950.0 0.72306
3550.0 4950.0 -0.49800
3650.0 4950.0 -1.30226
3750.0 4950.0 -1.07020
3850.0 4950.0 -0.01544
3950.0 4950.0 1.09898
4050.0 4950.0 1.98969
4150.0 4950.0 2.23358
4250.0 4950.0 1.41690
4350.0 4950.0 -0.13429
4450.0 4950.0 -1.51226
4550.0 4950.0 -2.01069
4650.0 4950.0 -2.08872
4750.0 4950.0 -1.86778
4850.0 4950.0 -1.17524
4950.0 4950.0 -0.16906
5050.0 4950.0 0.74311
5150.0 4950.0 1.26219
5250.0 4950.0 1.52515
5350.0 4950.0 1.37671
5450.0 4950.0 0.99411
5550.0 4950.0 0.78772
5650.0 4950.0 1.02382
5750.0 4950.0 1.64228
5850.0 4950.0 2.45165
5950.0 4950.0 3.40420
6050.0 4950.0 3.87159
6150.0 4950.0 3.46442
6250.0 4950.0 2.49903
6350.0 4950.0 1.60349
50.0 5050.0 -2.29233
150.0 5050.0 -2.30497
250.0 5050.0 -1.76498
350.0 5050.0 -1.18865
450.0 5050.0 -0.79465
550.0 5050.0 -0.49488
650.0 5050.0 -0.39276
750.0 5050.0 -0.47542
850.0 5050.0 -0.58767
950.0 5050.0 -0.55380
1050.0 5050.0 -0.39979
1150.0 5050.0 -0.21061
1250.0 5050.0 -0.11478
1350.0 5050.0 -0.23166
1450.0 5050.0 -0.51267
1550.0 5050.0 -0.79063
1650.0 5050.0 -0.99353
1750.0 5050.0 -1.00790
1850.0 5050.0 -0.81930
1950.0 5050.0 -0.60158
2050.0 5050.0 -0.54741
2150.0 5050.0 -0.72623
2250.0 5050.0 -0.97740
2350.0 5050.0 -1.00596
2450.0 5050.0 -0.72956
2550.0 5050.0 -0.30850
2650.0 5050.0 -0.01337
2750.0 5050.0 -0.01390
2850.0 5050.0 -0.05904
2950.0 5050.0 0.44908
3050.0 5050.0 1.27388
3150.0 5050.0 1.77750
3250.0 5050.0 1.58801
3350.0 5050.0 0.83856
3450.0 5050.0 -0.14343
3550.0 5050.0 -1.38440
3650.0 5050.0 -2.15197
3750.0 5050.0 -1.81871
3850.0 5050.0 -0.64168
3950.0 5050.0 0.56140
4050.0 5050.0 1.52589
4150.0 5050.0 1.90713
4250.0 5050.0 1.34795
4350.0 5050.0 0.15040
4450.0 5050.0 -0.87815
4550.0 5050.0 -1.11962
4650.0 5050.0 -1.00763
4750.0 5050.0 -0.78342
4850.0 5050.0 -0.39301
4950.0 5050.0 0.09941
5050.0 5050.0 0.54858
5150.0 5050.0 0.85440
5250.0 5050.0 0.99697
5350.0 5050.0 0.71221
5450.0 5050.0 0.21215
5550.0 5050.0 -0.06381
5650.0 5050.0 0.14095
5750.0 5050.0 0.73283
5850.0 5050.0 1.50688
5950.0 5050.0 2.42156
6050.0 5050.0 2.88533
6150.0 5050.0 2.52703
6250.0 5050.0 1.63891
6350.0 5050.0 0.81032
50.0 5150.0 -1.87714
150.0 5150.0 -1.68192
250.0 5150.0 -0.94923
350.0 5150.0 -0.26609
450.0 5150.0 0.17037
550.0 5150.0 0.43238
650.0 5150.0 0.39178
750.0 5150.0 0.12826
850.0 5150.0 -0.10832
950.0 5150.0 -0.09005
1050.0 5150.0 0.10879
1150.0 5150.0 0.37609
1250.0 5150.0 0.57174
1350.0 5150.0 0.53626
1450.0 5150.0 0.29334
1550.0 5150.0 0.01728
1650.0 5150.0 -0.19495
1750.0 5150.0 -0.22542
1850.0 5150.0 -0.05729
1950.0 5150.0 0.14366
2050.0 5150.0 0.18974
2150.0 5150.0 0.01013
2250.0 5150.0 -0.24736
2350.0 5150.0 -0.34769
2450.0 5150.0 -0.23047
2550.0 5150.0 -0.00798
2650.0 5150.0 0.12712
2750.0 5150.0 0.05240
2850.0 5150.0 -0.03771
2950.0 5150.0 0.35359
3050.0 5150.0 0.99300
3150.0 5150.0 1.30980
3250.0 5150.0 0.99906
3350.0 5150.0 0.21130
3450.0 5150.0 -0.78168
3550.0 5150.0 -2.04437
3650.0 5150.0 -2.83565
3750.0 5150.0 -2.51368
3850.0 5150.0 -1.33124
3950.0 5150.0 -0.11355
4050.0 5150.0 0.89931
4150.0 5150.0 1.52215
4250.0 5150.0 1.40852
4350.0 5150.0 0.70386
4450.0 5150.0 0.02325
4550.0 5150.0 -0.09156
4650.0 5150.0 0.02572
4750.0 5150.0 0.00763
4850.0 5150.0 -0.10770
4950.0 5150.0 -0.19042
5050.0 5150.0 -0.13805
5150.0 5150.0 0.05027
5250.0 5150.0 0.17057
5350.0 5150.0 -0.11209
5450.0 5150.0 -0.58036
5550.0 5150.0 -0.81171
5650.0 5150.0 -0.57660
5750.0 5150.0 0.01732
5850.0 5150.0 0.78080
5950.0 5150.0 1.67450
6050.0 5150.0 2.11685
6150.0 5150.0 1.74924
6250.0 5150.0 0.86669
6350.0 5150.0 0.05123
50.0 5250.0 -1.50518
150.0 5250.0 -0.98229
250.0 5250.0 -0.01023
350.0 5250.0 0.76517
450.0 5250.0 1.21048
550.0 5250.0 1.38853
650.0 5250.0 1.14346
750.0 5250.0 0.63284
850.0 5250.0 0.21556
950.0 5250.0 0.17860
1050.0 5250.0 0.38925
1150.0 5250.0 0.69189
1250.0 5250.0 0.95340
1350.0 5250.0 0.99736
1450.0 5250.0 0.82036
1550.0 5250.0 0.57997
1650.0 5250.0 0.38952
1750.0 5250.0 0.39590
1850.0 5250.0 0.61606
1950.0 5250.0 0.86894
2050.0 5250.0 0.95199
2150.0 5250.0 0.79072
2250.0 5250.0 0.53214
2350.0 5250.0 0.33226
2450.0 5250.0 0.23493
2550.0 5250.0 0.20993
2650.0 5250.0 0.17085
2750.0 5250.0 0.04500
2850.0 5250.0 -0.04913
2950.0 5250.0 0.29992
3050.0 5250.0 0.85515
3150.0 5250.0 1.07887
3250.0 5250.0 0.70553
3350.0 5250.0 -0.09847
3450.0 5250.0 -1.08880
3550.0 5250.0 -2.35316
3650.0 5250.0 -3.17344
3750.0 5250.0 -2.91660
3850.0 5250.0 -1.81536
3950.0 5250.0 -0.66536
4050.0 5250.0 0.32653
4150.0 5250.0 1.14527
4250.0 5250.0 1.45868
4350.0 5250.0 1.23775
4450.0 5250.0 0.88016
4550.0 5250.0 0.83922
4650.0 5250.0 0.89892
4750.0 5250.0 0.59056
4850.0 5250.0 -0.03274
4950.0 5250.0 -0.64400
5050.0 5250.0 -0.92910
5150.0 5250.0 -0.82673
5250.0 5250.0 -0.69761
5350.0 5250.0 -0.89269
5450.0 5250.0 -1.21536
5550.0 5250.0 -1.31551
5650.0 5250.0 -1.02398
5750.0 5250.0 -0.45162
5850.0 5250.0 0.25585
5950.0 5250.0 1.04904
6050.0 5250.0 1.38833
6150.0 5250.0 0.96836
6250.0 5250.0 0.09644
6350.0 5250.0 -0.67583
50.0 5350.0 -1.37257
150.0 5350.0 -0.63453
250.0 5350.0 0.45581
350.0 5350.0 1.30726
450.0 5350.0 1.82361
550.0 5350.0 1.95730
650.0 5350.0 1.50895
750.0 5350.0 0.73255
850.0 5350.0 0.12942
950.0 5350.0 0.06883
1050.0 5350.0 0.33468
1150.0 5350.0 0.62769
1250.0 5350.0 0.81270
1350.0 5350.0 0.78279
1450.0 5350.0 0.60042
1550.0 5350.0 0.43792
1650.0 5350.0 0.36098
1750.0 5350.0 0.49349
1850.0 5350.0 0.83617
1950.0 5350.0 1.18583
2050.0 5350.0 1.33840
2150.0 5350.0 1.23751
2250.0 5350.0 1.04120
2350.0 5350.0 0.89425
2450.0 5350.0 0.81998
2550.0 5350.0 0.78446
2650.0 5350.0 0.72403
2750.0 5350.0 0.59542
2850.0 5350.0 0.50751
2950.0 5350.0 0.82973
3050.0 5350.0 1.32212
3150.0 5350.0 1.47524
3250.0 5350.0 1.05739
3350.0 5350.0 0.24863
3450.0 5350.0 -0.70637
3550.0 5350.0 -1.83523
3650.0 5350.0 -2.54639
3750.0 5350.0 -2.36330
3850.0 5350.0 -1.52740
3950.0 5350.0 -0.71073
4050.0 5350.0 -0.01551
4150.0 5350.0 0.72579
4250.0 5350.0 1.27705
4350.0 5350.0 1.47542
4450.0 5350.0 1.44177
4550.0 5350.0 1.44282
4650.0 5350.0 1.40543
4750.0 5350.0 0.87484
4850.0 5350.0 -0.08051
4950.0 5350.0 -1.02426
5050.0 5350.0 -1.53359
5150.0 5350.0 -1.52293
5250.0 5350.0 -1.39198
5350.0 5350.0 -1.36508
5450.0 5350.0 -1.34101
5550.0 5350.0 -1.18953
5650.0 5350.0 -0.88362
5750.0 5350.0 -0.50131
5850.0 5350.0 -0.08988
5950.0 5350.0 0.25256
6050.0 5350.0 0.21153
6150.0 5350.0 -0.29800
6250.0 5350.0 -0.98325
6350.0 5350.0 -1.48370
50.0 5450.0 -1.34899
150.0 5450.0 -0.72103
250.0 5450.0 0.20979
350.0 5450.0 1.06177
450.0 5450.0 1.70709
550.0 5450.0 1.87987
650.0 5450.0 1.33514
750.0 5450.0 0.40178
850.0 5450.0 -0.29897
950.0 5450.0 -0.32272
1050.0 5450.0 0.03835
1150.0 5450.0 0.28314
1250.0 5450.0 0.26747
1350.0 5450.0 0.03034
1450.0 5450.0 -0.21821
1550.0 5450.0 -0.26368
1650.0 5450.0 -0.14915
1750.0 5450.0 0.14374
1850.0 5450.0 0.57676
1950.0 5450.0 0.95415
2050.0 5450.0 1.12800
2150.0 5450.0 1.10104
2250.0 5450.0 1.02276
2350.0 5450.0 1.05715
2450.0 5450.0 1.20210
2550.0 5450.0 1.34943
2650.0 5450.0 1.39137
2750.0 5450.0 1.29942
2850.0 5450.0 1.22905
2950.0 5450.0 1.55589
3050.0 5450.0 2.03888
3150.0 5450.0 2.17943
3250.0 5450.0 1.75899
3350.0 5450.0 0.96305
3450.0 5450.0 0.07837
3550.0 5450.0 -0.75063
3650.0 5450.0 -1.15097
3750.0 5450.0 -0.96561
3850.0 5450.0 -0.50521
3950.0 5450.0 -0.24626
4050.0 5450.0 -0.10541
4150.0 5450.0 0.24837
4250.0 5450.0 0.74940
4350.0 5450.0 1.18378
4450.0 5450.0 1.39363
4550.0 5450.0 1.38768
4650.0 5450.0 1.23808
4750.0 5450.0 0.67306
4850.0 5450.0 -0.22958
4950.0 5450.0 -1.09259
5050.0 5450.0 -1.57415
5150.0 5450.0 -1.62526
5250.0 5450.0 -1.51034
5350.0 5450.0 -1.20646
5450.0 5450.0 -0.76952
5550.0 5450.0 -0.37610
5650.0 5450.0 -0.16674
5750.0 5450.0 -0.14222
5850.0 5450.0 -0.22771
5950.0 5450.0 -0.57110
6050.0 5450.0 -1.10576
6150.0 5450.0 -1.60082
6250.0 5450.0 -1.85781
6350.0 5450.0 -1.86364
50.0 5550.0 -1.18293
150.0 5550.0 -0.99983
250.0 5550.0 -0.48303
350.0 5550.0 0.27921
450.0 5550.0 1.05990
550.0 5550.0 1.34408
650.0 5550.0 0.85822
750.0 5550.0 -0.04889
850.0 5550.0 -0.71140
950.0 5550.0 -0.64952
1050.0 5550.0 -0.18940
1150.0 5550.0 0.00734
1250.0 5550.0 -0.21124
1350.0 5550.0 -0.65750
1450.0 5550.0 -0.97134
1550.0 5550.0 -0.89574
1650.0 5550.0 -0.59122
1750.0 5550.0 -0.20050
1850.0 5550.0 0.18664
1950.0 5550.0 0.43383
2050.0 5550.0 0.51706
2150.0 5550.0 0.53083
2250.0 5550.0 0.57229
2350.0 5550.0 0.78371
2450.0 5550.0 1.13531
2550.0 5550.0 1.44965
2650.0 5550.0 1.58230
2750.0 5550.0 1.52372
2850.0 5550.0 1.47461
2950.0 5550.0 1.83275
3050.0 5550.0 2.35786
3150.0 5550.0 2.54262
3250.0 5550.0 2.15830
3350.0 5550.0 1.38642
3450.0 5550.0 0.58213
3550.0 5550.0 0.12077
3650.0 5550.0 0.15254
3750.0 5550.0 0.46257
3850.0 5550.0 0.61852
3950.0 5550.0 0.32619
4050.0 5550.0 -0.11699
4150.0 5550.0 -0.26023
4250.0 5550.0 0.00710
4350.0 5550.0 0.49002
4450.0 5550.0 0.82414
4550.0 5550.0 0.77958
4650.0 5550.0 0.54549
4750.0 5550.0 0.13551
4850.0 5550.0 -0.37227
4950.0 5550.0 -0.79612
5050.0 5550.0 -1.02331
5150.0 5550.0 -1.08494
5250.0 5550.0 -1.00342
5350.0 5550.0 -0.51164
5450.0 5550.0 0.18105
5550.0 5550.0 0.65011
5650.0 5550.0 0.65331
5750.0 5550.0 0.28693
5850.0 5550.0 -0.28689
5950.0 5550.0 -1.21840
6050.0 5550.0 -2.06261
6150.0 5550.0 -2.34359
6250.0 5550.0 -2.04040
6350.0 5550.0 -1.51365
50.0 5650.0 -0.73892
150.0 5650.0 -1.07586
250.0 5650.0 -0.99980
350.0 5650.0 -0.35970
450.0 5650.0 0.50639
550.0 5650.0 0.90509
650.0 5650.0 0.55664
750.0 5650.0 -0.21435
850.0 5650.0 -0.76462
950.0 5650.0 -0.61918
1050.0 5650.0 -0.09523
1150.0 5650.0 0.09206
1250.0 5650.0 -0.20870
1350.0 5650.0 -0.73378
1450.0 5650.0 -1.05140
1550.0 5650.0 -0.88879
1650.0 5650.0 -0.47358
1750.0 5650.0 -0.09352
1850.0 5650.0 0.11761
1950.0 5650.0 0.11527
2050.0 5650.0 0.02267
2150.0 5650.0 0.02417
2250.0 5650.0 0.13198
2350.0 5650.0 0.38766
2450.0 5650.0 0.73596
2550.0 5650.0 1.00623
2650.0 5650.0 1.09274
2750.0 5650.0 1.02442
2850.0 5650.0 0.98973
2950.0 5650.0 1.37969
3050.0 5650.0 1.95510
3150.0 5650.0 2.19397
3250.0 5650.0 1.85016
3350.0 5650.0 1.09827
3450.0 5650.0 0.35155
3550.0 5650.0 0.17511
3650.0 5650.0 0.58287
3750.0 5650.0 1.08766
3850.0 5650.0 1.13322
3950.0 5650.0 0.52037
4050.0 5650.0 -0.28596
4150.0 5650.0 -0.74832
4250.0 5650.0 -0.64674
4350.0 5650.0 -0.15621
4450.0 5650.0 0.24028
4550.0 5650.0 0.16818
4650.0 5650.0 -0.10236
4750.0 5650.0 -0.31848
4850.0 5650.0 -0.40668
4950.0 5650.0 -0.37553
5050.0 5650.0 -0.32915
5150.0 5650.0 -0.37009
5250.0 5650.0 -0.32486
5350.0 5650.0 0.19409
5450.0 5650.0 0.88981
5550.0 5650.0 1.24622
5650.0 5650.0 1.02308
5750.0 5650.0 0.39309
5850.0 5650.0 -0.45914
5950.0 5650.0 -1.62877
6050.0 5650.0 -2.45080
6150.0 5650.0 -2.38357
6250.0 5650.0 -1.60333
6350.0 5650.0 -0.72031
50.0 5750.0 -0.08224
150.0 5750.0 -0.74020
250.0 5750.0 -0.91684
350.0 5750.0 -0.35985
450.0 5750.0 0.52566
550.0 5750.0 0.98005
650.0 5750.0 0.72948
750.0 5750.0 0.06882
850.0 5750.0 -0.39740
950.0 5750.0 -0.21314
1050.0 5750.0 0.32877
1150.0 5750.0 0.55309
1250.0 5750.0 0.31808
1350.0 5750.0 -0.12665
1450.0 5750.0 -0.37445
1550.0 5750.0 -0.16954
1650.0 5750.0 0.26181
1750.0 5750.0 0.55422
1850.0 5750.0 0.54994
1950.0 5750.0 0.29057
2050.0 5750.0 0.01602
2150.0 5750.0 -0.03008
2250.0 5750.0 0.07806
2350.0 5750.0 0.22120
2450.0 5750.0 0.32327
2550.0 5750.0 0.30802
2650.0 5750.0 0.19303
2750.0 5750.0 0.06571
2850.0 5750.0 0.03396
2950.0 5750.0 0.43323
3050.0 5750.0 1.02423
3150.0 5750.0 1.28000
3250.0 5750.0 0.94849
3350.0 5750.0 0.20195
3450.0 5750.0 -0.52350
3550.0 5750.0 -0.57372
3650.0 5750.0 0.03716
3750.0 5750.0 0.71547
3850.0 5750.0 0.82373
3950.0 5750.0 0.16373
4050.0 5750.0 -0.71305
4150.0 5750.0 -1.18464
4250.0 5750.0 -1.00776
4350.0 5750.0 -0.39677
4450.0 5750.0 0.09048
4550.0 5750.0 0.03160
4650.0 5750.0 -0.24135
4750.0 5750.0 -0.38074
4850.0 5750.0 -0.31571
4950.0 5750.0 -0.12078
5050.0 5750.0 0.02617
5150.0 5750.0 -0.00071
5250.0 5750.0 0.01974
5350.0 5750.0 0.44874
5450.0 5750.0 0.97800
5550.0 5750.0 1.13809
5650.0 5750.0 0.75912
5750.0 5750.0 0.04813
5850.0 5750.0 -0.83617
5950.0 5750.0 -1.90542
6050.0 5750.0 -2.46363
6150.0 5750.0 -2.05884
6250.0 5750.0 -1.01629
6350.0 5750.0 -0.02302
50.0 5850.0 0.74123
150.0 5850.0 -0.12518
250.0 5850.0 -0.48344
350.0 5850.0 -0.02223
450.0 5850.0 0.82242
550.0 5850.0 1.26138
650.0 5850.0 1.04112
750.0 5850.0 0.44644
850.0 5850.0 0.04453
950.0 5850.0 0.25561
1050.0 5850.0 0.80398
1150.0 5850.0 1.08183
1250.0 5850.0 0.94435
1350.0 5850.0 0.58894
1450.0 5850.0 0.37766
1550.0 5850.0 0.56094
1650.0 5850.0 0.94292
1750.0 5850.0 1.13640
1850.0 5850.0 0.98451
1950.0 5850.0 0.57763
2050.0 5850.0 0.20334
2150.0 5850.0 0.11715
2250.0 5850.0 0.19188
2350.0 5850.0 0.17081
2450.0 5850.0 -0.03539
2550.0 5850.0 -0.38782
2650.0 5850.0 -0.73347
2750.0 5850.0 -0.93078
2850.0 5850.0 -0.97055
2950.0 5850.0 -0.60287
3050.0 5850.0 -0.06122
3150.0 5850.0 0.15292
3250.0 5850.0 -0.19364
3350.0 5850.0 -0.92939
3450.0 5850.0 -1.62984
3550.0 5850.0 -1.61218
3650.0 5850.0 -0.88450
3750.0 5850.0 -0.07423
3850.0 5850.0 0.13586
3950.0 5850.0 -0.47362
4050.0 5850.0 -1.30485
4150.0 5850.0 -1.64664
4250.0 5850.0 -1.25591
4350.0 5850.0 -0.41790
4450.0 5850.0 0.22907
4550.0 5850.0 0.23519
4650.0 5850.0 -0.00904
4750.0 5850.0 -0.14274
4850.0 5850.0 -0.09192
4950.0 5850.0 0.08911
5050.0 5850.0 0.24230
5150.0 5850.0 0.24592
5250.0 5850.0 0.27977
5350.0 5850.0 0.61104
5450.0 5850.0 0.94782
5550.0 5850.0 0.91687
5650.0 5850.0 0.44276
5750.0 5850.0 -0.24868
5850.0 5850.0 -1.04016
5950.0 5850.0 -1.86026
6050.0 5850.0 -2.08024
6150.0 5850.0 -1.39999
6250.0 5850.0 -0.24567
6350.0 5850.0 0.71662
50.0 5950.0 1.82658
150.0 5950.0 0.89395
250.0 5950.0 0.35677
350.0 5950.0 0.59403
450.0 5950.0 1.22172
550.0 5950.0 1.45385
650.0 5950.0 1.11552
750.0 5950.0 0.53885
850.0 5950.0 0.23227
950.0 5950.0 0.50066
1050.0 5950.0 1.06327
1150.0 5950.0 1.42296
1250.0 5950.0 1.37037
1350.0 5950.0 0.98548
1450.0 5950.0 0.60444
1550.0 5950.0 0.55440
1650.0 5950.0 0.71650
1750.0 5950.0 0.81401
1850.0 5950.0 0.76615
1950.0 5950.0 0.59139
2050.0 5950.0 0.40694
2150.0 5950.0 0.33342
2250.0 5950.0 0.31283
2350.0 5950.0 0.12465
2450.0 5950.0 -0.30330
2550.0 5950.0 -0.85632
2650.0 5950.0 -1.32388
2750.0 5950.0 -1.56504
2850.0 5950.0 -1.64152
2950.0 5950.0 -1.41831
3050.0 5950.0 -1.09380
3150.0 5950.0 -1.05171
3250.0 5950.0 -1.44533
3350.0 5950.0 -2.11509
3450.0 5950.0 -2.72944
3550.0 5950.0 -2.69091
3650.0 5950.0 -1.98505
3750.0 5950.0 -1.17013
3850.0 5950.0 -0.88190
3950.0 5950.0 -1.34673
4050.0 5950.0 -2.00449
4150.0 5950.0 -2.10900
4250.0 5950.0 -1.41317
4350.0 5950.0 -0.25367
4450.0 5950.0 0.66736
4550.0 5950.0 0.87433
4650.0 5950.0 0.76727
4750.0 5950.0 0.57651
4850.0 5950.0 0.39640
4950.0 5950.0 0.34115
5050.0 5950.0 0.42385
5150.0 5950.0 0.56411
5250.0 5950.0 0.75286
5350.0 5950.0 1.04846
5450.0 5950.0 1.20603
5550.0 5950.0 1.02608
5650.0 5950.0 0.58167
5750.0 5950.0 0.10976
5850.0 5950.0 -0.34732
5950.0 5950.0 -0.67149
6050.0 5950.0 -0.49681
6150.0 5950.0 0.23461
6250.0 5950.0 1.13174
6350.0 5950.0 1.75778
50.0 6050.0 2.60496
150.0 6050.0 1.82618
250.0 6050.0 1.18597
350.0 6050.0 1.11548
450.0 6050.0 1.37694
550.0 6050.0 1.25774
650.0 6050.0 0.71856
750.0 6050.0 0.17200
850.0 6050.0 0.02692
950.0 6050.0 0.39248
1050.0 6050.0 0.97851
1150.0 6050.0 1.46875
1250.0 6050.0 1.54232
1350.0 6050.0 1.08643
1450.0 6050.0 0.40200
1550.0 6050.0 -0.04916
1650.0 6050.0 -0.25556
1750.0 6050.0 -0.27212
1850.0 6050.0 -0.04203
1950.0 6050.0 0.29327
2050.0 6050.0 0.51331
2150.0 6050.0 0.48705
2250.0 6050.0 0.32567
2350.0 6050.0 0.03971
2450.0 6050.0 -0.39117
2550.0 6050.0 -0.86506
2650.0 6050.0 -1.24841
2750.0 6050.0 -1.47753
2850.0 6050.0 -1.60937
2950.0 6050.0 -1.58155
3050.0 6050.0 -1.52843
3150.0 6050.0 -1.67111
3250.0 6050.0 -2.07175
3350.0 6050.0 -2.60898
3450.0 6050.0 -3.08860
3550.0 6050.0 -3.09976
3650.0 6050.0 -2.59205
3750.0 6050.0 -1.94380
3850.0 6050.0 -1.63879
3950.0 6050.0 -1.88882
4050.0 6050.0 -2.28450
4150.0 6050.0 -2.20381
4250.0 6050.0 -1.39038
4350.0 6050.0 -0.11125
4450.0 6050.0 0.99853
4550.0 6050.0 1.47742
4650.0 6050.0 1.60603
4750.0 6050.0 1.33614
4850.0 6050.0 0.79574
4950.0 6050.0 0.37256
5050.0 6050.0 0.35664
5150.0 6050.0 0.73384
5250.0 6050.0 1.19892
5350.0 6050.0 1.51006
5450.0 6050.0 1.49589
5550.0 6050.0 1.19914
5650.0 6050.0 0.88942
5750.0 6050.0 0.80871
5850.0 6050.0 0.88007
5950.0 6050.0 1.19049
6050.0 6050.0 1.68312
6150.0 6050.0 2.14615
6250.0 6050.0 2.39205
6350.0 6050.0 2.40341
50.0 6150.0 2.62058
150.0 6150.0 2.13900
250.0 6150.0 1.50189
350.0 6150.0 1.15953
450.0 6150.0 1.05492
550.0 6150.0 0.61007
650.0 6150.0 -0.06792
750.0 6150.0 -0.50827
850.0 6150.0 -0.43439
950.0 6150.0 0.04855
1050.0 6150.0 0.66173
1150.0 6150.0 1.31815
1250.0 6150.0 1.59283
1350.0 6150.0 1.15134
1450.0 6150.0 0.22309
1550.0 6150.0 -0.61228
1650.0 6150.0 -1.19299
1750.0 6150.0 -1.35331
1850.0 6150.0 -0.90221
1950.0 6150.0 -0.12032
2050.0 6150.0 0.45963
2150.0 6150.0 0.46594
2250.0 6150.0 0.17397
2350.0 6150.0 -0.10628
2450.0 6150.0 -0.33046
2550.0 6150.0 -0.48893
2650.0 6150.0 -0.62386
2750.0 6150.0 -0.79226
2850.0 6150.0 -0.97133
2950.0 6150.0 -1.07425
3050.0 6150.0 -1.16558
3150.0 6150.0 -1.35190
3250.0 6150.0 -1.66273
3350.0 6150.0 -2.03899
3450.0 6150.0 -2.38846
3550.0 6150.0 -2.49358
3650.0 6150.0 -2.26871
3750.0 6150.0 -1.87851
3850.0 6150.0 -1.61624
3950.0 6150.0 -1.66537
4050.0 6150.0 -1.82762
4150.0 6150.0 -1.76827
4250.0 6150.0 -1.21913
4350.0 6150.0 -0.22691
4450.0 6150.0 0.80878
4550.0 6150.0 1.49597
4650.0 6150.0 1.86964
4750.0 6150.0 1.56555
4850.0 6150.0 0.74331
4950.0 6150.0 0.03430
5050.0 6150.0 -0.02696
5150.0 6150.0 0.60198
5250.0 6150.0 1.34548
5350.0 6150.0 1.67006
5450.0 6150.0 1.47877
5550.0 6150.0 1.06019
5650.0 6150.0 0.88391
5750.0 6150.0 1.19736
5850.0 6150.0 1.78150
5950.0 6150.0 2.62474
6050.0 6150.0 3.25573
6150.0 6150.0 3.26392
6250.0 6150.0 2.74159
6350.0 6150.0 2.11006
50.0 6250.0 2.03338
150.0 6250.0 1.80027
250.0 6250.0 1.21701
350.0 6250.0 0.72920
450.0 6250.0 0.40764
550.0 6250.0 -0.18804
650.0 6250.0 -0.84824
750.0 6250.0 -1.10376
850.0 6250.0 -0.80846
950.0 6250.0 -0.22387
1050.0 6250.0 0.41176
1150.0 6250.0 1.22822
1250.0 6250.0 1.75215
1350.0 6250.0 1.46831
1450.0 6250.0 0.50059
1550.0 6250.0 -0.53139
1650.0 6250.0 -1.34498
1750.0 6250.0 -1.66640
1850.0 6250.0 -1.23575
1950.0 6250.0 -0.36028
2050.0 6250.0 0.31219
2150.0 6250.0 0.29910
2250.0 6250.0 -0.06599
2350.0 6250.0 -0.28634
2450.0 6250.0 -0.27232
2550.0 6250.0 -0.11289
2650.0 6250.0 -0.00939
2750.0 6250.0 -0.11486
2850.0 6250.0 -0.31284
2950.0 6250.0 -0.41864
3050.0 6250.0 -0.44895
3150.0 6250.0 -0.49804
3250.0 6250.0 -0.64355
3350.0 6250.0 -0.89135
3450.0 6250.0 -1.16469
3550.0 6250.0 -1.34611
3650.0 6250.0 -1.32908
3750.0 6250.0 -1.13484
3850.0 6250.0 -0.92501
3950.0 6250.0 -0.85985
4050.0 6250.0 -0.91123
4150.0 6250.0 -1.06740
4250.0 6250.0 -1.05060
4350.0 6250.0 -0.62841
4450.0 6250.0 0.10508
4550.0 6250.0 0.85377
4650.0 6250.0 1.38541
4750.0 6250.0 1.12269
4850.0 6250.0 0.24123
4950.0 6250.0 -0.52435
5050.0 6250.0 -0.53941
5150.0 6250.0 0.25882
5250.0 6250.0 1.16203
5350.0 6250.0 1.44649
5450.0 6250.0 1.06415
5550.0 6250.0 0.48565
5650.0 6250.0 0.33653
5750.0 6250.0 0.87634
5850.0 6250.0 1.76098
5950.0 6250.0 2.87733
6050.0 6250.0 3.50918
6150.0 6250.0 3.15918
6250.0 6250.0 2.12242
6350.0 6250.0 1.09229
50.0 6350.0 1.36852
150.0 6350.0 1.20482
250.0 6350.0 0.64663
350.0 6350.0 0.13421
450.0 6350.0 -0.22618
550.0 6350.0 -0.78539
650.0 6350.0 -1.29295
750.0 6350.0 -1.33381
850.0 6350.0 -0.86258
950.0 6350.0 -0.21214
1050.0 6350.0 0.43715
1150.0 6350.0 1.37629
1250.0 6350.0 2.14386
1350.0 6350.0 2.11687
1450.0 6350.0 1.30372
1550.0 6350.0 0.28511
1650.0 6350.0 -0.58745
1750.0 6350.0 -1.06567
1850.0 6350.0 -0.89606
1950.0 6350.0 -0.29542
2050.0 6350.0 0.18760
2150.0 6350.0 0.10532
2250.0 6350.0 -0.27274
2350.0 6350.0 -0.45568
2450.0 6350.0 -0.34245
2550.0 6350.0 -0.06128
2650.0 6350.0 0.13032
2750.0 6350.0 0.04941
2850.0 6350.0 -0.14047
2950.0 6350.0 -0.15083
3050.0 6350.0 0.01846
3150.0 6350.0 0.20387
3250.0 6350.0 0.23228
3350.0 6350.0 0.05012
3450.0 6350.0 -0.20777
3550.0 6350.0 -0.40708
3650.0 6350.0 -0.43687
3750.0 6350.0 -0.28740
3850.0 6350.0 -0.09142
3950.0 6350.0 -0.00378
4050.0 6350.0 -0.06663
4150.0 6350.0 -0.49635
4250.0 6350.0 -1.01045
4350.0 6350.0 -1.15405
4450.0 6350.0 -0.77392
4550.0 6350.0 -0.08551
4650.0 6350.0 0.49208
4750.0 6350.0 0.32320
4850.0 6350.0 -0.41754
4950.0 6350.0 -1.03490
5050.0 6350.0 -0.93925
5150.0 6350.0 -0.08273
5250.0 6350.0 0.83656
5350.0 6350.0 1.01863
5450.0 6350.0 0.43315
5550.0 6350.0 -0.34657
5650.0 6350.0 -0.59451
5750.0 6350.0 -0.03134
5850.0 6350.0 0.91326
5950.0 6350.0 2.07811
6050.0 6350.0 2.69783
6150.0 6350.0 2.26229
6250.0 6350.0 1.11302
6350.0 6350.0 0.00000
