50.0 50.0 0.01344
150.0 50.0 0.02437
250.0 50.0 0.02752
350.0 50.0 0.02166
450.0 50.0 0.00949
550.0 50.0 -0.00435
650.0 50.0 -0.01495
750.0 50.0 -0.01834
850.0 50.0 -0.01236
950.0 50.0 0.00287
1050.0 50.0 0.02489
1150.0 50.0 0.04923
1250.0 50.0 0.07013
1350.0 50.0 0.08282
1450.0 50.0 0.08490
1550.0 50.0 0.07666
1650.0 50.0 0.06087
1750.0 50.0 0.04222
1850.0 50.0 0.02629
1950.0 50.0 0.01808
2050.0 50.0 0.02018
2150.0 50.0 0.03037
2250.0 50.0 0.07282
2350.0 50.0 0.22647
2450.0 50.0 0.48461
2550.0 50.0 0.77666
2650.0 50.0 1.01466
2750.0 50.0 1.12652
2850.0 50.0 1.07607
2950.0 50.0 0.86990
3050.0 50.0 0.55092
3150.0 50.0 0.17879
3250.0 50.0 -0.20225
3350.0 50.0 -0.57071
3450.0 50.0 -0.87858
3550.0 50.0 -1.06651
3650.0 50.0 -1.09488
3750.0 50.0 -0.96181
3850.0 50.0 -0.70823
3950.0 50.0 -0.40957
4050.0 50.0 -0.15448
4150.0 50.0 -0.01027
4250.0 50.0 0.02479
4350.0 50.0 0.03629
4450.0 50.0 0.05309
4550.0 50.0 0.07327
4650.0 50.0 0.09140
4750.0 50.0 0.10184
4850.0 50.0 0.10105
4950.0 50.0 0.08860
5050.0 50.0 0.06727
5150.0 50.0 0.04183
5250.0 50.0 0.01679
5350.0 50.0 -0.00597
5450.0 50.0 -0.01387
5550.0 50.0 0.00525
5650.0 50.0 0.04704
5750.0 50.0 0.09797
5850.0 50.0 0.14199
5950.0 50.0 0.16541
6050.0 50.0 0.16011
6150.0 50.0 0.12507
6250.0 50.0 0.06622
6350.0 50.0 -0.00545
50.0 150.0 0.17512
150.0 150.0 0.18539
250.0 150.0 0.20022
350.0 150.0 0.22248
450.0 150.0 0.25318
550.0 150.0 0.29126
650.0 150.0 0.33386
750.0 150.0 0.37689
850.0 150.0 0.41600
950.0 150.0 0.44790
1050.0 150.0 0.47211
1150.0 150.0 0.49233
1250.0 150.0 0.50720
1350.0 150.0 0.51067
1450.0 150.0 0.50040
1550.0 150.0 0.47777
1650.0 150.0 0.44716
1750.0 150.0 0.41495
1850.0 150.0 0.38807
1950.0 150.0 0.37224
2050.0 150.0 0.36989
2150.0 150.0 0.37767
2250.0 150.0 0.41532
2350.0 150.0 0.55255
2450.0 150.0 0.77906
2550.0 150.0 1.02645
2650.0 150.0 1.21253
2750.0 150.0 1.27263
2850.0 150.0 1.17790
2950.0 150.0 0.94043
3050.0 150.0 0.60545
3150.0 150.0 0.23040
3250.0 150.0 -0.14760
3350.0 150.0 -0.50650
3450.0 150.0 -0.79197
3550.0 150.0 -0.94386
3650.0 150.0 -0.92595
3750.0 150.0 -0.74235
3850.0 150.0 -0.44086
3950.0 150.0 -0.10321
4050.0 150.0 0.17781
4150.0 150.0 0.33425
4250.0 150.0 0.37208
4350.0 150.0 0.38240
4450.0 150.0 0.38832
4550.0 150.0 0.38440
4650.0 150.0 0.36648
4750.0 150.0 0.33349
4850.0 150.0 0.28813
4950.0 150.0 0.23651
5050.0 150.0 0.18663
5150.0 150.0 0.14589
5250.0 150.0 0.11738
5350.0 150.0 0.09631
5450.0 150.0 0.08636
5550.0 150.0 0.09458
5650.0 150.0 0.11521
5750.0 150.0 0.13627
5850.0 150.0 0.14539
5950.0 150.0 0.13375
6050.0 150.0 0.09824
6150.0 150.0 0.04176
6250.0 150.0 -0.02837
6350.0 150.0 -0.10372
50.0 250.0 0.34388
150.0 250.0 0.33961
250.0 250.0 0.35716
350.0 250.0 0.40492
450.0 250.0 0.48119
550.0 250.0 0.57680
650.0 250.0 0.67800
750.0 250.0 0.76963
850.0 250.0 0.83857
950.0 250.0 0.87750
1050.0 250.0 0.88889
1150.0 250.0 0.88778
1250.0 250.0 0.87980
1350.0 250.0 0.85892
1450.0 250.0 0.82423
1550.0 250.0 0.77904
1650.0 250.0 0.72921
1750.0 250.0 0.68168
1850.0 250.0 0.64285
1950.0 250.0 0.61706
2050.0 250.0 0.60508
2150.0 250.0 0.60260
2250.0 250.0 0.62748
2350.0 250.0 0.74347
2450.0 250.0 0.94021
2550.0 250.0 1.15399
2650.0 250.0 1.30889
2750.0 250.0 1.34575
2850.0 250.0 1.23891
2950.0 250.0 1.00079
3050.0 250.0 0.67423
3150.0 250.0 0.31263
3250.0 250.0 -0.05022
3350.0 250.0 -0.38719
3450.0 250.0 -0.63765
3550.0 250.0 -0.74174
3650.0 250.0 -0.66782
3750.0 250.0 -0.42670
3850.0 250.0 -0.07301
3950.0 250.0 0.30604
4050.0 250.0 0.61479
4150.0 250.0 0.78593
4250.0 250.0 0.83013
4350.0 250.0 0.84250
4450.0 250.0 0.83811
4550.0 250.0 0.80753
4650.0 250.0 0.74889
4750.0 250.0 0.66735
4850.0 250.0 0.57364
4950.0 250.0 0.48172
5050.0 250.0 0.40554
5150.0 250.0 0.35497
5250.0 250.0 0.33078
5350.0 250.0 0.31992
5450.0 250.0 0.31314
5550.0 250.0 0.30716
5650.0 250.0 0.29161
5750.0 250.0 0.25569
5850.0 250.0 0.19328
5950.0 250.0 0.10546
6050.0 250.0 0.00043
6150.0 250.0 -0.10898
6250.0 250.0 -0.21053
6350.0 250.0 -0.30020
50.0 350.0 0.49394
150.0 350.0 0.45632
250.0 350.0 0.46330
350.0 350.0 0.53031
450.0 350.0 0.65179
550.0 350.0 0.80766
650.0 350.0 0.96978
750.0 350.0 1.10859
850.0 350.0 1.19977
950.0 350.0 1.23102
1050.0 350.0 1.20893
1150.0 350.0 1.16351
1250.0 350.0 1.11125
1350.0 350.0 1.04898
1450.0 350.0 0.97922
1550.0 350.0 0.90772
1650.0 350.0 0.84074
1750.0 350.0 0.78315
1850.0 350.0 0.73726
1950.0 350.0 0.70248
2050.0 350.0 0.67577
2150.0 350.0 0.65278
2250.0 350.0 0.65417
2350.0 350.0 0.74199
2450.0 350.0 0.91045
2550.0 350.0 1.10399
2650.0 350.0 1.25377
2750.0 350.0 1.30375
2850.0 350.0 1.22630
2950.0 350.0 1.02736
3050.0 350.0 0.74122
3150.0 350.0 0.41479
3250.0 350.0 0.08319
3350.0 350.0 -0.21698
3450.0 350.0 -0.42060
3550.0 350.0 -0.46983
3650.0 350.0 -0.33837
3750.0 350.0 -0.04312
3850.0 350.0 0.35627
3950.0 350.0 0.76989
4050.0 350.0 1.10212
4150.0 350.0 1.28824
4250.0 350.0 1.34311
4350.0 350.0 1.36216
4450.0 350.0 1.34984
4550.0 350.0 1.29259
4650.0 350.0 1.19205
4750.0 350.0 1.06127
4850.0 350.0 0.92049
4950.0 350.0 0.79244
5050.0 350.0 0.69720
5150.0 350.0 0.64654
5250.0 350.0 0.63789
5350.0 350.0 0.64879
5450.0 350.0 0.65462
5550.0 350.0 0.63737
5650.0 350.0 0.57826
5750.0 350.0 0.46606
5850.0 350.0 0.30208
5950.0 350.0 0.10126
6050.0 350.0 -0.11088
6150.0 350.0 -0.30532
6250.0 350.0 -0.46061
6350.0 350.0 -0.57803
50.0 450.0 0.59051
150.0 450.0 0.50225
250.0 450.0 0.48499
350.0 450.0 0.56207
450.0 450.0 0.72325
550.0 450.0 0.93562
650.0 450.0 1.15438
750.0 450.0 1.33346
850.0 450.0 1.43585
950.0 450.0 1.44384
1050.0 450.0 1.36898
1150.0 450.0 1.25858
1250.0 450.0 1.14420
1350.0 450.0 1.02939
1450.0 450.0 0.92206
1550.0 450.0 0.83024
1650.0 450.0 0.75834
1750.0 450.0 0.70533
1850.0 450.0 0.66488
1950.0 450.0 0.62733
2050.0 450.0 0.58367
2150.0 450.0 0.53135
2250.0 450.0 0.49946
2350.0 450.0 0.55228
2450.0 450.0 0.69254
2550.0 450.0 0.87598
2650.0 450.0 1.04184
2750.0 450.0 1.13539
2850.0 450.0 1.12263
2950.0 450.0 0.99723
3050.0 450.0 0.77948
3150.0 450.0 0.50749
3250.0 450.0 0.22152
3350.0 450.0 -0.03069
3450.0 450.0 -0.18338
3550.0 450.0 -0.18268
3650.0 450.0 -0.00722
3750.0 450.0 0.32247
3850.0 450.0 0.74578
3950.0 450.0 1.17476
4050.0 450.0 1.51798
4150.0 450.0 1.71537
4250.0 450.0 1.78414
4350.0 450.0 1.81442
4450.0 450.0 1.79838
4550.0 450.0 1.71892
4650.0 450.0 1.58205
4750.0 450.0 1.40941
4850.0 450.0 1.23098
4950.0 450.0 1.07795
5050.0 450.0 0.97567
5150.0 450.0 0.93686
5250.0 450.0 0.95486
5350.0 450.0 0.99812
5450.0 450.0 1.02823
5550.0 450.0 1.01192
5650.0 450.0 0.91923
5750.0 450.0 0.73543
5850.0 450.0 0.46747
5950.0 450.0 0.14426
6050.0 450.0 -0.18932
6150.0 450.0 -0.48462
6250.0 450.0 -0.70768
6350.0 450.0 -0.86393
50.0 550.0 0.60842
150.0 550.0 0.45836
250.0 550.0 0.40624
350.0 550.0 0.48333
450.0 550.0 0.67435
550.0 550.0 0.93319
650.0 550.0 1.19803
750.0 550.0 1.40610
850.0 550.0 1.50769
950.0 550.0 1.47982
1050.0 550.0 1.33930
1150.0 550.0 1.15117
1250.0 550.0 0.96535
1350.0 550.0 0.79623
1450.0 550.0 0.65859
1550.0 550.0 0.56178
1650.0 550.0 0.50541
1750.0 550.0 0.47838
1850.0 550.0 0.46115
1950.0 550.0 0.43128
2050.0 550.0 0.37226
2150.0 550.0 0.28557
2250.0 550.0 0.21418
2350.0 550.0 0.22701
2450.0 550.0 0.33754
2550.0 550.0 0.51489
2650.0 550.0 0.70723
2750.0 550.0 0.86039
2850.0 550.0 0.93173
2950.0 550.0 0.89932
3050.0 550.0 0.76626
3150.0 550.0 0.56036
3250.0 550.0 0.32882
3350.0 550.0 0.12875
3450.0 550.0 0.02138
3550.0 550.0 0.05498
3650.0 550.0 0.24752
3750.0 550.0 0.57886
3850.0 550.0 0.99280
3950.0 550.0 1.40902
4050.0 550.0 1.74473
4150.0 550.0 1.94619
4250.0 550.0 2.03007
4350.0 550.0 2.07486
4450.0 550.0 2.06031
4550.0 550.0 1.96693
4650.0 550.0 1.80539
4750.0 550.0 1.60538
4850.0 550.0 1.40542
4950.0 550.0 1.24346
5050.0 550.0 1.14847
5150.0 550.0 1.13283
5250.0 550.0 1.18565
5350.0 550.0 1.26810
5450.0 550.0 1.33367
5550.0 550.0 1.33775
5650.0 550.0 1.23823
5750.0 550.0 1.01309
5850.0 550.0 0.67019
5950.0 550.0 0.24816
6050.0 550.0 -0.19151
6150.0 550.0 -0.58133
6250.0 550.0 -0.87344
6350.0 550.0 -1.07410
50.0 650.0 0.54291
150.0 650.0 0.32863
250.0 650.0 0.23667
350.0 650.0 0.30533
450.0 650.0 0.51460
550.0 650.0 0.80628
650.0 650.0 1.10320
750.0 650.0 1.32754
850.0 650.0 1.41835
950.0 650.0 1.34811
1050.0 650.0 1.13849
1150.0 650.0 0.87071
1250.0 650.0 0.61479
1350.0 650.0 0.39917
1450.0 650.0 0.24615
1550.0 650.0 0.16489
1650.0 650.0 0.14736
1750.0 650.0 0.16888
1850.0 650.0 0.19335
1950.0 650.0 0.18314
2050.0 650.0 0.11366
2150.0 650.0 -0.00748
2250.0 650.0 -0.11958
2350.0 650.0 -0.14870
2450.0 650.0 -0.07059
2550.0 650.0 0.09768
2650.0 650.0 0.31378
2750.0 650.0 0.52460
2850.0 650.0 0.67913
2950.0 650.0 0.73983
3050.0 650.0 0.69238
3150.0 650.0 0.55388
3250.0 650.0 0.37791
3350.0 650.0 0.22633
3450.0 650.0 0.15068
3550.0 650.0 0.19264
3650.0 650.0 0.36910
3750.0 650.0 0.66473
3850.0 650.0 1.03319
3950.0 650.0 1.40690
4050.0 650.0 1.71538
4150.0 650.0 1.91212
4250.0 650.0 2.01006
4350.0 650.0 2.07061
4450.0 650.0 2.06241
4550.0 650.0 1.96504
4650.0 650.0 1.79349
4750.0 650.0 1.58391
4850.0 650.0 1.38098
4950.0 650.0 1.22693
5050.0 650.0 1.15217
5150.0 650.0 1.16760
5250.0 650.0 1.25850
5350.0 650.0 1.38160
5450.0 650.0 1.49054
5550.0 650.0 1.53664
5650.0 650.0 1.46665
5750.0 650.0 1.24770
5850.0 650.0 0.88218
5950.0 650.0 0.41105
6050.0 650.0 -0.09443
6150.0 650.0 -0.55248
6250.0 650.0 -0.90211
6350.0 650.0 -1.14608
50.0 750.0 0.41248
150.0 750.0 0.14089
250.0 750.0 0.01107
350.0 750.0 0.06681
450.0 750.0 0.28422
550.0 750.0 0.59538
650.0 750.0 0.91083
750.0 750.0 1.14088
850.0 750.0 1.21573
950.0 750.0 1.10441
1050.0 750.0 0.83256
1150.0 750.0 0.49450
1250.0 750.0 0.17995
1350.0 750.0 -0.06706
1450.0 750.0 -0.21713
1550.0 750.0 -0.26282
1650.0 750.0 -0.22184
1750.0 750.0 -0.13429
1850.0 750.0 -0.05411
1950.0 750.0 -0.03451
2050.0 750.0 -0.10767
2150.0 750.0 -0.25841
2250.0 750.0 -0.40713
2350.0 750.0 -0.47661
2450.0 750.0 -0.43403
2550.0 750.0 -0.28392
2650.0 750.0 -0.05897
2750.0 750.0 0.19030
2850.0 750.0 0.40726
2950.0 750.0 0.54202
3050.0 750.0 0.56559
3150.0 750.0 0.48523
3250.0 750.0 0.35809
3350.0 750.0 0.24465
3450.0 750.0 0.18297
3550.0 750.0 0.20816
3650.0 750.0 0.33841
3750.0 750.0 0.56687
3850.0 750.0 0.86097
3950.0 750.0 1.16910
4050.0 750.0 1.43494
4150.0 750.0 1.61903
4250.0 750.0 1.72801
4350.0 750.0 1.80320
4450.0 750.0 1.80454
4550.0 750.0 1.71198
4650.0 750.0 1.54397
4750.0 750.0 1.34090
4850.0 750.0 1.15085
4950.0 750.0 1.01761
5050.0 750.0 0.97108
5150.0 750.0 1.01989
5250.0 750.0 1.14639
5350.0 750.0 1.30588
5450.0 750.0 1.46064
5550.0 750.0 1.56651
5650.0 750.0 1.56181
5750.0 750.0 1.40044
5850.0 750.0 1.07312
5950.0 750.0 0.61461
6050.0 750.0 0.09709
6150.0 750.0 -0.39045
6250.0 750.0 -0.77670
6350.0 750.0 -1.05651
50.0 850.0 0.25385
150.0 850.0 -0.06036
250.0 850.0 -0.21939
350.0 850.0 -0.17572
450.0 850.0 0.04401
550.0 850.0 0.36514
650.0 850.0 0.68974
750.0 850.0 0.91999
850.0 850.0 0.98006
950.0 850.0 0.83669
1050.0 850.0 0.51832
1150.0 850.0 0.12849
1250.0 850.0 -0.22582
1350.0 850.0 -0.48564
1450.0 850.0 -0.61582
1550.0 850.0 -0.61192
1650.0 850.0 -0.50186
1750.0 850.0 -0.34082
1850.0 850.0 -0.19930
1950.0 850.0 -0.14441
2050.0 850.0 -0.21433
2150.0 850.0 -0.38602
2250.0 850.0 -0.56289
2350.0 850.0 -0.66790
2450.0 850.0 -0.66354
2550.0 850.0 -0.54450
2650.0 850.0 -0.33425
2750.0 850.0 -0.07842
2850.0 850.0 0.16528
2950.0 850.0 0.34036
3050.0 850.0 0.40826
3150.0 850.0 0.36831
3250.0 850.0 0.27695
3350.0 850.0 0.18711
3450.0 850.0 0.12218
3550.0 850.0 0.11162
3650.0 850.0 0.17683
3750.0 850.0 0.32130
3850.0 850.0 0.52746
3950.0 850.0 0.76010
4050.0 850.0 0.97648
4150.0 850.0 1.14305
4250.0 850.0 1.25885
4350.0 850.0 1.34542
4450.0 850.0 1.35686
4550.0 850.0 1.27436
4650.0 850.0 1.11863
4750.0 850.0 0.93205
4850.0 850.0 0.76360
4950.0 850.0 0.65652
5050.0 850.0 0.63892
5150.0 850.0 0.71702
5250.0 850.0 0.87132
5350.0 850.0 1.05817
5450.0 850.0 1.25492
5550.0 850.0 1.42949
5650.0 850.0 1.51554
5750.0 850.0 1.45326
5850.0 850.0 1.21728
5950.0 850.0 0.82889
6050.0 850.0 0.35252
6150.0 850.0 -0.12338
6250.0 850.0 -0.52125
6350.0 850.0 -0.82491
50.0 950.0 0.10901
150.0 950.0 -0.22905
250.0 950.0 -0.40423
350.0 950.0 -0.36686
450.0 950.0 -0.14515
550.0 950.0 0.18239
650.0 950.0 0.51298
750.0 950.0 0.74408
850.0 950.0 0.79642
950.0 950.0 0.63539
1050.0 950.0 0.29103
1150.0 950.0 -0.12759
1250.0 950.0 -0.50006
1350.0 950.0 -0.75511
1450.0 950.0 -0.85379
1550.0 950.0 -0.79531
1650.0 950.0 -0.61685
1750.0 950.0 -0.38626
1850.0 950.0 -0.18721
1950.0 950.0 -0.09728
2050.0 950.0 -0.15854
2150.0 950.0 -0.34091
2250.0 950.0 -0.53520
2350.0 950.0 -0.66891
2450.0 950.0 -0.70444
2550.0 950.0 -0.63007
2650.0 950.0 -0.46085
2750.0 950.0 -0.23512
2850.0 950.0 -0.00643
2950.0 950.0 0.16896
3050.0 950.0 0.24909
3150.0 950.0 0.22783
3250.0 950.0 0.15613
3350.0 950.0 0.07474
3450.0 950.0 -0.00615
3550.0 950.0 -0.06101
3650.0 950.0 -0.06437
3750.0 950.0 -0.00270
3850.0 950.0 0.11989
3950.0 950.0 0.28210
4050.0 950.0 0.45211
4150.0 950.0 0.60036
4250.0 950.0 0.71860
4350.0 950.0 0.81197
4450.0 950.0 0.83142
4550.0 950.0 0.75957
4650.0 950.0 0.61818
4750.0 950.0 0.44986
4850.0 950.0 0.30283
4950.0 950.0 0.21873
5050.0 950.0 0.22355
5150.0 950.0 0.32163
5250.0 950.0 0.49267
5350.0 950.0 0.69536
5450.0 950.0 0.92509
5550.0 950.0 1.16671
5650.0 950.0 1.35308
5750.0 950.0 1.41212
5850.0 950.0 1.30081
5950.0 950.0 1.02248
6050.0 950.0 0.62746
6150.0 950.0 0.19701
6250.0 950.0 -0.18936
6350.0 950.0 -0.50331
50.0 1050.0 0.00439
150.0 1050.0 -0.34067
250.0 1050.0 -0.51915
350.0 1050.0 -0.48027
450.0 1050.0 -0.25289
550.0 1050.0 0.08267
650.0 1050.0 0.42130
750.0 1050.0 0.65816
850.0 1050.0 0.71218
950.0 1050.0 0.54800
1050.0 1050.0 0.19636
1150.0 1050.0 -0.23076
1250.0 1050.0 -0.60338
1350.0 1050.0 -0.84130
1450.0 1050.0 -0.90366
1550.0 1050.0 -0.79333
1650.0 1050.0 -0.55501
1750.0 1050.0 -0.26591
1850.0 1050.0 -0.01889
1950.0 1050.0 0.10177
2050.0 1050.0 0.05215
2150.0 1050.0 -0.13211
2250.0 1050.0 -0.33426
2350.0 1050.0 -0.49015
2450.0 1050.0 -0.56608
2550.0 1050.0 -0.54697
2650.0 1050.0 -0.44036
2750.0 1050.0 -0.27538
2850.0 1050.0 -0.09705
2950.0 1050.0 0.04441
3050.0 1050.0 0.10904
3150.0 1050.0 0.08745
3250.0 1050.0 0.02124
3350.0 1050.0 -0.06340
3450.0 1050.0 -0.16645
3550.0 1050.0 -0.26456
3650.0 1050.0 -0.32821
3750.0 1050.0 -0.33560
3850.0 1050.0 -0.28054
3950.0 1050.0 -0.17427
4050.0 1050.0 -0.04127
4150.0 1050.0 0.09097
4250.0 1050.0 0.20826
4350.0 1050.0 0.30410
4450.0 1050.0 0.32812
4550.0 1050.0 0.26404
4650.0 1050.0 0.13374
4750.0 1050.0 -0.02088
4850.0 1050.0 -0.15297
4950.0 1050.0 -0.22255
5050.0 1050.0 -0.20526
5150.0 1050.0 -0.09787
5250.0 1050.0 0.07934
5350.0 1050.0 0.28753
5450.0 1050.0 0.53985
5550.0 1050.0 0.83973
5650.0 1050.0 1.12221
5750.0 1050.0 1.30538
5850.0 1050.0 1.32938
5950.0 1050.0 1.17830
6050.0 1050.0 0.88521
6150.0 1050.0 0.52014
6250.0 1050.0 0.16109
6350.0 1050.0 -0.15194
50.0 1150.0 -0.08082
150.0 1150.0 -0.42456
250.0 1150.0 -0.59953
350.0 1150.0 -0.55416
450.0 1150.0 -0.31760
550.0 1150.0 0.02885
650.0 1150.0 0.37870
750.0 1150.0 0.62563
850.0 1150.0 0.68737
950.0 1150.0 0.52796
1050.0 1150.0 0.17844
1150.0 1150.0 -0.24727
1250.0 1150.0 -0.61154
1350.0 1150.0 -0.82720
1450.0 1150.0 -0.85251
1550.0 1150.0 -0.69393
1650.0 1150.0 -0.40255
1750.0 1150.0 -0.06301
1850.0 1150.0 0.22498
1950.0 1150.0 0.37254
2050.0 1150.0 0.33499
2150.0 1150.0 0.15265
2250.0 1150.0 -0.05306
2350.0 1150.0 -0.22806
2450.0 1150.0 -0.34415
2550.0 1150.0 -0.38424
2650.0 1150.0 -0.34865
2750.0 1150.0 -0.25660
2850.0 1150.0 -0.14276
2950.0 1150.0 -0.04891
3050.0 1150.0 -0.01085
3150.0 1150.0 -0.04026
3250.0 1150.0 -0.10644
3350.0 1150.0 -0.19843
3450.0 1150.0 -0.32480
3550.0 1150.0 -0.46378
3650.0 1150.0 -0.58212
3750.0 1150.0 -0.65088
3850.0 1150.0 -0.65522
3950.0 1150.0 -0.59810
4050.0 1150.0 -0.49815
4150.0 1150.0 -0.38144
4250.0 1150.0 -0.26729
4350.0 1150.0 -0.17160
4450.0 1150.0 -0.14515
4550.0 1150.0 -0.20317
4650.0 1150.0 -0.32395
4750.0 1150.0 -0.46671
4850.0 1150.0 -0.58626
4950.0 1150.0 -0.64445
5050.0 1150.0 -0.61849
5150.0 1150.0 -0.50605
5250.0 1150.0 -0.32716
5350.0 1150.0 -0.11805
5450.0 1150.0 0.15119
5550.0 1150.0 0.50221
5650.0 1150.0 0.87341
5750.0 1150.0 1.17478
5850.0 1150.0 1.33102
5950.0 1150.0 1.30761
6050.0 1150.0 1.11999
6150.0 1150.0 0.82578
6250.0 1150.0 0.49999
6350.0 1150.0 0.19337
50.0 1250.0 -0.24859
150.0 1250.0 -0.57445
250.0 1250.0 -0.73153
350.0 1250.0 -0.66786
450.0 1250.0 -0.41209
550.0 1250.0 -0.04519
650.0 1250.0 0.32634
750.0 1250.0 0.59587
850.0 1250.0 0.68051
950.0 1250.0 0.54366
1050.0 1250.0 0.21598
1150.0 1250.0 -0.18798
1250.0 1250.0 -0.52578
1350.0 1250.0 -0.70710
1450.0 1250.0 -0.69210
1550.0 1250.0 -0.49171
1650.0 1250.0 -0.16192
1750.0 1250.0 0.20879
1850.0 1250.0 0.51882
1950.0 1250.0 0.67967
2050.0 1250.0 0.64903
2150.0 1250.0 0.47058
2250.0 1250.0 0.26459
2350.0 1250.0 0.07331
2450.0 1250.0 -0.08006
2550.0 1250.0 -0.17555
2650.0 1250.0 -0.20558
2750.0 1250.0 -0.17913
2850.0 1250.0 -0.12078
2950.0 1250.0 -0.06459
3050.0 1250.0 -0.04306
3150.0 1250.0 -0.07088
3250.0 1250.0 -0.12815
3350.0 1250.0 -0.22002
3450.0 1250.0 -0.36707
3550.0 1250.0 -0.55246
3650.0 1250.0 -0.74101
3750.0 1250.0 -0.89610
3850.0 1250.0 -0.99113
3950.0 1250.0 -1.01595
4050.0 1250.0 -0.97795
4150.0 1250.0 -0.89798
4250.0 1250.0 -0.80106
4350.0 1250.0 -0.71664
4450.0 1250.0 -0.69205
4550.0 1250.0 -0.73761
4650.0 1250.0 -0.83106
4750.0 1250.0 -0.93482
4850.0 1250.0 -1.00973
4950.0 1250.0 -1.02518
5050.0 1250.0 -0.96563
5150.0 1250.0 -0.83365
5250.0 1250.0 -0.64934
5350.0 1250.0 -0.44124
5450.0 1250.0 -0.16362
5550.0 1250.0 0.21802
5650.0 1250.0 0.64676
5750.0 1250.0 1.02986
5850.0 1250.0 1.28336
5950.0 1250.0 1.36028
6050.0 1250.0 1.26256
6150.0 1250.0 1.03659
6250.0 1250.0 0.75253
6350.0 1250.0 0.46720
50.0 1350.0 -0.53829
150.0 1350.0 -0.81418
250.0 1350.0 -0.92830
350.0 1350.0 -0.82987
450.0 1350.0 -0.54515
550.0 1350.0 -0.15097
650.0 1350.0 0.25061
750.0 1350.0 0.55655
850.0 1350.0 0.68602
950.0 1350.0 0.60238
1050.0 1350.0 0.33415
1150.0 1350.0 -0.00797
1250.0 1350.0 -0.28395
1350.0 1350.0 -0.40828
1450.0 1350.0 -0.34870
1550.0 1350.0 -0.12213
1650.0 1350.0 0.21382
1750.0 1350.0 0.57438
1850.0 1350.0 0.86634
1950.0 1350.0 1.01177
2050.0 1350.0 0.97687
2150.0 1350.0 0.80590
2250.0 1350.0 0.60601
2350.0 1350.0 0.40455
2450.0 1350.0 0.22101
2550.0 1350.0 0.07999
2650.0 1350.0 -0.00184
2750.0 1350.0 -0.02300
2850.0 1350.0 0.00109
2950.0 1350.0 0.04222
3050.0 1350.0 0.06904
3150.0 1350.0 0.06255
3250.0 1350.0 0.03259
3350.0 1350.0 -0.04139
3450.0 1350.0 -0.19635
3550.0 1350.0 -0.42676
3650.0 1350.0 -0.70036
3750.0 1350.0 -0.97376
3850.0 1350.0 -1.20507
3950.0 1350.0 -1.36352
4050.0 1350.0 -1.43607
4150.0 1350.0 -1.43105
4250.0 1350.0 -1.37881
4350.0 1350.0 -1.32838
4450.0 1350.0 -1.31719
4550.0 1350.0 -1.34384
4650.0 1350.0 -1.38370
4750.0 1350.0 -1.40548
4850.0 1350.0 -1.38320
4950.0 1350.0 -1.30346
5050.0 1350.0 -1.16803
5150.0 1350.0 -0.99172
5250.0 1350.0 -0.79566
5350.0 1350.0 -0.59219
5450.0 1350.0 -0.32325
5550.0 1350.0 0.04742
5650.0 1350.0 0.47006
5750.0 1350.0 0.86003
5850.0 1350.0 1.13850
5950.0 1350.0 1.25867
6050.0 1350.0 1.21753
6150.0 1350.0 1.05303
6250.0 1350.0 0.82677
6350.0 1350.0 0.59216
50.0 1450.0 -0.88801
150.0 1450.0 -1.08051
250.0 1450.0 -1.12992
350.0 1450.0 -0.98973
450.0 1450.0 -0.68126
550.0 1450.0 -0.27124
650.0 1450.0 0.15007
750.0 1450.0 0.49023
850.0 1450.0 0.67546
950.0 1450.0 0.67087
1050.0 1450.0 0.50026
1150.0 1450.0 0.26289
1250.0 1450.0 0.08597
1350.0 1450.0 0.04084
1450.0 1450.0 0.14602
1550.0 1450.0 0.37731
1650.0 1450.0 0.67959
1750.0 1450.0 0.98071
1850.0 1450.0 1.20751
1950.0 1450.0 1.30401
2050.0 1450.0 1.25166
2150.0 1450.0 1.09182
2250.0 1450.0 0.90507
2350.0 1450.0 0.70099
2450.0 1450.0 0.49700
2550.0 1450.0 0.32408
2650.0 1450.0 0.20899
2750.0 1450.0 0.16335
2850.0 1450.0 0.17935
2950.0 1450.0 0.23216
3050.0 1450.0 0.28913
3150.0 1450.0 0.32559
3250.0 1450.0 0.34291
3350.0 1450.0 0.30980
3450.0 1450.0 0.17220
3550.0 1450.0 -0.08193
3650.0 1450.0 -0.43025
3750.0 1450.0 -0.82715
3850.0 1450.0 -1.21569
3950.0 1450.0 -1.54031
4050.0 1450.0 -1.76036
4150.0 1450.0 -1.86436
4250.0 1450.0 -1.88512
4350.0 1450.0 -1.89392
4450.0 1450.0 -1.91326
4550.0 1450.0 -1.92425
4650.0 1450.0 -1.89745
4750.0 1450.0 -1.80936
4850.0 1450.0 -1.65234
4950.0 1450.0 -1.43797
5050.0 1450.0 -1.19384
5150.0 1450.0 -0.95377
5250.0 1450.0 -0.74150
5350.0 1450.0 -0.54669
5450.0 1450.0 -0.30519
5550.0 1450.0 0.00839
5650.0 1450.0 0.35412
5750.0 1450.0 0.66724
5850.0 1450.0 0.88931
5950.0 1450.0 0.98784
6050.0 1450.0 0.96457
6150.0 1450.0 0.85227
6250.0 1450.0 0.70012
6350.0 1450.0 0.54767
50.0 1550.0 -1.19665
150.0 1550.0 -1.28137
250.0 1550.0 -1.25572
350.0 1550.0 -1.08155
450.0 1550.0 -0.77260
550.0 1550.0 -0.37859
650.0 1550.0 0.03086
750.0 1550.0 0.38261
850.0 1550.0 0.61648
950.0 1550.0 0.70206
1050.0 1550.0 0.65568
1150.0 1550.0 0.55584
1250.0 1550.0 0.50564
1350.0 1550.0 0.55416
1450.0 1550.0 0.70133
1550.0 1550.0 0.91512
1650.0 1550.0 1.14682
1750.0 1550.0 1.34458
1850.0 1550.0 1.46513
1950.0 1550.0 1.48371
2050.0 1550.0 1.40235
2150.0 1550.0 1.25621
2250.0 1550.0 1.08823
2350.0 1550.0 0.88851
2450.0 1550.0 0.67409
2550.0 1550.0 0.48351
2650.0 1550.0 0.35390
2750.0 1550.0 0.30620
2850.0 1550.0 0.33832
2950.0 1550.0 0.42643
3050.0 1550.0 0.53436
3150.0 1550.0 0.63090
3250.0 1550.0 0.71109
3350.0 1550.0 0.74126
3450.0 1550.0 0.65458
3550.0 1550.0 0.41742
3650.0 1550.0 0.03453
3750.0 1550.0 -0.45398
3850.0 1550.0 -0.98139
3950.0 1550.0 -1.46893
4050.0 1550.0 -1.84609
4150.0 1550.0 -2.07670
4250.0 1550.0 -2.19078
4350.0 1550.0 -2.27922
4450.0 1550.0 -2.34809
4550.0 1550.0 -2.35838
4650.0 1550.0 -2.27347
4750.0 1550.0 -2.07657
4850.0 1550.0 -1.77923
4950.0 1550.0 -1.42067
5050.0 1550.0 -1.05816
5150.0 1550.0 -0.74828
5250.0 1550.0 -0.51923
5350.0 1550.0 -0.33629
5450.0 1550.0 -0.13724
5550.0 1550.0 0.08211
5650.0 1550.0 0.29351
5750.0 1550.0 0.46147
5850.0 1550.0 0.56015
5950.0 1550.0 0.58284
6050.0 1550.0 0.54409
6150.0 1550.0 0.47443
6250.0 1550.0 0.40778
6350.0 1550.0 0.36140
50.0 1650.0 -1.37133
150.0 1650.0 -1.33899
250.0 1650.0 -1.24201
350.0 1650.0 -1.05477
450.0 1650.0 -0.78134
550.0 1650.0 -0.44825
650.0 1650.0 -0.09625
750.0 1650.0 0.22913
850.0 1650.0 0.48791
950.0 1650.0 0.65713
1050.0 1650.0 0.74338
1150.0 1650.0 0.79558
1250.0 1650.0 0.88331
1350.0 1650.0 1.02856
1450.0 1650.0 1.21030
1550.0 1650.0 1.38895
1650.0 1650.0 1.52504
1750.0 1650.0 1.59166
1850.0 1650.0 1.58090
1950.0 1650.0 1.50423
2050.0 1650.0 1.38669
2150.0 1650.0 1.25510
2250.0 1650.0 1.10871
2350.0 1650.0 0.91812
2450.0 1650.0 0.70114
2550.0 1650.0 0.50429
2650.0 1650.0 0.37461
2750.0 1650.0 0.34111
2850.0 1650.0 0.40571
2950.0 1650.0 0.54382
3050.0 1650.0 0.71435
3150.0 1650.0 0.87939
3250.0 1650.0 1.02981
3350.0 1650.0 1.13969
3450.0 1650.0 1.13780
3550.0 1650.0 0.96819
3650.0 1650.0 0.61151
3750.0 1650.0 0.09327
3850.0 1650.0 -0.51914
3950.0 1650.0 -1.13073
4050.0 1650.0 -1.64449
4150.0 1650.0 -1.99827
4250.0 1650.0 -2.21292
4350.0 1650.0 -2.39156
4450.0 1650.0 -2.52625
4550.0 1650.0 -2.55913
4650.0 1650.0 -2.44455
4750.0 1650.0 -2.16909
4850.0 1650.0 -1.75971
4950.0 1650.0 -1.28012
5050.0 1650.0 -0.81540
5150.0 1650.0 -0.44474
5250.0 1650.0 -0.20243
5350.0 1650.0 -0.03303
5450.0 1650.0 0.11606
5550.0 1650.0 0.22215
5650.0 1650.0 0.26935
5750.0 1650.0 0.25602
5850.0 1650.0 0.19513
5950.0 1650.0 0.11177
6050.0 1650.0 0.03772
6150.0 1650.0 0.00318
6250.0 1650.0 0.02563
6350.0 1650.0 0.09579
50.0 1750.0 -1.35775
150.0 1750.0 -1.21611
250.0 1750.0 -1.06421
350.0 1750.0 -0.89197
450.0 1750.0 -0.69281
550.0 1750.0 -0.46628
650.0 1750.0 -0.21876
750.0 1750.0 0.03758
850.0 1750.0 0.28773
950.0 1750.0 0.51871
1050.0 1750.0 0.72615
1150.0 1750.0 0.92339
1250.0 1750.0 1.14141
1350.0 1750.0 1.37462
1450.0 1750.0 1.58176
1550.0 1750.0 1.71680
1650.0 1750.0 1.75038
1750.0 1750.0 1.68101
1850.0 1750.0 1.53608
1950.0 1750.0 1.36264
2050.0 1750.0 1.20795
2150.0 1750.0 1.08988
2250.0 1750.0 0.96445
2350.0 1750.0 0.78429
2450.0 1750.0 0.56849
2550.0 1750.0 0.37100
2650.0 1750.0 0.24767
2750.0 1750.0 0.23436
2850.0 1750.0 0.33591
2950.0 1750.0 0.52618
3050.0 1750.0 0.75903
3150.0 1750.0 0.99031
3250.0 1750.0 1.20839
3350.0 1750.0 1.40427
3450.0 1750.0 1.51236
3550.0 1750.0 1.45702
3650.0 1750.0 1.19115
3750.0 1750.0 0.71763
3850.0 1750.0 0.09417
3950.0 1750.0 -0.57844
4050.0 1750.0 -1.18458
4150.0 1750.0 -1.63869
4250.0 1750.0 -1.94663
4350.0 1750.0 -2.21368
4450.0 1750.0 -2.42354
4550.0 1750.0 -2.50414
4650.0 1750.0 -2.40008
4750.0 1750.0 -2.09650
4850.0 1750.0 -1.62860
4950.0 1750.0 -1.07665
5050.0 1750.0 -0.54664
5150.0 1750.0 -0.13639
5250.0 1750.0 0.11262
5350.0 1750.0 0.26881
5450.0 1750.0 0.36966
5550.0 1750.0 0.36600
5650.0 1750.0 0.25368
5750.0 1750.0 0.06365
5850.0 1750.0 -0.15356
5950.0 1750.0 -0.34195
6050.0 1750.0 -0.45278
6150.0 1750.0 -0.45578
6250.0 1750.0 -0.34910
6350.0 1750.0 -0.16771
50.0 1850.0 -1.15344
150.0 1850.0 -0.92547
250.0 1850.0 -0.74332
350.0 1850.0 -0.61357
450.0 1850.0 -0.51940
550.0 1850.0 -0.43294
650.0 1850.0 -0.32522
750.0 1850.0 -0.17347
850.0 1850.0 0.03399
950.0 1850.0 0.29536
1050.0 1850.0 0.59554
1150.0 1850.0 0.91089
1250.0 1850.0 1.23448
1350.0 1850.0 1.53731
1450.0 1850.0 1.76151
1550.0 1850.0 1.85613
1650.0 1850.0 1.80070
1750.0 1850.0 1.61525
1850.0 1850.0 1.35666
1950.0 1850.0 1.10150
2050.0 1850.0 0.91526
2150.0 1850.0 0.80802
2250.0 1850.0 0.69958
2350.0 1850.0 0.52731
2450.0 1850.0 0.31114
2550.0 1850.0 0.11116
2650.0 1850.0 -0.00933
2750.0 1850.0 -0.00858
2850.0 1850.0 0.12096
2950.0 1850.0 0.35218
3050.0 1850.0 0.63498
3150.0 1850.0 0.92003
3250.0 1850.0 1.19385
3350.0 1850.0 1.46988
3450.0 1850.0 1.69724
3550.0 1850.0 1.78584
3650.0 1850.0 1.66115
3750.0 1850.0 1.29873
3850.0 1850.0 0.73783
3950.0 1850.0 0.07411
4050.0 1850.0 -0.56847
4150.0 1850.0 -1.08668
4250.0 1850.0 -1.46784
4350.0 1850.0 -1.80945
4450.0 1850.0 -2.09415
4550.0 1850.0 -2.24246
4650.0 1850.0 -2.18973
4750.0 1850.0 -1.91489
4850.0 1850.0 -1.45269
4950.0 1850.0 -0.88937
5050.0 1850.0 -0.34170
5150.0 1850.0 0.08048
5250.0 1850.0 0.32837
5350.0 1850.0 0.47358
5450.0 1850.0 0.53682
5550.0 1850.0 0.44894
5650.0 1850.0 0.21568
5750.0 1850.0 -0.10628
5850.0 1850.0 -0.43735
5950.0 1850.0 -0.69827
6050.0 1850.0 -0.82823
6150.0 1850.0 -0.79824
6250.0 1850.0 -0.61947
6350.0 1850.0 -0.34674
50.0 1950.0 -0.80403
150.0 1950.0 -0.52243
250.0 1950.0 -0.33694
350.0 1950.0 -0.26962
450.0 1950.0 -0.29513
550.0 1950.0 -0.36150
650.0 1950.0 -0.40799
750.0 1950.0 -0.38007
850.0 1950.0 -0.24137
950.0 1950.0 0.01725
1050.0 1950.0 0.37156
1150.0 1950.0 0.76450
1250.0 1950.0 1.15773
1350.0 1950.0 1.50667
1450.0 1950.0 1.74251
1550.0 1950.0 1.81102
1650.0 1950.0 1.69753
1750.0 1950.0 1.43616
1850.0 1950.0 1.10313
1950.0 1950.0 0.79443
2050.0 1950.0 0.58754
2150.0 1950.0 0.48746
2250.0 1950.0 0.38962
2350.0 1950.0 0.21937
2450.0 1950.0 -0.00370
2550.0 1950.0 -0.21515
2650.0 1950.0 -0.34561
2750.0 1950.0 -0.34780
2850.0 1950.0 -0.21065
2950.0 1950.0 0.03951
3050.0 1950.0 0.35065
3150.0 1950.0 0.66970
3250.0 1950.0 0.98075
3350.0 1950.0 1.32021
3450.0 1950.0 1.65753
3550.0 1950.0 1.89482
3650.0 1950.0 1.93442
3750.0 1950.0 1.72448
3850.0 1950.0 1.28086
3950.0 1950.0 0.68535
4050.0 1950.0 0.06012
4150.0 1950.0 -0.48146
4250.0 1950.0 -0.90778
4350.0 1950.0 -1.30128
4450.0 1950.0 -1.65064
4550.0 1950.0 -1.87633
4650.0 1950.0 -1.90613
4750.0 1950.0 -1.70909
4850.0 1950.0 -1.31153
4950.0 1950.0 -0.79500
5050.0 1950.0 -0.27629
5150.0 1950.0 0.13055
5250.0 1950.0 0.37021
5350.0 1950.0 0.50807
5450.0 1950.0 0.55078
5550.0 1950.0 0.42020
5650.0 1950.0 0.12945
5750.0 1950.0 -0.24989
5850.0 1950.0 -0.62302
5950.0 1950.0 -0.89995
6050.0 1950.0 -1.01635
6150.0 1950.0 -0.94713
6250.0 1950.0 -0.71278
6350.0 1950.0 -0.37848
50.0 2050.0 -0.38232
150.0 2050.0 -0.08070
250.0 2050.0 0.08547
350.0 2050.0 0.08151
450.0 2050.0 -0.06119
550.0 2050.0 -0.27217
650.0 2050.0 -0.46590
750.0 2050.0 -0.56256
850.0 2050.0 -0.50572
950.0 2050.0 -0.27691
1050.0 2050.0 0.09294
1150.0 2050.0 0.52052
1250.0 2050.0 0.94601
1350.0 2050.0 1.31848
1450.0 2050.0 1.56433
1550.0 2050.0 1.62740
1650.0 2050.0 1.49479
1750.0 2050.0 1.20595
1850.0 2050.0 0.84490
1950.0 2050.0 0.51572
2050.0 2050.0 0.30116
2150.0 2050.0 0.20455
2250.0 2050.0 0.11029
2350.0 2050.0 -0.06530
2450.0 2050.0 -0.30463
2550.0 2050.0 -0.54068
2650.0 2050.0 -0.69902
2750.0 2050.0 -0.72662
2850.0 2050.0 -0.60745
2950.0 2050.0 -0.36469
3050.0 2050.0 -0.04982
3150.0 2050.0 0.28167
3250.0 2050.0 0.61001
3350.0 2050.0 0.99059
3450.0 2050.0 1.41458
3550.0 2050.0 1.78269
3650.0 2050.0 1.98079
3750.0 2050.0 1.93354
3850.0 2050.0 1.63300
3950.0 2050.0 1.14222
4050.0 2050.0 0.57395
4150.0 2050.0 0.04427
4250.0 2050.0 -0.39867
4350.0 2050.0 -0.81896
4450.0 2050.0 -1.21667
4550.0 2050.0 -1.51826
4650.0 2050.0 -1.64627
4750.0 2050.0 -1.55808
4850.0 2050.0 -1.26598
4950.0 2050.0 -0.83862
5050.0 2050.0 -0.38387
5150.0 2050.0 -0.01305
5250.0 2050.0 0.21351
5350.0 2050.0 0.34803
5450.0 2050.0 0.38889
5550.0 2050.0 0.26150
5650.0 2050.0 -0.01632
5750.0 2050.0 -0.36989
5850.0 2050.0 -0.70431
5950.0 2050.0 -0.93296
6050.0 2050.0 -0.99758
6150.0 2050.0 -0.88021
6250.0 2050.0 -0.60676
6350.0 2050.0 -0.24237
50.0 2150.0 0.04960
150.0 2150.0 0.34864
250.0 2150.0 0.48277
350.0 2150.0 0.40740
450.0 2150.0 0.15801
550.0 2150.0 -0.18145
650.0 2150.0 -0.50684
750.0 2150.0 -0.71906
850.0 2150.0 -0.74607
950.0 2150.0 -0.56178
1050.0 2150.0 -0.20175
1150.0 2150.0 0.23092
1250.0 2150.0 0.66334
1350.0 2150.0 1.04495
1450.0 2150.0 1.30168
1550.0 2150.0 1.37616
1650.0 2150.0 1.25416
1750.0 2150.0 0.97402
1850.0 2150.0 0.61921
1950.0 2150.0 0.29382
2050.0 2150.0 0.08120
2150.0 2150.0 -0.01438
2250.0 2150.0 -0.10999
2350.0 2150.0 -0.29655
2450.0 2150.0 -0.55977
2550.0 2150.0 -0.83117
2650.0 2150.0 -1.03178
2750.0 2150.0 -1.10241
2850.0 2150.0 -1.02074
2950.0 2150.0 -0.80494
3050.0 2150.0 -0.50410
3150.0 2150.0 -0.17527
3250.0 2150.0 0.15649
3350.0 2150.0 0.56063
3450.0 2150.0 1.04881
3550.0 2150.0 1.52433
3650.0 2150.0 1.86229
3750.0 2150.0 1.96848
3850.0 2150.0 1.81312
3950.0 2150.0 1.43942
4050.0 2150.0 0.94687
4150.0 2150.0 0.44954
4250.0 2150.0 0.00899
4350.0 2150.0 -0.42030
4450.0 2150.0 -0.85245
4550.0 2150.0 -1.22323
4650.0 2150.0 -1.45183
4750.0 2150.0 -1.48369
4850.0 2150.0 -1.31462
4950.0 2150.0 -0.99622
5050.0 2150.0 -0.62252
5150.0 2150.0 -0.29793
5250.0 2150.0 -0.08653
5350.0 2150.0 0.04746
5450.0 2150.0 0.09965
5550.0 2150.0 0.00786
5650.0 2150.0 -0.20710
5750.0 2150.0 -0.47570
5850.0 2150.0 -0.71369
5950.0 2150.0 -0.84774
6050.0 2150.0 -0.83259
6150.0 2150.0 -0.65981
6250.0 2150.0 -0.35810
6350.0 2150.0 0.01478
50.0 2250.0 0.47963
150.0 2250.0 0.76864
250.0 2250.0 0.86764
350.0 2250.0 0.72357
450.0 2250.0 0.37519
550.0 2250.0 -0.08209
650.0 2250.0 -0.52833
750.0 2250.0 -0.84793
850.0 2250.0 -0.95542
950.0 2250.0 -0.81804
1050.0 2250.0 -0.47520
1150.0 2250.0 -0.04689
1250.0 2250.0 0.38353
1350.0 2250.0 0.76742
1450.0 2250.0 1.03164
1550.0 2250.0 1.11837
1650.0 2250.0 1.01177
1750.0 2250.0 0.74781
1850.0 2250.0 0.40727
1950.0 2250.0 0.09204
2050.0 2250.0 -0.11551
2150.0 2250.0 -0.20991
2250.0 2250.0 -0.30711
2350.0 2250.0 -0.50415
2450.0 2250.0 -0.79001
2550.0 2250.0 -1.09528
2650.0 2250.0 -1.33700
2750.0 2250.0 -1.45034
2850.0 2250.0 -1.40694
2950.0 2250.0 -1.21993
3050.0 2250.0 -0.93572
3150.0 2250.0 -0.61256
3250.0 2250.0 -0.28056
3350.0 2250.0 0.14200
3450.0 2250.0 0.68598
3550.0 2250.0 1.25823
3650.0 2250.0 1.72507
3750.0 2250.0 1.97557
3850.0 2250.0 1.95970
3950.0 2250.0 1.70140
4050.0 2250.0 1.28660
4150.0 2250.0 0.82612
4250.0 2250.0 0.39355
4350.0 2250.0 -0.03917
4450.0 2250.0 -0.50091
4550.0 2250.0 -0.93730
4650.0 2250.0 -1.26446
4750.0 2250.0 -1.41579
4850.0 2250.0 -1.37019
4950.0 2250.0 -1.16146
5050.0 2250.0 -0.86896
5150.0 2250.0 -0.58957
5250.0 2250.0 -0.39086
5350.0 2250.0 -0.25413
5450.0 2250.0 -0.18600
5550.0 2250.0 -0.23582
5650.0 2250.0 -0.38125
5750.0 2250.0 -0.55995
5850.0 2250.0 -0.70000
5950.0 2250.0 -0.74207
6050.0 2250.0 -0.65345
6150.0 2250.0 -0.43389
6250.0 2250.0 -0.11315
6350.0 2250.0 0.25956
50.0 2350.0 0.88588
150.0 2350.0 1.15063
250.0 2350.0 1.21147
350.0 2350.0 1.01055
450.0 2350.0 0.58840
550.0 2350.0 0.04671
650.0 2350.0 -0.48581
750.0 2350.0 -0.88437
850.0 2350.0 -1.05594
950.0 2350.0 -0.96399
1050.0 2350.0 -0.65000
1150.0 2350.0 -0.24339
1250.0 2350.0 0.16659
1350.0 2350.0 0.53421
1450.0 2350.0 0.78997
1550.0 2350.0 0.87832
1650.0 2350.0 0.78327
1750.0 2350.0 0.53803
1850.0 2350.0 0.21856
1950.0 2350.0 -0.07879
2050.0 2350.0 -0.27570
2150.0 2350.0 -0.36630
2250.0 2350.0 -0.46220
2350.0 2350.0 -0.66268
2450.0 2350.0 -0.95908
2550.0 2350.0 -1.28215
2650.0 2350.0 -1.54728
2750.0 2350.0 -1.68664
2850.0 2350.0 -1.66814
2950.0 2350.0 -1.50139
3050.0 2350.0 -1.23048
3150.0 2350.0 -0.91373
3250.0 2350.0 -0.58421
3350.0 2350.0 -0.15118
3450.0 2350.0 0.43106
3550.0 2350.0 1.07380
3650.0 2350.0 1.63869
3750.0 2350.0 2.00335
3850.0 2350.0 2.10239
3950.0 2350.0 1.94397
4050.0 2350.0 1.60165
4150.0 2350.0 1.18175
4250.0 2350.0 0.76616
4350.0 2350.0 0.33989
4450.0 2350.0 -0.14154
4550.0 2350.0 -0.63345
4650.0 2350.0 -1.04853
4750.0 2350.0 -1.30797
4850.0 2350.0 -1.37373
4950.0 2350.0 -1.26200
5050.0 2350.0 -1.03783
5150.0 2350.0 -0.79092
5250.0 2350.0 -0.59262
5350.0 2350.0 -0.44122
5450.0 2350.0 -0.34777
5550.0 2350.0 -0.35417
5650.0 2350.0 -0.44139
5750.0 2350.0 -0.55652
5850.0 2350.0 -0.63859
5950.0 2350.0 -0.63740
6050.0 2350.0 -0.52537
6150.0 2350.0 -0.30245
6250.0 2350.0 0.00603
6350.0 2350.0 0.35835
50.0 2450.0 1.20181
150.0 2450.0 1.42360
250.0 2450.0 1.44532
350.0 2450.0 1.21028
450.0 2450.0 0.75831
550.0 2450.0 0.18922
650.0 2450.0 -0.37069
750.0 2450.0 -0.79904
850.0 2450.0 -1.00465
950.0 2450.0 -0.95174
1050.0 2450.0 -0.68109
1150.0 2450.0 -0.31969
1250.0 2450.0 0.04493
1350.0 2450.0 0.37153
1450.0 2450.0 0.59793
1550.0 2450.0 0.67445
1650.0 2450.0 0.58684
1750.0 2450.0 0.36487
1850.0 2450.0 0.07656
1950.0 2450.0 -0.19183
2050.0 2450.0 -0.37024
2150.0 2450.0 -0.45344
2250.0 2450.0 -0.54408
2350.0 2450.0 -0.73833
2450.0 2450.0 -1.02852
2550.0 2450.0 -1.34717
2650.0 2450.0 -1.61118
2750.0 2450.0 -1.75335
2850.0 2450.0 -1.74114
2950.0 2450.0 -1.58274
3050.0 2450.0 -1.32040
3150.0 2450.0 -1.01102
3250.0 2450.0 -0.68776
3350.0 2450.0 -0.25681
3450.0 2450.0 0.33470
3550.0 2450.0 1.00347
3650.0 2450.0 1.61283
3750.0 2450.0 2.03767
3850.0 2450.0 2.20579
3950.0 2450.0 2.11594
4050.0 2450.0 1.83215
4150.0 2450.0 1.45476
4250.0 2450.0 1.06788
4350.0 2450.0 0.66202
4450.0 2450.0 0.17710
4550.0 2450.0 -0.35065
4650.0 2450.0 -0.83039
4750.0 2450.0 -1.17184
4850.0 2450.0 -1.32148
4950.0 2450.0 -1.27971
5050.0 2450.0 -1.09902
5150.0 2450.0 -0.86313
5250.0 2450.0 -0.64720
5350.0 2450.0 -0.46486
5450.0 2450.0 -0.33319
5550.0 2450.0 -0.29375
5650.0 2450.0 -0.33734
5750.0 2450.0 -0.42358
5850.0 2450.0 -0.50080
5950.0 2450.0 -0.52142
6050.0 2450.0 -0.45305
6150.0 2450.0 -0.28511
6250.0 2450.0 -0.03115
6350.0 2450.0 0.27335
50.0 2550.0 1.35980
150.0 2550.0 1.52245
250.0 2550.0 1.50836
350.0 2550.0 1.26848
450.0 2550.0 0.83929
550.0 2550.0 0.30978
650.0 2550.0 -0.20846
750.0 2550.0 -0.60816
850.0 2550.0 -0.81031
950.0 2550.0 -0.78495
1050.0 2550.0 -0.56904
1150.0 2550.0 -0.27414
1250.0 2550.0 0.02269
1350.0 2550.0 0.28639
1450.0 2550.0 0.46545
1550.0 2550.0 0.51926
1650.0 2550.0 0.43683
1750.0 2550.0 0.24368
1850.0 2550.0 -0.00313
1950.0 2550.0 -0.23176
2050.0 2550.0 -0.38419
2150.0 2550.0 -0.45669
2250.0 2550.0 -0.53841
2350.0 2550.0 -0.71747
2450.0 2550.0 -0.98590
2550.0 2550.0 -1.27942
2650.0 2550.0 -1.51937
2750.0 2550.0 -1.64261
2850.0 2550.0 -1.61920
2950.0 2550.0 -1.45790
3050.0 2550.0 -1.19957
3150.0 2550.0 -0.89837
3250.0 2550.0 -0.58491
3350.0 2550.0 -0.16972
3450.0 2550.0 0.39801
3550.0 2550.0 1.04086
3650.0 2550.0 1.63074
3750.0 2550.0 2.04972
3850.0 2550.0 2.22898
3950.0 2550.0 2.16586
4050.0 2550.0 1.91907
4150.0 2550.0 1.58193
4250.0 2550.0 1.23376
4350.0 2550.0 0.86163
4450.0 2550.0 0.39158
4550.0 2550.0 -0.14640
4650.0 2550.0 -0.65813
4750.0 2550.0 -1.04396
4850.0 2550.0 -1.23810
4950.0 2550.0 -1.22887
5050.0 2550.0 -1.05947
5150.0 2550.0 -0.80963
5250.0 2550.0 -0.55790
5350.0 2550.0 -0.32976
5450.0 2550.0 -0.14795
5550.0 2550.0 -0.05985
5650.0 2550.0 -0.07199
5750.0 2550.0 -0.15948
5850.0 2550.0 -0.27855
5950.0 2550.0 -0.37858
6050.0 2550.0 -0.41354
6150.0 2550.0 -0.35278
6250.0 2550.0 -0.19132
6350.0 2550.0 0.04049
50.0 2650.0 1.32450
150.0 2650.0 1.41885
250.0 2650.0 1.37616
350.0 2650.0 1.16057
450.0 2650.0 0.80294
550.0 2650.0 0.37396
650.0 2650.0 -0.03983
750.0 2650.0 -0.35706
850.0 2650.0 -0.51954
950.0 2650.0 -0.50740
1050.0 2650.0 -0.35125
1150.0 2650.0 -0.13618
1250.0 2650.0 0.07899
1350.0 2650.0 0.26674
1450.0 2650.0 0.38840
1550.0 2650.0 0.41430
1650.0 2650.0 0.33745
1750.0 2650.0 0.17834
1850.0 2650.0 -0.01905
1950.0 2650.0 -0.20016
2050.0 2650.0 -0.32149
2150.0 2650.0 -0.38113
2250.0 2650.0 -0.45162
2350.0 2650.0 -0.60962
2450.0 2650.0 -0.84605
2550.0 2650.0 -1.10072
2650.0 2650.0 -1.30137
2750.0 2650.0 -1.39119
2850.0 2650.0 -1.34483
2950.0 2650.0 -1.17301
3050.0 2650.0 -0.91553
3150.0 2650.0 -0.62291
3250.0 2650.0 -0.32163
3350.0 2650.0 0.06638
3450.0 2650.0 0.58118
3550.0 2650.0 1.15112
3650.0 2650.0 1.66236
3750.0 2650.0 2.01289
3850.0 2650.0 2.14661
3950.0 2650.0 2.06737
4050.0 2650.0 1.83306
4150.0 2650.0 1.52973
4250.0 2650.0 1.22574
4350.0 2650.0 0.89653
4450.0 2650.0 0.45742
4550.0 2650.0 -0.06506
4650.0 2650.0 -0.57397
4750.0 2650.0 -0.96323
4850.0 2650.0 -1.15927
4950.0 2650.0 -1.14313
5050.0 2650.0 -0.95288
5150.0 2650.0 -0.66654
5250.0 2650.0 -0.36538
5350.0 2650.0 -0.08198
5450.0 2650.0 0.15773
5550.0 2650.0 0.29701
5650.0 2650.0 0.30993
5750.0 2650.0 0.20397
5850.0 2650.0 0.01557
5950.0 2650.0 -0.19830
6050.0 2650.0 -0.37265
6150.0 2650.0 -0.45091
6250.0 2650.0 -0.40541
6350.0 2650.0 -0.26185
50.0 2750.0 1.10978
150.0 2750.0 1.13574
250.0 2750.0 1.07368
350.0 2750.0 0.90408
450.0 2750.0 0.65094
550.0 2750.0 0.36236
650.0 2750.0 0.09397
750.0 2750.0 -0.10485
850.0 2750.0 -0.20174
950.0 2750.0 -0.18937
1050.0 2750.0 -0.09052
1150.0 2750.0 0.04249
1250.0 2750.0 0.17391
1350.0 2750.0 0.28452
1450.0 2750.0 0.34890
1550.0 2750.0 0.34850
1650.0 2750.0 0.28012
1750.0 2750.0 0.15869
1850.0 2750.0 0.01432
1950.0 2750.0 -0.11644
2050.0 2750.0 -0.20509
2150.0 2750.0 -0.25139
2250.0 2750.0 -0.31016
2350.0 2750.0 -0.44574
2450.0 2750.0 -0.64765
2550.0 2750.0 -0.86001
2650.0 2750.0 -1.01742
2750.0 2750.0 -1.06996
2850.0 2750.0 -0.99745
2950.0 2750.0 -0.81290
3050.0 2750.0 -0.55524
3150.0 2750.0 -0.27114
3250.0 2750.0 0.01732
3350.0 2750.0 0.37176
3450.0 2750.0 0.81560
3550.0 2750.0 1.28218
3650.0 2750.0 1.67502
3750.0 2750.0 1.91347
3850.0 2750.0 1.96040
3950.0 2750.0 1.83184
4050.0 2750.0 1.58868
4150.0 2750.0 1.31029
4250.0 2750.0 1.05019
4350.0 2750.0 0.76681
4450.0 2750.0 0.36844
4550.0 2750.0 -0.11914
4650.0 2750.0 -0.59699
4750.0 2750.0 -0.95576
4850.0 2750.0 -1.11856
4950.0 2750.0 -1.06391
5050.0 2750.0 -0.82872
5150.0 2750.0 -0.49139
5250.0 2750.0 -0.13496
5350.0 2750.0 0.20555
5450.0 2750.0 0.50492
5550.0 2750.0 0.69700
5650.0 2750.0 0.73584
5750.0 2750.0 0.61098
5850.0 2750.0 0.35133
5950.0 2750.0 0.02035
6050.0 2750.0 -0.29747
6150.0 2750.0 -0.51885
6250.0 2750.0 -0.59277
6350.0 2750.0 -0.54012
50.0 2850.0 0.77916
150.0 2850.0 0.74564
250.0 2850.0 0.67289
350.0 2850.0 0.55762
450.0 2850.0 0.41705
550.0 2850.0 0.27686
650.0 2850.0 0.16191
750.0 2850.0 0.08976
850.0 2850.0 0.06702
950.0 2850.0 0.08852
1050.0 2850.0 0.13921
1150.0 2850.0 0.19947
1250.0 2850.0 0.25729
1350.0 2850.0 0.30159
1450.0 2850.0 0.31888
1550.0 2850.0 0.30008
1650.0 2850.0 0.24470
1750.0 2850.0 0.16199
1850.0 2850.0 0.06899
1950.0 2850.0 -0.01423
2050.0 2850.0 -0.07260
2150.0 2850.0 -0.10684
2250.0 2850.0 -0.15539
2350.0 2850.0 -0.27198
2450.0 2850.0 -0.44518
2550.0 2850.0 -0.62285
2650.0 2850.0 -0.74534
2750.0 2850.0 -0.76834
2850.0 2850.0 -0.67577
2950.0 2850.0 -0.48229
3050.0 2850.0 -0.22580
3150.0 2850.0 0.05033
3250.0 2850.0 0.32720
3350.0 2850.0 0.64843
3450.0 2850.0 1.01923
3550.0 2850.0 1.37681
3650.0 2850.0 1.64173
3750.0 2850.0 1.75531
3850.0 2850.0 1.70085
3950.0 2850.0 1.50858
4050.0 2850.0 1.24434
4150.0 2850.0 0.98206
4250.0 2850.0 0.75997
4350.0 2850.0 0.51827
4450.0 2850.0 0.16156
4550.0 2850.0 -0.28335
4650.0 2850.0 -0.71625
4750.0 2850.0 -1.02696
4850.0 2850.0 -1.13855
4950.0 2850.0 -1.03035
5050.0 2850.0 -0.74078
5150.0 2850.0 -0.34989
5250.0 2850.0 0.05829
5350.0 2850.0 0.44974
5450.0 2850.0 0.80413
5550.0 2850.0 1.04926
5650.0 2850.0 1.12182
5750.0 2850.0 0.99440
5850.0 2850.0 0.68733
5950.0 2850.0 0.26764
6050.0 2850.0 -0.16499
6150.0 2850.0 -0.50507
6250.0 2850.0 -0.68116
6350.0 2850.0 -0.70857
50.0 2950.0 0.42985
150.0 2950.0 0.35271
250.0 2950.0 0.27497
350.0 2950.0 0.20627
450.0 2950.0 0.15846
550.0 2950.0 0.13945
650.0 2950.0 0.14972
750.0 2950.0 0.18160
850.0 2950.0 0.22128
950.0 2950.0 0.25364
1050.0 2950.0 0.26978
1150.0 2950.0 0.27606
1250.0 2950.0 0.28032
1350.0 2950.0 0.27868
1450.0 2950.0 0.26668
1550.0 2950.0 0.24175
1650.0 2950.0 0.20442
1750.0 2950.0 0.15847
1850.0 2950.0 0.11020
1950.0 2950.0 0.06661
2050.0 2950.0 0.03270
2150.0 2950.0 0.00772
2250.0 2950.0 -0.03371
2350.0 2950.0 -0.13881
2450.0 2950.0 -0.29616
2550.0 2950.0 -0.45617
2650.0 2950.0 -0.56246
2750.0 2950.0 -0.57359
2850.0 2950.0 -0.47505
2950.0 2950.0 -0.28158
3050.0 2950.0 -0.02972
3150.0 2950.0 0.23929
3250.0 2950.0 0.50743
3350.0 2950.0 0.80271
3450.0 2950.0 1.11548
3550.0 2950.0 1.38563
3650.0 2950.0 1.54699
3750.0 2950.0 1.55833
3850.0 2950.0 1.41948
3950.0 2950.0 1.17244
4050.0 2950.0 0.88763
4150.0 2950.0 0.63510
4250.0 2950.0 0.44089
4350.0 2950.0 0.23056
4450.0 2950.0 -0.09302
4550.0 2950.0 -0.50164
4650.0 2950.0 -0.89434
4750.0 2950.0 -1.16112
4850.0 2950.0 -1.22614
4950.0 2950.0 -1.07057
5050.0 2950.0 -0.73491
5150.0 2950.0 -0.30096
5250.0 2950.0 0.14674
5350.0 2950.0 0.57630
5450.0 2950.0 0.97571
5550.0 2950.0 1.27267
5650.0 2950.0 1.39178
5750.0 2950.0 1.29103
5850.0 2950.0 0.98064
5950.0 2950.0 0.52572
6050.0 2950.0 0.03304
6150.0 2950.0 -0.37839
6250.0 2950.0 -0.62261
6350.0 2950.0 -0.70822
50.0 3050.0 0.16038
150.0 3050.0 0.05840
250.0 3050.0 -0.02279
350.0 3050.0 -0.06645
450.0 3050.0 -0.06368
550.0 3050.0 -0.01640
650.0 3050.0 0.06240
750.0 3050.0 0.15106
850.0 3050.0 0.22453
950.0 3050.0 0.26217
1050.0 3050.0 0.25847
1150.0 3050.0 0.23428
1250.0 3050.0 0.20990
1350.0 3050.0 0.18715
1450.0 3050.0 0.16689
1550.0 3050.0 0.14944
1650.0 3050.0 0.13445
1750.0 3050.0 0.12092
1850.0 3050.0 0.10744
1950.0 3050.0 0.09254
2050.0 3050.0 0.07527
2150.0 3050.0 0.05597
2250.0 3050.0 0.01769
2350.0 3050.0 -0.08555
2450.0 3050.0 -0.24374
2550.0 3050.0 -0.40822
2650.0 3050.0 -0.52275
2750.0 3050.0 -0.54509
2850.0 3050.0 -0.45911
2950.0 3050.0 -0.27749
3050.0 3050.0 -0.03496
3150.0 3050.0 0.22790
3250.0 3050.0 0.49107
3350.0 3050.0 0.77263
3450.0 3050.0 1.05542
3550.0 3050.0 1.28099
3650.0 3050.0 1.39023
3750.0 3050.0 1.35093
3850.0 3050.0 1.17125
3950.0 3050.0 0.89891
4050.0 3050.0 0.60623
4150.0 3050.0 0.36095
4250.0 3050.0 0.18282
4350.0 3050.0 -0.00999
4450.0 3050.0 -0.31615
4550.0 3050.0 -0.70706
4650.0 3050.0 -1.08122
4750.0 3050.0 -1.32822
4850.0 3050.0 -1.37216
4950.0 3050.0 -1.19447
5050.0 3050.0 -0.83623
5150.0 3050.0 -0.37991
5250.0 3050.0 0.08951
5350.0 3050.0 0.54094
5450.0 3050.0 0.97250
5550.0 3050.0 1.31896
5650.0 3050.0 1.49933
5750.0 3050.0 1.46012
5850.0 3050.0 1.19969
5950.0 3050.0 0.77478
6050.0 3050.0 0.28923
6150.0 3050.0 -0.13510
6250.0 3050.0 -0.40519
6350.0 3050.0 -0.52157
50.0 3150.0 0.02165
150.0 3150.0 -0.08899
250.0 3150.0 -0.17553
350.0 3150.0 -0.22015
450.0 3150.0 -0.21443
550.0 3150.0 -0.16181
650.0 3150.0 -0.07739
750.0 3150.0 0.01506
850.0 3150.0 0.08873
950.0 3150.0 0.12218
1050.0 3150.0 0.11044
1150.0 3150.0 0.07674
1250.0 3150.0 0.04585
1350.0 3150.0 0.02371
1450.0 3150.0 0.01320
1550.0 3150.0 0.01437
1650.0 3150.0 0.02442
1750.0 3150.0 0.03832
1850.0 3150.0 0.04984
1950.0 3150.0 0.05323
2050.0 3150.0 0.04536
2150.0 3150.0 0.02849
2250.0 3150.0 -0.01020
2350.0 3150.0 -0.12035
2450.0 3150.0 -0.29455
2550.0 3150.0 -0.48371
2650.0 3150.0 -0.62885
2750.0 3150.0 -0.68356
2850.0 3150.0 -0.62715
2950.0 3150.0 -0.46831
3050.0 3150.0 -0.23952
3150.0 3150.0 0.01802
3250.0 3150.0 0.27967
3350.0 3150.0 0.56022
3450.0 3150.0 0.84335
3550.0 3150.0 1.07170
3650.0 3150.0 1.18678
3750.0 3150.0 1.15628
3850.0 3150.0 0.98749
3950.0 3150.0 0.72665
4050.0 3150.0 0.44441
4150.0 3150.0 0.20730
4250.0 3150.0 0.03519
4350.0 3150.0 -0.15298
4450.0 3150.0 -0.45860
4550.0 3150.0 -0.85449
4650.0 3150.0 -1.23850
4750.0 3150.0 -1.49823
4850.0 3150.0 -1.55514
4950.0 3150.0 -1.38797
5050.0 3150.0 -1.03570
5150.0 3150.0 -0.57981
5250.0 3150.0 -0.10596
5350.0 3150.0 0.35275
5450.0 3150.0 0.80480
5550.0 3150.0 1.19818
5650.0 3150.0 1.45215
5750.0 3150.0 1.50456
5850.0 3150.0 1.34055
5950.0 3150.0 1.00280
6050.0 3150.0 0.58349
6150.0 3150.0 0.19786
6250.0 3150.0 -0.06061
6350.0 3150.0 -0.18328
50.0 3250.0 -0.03541
150.0 3250.0 -0.14781
250.0 3250.0 -0.24213
350.0 3250.0 -0.30254
450.0 3250.0 -0.31972
550.0 3250.0 -0.29435
650.0 3250.0 -0.23771
750.0 3250.0 -0.16968
850.0 3250.0 -0.11392
950.0 3250.0 -0.09037
1050.0 3250.0 -0.10500
1150.0 3250.0 -0.13840
1250.0 3250.0 -0.16558
1350.0 3250.0 -0.17734
1450.0 3250.0 -0.17029
1550.0 3250.0 -0.14599
1650.0 3250.0 -0.11023
1750.0 3250.0 -0.07164
1850.0 3250.0 -0.03981
1950.0 3250.0 -0.02282
2050.0 3250.0 -0.02428
2150.0 3250.0 -0.03971
2250.0 3250.0 -0.07991
2350.0 3250.0 -0.20034
2450.0 3250.0 -0.39689
2550.0 3250.0 -0.61952
2650.0 3250.0 -0.80535
2750.0 3250.0 -0.90237
2850.0 3250.0 -0.88390
2950.0 3250.0 -0.75363
3050.0 3250.0 -0.54137
3150.0 3250.0 -0.28948
3250.0 3250.0 -0.02834
3350.0 3250.0 0.25685
3450.0 3250.0 0.55494
3550.0 3250.0 0.80962
3650.0 3250.0 0.96001
3750.0 3250.0 0.96922
3850.0 3250.0 0.83893
3950.0 3250.0 0.61003
4050.0 3250.0 0.34934
4150.0 3250.0 0.12244
4250.0 3250.0 -0.04750
4350.0 3250.0 -0.23647
4450.0 3250.0 -0.54921
4550.0 3250.0 -0.96111
4650.0 3250.0 -1.36950
4750.0 3250.0 -1.65919
4850.0 3250.0 -1.74755
4950.0 3250.0 -1.60888
5050.0 3250.0 -1.27835
5150.0 3250.0 -0.83533
5250.0 3250.0 -0.36618
5350.0 3250.0 0.09233
5450.0 3250.0 0.55872
5550.0 3250.0 0.99709
5650.0 3250.0 1.32971
5750.0 3250.0 1.48724
5850.0 3250.0 1.44100
5950.0 3250.0 1.21699
6050.0 3250.0 0.89159
6150.0 3250.0 0.56889
6250.0 3250.0 0.33967
6350.0 3250.0 0.22216
50.0 3350.0 0.00615
150.0 3350.0 -0.10883
250.0 3350.0 -0.22094
350.0 3350.0 -0.31830
450.0 3350.0 -0.38822
550.0 3350.0 -0.42355
650.0 3350.0 -0.42599
750.0 3350.0 -0.40638
850.0 3350.0 -0.38190
950.0 3350.0 -0.37027
1050.0 3350.0 -0.38082
1150.0 3350.0 -0.40353
1250.0 3350.0 -0.41817
1350.0 3350.0 -0.41433
1450.0 3350.0 -0.38864
1550.0 3350.0 -0.34369
1650.0 3350.0 -0.28681
1750.0 3350.0 -0.22823
1850.0 3350.0 -0.17886
1950.0 3350.0 -0.14751
2050.0 3350.0 -0.13769
2150.0 3350.0 -0.14382
2250.0 3350.0 -0.17660
2350.0 3350.0 -0.29729
2450.0 3350.0 -0.50681
2550.0 3350.0 -0.75694
2650.0 3350.0 -0.98309
2750.0 3350.0 -1.12843
2850.0 3350.0 -1.15925
2950.0 3350.0 -1.07171
3050.0 3350.0 -0.88989
3150.0 3350.0 -0.65512
3250.0 3350.0 -0.40423
3350.0 3350.0 -0.12379
3450.0 3350.0 0.18190
3550.0 3350.0 0.45993
3650.0 3350.0 0.64884
3750.0 3350.0 0.70744
3850.0 3350.0 0.63037
3950.0 3350.0 0.45030
4050.0 3350.0 0.22677
4150.0 3350.0 0.02164
4250.0 3350.0 -0.13869
4350.0 3350.0 -0.32075
4450.0 3350.0 -0.62865
4550.0 3350.0 -1.04162
4650.0 3350.0 -1.46051
4750.0 3350.0 -1.77169
4850.0 3350.0 -1.89129
4950.0 3350.0 -1.78970
5050.0 3350.0 -1.49645
5150.0 3350.0 -1.08538
5250.0 3350.0 -0.64014
5350.0 3350.0 -0.20015
5450.0 3350.0 0.26294
5550.0 3350.0 0.73236
5650.0 3350.0 1.13770
5750.0 3350.0 1.40543
5850.0 3350.0 1.49353
5950.0 3350.0 1.40876
6050.0 3350.0 1.20655
6150.0 3350.0 0.97360
6250.0 3350.0 0.79312
6350.0 3350.0 0.69270
50.0 3450.0 0.20808
150.0 3450.0 0.08902
250.0 3450.0 -0.05740
350.0 3450.0 -0.22617
450.0 3450.0 -0.39650
550.0 3450.0 -0.54482
650.0 3450.0 -0.65370
750.0 3450.0 -0.71690
850.0 3450.0 -0.74031
950.0 3450.0 -0.73890
1050.0 3450.0 -0.72973
1150.0 3450.0 -0.72102
1250.0 3450.0 -0.70630
1350.0 3450.0 -0.67853
1450.0 3450.0 -0.63548
1550.0 3450.0 -0.57917
1650.0 3450.0 -0.51487
1750.0 3450.0 -0.44977
1850.0 3450.0 -0.39146
1950.0 3450.0 -0.34593
2050.0 3450.0 -0.31548
2150.0 3450.0 -0.29611
2250.0 3450.0 -0.30262
2350.0 3450.0 -0.40093
2450.0 3450.0 -0.60006
2550.0 3450.0 -0.85951
2650.0 3450.0 -1.11828
2750.0 3450.0 -1.31720
2850.0 3450.0 -1.41446
2950.0 3450.0 -1.39431
3050.0 3450.0 -1.26911
3150.0 3450.0 -1.07442
3250.0 3450.0 -0.85405
3350.0 3450.0 -0.59928
3450.0 3450.0 -0.30566
3550.0 3450.0 -0.01782
3650.0 3450.0 0.20652
3750.0 3450.0 0.32385
3850.0 3450.0 0.32038
3950.0 3450.0 0.21605
4050.0 3450.0 0.05678
4150.0 3450.0 -0.10476
4250.0 3450.0 -0.24010
4350.0 3450.0 -0.39871
4450.0 3450.0 -0.67535
4550.0 3450.0 -1.05530
4650.0 3450.0 -1.45146
4750.0 3450.0 -1.76115
4850.0 3450.0 -1.90586
4950.0 3450.0 -1.85390
5050.0 3450.0 -1.62600
5150.0 3450.0 -1.28371
5250.0 3450.0 -0.90084
5350.0 3450.0 -0.51673
5450.0 3450.0 -0.09535
5550.0 3450.0 0.36920
5650.0 3450.0 0.82190
5750.0 3450.0 1.19245
5850.0 3450.0 1.42868
5950.0 3450.0 1.51561
6050.0 3450.0 1.47997
6150.0 3450.0 1.38035
6250.0 3450.0 1.28289
6350.0 3450.0 1.22246
50.0 3550.0 0.52727
150.0 3550.0 0.40372
250.0 3550.0 0.21112
350.0 3550.0 -0.05382
450.0 3550.0 -0.35776
550.0 3550.0 -0.65359
650.0 3550.0 -0.89753
750.0 3550.0 -1.06074
850.0 3550.0 -1.13517
950.0 3550.0 -1.13381
1050.0 3550.0 -1.08541
1150.0 3550.0 -1.02278
1250.0 3550.0 -0.96139
1350.0 3550.0 -0.90329
1450.0 3550.0 -0.84879
1550.0 3550.0 -0.79712
1650.0 3550.0 -0.74682
1750.0 3550.0 -0.69611
1850.0 3550.0 -0.64330
1950.0 3550.0 -0.58719
2050.0 3550.0 -0.52749
2150.0 3550.0 -0.46529
2250.0 3550.0 -0.42461
2350.0 3550.0 -0.47340
2450.0 3550.0 -0.63141
2550.0 3550.0 -0.87247
2650.0 3550.0 -1.14586
2750.0 3550.0 -1.39416
2850.0 3550.0 -1.56764
2950.0 3550.0 -1.63507
3050.0 3550.0 -1.59113
3150.0 3550.0 -1.46026
3250.0 3550.0 -1.29240
3350.0 3550.0 -1.08769
3450.0 3550.0 -0.83237
3550.0 3550.0 -0.55792
3650.0 3550.0 -0.31269
3750.0 3550.0 -0.13896
3850.0 3550.0 -0.05869
3950.0 3550.0 -0.06795
4050.0 3550.0 -0.14006
4150.0 3550.0 -0.23732
4250.0 3550.0 -0.33149
4350.0 3550.0 -0.44841
4450.0 3550.0 -0.66354
4550.0 3550.0 -0.97013
4650.0 3550.0 -1.30248
4750.0 3550.0 -1.57962
4850.0 3550.0 -1.73645
4950.0 3550.0 -1.74210
5050.0 3550.0 -1.60575
5150.0 3550.0 -1.36976
5250.0 3550.0 -1.09018
5350.0 3550.0 -0.80259
5450.0 3550.0 -0.46837
5550.0 3550.0 -0.05910
5650.0 3550.0 0.39363
5750.0 3550.0 0.83257
5850.0 3550.0 1.20237
5950.0 3550.0 1.46779
6050.0 3550.0 1.62237
6150.0 3550.0 1.68769
6250.0 3550.0 1.70316
6350.0 3550.0 1.70634
50.0 3650.0 0.86751
150.0 3650.0 0.74060
250.0 3650.0 0.50011
350.0 3650.0 0.13537
450.0 3650.0 -0.30511
550.0 3650.0 -0.74791
650.0 3650.0 -1.12108
750.0 3650.0 -1.37286
850.0 3650.0 -1.48242
950.0 3650.0 -1.46299
1050.0 3650.0 -1.35709
1150.0 3650.0 -1.22310
1250.0 3650.0 -1.10277
1350.0 3650.0 -1.01267
1450.0 3650.0 -0.95684
1550.0 3650.0 -0.92950
1650.0 3650.0 -0.91789
1750.0 3650.0 -0.90547
1850.0 3650.0 -0.87567
1950.0 3650.0 -0.81589
2050.0 3650.0 -0.72215
2150.0 3650.0 -0.60400
2250.0 3650.0 -0.49937
2350.0 3650.0 -0.47447
2450.0 3650.0 -0.56089
2550.0 3650.0 -0.75226
2650.0 3650.0 -1.01448
2750.0 3650.0 -1.29670
2850.0 3650.0 -1.54311
2950.0 3650.0 -1.70567
3050.0 3650.0 -1.75752
3150.0 3650.0 -1.70737
3250.0 3650.0 -1.60912
3350.0 3650.0 -1.47539
3450.0 3650.0 -1.28474
3550.0 3650.0 -1.05205
3650.0 3650.0 -0.81100
3750.0 3650.0 -0.59802
3850.0 3650.0 -0.44089
3950.0 3650.0 -0.35219
4050.0 3650.0 -0.32745
4150.0 3650.0 -0.34808
4250.0 3650.0 -0.38914
4350.0 3650.0 -0.44992
4450.0 3650.0 -0.57817
4550.0 3650.0 -0.77597
4650.0 3650.0 -1.00646
4750.0 3650.0 -1.21951
4850.0 3650.0 -1.37062
4950.0 3650.0 -1.43308
5050.0 3650.0 -1.40336
5150.0 3650.0 -1.29973
5250.0 3650.0 -1.15415
5350.0 3650.0 -0.99472
5450.0 3650.0 -0.78747
5550.0 3650.0 -0.48660
5650.0 3650.0 -0.09492
5750.0 3650.0 0.35325
5850.0 3650.0 0.80904
5950.0 3650.0 1.22321
6050.0 3650.0 1.55749
6150.0 3650.0 1.79295
6250.0 3650.0 1.93561
6350.0 3650.0 2.01915
50.0 3750.0 1.12548
150.0 3750.0 0.99767
250.0 3750.0 0.71836
350.0 3750.0 0.27262
450.0 3750.0 -0.27572
550.0 3750.0 -0.82927
650.0 3750.0 -1.29209
750.0 3750.0 -1.59452
850.0 3750.0 -1.70779
950.0 3750.0 -1.64842
1050.0 3750.0 -1.47249
1150.0 3750.0 -1.25906
1250.0 3750.0 -1.07563
1350.0 3750.0 -0.95707
1450.0 3750.0 -0.91189
1550.0 3750.0 -0.92757
1650.0 3750.0 -0.97667
1750.0 3750.0 -1.02376
1850.0 3750.0 -1.03333
1950.0 3750.0 -0.97857
2050.0 3750.0 -0.85105
2150.0 3750.0 -0.67131
2250.0 3750.0 -0.49420
2350.0 3750.0 -0.38034
2450.0 3750.0 -0.37235
2550.0 3750.0 -0.48665
2650.0 3750.0 -0.71021
2750.0 3750.0 -1.00311
2850.0 3750.0 -1.30665
2950.0 3750.0 -1.55716
3050.0 3750.0 -1.70544
3150.0 3750.0 -1.74191
3250.0 3750.0 -1.72118
3350.0 3750.0 -1.67075
3450.0 3750.0 -1.56492
3550.0 3750.0 -1.40078
3650.0 3750.0 -1.19363
3750.0 3750.0 -0.96954
3850.0 3750.0 -0.75816
3950.0 3750.0 -0.58609
4050.0 3750.0 -0.47060
4150.0 3750.0 -0.41375
4250.0 3750.0 -0.39700
4350.0 3750.0 -0.39454
4450.0 3750.0 -0.42165
4550.0 3750.0 -0.48884
4650.0 3750.0 -0.59177
4750.0 3750.0 -0.71627
4850.0 3750.0 -0.84317
4950.0 3750.0 -0.95291
5050.0 3750.0 -1.02989
5150.0 3750.0 -1.06669
5250.0 3750.0 -1.06795
5350.0 3750.0 -1.05146
5450.0 3750.0 -0.99564
5550.0 3750.0 -0.84619
5650.0 3750.0 -0.57587
5750.0 3750.0 -0.18857
5850.0 3750.0 0.28342
5950.0 3750.0 0.78655
6050.0 3750.0 1.25769
6150.0 3750.0 1.64028
6250.0 3750.0 1.90494
6350.0 3750.0 2.07452
50.0 3850.0 1.22307
150.0 3850.0 1.09744
250.0 3850.0 0.79641
350.0 3850.0 0.30518
450.0 3850.0 -0.29937
550.0 3850.0 -0.90254
650.0 3850.0 -1.39325
750.0 3850.0 -1.69289
850.0 3850.0 -1.77170
950.0 3850.0 -1.65269
1050.0 3850.0 -1.40301
1150.0 3850.0 -1.11328
1250.0 3850.0 -0.87155
1350.0 3850.0 -0.73217
1450.0 3850.0 -0.70824
1550.0 3850.0 -0.77973
1650.0 3850.0 -0.90318
1750.0 3850.0 -1.02274
1850.0 3850.0 -1.08264
1950.0 3850.0 -1.04097
2050.0 3850.0 -0.88476
2150.0 3850.0 -0.64649
2250.0 3850.0 -0.39868
2350.0 3850.0 -0.19317
2450.0 3850.0 -0.08142
2550.0 3850.0 -0.10227
2650.0 3850.0 -0.26529
2750.0 3850.0 -0.54430
2850.0 3850.0 -0.88120
2950.0 3850.0 -1.20015
3050.0 3850.0 -1.43194
3150.0 3850.0 -1.54866
3250.0 3850.0 -1.60244
3350.0 3850.0 -1.63606
3450.0 3850.0 -1.62383
3550.0 3850.0 -1.54643
3650.0 3850.0 -1.39956
3750.0 3850.0 -1.19567
3850.0 3850.0 -0.96185
3950.0 3850.0 -0.73406
4050.0 3850.0 -0.54760
4150.0 3850.0 -0.42374
4250.0 3850.0 -0.35274
4350.0 3850.0 -0.28889
4450.0 3850.0 -0.21513
4550.0 3850.0 -0.14883
4650.0 3850.0 -0.11720
4750.0 3850.0 -0.14203
4850.0 3850.0 -0.23051
4950.0 3850.0 -0.37206
5050.0 3850.0 -0.54130
5150.0 3850.0 -0.70703
5250.0 3850.0 -0.84732
5350.0 3850.0 -0.96836
5450.0 3850.0 -1.06710
5550.0 3850.0 -1.09095
5650.0 3850.0 -0.98563
5750.0 3850.0 -0.72131
5850.0 3850.0 -0.30590
5950.0 3850.0 0.21309
6050.0 3850.0 0.75833
6150.0 3850.0 1.24388
6250.0 3850.0 1.60791
6350.0 3850.0 1.85700
50.0 3950.0 1.12588
150.0 3950.0 1.00529
250.0 3950.0 0.70300
350.0 3950.0 0.20881
450.0 3950.0 -0.39144
550.0 3950.0 -0.97496
650.0 3950.0 -1.42661
750.0 3950.0 -1.66919
850.0 3950.0 -1.67926
950.0 3950.0 -1.48865
1050.0 3950.0 -1.17154
1150.0 3950.0 -0.81915
1250.0 3950.0 -0.53167
1350.0 3950.0 -0.38112
1450.0 3950.0 -0.38468
1550.0 3950.0 -0.51517
1650.0 3950.0 -0.71424
1750.0 3950.0 -0.90723
1850.0 3950.0 -1.01984
1950.0 3950.0 -0.99644
2050.0 3950.0 -0.82009
2150.0 3950.0 -0.53438
2250.0 3950.0 -0.22754
2350.0 3950.0 0.05869
2450.0 3950.0 0.26729
2550.0 3950.0 0.34043
2650.0 3950.0 0.24796
2750.0 3950.0 0.00191
2850.0 3950.0 -0.34320
2950.0 3950.0 -0.70402
3050.0 3950.0 -0.99620
3150.0 3950.0 -1.17617
3250.0 3950.0 -1.29113
3350.0 3950.0 -1.39761
3450.0 3950.0 -1.47373
3550.0 3950.0 -1.48740
3650.0 3950.0 -1.41637
3750.0 3950.0 -1.25842
3850.0 3950.0 -1.03439
3950.0 3950.0 -0.78404
4050.0 3950.0 -0.55474
4150.0 3950.0 -0.38295
4250.0 3950.0 -0.26861
4350.0 3950.0 -0.15387
4450.0 3950.0 0.00583
4550.0 3950.0 0.18846
4650.0 3950.0 0.34065
4750.0 3950.0 0.40989
4850.0 3950.0 0.36573
4950.0 3950.0 0.20952
5050.0 3950.0 -0.02681
5150.0 3950.0 -0.29336
5250.0 3950.0 -0.54605
5350.0 3950.0 -0.78016
5450.0 3950.0 -1.01403
5550.0 3950.0 -1.20542
5650.0 3950.0 -1.27952
5750.0 3950.0 -1.17474
5850.0 3950.0 -0.87131
5950.0 3950.0 -0.40249
6050.0 3950.0 0.15147
6150.0 3950.0 0.68665
6250.0 3950.0 1.11607
6350.0 3950.0 1.42759
50.0 4050.0 0.84808
150.0 4050.0 0.73440
250.0 4050.0 0.44956
350.0 4050.0 -0.00863
450.0 4050.0 -0.55035
550.0 4050.0 -1.05414
650.0 4050.0 -1.41143
750.0 4050.0 -1.55561
850.0 4050.0 -1.47530
950.0 4050.0 -1.21209
1050.0 4050.0 -0.84253
1150.0 4050.0 -0.44841
1250.0 4050.0 -0.13250
1350.0 4050.0 0.01992
1450.0 4050.0 -0.01130
1550.0 4050.0 -0.19334
1650.0 4050.0 -0.45632
1750.0 4050.0 -0.71117
1850.0 4050.0 -0.86947
1950.0 4050.0 -0.86524
2050.0 4050.0 -0.67871
2150.0 4050.0 -0.36201
2250.0 4050.0 -0.01506
2350.0 4050.0 0.32985
2450.0 4050.0 0.61346
2550.0 4050.0 0.76482
2650.0 4050.0 0.73825
2750.0 4050.0 0.53372
2850.0 4050.0 0.20063
2950.0 4050.0 -0.17500
3050.0 4050.0 -0.49989
3150.0 4050.0 -0.71953
3250.0 4050.0 -0.87521
3350.0 4050.0 -1.03390
3450.0 4050.0 -1.18012
3550.0 4050.0 -1.27391
3650.0 4050.0 -1.27926
3750.0 4050.0 -1.18077
3850.0 4050.0 -0.99105
3950.0 4050.0 -0.74853
4050.0 4050.0 -0.50593
4150.0 4050.0 -0.30923
4250.0 4050.0 -0.16726
4350.0 4050.0 -0.01825
4450.0 4050.0 0.20118
4550.0 4050.0 0.46680
4650.0 4050.0 0.70759
4750.0 4050.0 0.84969
4850.0 4050.0 0.84569
4950.0 4050.0 0.68936
5050.0 4050.0 0.41570
5150.0 4050.0 0.08635
5250.0 4050.0 -0.23959
5350.0 4050.0 -0.54904
5450.0 4050.0 -0.88045
5550.0 4050.0 -1.20679
5650.0 4050.0 -1.44115
5750.0 4050.0 -1.49707
5850.0 4050.0 -1.32918
5950.0 4050.0 -0.95263
6050.0 4050.0 -0.44146
6150.0 4050.0 0.09419
6250.0 4050.0 0.55198
6350.0 4050.0 0.90235
50.0 4150.0 0.44342
150.0 4150.0 0.33729
250.0 4150.0 0.08278
350.0 4150.0 -0.31251
450.0 4150.0 -0.75939
550.0 4150.0 -1.14516
650.0 4150.0 -1.37563
750.0 4150.0 -1.40083
850.0 4150.0 -1.22451
950.0 4150.0 -0.89746
1050.0 4150.0 -0.49456
1150.0 4150.0 -0.08121
1250.0 4150.0 0.24565
1350.0 4150.0 0.39310
1450.0 4150.0 0.33937
1550.0 4150.0 0.12079
1650.0 4150.0 -0.18577
1750.0 4150.0 -0.48262
1850.0 4150.0 -0.67302
1950.0 4150.0 -0.68496
2050.0 4150.0 -0.49711
2150.0 4150.0 -0.16680
2250.0 4150.0 0.19943
2350.0 4150.0 0.57629
2450.0 4150.0 0.90505
2550.0 4150.0 1.10826
2650.0 4150.0 1.13121
2750.0 4150.0 0.96566
2850.0 4150.0 0.65586
2950.0 4150.0 0.28672
3050.0 4150.0 -0.04559
3150.0 4150.0 -0.28095
3250.0 4150.0 -0.45533
3350.0 4150.0 -0.64214
3450.0 4150.0 -0.83302
3550.0 4150.0 -0.98518
3650.0 4150.0 -1.05423
3750.0 4150.0 -1.01497
3850.0 4150.0 -0.87171
3950.0 4150.0 -0.65802
4050.0 4150.0 -0.42612
4150.0 4150.0 -0.22570
4250.0 4150.0 -0.07238
4350.0 4150.0 0.09269
4450.0 4150.0 0.34187
4550.0 4150.0 0.65068
4650.0 4150.0 0.93981
4750.0 4150.0 1.12472
4850.0 4150.0 1.14897
4950.0 4150.0 1.00145
5050.0 4150.0 0.71738
5150.0 4150.0 0.36318
5250.0 4150.0 0.00505
5350.0 4150.0 -0.33909
5450.0 4150.0 -0.72320
5550.0 4150.0 -1.13600
5650.0 4150.0 -1.48660
5750.0 4150.0 -1.67321
5850.0 4150.0 -1.63125
5950.0 4150.0 -1.35855
6050.0 4150.0 -0.91777
6150.0 4150.0 -0.41589
6250.0 4150.0 0.03912
6350.0 4150.0 0.40451
50.0 4250.0 -0.01735
150.0 4250.0 -0.11618
250.0 4250.0 -0.33483
350.0 4250.0 -0.65570
450.0 4250.0 -0.99298
550.0 4250.0 -1.24674
650.0 4250.0 -1.34081
750.0 4250.0 -1.24425
850.0 4250.0 -0.97659
950.0 4250.0 -0.59668
1050.0 4250.0 -0.17530
1150.0 4250.0 0.24148
1250.0 4250.0 0.56757
1350.0 4250.0 0.70680
1450.0 4250.0 0.63677
1550.0 4250.0 0.39562
1650.0 4250.0 0.06355
1750.0 4250.0 -0.25775
1850.0 4250.0 -0.46773
1950.0 4250.0 -0.49176
2050.0 4250.0 -0.30795
2150.0 4250.0 0.02393
2250.0 4250.0 0.39453
2350.0 4250.0 0.78314
2450.0 4250.0 1.13299
2550.0 4250.0 1.36491
2650.0 4250.0 1.42030
2750.0 4250.0 1.28622
2850.0 4250.0 1.00249
2950.0 4250.0 0.65098
3050.0 4250.0 0.32682
3150.0 4250.0 0.09184
3250.0 4250.0 -0.08579
3350.0 4250.0 -0.28283
3450.0 4250.0 -0.49771
3550.0 4250.0 -0.68805
3650.0 4250.0 -0.80541
3750.0 4250.0 -0.81800
3850.0 4250.0 -0.72278
3950.0 4250.0 -0.54697
4050.0 4250.0 -0.33881
4150.0 4250.0 -0.14782
4250.0 4250.0 0.00571
4350.0 4250.0 0.17394
4450.0 4250.0 0.43091
4550.0 4250.0 0.75303
4650.0 4250.0 1.05935
4750.0 4250.0 1.26248
4850.0 4250.0 1.30294
4950.0 4250.0 1.16719
5050.0 4250.0 0.88915
5150.0 4250.0 0.53530
5250.0 4250.0 0.17334
5350.0 4250.0 -0.17692
5450.0 4250.0 -0.58013
5550.0 4250.0 -1.03871
5650.0 4250.0 -1.46318
5750.0 4250.0 -1.74416
5850.0 4250.0 -1.80430
5950.0 4250.0 -1.62709
6050.0 4250.0 -1.26247
6150.0 4250.0 -0.80931
6250.0 4250.0 -0.37473
6350.0 4250.0 -0.01032
50.0 4350.0 -0.45936
150.0 4350.0 -0.54996
250.0 4350.0 -0.73111
350.0 4350.0 -0.97624
450.0 4350.0 -1.20451
550.0 4350.0 -1.33008
650.0 4350.0 -1.29523
750.0 4350.0 -1.08749
850.0 4350.0 -0.74072
950.0 4350.0 -0.32008
1050.0 4350.0 0.10899
1150.0 4350.0 0.51945
1250.0 4350.0 0.83695
1350.0 4350.0 0.96448
1450.0 4350.0 0.88017
1550.0 4350.0 0.62372
1650.0 4350.0 0.27715
1750.0 4350.0 -0.05630
1850.0 4350.0 -0.27517
1950.0 4350.0 -0.30471
2050.0 4350.0 -0.12370
2150.0 4350.0 0.20682
2250.0 4350.0 0.57783
2350.0 4350.0 0.97369
2450.0 4350.0 1.34029
2550.0 4350.0 1.59789
2650.0 4350.0 1.68495
2750.0 4350.0 1.58414
2850.0 4350.0 1.33057
2950.0 4350.0 1.00200
3050.0 4350.0 0.69132
3150.0 4350.0 0.46113
3250.0 4350.0 0.28400
3350.0 4350.0 0.08035
3450.0 4350.0 -0.15573
3550.0 4350.0 -0.38353
3650.0 4350.0 -0.55144
3750.0 4350.0 -0.62128
3850.0 4350.0 -0.58207
3950.0 4350.0 -0.45328
4050.0 4350.0 -0.27752
4150.0 4350.0 -0.10274
4250.0 4350.0 0.04618
4350.0 4350.0 0.21305
4450.0 4350.0 0.47324
4550.0 4350.0 0.80537
4650.0 4350.0 1.12856
4750.0 4350.0 1.35369
4850.0 4350.0 1.41833
4950.0 4350.0 1.30544
5050.0 4350.0 1.04564
5150.0 4350.0 0.70333
5250.0 4350.0 0.34635
5350.0 4350.0 -0.00263
5450.0 4350.0 -0.41592
5550.0 4350.0 -0.90915
5650.0 4350.0 -1.39627
5750.0 4350.0 -1.76313
5850.0 4350.0 -1.92189
5950.0 4350.0 -1.84253
6050.0 4350.0 -1.56148
6150.0 4350.0 -1.16740
6250.0 4350.0 -0.76406
6350.0 4350.0 -0.41037
50.0 4450.0 -0.77406
150.0 4450.0 -0.85158
250.0 4450.0 -0.99116
350.0 4450.0 -1.16170
450.0 4450.0 -1.29230
550.0 4450.0 -1.31408
650.0 4450.0 -1.18736
750.0 4450.0 -0.91419
850.0 4450.0 -0.53630
950.0 4450.0 -0.11843
1050.0 4450.0 0.28298
1150.0 4450.0 0.65672
1250.0 4450.0 0.93991
1350.0 4450.0 1.04127
1450.0 4450.0 0.94386
1550.0 4450.0 0.68958
1650.0 4450.0 0.35902
1750.0 4450.0 0.05038
1850.0 4450.0 -0.14250
1950.0 4450.0 -0.15295
2050.0 4450.0 0.03483
2150.0 4450.0 0.36124
2250.0 4450.0 0.72780
2350.0 4450.0 1.12814
2450.0 4450.0 1.51261
2550.0 4450.0 1.80184
2650.0 4450.0 1.93120
2750.0 4450.0 1.87769
2850.0 4450.0 1.66941
2950.0 4450.0 1.37742
3050.0 4450.0 1.09018
3150.0 4450.0 0.87041
3250.0 4450.0 0.69708
3350.0 4450.0 0.48814
3450.0 4450.0 0.22703
3550.0 4450.0 -0.04955
3650.0 4450.0 -0.28752
3750.0 4450.0 -0.44100
3850.0 4450.0 -0.48800
3950.0 4450.0 -0.43605
4050.0 4450.0 -0.31796
4150.0 4450.0 -0.17747
4250.0 4450.0 -0.04509
4350.0 4450.0 0.11106
4450.0 4450.0 0.37176
4550.0 4450.0 0.72249
4650.0 4450.0 1.08432
4750.0 4450.0 1.36511
4850.0 4450.0 1.49528
4950.0 4450.0 1.44798
5050.0 4450.0 1.24367
5150.0 4450.0 0.93925
5250.0 4450.0 0.60150
5350.0 4450.0 0.26203
5450.0 4450.0 -0.15022
5550.0 4450.0 -0.66333
5650.0 4450.0 -1.19944
5750.0 4450.0 -1.64568
5850.0 4450.0 -1.90813
5950.0 4450.0 -1.94450
6050.0 4450.0 -1.77537
6150.0 4450.0 -1.47414
6250.0 4450.0 -1.13554
6350.0 4450.0 -0.82282
50.0 4550.0 -0.89202
150.0 4550.0 -0.94995
250.0 4550.0 -1.04323
350.0 4550.0 -1.14262
450.0 4550.0 -1.19389
550.0 4550.0 -1.14884
650.0 4550.0 -0.98474
750.0 4550.0 -0.71224
850.0 4550.0 -0.37166
950.0 4550.0 -0.01783
1050.0 4550.0 0.30675
1150.0 4550.0 0.60176
1250.0 4550.0 0.81464
1350.0 4550.0 0.86850
1450.0 4550.0 0.75723
1550.0 4550.0 0.52612
1650.0 4550.0 0.25027
1750.0 4550.0 0.01418
1850.0 4550.0 -0.10726
1950.0 4550.0 -0.06646
2050.0 4550.0 0.14051
2150.0 4550.0 0.45889
2250.0 4550.0 0.81383
2350.0 4550.0 1.21240
2450.0 4550.0 1.61114
2550.0 4550.0 1.93264
2650.0 4550.0 2.10987
2750.0 4550.0 2.11359
2850.0 4550.0 1.96314
2950.0 4550.0 1.72036
3050.0 4550.0 1.46679
3150.0 4550.0 1.26409
3250.0 4550.0 1.09923
3350.0 4550.0 0.88947
3450.0 4550.0 0.60588
3550.0 4550.0 0.27833
3650.0 4550.0 -0.03880
3750.0 4550.0 -0.29254
3850.0 4550.0 -0.44845
3950.0 4550.0 -0.49896
4050.0 4550.0 -0.46305
4150.0 4550.0 -0.37710
4250.0 4550.0 -0.27696
4350.0 4550.0 -0.14522
4450.0 4550.0 0.10784
4550.0 4550.0 0.47967
4650.0 4550.0 0.89627
4750.0 4550.0 1.26238
4850.0 4550.0 1.49777
4950.0 4550.0 1.55955
5050.0 4550.0 1.45057
5150.0 4550.0 1.21380
5250.0 4550.0 0.91281
5350.0 4550.0 0.59422
5450.0 4550.0 0.20116
5550.0 4550.0 -0.30309
5650.0 4550.0 -0.85484
5750.0 4550.0 -1.35215
5850.0 4550.0 -1.70370
5950.0 4550.0 -1.85970
6050.0 4550.0 -1.82454
6150.0 4550.0 -1.65135
6250.0 4550.0 -1.41843
6350.0 4550.0 -1.18752
50.0 4650.0 -0.80206
150.0 4650.0 -0.83468
250.0 4650.0 -0.87850
350.0 4650.0 -0.91234
450.0 4650.0 -0.90467
550.0 4650.0 -0.83093
650.0 4650.0 -0.68378
750.0 4650.0 -0.47639
850.0 4650.0 -0.23870
950.0 4650.0 -0.00665
1050.0 4650.0 0.19555
1150.0 4650.0 0.37330
1250.0 4650.0 0.48224
1350.0 4650.0 0.46723
1450.0 4650.0 0.33830
1550.0 4650.0 0.14552
1650.0 4650.0 -0.04471
1750.0 4650.0 -0.16884
1850.0 4650.0 -0.18073
1950.0 4650.0 -0.06154
2050.0 4650.0 0.17494
2150.0 4650.0 0.48154
2250.0 4650.0 0.81769
2350.0 4650.0 1.20557
2450.0 4650.0 1.60851
2550.0 4650.0 1.95289
2650.0 4650.0 2.17107
2750.0 4650.0 2.22876
2850.0 4650.0 2.13666
2950.0 4650.0 1.94648
3050.0 4650.0 1.73132
3150.0 4650.0 1.55034
3250.0 4650.0 1.39834
3350.0 4650.0 1.19534
3450.0 4650.0 0.90193
3550.0 4650.0 0.53913
3650.0 4650.0 0.15790
3750.0 4650.0 -0.18528
3850.0 4650.0 -0.44588
3950.0 4650.0 -0.60181
4050.0 4650.0 -0.65697
4150.0 4650.0 -0.63789
4250.0 4650.0 -0.58337
4350.0 4650.0 -0.48961
4450.0 4650.0 -0.25743
4550.0 4650.0 0.12548
4650.0 4650.0 0.59334
4750.0 4650.0 1.04981
4850.0 4650.0 1.40390
4950.0 4650.0 1.59422
5050.0 4650.0 1.60180
5150.0 4650.0 1.45122
5250.0 4650.0 1.20023
5350.0 4650.0 0.91301
5450.0 4650.0 0.55940
5550.0 4650.0 0.10139
5650.0 4650.0 -0.41634
5750.0 4650.0 -0.91336
5850.0 4650.0 -1.31226
5950.0 4650.0 -1.56413
6050.0 4650.0 -1.66060
6150.0 4650.0 -1.63264
6250.0 4650.0 -1.53596
6350.0 4650.0 -1.42309
50.0 4750.0 -0.54539
150.0 4750.0 -0.54932
250.0 4750.0 -0.54313
350.0 4750.0 -0.51799
450.0 4750.0 -0.46880
550.0 4750.0 -0.39598
650.0 4750.0 -0.30584
750.0 4750.0 -0.20949
850.0 4750.0 -0.12005
950.0 4750.0 -0.04861
1050.0 4750.0 0.00156
1150.0 4750.0 0.03739
1250.0 4750.0 0.02020
1350.0 4750.0 -0.07957
1450.0 4750.0 -0.23243
1550.0 4750.0 -0.38226
1650.0 4750.0 -0.47274
1750.0 4750.0 -0.46514
1850.0 4750.0 -0.34753
1950.0 4750.0 -0.13550
2050.0 4750.0 0.13577
2150.0 4750.0 0.42800
2250.0 4750.0 0.74005
2350.0 4750.0 1.10756
2450.0 4750.0 1.49996
2550.0 4750.0 1.84890
2650.0 4750.0 2.08881
2750.0 4750.0 2.18312
2850.0 4750.0 2.13614
2950.0 4750.0 1.99066
3050.0 4750.0 1.81123
3150.0 4750.0 1.65312
3250.0 4750.0 1.51697
3350.0 4750.0 1.32987
3450.0 4750.0 1.04742
3550.0 4750.0 0.68123
3650.0 4750.0 0.27443
3750.0 4750.0 -0.11913
3850.0 4750.0 -0.45089
3950.0 4750.0 -0.68883
4050.0 4750.0 -0.82394
4150.0 4750.0 -0.87196
4250.0 4750.0 -0.87032
4350.0 4750.0 -0.82450
4450.0 4750.0 -0.62875
4550.0 4750.0 -0.25636
4650.0 4750.0 0.23793
4750.0 4750.0 0.76070
4850.0 4750.0 1.21386
4950.0 4750.0 1.51995
5050.0 4750.0 1.63880
5150.0 4750.0 1.57548
5250.0 4750.0 1.37948
5350.0 4750.0 1.13038
5450.0 4750.0 0.83363
5550.0 4750.0 0.45929
5650.0 4750.0 0.03085
5750.0 4750.0 -0.40177
5850.0 4750.0 -0.78637
5950.0 4750.0 -1.08520
6050.0 4750.0 -1.28403
6150.0 4750.0 -1.39369
6250.0 4750.0 -1.44415
6350.0 4750.0 -1.47096
50.0 4850.0 -0.20362
150.0 4850.0 -0.17863
250.0 4850.0 -0.12452
350.0 4850.0 -0.04632
450.0 4850.0 0.03420
550.0 4850.0 0.09217
650.0 4850.0 0.10906
750.0 4850.0 0.07798
850.0 4850.0 0.00476
950.0 4850.0 -0.09513
1050.0 4850.0 -0.20379
1150.0 4850.0 -0.31484
1250.0 4850.0 -0.46376
1350.0 4850.0 -0.65488
1450.0 4850.0 -0.83875
1550.0 4850.0 -0.95243
1650.0 4850.0 -0.94892
1750.0 4850.0 -0.81383
1850.0 4850.0 -0.56945
1950.0 4850.0 -0.26612
2050.0 4850.0 0.03904
2150.0 4850.0 0.31608
2250.0 4850.0 0.60183
2350.0 4850.0 0.94101
2450.0 4850.0 1.30720
2550.0 4850.0 1.63828
2650.0 4850.0 1.87349
2750.0 4850.0 1.97768
2850.0 4850.0 1.95249
2950.0 4850.0 1.83474
3050.0 4850.0 1.68179
3150.0 4850.0 1.54405
3250.0 4850.0 1.42456
3350.0 4850.0 1.26176
3450.0 4850.0 1.01381
3550.0 4850.0 0.68391
3650.0 4850.0 0.30331
3750.0 4850.0 -0.08379
3850.0 4850.0 -0.43296
3950.0 4850.0 -0.70964
4050.0 4850.0 -0.89687
4150.0 4850.0 -1.00034
4250.0 4850.0 -1.05110
4350.0 4850.0 -1.05715
4450.0 4850.0 -0.91179
4550.0 4850.0 -0.57739
4650.0 4850.0 -0.09607
4750.0 4850.0 0.44653
4850.0 4850.0 0.95175
4950.0 4850.0 1.33263
5050.0 4850.0 1.53298
5150.0 4850.0 1.54069
5250.0 4850.0 1.39535
5350.0 4850.0 1.18581
5450.0 4850.0 0.95625
5550.0 4850.0 0.69376
5650.0 4850.0 0.40154
5750.0 4850.0 0.09393
5850.0 4850.0 -0.21067
5950.0 4850.0 -0.49526
6050.0 4850.0 -0.74820
6150.0 4850.0 -0.96562
6250.0 4850.0 -1.15227
6350.0 4850.0 -1.32077
50.0 4950.0 0.11914
150.0 4950.0 0.17012
250.0 4950.0 0.26800
350.0 4950.0 0.39567
450.0 4950.0 0.50729
550.0 4950.0 0.55579
650.0 4950.0 0.51125
750.0 4950.0 0.36995
850.0 4950.0 0.15422
950.0 4950.0 -0.09702
1050.0 4950.0 -0.34689
1150.0 4950.0 -0.58902
1250.0 4950.0 -0.85730
1350.0 4950.0 -1.13536
1450.0 4950.0 -1.35619
1550.0 4950.0 -1.44990
1650.0 4950.0 -1.37615
1750.0 4950.0 -1.14035
1850.0 4950.0 -0.79350
1950.0 4950.0 -0.41573
2050.0 4950.0 -0.08350
2150.0 4950.0 0.17950
2250.0 4950.0 0.44046
2350.0 4950.0 0.74723
2450.0 4950.0 1.07502
2550.0 4950.0 1.36795
2650.0 4950.0 1.57224
2750.0 4950.0 1.65770
2850.0 4950.0 1.62750
2950.0 4950.0 1.51630
3050.0 4950.0 1.37668
3150.0 4950.0 1.25384
3250.0 4950.0 1.14951
3350.0 4950.0 1.01632
3450.0 4950.0 0.82262
3550.0 4950.0 0.56537
3650.0 4950.0 0.26147
3750.0 4950.0 -0.06056
3850.0 4950.0 -0.36832
3950.0 4950.0 -0.63291
4050.0 4950.0 -0.83565
4150.0 4950.0 -0.97446
4250.0 4950.0 -1.06964
4350.0 4950.0 -1.12444
4450.0 4950.0 -1.03798
4550.0 4950.0 -0.76724
4650.0 4950.0 -0.34176
4750.0 4950.0 0.16504
4850.0 4950.0 0.66135
4950.0 4950.0 1.05959
5050.0 4950.0 1.29571
5150.0 4950.0 1.34568
5250.0 4950.0 1.23871
5350.0 4950.0 1.06452
5450.0 4950.0 0.90259
5550.0 4950.0 0.76321
5650.0 4950.0 0.63295
5750.0 4950.0 0.49065
5850.0 4950.0 0.31754
5950.0 4950.0 0.10358
6050.0 4950.0 -0.14992
6150.0 4950.0 -0.43157
6250.0 4950.0 -0.72491
6350.0 4950.0 -1.01724
50.0 5050.0 0.32030
150.0 5050.0 0.39187
250.0 5050.0 0.52837
350.0 5050.0 0.70530
450.0 5050.0 0.85814
550.0 5050.0 0.92111
650.0 5050.0 0.85274
750.0 5050.0 0.64859
850.0 5050.0 0.34076
950.0 5050.0 -0.01553
1050.0 5050.0 -0.36847
1150.0 5050.0 -0.70868
1250.0 5050.0 -1.06874
1350.0 5050.0 -1.41912
1450.0 5050.0 -1.68008
1550.0 5050.0 -1.77529
1650.0 5050.0 -1.66722
1750.0 5050.0 -1.37352
1850.0 5050.0 -0.96427
1950.0 5050.0 -0.54020
2050.0 5050.0 -0.19193
2150.0 5050.0 0.05992
2250.0 5050.0 0.30100
2350.0 5050.0 0.57640
2450.0 5050.0 0.86047
2550.0 5050.0 1.10273
2650.0 5050.0 1.25725
2750.0 5050.0 1.30124
2850.0 5050.0 1.24289
2950.0 5050.0 1.11846
3050.0 5050.0 0.97853
3150.0 5050.0 0.86361
3250.0 5050.0 0.77092
3350.0 5050.0 0.66802
3450.0 5050.0 0.53899
3550.0 5050.0 0.37746
3650.0 5050.0 0.18568
3750.0 5050.0 -0.02677
3850.0 5050.0 -0.24512
3950.0 5050.0 -0.45272
4050.0 5050.0 -0.63526
4150.0 5050.0 -0.78599
4250.0 5050.0 -0.91201
4350.0 5050.0 -1.00603
4450.0 5050.0 -0.97903
4550.0 5050.0 -0.78875
4650.0 5050.0 -0.45387
4750.0 5050.0 -0.03292
4850.0 5050.0 0.39566
4950.0 5050.0 0.75240
5050.0 5050.0 0.97455
5150.0 5050.0 1.03283
5250.0 5050.0 0.94703
5350.0 5050.0 0.79929
5450.0 5050.0 0.69512
5550.0 5050.0 0.66949
5650.0 5050.0 0.69796
5750.0 5050.0 0.72933
5850.0 5050.0 0.71044
5950.0 5050.0 0.60315
6050.0 5050.0 0.39360
6150.0 5050.0 0.09357
6250.0 5050.0 -0.26583
6350.0 5050.0 -0.64839
50.0 5150.0 0.32877
150.0 5150.0 0.41440
250.0 5150.0 0.58464
350.0 5150.0 0.81391
450.0 5150.0 1.02581
550.0 5150.0 1.13954
650.0 5150.0 1.10118
750.0 5150.0 0.89968
850.0 5150.0 0.56774
950.0 5150.0 0.16739
1050.0 5150.0 -0.23957
1150.0 5150.0 -0.63587
1250.0 5150.0 -1.05182
1350.0 5150.0 -1.45347
1450.0 5150.0 -1.75425
1550.0 5150.0 -1.87252
1650.0 5150.0 -1.76945
1750.0 5150.0 -1.46617
1850.0 5150.0 -1.04043
1950.0 5150.0 -0.60254
2050.0 5150.0 -0.25079
2150.0 5150.0 -0.00620
2250.0 5150.0 0.22209
2350.0 5150.0 0.47191
2450.0 5150.0 0.71490
2550.0 5150.0 0.90443
2650.0 5150.0 1.00191
2750.0 5150.0 0.99275
2850.0 5150.0 0.89216
2950.0 5150.0 0.74071
3050.0 5150.0 0.58959
3150.0 5150.0 0.47573
3250.0 5150.0 0.39005
3350.0 5150.0 0.31347
3450.0 5150.0 0.24801
3550.0 5150.0 0.18690
3650.0 5150.0 0.11967
3750.0 5150.0 0.03713
3850.0 5150.0 -0.06558
3950.0 5150.0 -0.18772
4050.0 5150.0 -0.32361
4150.0 5150.0 -0.46514
4250.0 5150.0 -0.60617
4350.0 5150.0 -0.72587
4450.0 5150.0 -0.75101
4550.0 5150.0 -0.64543
4650.0 5150.0 -0.41989
4750.0 5150.0 -0.11756
4850.0 5150.0 0.20038
4950.0 5150.0 0.46926
5050.0 5150.0 0.63547
5150.0 5150.0 0.67110
5250.0 5150.0 0.58854
5350.0 5150.0 0.45589
5450.0 5150.0 0.39186
5550.0 5150.0 0.45282
5650.0 5150.0 0.60939
5750.0 5150.0 0.78976
5850.0 5150.0 0.91455
5950.0 5150.0 0.92172
6050.0 5150.0 0.78133
6150.0 5150.0 0.50023
6250.0 5150.0 0.11667
6350.0 5150.0 -0.31513
50.0 5250.0 0.14100
150.0 5250.0 0.23496
250.0 5250.0 0.43545
350.0 5250.0 0.72181
450.0 5250.0 1.01174
550.0 5250.0 1.21250
650.0 5250.0 1.25630
750.0 5250.0 1.11977
850.0 5250.0 0.82744
950.0 5250.0 0.43944
1050.0 5250.0 0.02321
1150.0 5250.0 -0.39122
1250.0 5250.0 -0.83014
1350.0 5250.0 -1.26256
1450.0 5250.0 -1.60037
1550.0 5250.0 -1.75794
1650.0 5250.0 -1.69175
1750.0 5250.0 -1.41909
1850.0 5250.0 -1.01554
1950.0 5250.0 -0.59131
2050.0 5250.0 -0.24658
2150.0 5250.0 -0.00560
2250.0 5250.0 0.21676
2350.0 5250.0 0.44881
2450.0 5250.0 0.65851
2550.0 5250.0 0.80145
2650.0 5250.0 0.84493
2750.0 5250.0 0.78196
2850.0 5250.0 0.63518
2950.0 5250.0 0.45080
3050.0 5250.0 0.28237
3150.0 5250.0 0.16453
3250.0 5250.0 0.08155
3350.0 5250.0 0.02492
3450.0 5250.0 0.01380
3550.0 5250.0 0.04317
3650.0 5250.0 0.09299
3750.0 5250.0 0.13785
3850.0 5250.0 0.15447
3950.0 5250.0 0.12715
4050.0 5250.0 0.05093
4150.0 5250.0 -0.06729
4250.0 5250.0 -0.20984
4350.0 5250.0 -0.34216
4450.0 5250.0 -0.40820
4550.0 5250.0 -0.38131
4650.0 5250.0 -0.26737
4750.0 5250.0 -0.09558
4850.0 5250.0 0.09125
4950.0 5250.0 0.24670
5050.0 5250.0 0.33125
5150.0 5250.0 0.32321
5250.0 5250.0 0.22996
5350.0 5250.0 0.10208
5450.0 5250.0 0.05936
5550.0 5250.0 0.17354
5650.0 5250.0 0.41526
5750.0 5250.0 0.70197
5850.0 5250.0 0.93820
5950.0 5250.0 1.04497
6050.0 5250.0 0.97851
6150.0 5250.0 0.73800
6250.0 5250.0 0.36259
6350.0 5250.0 -0.08237
50.0 5350.0 -0.14645
150.0 5350.0 -0.04677
250.0 5350.0 0.18279
350.0 5350.0 0.52943
450.0 5350.0 0.90765
550.0 5350.0 1.21404
650.0 5350.0 1.36608
750.0 5350.0 1.32508
850.0 5350.0 1.10319
950.0 5350.0 0.75444
1050.0 5350.0 0.34992
1150.0 5350.0 -0.06498
1250.0 5350.0 -0.51143
1350.0 5350.0 -0.96466
1450.0 5350.0 -1.33749
1550.0 5350.0 -1.54084
1650.0 5350.0 -1.52517
1750.0 5350.0 -1.30063
1850.0 5350.0 -0.93621
1950.0 5350.0 -0.53768
2050.0 5350.0 -0.20444
2150.0 5350.0 0.03479
2250.0 5350.0 0.25474
2350.0 5350.0 0.47371
2450.0 5350.0 0.65582
2550.0 5350.0 0.75795
2650.0 5350.0 0.75224
2750.0 5350.0 0.63851
2850.0 5350.0 0.44658
2950.0 5350.0 0.22854
3050.0 5350.0 0.04094
3150.0 5350.0 -0.08306
3250.0 5350.0 -0.16562
3350.0 5350.0 -0.20658
3450.0 5350.0 -0.17105
3550.0 5350.0 -0.06148
3650.0 5350.0 0.09448
3750.0 5350.0 0.25737
3850.0 5350.0 0.38720
3950.0 5350.0 0.45259
4050.0 5350.0 0.43775
4150.0 5350.0 0.34734
4250.0 5350.0 0.20907
4350.0 5350.0 0.07031
4450.0 5350.0 -0.03005
4550.0 5350.0 -0.07592
4650.0 5350.0 -0.06990
4750.0 5350.0 -0.02835
4850.0 5350.0 0.02394
4950.0 5350.0 0.05955
5050.0 5350.0 0.05463
5150.0 5350.0 -0.00447
5250.0 5350.0 -0.11410
5350.0 5350.0 -0.24202
5450.0 5350.0 -0.27303
5550.0 5350.0 -0.12379
5650.0 5350.0 0.17851
5750.0 5350.0 0.54564
5850.0 5350.0 0.87150
5950.0 5350.0 1.06443
6050.0 5350.0 1.06872
6150.0 5350.0 0.87526
6250.0 5350.0 0.52137
6350.0 5350.0 0.07975
50.0 5450.0 -0.48722
150.0 5450.0 -0.38343
250.0 5450.0 -0.12400
350.0 5450.0 0.28800
450.0 5450.0 0.76485
550.0 5450.0 1.19219
650.0 5450.0 1.47125
750.0 5450.0 1.54561
850.0 5450.0 1.41218
950.0 5450.0 1.11660
1050.0 5450.0 0.73303
1150.0 5450.0 0.32452
1250.0 5450.0 -0.12360
1350.0 5450.0 -0.59393
1450.0 5450.0 -1.00076
1550.0 5450.0 -1.25152
1650.0 5450.0 -1.28985
1750.0 5450.0 -1.11756
1850.0 5450.0 -0.79565
1950.0 5450.0 -0.42416
2050.0 5450.0 -0.10111
2150.0 5450.0 0.13975
2250.0 5450.0 0.36179
2350.0 5450.0 0.57477
2450.0 5450.0 0.73882
2550.0 5450.0 0.81046
2650.0 5450.0 0.76464
2750.0 5450.0 0.60627
2850.0 5450.0 0.37151
2950.0 5450.0 0.11849
3050.0 5450.0 -0.09221
3150.0 5450.0 -0.22757
3250.0 5450.0 -0.31534
3350.0 5450.0 -0.35041
3450.0 5450.0 -0.28619
3550.0 5450.0 -0.12256
3650.0 5450.0 0.10784
3750.0 5450.0 0.35553
3850.0 5450.0 0.56811
3950.0 5450.0 0.70214
4050.0 5450.0 0.73308
4150.0 5450.0 0.66317
4250.0 5450.0 0.52734
4350.0 5450.0 0.38172
4450.0 5450.0 0.24834
4550.0 5450.0 0.13331
4650.0 5450.0 0.03701
4750.0 5450.0 -0.04499
4850.0 5450.0 -0.12054
4950.0 5450.0 -0.19920
5050.0 5450.0 -0.29000
5150.0 5450.0 -0.39885
5250.0 5450.0 -0.52557
5350.0 5450.0 -0.65516
5450.0 5450.0 -0.67750
5550.0 5450.0 -0.49826
5650.0 5450.0 -0.14144
5750.0 5450.0 0.30077
5850.0 5450.0 0.71325
5950.0 5450.0 0.99258
6050.0 5450.0 1.07117
6150.0 5450.0 0.93082
6250.0 5450.0 0.60569
6350.0 5450.0 0.17479
50.0 5550.0 -0.88029
150.0 5550.0 -0.77657
250.0 5550.0 -0.49065
350.0 5550.0 -0.01356
450.0 5550.0 0.56713
550.0 5550.0 1.12731
650.0 5550.0 1.55151
750.0 5550.0 1.76334
850.0 5550.0 1.74111
950.0 5550.0 1.51868
1050.0 5550.0 1.17156
1150.0 5550.0 0.78237
1250.0 5550.0 0.34422
1350.0 5550.0 -0.13436
1450.0 5550.0 -0.57009
1550.0 5550.0 -0.86690
1650.0 5550.0 -0.96071
1750.0 5550.0 -0.84339
1850.0 5550.0 -0.56592
1950.0 5550.0 -0.22080
2050.0 5550.0 0.09635
2150.0 5550.0 0.34601
2250.0 5550.0 0.57948
2350.0 5550.0 0.80173
2450.0 5550.0 0.96873
2550.0 5550.0 1.03315
2650.0 5550.0 0.96824
2750.0 5550.0 0.78024
2850.0 5550.0 0.50951
2950.0 5550.0 0.22028
3050.0 5550.0 -0.02092
3150.0 5550.0 -0.17821
3250.0 5550.0 -0.28294
3350.0 5550.0 -0.33203
3450.0 5550.0 -0.27500
3550.0 5550.0 -0.10930
3650.0 5550.0 0.13263
3750.0 5550.0 0.39923
3850.0 5550.0 0.63412
3950.0 5550.0 0.78889
4050.0 5550.0 0.83427
4150.0 5550.0 0.76984
4250.0 5550.0 0.63215
4350.0 5550.0 0.47867
4450.0 5550.0 0.31718
4550.0 5550.0 0.14598
4650.0 5550.0 -0.03238
4750.0 5550.0 -0.21314
4850.0 5550.0 -0.39107
4950.0 5550.0 -0.56180
5050.0 5550.0 -0.72277
5150.0 5550.0 -0.87377
5250.0 5550.0 -1.01718
5350.0 5550.0 -1.15151
5450.0 5550.0 -1.17185
5550.0 5550.0 -0.97520
5650.0 5550.0 -0.58059
5750.0 5550.0 -0.08037
5850.0 5550.0 0.40527
5950.0 5550.0 0.76405
6050.0 5550.0 0.91757
6150.0 5550.0 0.83774
6250.0 5550.0 0.55331
6350.0 5550.0 0.14688
50.0 5650.0 -1.24877
150.0 5650.0 -1.15132
250.0 5650.0 -0.85086
350.0 5650.0 -0.32608
450.0 5650.0 0.33905
550.0 5650.0 1.01505
650.0 5650.0 1.57336
750.0 5650.0 1.91957
850.0 5650.0 2.01326
950.0 5650.0 1.87454
1050.0 5650.0 1.57736
1150.0 5650.0 1.22159
1250.0 5650.0 0.80723
1350.0 5650.0 0.33309
1450.0 5650.0 -0.12080
1550.0 5650.0 -0.45540
1650.0 5650.0 -0.59883
1750.0 5650.0 -0.53227
1850.0 5650.0 -0.29553
1950.0 5650.0 0.02780
2050.0 5650.0 0.34547
2150.0 5650.0 0.61206
2250.0 5650.0 0.86740
2350.0 5650.0 1.11663
2450.0 5650.0 1.31168
2550.0 5650.0 1.39749
2650.0 5650.0 1.34030
2750.0 5650.0 1.14296
2850.0 5650.0 0.84721
2950.0 5650.0 0.52298
3050.0 5650.0 0.24465
3150.0 5650.0 0.05430
3250.0 5650.0 -0.08020
3350.0 5650.0 -0.16433
3450.0 5650.0 -0.15152
3550.0 5650.0 -0.03675
3650.0 5650.0 0.15303
3750.0 5650.0 0.37216
3850.0 5650.0 0.56874
3950.0 5650.0 0.69632
4050.0 5650.0 0.72485
4150.0 5650.0 0.65084
4250.0 5650.0 0.50677
4350.0 5650.0 0.34514
4450.0 5650.0 0.16544
4550.0 5650.0 -0.03811
4650.0 5650.0 -0.26203
4750.0 5650.0 -0.49714
4850.0 5650.0 -0.73170
4950.0 5650.0 -0.95428
5050.0 5650.0 -1.15631
5150.0 5650.0 -1.33431
5250.0 5650.0 -1.49177
5350.0 5650.0 -1.63420
5450.0 5650.0 -1.66181
5550.0 5650.0 -1.46740
5650.0 5650.0 -1.06350
5750.0 5650.0 -0.53752
5850.0 5650.0 -0.00857
5950.0 5650.0 0.40746
6050.0 5650.0 0.62461
6150.0 5650.0 0.60539
6250.0 5650.0 0.37103
6350.0 5650.0 0.00352
50.0 5750.0 -1.49710
150.0 5750.0 -1.41277
250.0 5750.0 -1.11726
350.0 5750.0 -0.57947
450.0 5750.0 0.12400
550.0 5750.0 0.86542
650.0 5750.0 1.51118
750.0 5750.0 1.95573
850.0 5750.0 2.14414
950.0 5750.0 2.08342
1050.0 5750.0 1.84244
1150.0 5750.0 1.53103
1250.0 5750.0 1.15253
1350.0 5750.0 0.69649
1450.0 5750.0 0.23915
1550.0 5750.0 -0.11845
1650.0 5750.0 -0.29767
1750.0 5750.0 -0.26978
1850.0 5750.0 -0.06366
1950.0 5750.0 0.24622
2050.0 5750.0 0.57156
2150.0 5750.0 0.86176
2250.0 5750.0 1.14735
2350.0 5750.0 1.43862
2450.0 5750.0 1.68395
2550.0 5750.0 1.81733
2650.0 5750.0 1.79342
2750.0 5750.0 1.60737
2850.0 5750.0 1.29940
2950.0 5750.0 0.94426
3050.0 5750.0 0.62538
3150.0 5750.0 0.39385
3250.0 5750.0 0.21963
3350.0 5750.0 0.08500
3450.0 5750.0 0.02752
3550.0 5750.0 0.05483
3650.0 5750.0 0.14914
3750.0 5750.0 0.27611
3850.0 5750.0 0.39388
3950.0 5750.0 0.46247
4050.0 5750.0 0.45343
4150.0 5750.0 0.35976
4250.0 5750.0 0.20609
4350.0 5750.0 0.03709
4450.0 5750.0 -0.14756
4550.0 5750.0 -0.35298
4650.0 5750.0 -0.57636
4750.0 5750.0 -0.80984
4850.0 5750.0 -1.04327
4950.0 5750.0 -1.26665
5050.0 5750.0 -1.47235
5150.0 5750.0 -1.65713
5250.0 5750.0 -1.82387
5350.0 5750.0 -1.97702
5450.0 5750.0 -2.02151
5550.0 5750.0 -1.85196
5650.0 5750.0 -1.47358
5750.0 5750.0 -0.96371
5850.0 5750.0 -0.43342
5950.0 5750.0 0.00456
6050.0 5750.0 0.26171
6150.0 5750.0 0.29332
6250.0 5750.0 0.11177
6350.0 5750.0 -0.20635
50.0 5850.0 -1.55646
150.0 5850.0 -1.49107
250.0 5850.0 -1.22303
350.0 5850.0 -0.71625
450.0 5850.0 -0.03674
550.0 5850.0 0.69776
650.0 5850.0 1.35910
750.0 5850.0 1.84086
850.0 5850.0 2.08137
950.0 5850.0 2.07765
1050.0 5850.0 1.89021
1150.0 5850.0 1.62820
1250.0 5850.0 1.29294
1350.0 5850.0 0.86629
1450.0 5850.0 0.42074
1550.0 5850.0 0.05805
1650.0 5850.0 -0.13834
1750.0 5850.0 -0.13184
1850.0 5850.0 0.05787
1950.0 5850.0 0.36445
2050.0 5850.0 0.70363
2150.0 5850.0 1.02100
2250.0 5850.0 1.34109
2350.0 5850.0 1.68312
2450.0 5850.0 1.99260
2550.0 5850.0 2.19094
2650.0 5850.0 2.21842
2750.0 5850.0 2.05961
2850.0 5850.0 1.75099
2950.0 5850.0 1.37101
3050.0 5850.0 1.01233
3150.0 5850.0 0.73653
3250.0 5850.0 0.51802
3350.0 5850.0 0.32687
3450.0 5850.0 0.19053
3550.0 5850.0 0.11955
3650.0 5850.0 0.10644
3750.0 5850.0 0.12959
3850.0 5850.0 0.15849
3950.0 5850.0 0.16051
4050.0 5850.0 0.10905
4150.0 5850.0 -0.00679
4250.0 5850.0 -0.17122
4350.0 5850.0 -0.34591
4450.0 5850.0 -0.52197
4550.0 5850.0 -0.69940
4650.0 5850.0 -0.87742
4750.0 5850.0 -1.05501
4850.0 5850.0 -1.23125
4950.0 5850.0 -1.40564
5050.0 5850.0 -1.57814
5150.0 5850.0 -1.74917
5250.0 5850.0 -1.91941
5350.0 5850.0 -2.08451
5450.0 5850.0 -2.15356
5550.0 5850.0 -2.02899
5650.0 5850.0 -1.70897
5750.0 5850.0 -1.25683
5850.0 5850.0 -0.76942
5950.0 5850.0 -0.34966
6050.0 5850.0 -0.08303
6150.0 5850.0 -0.01819
6250.0 5850.0 -0.15164
6350.0 5850.0 -0.41646
50.0 5950.0 -1.41017
150.0 5950.0 -1.36705
250.0 5950.0 -1.14595
350.0 5950.0 -0.71158
450.0 5950.0 -0.11757
550.0 5950.0 0.53550
650.0 5950.0 1.13512
750.0 5950.0 1.58487
850.0 5950.0 1.82539
950.0 5950.0 1.84845
1050.0 5950.0 1.70392
1150.0 5950.0 1.48937
1250.0 5950.0 1.19822
1350.0 5950.0 0.80704
1450.0 5950.0 0.38500
1550.0 5950.0 0.03340
1650.0 5950.0 -0.16181
1750.0 5950.0 -0.15896
1850.0 5950.0 0.02877
1950.0 5950.0 0.34128
2050.0 5950.0 0.69787
2150.0 5950.0 1.04207
2250.0 5950.0 1.39579
2350.0 5950.0 1.78885
2450.0 5950.0 2.16464
2550.0 5950.0 2.43219
2650.0 5950.0 2.51719
2750.0 5950.0 2.39287
2850.0 5950.0 2.09097
2950.0 5950.0 1.69251
3050.0 5950.0 1.29858
3150.0 5950.0 0.98110
3250.0 5950.0 0.72010
3350.0 5950.0 0.47714
3450.0 5950.0 0.27256
3550.0 5950.0 0.12017
3650.0 5950.0 0.02115
3750.0 5950.0 -0.03617
3850.0 5950.0 -0.07414
3950.0 5950.0 -0.12089
4050.0 5950.0 -0.20301
4150.0 5950.0 -0.33556
4250.0 5950.0 -0.50959
4350.0 5950.0 -0.68788
4450.0 5950.0 -0.84512
4550.0 5950.0 -0.97311
4650.0 5950.0 -1.07405
4750.0 5950.0 -1.15743
4850.0 5950.0 -1.23684
4950.0 5950.0 -1.32681
5050.0 5950.0 -1.43950
5150.0 5950.0 -1.58138
5250.0 5950.0 -1.74985
5350.0 5950.0 -1.92645
5450.0 5950.0 -2.02383
5550.0 5950.0 -1.95669
5650.0 5950.0 -1.71732
5750.0 5950.0 -1.35329
5850.0 5950.0 -0.94350
5950.0 5950.0 -0.57626
6050.0 5950.0 -0.32930
6150.0 5950.0 -0.25168
6250.0 5950.0 -0.34770
6350.0 5950.0 -0.56271
50.0 6050.0 -1.09908
150.0 6050.0 -1.07806
250.0 6050.0 -0.91485
350.0 6050.0 -0.58003
450.0 6050.0 -0.11497
550.0 6050.0 0.40091
650.0 6050.0 0.87774
750.0 6050.0 1.23748
850.0 6050.0 1.43094
950.0 6050.0 1.44966
1050.0 6050.0 1.33238
1150.0 6050.0 1.15675
1250.0 6050.0 0.90376
1350.0 6050.0 0.54707
1450.0 6050.0 0.15341
1550.0 6050.0 -0.17720
1650.0 6050.0 -0.35829
1750.0 6050.0 -0.34590
1850.0 6050.0 -0.14956
1950.0 6050.0 0.17457
2050.0 6050.0 0.54854
2150.0 6050.0 0.91530
2250.0 6050.0 1.29684
2350.0 6050.0 1.73257
2450.0 6050.0 2.16431
2550.0 6050.0 2.49085
2650.0 6050.0 2.62560
2750.0 6050.0 2.53215
2850.0 6050.0 2.23796
2950.0 6050.0 1.82589
3050.0 6050.0 1.40385
3150.0 6050.0 1.05235
3250.0 6050.0 0.75663
3350.0 6050.0 0.47610
3450.0 6050.0 0.23041
3550.0 6050.0 0.03688
3650.0 6050.0 -0.09861
3750.0 6050.0 -0.18408
3850.0 6050.0 -0.24053
3950.0 6050.0 -0.29746
4050.0 6050.0 -0.38494
4150.0 6050.0 -0.52218
4250.0 6050.0 -0.70263
4350.0 6050.0 -0.88257
4450.0 6050.0 -1.01701
4550.0 6050.0 -1.08873
4650.0 6050.0 -1.10305
4750.0 6050.0 -1.08086
4850.0 6050.0 -1.05161
4950.0 6050.0 -1.04626
5050.0 6050.0 -1.09042
5150.0 6050.0 -1.19726
5250.0 6050.0 -1.36071
5350.0 6050.0 -1.54682
5450.0 6050.0 -1.67124
5550.0 6050.0 -1.66267
5650.0 6050.0 -1.50927
5750.0 6050.0 -1.24380
5850.0 6050.0 -0.92695
5950.0 6050.0 -0.63092
6050.0 6050.0 -0.42319
6150.0 6050.0 -0.35044
6250.0 6050.0 -0.42274
6350.0 6050.0 -0.59795
50.0 6150.0 -0.70699
150.0 6150.0 -0.70439
250.0 6150.0 -0.59847
350.0 6150.0 -0.36878
450.0 6150.0 -0.04655
550.0 6150.0 0.30979
650.0 6150.0 0.63492
750.0 6150.0 0.87291
850.0 6150.0 0.98938
950.0 6150.0 0.97965
1050.0 6150.0 0.87273
1150.0 6150.0 0.72291
1250.0 6150.0 0.49664
1350.0 6150.0 0.16653
1450.0 6150.0 -0.20217
1550.0 6150.0 -0.51085
1650.0 6150.0 -0.67377
1750.0 6150.0 -0.64664
1850.0 6150.0 -0.43772
1950.0 6150.0 -0.10131
2050.0 6150.0 0.28629
2150.0 6150.0 0.66844
2250.0 6150.0 1.06839
2350.0 6150.0 1.53168
2450.0 6150.0 1.99883
2550.0 6150.0 2.36186
2650.0 6150.0 2.52633
2750.0 6150.0 2.44989
2850.0 6150.0 2.15764
2950.0 6150.0 1.73410
3050.0 6150.0 1.29192
3150.0 6150.0 0.91725
3250.0 6150.0 0.59875
3350.0 6150.0 0.30106
3450.0 6150.0 0.05140
3550.0 6150.0 -0.12927
3650.0 6150.0 -0.23575
3750.0 6150.0 -0.28066
3850.0 6150.0 -0.29249
3950.0 6150.0 -0.30951
4050.0 6150.0 -0.36958
4150.0 6150.0 -0.49582
4250.0 6150.0 -0.67825
4350.0 6150.0 -0.85854
4450.0 6150.0 -0.97362
4550.0 6150.0 -0.99892
4650.0 6150.0 -0.94226
4750.0 6150.0 -0.83370
4850.0 6150.0 -0.71545
4950.0 6150.0 -0.63182
5050.0 6150.0 -0.61925
5150.0 6150.0 -0.69645
5250.0 6150.0 -0.85452
5350.0 6150.0 -1.04703
5450.0 6150.0 -1.19241
5550.0 6150.0 -1.23167
5650.0 6150.0 -1.15078
5750.0 6150.0 -0.97121
5850.0 6150.0 -0.73886
5950.0 6150.0 -0.51199
6050.0 6150.0 -0.34824
6150.0 6150.0 -0.29060
6250.0 6150.0 -0.35256
6350.0 6150.0 -0.50212
50.0 6250.0 -0.32607
150.0 6250.0 -0.33595
250.0 6250.0 -0.27671
350.0 6250.0 -0.13756
450.0 6250.0 0.05714
550.0 6250.0 0.26605
650.0 6250.0 0.44545
750.0 6250.0 0.56029
850.0 6250.0 0.59173
950.0 6250.0 0.54113
1050.0 6250.0 0.43049
1150.0 6250.0 0.29237
1250.0 6250.0 0.07917
1350.0 6250.0 -0.23658
1450.0 6250.0 -0.59021
1550.0 6250.0 -0.88413
1650.0 6250.0 -1.03350
1750.0 6250.0 -0.99465
1850.0 6250.0 -0.77591
1950.0 6250.0 -0.43120
2050.0 6250.0 -0.03610
2150.0 6250.0 0.35335
2250.0 6250.0 0.76130
2350.0 6250.0 1.23461
2450.0 6250.0 1.71237
2550.0 6250.0 2.08379
2650.0 6250.0 2.25178
2750.0 6250.0 2.17267
2850.0 6250.0 1.87196
2950.0 6250.0 1.43615
3050.0 6250.0 0.98073
3150.0 6250.0 0.59411
3250.0 6250.0 0.26565
3350.0 6250.0 -0.02803
3450.0 6250.0 -0.24424
3550.0 6250.0 -0.35839
3650.0 6250.0 -0.37127
3750.0 6250.0 -0.30824
3850.0 6250.0 -0.21387
3950.0 6250.0 -0.14230
4050.0 6250.0 -0.14314
4150.0 6250.0 -0.24307
4250.0 6250.0 -0.42295
4350.0 6250.0 -0.60318
4450.0 6250.0 -0.70805
4550.0 6250.0 -0.70919
4650.0 6250.0 -0.61572
4750.0 6250.0 -0.46240
4850.0 6250.0 -0.29801
4950.0 6250.0 -0.17372
5050.0 6250.0 -0.13160
5150.0 6250.0 -0.19319
5250.0 6250.0 -0.34817
5350.0 6250.0 -0.54372
5450.0 6250.0 -0.70110
5550.0 6250.0 -0.76949
5650.0 6250.0 -0.73426
5750.0 6250.0 -0.61055
5850.0 6250.0 -0.43530
5950.0 6250.0 -0.25777
6050.0 6250.0 -0.12865
6150.0 6250.0 -0.08756
6250.0 6250.0 -0.14914
6350.0 6250.0 -0.28760
50.0 6350.0 -0.00228
150.0 6350.0 -0.01943
250.0 6350.0 0.00564
350.0 6350.0 0.07494
450.0 6350.0 0.16808
550.0 6350.0 0.25626
650.0 6350.0 0.31271
750.0 6350.0 0.31979
850.0 6350.0 0.27259
950.0 6350.0 0.17905
1050.0 6350.0 0.05675
1150.0 6350.0 -0.07970
1250.0 6350.0 -0.29018
1350.0 6350.0 -0.60209
1450.0 6350.0 -0.95080
1550.0 6350.0 -1.23911
1650.0 6350.0 -1.38276
1750.0 6350.0 -1.33864
1850.0 6350.0 -1.11556
1950.0 6350.0 -0.76766
2050.0 6350.0 -0.37050
2150.0 6350.0 0.02033
2250.0 6350.0 0.42875
2350.0 6350.0 0.89895
2450.0 6350.0 1.36840
2550.0 6350.0 1.72628
2650.0 6350.0 1.87687
2750.0 6350.0 1.77874
2850.0 6350.0 1.46009
2950.0 6350.0 1.00993
3050.0 6350.0 0.54529
3150.0 6350.0 0.15443
3250.0 6350.0 -0.17487
3350.0 6350.0 -0.44992
3450.0 6350.0 -0.60739
3550.0 6350.0 -0.61909
3650.0 6350.0 -0.49548
3750.0 6350.0 -0.27997
3850.0 6350.0 -0.03884
3950.0 6350.0 0.15332
4050.0 6350.0 0.23255
4150.0 6350.0 0.16902
4250.0 6350.0 -0.00520
4350.0 6350.0 -0.18556
4450.0 6350.0 -0.28944
4550.0 6350.0 -0.28809
4650.0 6350.0 -0.19074
4750.0 6350.0 -0.03268
4850.0 6350.0 0.13657
4950.0 6350.0 0.26512
5050.0 6350.0 0.31028
5150.0 6350.0 0.25021
5250.0 6350.0 0.09539
5350.0 6350.0 -0.10082
5450.0 6350.0 -0.26266
5550.0 6350.0 -0.34330
5650.0 6350.0 -0.32849
5750.0 6350.0 -0.23110
5850.0 6350.0 -0.08433
5950.0 6350.0 0.06673
6050.0 6350.0 0.17509
6150.0 6350.0 0.20343
6250.0 6350.0 0.13733
6350.0 6350.0 0.00000
