50.0 50.0 -0.34515
150.0 50.0 -0.75514
250.0 50.0 -1.16231
350.0 50.0 -1.54910
450.0 50.0 -1.87621
550.0 50.0 -1.98103
650.0 50.0 -1.77318
750.0 50.0 -1.28080
850.0 50.0 -0.63529
950.0 50.0 -0.02879
1050.0 50.0 0.35516
1150.0 50.0 0.43815
1250.0 50.0 0.35245
1350.0 50.0 0.19777
1450.0 50.0 -0.06246
1550.0 50.0 -0.40199
1650.0 50.0 -0.75932
1750.0 50.0 -1.06836
1850.0 50.0 -1.28172
1950.0 50.0 -1.38675
2050.0 50.0 -1.41422
2150.0 50.0 -1.42188
2250.0 50.0 -1.41454
2350.0 50.0 -1.38290
2450.0 50.0 -1.32679
2550.0 50.0 -1.25486
2650.0 50.0 -1.18192
2750.0 50.0 -1.12371
2850.0 50.0 -1.08933
2950.0 50.0 -1.07209
3050.0 50.0 -1.07190
3150.0 50.0 -1.07106
3250.0 50.0 -1.00683
3350.0 50.0 -0.82651
3450.0 50.0 -0.52189
3550.0 50.0 -0.13616
3650.0 50.0 0.25660
3750.0 50.0 0.59959
3850.0 50.0 0.92202
3950.0 50.0 1.27611
4050.0 50.0 1.58730
4150.0 50.0 1.73884
4250.0 50.0 1.66340
4350.0 50.0 1.38504
4450.0 50.0 1.01151
4550.0 50.0 0.67688
4650.0 50.0 0.43478
4750.0 50.0 0.21671
4850.0 50.0 0.03714
4950.0 50.0 -0.06045
5050.0 50.0 -0.05468
5150.0 50.0 0.03800
5250.0 50.0 0.16559
5350.0 50.0 0.26105
5450.0 50.0 0.28077
5550.0 50.0 0.25232
5650.0 50.0 0.20170
5750.0 50.0 0.15586
5850.0 50.0 0.17523
5950.0 50.0 0.30406
6050.0 50.0 0.54309
6150.0 50.0 0.84756
6250.0 50.0 1.15033
6350.0 50.0 1.41047
50.0 150.0 0.08064
150.0 150.0 -0.21699
250.0 150.0 -0.61303
350.0 150.0 -1.05752
450.0 150.0 -1.46895
550.0 150.0 -1.70143
650.0 150.0 -1.64674
750.0 150.0 -1.29393
850.0 150.0 -0.74026
950.0 150.0 -0.16374
1050.0 150.0 0.24265
1150.0 150.0 0.37521
1250.0 150.0 0.34617
1350.0 150.0 0.28158
1450.0 150.0 0.15770
1550.0 150.0 -0.02910
1650.0 150.0 -0.25859
1750.0 150.0 -0.49506
1850.0 150.0 -0.69919
1950.0 150.0 -0.84363
2050.0 150.0 -0.93214
2150.0 150.0 -1.00399
2250.0 150.0 -1.05897
2350.0 150.0 -1.07702
2450.0 150.0 -1.04783
2550.0 150.0 -0.97781
2650.0 150.0 -0.88965
2750.0 150.0 -0.81409
2850.0 150.0 -0.77435
2950.0 150.0 -0.76438
3050.0 150.0 -0.78920
3150.0 150.0 -0.85369
3250.0 150.0 -0.89674
3350.0 150.0 -0.84993
3450.0 150.0 -0.68004
3550.0 150.0 -0.40462
3650.0 150.0 -0.08075
3750.0 150.0 0.23313
3850.0 150.0 0.54064
3950.0 150.0 0.88373
4050.0 150.0 1.19485
4150.0 150.0 1.36242
4250.0 150.0 1.31879
4350.0 150.0 1.08149
4450.0 150.0 0.74776
4550.0 150.0 0.44222
4650.0 150.0 0.21796
4750.0 150.0 0.01699
4850.0 150.0 -0.14281
4950.0 150.0 -0.21977
5050.0 150.0 -0.19547
5150.0 150.0 -0.08855
5250.0 150.0 0.04863
5350.0 150.0 0.15039
5450.0 150.0 0.17535
5550.0 150.0 0.14943
5650.0 150.0 0.06366
5750.0 150.0 -0.07485
5850.0 150.0 -0.18496
5950.0 150.0 -0.18467
6050.0 150.0 -0.03719
6150.0 150.0 0.23428
6250.0 150.0 0.56304
6350.0 150.0 0.88668
50.0 250.0 0.47943
150.0 250.0 0.31788
250.0 250.0 -0.03422
350.0 250.0 -0.49978
450.0 250.0 -0.95866
550.0 250.0 -1.28906
650.0 250.0 -1.37909
750.0 250.0 -1.18841
850.0 250.0 -0.77863
950.0 250.0 -0.30008
1050.0 250.0 0.06505
1150.0 250.0 0.20316
1250.0 250.0 0.20047
1350.0 250.0 0.19571
1450.0 250.0 0.18602
1550.0 250.0 0.15126
1650.0 250.0 0.07765
1750.0 250.0 -0.03334
1850.0 250.0 -0.16475
1950.0 250.0 -0.29245
2050.0 250.0 -0.40214
2150.0 250.0 -0.50400
2250.0 250.0 -0.59064
2350.0 250.0 -0.63781
2450.0 250.0 -0.62967
2550.0 250.0 -0.56990
2650.0 250.0 -0.48283
2750.0 250.0 -0.40459
2850.0 250.0 -0.36446
2950.0 250.0 -0.35821
3050.0 250.0 -0.40448
3150.0 250.0 -0.53221
3250.0 250.0 -0.68118
3350.0 250.0 -0.76597
3450.0 250.0 -0.72729
3550.0 250.0 -0.55666
3650.0 250.0 -0.29451
3750.0 250.0 -0.00176
3850.0 250.0 0.29880
3950.0 250.0 0.63662
4050.0 250.0 0.94721
4150.0 250.0 1.12144
4250.0 250.0 1.09163
4350.0 250.0 0.87248
4450.0 250.0 0.55655
4550.0 250.0 0.26416
4650.0 250.0 0.04808
4750.0 250.0 -0.14466
4850.0 250.0 -0.29385
4950.0 250.0 -0.35851
5050.0 250.0 -0.32204
5150.0 250.0 -0.20481
5250.0 250.0 -0.06017
5350.0 250.0 0.04633
5450.0 250.0 0.07428
5550.0 250.0 0.04887
5650.0 250.0 -0.06315
5750.0 250.0 -0.27124
5850.0 250.0 -0.48289
5950.0 250.0 -0.59094
6050.0 250.0 -0.53170
6150.0 250.0 -0.30918
6250.0 250.0 0.01483
6350.0 250.0 0.36468
50.0 350.0 0.79300
150.0 350.0 0.75745
250.0 350.0 0.46067
350.0 350.0 -0.00094
450.0 350.0 -0.47806
550.0 350.0 -0.87451
650.0 350.0 -1.08388
750.0 350.0 -1.04655
850.0 350.0 -0.79250
950.0 350.0 -0.43993
1050.0 350.0 -0.14935
1150.0 350.0 -0.03347
1250.0 350.0 -0.03205
1350.0 350.0 -0.00390
1450.0 350.0 0.07100
1550.0 350.0 0.16650
1650.0 350.0 0.24407
1750.0 350.0 0.27331
1850.0 350.0 0.24325
1950.0 350.0 0.16430
2050.0 350.0 0.06077
2150.0 350.0 -0.04576
2250.0 350.0 -0.13945
2350.0 350.0 -0.19608
2450.0 350.0 -0.19833
2550.0 350.0 -0.14802
2650.0 350.0 -0.06801
2750.0 350.0 0.00607
2850.0 350.0 0.04449
2950.0 350.0 0.04980
3050.0 350.0 -0.01115
3150.0 350.0 -0.18673
3250.0 350.0 -0.41699
3350.0 350.0 -0.60265
3450.0 350.0 -0.66367
3550.0 350.0 -0.57121
3650.0 350.0 -0.35302
3750.0 350.0 -0.07234
3850.0 350.0 0.22695
3950.0 350.0 0.56223
4050.0 350.0 0.86859
4150.0 350.0 1.03767
4250.0 350.0 1.00297
4350.0 350.0 0.78023
4450.0 350.0 0.46255
4550.0 350.0 0.17012
4650.0 350.0 -0.04506
4750.0 350.0 -0.23650
4850.0 350.0 -0.38361
4950.0 350.0 -0.44548
5050.0 350.0 -0.40592
5150.0 350.0 -0.28583
5250.0 350.0 -0.13899
5350.0 350.0 -0.03114
5450.0 350.0 -0.00256
5550.0 350.0 -0.02870
5650.0 350.0 -0.15664
5750.0 350.0 -0.40713
5850.0 350.0 -0.68389
5950.0 350.0 -0.86672
6050.0 350.0 -0.87571
6150.0 350.0 -0.70094
6250.0 350.0 -0.39781
6350.0 350.0 -0.04792
50.0 450.0 1.04505
150.0 450.0 1.12141
250.0 450.0 0.87980
350.0 450.0 0.43103
450.0 450.0 -0.05207
550.0 450.0 -0.49743
650.0 450.0 -0.80782
750.0 450.0 -0.91026
850.0 450.0 -0.80738
950.0 450.0 -0.58569
1050.0 450.0 -0.38089
1150.0 450.0 -0.30004
1250.0 450.0 -0.30660
1350.0 450.0 -0.25782
1450.0 450.0 -0.10962
1550.0 450.0 0.10794
1650.0 450.0 0.33276
1750.0 450.0 0.50218
1850.0 450.0 0.57526
1950.0 450.0 0.54596
2050.0 450.0 0.44720
2150.0 450.0 0.33527
2250.0 450.0 0.24106
2350.0 450.0 0.19068
2450.0 450.0 0.20029
2550.0 450.0 0.26486
2650.0 450.0 0.35742
2750.0 450.0 0.43878
2850.0 450.0 0.47778
2950.0 450.0 0.47921
3050.0 450.0 0.40119
3150.0 450.0 0.17692
3250.0 450.0 -0.13523
3350.0 450.0 -0.42397
3450.0 450.0 -0.58966
3550.0 450.0 -0.58313
3650.0 450.0 -0.41843
3750.0 450.0 -0.15980
3850.0 450.0 0.12892
3950.0 450.0 0.45737
4050.0 450.0 0.76355
4150.0 450.0 0.93954
4250.0 450.0 0.91669
4350.0 450.0 0.70674
4450.0 450.0 0.39827
4550.0 450.0 0.10843
4650.0 450.0 -0.10963
4750.0 450.0 -0.30485
4850.0 450.0 -0.45624
4950.0 450.0 -0.52377
5050.0 450.0 -0.49177
5150.0 450.0 -0.38101
5250.0 450.0 -0.24438
5350.0 450.0 -0.14637
5450.0 450.0 -0.12638
5550.0 450.0 -0.16081
5650.0 450.0 -0.30427
5750.0 450.0 -0.58437
5850.0 450.0 -0.90489
5950.0 450.0 -1.14031
6050.0 450.0 -1.20218
6150.0 450.0 -1.07177
6250.0 450.0 -0.79883
6350.0 450.0 -0.46667
50.0 550.0 1.13729
150.0 550.0 1.28637
250.0 550.0 1.09492
350.0 550.0 0.67610
450.0 550.0 0.21386
550.0 550.0 -0.23624
650.0 550.0 -0.59346
750.0 550.0 -0.78736
850.0 550.0 -0.80689
950.0 550.0 -0.71245
1050.0 550.0 -0.61081
1150.0 550.0 -0.59304
1250.0 550.0 -0.63738
1350.0 550.0 -0.59636
1450.0 550.0 -0.39955
1550.0 550.0 -0.07957
1650.0 550.0 0.27757
1750.0 550.0 0.57475
1850.0 550.0 0.73784
1950.0 550.0 0.74140
2050.0 550.0 0.62636
2150.0 550.0 0.49092
2250.0 550.0 0.40019
2350.0 550.0 0.39021
2450.0 550.0 0.47031
2550.0 550.0 0.61753
2650.0 550.0 0.78255
2750.0 550.0 0.90710
2850.0 550.0 0.95278
2950.0 550.0 0.93808
3050.0 550.0 0.83258
3150.0 550.0 0.55440
3250.0 550.0 0.15517
3350.0 550.0 -0.24826
3450.0 550.0 -0.54062
3550.0 550.0 -0.65206
3650.0 550.0 -0.57885
3750.0 550.0 -0.38119
3850.0 550.0 -0.13936
3950.0 550.0 0.16352
4050.0 550.0 0.48134
4150.0 550.0 0.70681
4250.0 550.0 0.75809
4350.0 550.0 0.62449
4450.0 550.0 0.37051
4550.0 550.0 0.09813
4650.0 550.0 -0.13229
4750.0 550.0 -0.34396
4850.0 550.0 -0.51216
4950.0 550.0 -0.60051
5050.0 550.0 -0.59659
5150.0 550.0 -0.52169
5250.0 550.0 -0.42605
5350.0 550.0 -0.36947
5450.0 550.0 -0.38737
5550.0 550.0 -0.45594
5650.0 550.0 -0.61992
5750.0 550.0 -0.90122
5850.0 550.0 -1.21286
5950.0 550.0 -1.44376
6050.0 550.0 -1.51770
6150.0 550.0 -1.42162
6250.0 550.0 -1.20293
6350.0 550.0 -0.93617
50.0 650.0 1.01982
150.0 650.0 1.18833
250.0 650.0 1.03747
350.0 650.0 0.66769
450.0 650.0 0.25949
550.0 650.0 -0.13387
650.0 650.0 -0.45533
750.0 650.0 -0.65832
850.0 650.0 -0.73934
950.0 650.0 -0.74480
1050.0 650.0 -0.75209
1150.0 650.0 -0.82487
1250.0 650.0 -0.94121
1350.0 650.0 -0.94505
1450.0 650.0 -0.74052
1550.0 650.0 -0.36059
1650.0 650.0 0.08803
1750.0 650.0 0.47628
1850.0 650.0 0.69761
1950.0 650.0 0.70626
2050.0 650.0 0.54910
2150.0 650.0 0.36806
2250.0 650.0 0.27748
2350.0 650.0 0.33060
2450.0 650.0 0.52559
2550.0 650.0 0.80924
2650.0 650.0 1.09413
2750.0 650.0 1.28910
2850.0 650.0 1.34297
2950.0 650.0 1.29782
3050.0 650.0 1.15944
3150.0 650.0 0.84318
3250.0 650.0 0.38817
3350.0 650.0 -0.09709
3450.0 650.0 -0.49581
3550.0 650.0 -0.72642
3650.0 650.0 -0.76855
3750.0 650.0 -0.67146
3850.0 650.0 -0.51868
3950.0 650.0 -0.26773
4050.0 650.0 0.06403
4150.0 650.0 0.37133
4250.0 650.0 0.54963
4350.0 650.0 0.54858
4450.0 650.0 0.38943
4550.0 650.0 0.14641
4650.0 650.0 -0.10787
4750.0 650.0 -0.34850
4850.0 650.0 -0.53936
4950.0 650.0 -0.65022
5050.0 650.0 -0.67746
5150.0 650.0 -0.64792
5250.0 650.0 -0.61150
5350.0 650.0 -0.62231
5450.0 650.0 -0.70845
5550.0 650.0 -0.84065
5650.0 650.0 -1.02914
5750.0 650.0 -1.27441
5850.0 650.0 -1.50958
5950.0 650.0 -1.66197
6050.0 650.0 -1.69323
6150.0 650.0 -1.61417
6250.0 650.0 -1.47449
6350.0 650.0 -1.32731
50.0 750.0 0.72723
150.0 750.0 0.86858
250.0 750.0 0.74696
350.0 750.0 0.43844
450.0 750.0 0.10972
550.0 750.0 -0.17165
650.0 750.0 -0.37558
750.0 750.0 -0.49773
850.0 750.0 -0.56348
950.0 750.0 -0.62091
1050.0 750.0 -0.72296
1150.0 750.0 -0.89878
1250.0 750.0 -1.11032
1350.0 750.0 -1.18977
1450.0 750.0 -1.02114
1550.0 750.0 -0.63535
1650.0 750.0 -0.15298
1750.0 750.0 0.27292
1850.0 750.0 0.50976
1950.0 750.0 0.49390
2050.0 750.0 0.27502
2150.0 750.0 0.03185
2250.0 750.0 -0.07093
2350.0 750.0 0.03960
2450.0 750.0 0.35028
2550.0 750.0 0.77519
2650.0 750.0 1.18475
2750.0 750.0 1.45072
2850.0 750.0 1.50686
2950.0 750.0 1.42120
3050.0 750.0 1.25464
3150.0 750.0 0.93884
3250.0 750.0 0.49662
3350.0 750.0 0.01055
3450.0 750.0 -0.42276
3550.0 750.0 -0.72802
3650.0 750.0 -0.87640
3750.0 750.0 -0.90013
3850.0 750.0 -0.86552
3950.0 750.0 -0.69042
4050.0 750.0 -0.35755
4150.0 750.0 0.03235
4250.0 750.0 0.34970
4350.0 750.0 0.49783
4450.0 750.0 0.44597
4550.0 750.0 0.23375
4650.0 750.0 -0.05296
4750.0 750.0 -0.32842
4850.0 750.0 -0.53501
4950.0 750.0 -0.64950
5050.0 750.0 -0.68394
5150.0 750.0 -0.67945
5250.0 750.0 -0.69271
5350.0 750.0 -0.77536
5450.0 750.0 -0.94610
5550.0 750.0 -1.16156
5650.0 750.0 -1.37507
5750.0 750.0 -1.55328
5850.0 750.0 -1.65713
5950.0 750.0 -1.67032
6050.0 750.0 -1.61184
6150.0 750.0 -1.53074
6250.0 750.0 -1.48315
6350.0 750.0 -1.49150
50.0 850.0 0.35760
150.0 850.0 0.44878
250.0 850.0 0.34741
350.0 850.0 0.10106
450.0 850.0 -0.13969
550.0 850.0 -0.28010
650.0 850.0 -0.31518
750.0 850.0 -0.29167
850.0 850.0 -0.27746
950.0 850.0 -0.33575
1050.0 850.0 -0.50363
1150.0 850.0 -0.77551
1250.0 850.0 -1.08598
1350.0 850.0 -1.25435
1450.0 850.0 -1.15210
1550.0 850.0 -0.80652
1650.0 850.0 -0.34409
1750.0 850.0 0.06877
1850.0 850.0 0.28294
1950.0 850.0 0.22191
2050.0 850.0 -0.06494
2150.0 850.0 -0.37527
2250.0 850.0 -0.50708
2350.0 850.0 -0.37111
2450.0 850.0 0.01228
2550.0 850.0 0.53264
2650.0 850.0 1.02739
2750.0 850.0 1.33813
2850.0 850.0 1.38530
2950.0 850.0 1.25704
3050.0 850.0 1.07534
3150.0 850.0 0.80720
3250.0 850.0 0.45867
3350.0 850.0 0.07153
3450.0 850.0 -0.29927
3550.0 850.0 -0.60522
3650.0 850.0 -0.82117
3750.0 850.0 -0.95932
3850.0 850.0 -1.04838
3950.0 850.0 -0.96201
4050.0 850.0 -0.65127
4150.0 850.0 -0.20979
4250.0 850.0 0.21350
4350.0 850.0 0.48189
4450.0 850.0 0.51741
4550.0 850.0 0.32650
4650.0 850.0 0.00479
4750.0 850.0 -0.30256
4850.0 850.0 -0.50774
4950.0 850.0 -0.59326
5050.0 850.0 -0.59266
5150.0 850.0 -0.57055
5250.0 850.0 -0.59974
5350.0 850.0 -0.73557
5450.0 850.0 -0.98734
5550.0 850.0 -1.28873
5650.0 850.0 -1.52409
5750.0 850.0 -1.62166
5850.0 850.0 -1.57202
5950.0 850.0 -1.42058
6050.0 850.0 -1.25008
6150.0 850.0 -1.15304
6250.0 850.0 -1.19419
6350.0 850.0 -1.36275
50.0 950.0 0.03914
150.0 950.0 0.08983
250.0 950.0 0.00572
350.0 950.0 -0.18908
450.0 950.0 -0.35357
550.0 950.0 -0.36178
650.0 950.0 -0.22776
750.0 950.0 -0.04499
850.0 950.0 0.07551
950.0 950.0 0.04972
1050.0 950.0 -0.15234
1150.0 950.0 -0.49695
1250.0 950.0 -0.88940
1350.0 950.0 -1.13729
1450.0 950.0 -1.10653
1550.0 950.0 -0.82049
1650.0 950.0 -0.40570
1750.0 950.0 -0.03318
1850.0 950.0 0.14026
1950.0 950.0 0.03062
2050.0 950.0 -0.31471
2150.0 950.0 -0.68382
2250.0 950.0 -0.85908
2350.0 950.0 -0.74248
2450.0 950.0 -0.35499
2550.0 950.0 0.18384
2650.0 950.0 0.69678
2750.0 950.0 1.01034
2850.0 950.0 1.03670
2950.0 950.0 0.87240
3050.0 950.0 0.69153
3150.0 950.0 0.50751
3250.0 950.0 0.31266
3350.0 950.0 0.10182
3450.0 950.0 -0.12409
3550.0 950.0 -0.35792
3650.0 950.0 -0.58943
3750.0 950.0 -0.81192
3850.0 950.0 -1.00463
3950.0 950.0 -1.00366
4050.0 950.0 -0.73909
4150.0 950.0 -0.29572
4250.0 950.0 0.16941
4350.0 950.0 0.49606
4450.0 950.0 0.57526
4550.0 950.0 0.38926
4650.0 950.0 0.03699
4750.0 950.0 -0.29188
4850.0 950.0 -0.47544
4950.0 950.0 -0.49922
5050.0 950.0 -0.42054
5150.0 950.0 -0.33351
5250.0 950.0 -0.33477
5350.0 950.0 -0.48998
5450.0 950.0 -0.80103
5550.0 950.0 -1.17323
5650.0 950.0 -1.42491
5750.0 950.0 -1.45103
5850.0 950.0 -1.26701
5950.0 950.0 -0.97069
6050.0 950.0 -0.69940
6150.0 950.0 -0.58330
6250.0 950.0 -0.69504
6350.0 950.0 -0.99574
50.0 1050.0 -0.11548
150.0 1050.0 -0.06557
250.0 1050.0 -0.12807
350.0 1050.0 -0.28970
450.0 1050.0 -0.40596
550.0 1050.0 -0.32637
650.0 1050.0 -0.07586
750.0 1050.0 0.22146
850.0 1050.0 0.42471
950.0 1050.0 0.43342
1050.0 1050.0 0.21936
1150.0 1050.0 -0.16683
1250.0 1050.0 -0.60948
1350.0 1050.0 -0.90771
1450.0 1050.0 -0.92529
1550.0 1050.0 -0.68293
1650.0 1050.0 -0.30589
1750.0 1050.0 0.03381
1850.0 1050.0 0.17626
1950.0 1050.0 0.03377
2050.0 1050.0 -0.34801
2150.0 1050.0 -0.75690
2250.0 1050.0 -0.98189
2350.0 1050.0 -0.92531
2450.0 1050.0 -0.60213
2550.0 1050.0 -0.12415
2650.0 1050.0 0.33758
2750.0 1050.0 0.61208
2850.0 1050.0 0.60972
2950.0 1050.0 0.42239
3050.0 1050.0 0.25511
3150.0 1050.0 0.16638
3250.0 1050.0 0.14023
3350.0 1050.0 0.12988
3450.0 1050.0 0.08396
3550.0 1050.0 -0.03447
3650.0 1050.0 -0.23595
3750.0 1050.0 -0.49993
3850.0 1050.0 -0.75764
3950.0 1050.0 -0.82332
4050.0 1050.0 -0.62040
4150.0 1050.0 -0.22481
4250.0 1050.0 0.21095
4350.0 1050.0 0.52376
4450.0 1050.0 0.59536
4550.0 1050.0 0.39709
4650.0 1050.0 0.02420
4750.0 1050.0 -0.31214
4850.0 1050.0 -0.45854
4950.0 1050.0 -0.40037
5050.0 1050.0 -0.21652
5150.0 1050.0 -0.03091
5250.0 1050.0 0.03299
5350.0 1050.0 -0.10526
5450.0 1050.0 -0.44349
5550.0 1050.0 -0.85884
5650.0 1050.0 -1.12108
5750.0 1050.0 -1.10489
5850.0 1050.0 -0.84081
5950.0 1050.0 -0.45842
6050.0 1050.0 -0.12790
6150.0 1050.0 -0.00197
6250.0 1050.0 -0.15788
6350.0 1050.0 -0.53972
50.0 1150.0 -0.06714
150.0 1150.0 0.03340
250.0 1150.0 0.00156
350.0 1150.0 -0.14566
450.0 1150.0 -0.24596
550.0 1150.0 -0.13779
650.0 1150.0 0.15018
750.0 1150.0 0.48382
850.0 1150.0 0.71267
950.0 1150.0 0.73119
1050.0 1150.0 0.51205
1150.0 1150.0 0.11157
1250.0 1150.0 -0.34776
1350.0 1150.0 -0.66044
1450.0 1150.0 -0.68744
1550.0 1150.0 -0.44896
1650.0 1150.0 -0.07181
1750.0 1150.0 0.26899
1850.0 1150.0 0.41006
1950.0 1150.0 0.26115
2050.0 1150.0 -0.13193
2150.0 1150.0 -0.55910
2250.0 1150.0 -0.83127
2350.0 1150.0 -0.85841
2450.0 1150.0 -0.64504
2550.0 1150.0 -0.28276
2650.0 1150.0 0.07943
2750.0 1150.0 0.28697
2850.0 1150.0 0.25392
2950.0 1150.0 0.05755
3050.0 1150.0 -0.09026
3150.0 1150.0 -0.09727
3250.0 1150.0 0.01798
3350.0 1150.0 0.18009
3450.0 1150.0 0.29834
3550.0 1150.0 0.29966
3650.0 1150.0 0.15333
3750.0 1150.0 -0.11292
3850.0 1150.0 -0.39440
3950.0 1150.0 -0.50137
4050.0 1150.0 -0.36337
4150.0 1150.0 -0.04868
4250.0 1150.0 0.30426
4350.0 1150.0 0.54673
4450.0 1150.0 0.57017
4550.0 1150.0 0.34753
4650.0 1150.0 -0.03478
4750.0 1150.0 -0.36615
4850.0 1150.0 -0.46890
4950.0 1150.0 -0.32573
5050.0 1150.0 -0.03185
5150.0 1150.0 0.26350
5250.0 1150.0 0.41193
5350.0 1150.0 0.31698
5450.0 1150.0 -0.01842
5550.0 1150.0 -0.44805
5650.0 1150.0 -0.71678
5750.0 1150.0 -0.69431
5850.0 1150.0 -0.41572
5950.0 1150.0 -0.01891
6050.0 1150.0 0.31793
6150.0 1150.0 0.43727
6250.0 1150.0 0.26168
6350.0 1150.0 -0.14820
50.0 1250.0 0.09194
150.0 1250.0 0.26988
250.0 1250.0 0.27372
350.0 1250.0 0.13164
450.0 1250.0 0.03043
550.0 1250.0 0.13406
650.0 1250.0 0.41344
750.0 1250.0 0.73587
850.0 1250.0 0.95330
950.0 1250.0 0.96261
1050.0 1250.0 0.73817
1150.0 1250.0 0.33638
1250.0 1250.0 -0.12214
1350.0 1250.0 -0.42953
1450.0 1250.0 -0.44293
1550.0 1250.0 -0.18326
1650.0 1250.0 0.21888
1750.0 1250.0 0.58334
1850.0 1250.0 0.74210
1950.0 1250.0 0.60243
2050.0 1250.0 0.21156
2150.0 1250.0 -0.22209
2250.0 1250.0 -0.53670
2350.0 1250.0 -0.65300
2450.0 1250.0 -0.56380
2550.0 1250.0 -0.33597
2650.0 1250.0 -0.09030
2750.0 1250.0 0.04075
2850.0 1250.0 -0.02249
2950.0 1250.0 -0.22108
3050.0 1250.0 -0.34891
3150.0 1250.0 -0.28830
3250.0 1250.0 -0.05743
3350.0 1250.0 0.24837
3450.0 1250.0 0.50858
3550.0 1250.0 0.62089
3650.0 1250.0 0.53639
3750.0 1250.0 0.28619
3850.0 1250.0 0.00199
3950.0 1250.0 -0.13207
4050.0 1250.0 -0.05740
4150.0 1250.0 0.16449
4250.0 1250.0 0.41327
4350.0 1250.0 0.56217
4450.0 1250.0 0.52098
4550.0 1250.0 0.27000
4650.0 1250.0 -0.11527
4750.0 1250.0 -0.43553
4850.0 1250.0 -0.49389
4950.0 1250.0 -0.26936
5050.0 1250.0 0.13007
5150.0 1250.0 0.53368
5250.0 1250.0 0.77068
5350.0 1250.0 0.72911
5450.0 1250.0 0.41108
5550.0 1250.0 -0.01772
5650.0 1250.0 -0.29076
5750.0 1250.0 -0.28103
5850.0 1250.0 -0.02299
5950.0 1250.0 0.34920
6050.0 1250.0 0.66248
6150.0 1250.0 0.76415
6250.0 1250.0 0.57942
6350.0 1250.0 0.16743
50.0 1350.0 0.30698
150.0 1350.0 0.54558
250.0 1350.0 0.57342
350.0 1350.0 0.42930
450.0 1350.0 0.31793
550.0 1350.0 0.40073
650.0 1350.0 0.65309
750.0 1350.0 0.95203
850.0 1350.0 1.15791
950.0 1350.0 1.17106
1050.0 1350.0 0.96338
1150.0 1350.0 0.58494
1250.0 1350.0 0.15074
1350.0 1350.0 -0.13562
1450.0 1350.0 -0.13510
1550.0 1350.0 0.13065
1650.0 1350.0 0.53324
1750.0 1350.0 0.89680
1850.0 1350.0 1.05820
1950.0 1350.0 0.92831
2050.0 1350.0 0.55413
2150.0 1350.0 0.13199
2250.0 1350.0 -0.20861
2350.0 1350.0 -0.40300
2450.0 1350.0 -0.43527
2550.0 1350.0 -0.34766
2650.0 1350.0 -0.22941
2750.0 1350.0 -0.18540
2850.0 1350.0 -0.28422
2950.0 1350.0 -0.48578
3050.0 1350.0 -0.59659
3150.0 1350.0 -0.47535
3250.0 1350.0 -0.13593
3350.0 1350.0 0.31154
3450.0 1350.0 0.71981
3550.0 1350.0 0.95710
3650.0 1350.0 0.95308
3750.0 1350.0 0.73834
3850.0 1350.0 0.46912
3950.0 1350.0 0.31578
4050.0 1350.0 0.31973
4150.0 1350.0 0.42847
4250.0 1350.0 0.54698
4350.0 1350.0 0.57962
4450.0 1350.0 0.46267
4550.0 1350.0 0.18743
4650.0 1350.0 -0.18580
4750.0 1350.0 -0.48109
4850.0 1350.0 -0.48919
4950.0 1350.0 -0.18511
5050.0 1350.0 0.31453
5150.0 1350.0 0.82298
5250.0 1350.0 1.15165
5350.0 1350.0 1.17528
5450.0 1350.0 0.89405
5550.0 1350.0 0.48810
5650.0 1350.0 0.22551
5750.0 1350.0 0.22251
5850.0 1350.0 0.44464
5950.0 1350.0 0.76652
6050.0 1350.0 1.02911
6150.0 1350.0 1.09417
6250.0 1350.0 0.89615
6350.0 1350.0 0.49129
50.0 1450.0 0.56967
150.0 1450.0 0.82864
250.0 1450.0 0.85490
350.0 1450.0 0.69534
450.0 1450.0 0.55756
550.0 1450.0 0.59122
650.0 1450.0 0.78528
750.0 1450.0 1.04132
850.0 1450.0 1.23860
950.0 1450.0 1.28208
1050.0 1450.0 1.13330
1150.0 1450.0 0.82426
1250.0 1450.0 0.45774
1350.0 1450.0 0.22078
1450.0 1450.0 0.23382
1550.0 1450.0 0.47460
1650.0 1450.0 0.82862
1750.0 1450.0 1.14235
1850.0 1450.0 1.27598
1950.0 1450.0 1.15555
2050.0 1450.0 0.82452
2150.0 1450.0 0.44843
2250.0 1450.0 0.11988
2350.0 1450.0 -0.11628
2450.0 1450.0 -0.24326
2550.0 1450.0 -0.28324
2650.0 1450.0 -0.29273
2750.0 1450.0 -0.34257
2850.0 1450.0 -0.48240
2950.0 1450.0 -0.68857
3050.0 1450.0 -0.79233
3150.0 1450.0 -0.63711
3250.0 1450.0 -0.22509
3350.0 1450.0 0.33203
3450.0 1450.0 0.87175
3550.0 1450.0 1.23790
3650.0 1450.0 1.33637
3750.0 1450.0 1.18924
3850.0 1450.0 0.96773
3950.0 1450.0 0.81514
4050.0 1450.0 0.74880
4150.0 1450.0 0.72808
4250.0 1450.0 0.69244
4350.0 1450.0 0.58926
4450.0 1450.0 0.39176
4550.0 1450.0 0.10707
4650.0 1450.0 -0.22524
4750.0 1450.0 -0.47209
4850.0 1450.0 -0.42921
4950.0 1450.0 -0.06796
5050.0 1450.0 0.49717
5150.0 1450.0 1.07850
5250.0 1450.0 1.48349
5350.0 1450.0 1.58150
5450.0 1450.0 1.36896
5550.0 1450.0 1.02664
5650.0 1450.0 0.80458
5750.0 1450.0 0.79623
5850.0 1450.0 0.96495
5950.0 1450.0 1.20125
6050.0 1450.0 1.37369
6150.0 1450.0 1.37420
6250.0 1450.0 1.15770
6350.0 1450.0 0.77619
50.0 1550.0 0.80102
150.0 1550.0 1.03409
250.0 1550.0 1.03103
350.0 1550.0 0.84314
450.0 1550.0 0.66403
550.0 1550.0 0.62249
650.0 1550.0 0.72935
750.0 1550.0 0.92437
850.0 1550.0 1.11542
950.0 1550.0 1.21325
1050.0 1550.0 1.16185
1150.0 1550.0 0.96432
1250.0 1550.0 0.70525
1350.0 1550.0 0.54371
1450.0 1550.0 0.56801
1550.0 1550.0 0.75543
1650.0 1550.0 1.01601
1750.0 1550.0 1.23514
1850.0 1550.0 1.31317
1950.0 1550.0 1.20195
2050.0 1550.0 0.93833
2150.0 1550.0 0.64170
2250.0 1550.0 0.37094
2350.0 1550.0 0.14895
2450.0 1550.0 -0.01677
2550.0 1550.0 -0.13880
2650.0 1550.0 -0.24696
2750.0 1550.0 -0.37772
2850.0 1550.0 -0.55603
2950.0 1550.0 -0.76788
3050.0 1550.0 -0.88040
3150.0 1550.0 -0.73784
3250.0 1550.0 -0.32405
3350.0 1550.0 0.26640
3450.0 1550.0 0.87596
3550.0 1550.0 1.33835
3650.0 1550.0 1.53936
3750.0 1550.0 1.48413
3850.0 1550.0 1.34134
3950.0 1550.0 1.21746
4050.0 1550.0 1.10364
4150.0 1550.0 0.97134
4250.0 1550.0 0.79659
4350.0 1550.0 0.57288
4450.0 1550.0 0.31350
4550.0 1550.0 0.04319
4650.0 1550.0 -0.22046
4750.0 1550.0 -0.40116
4850.0 1550.0 -0.32252
4950.0 1550.0 0.04609
5050.0 1550.0 0.60679
5150.0 1550.0 1.19265
5250.0 1550.0 1.62799
5350.0 1550.0 1.78963
5450.0 1550.0 1.66895
5550.0 1550.0 1.42766
5650.0 1550.0 1.27695
5750.0 1550.0 1.27860
5850.0 1550.0 1.39129
5950.0 1550.0 1.52538
6050.0 1550.0 1.58626
6150.0 1550.0 1.50739
6250.0 1550.0 1.27302
6350.0 1550.0 0.93065
50.0 1650.0 0.92093
150.0 1650.0 1.09281
250.0 1650.0 1.04096
350.0 1650.0 0.81746
450.0 1650.0 0.58946
550.0 1650.0 0.45938
650.0 1650.0 0.46415
750.0 1650.0 0.58861
850.0 1650.0 0.77421
950.0 1650.0 0.93818
1050.0 1650.0 1.00337
1150.0 1650.0 0.93856
1250.0 1650.0 0.80698
1350.0 1650.0 0.73401
1450.0 1650.0 0.76901
1550.0 1650.0 0.88880
1650.0 1650.0 1.03338
1750.0 1650.0 1.13540
1850.0 1650.0 1.14385
1950.0 1650.0 1.04173
2050.0 1650.0 0.85779
2150.0 1650.0 0.65973
2250.0 1650.0 0.48372
2350.0 1650.0 0.33303
2450.0 1650.0 0.19693
2550.0 1650.0 0.05910
2650.0 1650.0 -0.09564
2750.0 1650.0 -0.27631
2850.0 1650.0 -0.48225
2950.0 1650.0 -0.69976
3050.0 1650.0 -0.83749
3150.0 1650.0 -0.75948
3250.0 1650.0 -0.42799
3350.0 1650.0 0.09734
3450.0 1650.0 0.68656
3550.0 1650.0 1.18259
3650.0 1650.0 1.46050
3750.0 1650.0 1.50283
3850.0 1650.0 1.45571
3950.0 1650.0 1.38691
4050.0 1650.0 1.26566
4150.0 1650.0 1.07267
4250.0 1650.0 0.81346
4350.0 1650.0 0.51933
4450.0 1650.0 0.23691
4550.0 1650.0 0.00607
4650.0 1650.0 -0.17328
4750.0 1650.0 -0.28376
4850.0 1650.0 -0.19729
4950.0 1650.0 0.11618
5050.0 1650.0 0.58861
5150.0 1650.0 1.09468
5250.0 1650.0 1.49647
5350.0 1650.0 1.69191
5450.0 1650.0 1.66704
5550.0 1650.0 1.54568
5650.0 1650.0 1.48598
5750.0 1650.0 1.51635
5850.0 1650.0 1.58880
5950.0 1650.0 1.63236
6050.0 1650.0 1.58965
6150.0 1650.0 1.43766
6250.0 1650.0 1.19251
6350.0 1650.0 0.89852
50.0 1750.0 0.89441
150.0 1750.0 0.99386
250.0 1750.0 0.88910
350.0 1750.0 0.63089
450.0 1750.0 0.35640
550.0 1750.0 0.14183
650.0 1750.0 0.04879
750.0 1750.0 0.10504
850.0 1750.0 0.28413
950.0 1750.0 0.50974
1050.0 1750.0 0.68485
1150.0 1750.0 0.74570
1250.0 1750.0 0.73508
1350.0 1750.0 0.74642
1450.0 1750.0 0.79239
1550.0 1750.0 0.84936
1650.0 1750.0 0.88548
1750.0 1750.0 0.87790
1850.0 1750.0 0.82147
1950.0 1750.0 0.72854
2050.0 1750.0 0.62028
2150.0 1750.0 0.51887
2250.0 1750.0 0.45205
2350.0 1750.0 0.40923
2450.0 1750.0 0.35706
2550.0 1750.0 0.26456
2650.0 1750.0 0.11773
2750.0 1750.0 -0.07619
2850.0 1750.0 -0.29500
2950.0 1750.0 -0.51711
3050.0 1750.0 -0.69089
3150.0 1750.0 -0.71466
3250.0 1750.0 -0.53035
3350.0 1750.0 -0.15254
3450.0 1750.0 0.33280
3550.0 1750.0 0.79473
3650.0 1750.0 1.10889
3750.0 1750.0 1.23431
3850.0 1750.0 1.27981
3950.0 1750.0 1.28087
4050.0 1750.0 1.19368
4150.0 1750.0 1.00342
4250.0 1750.0 0.73186
4350.0 1750.0 0.43197
4450.0 1750.0 0.17004
4550.0 1750.0 -0.00455
4650.0 1750.0 -0.10160
4750.0 1750.0 -0.15244
4850.0 1750.0 -0.08774
4950.0 1750.0 0.11958
5050.0 1750.0 0.43830
5150.0 1750.0 0.79691
5250.0 1750.0 1.10822
5350.0 1750.0 1.30052
5450.0 1750.0 1.35538
5550.0 1750.0 1.34785
5650.0 1750.0 1.38060
5750.0 1750.0 1.45457
5850.0 1750.0 1.51431
5950.0 1750.0 1.50183
6050.0 1750.0 1.38885
6150.0 1750.0 1.18799
6250.0 1750.0 0.94276
6350.0 1750.0 0.69646
50.0 1850.0 0.74646
150.0 1850.0 0.79137
250.0 1850.0 0.64696
350.0 1850.0 0.36290
450.0 1850.0 0.05348
550.0 1850.0 -0.22552
650.0 1850.0 -0.39431
750.0 1850.0 -0.39276
850.0 1850.0 -0.22265
950.0 1850.0 0.04535
1050.0 1850.0 0.30009
1150.0 1850.0 0.45368
1250.0 1850.0 0.53304
1350.0 1850.0 0.60845
1450.0 1850.0 0.66643
1550.0 1850.0 0.68282
1650.0 1850.0 0.64557
1750.0 1850.0 0.56341
1850.0 1850.0 0.46386
1950.0 1850.0 0.38039
2050.0 1850.0 0.32892
2150.0 1850.0 0.30157
2250.0 1850.0 0.32944
2350.0 1850.0 0.39497
2450.0 1850.0 0.44426
2550.0 1850.0 0.42763
2650.0 1850.0 0.32313
2750.0 1850.0 0.14319
2850.0 1850.0 -0.07587
2950.0 1850.0 -0.30089
3050.0 1850.0 -0.51134
3150.0 1850.0 -0.64379
3250.0 1850.0 -0.62512
3350.0 1850.0 -0.42672
3450.0 1850.0 -0.08740
3550.0 1850.0 0.29545
3650.0 1850.0 0.60673
3750.0 1850.0 0.78624
3850.0 1850.0 0.90219
3950.0 1850.0 0.96998
4050.0 1850.0 0.94264
4150.0 1850.0 0.80501
4250.0 1850.0 0.58117
4350.0 1850.0 0.32822
4450.0 1850.0 0.11707
4550.0 1850.0 0.00012
4650.0 1850.0 -0.03379
4750.0 1850.0 -0.04617
4850.0 1850.0 -0.02225
4950.0 1850.0 0.06074
5050.0 1850.0 0.20617
5150.0 1850.0 0.39462
5250.0 1850.0 0.58920
5350.0 1850.0 0.74952
5450.0 1850.0 0.85425
5550.0 1850.0 0.93147
5650.0 1850.0 1.03893
5750.0 1850.0 1.16127
5850.0 1850.0 1.23644
5950.0 1850.0 1.21143
6050.0 1850.0 1.07351
6150.0 1850.0 0.85630
6250.0 1850.0 0.62090
6350.0 1850.0 0.41184
50.0 1950.0 0.54534
150.0 1950.0 0.57606
250.0 1950.0 0.41771
350.0 1950.0 0.12136
450.0 1950.0 -0.20648
550.0 1950.0 -0.52114
650.0 1950.0 -0.73394
750.0 1950.0 -0.76739
850.0 1950.0 -0.60927
950.0 1950.0 -0.32581
1050.0 1950.0 -0.03428
1150.0 1950.0 0.16528
1250.0 1950.0 0.29056
1350.0 1950.0 0.40122
1450.0 1950.0 0.47264
1550.0 1950.0 0.48001
1650.0 1950.0 0.41920
1750.0 1950.0 0.31216
1850.0 1950.0 0.20039
1950.0 1950.0 0.12670
2050.0 1950.0 0.10513
2150.0 1950.0 0.11690
2250.0 1950.0 0.20149
2350.0 1950.0 0.33992
2450.0 1950.0 0.46547
2550.0 1950.0 0.51402
2650.0 1950.0 0.45403
2750.0 1950.0 0.29622
2850.0 1950.0 0.08291
2950.0 1950.0 -0.14332
3050.0 1950.0 -0.38074
3150.0 1950.0 -0.59620
3250.0 1950.0 -0.70906
3350.0 1950.0 -0.66053
3450.0 1950.0 -0.45330
3550.0 1950.0 -0.15576
3650.0 1950.0 0.12901
3750.0 1950.0 0.32962
3850.0 1950.0 0.48283
3950.0 1950.0 0.59761
4050.0 1950.0 0.63109
4150.0 1950.0 0.56475
4250.0 1950.0 0.41522
4350.0 1950.0 0.23122
4450.0 1950.0 0.07717
4550.0 1950.0 0.00346
4650.0 1950.0 0.00344
4750.0 1950.0 0.00544
4850.0 1950.0 -0.01318
4950.0 1950.0 -0.03365
5050.0 1950.0 -0.02864
5150.0 1950.0 0.01964
5250.0 1950.0 0.11106
5350.0 1950.0 0.22886
5450.0 1950.0 0.35067
5550.0 1950.0 0.47121
5650.0 1950.0 0.62301
5750.0 1950.0 0.78680
5850.0 1950.0 0.89601
5950.0 1950.0 0.89531
6050.0 1950.0 0.77345
6150.0 1950.0 0.56899
6250.0 1950.0 0.34901
6350.0 1950.0 0.16080
50.0 2050.0 0.35441
150.0 2050.0 0.41135
250.0 2050.0 0.26358
350.0 2050.0 -0.03331
450.0 2050.0 -0.36580
550.0 2050.0 -0.69210
650.0 2050.0 -0.92227
750.0 2050.0 -0.97409
850.0 2050.0 -0.83022
950.0 2050.0 -0.55355
1050.0 2050.0 -0.26078
1150.0 2050.0 -0.05416
1250.0 2050.0 0.08034
1350.0 2050.0 0.20223
1450.0 2050.0 0.28826
1550.0 2050.0 0.31283
1650.0 2050.0 0.26991
1750.0 2050.0 0.17933
1850.0 2050.0 0.08105
1950.0 2050.0 0.01738
2050.0 2050.0 0.00332
2150.0 2050.0 0.02379
2250.0 2050.0 0.12559
2350.0 2050.0 0.29095
2450.0 2050.0 0.44893
2550.0 2050.0 0.52911
2650.0 2050.0 0.49412
2750.0 2050.0 0.35128
2850.0 2050.0 0.14326
2950.0 2050.0 -0.08308
3050.0 2050.0 -0.33454
3150.0 2050.0 -0.59551
3250.0 2050.0 -0.78395
3350.0 2050.0 -0.82657
3450.0 2050.0 -0.70613
3550.0 2050.0 -0.47283
3650.0 2050.0 -0.21964
3750.0 2050.0 -0.02164
3850.0 2050.0 0.14045
3950.0 2050.0 0.27881
4050.0 2050.0 0.35765
4150.0 2050.0 0.35429
4250.0 2050.0 0.27440
4350.0 2050.0 0.15352
4450.0 2050.0 0.04510
4550.0 2050.0 -0.00480
4650.0 2050.0 0.00376
4750.0 2050.0 0.00285
4850.0 2050.0 -0.04821
4950.0 2050.0 -0.13347
5050.0 2050.0 -0.21385
5150.0 2050.0 -0.25239
5250.0 2050.0 -0.22967
5350.0 2050.0 -0.14926
5450.0 2050.0 -0.03326
5550.0 2050.0 0.09607
5650.0 2050.0 0.26459
5750.0 2050.0 0.45780
5850.0 2050.0 0.60682
5950.0 2050.0 0.64970
6050.0 2050.0 0.56735
6150.0 2050.0 0.39201
6250.0 2050.0 0.18824
6350.0 2050.0 0.00652
50.0 2150.0 0.17234
150.0 2150.0 0.26584
250.0 2150.0 0.13536
350.0 2150.0 -0.15820
450.0 2150.0 -0.49118
550.0 2150.0 -0.82303
650.0 2150.0 -1.06398
750.0 2150.0 -1.12934
850.0 2150.0 -0.99833
950.0 2150.0 -0.73071
1050.0 2150.0 -0.44141
1150.0 2150.0 -0.23312
1250.0 2150.0 -0.09441
1350.0 2150.0 0.03553
1450.0 2150.0 0.13608
1550.0 2150.0 0.18010
1650.0 2150.0 0.15783
1750.0 2150.0 0.08506
1850.0 2150.0 -0.00122
1950.0 2150.0 -0.05951
2050.0 2150.0 -0.07301
2150.0 2150.0 -0.05266
2250.0 2150.0 0.05139
2350.0 2150.0 0.22285
2450.0 2150.0 0.39088
2550.0 2150.0 0.48369
2650.0 2150.0 0.46157
2750.0 2150.0 0.32930
2850.0 2150.0 0.12806
2950.0 2150.0 -0.09436
3050.0 2150.0 -0.35168
3150.0 2150.0 -0.64209
3250.0 2150.0 -0.88488
3350.0 2150.0 -0.99788
3450.0 2150.0 -0.94927
3550.0 2150.0 -0.77399
3650.0 2150.0 -0.55464
3750.0 2150.0 -0.36691
3850.0 2150.0 -0.20430
3950.0 2150.0 -0.04550
4050.0 2150.0 0.08341
4150.0 2150.0 0.15414
4250.0 2150.0 0.15753
4350.0 2150.0 0.11117
4450.0 2150.0 0.05355
4550.0 2150.0 0.02477
4650.0 2150.0 0.03374
4750.0 2150.0 0.02242
4850.0 2150.0 -0.06415
4950.0 2150.0 -0.21291
5050.0 2150.0 -0.37519
5150.0 2150.0 -0.49787
5250.0 2150.0 -0.54459
5350.0 2150.0 -0.50709
5450.0 2150.0 -0.40675
5550.0 2150.0 -0.28010
5650.0 2150.0 -0.10362
5750.0 2150.0 0.11706
5850.0 2150.0 0.31273
5950.0 2150.0 0.41370
6050.0 2150.0 0.38908
6150.0 2150.0 0.25916
6250.0 2150.0 0.08114
6350.0 2150.0 -0.09181
50.0 2250.0 0.00084
150.0 2250.0 0.12434
250.0 2250.0 0.01056
350.0 2250.0 -0.27522
450.0 2250.0 -0.60486
550.0 2250.0 -0.94230
650.0 2250.0 -1.19541
750.0 2250.0 -1.27274
850.0 2250.0 -1.14677
950.0 2250.0 -0.87348
1050.0 2250.0 -0.56808
1150.0 2250.0 -0.33689
1250.0 2250.0 -0.17333
1350.0 2250.0 -0.02065
1450.0 2250.0 0.09440
1550.0 2250.0 0.13917
1650.0 2250.0 0.10284
1750.0 2250.0 0.00577
1850.0 2250.0 -0.10613
1950.0 2250.0 -0.18207
2050.0 2250.0 -0.20207
2150.0 2250.0 -0.18757
2250.0 2250.0 -0.10123
2350.0 2250.0 0.04212
2450.0 2250.0 0.18080
2550.0 2250.0 0.25293
2650.0 2250.0 0.22492
2750.0 2250.0 0.10204
2850.0 2250.0 -0.07926
2950.0 2250.0 -0.27812
3050.0 2250.0 -0.51840
3150.0 2250.0 -0.81238
3250.0 2250.0 -1.08691
3350.0 2250.0 -1.25747
3450.0 2250.0 -1.28037
3550.0 2250.0 -1.17286
3650.0 2250.0 -1.00092
3750.0 2250.0 -0.83502
3850.0 2250.0 -0.67903
3950.0 2250.0 -0.48679
4050.0 2250.0 -0.26518
4150.0 2250.0 -0.05430
4250.0 2250.0 0.10656
4350.0 2250.0 0.19906
4450.0 2250.0 0.23221
4550.0 2250.0 0.23483
4650.0 2250.0 0.23409
4750.0 2250.0 0.19582
4850.0 2250.0 0.04565
4950.0 2250.0 -0.20798
5050.0 2250.0 -0.50284
5150.0 2250.0 -0.76228
5250.0 2250.0 -0.92490
5350.0 2250.0 -0.96469
5450.0 2250.0 -0.90150
5550.0 2250.0 -0.79293
5650.0 2250.0 -0.62015
5750.0 2250.0 -0.37113
5850.0 2250.0 -0.10775
5950.0 2250.0 0.09369
6050.0 2250.0 0.18335
6150.0 2250.0 0.15643
6250.0 2250.0 0.04955
6350.0 2250.0 -0.08516
50.0 2350.0 -0.11633
150.0 2350.0 0.02016
250.0 2350.0 -0.08159
350.0 2350.0 -0.35436
450.0 2350.0 -0.67612
550.0 2350.0 -1.02101
650.0 2350.0 -1.29154
750.0 2350.0 -1.38331
850.0 2350.0 -1.25698
950.0 2350.0 -0.96289
1050.0 2350.0 -0.61838
1150.0 2350.0 -0.33765
1250.0 2350.0 -0.12243
1350.0 2350.0 0.07352
1450.0 2350.0 0.20724
1550.0 2350.0 0.23527
1650.0 2350.0 0.14786
1750.0 2350.0 -0.02049
1850.0 2350.0 -0.20114
1950.0 2350.0 -0.32166
2050.0 2350.0 -0.35676
2150.0 2350.0 -0.35507
2250.0 2350.0 -0.30944
2350.0 2350.0 -0.23256
2450.0 2350.0 -0.16597
2550.0 2350.0 -0.14879
2650.0 2350.0 -0.19927
2750.0 2350.0 -0.30928
2850.0 2350.0 -0.45162
2950.0 2350.0 -0.60130
3050.0 2350.0 -0.79316
3150.0 2350.0 -1.05140
3250.0 2350.0 -1.31850
3350.0 2350.0 -1.51774
3450.0 2350.0 -1.59965
3550.0 2350.0 -1.56308
3650.0 2350.0 -1.45091
3750.0 2350.0 -1.32042
3850.0 2350.0 -1.18174
3950.0 2350.0 -0.95195
4050.0 2350.0 -0.61220
4150.0 2350.0 -0.21932
4250.0 2350.0 0.14595
4350.0 2350.0 0.41643
4450.0 2350.0 0.56143
4550.0 2350.0 0.59511
4650.0 2350.0 0.56988
4750.0 2350.0 0.48812
4850.0 2350.0 0.25835
4950.0 2350.0 -0.11613
5050.0 2350.0 -0.56032
5150.0 2350.0 -0.97451
5250.0 2350.0 -1.27227
5350.0 2350.0 -1.40930
5450.0 2350.0 -1.40327
5550.0 2350.0 -1.33301
5650.0 2350.0 -1.18667
5750.0 2350.0 -0.92860
5850.0 2350.0 -0.60202
5950.0 2350.0 -0.28254
6050.0 2350.0 -0.04032
6150.0 2350.0 0.08476
6250.0 2350.0 0.09514
6350.0 2350.0 0.03454
50.0 2450.0 -0.13982
150.0 2450.0 -0.01411
250.0 2450.0 -0.11244
350.0 2450.0 -0.36904
450.0 2450.0 -0.68006
550.0 2450.0 -1.03615
650.0 2450.0 -1.33253
750.0 2450.0 -1.44655
850.0 2450.0 -1.32200
950.0 2450.0 -1.00094
1050.0 2450.0 -0.60334
1150.0 2450.0 -0.25425
1250.0 2450.0 0.03266
1350.0 2450.0 0.28915
1450.0 2450.0 0.45019
1550.0 2450.0 0.45719
1650.0 2450.0 0.30157
1750.0 2450.0 0.03680
1850.0 2450.0 -0.23738
1950.0 2450.0 -0.41882
2050.0 2450.0 -0.47468
2150.0 2450.0 -0.49039
2250.0 2450.0 -0.49886
2350.0 2450.0 -0.50925
2450.0 2450.0 -0.53582
2550.0 2450.0 -0.58745
2650.0 2450.0 -0.66272
2750.0 2450.0 -0.75067
2850.0 2450.0 -0.83731
2950.0 2450.0 -0.91847
3050.0 2450.0 -1.03624
3150.0 2450.0 -1.22186
3250.0 2450.0 -1.43939
3350.0 2450.0 -1.62975
3450.0 2450.0 -1.74550
3550.0 2450.0 -1.76987
3650.0 2450.0 -1.71978
3750.0 2450.0 -1.63306
3850.0 2450.0 -1.52146
3950.0 2450.0 -1.26782
4050.0 2450.0 -0.82998
4150.0 2450.0 -0.28109
4250.0 2450.0 0.25929
4350.0 2450.0 0.67897
4450.0 2450.0 0.91137
4550.0 2450.0 0.95802
4650.0 2450.0 0.89506
4750.0 2450.0 0.76386
4850.0 2450.0 0.46928
4950.0 2450.0 0.01126
5050.0 2450.0 -0.53075
5150.0 2450.0 -1.04748
5250.0 2450.0 -1.44107
5350.0 2450.0 -1.65803
5450.0 2450.0 -1.71387
5550.0 2450.0 -1.69734
5650.0 2450.0 -1.60439
5750.0 2450.0 -1.37838
5850.0 2450.0 -1.03362
5950.0 2450.0 -0.63181
6050.0 2450.0 -0.25427
6150.0 2450.0 0.02583
6250.0 2450.0 0.17125
6350.0 2450.0 0.20851
50.0 2550.0 -0.06291
150.0 2550.0 0.02982
250.0 2550.0 -0.07461
350.0 2550.0 -0.31514
450.0 2550.0 -0.61533
550.0 2550.0 -0.98701
650.0 2550.0 -1.31787
750.0 2550.0 -1.46460
850.0 2550.0 -1.35099
950.0 2550.0 -1.00828
1050.0 2550.0 -0.55791
1150.0 2550.0 -0.13653
1250.0 2550.0 0.22788
1350.0 2550.0 0.55256
1450.0 2550.0 0.75103
1550.0 2550.0 0.74793
1650.0 2550.0 0.53359
1750.0 2550.0 0.17891
1850.0 2550.0 -0.18572
1950.0 2550.0 -0.42758
2050.0 2550.0 -0.50479
2150.0 2550.0 -0.53836
2250.0 2550.0 -0.59960
2350.0 2550.0 -0.69245
2450.0 2550.0 -0.80328
2550.0 2550.0 -0.91158
2650.0 2550.0 -0.99834
2750.0 2550.0 -1.05250
2850.0 2550.0 -1.07511
2950.0 2550.0 -1.08185
3050.0 2550.0 -1.11507
3150.0 2550.0 -1.20701
3250.0 2550.0 -1.34502
3350.0 2550.0 -1.49352
3450.0 2550.0 -1.61400
3550.0 2550.0 -1.67934
3650.0 2550.0 -1.68249
3750.0 2550.0 -1.63946
3850.0 2550.0 -1.56027
3950.0 2550.0 -1.30982
4050.0 2550.0 -0.83359
4150.0 2550.0 -0.21525
4250.0 2550.0 0.40290
4350.0 2550.0 0.88346
4450.0 2550.0 1.14068
4550.0 2550.0 1.17041
4650.0 2550.0 1.06289
4750.0 2550.0 0.88939
4850.0 2550.0 0.57113
4950.0 2550.0 0.10839
5050.0 2550.0 -0.42820
5150.0 2550.0 -0.94174
5250.0 2550.0 -1.34573
5350.0 2550.0 -1.59316
5450.0 2550.0 -1.69810
5550.0 2550.0 -1.74016
5650.0 2550.0 -1.72216
5750.0 2550.0 -1.57695
5850.0 2550.0 -1.28451
5950.0 2550.0 -0.87812
6050.0 2550.0 -0.43348
6150.0 2550.0 -0.04387
6250.0 2550.0 0.21874
6350.0 2550.0 0.35653
50.0 2650.0 0.08061
150.0 2650.0 0.12865
250.0 2650.0 0.01149
350.0 2650.0 -0.21620
450.0 2650.0 -0.50821
550.0 2650.0 -0.89868
650.0 2650.0 -1.26942
750.0 2650.0 -1.45771
850.0 2650.0 -1.36733
950.0 2650.0 -1.01733
1050.0 2650.0 -0.52836
1150.0 2650.0 -0.04685
1250.0 2650.0 0.38469
1350.0 2650.0 0.77281
1450.0 2650.0 1.01617
1550.0 2650.0 1.02430
1650.0 2650.0 0.78290
1750.0 2650.0 0.37299
1850.0 2650.0 -0.05310
1950.0 2650.0 -0.33865
2050.0 2650.0 -0.43265
2150.0 2650.0 -0.48035
2250.0 2650.0 -0.57921
2350.0 2650.0 -0.72668
2450.0 2650.0 -0.88725
2550.0 2650.0 -1.01958
2650.0 2650.0 -1.09474
2750.0 2650.0 -1.10560
2850.0 2650.0 -1.06735
2950.0 2650.0 -1.00929
3050.0 2650.0 -0.96646
3150.0 2650.0 -0.96755
3250.0 2650.0 -1.01997
3350.0 2650.0 -1.11139
3450.0 2650.0 -1.21532
3550.0 2650.0 -1.29995
3650.0 2650.0 -1.34016
3750.0 2650.0 -1.33260
3850.0 2650.0 -1.28468
3950.0 2650.0 -1.06660
4050.0 2650.0 -0.62633
4150.0 2650.0 -0.04933
4250.0 2650.0 0.52209
4350.0 2650.0 0.95265
4450.0 2650.0 1.16011
4550.0 2650.0 1.14359
4650.0 2650.0 0.99362
4750.0 2650.0 0.79483
4850.0 2650.0 0.50322
4950.0 2650.0 0.12328
5050.0 2650.0 -0.29569
5150.0 2650.0 -0.69064
5250.0 2650.0 -1.00896
5350.0 2650.0 -1.22594
5450.0 2650.0 -1.35531
5550.0 2650.0 -1.44864
5650.0 2650.0 -1.51321
5750.0 2650.0 -1.48539
5850.0 2650.0 -1.31228
5950.0 2650.0 -0.98878
6050.0 2650.0 -0.56756
6150.0 2650.0 -0.14290
6250.0 2650.0 0.19152
6350.0 2650.0 0.41087
50.0 2750.0 0.22904
150.0 2750.0 0.23622
250.0 2750.0 0.10539
350.0 2750.0 -0.11466
450.0 2750.0 -0.40291
550.0 2750.0 -0.81288
650.0 2750.0 -1.22336
750.0 2750.0 -1.45684
850.0 2750.0 -1.40036
950.0 2750.0 -1.06106
1050.0 2750.0 -0.55632
1150.0 2750.0 -0.03866
1250.0 2750.0 0.43701
1350.0 2750.0 0.87279
1450.0 2750.0 1.16282
1550.0 2750.0 1.20577
1650.0 2750.0 0.97930
1750.0 2750.0 0.56418
1850.0 2750.0 0.12090
1950.0 2750.0 -0.18152
2050.0 2750.0 -0.28418
2150.0 2750.0 -0.33943
2250.0 2750.0 -0.45250
2350.0 2750.0 -0.61402
2450.0 2750.0 -0.77703
2550.0 2750.0 -0.89260
2650.0 2750.0 -0.93209
2750.0 2750.0 -0.89626
2850.0 2750.0 -0.81101
2950.0 2750.0 -0.70997
3050.0 2750.0 -0.61591
3150.0 2750.0 -0.55260
3250.0 2750.0 -0.54058
3350.0 2750.0 -0.58417
3450.0 2750.0 -0.66692
3550.0 2750.0 -0.75610
3650.0 2750.0 -0.81605
3750.0 2750.0 -0.83054
3850.0 2750.0 -0.80648
3950.0 2750.0 -0.64054
4050.0 2750.0 -0.29599
4150.0 2750.0 0.14808
4250.0 2750.0 0.56990
4350.0 2750.0 0.86055
4450.0 2750.0 0.96110
4550.0 2750.0 0.88126
4650.0 2750.0 0.69942
4750.0 2750.0 0.49580
4850.0 2750.0 0.27051
4950.0 2750.0 0.03495
5050.0 2750.0 -0.18984
5150.0 2750.0 -0.38694
5250.0 2750.0 -0.55095
5350.0 2750.0 -0.68907
5450.0 2750.0 -0.81572
5550.0 2750.0 -0.94324
5650.0 2750.0 -1.08053
5750.0 2750.0 -1.17946
5850.0 2750.0 -1.16224
5950.0 2750.0 -0.98417
6050.0 2750.0 -0.66376
6150.0 2750.0 -0.27877
6250.0 2750.0 0.07165
6350.0 2750.0 0.33879
50.0 2850.0 0.32573
150.0 2850.0 0.30847
250.0 2850.0 0.16839
350.0 2850.0 -0.04923
450.0 2850.0 -0.33825
550.0 2850.0 -0.76596
650.0 2850.0 -1.21116
750.0 2850.0 -1.48760
850.0 2850.0 -1.47062
950.0 2850.0 -1.15723
1050.0 2850.0 -0.65965
1150.0 2850.0 -0.13229
1250.0 2850.0 0.36092
1350.0 2850.0 0.82410
1450.0 2850.0 1.15687
1550.0 2850.0 1.25235
1650.0 2850.0 1.07790
1750.0 2850.0 0.70457
1850.0 2850.0 0.28713
1950.0 2850.0 -0.00529
2050.0 2850.0 -0.10806
2150.0 2850.0 -0.16394
2250.0 2850.0 -0.26827
2350.0 2850.0 -0.40550
2450.0 2850.0 -0.52814
2550.0 2850.0 -0.59252
2650.0 2850.0 -0.57948
2750.0 2850.0 -0.50016
2850.0 2850.0 -0.38666
2950.0 2850.0 -0.26803
3050.0 2850.0 -0.15377
3150.0 2850.0 -0.06473
3250.0 2850.0 -0.02659
3350.0 2850.0 -0.05032
3450.0 2850.0 -0.12366
3550.0 2850.0 -0.21374
3650.0 2850.0 -0.28093
3750.0 2850.0 -0.30391
3850.0 2850.0 -0.29321
3950.0 2850.0 -0.18413
4050.0 2850.0 0.03793
4150.0 2850.0 0.30529
4250.0 2850.0 0.52838
4350.0 2850.0 0.63804
4450.0 2850.0 0.60916
4550.0 2850.0 0.46562
4650.0 2850.0 0.26648
4750.0 2850.0 0.07468
4850.0 2850.0 -0.06736
4950.0 2850.0 -0.14072
5050.0 2850.0 -0.15217
5150.0 2850.0 -0.13095
5250.0 2850.0 -0.11945
5350.0 2850.0 -0.15763
5450.0 2850.0 -0.26132
5550.0 2850.0 -0.40299
5650.0 2850.0 -0.59086
5750.0 2850.0 -0.79848
5850.0 2850.0 -0.93432
5950.0 2850.0 -0.92107
6050.0 2850.0 -0.74126
6150.0 2850.0 -0.44585
6250.0 2850.0 -0.12581
6350.0 2850.0 0.15343
50.0 2950.0 0.37087
150.0 2950.0 0.34283
250.0 2950.0 0.19820
350.0 2950.0 -0.01940
450.0 2950.0 -0.31121
550.0 2950.0 -0.75425
650.0 2950.0 -1.22909
750.0 2950.0 -1.54476
850.0 2950.0 -1.56838
950.0 2950.0 -1.28832
1050.0 2950.0 -0.81066
1150.0 2950.0 -0.28921
1250.0 2950.0 0.20558
1350.0 2950.0 0.68331
1450.0 2950.0 1.05455
1550.0 2950.0 1.21012
1650.0 2950.0 1.10631
1750.0 2950.0 0.79944
1850.0 2950.0 0.43105
1950.0 2950.0 0.16334
2050.0 2950.0 0.06526
2150.0 2950.0 0.01253
2250.0 2950.0 -0.07114
2350.0 2950.0 -0.16478
2450.0 2950.0 -0.22642
2550.0 2950.0 -0.22435
2650.0 2950.0 -0.15328
2750.0 2950.0 -0.03533
2850.0 2950.0 0.09409
2950.0 2950.0 0.21506
3050.0 2950.0 0.33017
3150.0 2950.0 0.41910
3250.0 2950.0 0.45585
3350.0 2950.0 0.42958
3450.0 2950.0 0.35310
3550.0 2950.0 0.26010
3650.0 2950.0 0.19094
3750.0 2950.0 0.16715
3850.0 2950.0 0.17168
3950.0 2950.0 0.22766
4050.0 2950.0 0.32618
4150.0 2950.0 0.41238
4250.0 2950.0 0.43162
4350.0 2950.0 0.35740
4450.0 2950.0 0.20053
4550.0 2950.0 -0.00048
4650.0 2950.0 -0.20758
4750.0 2950.0 -0.38031
4850.0 2950.0 -0.43959
4950.0 2950.0 -0.35947
5050.0 2950.0 -0.17113
5150.0 2950.0 0.05507
5250.0 2950.0 0.23393
5350.0 2950.0 0.29581
5450.0 2950.0 0.22327
5550.0 2950.0 0.07957
5650.0 2950.0 -0.14166
5750.0 2950.0 -0.43661
5850.0 2950.0 -0.70745
5950.0 2950.0 -0.85147
6050.0 2950.0 -0.81817
6150.0 2950.0 -0.62920
6250.0 2950.0 -0.36096
6350.0 2950.0 -0.08995
50.0 3050.0 0.39072
150.0 3050.0 0.34121
250.0 3050.0 0.19797
350.0 3050.0 -0.00278
450.0 3050.0 -0.27766
550.0 3050.0 -0.71496
650.0 3050.0 -1.20265
750.0 3050.0 -1.55103
850.0 3050.0 -1.62130
950.0 3050.0 -1.39026
1050.0 3050.0 -0.95115
1150.0 3050.0 -0.45055
1250.0 3050.0 0.03486
1350.0 3050.0 0.52130
1450.0 3050.0 0.93579
1550.0 3050.0 1.16792
1650.0 3050.0 1.15955
1750.0 3050.0 0.94598
1850.0 3050.0 0.64811
1950.0 3050.0 0.41595
2050.0 3050.0 0.32307
2150.0 3050.0 0.27042
2250.0 3050.0 0.19942
2350.0 3050.0 0.13425
2450.0 3050.0 0.11221
2550.0 3050.0 0.15614
2650.0 3050.0 0.26179
2750.0 3050.0 0.40007
2850.0 3050.0 0.53410
2950.0 3050.0 0.65063
3050.0 3050.0 0.76020
3150.0 3050.0 0.84507
3250.0 3050.0 0.88300
3350.0 3050.0 0.86569
3450.0 3050.0 0.80557
3550.0 3050.0 0.73285
3650.0 3050.0 0.68292
3750.0 3050.0 0.67400
3850.0 3050.0 0.68487
3950.0 3050.0 0.69507
4050.0 3050.0 0.66679
4150.0 3050.0 0.55605
4250.0 3050.0 0.34564
4350.0 3050.0 0.05808
4450.0 3050.0 -0.25187
4550.0 3050.0 -0.52496
4650.0 3050.0 -0.74529
4750.0 3050.0 -0.90494
4850.0 3050.0 -0.89352
4950.0 3050.0 -0.67661
5050.0 3050.0 -0.30563
5150.0 3050.0 0.11235
5250.0 3050.0 0.45200
5350.0 3050.0 0.61422
5450.0 3050.0 0.57786
5550.0 3050.0 0.43918
5650.0 3050.0 0.19749
5750.0 3050.0 -0.16506
5850.0 3050.0 -0.55037
5950.0 3050.0 -0.83752
6050.0 3050.0 -0.94751
6150.0 3050.0 -0.87273
6250.0 3050.0 -0.67120
6350.0 3050.0 -0.42556
50.0 3150.0 0.34983
150.0 3150.0 0.26048
250.0 3150.0 0.13653
350.0 3150.0 -0.00586
450.0 3150.0 -0.21565
550.0 3150.0 -0.59532
650.0 3150.0 -1.05309
750.0 3150.0 -1.41469
850.0 3150.0 -1.54107
950.0 3150.0 -1.39126
1050.0 3150.0 -1.03032
1150.0 3150.0 -0.58249
1250.0 3150.0 -0.12966
1350.0 3150.0 0.34994
1450.0 3150.0 0.80841
1550.0 3150.0 1.13657
1650.0 3150.0 1.25751
1750.0 3150.0 1.17573
1850.0 3150.0 0.97978
1950.0 3150.0 0.79825
2050.0 3150.0 0.70932
2150.0 3150.0 0.64893
2250.0 3150.0 0.57137
2350.0 3150.0 0.49948
2450.0 3150.0 0.46837
2550.0 3150.0 0.49949
2650.0 3150.0 0.58875
2750.0 3150.0 0.70863
2850.0 3150.0 0.82434
2950.0 3150.0 0.92338
3050.0 3150.0 1.01456
3150.0 3150.0 1.08616
3250.0 3150.0 1.12853
3350.0 3150.0 1.14183
3450.0 3150.0 1.13701
3550.0 3150.0 1.13257
3650.0 3150.0 1.14716
3750.0 3150.0 1.18802
3850.0 3150.0 1.23500
3950.0 3150.0 1.22712
4050.0 3150.0 1.08989
4150.0 3150.0 0.78258
4250.0 3150.0 0.32363
4350.0 3150.0 -0.20962
4450.0 3150.0 -0.70690
4550.0 3150.0 -1.07675
4650.0 3150.0 -1.32339
4750.0 3150.0 -1.48785
4850.0 3150.0 -1.44293
4950.0 3150.0 -1.14301
5050.0 3150.0 -0.64778
5150.0 3150.0 -0.08754
5250.0 3150.0 0.38196
5350.0 3150.0 0.63507
5450.0 3150.0 0.64208
5550.0 3150.0 0.52297
5650.0 3150.0 0.29189
5750.0 3150.0 -0.08564
5850.0 3150.0 -0.52485
5950.0 3150.0 -0.90519
6050.0 3150.0 -1.13301
6150.0 3150.0 -1.17552
6250.0 3150.0 -1.06621
6350.0 3150.0 -0.88177
50.0 3250.0 0.22652
150.0 3250.0 0.09630
250.0 3250.0 0.01767
350.0 3250.0 -0.02348
450.0 3250.0 -0.11909
550.0 3250.0 -0.38573
650.0 3250.0 -0.76445
750.0 3250.0 -1.11159
850.0 3250.0 -1.29521
950.0 3250.0 -1.25202
1050.0 3250.0 -1.00482
1150.0 3250.0 -0.64036
1250.0 3250.0 -0.24379
1350.0 3250.0 0.20632
1450.0 3250.0 0.68979
1550.0 3250.0 1.10225
1650.0 3250.0 1.34934
1750.0 3250.0 1.40281
1850.0 3250.0 1.31408
1950.0 3250.0 1.18500
2050.0 3250.0 1.09612
2150.0 3250.0 1.02074
2250.0 3250.0 0.92099
2350.0 3250.0 0.81470
2450.0 3250.0 0.73631
2550.0 3250.0 0.71126
2650.0 3250.0 0.74288
2750.0 3250.0 0.81197
2850.0 3250.0 0.88886
2950.0 3250.0 0.95743
3050.0 3250.0 1.01466
3150.0 3250.0 1.05491
3250.0 3250.0 1.08996
3350.0 3250.0 1.13696
3450.0 3250.0 1.20815
3550.0 3250.0 1.30584
3650.0 3250.0 1.42250
3750.0 3250.0 1.54614
3850.0 3250.0 1.66126
3950.0 3250.0 1.68249
4050.0 3250.0 1.49936
4150.0 3250.0 1.06203
4250.0 3250.0 0.40993
4350.0 3250.0 -0.33450
4450.0 3250.0 -1.00706
4550.0 3250.0 -1.47783
4650.0 3250.0 -1.76136
4750.0 3250.0 -1.95237
4850.0 3250.0 -1.92718
4950.0 3250.0 -1.62748
5050.0 3250.0 -1.10467
5150.0 3250.0 -0.49092
5250.0 3250.0 0.04552
5350.0 3250.0 0.36092
5450.0 3250.0 0.41249
5550.0 3250.0 0.32783
5650.0 3250.0 0.14527
5750.0 3250.0 -0.17644
5850.0 3250.0 -0.58073
5950.0 3250.0 -0.97137
6050.0 3250.0 -1.26077
6150.0 3250.0 -1.40121
6250.0 3250.0 -1.39864
6350.0 3250.0 -1.30942
50.0 3350.0 0.02821
150.0 3350.0 -0.12141
250.0 3350.0 -0.12943
350.0 3350.0 -0.04296
450.0 3350.0 0.00509
550.0 3350.0 -0.11217
650.0 3350.0 -0.37550
750.0 3350.0 -0.68185
850.0 3350.0 -0.91273
950.0 3350.0 -0.98216
1050.0 3350.0 -0.86401
1150.0 3350.0 -0.59896
1250.0 3350.0 -0.27280
1350.0 3350.0 0.12573
1450.0 3350.0 0.59829
1550.0 3350.0 1.04869
1650.0 3350.0 1.37316
1750.0 3350.0 1.51939
1850.0 3350.0 1.50788
1950.0 3350.0 1.41545
2050.0 3350.0 1.32100
2150.0 3350.0 1.22719
2250.0 3350.0 1.10083
2350.0 3350.0 0.95375
2450.0 3350.0 0.81934
2550.0 3350.0 0.72743
2650.0 3350.0 0.69001
2750.0 3350.0 0.69770
2850.0 3350.0 0.72705
2950.0 3350.0 0.75780
3050.0 3350.0 0.76866
3150.0 3350.0 0.75589
3250.0 3350.0 0.75779
3350.0 3350.0 0.81672
3450.0 3350.0 0.95275
3550.0 3350.0 1.15412
3650.0 3350.0 1.38460
3750.0 3350.0 1.60765
3850.0 3350.0 1.81223
3950.0 3350.0 1.91445
4050.0 3350.0 1.77909
4150.0 3350.0 1.33398
4250.0 3350.0 0.61488
4350.0 3350.0 -0.23610
4450.0 3350.0 -1.01827
4550.0 3350.0 -1.56629
4650.0 3350.0 -1.88959
4750.0 3350.0 -2.12463
4850.0 3350.0 -2.17011
4950.0 3350.0 -1.95599
5050.0 3350.0 -1.50980
5150.0 3350.0 -0.94336
5250.0 3350.0 -0.41678
5350.0 3350.0 -0.07983
5450.0 3350.0 0.00934
5550.0 3350.0 -0.03188
5650.0 3350.0 -0.13536
5750.0 3350.0 -0.33743
5850.0 3350.0 -0.61988
5950.0 3350.0 -0.93123
6050.0 3350.0 -1.21077
6150.0 3350.0 -1.40953
6250.0 3350.0 -1.50812
6350.0 3350.0 -1.53140
50.0 3450.0 -0.21003
150.0 3450.0 -0.34369
250.0 3450.0 -0.26590
350.0 3450.0 -0.05125
450.0 3450.0 0.13992
550.0 3450.0 0.17634
650.0 3450.0 0.03882
750.0 3450.0 -0.21147
850.0 3450.0 -0.47258
950.0 3450.0 -0.63951
1050.0 3450.0 -0.64034
1150.0 3450.0 -0.47057
1250.0 3450.0 -0.21452
1350.0 3450.0 0.11911
1450.0 3450.0 0.54168
1550.0 3450.0 0.96718
1650.0 3450.0 1.29399
1750.0 3450.0 1.46153
1850.0 3450.0 1.47401
1950.0 3450.0 1.39115
2050.0 3450.0 1.28597
2150.0 3450.0 1.17524
2250.0 3450.0 1.03037
2350.0 3450.0 0.85921
2450.0 3450.0 0.69195
2550.0 3450.0 0.55830
2650.0 3450.0 0.47368
2750.0 3450.0 0.43449
2850.0 3450.0 0.42230
2950.0 3450.0 0.41603
3050.0 3450.0 0.37583
3150.0 3450.0 0.29292
3250.0 3450.0 0.23170
3350.0 3450.0 0.26469
3450.0 3450.0 0.42747
3550.0 3450.0 0.70209
3650.0 3450.0 1.02872
3750.0 3450.0 1.34566
3850.0 3450.0 1.64269
3950.0 3450.0 1.86310
4050.0 3450.0 1.86420
4150.0 3450.0 1.54242
4250.0 3450.0 0.90450
4350.0 3450.0 0.08104
4450.0 3450.0 -0.71724
4550.0 3450.0 -1.30057
4650.0 3450.0 -1.65801
4750.0 3450.0 -1.94383
4850.0 3450.0 -2.08988
4950.0 3450.0 -2.01704
5050.0 3450.0 -1.72034
5150.0 3450.0 -1.27638
5250.0 3450.0 -0.82147
5350.0 3450.0 -0.50044
5450.0 3450.0 -0.38596
5550.0 3450.0 -0.38383
5650.0 3450.0 -0.39621
5750.0 3450.0 -0.44525
5850.0 3450.0 -0.55300
5950.0 3450.0 -0.72225
6050.0 3450.0 -0.93217
6150.0 3450.0 -1.14463
6250.0 3450.0 -1.32131
6350.0 3450.0 -1.45168
50.0 3550.0 -0.43643
150.0 3550.0 -0.51942
250.0 3550.0 -0.35707
350.0 3550.0 -0.03988
450.0 3550.0 0.26391
550.0 3550.0 0.42434
650.0 3550.0 0.39270
750.0 3550.0 0.19625
850.0 3550.0 -0.07797
950.0 3550.0 -0.31234
1050.0 3550.0 -0.40073
1150.0 3550.0 -0.30355
1250.0 3550.0 -0.10289
1350.0 3550.0 0.16685
1450.0 3550.0 0.51335
1550.0 3550.0 0.86055
1650.0 3550.0 1.11931
1750.0 3550.0 1.23720
1850.0 3550.0 1.21912
1950.0 3550.0 1.11864
2050.0 3550.0 1.00011
2150.0 3550.0 0.87834
2250.0 3550.0 0.73232
2350.0 3550.0 0.57008
2450.0 3550.0 0.41564
2550.0 3550.0 0.29092
2650.0 3550.0 0.20535
2750.0 3550.0 0.15304
2850.0 3550.0 0.11760
2950.0 3550.0 0.08301
3050.0 3550.0 -0.00329
3150.0 3550.0 -0.16181
3250.0 3550.0 -0.30781
3350.0 3550.0 -0.33915
3450.0 3550.0 -0.19897
3550.0 3550.0 0.09889
3650.0 3550.0 0.48171
3750.0 3550.0 0.86710
3850.0 3550.0 1.23989
3950.0 3550.0 1.58554
4050.0 3550.0 1.77008
4150.0 3550.0 1.65736
4250.0 3550.0 1.20959
4350.0 3550.0 0.52178
4450.0 3550.0 -0.20985
4550.0 3550.0 -0.78553
4650.0 3550.0 -1.16522
4750.0 3550.0 -1.49509
4850.0 3550.0 -1.73798
4950.0 3550.0 -1.80930
5050.0 3550.0 -1.67330
5150.0 3550.0 -1.37009
5250.0 3550.0 -1.00802
5350.0 3550.0 -0.72153
5450.0 3550.0 -0.59431
5550.0 3550.0 -0.55801
5650.0 3550.0 -0.49084
5750.0 3550.0 -0.39793
5850.0 3550.0 -0.33423
5950.0 3550.0 -0.35148
6050.0 3550.0 -0.46854
6150.0 3550.0 -0.66349
6250.0 3550.0 -0.88720
6350.0 3550.0 -1.09864
50.0 3650.0 -0.60278
150.0 3650.0 -0.61398
250.0 3650.0 -0.38457
350.0 3650.0 -0.00754
450.0 3650.0 0.35927
550.0 3650.0 0.59056
650.0 3650.0 0.62140
750.0 3650.0 0.45969
850.0 3650.0 0.18317
950.0 3650.0 -0.08456
1050.0 3650.0 -0.21910
1150.0 3650.0 -0.16142
1250.0 3650.0 0.00778
1350.0 3650.0 0.22879
1450.0 3650.0 0.49605
1550.0 3650.0 0.74101
1650.0 3650.0 0.89223
1750.0 3650.0 0.91640
1850.0 3650.0 0.83216
1950.0 3650.0 0.69684
2050.0 3650.0 0.56595
2150.0 3650.0 0.44125
2250.0 3650.0 0.31439
2350.0 3650.0 0.19835
2450.0 3650.0 0.10826
2550.0 3650.0 0.05029
2650.0 3650.0 0.01760
2750.0 3650.0 -0.00707
2850.0 3650.0 -0.04177
2950.0 3650.0 -0.09120
3050.0 3650.0 -0.21066
3150.0 3650.0 -0.43637
3250.0 3650.0 -0.67239
3350.0 3650.0 -0.79268
3450.0 3650.0 -0.71753
3550.0 3650.0 -0.44773
3650.0 3650.0 -0.05646
3750.0 3650.0 0.36111
3850.0 3650.0 0.77923
3950.0 3650.0 1.22389
4050.0 3650.0 1.57899
4150.0 3650.0 1.68307
4250.0 3650.0 1.45409
4350.0 3650.0 0.94352
4450.0 3650.0 0.31960
4550.0 3650.0 -0.22043
4650.0 3650.0 -0.60855
4750.0 3650.0 -0.96447
4850.0 3650.0 -1.26778
4950.0 3650.0 -1.43136
5050.0 3650.0 -1.40046
5150.0 3650.0 -1.19166
5250.0 3650.0 -0.89441
5350.0 3650.0 -0.63506
5450.0 3650.0 -0.50327
5550.0 3650.0 -0.44777
5650.0 3650.0 -0.33229
5750.0 3650.0 -0.14953
5850.0 3650.0 0.02653
5950.0 3650.0 0.11378
6050.0 3650.0 0.06708
6150.0 3650.0 -0.10441
6250.0 3650.0 -0.34746
6350.0 3650.0 -0.60276
50.0 3750.0 -0.69414
150.0 3750.0 -0.62960
250.0 3750.0 -0.35659
350.0 3750.0 0.03957
450.0 3750.0 0.42268
550.0 3750.0 0.67252
650.0 3750.0 0.72003
750.0 3750.0 0.56802
850.0 3750.0 0.29169
950.0 3750.0 0.01602
1050.0 3750.0 -0.13000
1150.0 3750.0 -0.08236
1250.0 3750.0 0.07790
1350.0 3750.0 0.27060
1450.0 3750.0 0.47336
1550.0 3750.0 0.62193
1650.0 3750.0 0.66228
1750.0 3750.0 0.58342
1850.0 3750.0 0.42349
1950.0 3750.0 0.24932
2050.0 3750.0 0.10934
2150.0 3750.0 -0.01126
2250.0 3750.0 -0.10344
2350.0 3750.0 -0.14556
2450.0 3750.0 -0.13302
2550.0 3750.0 -0.08087
2650.0 3750.0 -0.01964
2750.0 3750.0 0.01534
2850.0 3750.0 0.00139
2950.0 3750.0 -0.05048
3050.0 3750.0 -0.18870
3150.0 3750.0 -0.46585
3250.0 3750.0 -0.78323
3350.0 3750.0 -0.99861
3450.0 3750.0 -1.01141
3550.0 3750.0 -0.80441
3650.0 3750.0 -0.44186
3750.0 3750.0 -0.02395
3850.0 3750.0 0.40928
3950.0 3750.0 0.91124
4050.0 3750.0 1.38444
4150.0 3750.0 1.65312
4250.0 3750.0 1.60275
4350.0 3750.0 1.24794
4450.0 3750.0 0.72815
4550.0 3750.0 0.23126
4650.0 3750.0 -0.15475
4750.0 3750.0 -0.51662
4850.0 3750.0 -0.83226
4950.0 3750.0 -1.01367
5050.0 3750.0 -1.00211
5150.0 3750.0 -0.80971
5250.0 3750.0 -0.52269
5350.0 3750.0 -0.26644
5450.0 3750.0 -0.13225
5550.0 3750.0 -0.07171
5650.0 3750.0 0.05704
5750.0 3750.0 0.26517
5850.0 3750.0 0.47363
5950.0 3750.0 0.59186
6050.0 3750.0 0.56708
6150.0 3750.0 0.40442
6250.0 3750.0 0.15776
6350.0 3750.0 -0.10857
50.0 3850.0 -0.74099
150.0 3850.0 -0.60209
250.0 3850.0 -0.29524
350.0 3850.0 0.10540
450.0 3850.0 0.48824
550.0 3850.0 0.73801
650.0 3850.0 0.78577
750.0 3850.0 0.63430
850.0 3850.0 0.35868
950.0 3850.0 0.08371
1050.0 3850.0 -0.06182
1150.0 3850.0 -0.01400
1250.0 3850.0 0.14514
1350.0 3850.0 0.31691
1450.0 3850.0 0.46087
1550.0 3850.0 0.51570
1650.0 3850.0 0.44435
1750.0 3850.0 0.25904
1850.0 3850.0 0.01939
1950.0 3850.0 -0.19606
2050.0 3850.0 -0.34512
2150.0 3850.0 -0.46015
2250.0 3850.0 -0.51208
2350.0 3850.0 -0.46857
2450.0 3850.0 -0.33597
2550.0 3850.0 -0.15303
2650.0 3850.0 0.02227
2750.0 3850.0 0.13287
2850.0 3850.0 0.14956
2950.0 3850.0 0.10118
3050.0 3850.0 -0.04871
3150.0 3850.0 -0.36917
3250.0 3850.0 -0.76311
3350.0 3850.0 -1.07621
3450.0 3850.0 -1.18827
3550.0 3850.0 -1.06174
3650.0 3850.0 -0.74716
3750.0 3850.0 -0.34576
3850.0 3850.0 0.08621
3950.0 3850.0 0.62105
4050.0 3850.0 1.17977
4150.0 3850.0 1.57921
4250.0 3850.0 1.68023
4350.0 3850.0 1.46561
4450.0 3850.0 1.04646
4550.0 3850.0 0.59755
4650.0 3850.0 0.22151
4750.0 3850.0 -0.13380
4850.0 3850.0 -0.43649
4950.0 3850.0 -0.59865
5050.0 3850.0 -0.56476
5150.0 3850.0 -0.35124
5250.0 3850.0 -0.04808
5350.0 3850.0 0.21737
5450.0 3850.0 0.35454
5550.0 3850.0 0.41537
5650.0 3850.0 0.54259
5750.0 3850.0 0.74631
5850.0 3850.0 0.94819
5950.0 3850.0 1.05931
6050.0 3850.0 1.02866
6150.0 3850.0 0.86267
6250.0 3850.0 0.61562
6350.0 3850.0 0.35098
50.0 3950.0 -0.67950
150.0 3950.0 -0.46992
250.0 3950.0 -0.13453
350.0 3950.0 0.26645
450.0 3950.0 0.64581
550.0 3950.0 0.89471
650.0 3950.0 0.94550
750.0 3950.0 0.80090
850.0 3950.0 0.53451
950.0 3950.0 0.26871
1050.0 3950.0 0.12982
1150.0 3950.0 0.18054
1250.0 3950.0 0.33906
1350.0 3950.0 0.48531
1450.0 3950.0 0.55508
1550.0 3950.0 0.48870
1650.0 3950.0 0.26941
1750.0 3950.0 -0.06089
1850.0 3950.0 -0.41353
1950.0 3950.0 -0.69265
2050.0 3950.0 -0.86258
2150.0 3950.0 -0.97962
2250.0 3950.0 -0.99005
2350.0 3950.0 -0.84430
2450.0 3950.0 -0.55847
2550.0 3950.0 -0.19982
2650.0 3950.0 0.13692
2750.0 3950.0 0.36224
2850.0 3950.0 0.43368
2950.0 3950.0 0.40215
3050.0 3950.0 0.25610
3150.0 3950.0 -0.09169
3250.0 3950.0 -0.55748
3350.0 3950.0 -0.98498
3450.0 3950.0 -1.23631
3550.0 3950.0 -1.24584
3650.0 3950.0 -1.03677
3750.0 3950.0 -0.70067
3850.0 3950.0 -0.31541
3950.0 3950.0 0.19710
4050.0 3950.0 0.78483
4150.0 3950.0 1.27583
4250.0 3950.0 1.52012
4350.0 3950.0 1.46968
4450.0 3950.0 1.19529
4550.0 3950.0 0.84039
4650.0 3950.0 0.51206
4750.0 3950.0 0.20177
4850.0 3950.0 -0.04452
4950.0 3950.0 -0.14511
5050.0 3950.0 -0.05575
5150.0 3950.0 0.19819
5250.0 3950.0 0.52403
5350.0 3950.0 0.79849
5450.0 3950.0 0.93885
5550.0 3950.0 1.00143
5650.0 3950.0 1.11623
5750.0 3950.0 1.28475
5850.0 3950.0 1.43496
5950.0 3950.0 1.49140
6050.0 3950.0 1.41724
6150.0 3950.0 1.22877
6250.0 3950.0 0.98249
6350.0 3950.0 0.73467
50.0 4050.0 -0.48499
150.0 4050.0 -0.23086
250.0 4050.0 0.11578
350.0 4050.0 0.50970
450.0 4050.0 0.88073
550.0 4050.0 1.12649
650.0 4050.0 1.18230
750.0 4050.0 1.05099
850.0 4050.0 0.80330
950.0 4050.0 0.55655
1050.0 4050.0 0.43170
1150.0 4050.0 0.48869
1250.0 4050.0 0.64766
1350.0 4050.0 0.76983
1450.0 4050.0 0.76560
1550.0 4050.0 0.57397
1650.0 4050.0 0.19649
1750.0 4050.0 -0.29473
1850.0 4050.0 -0.77909
1950.0 4050.0 -1.13959
2050.0 4050.0 -1.34495
2150.0 4050.0 -1.47798
2250.0 4050.0 -1.46111
2350.0 4050.0 -1.22180
2450.0 4050.0 -0.77967
2550.0 4050.0 -0.22828
2650.0 4050.0 0.29739
2750.0 4050.0 0.66757
2850.0 4050.0 0.81870
2950.0 4050.0 0.82324
3050.0 4050.0 0.71001
3150.0 4050.0 0.37819
3250.0 4050.0 -0.11931
3350.0 4050.0 -0.64512
3450.0 4050.0 -1.05506
3550.0 4050.0 -1.25217
3650.0 4050.0 -1.21710
3750.0 4050.0 -1.01474
3850.0 4050.0 -0.74492
3950.0 4050.0 -0.34450
4050.0 4050.0 0.17097
4150.0 4050.0 0.67036
4250.0 4050.0 1.01816
4350.0 4050.0 1.14297
4450.0 4050.0 1.06213
4550.0 4050.0 0.86248
4650.0 4050.0 0.63739
4750.0 4050.0 0.42723
4850.0 4050.0 0.29216
4950.0 4050.0 0.29767
5050.0 4050.0 0.46765
5150.0 4050.0 0.76584
5250.0 4050.0 1.10371
5350.0 4050.0 1.37468
5450.0 4050.0 1.51470
5550.0 4050.0 1.58139
5650.0 4050.0 1.67159
5750.0 4050.0 1.76969
5850.0 4050.0 1.81753
5950.0 4050.0 1.76776
6050.0 4050.0 1.61208
6150.0 4050.0 1.38579
6250.0 4050.0 1.14853
6350.0 4050.0 0.94129
50.0 4150.0 -0.22161
150.0 4150.0 0.02741
250.0 4150.0 0.35811
350.0 4150.0 0.73713
450.0 4150.0 1.09546
550.0 4150.0 1.33449
650.0 4150.0 1.39361
750.0 4150.0 1.27645
850.0 4150.0 1.05063
950.0 4150.0 0.82722
1050.0 4150.0 0.72018
1150.0 4150.0 0.78542
1250.0 4150.0 0.94629
1350.0 4150.0 1.05703
1450.0 4150.0 1.01115
1550.0 4150.0 0.74206
1650.0 4150.0 0.25871
1750.0 4150.0 -0.34887
1850.0 4150.0 -0.93744
1950.0 4150.0 -1.37197
2050.0 4150.0 -1.62033
2150.0 4150.0 -1.78437
2250.0 4150.0 -1.77387
2350.0 4150.0 -1.49405
2450.0 4150.0 -0.95686
2550.0 4150.0 -0.26768
2650.0 4150.0 0.40982
2750.0 4150.0 0.91052
2850.0 4150.0 1.14649
2950.0 4150.0 1.20176
3050.0 4150.0 1.15300
3150.0 4150.0 0.89923
3250.0 4150.0 0.44829
3350.0 4150.0 -0.10622
3450.0 4150.0 -0.63483
3550.0 4150.0 -1.01811
3650.0 4150.0 -1.18875
3750.0 4150.0 -1.16977
3850.0 4150.0 -1.07254
3950.0 4150.0 -0.86747
4050.0 4150.0 -0.53026
4150.0 4150.0 -0.12458
4250.0 4150.0 0.25582
4350.0 4150.0 0.53030
4450.0 4150.0 0.65881
4550.0 4150.0 0.65370
4650.0 4150.0 0.57581
4750.0 4150.0 0.50749
4850.0 4150.0 0.51465
4950.0 4150.0 0.63725
5050.0 4150.0 0.87542
5150.0 4150.0 1.18718
5250.0 4150.0 1.50077
5350.0 4150.0 1.74146
5450.0 4150.0 1.87301
5550.0 4150.0 1.94596
5650.0 4150.0 2.00704
5750.0 4150.0 2.02045
5850.0 4150.0 1.94716
5950.0 4150.0 1.77558
6050.0 4150.0 1.53218
6150.0 4150.0 1.27371
6250.0 4150.0 1.06120
6350.0 4150.0 0.91552
50.0 4250.0 0.01618
150.0 4250.0 0.20326
250.0 4250.0 0.49022
350.0 4250.0 0.84881
450.0 4250.0 1.19224
550.0 4250.0 1.42082
650.0 4250.0 1.47819
750.0 4250.0 1.36973
850.0 4250.0 1.16101
950.0 4250.0 0.95766
1050.0 4250.0 0.86682
1150.0 4250.0 0.94007
1250.0 4250.0 1.10419
1350.0 4250.0 1.22363
1450.0 4250.0 1.19122
1550.0 4250.0 0.93086
1650.0 4250.0 0.44223
1750.0 4250.0 -0.18826
1850.0 4250.0 -0.81378
1950.0 4250.0 -1.29068
2050.0 4250.0 -1.57930
2150.0 4250.0 -1.78495
2250.0 4250.0 -1.82310
2350.0 4250.0 -1.58420
2450.0 4250.0 -1.06013
2550.0 4250.0 -0.34561
2650.0 4250.0 0.39062
2750.0 4250.0 0.96481
2850.0 4250.0 1.26750
2950.0 4250.0 1.37791
3050.0 4250.0 1.41652
3150.0 4250.0 1.30033
3250.0 4250.0 0.98668
3350.0 4250.0 0.50525
3450.0 4250.0 -0.05284
3550.0 4250.0 -0.56427
3650.0 4250.0 -0.92108
3750.0 4250.0 -1.09664
3850.0 4250.0 -1.19571
3950.0 4250.0 -1.23171
4050.0 4250.0 -1.14498
4150.0 4250.0 -0.91807
4250.0 4250.0 -0.58355
4350.0 4250.0 -0.21515
4450.0 4250.0 0.09713
4550.0 4250.0 0.28780
4650.0 4250.0 0.37250
4750.0 4250.0 0.45796
4850.0 4250.0 0.60130
4950.0 4250.0 0.81178
5050.0 4250.0 1.06976
5150.0 4250.0 1.33847
5250.0 4250.0 1.57711
5350.0 4250.0 1.75518
5450.0 4250.0 1.86813
5550.0 4250.0 1.94842
5650.0 4250.0 1.98580
5750.0 4250.0 1.92811
5850.0 4250.0 1.75619
5950.0 4250.0 1.49169
6050.0 4250.0 1.19092
6150.0 4250.0 0.92650
6250.0 4250.0 0.75675
6350.0 4250.0 0.68297
50.0 4350.0 0.14720
150.0 4350.0 0.23090
250.0 4350.0 0.45656
350.0 4350.0 0.79367
450.0 4350.0 1.12291
550.0 4350.0 1.33866
650.0 4350.0 1.38797
750.0 4350.0 1.27882
850.0 4350.0 1.07663
950.0 4350.0 0.88399
1050.0 4350.0 0.80325
1150.0 4350.0 0.88221
1250.0 4350.0 1.05029
1350.0 4350.0 1.19788
1450.0 4350.0 1.23444
1550.0 4350.0 1.07225
1650.0 4350.0 0.68607
1750.0 4350.0 0.13664
1850.0 4350.0 -0.44654
1950.0 4350.0 -0.92308
2050.0 4350.0 -1.24036
2150.0 4350.0 -1.48980
2250.0 4350.0 -1.61060
2350.0 4350.0 -1.48952
2450.0 4350.0 -1.08960
2550.0 4350.0 -0.47357
2650.0 4350.0 0.21071
2750.0 4350.0 0.78251
2850.0 4350.0 1.11845
2950.0 4350.0 1.27673
3050.0 4350.0 1.40822
3150.0 4350.0 1.46330
3250.0 4350.0 1.35405
3350.0 4350.0 1.03863
3450.0 4350.0 0.55282
3550.0 4350.0 0.00315
3650.0 4350.0 -0.47843
3750.0 4350.0 -0.81814
3850.0 4350.0 -1.09562
3950.0 4350.0 -1.36420
4050.0 4350.0 -1.53917
4150.0 4350.0 -1.52623
4250.0 4350.0 -1.29261
4350.0 4350.0 -0.89327
4450.0 4350.0 -0.45272
4550.0 4350.0 -0.10228
4650.0 4350.0 0.12673
4750.0 4350.0 0.34447
4850.0 4350.0 0.58453
4950.0 4350.0 0.82632
5050.0 4350.0 1.03997
5150.0 4350.0 1.20616
5250.0 4350.0 1.32520
5350.0 4350.0 1.41562
5450.0 4350.0 1.50192
5550.0 4350.0 1.58921
5650.0 4350.0 1.61575
5750.0 4350.0 1.52212
5850.0 4350.0 1.30514
5950.0 4350.0 1.00823
6050.0 4350.0 0.70386
6150.0 4350.0 0.46925
6250.0 4350.0 0.35543
6350.0 4350.0 0.34953
50.0 4450.0 0.13119
150.0 4450.0 0.10288
250.0 4450.0 0.26749
350.0 4450.0 0.58707
450.0 4450.0 0.90560
550.0 4450.0 1.10849
650.0 4450.0 1.14474
750.0 4450.0 1.02522
850.0 4450.0 0.81732
950.0 4450.0 0.62363
1050.0 4450.0 0.54470
1150.0 4450.0 0.62588
1250.0 4450.0 0.79769
1350.0 4450.0 0.98422
1450.0 4450.0 1.12295
1550.0 4450.0 1.11519
1650.0 4450.0 0.90257
1750.0 4450.0 0.50658
1850.0 4450.0 0.02506
1950.0 4450.0 -0.41442
2050.0 4450.0 -0.74431
2150.0 4450.0 -1.03014
2250.0 4450.0 -1.24517
2350.0 4450.0 -1.28269
2450.0 4450.0 -1.07555
2550.0 4450.0 -0.64301
2650.0 4450.0 -0.09430
2750.0 4450.0 0.41074
2850.0 4450.0 0.74429
2950.0 4450.0 0.93409
3050.0 4450.0 1.14370
3150.0 4450.0 1.36333
3250.0 4450.0 1.47378
3350.0 4450.0 1.37016
3450.0 4450.0 1.02983
3550.0 4450.0 0.52802
3650.0 4450.0 0.00124
3750.0 4450.0 -0.44172
3850.0 4450.0 -0.84401
3950.0 4450.0 -1.28415
4050.0 4450.0 -1.66445
4150.0 4450.0 -1.83481
4250.0 4450.0 -1.71035
4350.0 4450.0 -1.32483
4450.0 4450.0 -0.81974
4550.0 4450.0 -0.36933
4650.0 4450.0 -0.04159
4750.0 4450.0 0.26116
4850.0 4450.0 0.54006
4950.0 4450.0 0.75143
5050.0 4450.0 0.86657
5150.0 4450.0 0.89211
5250.0 4450.0 0.87138
5350.0 4450.0 0.86691
5450.0 4450.0 0.92392
5550.0 4450.0 1.01652
5650.0 4450.0 1.04754
5750.0 4450.0 0.96105
5850.0 4450.0 0.76276
5950.0 4450.0 0.50192
6050.0 4450.0 0.24993
6150.0 4450.0 0.07620
6250.0 4450.0 0.02105
6350.0 4450.0 0.06582
50.0 4550.0 -0.01934
150.0 4550.0 -0.13442
250.0 4550.0 -0.01396
350.0 4550.0 0.29544
450.0 4550.0 0.60811
550.0 4550.0 0.80035
650.0 4550.0 0.82143
750.0 4550.0 0.68498
850.0 4550.0 0.46175
950.0 4550.0 0.25699
1050.0 4550.0 0.17237
1150.0 4550.0 0.25236
1250.0 4550.0 0.42686
1350.0 4550.0 0.65127
1450.0 4550.0 0.89302
1550.0 4550.0 1.04542
1650.0 4550.0 1.01859
1750.0 4550.0 0.79386
1850.0 4550.0 0.43416
1950.0 4550.0 0.05017
2050.0 4550.0 -0.27761
2150.0 4550.0 -0.58593
2250.0 4550.0 -0.88166
2350.0 4550.0 -1.07059
2450.0 4550.0 -1.06142
2550.0 4550.0 -0.83165
2650.0 4550.0 -0.44798
2750.0 4550.0 -0.04115
2850.0 4550.0 0.26452
2950.0 4550.0 0.46656
3050.0 4550.0 0.72553
3150.0 4550.0 1.06720
3250.0 4550.0 1.35865
3350.0 4550.0 1.45256
3450.0 4550.0 1.27888
3550.0 4550.0 0.87797
3650.0 4550.0 0.37535
3750.0 4550.0 -0.10209
3850.0 4550.0 -0.56041
3950.0 4550.0 -1.08255
4050.0 4550.0 -1.56751
4150.0 4550.0 -1.83898
4250.0 4550.0 -1.78513
4350.0 4550.0 -1.42563
4450.0 4550.0 -0.90567
4550.0 4550.0 -0.41695
4650.0 4550.0 -0.04613
4750.0 4550.0 0.28632
4850.0 4550.0 0.54871
4950.0 4550.0 0.68424
5050.0 4550.0 0.67460
5150.0 4550.0 0.55455
5250.0 4550.0 0.40381
5350.0 4550.0 0.31645
5450.0 4550.0 0.34752
5550.0 4550.0 0.44306
5650.0 4550.0 0.49095
5750.0 4550.0 0.44734
5850.0 4550.0 0.31925
5950.0 4550.0 0.14696
6050.0 4550.0 -0.01377
6150.0 4550.0 -0.11068
6250.0 4550.0 -0.11513
6350.0 4550.0 -0.04341
50.0 4650.0 -0.24317
150.0 4650.0 -0.41250
250.0 4650.0 -0.31754
350.0 4650.0 -0.01229
450.0 4650.0 0.29810
550.0 4650.0 0.48210
650.0 4650.0 0.48825
750.0 4650.0 0.33250
850.0 4650.0 0.08954
950.0 4650.0 -0.13134
1050.0 4650.0 -0.22570
1150.0 4650.0 -0.14888
1250.0 4650.0 0.02726
1350.0 4650.0 0.28282
1450.0 4650.0 0.61133
1550.0 4650.0 0.90116
1650.0 4650.0 1.03695
1750.0 4650.0 0.96586
1850.0 4650.0 0.71973
1950.0 4650.0 0.39279
2050.0 4650.0 0.07519
2150.0 4650.0 -0.24398
2250.0 4650.0 -0.59935
2350.0 4650.0 -0.91050
2450.0 4650.0 -1.06943
2550.0 4650.0 -1.01984
2650.0 4650.0 -0.79061
2750.0 4650.0 -0.48360
2850.0 4650.0 -0.21566
2950.0 4650.0 -0.01437
3050.0 4650.0 0.26961
3150.0 4650.0 0.68950
3250.0 4650.0 1.11090
3350.0 4650.0 1.36266
3450.0 4650.0 1.34118
3550.0 4650.0 1.05546
3650.0 4650.0 0.61291
3750.0 4650.0 0.14587
3850.0 4650.0 -0.31970
3950.0 4650.0 -0.85586
4050.0 4650.0 -1.36275
4150.0 4650.0 -1.65986
4250.0 4650.0 -1.62946
4350.0 4650.0 -1.28639
4450.0 4650.0 -0.77371
4550.0 4650.0 -0.28427
4650.0 4650.0 0.09139
4750.0 4650.0 0.41657
4850.0 4650.0 0.63093
4950.0 4650.0 0.67215
5050.0 4650.0 0.53666
5150.0 4650.0 0.28529
5250.0 4650.0 0.02585
5350.0 4650.0 -0.12735
5450.0 4650.0 -0.11715
5550.0 4650.0 -0.02045
5650.0 4650.0 0.05007
5750.0 4650.0 0.06668
5850.0 4650.0 0.03290
5950.0 4650.0 -0.02805
6050.0 4650.0 -0.08337
6150.0 4650.0 -0.10183
6250.0 4650.0 -0.06586
6350.0 4650.0 0.01539
50.0 4750.0 -0.47224
150.0 4750.0 -0.68753
250.0 4750.0 -0.61821
350.0 4750.0 -0.32356
450.0 4750.0 -0.02389
550.0 4750.0 0.14107
650.0 4750.0 0.12027
750.0 4750.0 -0.06569
850.0 4750.0 -0.33629
950.0 4750.0 -0.57754
1050.0 4750.0 -0.68297
1150.0 4750.0 -0.60933
1250.0 4750.0 -0.43152
1350.0 4750.0 -0.14585
1450.0 4750.0 0.26791
1550.0 4750.0 0.69552
1650.0 4750.0 0.99813
1750.0 4750.0 1.08923
1850.0 4750.0 0.96823
1950.0 4750.0 0.71053
2050.0 4750.0 0.41419
2150.0 4750.0 0.09605
2250.0 4750.0 -0.30149
2350.0 4750.0 -0.71311
2450.0 4750.0 -1.01903
2550.0 4750.0 -1.13397
2650.0 4750.0 -1.05157
2750.0 4750.0 -0.84420
2850.0 4750.0 -0.61823
2950.0 4750.0 -0.42323
3050.0 4750.0 -0.12752
3150.0 4750.0 0.34261
3250.0 4750.0 0.85732
3350.0 4750.0 1.23302
3450.0 4750.0 1.34262
3550.0 4750.0 1.16855
3650.0 4750.0 0.79844
3750.0 4750.0 0.36350
3850.0 4750.0 -0.08473
3950.0 4750.0 -0.60543
4050.0 4750.0 -1.10291
4150.0 4750.0 -1.40022
4250.0 4750.0 -1.37996
4350.0 4750.0 -1.05340
4450.0 4750.0 -0.55727
4550.0 4750.0 -0.07849
4650.0 4750.0 0.29306
4750.0 4750.0 0.60450
4850.0 4750.0 0.77015
4950.0 4750.0 0.72268
5050.0 4750.0 0.47091
5150.0 4750.0 0.09798
5250.0 4750.0 -0.26402
5350.0 4750.0 -0.48307
5450.0 4750.0 -0.49987
5550.0 4750.0 -0.41113
5650.0 4750.0 -0.32984
5750.0 4750.0 -0.26799
5850.0 4750.0 -0.22290
5950.0 4750.0 -0.18508
6050.0 4750.0 -0.14261
6150.0 4750.0 -0.08522
6250.0 4750.0 -0.00812
6350.0 4750.0 0.08440
50.0 4850.0 -0.65645
150.0 4850.0 -0.90517
250.0 4850.0 -0.86999
350.0 4850.0 -0.60935
450.0 4850.0 -0.34808
550.0 4850.0 -0.23382
650.0 4850.0 -0.31259
750.0 4850.0 -0.55270
850.0 4850.0 -0.86398
950.0 4850.0 -1.12839
1050.0 4850.0 -1.24212
1150.0 4850.0 -1.16905
1250.0 4850.0 -0.98914
1350.0 4850.0 -0.67769
1450.0 4850.0 -0.18762
1550.0 4850.0 0.37094
1650.0 4850.0 0.84267
1750.0 4850.0 1.11067
1850.0 4850.0 1.14017
1950.0 4850.0 0.98216
2050.0 4850.0 0.73715
2150.0 4850.0 0.45282
2250.0 4850.0 0.06032
2350.0 4850.0 -0.39335
2450.0 4850.0 -0.78928
2550.0 4850.0 -1.02577
2650.0 4850.0 -1.06777
2750.0 4850.0 -0.95676
2850.0 4850.0 -0.78098
2950.0 4850.0 -0.60404
3050.0 4850.0 -0.32776
3150.0 4850.0 0.12352
3250.0 4850.0 0.63834
3350.0 4850.0 1.04835
3450.0 4850.0 1.22861
3550.0 4850.0 1.14866
3650.0 4850.0 0.87432
3750.0 4850.0 0.52020
3850.0 4850.0 0.14522
3950.0 4850.0 -0.29987
4050.0 4850.0 -0.73235
4150.0 4850.0 -0.99290
4250.0 4850.0 -0.97277
4350.0 4850.0 -0.67709
4450.0 4850.0 -0.22373
4550.0 4850.0 0.22228
4650.0 4850.0 0.57827
4750.0 4850.0 0.87323
4850.0 4850.0 1.00637
4950.0 4850.0 0.90382
5050.0 4850.0 0.57617
5150.0 4850.0 0.11590
5250.0 4850.0 -0.33096
5350.0 4850.0 -0.61898
5450.0 4850.0 -0.68326
5550.0 4850.0 -0.63066
5650.0 4850.0 -0.57908
5750.0 4850.0 -0.52780
5850.0 4850.0 -0.46400
5950.0 4850.0 -0.37778
6050.0 4850.0 -0.26819
6150.0 4850.0 -0.14390
6250.0 4850.0 -0.01864
6350.0 4850.0 0.09873
50.0 4950.0 -0.72844
150.0 4950.0 -0.98768
250.0 4950.0 -0.99197
350.0 4950.0 -0.79075
450.0 4950.0 -0.59690
550.0 4950.0 -0.56065
650.0 4950.0 -0.71698
750.0 4950.0 -1.01826
850.0 4950.0 -1.36436
950.0 4950.0 -1.63821
1050.0 4950.0 -1.74683
1150.0 4950.0 -1.66798
1250.0 4950.0 -1.48594
1350.0 4950.0 -1.16415
1450.0 4950.0 -0.63744
1550.0 4950.0 -0.00282
1650.0 4950.0 0.58442
1750.0 4950.0 0.99241
1850.0 4950.0 1.16098
1950.0 4950.0 1.11630
2050.0 4950.0 0.95204
2150.0 4950.0 0.73917
2250.0 4950.0 0.41176
2350.0 4950.0 -0.00322
2450.0 4950.0 -0.40390
2550.0 4950.0 -0.69043
2650.0 4950.0 -0.81138
2750.0 4950.0 -0.77968
2850.0 4950.0 -0.65799
2950.0 4950.0 -0.51177
3050.0 4950.0 -0.29144
3150.0 4950.0 0.05798
3250.0 4950.0 0.45865
3350.0 4950.0 0.79010
3450.0 4950.0 0.96080
3550.0 4950.0 0.94528
3650.0 4950.0 0.78691
3750.0 4950.0 0.56626
3850.0 4950.0 0.32631
3950.0 4950.0 0.02084
4050.0 4950.0 -0.29139
4150.0 4950.0 -0.48361
4250.0 4950.0 -0.46315
4350.0 4950.0 -0.22396
4450.0 4950.0 0.15086
4550.0 4950.0 0.53654
4650.0 4950.0 0.86391
4750.0 4950.0 1.14192
4850.0 4950.0 1.27130
4950.0 4950.0 1.17089
5050.0 4950.0 0.83809
5150.0 4950.0 0.35497
5250.0 4950.0 -0.13546
5350.0 4950.0 -0.48292
5450.0 4950.0 -0.61330
5550.0 4950.0 -0.62811
5650.0 4950.0 -0.65248
5750.0 4950.0 -0.67717
5850.0 4950.0 -0.66685
5950.0 4950.0 -0.59446
6050.0 4950.0 -0.45768
6150.0 4950.0 -0.28073
6250.0 4950.0 -0.10163
6350.0 4950.0 0.05530
50.0 5050.0 -0.64789
150.0 5050.0 -0.89128
250.0 5050.0 -0.93326
350.0 5050.0 -0.80734
450.0 5050.0 -0.69769
550.0 5050.0 -0.74738
650.0 5050.0 -0.97524
750.0 5050.0 -1.31744
850.0 5050.0 -1.66875
950.0 5050.0 -1.92168
1050.0 5050.0 -2.00336
1150.0 5050.0 -1.91018
1250.0 5050.0 -1.72655
1350.0 5050.0 -1.41802
1450.0 5050.0 -0.91838
1550.0 5050.0 -0.30358
1650.0 5050.0 0.29289
1750.0 5050.0 0.74918
1850.0 5050.0 0.99911
1950.0 5050.0 1.05110
2050.0 5050.0 0.98179
2150.0 5050.0 0.86657
2250.0 5050.0 0.65317
2350.0 5050.0 0.34979
2450.0 5050.0 0.02803
2550.0 5050.0 -0.23165
2650.0 5050.0 -0.37580
2750.0 5050.0 -0.39523
2850.0 5050.0 -0.32351
2950.0 5050.0 -0.21585
3050.0 5050.0 -0.07772
3150.0 5050.0 0.10755
3250.0 5050.0 0.30573
3350.0 5050.0 0.46795
3450.0 5050.0 0.55996
3550.0 5050.0 0.57644
3650.0 5050.0 0.54004
3750.0 5050.0 0.48543
3850.0 5050.0 0.42052
3950.0 5050.0 0.29302
4050.0 5050.0 0.12896
4150.0 5050.0 0.01365
4250.0 5050.0 0.02118
4350.0 5050.0 0.17494
4450.0 5050.0 0.43934
4550.0 5050.0 0.74291
4650.0 5050.0 1.03266
4750.0 5050.0 1.29668
4850.0 5050.0 1.45479
4950.0 5050.0 1.41915
5050.0 5050.0 1.16022
5150.0 5050.0 0.73006
5250.0 5050.0 0.25053
5350.0 5050.0 -0.13367
5450.0 5050.0 -0.33711
5550.0 5050.0 -0.43973
5650.0 5050.0 -0.57192
5750.0 5050.0 -0.71971
5850.0 5050.0 -0.81687
5950.0 5050.0 -0.80697
6050.0 5050.0 -0.67656
6150.0 5050.0 -0.46173
6250.0 5050.0 -0.22776
6350.0 5050.0 -0.02216
50.0 5150.0 -0.43038
150.0 5150.0 -0.63773
250.0 5150.0 -0.70929
350.0 5150.0 -0.65930
450.0 5150.0 -0.63240
550.0 5150.0 -0.75385
650.0 5150.0 -1.02404
750.0 5150.0 -1.36726
850.0 5150.0 -1.68141
950.0 5150.0 -1.87770
1050.0 5150.0 -1.91016
1150.0 5150.0 -1.79508
1250.0 5150.0 -1.61075
1350.0 5150.0 -1.33854
1450.0 5150.0 -0.93028
1550.0 5150.0 -0.43688
1650.0 5150.0 0.04908
1750.0 5150.0 0.44108
1850.0 5150.0 0.68985
1950.0 5150.0 0.79790
2050.0 5150.0 0.81747
2150.0 5150.0 0.80521
2250.0 5150.0 0.72589
2350.0 5150.0 0.57271
2450.0 5150.0 0.38147
2550.0 5150.0 0.20286
2650.0 5150.0 0.08117
2750.0 5150.0 0.03956
2850.0 5150.0 0.07186
2950.0 5150.0 0.14081
3050.0 5150.0 0.19017
3150.0 5150.0 0.19224
3250.0 5150.0 0.15746
3350.0 5150.0 0.11473
3450.0 5150.0 0.09512
3550.0 5150.0 0.12029
3650.0 5150.0 0.19558
3750.0 5150.0 0.30785
3850.0 5150.0 0.42183
3950.0 5150.0 0.47126
4050.0 5150.0 0.44604
4150.0 5150.0 0.39033
4250.0 5150.0 0.36294
4350.0 5150.0 0.40954
4450.0 5150.0 0.54713
4550.0 5150.0 0.76047
4650.0 5150.0 1.01089
4750.0 5150.0 1.26620
4850.0 5150.0 1.47738
4950.0 5150.0 1.55170
5050.0 5150.0 1.42509
5150.0 5150.0 1.10726
5250.0 5150.0 0.68633
5350.0 5150.0 0.29288
5450.0 5150.0 0.02353
5550.0 5150.0 -0.16911
5650.0 5150.0 -0.41516
5750.0 5150.0 -0.69791
5850.0 5150.0 -0.91887
5950.0 5150.0 -0.98893
6050.0 5150.0 -0.87995
6150.0 5150.0 -0.63715
6250.0 5150.0 -0.35230
6350.0 5150.0 -0.09773
50.0 5250.0 -0.14761
150.0 5250.0 -0.31312
250.0 5250.0 -0.40315
350.0 5250.0 -0.41440
450.0 5250.0 -0.45132
550.0 5250.0 -0.61428
650.0 5250.0 -0.88663
750.0 5250.0 -1.18789
850.0 5250.0 -1.42728
950.0 5250.0 -1.54051
1050.0 5250.0 -1.51023
1150.0 5250.0 -1.36971
1250.0 5250.0 -1.18558
1350.0 5250.0 -0.96278
1450.0 5250.0 -0.68439
1550.0 5250.0 -0.37792
1650.0 5250.0 -0.08641
1750.0 5250.0 0.15429
1850.0 5250.0 0.32865
1950.0 5250.0 0.44510
2050.0 5250.0 0.52991
2150.0 5250.0 0.60304
2250.0 5250.0 0.64108
2350.0 5250.0 0.62687
2450.0 5250.0 0.56482
2550.0 5250.0 0.47678
2650.0 5250.0 0.39447
2750.0 5250.0 0.34849
2850.0 5250.0 0.35396
2950.0 5250.0 0.39168
3050.0 5250.0 0.36795
3150.0 5250.0 0.21840
3250.0 5250.0 -0.01001
3350.0 5250.0 -0.22425
3450.0 5250.0 -0.33907
3550.0 5250.0 -0.30993
3650.0 5250.0 -0.14510
3750.0 5250.0 0.10308
3850.0 5250.0 0.36242
3950.0 5250.0 0.54913
4050.0 5250.0 0.62036
4150.0 5250.0 0.58842
4250.0 5250.0 0.50446
4350.0 5250.0 0.43827
4450.0 5250.0 0.45472
4550.0 5250.0 0.58654
4650.0 5250.0 0.80386
4750.0 5250.0 1.05588
4850.0 5250.0 1.32639
4950.0 5250.0 1.52004
5050.0 5250.0 1.53986
5150.0 5250.0 1.35311
5250.0 5250.0 1.01216
5350.0 5250.0 0.63042
5450.0 5250.0 0.31330
5550.0 5250.0 0.04738
5650.0 5250.0 -0.29048
5750.0 5250.0 -0.68027
5850.0 5250.0 -0.99731
5950.0 5250.0 -1.12678
6050.0 5250.0 -1.02974
6150.0 5250.0 -0.76001
6250.0 5250.0 -0.43155
6350.0 5250.0 -0.13662
50.0 5350.0 0.10137
150.0 5350.0 -0.03360
250.0 5350.0 -0.13220
350.0 5350.0 -0.17983
450.0 5350.0 -0.25093
550.0 5350.0 -0.42023
650.0 5350.0 -0.65870
750.0 5350.0 -0.88844
850.0 5350.0 -1.03484
950.0 5350.0 -1.05840
1050.0 5350.0 -0.96605
1150.0 5350.0 -0.80210
1250.0 5350.0 -0.61870
1350.0 5350.0 -0.44306
1450.0 5350.0 -0.29161
1550.0 5350.0 -0.17516
1650.0 5350.0 -0.09276
1750.0 5350.0 -0.03055
1850.0 5350.0 0.03397
1950.0 5350.0 0.12223
2050.0 5350.0 0.23961
2150.0 5350.0 0.36376
2250.0 5350.0 0.47091
2350.0 5350.0 0.53738
2450.0 5350.0 0.54911
2550.0 5350.0 0.51138
2650.0 5350.0 0.44921
2750.0 5350.0 0.39834
2850.0 5350.0 0.38682
2950.0 5350.0 0.40581
3050.0 5350.0 0.34151
3150.0 5350.0 0.11199
3250.0 5350.0 -0.21387
3350.0 5350.0 -0.50779
3450.0 5350.0 -0.65682
3550.0 5350.0 -0.60741
3650.0 5350.0 -0.37894
3750.0 5350.0 -0.04668
3850.0 5350.0 0.29887
3950.0 5350.0 0.55868
4050.0 5350.0 0.66619
4150.0 5350.0 0.61688
4250.0 5350.0 0.46342
4350.0 5350.0 0.29753
4450.0 5350.0 0.21910
4550.0 5350.0 0.29214
4650.0 5350.0 0.48838
4750.0 5350.0 0.74057
4850.0 5350.0 1.05564
4950.0 5350.0 1.33742
5050.0 5350.0 1.46660
5150.0 5350.0 1.38055
5250.0 5350.0 1.10561
5350.0 5350.0 0.74170
5450.0 5350.0 0.39936
5550.0 5350.0 0.08997
5650.0 5350.0 -0.29722
5750.0 5350.0 -0.73581
5850.0 5350.0 -1.08651
5950.0 5350.0 -1.22350
6050.0 5350.0 -1.10727
6150.0 5350.0 -0.80209
6250.0 5350.0 -0.43794
6350.0 5350.0 -0.11707
50.0 5450.0 0.24758
150.0 5450.0 0.12179
250.0 5450.0 0.02023
350.0 5450.0 -0.03896
450.0 5450.0 -0.11579
550.0 5450.0 -0.26398
650.0 5450.0 -0.44793
750.0 5450.0 -0.59725
850.0 5450.0 -0.65423
950.0 5450.0 -0.59972
1050.0 5450.0 -0.45728
1150.0 5450.0 -0.27571
1250.0 5450.0 -0.09312
1350.0 5450.0 0.04928
1450.0 5450.0 0.10934
1550.0 5450.0 0.08425
1650.0 5450.0 0.00385
1750.0 5450.0 -0.08206
1850.0 5450.0 -0.12043
1950.0 5450.0 -0.07576
2050.0 5450.0 0.04510
2150.0 5450.0 0.18372
2250.0 5450.0 0.30228
2350.0 5450.0 0.37243
2450.0 5450.0 0.37717
2550.0 5450.0 0.32258
2650.0 5450.0 0.23845
2750.0 5450.0 0.16748
2850.0 5450.0 0.14331
2950.0 5450.0 0.15597
3050.0 5450.0 0.08647
3150.0 5450.0 -0.14280
3250.0 5450.0 -0.45591
3350.0 5450.0 -0.72095
3450.0 5450.0 -0.82741
3550.0 5450.0 -0.72988
3650.0 5450.0 -0.45806
3750.0 5450.0 -0.09316
3850.0 5450.0 0.27837
3950.0 5450.0 0.54861
4050.0 5450.0 0.63789
4150.0 5450.0 0.53946
4250.0 5450.0 0.31493
4350.0 5450.0 0.07328
4450.0 5450.0 -0.06587
4550.0 5450.0 -0.02509
4650.0 5450.0 0.16276
4750.0 5450.0 0.41585
4850.0 5450.0 0.74860
4950.0 5450.0 1.06486
5050.0 5450.0 1.23720
5150.0 5450.0 1.19180
5250.0 5450.0 0.94491
5350.0 5450.0 0.59092
5450.0 5450.0 0.24195
5550.0 5450.0 -0.08045
5650.0 5450.0 -0.47203
5750.0 5450.0 -0.89608
5850.0 5450.0 -1.21067
5950.0 5450.0 -1.29521
6050.0 5450.0 -1.12151
6150.0 5450.0 -0.76746
6250.0 5450.0 -0.37338
6350.0 5450.0 -0.04093
50.0 5550.0 0.32741
150.0 5550.0 0.19524
250.0 5550.0 0.08995
350.0 5550.0 0.02912
450.0 5550.0 -0.04185
550.0 5550.0 -0.15893
650.0 5550.0 -0.28273
750.0 5550.0 -0.35217
850.0 5550.0 -0.32603
950.0 5550.0 -0.20271
1050.0 5550.0 -0.01838
1150.0 5550.0 0.17665
1250.0 5550.0 0.35766
1350.0 5550.0 0.47551
1450.0 5550.0 0.46873
1550.0 5550.0 0.33850
1650.0 5550.0 0.13418
1750.0 5550.0 -0.06846
1850.0 5550.0 -0.19287
1950.0 5550.0 -0.19126
2050.0 5550.0 -0.07798
2150.0 5550.0 0.05904
2250.0 5550.0 0.16192
2350.0 5550.0 0.19775
2450.0 5550.0 0.15371
2550.0 5550.0 0.04548
2650.0 5550.0 -0.08590
2750.0 5550.0 -0.18859
2850.0 5550.0 -0.22600
2950.0 5550.0 -0.21518
3050.0 5550.0 -0.27423
3150.0 5550.0 -0.46570
3250.0 5550.0 -0.71309
3350.0 5550.0 -0.89570
3450.0 5550.0 -0.92007
3550.0 5550.0 -0.75780
3650.0 5550.0 -0.44943
3750.0 5550.0 -0.07453
3850.0 5550.0 0.29581
3950.0 5550.0 0.54884
4050.0 5550.0 0.59681
4150.0 5550.0 0.43720
4250.0 5550.0 0.14339
4350.0 5550.0 -0.16101
4450.0 5550.0 -0.34401
4550.0 5550.0 -0.32295
4650.0 5550.0 -0.13784
4750.0 5550.0 0.11541
4850.0 5550.0 0.44983
4950.0 5550.0 0.76964
5050.0 5550.0 0.94699
5150.0 5550.0 0.90712
5250.0 5550.0 0.66514
5350.0 5550.0 0.31451
5450.0 5550.0 -0.03291
5550.0 5550.0 -0.35353
5650.0 5550.0 -0.72780
5750.0 5550.0 -1.10690
5850.0 5550.0 -1.35223
5950.0 5550.0 -1.35626
6050.0 5550.0 -1.10769
6150.0 5550.0 -0.69937
6250.0 5550.0 -0.27899
6350.0 5550.0 0.05752
50.0 5650.0 0.38787
150.0 5650.0 0.20804
250.0 5650.0 0.07181
350.0 5650.0 -0.00512
450.0 5650.0 -0.08010
550.0 5650.0 -0.16804
650.0 5650.0 -0.22462
750.0 5650.0 -0.20114
850.0 5650.0 -0.07803
950.0 5650.0 0.12328
1050.0 5650.0 0.35021
1150.0 5650.0 0.55057
1250.0 5650.0 0.71771
1350.0 5650.0 0.80123
1450.0 5650.0 0.72602
1550.0 5650.0 0.50127
1650.0 5650.0 0.19582
1750.0 5650.0 -0.09325
1850.0 5650.0 -0.27376
1950.0 5650.0 -0.29328
2050.0 5650.0 -0.17576
2150.0 5650.0 -0.03003
2250.0 5650.0 0.07321
2350.0 5650.0 0.09403
2450.0 5650.0 0.01762
2550.0 5650.0 -0.13616
2650.0 5650.0 -0.31689
2750.0 5650.0 -0.46147
2850.0 5650.0 -0.52579
2950.0 5650.0 -0.53043
3050.0 5650.0 -0.59114
3150.0 5650.0 -0.75207
3250.0 5650.0 -0.93394
3350.0 5650.0 -1.02725
3450.0 5650.0 -0.95835
3550.0 5650.0 -0.72032
3650.0 5650.0 -0.36906
3750.0 5650.0 0.01578
3850.0 5650.0 0.38217
3950.0 5650.0 0.61459
4050.0 5650.0 0.61708
4150.0 5650.0 0.39165
4250.0 5650.0 0.02403
4350.0 5650.0 -0.34714
4450.0 5650.0 -0.57717
4550.0 5650.0 -0.57825
4650.0 5650.0 -0.39784
4750.0 5650.0 -0.14879
4850.0 5650.0 0.17702
4950.0 5650.0 0.48703
5050.0 5650.0 0.65852
5150.0 5650.0 0.62035
5250.0 5650.0 0.38815
5350.0 5650.0 0.05277
5450.0 5650.0 -0.27785
5550.0 5650.0 -0.58087
5650.0 5650.0 -0.92181
5750.0 5650.0 -1.24423
5850.0 5650.0 -1.41911
5950.0 5650.0 -1.35517
6050.0 5650.0 -1.05581
6150.0 5650.0 -0.62184
6250.0 5650.0 -0.19981
6350.0 5650.0 0.12387
50.0 5750.0 0.43117
150.0 5750.0 0.14734
250.0 5750.0 -0.06077
350.0 5750.0 -0.17919
450.0 5750.0 -0.27806
550.0 5750.0 -0.34758
650.0 5750.0 -0.33720
750.0 5750.0 -0.21397
850.0 5750.0 0.01406
950.0 5750.0 0.29610
1050.0 5750.0 0.55861
1150.0 5750.0 0.74703
1250.0 5750.0 0.87835
1350.0 5750.0 0.91156
1450.0 5750.0 0.76948
1550.0 5750.0 0.47640
1650.0 5750.0 0.11942
1750.0 5750.0 -0.19315
1850.0 5750.0 -0.36930
1950.0 5750.0 -0.36676
2050.0 5750.0 -0.22241
2150.0 5750.0 -0.04826
2250.0 5750.0 0.08752
2350.0 5750.0 0.13413
2450.0 5750.0 0.06262
2550.0 5750.0 -0.11418
2650.0 5750.0 -0.34146
2750.0 5750.0 -0.54218
2850.0 5750.0 -0.65656
2950.0 5750.0 -0.70129
3050.0 5750.0 -0.78853
3150.0 5750.0 -0.94192
3250.0 5750.0 -1.07483
3350.0 5750.0 -1.08608
3450.0 5750.0 -0.92232
3550.0 5750.0 -0.60241
3650.0 5750.0 -0.20356
3750.0 5750.0 0.19059
3850.0 5750.0 0.55009
3950.0 5750.0 0.76161
4050.0 5750.0 0.72234
4150.0 5750.0 0.43797
4250.0 5750.0 0.00455
4350.0 5750.0 -0.42663
4450.0 5750.0 -0.70020
4550.0 5750.0 -0.72392
4650.0 5750.0 -0.55149
4750.0 5750.0 -0.31446
4850.0 5750.0 -0.01504
4950.0 5750.0 0.26253
5050.0 5750.0 0.41021
5150.0 5750.0 0.36825
5250.0 5750.0 0.15534
5350.0 5750.0 -0.14340
5450.0 5750.0 -0.43046
5550.0 5750.0 -0.68845
5650.0 5750.0 -0.97010
5750.0 5750.0 -1.22047
5850.0 5750.0 -1.33085
5950.0 5750.0 -1.23027
6050.0 5750.0 -0.93109
6150.0 5750.0 -0.52802
6250.0 5750.0 -0.15078
6350.0 5750.0 0.12977
50.0 5850.0 0.47855
150.0 5850.0 0.06509
250.0 5850.0 -0.24012
350.0 5850.0 -0.42110
450.0 5850.0 -0.56375
550.0 5850.0 -0.63432
650.0 5850.0 -0.57593
750.0 5850.0 -0.37154
850.0 5850.0 -0.05714
950.0 5850.0 0.28682
1050.0 5850.0 0.56566
1150.0 5850.0 0.72237
1250.0 5850.0 0.79828
1350.0 5850.0 0.77014
1450.0 5850.0 0.57153
1550.0 5850.0 0.24776
1650.0 5850.0 -0.09957
1750.0 5850.0 -0.36346
1850.0 5850.0 -0.46940
1950.0 5850.0 -0.40017
2050.0 5850.0 -0.20764
2150.0 5850.0 0.01294
2250.0 5850.0 0.21266
2350.0 5850.0 0.32704
2450.0 5850.0 0.30143
2550.0 5850.0 0.13011
2650.0 5850.0 -0.13397
2750.0 5850.0 -0.39877
2850.0 5850.0 -0.58201
2950.0 5850.0 -0.68872
3050.0 5850.0 -0.82811
3150.0 5850.0 -1.00581
3250.0 5850.0 -1.12394
3350.0 5850.0 -1.08356
3450.0 5850.0 -0.84725
3550.0 5850.0 -0.45848
3650.0 5850.0 -0.01812
3750.0 5850.0 0.38213
3850.0 5850.0 0.73276
3950.0 5850.0 0.92941
4050.0 5850.0 0.86630
4150.0 5850.0 0.55061
4250.0 5850.0 0.08267
4350.0 5850.0 -0.38079
4450.0 5850.0 -0.67972
4550.0 5850.0 -0.71982
4650.0 5850.0 -0.55746
4750.0 5850.0 -0.33956
4850.0 5850.0 -0.08293
4950.0 5850.0 0.14104
5050.0 5850.0 0.24762
5150.0 5850.0 0.19565
5250.0 5850.0 0.00945
5350.0 5850.0 -0.23422
5450.0 5850.0 -0.45402
5550.0 5850.0 -0.64269
5650.0 5850.0 -0.84404
5750.0 5850.0 -1.01446
5850.0 5850.0 -1.07465
5950.0 5850.0 -0.97597
6050.0 5850.0 -0.73232
6150.0 5850.0 -0.41787
6250.0 5850.0 -0.13043
6350.0 5850.0 0.07932
50.0 5950.0 0.55275
150.0 5950.0 0.02893
250.0 5950.0 -0.37096
350.0 5950.0 -0.62256
450.0 5950.0 -0.82135
550.0 5950.0 -0.91499
650.0 5950.0 -0.84170
750.0 5950.0 -0.59678
850.0 5950.0 -0.23779
950.0 5950.0 0.13186
1050.0 5950.0 0.40109
1150.0 5950.0 0.51103
1250.0 5950.0 0.52211
1350.0 5950.0 0.43144
1450.0 5950.0 0.19277
1550.0 5950.0 -0.12537
1650.0 5950.0 -0.41198
1750.0 5950.0 -0.57196
1850.0 5950.0 -0.56077
1950.0 5950.0 -0.39566
2050.0 5950.0 -0.14315
2150.0 5950.0 0.13306
2250.0 5950.0 0.41526
2350.0 5950.0 0.62474
2450.0 5950.0 0.67469
2550.0 5950.0 0.53329
2650.0 5950.0 0.24639
2750.0 5950.0 -0.08023
2850.0 5950.0 -0.33897
2950.0 5950.0 -0.51808
3050.0 5950.0 -0.72627
3150.0 5950.0 -0.95815
3250.0 5950.0 -1.10271
3350.0 5950.0 -1.05615
3450.0 5950.0 -0.78837
3550.0 5950.0 -0.36071
3650.0 5950.0 0.10505
3750.0 5950.0 0.50646
3850.0 5950.0 0.84815
3950.0 5950.0 1.04085
4050.0 5950.0 0.98129
4150.0 5950.0 0.67502
4250.0 5950.0 0.21851
4350.0 5950.0 -0.23607
4450.0 5950.0 -0.53228
4550.0 5950.0 -0.57719
4650.0 5950.0 -0.42481
4750.0 5950.0 -0.22962
4850.0 5950.0 -0.02433
4950.0 5950.0 0.13460
5050.0 5950.0 0.19016
5150.0 5950.0 0.12352
5250.0 5950.0 -0.03380
5350.0 5950.0 -0.21436
5450.0 5950.0 -0.35581
5550.0 5950.0 -0.46368
5650.0 5950.0 -0.57744
5750.0 5950.0 -0.67153
5850.0 5950.0 -0.69997
5950.0 5950.0 -0.63523
6050.0 5950.0 -0.48640
6150.0 5950.0 -0.29757
6250.0 5950.0 -0.12616
6350.0 5950.0 -0.00131
50.0 6050.0 0.66542
150.0 6050.0 0.08641
250.0 6050.0 -0.38002
350.0 6050.0 -0.69468
450.0 6050.0 -0.94996
550.0 6050.0 -1.08272
650.0 6050.0 -1.02864
750.0 6050.0 -0.78945
850.0 6050.0 -0.43405
950.0 6050.0 -0.07792
1050.0 6050.0 0.15927
1150.0 6050.0 0.21766
1250.0 6050.0 0.16792
1350.0 6050.0 0.02350
1450.0 6050.0 -0.23917
1550.0 6050.0 -0.53048
1650.0 6050.0 -0.73462
1750.0 6050.0 -0.77295
1850.0 6050.0 -0.63395
1950.0 6050.0 -0.36977
2050.0 6050.0 -0.05923
2150.0 6050.0 0.26981
2250.0 6050.0 0.63348
2350.0 6050.0 0.94080
2450.0 6050.0 1.07366
2550.0 6050.0 0.97336
2650.0 6050.0 0.67635
2750.0 6050.0 0.29917
2850.0 6050.0 -0.02745
2950.0 6050.0 -0.27433
3050.0 6050.0 -0.55295
3150.0 6050.0 -0.85553
3250.0 6050.0 -1.05879
3350.0 6050.0 -1.04850
3450.0 6050.0 -0.79274
3550.0 6050.0 -0.36104
3650.0 6050.0 0.11052
3750.0 6050.0 0.50838
3850.0 6050.0 0.84289
3950.0 6050.0 1.04314
4050.0 6050.0 1.01311
4150.0 6050.0 0.75411
4250.0 6050.0 0.35153
4350.0 6050.0 -0.05580
4450.0 6050.0 -0.32248
4550.0 6050.0 -0.35988
4650.0 6050.0 -0.21536
4750.0 6050.0 -0.04167
4850.0 6050.0 0.11456
4950.0 6050.0 0.21081
5050.0 6050.0 0.21629
5150.0 6050.0 0.13359
5250.0 6050.0 0.00147
5350.0 6050.0 -0.12107
5450.0 6050.0 -0.18944
5550.0 6050.0 -0.22179
5650.0 6050.0 -0.25666
5750.0 6050.0 -0.28780
5850.0 6050.0 -0.29986
5950.0 6050.0 -0.28259
6050.0 6050.0 -0.23732
6150.0 6050.0 -0.17699
6250.0 6050.0 -0.11963
6350.0 6050.0 -0.07532
50.0 6150.0 0.81259
150.0 6150.0 0.24751
250.0 6150.0 -0.24265
350.0 6150.0 -0.59995
450.0 6150.0 -0.89964
550.0 6150.0 -1.07486
650.0 6150.0 -1.06098
750.0 6150.0 -0.86046
850.0 6150.0 -0.54349
950.0 6150.0 -0.22689
1050.0 6150.0 -0.03132
1150.0 6150.0 -0.01675
1250.0 6150.0 -0.11120
1350.0 6150.0 -0.29407
1450.0 6150.0 -0.57171
1550.0 6150.0 -0.83928
1650.0 6150.0 -0.97816
1750.0 6150.0 -0.92278
1850.0 6150.0 -0.68676
1950.0 6150.0 -0.34829
2050.0 6150.0 0.00508
2150.0 6150.0 0.37300
2250.0 6150.0 0.79760
2350.0 6150.0 1.17923
2450.0 6150.0 1.37649
2550.0 6150.0 1.31027
2650.0 6150.0 1.00930
2750.0 6150.0 0.59736
2850.0 6150.0 0.22192
2950.0 6150.0 -0.07461
3050.0 6150.0 -0.40928
3150.0 6150.0 -0.77856
3250.0 6150.0 -1.05027
3350.0 6150.0 -1.09815
3450.0 6150.0 -0.88236
3550.0 6150.0 -0.47203
3650.0 6150.0 -0.00975
3750.0 6150.0 0.38203
3850.0 6150.0 0.71228
3950.0 6150.0 0.92737
4050.0 6150.0 0.94071
4150.0 6150.0 0.74822
4250.0 6150.0 0.42095
4350.0 6150.0 0.08050
4450.0 6150.0 -0.14216
4550.0 6150.0 -0.16411
4650.0 6150.0 -0.02409
4750.0 6150.0 0.13367
4850.0 6150.0 0.25328
4950.0 6150.0 0.30231
5050.0 6150.0 0.26942
5150.0 6150.0 0.17322
5250.0 6150.0 0.05811
5350.0 6150.0 -0.02281
5450.0 6150.0 -0.03794
5550.0 6150.0 -0.01504
5650.0 6150.0 0.00750
5750.0 6150.0 0.02152
5850.0 6150.0 0.01999
5950.0 6150.0 0.00079
6050.0 6150.0 -0.03137
6150.0 6150.0 -0.06631
6250.0 6150.0 -0.09304
6350.0 6150.0 -0.10780
50.0 6250.0 0.97814
150.0 6250.0 0.48527
250.0 6250.0 0.01342
350.0 6250.0 -0.36074
450.0 6250.0 -0.68485
550.0 6250.0 -0.89218
650.0 6250.0 -0.91922
750.0 6250.0 -0.76556
850.0 6250.0 -0.49639
950.0 6250.0 -0.22319
1050.0 6250.0 -0.06281
1150.0 6250.0 -0.07481
1250.0 6250.0 -0.19175
1350.0 6250.0 -0.39673
1450.0 6250.0 -0.69045
1550.0 6250.0 -0.96005
1650.0 6250.0 -1.08299
1750.0 6250.0 -0.99678
1850.0 6250.0 -0.72429
1950.0 6250.0 -0.35495
2050.0 6250.0 0.01844
2150.0 6250.0 0.40534
2250.0 6250.0 0.85843
2350.0 6250.0 1.27337
2450.0 6250.0 1.49772
2550.0 6250.0 1.44320
2650.0 6250.0 1.13583
2750.0 6250.0 0.70377
2850.0 6250.0 0.30305
2950.0 6250.0 -0.01821
3050.0 6250.0 -0.38391
3150.0 6250.0 -0.79722
3250.0 6250.0 -1.12161
3350.0 6250.0 -1.22158
3450.0 6250.0 -1.04858
3550.0 6250.0 -0.66680
3650.0 6250.0 -0.21910
3750.0 6250.0 0.16710
3850.0 6250.0 0.49612
3950.0 6250.0 0.72667
4050.0 6250.0 0.78038
4150.0 6250.0 0.64853
4250.0 6250.0 0.38972
4350.0 6250.0 0.11044
4450.0 6250.0 -0.07096
4550.0 6250.0 -0.07661
4650.0 6250.0 0.06227
4750.0 6250.0 0.21204
4850.0 6250.0 0.31298
4950.0 6250.0 0.33766
5050.0 6250.0 0.28450
5150.0 6250.0 0.18028
5250.0 6250.0 0.07250
5350.0 6250.0 0.01152
5450.0 6250.0 0.02252
5550.0 6250.0 0.07292
5650.0 6250.0 0.12646
5750.0 6250.0 0.16980
5850.0 6250.0 0.18435
5950.0 6250.0 0.15983
6050.0 6250.0 0.10130
6150.0 6250.0 0.02798
6250.0 6250.0 -0.03603
6350.0 6250.0 -0.07923
50.0 6350.0 1.14531
150.0 6350.0 0.75477
250.0 6350.0 0.32731
350.0 6350.0 -0.04408
450.0 6350.0 -0.37509
550.0 6350.0 -0.59952
650.0 6350.0 -0.65536
750.0 6350.0 -0.53843
850.0 6350.0 -0.30720
950.0 6350.0 -0.06612
1050.0 6350.0 0.07302
1150.0 6350.0 0.05126
1250.0 6350.0 -0.07031
1350.0 6350.0 -0.28647
1450.0 6350.0 -0.60323
1550.0 6350.0 -0.90521
1650.0 6350.0 -1.06329
1750.0 6350.0 -1.00757
1850.0 6350.0 -0.75533
1950.0 6350.0 -0.39409
2050.0 6350.0 -0.01979
2150.0 6350.0 0.36979
2250.0 6350.0 0.82351
2350.0 6350.0 1.23507
2450.0 6350.0 1.45128
2550.0 6350.0 1.38482
2650.0 6350.0 1.06415
2750.0 6350.0 0.62053
2850.0 6350.0 0.21215
2950.0 6350.0 -0.11387
3050.0 6350.0 -0.48821
3150.0 6350.0 -0.91966
3250.0 6350.0 -1.27092
3350.0 6350.0 -1.40187
3450.0 6350.0 -1.25787
3550.0 6350.0 -0.89785
3650.0 6350.0 -0.46201
3750.0 6350.0 -0.07920
3850.0 6350.0 0.25057
3950.0 6350.0 0.49281
4050.0 6350.0 0.57459
4150.0 6350.0 0.48413
4250.0 6350.0 0.27192
4350.0 6350.0 0.03451
4450.0 6350.0 -0.11804
4550.0 6350.0 -0.11123
4650.0 6350.0 0.02864
4750.0 6350.0 0.17684
4850.0 6350.0 0.27391
4950.0 6350.0 0.29326
5050.0 6350.0 0.23521
5150.0 6350.0 0.12828
5250.0 6350.0 0.02079
5350.0 6350.0 -0.03723
5450.0 6350.0 -0.02173
5550.0 6350.0 0.03399
5650.0 6350.0 0.09882
5750.0 6350.0 0.16267
5850.0 6350.0 0.20386
5950.0 6350.0 0.20621
6050.0 6350.0 0.16902
6150.0 6350.0 0.10789
6250.0 6350.0 0.04662
6350.0 6350.0 0.00000
