50.0 50.0 -0.46075
150.0 50.0 -0.35108
250.0 50.0 -0.33173
350.0 50.0 -0.37672
450.0 50.0 -0.50615
550.0 50.0 -0.60886
650.0 50.0 -0.57519
750.0 50.0 -0.40097
850.0 50.0 -0.17037
950.0 50.0 0.04663
1050.0 50.0 0.15545
1150.0 50.0 0.08342
1250.0 50.0 -0.12317
1350.0 50.0 -0.31517
1450.0 50.0 -0.36623
1550.0 50.0 -0.31356
1650.0 50.0 -0.09980
1750.0 50.0 0.17547
1850.0 50.0 0.32381
1950.0 50.0 0.25665
2050.0 50.0 0.03475
2150.0 50.0 -0.19781
2250.0 50.0 -0.23485
2350.0 50.0 -0.04099
2450.0 50.0 0.22790
2550.0 50.0 0.36371
2650.0 50.0 0.25414
2750.0 50.0 0.01018
2850.0 50.0 -0.25700
2950.0 50.0 -0.45056
3050.0 50.0 -0.47945
3150.0 50.0 -0.37574
3250.0 50.0 -0.26766
3350.0 50.0 -0.20794
3450.0 50.0 -0.10004
3550.0 50.0 0.03889
3650.0 50.0 0.12468
3750.0 50.0 0.11293
3850.0 50.0 0.03079
3950.0 50.0 -0.07005
4050.0 50.0 -0.24504
4150.0 50.0 -0.47946
4250.0 50.0 -0.64015
4350.0 50.0 -0.64652
4450.0 50.0 -0.53307
4550.0 50.0 -0.38721
4650.0 50.0 -0.12221
4750.0 50.0 0.28777
4850.0 50.0 0.62363
4950.0 50.0 0.71274
5050.0 50.0 0.56839
5150.0 50.0 0.33635
5250.0 50.0 0.12868
5350.0 50.0 0.01177
5450.0 50.0 -0.01324
5550.0 50.0 -0.01021
5650.0 50.0 -0.06573
5750.0 50.0 -0.21028
5850.0 50.0 -0.39487
5950.0 50.0 -0.56659
6050.0 50.0 -0.59402
6150.0 50.0 -0.43262
6250.0 50.0 -0.18402
6350.0 50.0 0.01420
50.0 150.0 -0.33021
150.0 150.0 -0.19088
250.0 150.0 -0.15166
350.0 150.0 -0.18393
450.0 150.0 -0.31085
550.0 150.0 -0.42481
650.0 150.0 -0.41021
750.0 150.0 -0.25091
850.0 150.0 -0.02345
950.0 150.0 0.18826
1050.0 150.0 0.27078
1150.0 150.0 0.16743
1250.0 150.0 -0.05156
1350.0 150.0 -0.22786
1450.0 150.0 -0.24501
1550.0 150.0 -0.15607
1650.0 150.0 0.08050
1750.0 150.0 0.34810
1850.0 150.0 0.45963
1950.0 150.0 0.34994
2050.0 150.0 0.10600
2150.0 150.0 -0.13731
2250.0 150.0 -0.20383
2350.0 150.0 -0.05650
2450.0 150.0 0.16731
2550.0 150.0 0.27646
2650.0 150.0 0.16253
2750.0 150.0 -0.07563
2850.0 150.0 -0.32871
2950.0 150.0 -0.49374
3050.0 150.0 -0.48339
3150.0 150.0 -0.34122
3250.0 150.0 -0.20651
3350.0 150.0 -0.12815
3450.0 150.0 0.01116
3550.0 150.0 0.17533
3650.0 150.0 0.24641
3750.0 150.0 0.17570
3850.0 150.0 0.01883
3950.0 150.0 -0.14861
4050.0 150.0 -0.37495
4150.0 150.0 -0.60568
4250.0 150.0 -0.68902
4350.0 150.0 -0.57829
4450.0 150.0 -0.37291
4550.0 150.0 -0.18438
4650.0 150.0 0.09427
4750.0 150.0 0.45441
4850.0 150.0 0.67610
4950.0 150.0 0.63129
5050.0 150.0 0.39411
5150.0 150.0 0.12744
5250.0 150.0 -0.09305
5350.0 150.0 -0.18505
5450.0 150.0 -0.14648
5550.0 150.0 -0.06753
5650.0 150.0 -0.07113
5750.0 150.0 -0.20090
5850.0 150.0 -0.38878
5950.0 150.0 -0.58870
6050.0 150.0 -0.65360
6150.0 150.0 -0.51468
6250.0 150.0 -0.26079
6350.0 150.0 -0.03600
50.0 250.0 -0.16340
150.0 250.0 -0.03146
250.0 250.0 0.00905
350.0 250.0 -0.02660
450.0 250.0 -0.17843
550.0 250.0 -0.33566
650.0 250.0 -0.36567
750.0 250.0 -0.23423
850.0 250.0 -0.01288
950.0 250.0 0.20514
1050.0 250.0 0.32234
1150.0 250.0 0.28187
1250.0 250.0 0.13227
1350.0 250.0 0.00540
1450.0 250.0 0.00658
1550.0 250.0 0.09604
1650.0 250.0 0.29570
1750.0 250.0 0.48528
1850.0 250.0 0.50624
1950.0 250.0 0.33099
2050.0 250.0 0.06547
2150.0 250.0 -0.18019
2250.0 250.0 -0.25382
2350.0 250.0 -0.11851
2450.0 250.0 0.09301
2550.0 250.0 0.19433
2650.0 250.0 0.07856
2750.0 250.0 -0.15631
2850.0 250.0 -0.37999
2950.0 250.0 -0.48073
3050.0 250.0 -0.39206
3150.0 250.0 -0.18822
3250.0 250.0 -0.02739
3350.0 250.0 0.05486
3450.0 250.0 0.19233
3550.0 250.0 0.34279
3650.0 250.0 0.38811
3750.0 250.0 0.28806
3850.0 250.0 0.10962
3950.0 250.0 -0.07003
4050.0 250.0 -0.29466
4150.0 250.0 -0.49500
4250.0 250.0 -0.52475
4350.0 250.0 -0.35923
4450.0 250.0 -0.12133
4550.0 250.0 0.07597
4650.0 250.0 0.33069
4750.0 250.0 0.60125
4850.0 250.0 0.68901
4950.0 250.0 0.51913
5050.0 250.0 0.21339
5150.0 250.0 -0.06608
5250.0 250.0 -0.26904
5350.0 250.0 -0.28688
5450.0 250.0 -0.13315
5550.0 250.0 0.05622
5650.0 250.0 0.11554
5750.0 250.0 -0.00278
5850.0 250.0 -0.19781
5950.0 250.0 -0.42983
6050.0 250.0 -0.54419
6150.0 250.0 -0.45104
6250.0 250.0 -0.22095
6350.0 250.0 0.00364
50.0 350.0 -0.03780
150.0 350.0 0.08976
250.0 350.0 0.13592
350.0 350.0 0.10232
450.0 350.0 -0.07088
550.0 350.0 -0.27606
650.0 350.0 -0.36491
750.0 350.0 -0.27912
850.0 350.0 -0.07782
950.0 350.0 0.13779
1050.0 350.0 0.29509
1150.0 350.0 0.33640
1250.0 350.0 0.27750
1350.0 350.0 0.21097
1450.0 350.0 0.22605
1550.0 350.0 0.30577
1650.0 350.0 0.46115
1750.0 350.0 0.57824
1850.0 350.0 0.53038
1950.0 350.0 0.31842
2050.0 350.0 0.05383
2150.0 350.0 -0.17922
2250.0 350.0 -0.25951
2350.0 350.0 -0.15338
2450.0 350.0 0.02219
2550.0 350.0 0.10119
2650.0 350.0 -0.01265
2750.0 350.0 -0.23034
2850.0 350.0 -0.41086
2950.0 350.0 -0.44376
3050.0 350.0 -0.29040
3150.0 350.0 -0.04986
3250.0 350.0 0.11485
3350.0 350.0 0.18605
3450.0 350.0 0.31423
3550.0 350.0 0.46281
3650.0 350.0 0.51502
3750.0 350.0 0.42564
3850.0 350.0 0.25376
3950.0 350.0 0.07546
4050.0 350.0 -0.13533
4150.0 350.0 -0.29983
4250.0 350.0 -0.28358
4350.0 350.0 -0.08095
4450.0 350.0 0.17234
4550.0 350.0 0.36782
4650.0 350.0 0.58858
4750.0 350.0 0.76497
4850.0 350.0 0.72732
4950.0 350.0 0.45267
5050.0 350.0 0.09995
5150.0 350.0 -0.17726
5250.0 350.0 -0.35120
5350.0 350.0 -0.29173
5450.0 350.0 -0.03052
5550.0 350.0 0.25578
5650.0 350.0 0.36832
5750.0 350.0 0.26052
5850.0 350.0 0.06305
5950.0 350.0 -0.19068
6050.0 350.0 -0.34910
6150.0 350.0 -0.30980
6250.0 350.0 -0.12309
6350.0 350.0 0.07887
50.0 450.0 -0.05337
150.0 450.0 0.10236
250.0 450.0 0.18236
350.0 450.0 0.18423
450.0 450.0 0.03317
550.0 450.0 -0.19491
650.0 450.0 -0.35578
750.0 450.0 -0.35716
850.0 450.0 -0.21969
950.0 450.0 -0.04757
1050.0 450.0 0.11128
1150.0 450.0 0.20933
1250.0 450.0 0.23311
1350.0 450.0 0.22630
1450.0 450.0 0.24854
1550.0 450.0 0.30926
1650.0 450.0 0.43372
1750.0 450.0 0.53862
1850.0 450.0 0.52437
1950.0 450.0 0.38367
2050.0 450.0 0.19480
2150.0 450.0 0.02034
2250.0 450.0 -0.07657
2350.0 450.0 -0.07411
2450.0 450.0 -0.02855
2550.0 450.0 -0.02695
2650.0 450.0 -0.12451
2750.0 450.0 -0.27465
2850.0 450.0 -0.37359
2950.0 450.0 -0.34831
3050.0 450.0 -0.20085
3150.0 450.0 -0.02288
3250.0 450.0 0.07100
3350.0 450.0 0.09015
3450.0 450.0 0.19836
3550.0 450.0 0.39062
3650.0 450.0 0.53952
3750.0 450.0 0.55110
3850.0 450.0 0.43146
3950.0 450.0 0.25914
4050.0 450.0 0.06469
4150.0 450.0 -0.06266
4250.0 450.0 -0.00472
4350.0 450.0 0.22461
4450.0 450.0 0.48100
4550.0 450.0 0.66401
4650.0 450.0 0.84429
4750.0 450.0 0.93940
4850.0 450.0 0.81881
4950.0 450.0 0.50094
5050.0 450.0 0.15648
5150.0 450.0 -0.08313
5250.0 450.0 -0.21250
5350.0 450.0 -0.10624
5450.0 450.0 0.19078
5550.0 450.0 0.49563
5650.0 450.0 0.61641
5750.0 450.0 0.51797
5850.0 450.0 0.33940
5950.0 450.0 0.11134
6050.0 450.0 -0.05009
6150.0 450.0 -0.06185
6250.0 450.0 0.04351
6350.0 450.0 0.16713
50.0 550.0 -0.20920
150.0 550.0 -0.00444
250.0 550.0 0.13117
350.0 550.0 0.20020
450.0 550.0 0.12741
550.0 550.0 -0.06918
650.0 550.0 -0.27856
750.0 550.0 -0.37975
850.0 550.0 -0.33684
950.0 550.0 -0.24465
1050.0 550.0 -0.13314
1150.0 550.0 -0.02946
1250.0 550.0 0.03820
1350.0 550.0 0.06961
1450.0 550.0 0.08807
1550.0 550.0 0.12086
1650.0 550.0 0.21550
1750.0 550.0 0.33875
1850.0 550.0 0.42097
1950.0 550.0 0.42497
2050.0 550.0 0.36800
2150.0 550.0 0.29136
2250.0 550.0 0.18879
2350.0 550.0 0.06578
2450.0 550.0 -0.05054
2550.0 550.0 -0.13873
2650.0 550.0 -0.19727
2750.0 550.0 -0.23917
2850.0 550.0 -0.22820
2950.0 550.0 -0.15846
3050.0 550.0 -0.08094
3150.0 550.0 -0.05112
3250.0 550.0 -0.09047
3350.0 550.0 -0.15739
3450.0 550.0 -0.09209
3550.0 550.0 0.14593
3650.0 550.0 0.42007
3750.0 550.0 0.56995
3850.0 550.0 0.52410
3950.0 550.0 0.36021
4050.0 550.0 0.17772
4150.0 550.0 0.07132
4250.0 550.0 0.14443
4350.0 550.0 0.37255
4450.0 550.0 0.61286
4550.0 550.0 0.77413
4650.0 550.0 0.91886
4750.0 550.0 0.97424
4850.0 550.0 0.84879
4950.0 550.0 0.57636
5050.0 550.0 0.30475
5150.0 550.0 0.13379
5250.0 550.0 0.05481
5350.0 550.0 0.15959
5450.0 550.0 0.39943
5550.0 550.0 0.62675
5650.0 550.0 0.70132
5750.0 550.0 0.60835
5850.0 550.0 0.47065
5950.0 550.0 0.32612
6050.0 550.0 0.22582
6150.0 550.0 0.19553
6250.0 550.0 0.20689
6350.0 550.0 0.21088
50.0 650.0 -0.40219
150.0 650.0 -0.15627
250.0 650.0 0.03342
350.0 650.0 0.17622
450.0 650.0 0.21166
550.0 650.0 0.09547
650.0 650.0 -0.11342
750.0 650.0 -0.28434
850.0 650.0 -0.32921
950.0 650.0 -0.32146
1050.0 650.0 -0.28262
1150.0 650.0 -0.21753
1250.0 650.0 -0.15227
1350.0 650.0 -0.11278
1450.0 650.0 -0.10595
1550.0 650.0 -0.10313
1650.0 650.0 -0.05226
1750.0 650.0 0.06312
1850.0 650.0 0.21292
1950.0 650.0 0.34153
2050.0 650.0 0.41016
2150.0 650.0 0.43417
2250.0 650.0 0.35320
2350.0 650.0 0.16005
2450.0 650.0 -0.05464
2550.0 650.0 -0.18636
2650.0 650.0 -0.19000
2750.0 650.0 -0.12379
2850.0 650.0 -0.00693
2950.0 650.0 0.09885
3050.0 650.0 0.09655
3150.0 650.0 -0.02915
3250.0 650.0 -0.20444
3350.0 650.0 -0.35858
3450.0 650.0 -0.35664
3550.0 650.0 -0.12285
3650.0 650.0 0.21315
3750.0 650.0 0.45002
3850.0 650.0 0.45579
3950.0 650.0 0.29847
4050.0 650.0 0.11876
4150.0 650.0 0.00852
4250.0 650.0 0.06383
4350.0 650.0 0.26276
4450.0 650.0 0.47381
4550.0 650.0 0.61237
4650.0 650.0 0.73622
4750.0 650.0 0.79649
4850.0 650.0 0.72879
4950.0 650.0 0.55747
5050.0 650.0 0.38717
5150.0 650.0 0.28832
5250.0 650.0 0.25001
5350.0 650.0 0.31955
5450.0 650.0 0.45211
5550.0 650.0 0.55521
5650.0 650.0 0.55772
5750.0 650.0 0.46597
5850.0 650.0 0.37586
5950.0 650.0 0.34278
6050.0 650.0 0.34788
6150.0 650.0 0.34251
6250.0 650.0 0.28583
6350.0 650.0 0.17564
50.0 750.0 -0.50043
150.0 750.0 -0.24387
250.0 750.0 -0.02374
350.0 750.0 0.16921
450.0 750.0 0.29345
550.0 750.0 0.26326
650.0 750.0 0.09140
750.0 750.0 -0.09967
850.0 750.0 -0.19325
950.0 750.0 -0.23903
1050.0 750.0 -0.25501
1150.0 750.0 -0.23160
1250.0 750.0 -0.18672
1350.0 750.0 -0.15457
1450.0 750.0 -0.15807
1550.0 750.0 -0.17879
1650.0 750.0 -0.18991
1750.0 750.0 -0.14513
1850.0 750.0 -0.02604
1950.0 750.0 0.12907
2050.0 750.0 0.25935
2150.0 750.0 0.34824
2250.0 750.0 0.31135
2350.0 750.0 0.13770
2450.0 750.0 -0.06554
2550.0 750.0 -0.17169
2650.0 750.0 -0.12368
2750.0 750.0 0.00974
2850.0 750.0 0.19923
2950.0 750.0 0.34444
3050.0 750.0 0.31429
3150.0 750.0 0.10964
3250.0 750.0 -0.14248
3350.0 750.0 -0.35119
3450.0 750.0 -0.41480
3550.0 750.0 -0.24857
3650.0 750.0 0.04297
3750.0 750.0 0.26653
3850.0 750.0 0.27519
3950.0 750.0 0.11968
4050.0 750.0 -0.06413
4150.0 750.0 -0.19238
4250.0 750.0 -0.16881
4350.0 750.0 -0.00543
4450.0 750.0 0.17937
4550.0 750.0 0.30332
4650.0 750.0 0.41933
4750.0 750.0 0.49763
4850.0 750.0 0.48640
4950.0 750.0 0.39570
5050.0 750.0 0.29699
5150.0 750.0 0.24347
5250.0 750.0 0.22807
5350.0 750.0 0.26927
5450.0 750.0 0.32614
5550.0 750.0 0.34386
5650.0 750.0 0.29710
5750.0 750.0 0.20524
5850.0 750.0 0.14900
5950.0 750.0 0.20373
6050.0 750.0 0.30438
6150.0 750.0 0.34463
6250.0 750.0 0.26439
6350.0 750.0 0.08806
50.0 850.0 -0.45024
150.0 850.0 -0.21391
250.0 850.0 0.00885
350.0 850.0 0.21726
450.0 850.0 0.38079
550.0 850.0 0.40160
650.0 850.0 0.26991
750.0 850.0 0.09396
850.0 850.0 -0.00604
950.0 850.0 -0.06344
1050.0 850.0 -0.09062
1150.0 850.0 -0.07487
1250.0 850.0 -0.03288
1350.0 850.0 -0.00133
1450.0 850.0 -0.00683
1550.0 850.0 -0.04141
1650.0 850.0 -0.12500
1750.0 850.0 -0.20562
1850.0 850.0 -0.21354
1950.0 850.0 -0.13555
2050.0 850.0 -0.01692
2150.0 850.0 0.09039
2250.0 850.0 0.10193
2350.0 850.0 0.01080
2450.0 850.0 -0.10013
2550.0 850.0 -0.13521
2650.0 850.0 -0.05312
2750.0 850.0 0.09730
2850.0 850.0 0.32189
2950.0 850.0 0.51791
3050.0 850.0 0.53236
3150.0 850.0 0.34929
3250.0 850.0 0.09543
3350.0 850.0 -0.12671
3450.0 850.0 -0.24101
3550.0 850.0 -0.17761
3650.0 850.0 -0.00718
3750.0 850.0 0.12349
3850.0 850.0 0.09398
3950.0 850.0 -0.06395
4050.0 850.0 -0.25247
4150.0 850.0 -0.39497
4250.0 850.0 -0.39210
4350.0 850.0 -0.24818
4450.0 850.0 -0.07466
4550.0 850.0 0.04549
4650.0 850.0 0.15718
4750.0 850.0 0.23153
4850.0 850.0 0.22160
4950.0 850.0 0.13874
5050.0 850.0 0.05071
5150.0 850.0 0.00653
5250.0 850.0 0.00053
5350.0 850.0 0.05074
5450.0 850.0 0.11364
5550.0 850.0 0.13375
5650.0 850.0 0.08786
5750.0 850.0 -0.00210
5850.0 850.0 -0.04712
5950.0 850.0 0.04244
6050.0 850.0 0.18862
6150.0 850.0 0.26285
6250.0 850.0 0.19164
6350.0 850.0 0.00361
50.0 950.0 -0.32191
150.0 950.0 -0.12444
250.0 950.0 0.08071
350.0 950.0 0.28069
450.0 950.0 0.45263
550.0 950.0 0.50169
650.0 950.0 0.40713
750.0 950.0 0.25936
850.0 950.0 0.16891
950.0 950.0 0.11554
1050.0 950.0 0.09519
1150.0 950.0 0.11984
1250.0 950.0 0.17029
1350.0 950.0 0.20774
1450.0 950.0 0.20528
1550.0 950.0 0.16346
1650.0 950.0 0.01707
1750.0 950.0 -0.18632
1850.0 950.0 -0.33391
1950.0 950.0 -0.35741
2050.0 950.0 -0.27528
2150.0 950.0 -0.17088
2250.0 950.0 -0.12641
2350.0 950.0 -0.14172
2450.0 950.0 -0.16156
2550.0 950.0 -0.12861
2650.0 950.0 -0.02326
2750.0 950.0 0.12801
2850.0 950.0 0.37169
2950.0 950.0 0.61570
3050.0 950.0 0.69467
3150.0 950.0 0.56842
3250.0 950.0 0.34480
3350.0 950.0 0.13201
3450.0 950.0 -0.01419
3550.0 950.0 -0.04680
3650.0 950.0 -0.00578
3750.0 950.0 0.01638
3850.0 950.0 -0.06075
3950.0 950.0 -0.22146
4050.0 950.0 -0.41917
4150.0 950.0 -0.58697
4250.0 950.0 -0.61606
4350.0 950.0 -0.49654
4450.0 950.0 -0.33104
4550.0 950.0 -0.20687
4650.0 950.0 -0.09169
4750.0 950.0 -0.01785
4850.0 950.0 -0.03122
4950.0 950.0 -0.11723
5050.0 950.0 -0.20508
5150.0 950.0 -0.24560
5250.0 950.0 -0.24206
5350.0 950.0 -0.16970
5450.0 950.0 -0.07759
5550.0 950.0 -0.03215
5650.0 950.0 -0.06465
5750.0 950.0 -0.15216
5850.0 950.0 -0.19682
5950.0 950.0 -0.10450
6050.0 950.0 0.05095
6150.0 950.0 0.14091
6250.0 950.0 0.08682
6350.0 950.0 -0.08773
50.0 1050.0 -0.08673
150.0 1050.0 0.03247
250.0 1050.0 0.16610
350.0 1050.0 0.29842
450.0 1050.0 0.41822
550.0 1050.0 0.46154
650.0 1050.0 0.40975
750.0 1050.0 0.31782
850.0 1050.0 0.25782
950.0 1050.0 0.22257
1050.0 1050.0 0.21888
1150.0 1050.0 0.25631
1250.0 1050.0 0.31560
1350.0 1050.0 0.36089
1450.0 1050.0 0.36862
1550.0 1050.0 0.33735
1650.0 1050.0 0.18738
1750.0 1050.0 -0.05245
1850.0 1050.0 -0.26842
1950.0 1050.0 -0.36710
2050.0 1050.0 -0.33839
2150.0 1050.0 -0.27161
2250.0 1050.0 -0.25451
2350.0 1050.0 -0.27473
2450.0 1050.0 -0.27808
2550.0 1050.0 -0.22425
2650.0 1050.0 -0.11350
2750.0 1050.0 0.02946
2850.0 1050.0 0.25990
2950.0 1050.0 0.50717
3050.0 1050.0 0.62649
3150.0 1050.0 0.57055
3250.0 1050.0 0.41834
3350.0 1050.0 0.26374
3450.0 1050.0 0.14599
3550.0 1050.0 0.08120
3650.0 1050.0 0.03867
3750.0 1050.0 -0.02785
3850.0 1050.0 -0.14777
3950.0 1050.0 -0.30780
4050.0 1050.0 -0.53194
4150.0 1050.0 -0.77383
4250.0 1050.0 -0.89209
4350.0 1050.0 -0.83351
4450.0 1050.0 -0.67773
4550.0 1050.0 -0.52818
4650.0 1050.0 -0.37759
4750.0 1050.0 -0.25630
4850.0 1050.0 -0.21758
4950.0 1050.0 -0.25775
5050.0 1050.0 -0.31234
5150.0 1050.0 -0.32909
5250.0 1050.0 -0.30342
5350.0 1050.0 -0.21500
5450.0 1050.0 -0.11933
5550.0 1050.0 -0.08087
5650.0 1050.0 -0.12073
5750.0 1050.0 -0.20811
5850.0 1050.0 -0.26803
5950.0 1050.0 -0.23166
6050.0 1050.0 -0.13806
6150.0 1050.0 -0.07239
6250.0 1050.0 -0.09863
6350.0 1050.0 -0.21317
50.0 1150.0 0.17226
150.0 1150.0 0.19409
250.0 1150.0 0.21042
350.0 1150.0 0.22156
450.0 1150.0 0.23465
550.0 1150.0 0.24182
650.0 1150.0 0.23825
750.0 1150.0 0.22740
850.0 1150.0 0.21680
950.0 1150.0 0.21107
1050.0 1150.0 0.22563
1150.0 1150.0 0.26671
1250.0 1150.0 0.32196
1350.0 1150.0 0.36826
1450.0 1150.0 0.39039
1550.0 1150.0 0.38871
1650.0 1150.0 0.30876
1750.0 1150.0 0.14796
1850.0 1150.0 -0.03097
1950.0 1150.0 -0.15281
2050.0 1150.0 -0.18421
2150.0 1150.0 -0.18612
2250.0 1150.0 -0.24885
2350.0 1150.0 -0.34282
2450.0 1150.0 -0.39234
2550.0 1150.0 -0.35678
2650.0 1150.0 -0.25557
2750.0 1150.0 -0.13028
2850.0 1150.0 0.04461
2950.0 1150.0 0.22584
3050.0 1150.0 0.32894
3150.0 1150.0 0.32883
3250.0 1150.0 0.27486
3350.0 1150.0 0.22278
3450.0 1150.0 0.19884
3550.0 1150.0 0.18568
3650.0 1150.0 0.13410
3750.0 1150.0 0.02348
3850.0 1150.0 -0.12335
3950.0 1150.0 -0.27832
4050.0 1150.0 -0.53227
4150.0 1150.0 -0.85930
4250.0 1150.0 -1.07441
4350.0 1150.0 -1.07242
4450.0 1150.0 -0.91024
4550.0 1150.0 -0.71443
4650.0 1150.0 -0.50981
4750.0 1150.0 -0.32897
4850.0 1150.0 -0.23193
4950.0 1150.0 -0.22111
5050.0 1150.0 -0.23262
5150.0 1150.0 -0.21000
5250.0 1150.0 -0.15184
5350.0 1150.0 -0.05641
5450.0 1150.0 0.01431
5550.0 1150.0 0.01160
5650.0 1150.0 -0.05713
5750.0 1150.0 -0.14691
5850.0 1150.0 -0.23433
5950.0 1150.0 -0.29915
6050.0 1150.0 -0.31930
6150.0 1150.0 -0.30194
6250.0 1150.0 -0.28339
6350.0 1150.0 -0.29438
50.0 1250.0 0.33256
150.0 1250.0 0.27796
250.0 1250.0 0.17629
350.0 1250.0 0.06063
450.0 1250.0 -0.03848
550.0 1250.0 -0.07020
650.0 1250.0 -0.02451
750.0 1250.0 0.04870
850.0 1250.0 0.08957
950.0 1250.0 0.11270
1050.0 1250.0 0.13558
1150.0 1250.0 0.16176
1250.0 1250.0 0.19323
1350.0 1250.0 0.22787
1450.0 1250.0 0.26171
1550.0 1250.0 0.29574
1650.0 1250.0 0.32143
1750.0 1250.0 0.30388
1850.0 1250.0 0.23004
1950.0 1250.0 0.12980
2050.0 1250.0 0.04951
2150.0 1250.0 -0.02391
2250.0 1250.0 -0.16916
2350.0 1250.0 -0.33831
2450.0 1250.0 -0.43395
2550.0 1250.0 -0.41593
2650.0 1250.0 -0.32414
2750.0 1250.0 -0.21899
2850.0 1250.0 -0.12234
2950.0 1250.0 -0.05456
3050.0 1250.0 -0.02195
3150.0 1250.0 -0.00484
3250.0 1250.0 0.02785
3350.0 1250.0 0.08320
3450.0 1250.0 0.17494
3550.0 1250.0 0.25852
3650.0 1250.0 0.25165
3750.0 1250.0 0.13872
3850.0 1250.0 -0.01735
3950.0 1250.0 -0.16508
4050.0 1250.0 -0.43217
4150.0 1250.0 -0.79955
4250.0 1250.0 -1.05106
4350.0 1250.0 -1.05321
4450.0 1250.0 -0.85834
4550.0 1250.0 -0.61194
4650.0 1250.0 -0.36556
4750.0 1250.0 -0.16736
4850.0 1250.0 -0.07251
4950.0 1250.0 -0.06460
5050.0 1250.0 -0.05994
5150.0 1250.0 0.00010
5250.0 1250.0 0.09042
5350.0 1250.0 0.18694
5450.0 1250.0 0.22233
5550.0 1250.0 0.16794
5650.0 1250.0 0.06425
5750.0 1250.0 -0.02882
5850.0 1250.0 -0.14236
5950.0 1250.0 -0.30224
6050.0 1250.0 -0.42433
6150.0 1250.0 -0.44093
6250.0 1250.0 -0.36577
6350.0 1250.0 -0.26657
50.0 1350.0 0.34868
150.0 1350.0 0.26216
250.0 1350.0 0.08695
350.0 1350.0 -0.10939
450.0 1350.0 -0.27340
550.0 1350.0 -0.31727
650.0 1350.0 -0.22641
750.0 1350.0 -0.09051
850.0 1350.0 -0.01440
950.0 1350.0 0.02552
1050.0 1350.0 0.04297
1150.0 1350.0 0.04063
1250.0 1350.0 0.03695
1350.0 1350.0 0.05120
1450.0 1350.0 0.08931
1550.0 1350.0 0.14768
1650.0 1350.0 0.24972
1750.0 1350.0 0.33957
1850.0 1350.0 0.34965
1950.0 1350.0 0.27420
2050.0 1350.0 0.16537
2150.0 1350.0 0.04772
2250.0 1350.0 -0.13137
2350.0 1350.0 -0.30937
2450.0 1350.0 -0.38903
2550.0 1350.0 -0.34889
2650.0 1350.0 -0.25161
2750.0 1350.0 -0.16038
2850.0 1350.0 -0.12779
2950.0 1350.0 -0.16282
3050.0 1350.0 -0.21099
3150.0 1350.0 -0.20951
3250.0 1350.0 -0.13090
3350.0 1350.0 -0.00599
3450.0 1350.0 0.16347
3550.0 1350.0 0.31598
3650.0 1350.0 0.34577
3750.0 1350.0 0.23747
3850.0 1350.0 0.07803
3950.0 1350.0 -0.06412
4050.0 1350.0 -0.32067
4150.0 1350.0 -0.66271
4250.0 1350.0 -0.86917
4350.0 1350.0 -0.81566
4450.0 1350.0 -0.57195
4550.0 1350.0 -0.29031
4650.0 1350.0 -0.03560
4750.0 1350.0 0.11640
4850.0 1350.0 0.12900
4950.0 1350.0 0.06304
5050.0 1350.0 0.04127
5150.0 1350.0 0.12088
5250.0 1350.0 0.23275
5350.0 1350.0 0.33210
5450.0 1350.0 0.34766
5550.0 1350.0 0.26260
5650.0 1350.0 0.13780
5750.0 1350.0 0.04286
5850.0 1350.0 -0.08305
5950.0 1350.0 -0.28568
6050.0 1350.0 -0.44394
6150.0 1350.0 -0.45318
6250.0 1350.0 -0.32371
6350.0 1350.0 -0.14929
50.0 1450.0 0.27271
150.0 1450.0 0.19138
250.0 1450.0 -0.00063
350.0 1450.0 -0.21433
450.0 1450.0 -0.37855
550.0 1450.0 -0.39833
650.0 1450.0 -0.26844
750.0 1450.0 -0.09950
850.0 1450.0 -0.01049
950.0 1450.0 0.03155
1050.0 1450.0 0.03528
1150.0 1450.0 0.00412
1250.0 1450.0 -0.03109
1350.0 1450.0 -0.03670
1450.0 1450.0 -0.00127
1550.0 1450.0 0.06153
1650.0 1450.0 0.17048
1750.0 1450.0 0.26402
1850.0 1450.0 0.26935
1950.0 1450.0 0.18195
2050.0 1450.0 0.06004
2150.0 1450.0 -0.06481
2250.0 1450.0 -0.21388
2350.0 1450.0 -0.31569
2450.0 1450.0 -0.30105
2550.0 1450.0 -0.18944
2650.0 1450.0 -0.06794
2750.0 1450.0 0.01950
2850.0 1450.0 0.02657
2950.0 1450.0 -0.05465
3050.0 1450.0 -0.14719
3150.0 1450.0 -0.16764
3250.0 1450.0 -0.08396
3350.0 1450.0 0.05824
3450.0 1450.0 0.23759
3550.0 1450.0 0.38284
3650.0 1450.0 0.39019
3750.0 1450.0 0.25721
3850.0 1450.0 0.08572
3950.0 1450.0 -0.05494
4050.0 1450.0 -0.28622
4150.0 1450.0 -0.56081
4250.0 1450.0 -0.67444
4350.0 1450.0 -0.53759
4450.0 1450.0 -0.24857
4550.0 1450.0 0.04499
4650.0 1450.0 0.27702
4750.0 1450.0 0.34104
4850.0 1450.0 0.22538
4950.0 1450.0 0.04509
5050.0 1450.0 -0.03238
5150.0 1450.0 0.04608
5250.0 1450.0 0.16635
5350.0 1450.0 0.27611
5450.0 1450.0 0.30089
5550.0 1450.0 0.22124
5650.0 1450.0 0.09835
5750.0 1450.0 0.00415
5850.0 1450.0 -0.11799
5950.0 1450.0 -0.30298
6050.0 1450.0 -0.42515
6150.0 1450.0 -0.38794
6250.0 1450.0 -0.21784
6350.0 1450.0 -0.01840
50.0 1550.0 0.15925
150.0 1550.0 0.09423
250.0 1550.0 -0.08751
350.0 1550.0 -0.28731
450.0 1550.0 -0.42153
550.0 1550.0 -0.40247
650.0 1550.0 -0.23981
750.0 1550.0 -0.05435
850.0 1550.0 0.03633
950.0 1550.0 0.07410
1050.0 1550.0 0.06323
1150.0 1550.0 0.00865
1250.0 1550.0 -0.05019
1350.0 1550.0 -0.07097
1450.0 1550.0 -0.03983
1550.0 1550.0 0.01978
1650.0 1550.0 0.10980
1750.0 1550.0 0.16714
1850.0 1550.0 0.13103
1950.0 1550.0 0.01276
2050.0 1550.0 -0.12153
2150.0 1550.0 -0.24471
2250.0 1550.0 -0.34712
2350.0 1550.0 -0.34812
2450.0 1550.0 -0.21351
2550.0 1550.0 -0.01121
2650.0 1550.0 0.14437
2750.0 1550.0 0.23531
2850.0 1550.0 0.24096
2950.0 1550.0 0.15008
3050.0 1550.0 0.04082
3150.0 1550.0 0.00294
3250.0 1550.0 0.07541
3350.0 1550.0 0.21077
3450.0 1550.0 0.36818
3550.0 1550.0 0.47098
3650.0 1550.0 0.43060
3750.0 1550.0 0.26335
3850.0 1550.0 0.08023
3950.0 1550.0 -0.05708
4050.0 1550.0 -0.25642
4150.0 1550.0 -0.45295
4250.0 1550.0 -0.46798
4350.0 1550.0 -0.25225
4450.0 1550.0 0.06965
4550.0 1550.0 0.36079
4650.0 1550.0 0.55831
4750.0 1550.0 0.52841
4850.0 1550.0 0.28321
4950.0 1550.0 -0.01265
5050.0 1550.0 -0.15172
5150.0 1550.0 -0.08543
5250.0 1550.0 0.03545
5350.0 1550.0 0.15992
5450.0 1550.0 0.20941
5550.0 1550.0 0.15303
5650.0 1550.0 0.04146
5750.0 1550.0 -0.05416
5850.0 1550.0 -0.17378
5950.0 1550.0 -0.33482
6050.0 1550.0 -0.41441
6150.0 1550.0 -0.33257
6250.0 1550.0 -0.13403
6350.0 1550.0 0.07253
50.0 1650.0 -0.04564
150.0 1650.0 -0.08204
250.0 1650.0 -0.20867
350.0 1650.0 -0.34451
450.0 1650.0 -0.41168
550.0 1650.0 -0.35155
650.0 1650.0 -0.18867
750.0 1650.0 -0.02712
850.0 1650.0 0.04492
950.0 1650.0 0.06983
1050.0 1650.0 0.04790
1150.0 1650.0 -0.01261
1250.0 1650.0 -0.07195
1350.0 1650.0 -0.09168
1450.0 1650.0 -0.06248
1550.0 1650.0 -0.00533
1650.0 1650.0 0.08594
1750.0 1650.0 0.13999
1850.0 1650.0 0.08831
1950.0 1650.0 -0.05612
2050.0 1650.0 -0.21836
2150.0 1650.0 -0.36476
2250.0 1650.0 -0.46069
2350.0 1650.0 -0.40459
2450.0 1650.0 -0.17568
2550.0 1650.0 0.11723
2650.0 1650.0 0.32199
2750.0 1650.0 0.43616
2850.0 1650.0 0.48257
2950.0 1650.0 0.43694
3050.0 1650.0 0.34760
3150.0 1650.0 0.29380
3250.0 1650.0 0.32982
3350.0 1650.0 0.42593
3450.0 1650.0 0.53157
3550.0 1650.0 0.58255
3650.0 1650.0 0.51734
3750.0 1650.0 0.35939
3850.0 1650.0 0.20158
3950.0 1650.0 0.08825
4050.0 1650.0 -0.05938
4150.0 1650.0 -0.17179
4250.0 1650.0 -0.11162
4350.0 1650.0 0.13544
4450.0 1650.0 0.44224
4550.0 1650.0 0.69720
4650.0 1650.0 0.84788
4750.0 1650.0 0.75291
4850.0 1650.0 0.43337
4950.0 1650.0 0.06965
5050.0 1650.0 -0.11968
5150.0 1650.0 -0.08871
5250.0 1650.0 0.01245
5350.0 1650.0 0.15297
5450.0 1650.0 0.24563
5550.0 1650.0 0.23109
5650.0 1650.0 0.13218
5750.0 1650.0 0.01638
5850.0 1650.0 -0.13649
5950.0 1650.0 -0.34257
6050.0 1650.0 -0.46164
6150.0 1650.0 -0.39811
6250.0 1650.0 -0.19745
6350.0 1650.0 0.01851
50.0 1750.0 -0.27903
150.0 1750.0 -0.26771
250.0 1750.0 -0.29246
350.0 1750.0 -0.31637
450.0 1750.0 -0.29176
550.0 1750.0 -0.20934
650.0 1750.0 -0.10034
750.0 1750.0 -0.01661
850.0 1750.0 0.01330
950.0 1750.0 0.01702
1050.0 1750.0 -0.01033
1150.0 1750.0 -0.05544
1250.0 1750.0 -0.08806
1350.0 1750.0 -0.08783
1450.0 1750.0 -0.05753
1550.0 1750.0 -0.00124
1650.0 1750.0 0.11759
1750.0 1750.0 0.21262
1850.0 1750.0 0.18343
1950.0 1750.0 0.02575
2050.0 1750.0 -0.17788
2150.0 1750.0 -0.37508
2250.0 1750.0 -0.52506
2350.0 1750.0 -0.49597
2450.0 1750.0 -0.24435
2550.0 1750.0 0.10600
2650.0 1750.0 0.36382
2750.0 1750.0 0.52064
2850.0 1750.0 0.64644
2950.0 1750.0 0.69254
3050.0 1750.0 0.64911
3150.0 1750.0 0.57225
3250.0 1750.0 0.54279
3350.0 1750.0 0.56686
3450.0 1750.0 0.59553
3550.0 1750.0 0.59747
3650.0 1750.0 0.54634
3750.0 1750.0 0.45459
3850.0 1750.0 0.36512
3950.0 1750.0 0.29681
4050.0 1750.0 0.21187
4150.0 1750.0 0.16507
4250.0 1750.0 0.24377
4350.0 1750.0 0.44587
4450.0 1750.0 0.67555
4550.0 1750.0 0.85895
4650.0 1750.0 0.96295
4750.0 1750.0 0.87099
4850.0 1750.0 0.58771
4950.0 1750.0 0.25314
5050.0 1750.0 0.05002
5150.0 1750.0 0.02530
5250.0 1750.0 0.08388
5350.0 1750.0 0.23422
5450.0 1750.0 0.37748
5550.0 1750.0 0.41309
5650.0 1750.0 0.32231
5750.0 1750.0 0.16630
5850.0 1750.0 -0.05205
5950.0 1750.0 -0.35624
6050.0 1750.0 -0.57112
6150.0 1750.0 -0.56337
6250.0 1750.0 -0.37156
6350.0 1750.0 -0.14065
50.0 1850.0 -0.43015
150.0 1850.0 -0.35820
250.0 1850.0 -0.26990
350.0 1850.0 -0.17603
450.0 1850.0 -0.07226
550.0 1850.0 -0.00005
650.0 1850.0 0.01541
750.0 1850.0 -0.00717
850.0 1850.0 -0.02804
950.0 1850.0 -0.04670
1050.0 1850.0 -0.07554
1150.0 1850.0 -0.09606
1250.0 1850.0 -0.09134
1350.0 1850.0 -0.06401
1450.0 1850.0 -0.03113
1550.0 1850.0 0.02578
1650.0 1850.0 0.18530
1750.0 1850.0 0.34481
1850.0 1850.0 0.36173
1950.0 1850.0 0.20435
2050.0 1850.0 -0.04008
2150.0 1850.0 -0.29671
2250.0 1850.0 -0.53980
2350.0 1850.0 -0.60884
2450.0 1850.0 -0.41105
2550.0 1850.0 -0.05517
2650.0 1850.0 0.24084
2750.0 1850.0 0.44340
2850.0 1850.0 0.65068
2950.0 1850.0 0.78528
3050.0 1850.0 0.77771
3150.0 1850.0 0.66457
3250.0 1850.0 0.55911
3350.0 1850.0 0.50466
3450.0 1850.0 0.45809
3550.0 1850.0 0.42825
3650.0 1850.0 0.42028
3750.0 1850.0 0.42341
3850.0 1850.0 0.41842
3950.0 1850.0 0.39950
4050.0 1850.0 0.36703
4150.0 1850.0 0.34837
4250.0 1850.0 0.38916
4350.0 1850.0 0.49263
4450.0 1850.0 0.61455
4550.0 1850.0 0.71774
4650.0 1850.0 0.79239
4750.0 1850.0 0.77016
4850.0 1850.0 0.62002
4950.0 1850.0 0.40054
5050.0 1850.0 0.22502
5150.0 1850.0 0.14481
5250.0 1850.0 0.15320
5350.0 1850.0 0.30171
5450.0 1850.0 0.48166
5550.0 1850.0 0.55469
5650.0 1850.0 0.46314
5750.0 1850.0 0.26153
5850.0 1850.0 -0.02317
5950.0 1850.0 -0.41276
6050.0 1850.0 -0.69777
6150.0 1850.0 -0.71712
6250.0 1850.0 -0.51484
6350.0 1850.0 -0.26349
50.0 1950.0 -0.45276
150.0 1950.0 -0.32314
250.0 1950.0 -0.15399
350.0 1950.0 0.01773
450.0 1950.0 0.16104
550.0 1950.0 0.20170
650.0 1950.0 0.12819
750.0 1950.0 0.01735
850.0 1950.0 -0.04182
950.0 1950.0 -0.07614
1050.0 1950.0 -0.10720
1150.0 1950.0 -0.11281
1250.0 1950.0 -0.08449
1350.0 1950.0 -0.03986
1450.0 1950.0 -0.00557
1550.0 1950.0 0.05218
1650.0 1950.0 0.24262
1750.0 1950.0 0.45194
1850.0 1950.0 0.50650
1950.0 1950.0 0.35336
2050.0 1950.0 0.08202
2150.0 1950.0 -0.21757
2250.0 1950.0 -0.54215
2350.0 1950.0 -0.71376
2450.0 1950.0 -0.59313
2550.0 1950.0 -0.26263
2650.0 1950.0 0.04960
2750.0 1950.0 0.28259
2850.0 1950.0 0.53605
2950.0 1950.0 0.70959
3050.0 1950.0 0.70015
3150.0 1950.0 0.54153
3250.0 1950.0 0.37572
3350.0 1950.0 0.26694
3450.0 1950.0 0.17198
3550.0 1950.0 0.12874
3650.0 1950.0 0.16129
3750.0 1950.0 0.23857
3850.0 1950.0 0.29559
3950.0 1950.0 0.31074
4050.0 1950.0 0.30746
4150.0 1950.0 0.28933
4250.0 1950.0 0.27880
4350.0 1950.0 0.29289
4450.0 1950.0 0.33039
4550.0 1950.0 0.37749
4650.0 1950.0 0.44385
4750.0 1950.0 0.50613
4850.0 1950.0 0.49905
4950.0 1950.0 0.40456
5050.0 1950.0 0.27149
5150.0 1950.0 0.15602
5250.0 1950.0 0.12732
5350.0 1950.0 0.26586
5450.0 1950.0 0.45818
5550.0 1950.0 0.54497
5650.0 1950.0 0.44621
5750.0 1950.0 0.21205
5850.0 1950.0 -0.10843
5950.0 1950.0 -0.51587
6050.0 1950.0 -0.78436
6150.0 1950.0 -0.75899
6250.0 1950.0 -0.51186
6350.0 1950.0 -0.23881
50.0 2050.0 -0.38935
150.0 2050.0 -0.21817
250.0 2050.0 -0.02009
350.0 2050.0 0.17281
450.0 2050.0 0.31693
550.0 2050.0 0.32978
650.0 2050.0 0.21102
750.0 2050.0 0.06221
850.0 2050.0 -0.01106
950.0 2050.0 -0.05129
1050.0 2050.0 -0.08923
1150.0 2050.0 -0.10112
1250.0 2050.0 -0.07691
1350.0 2050.0 -0.03436
1450.0 2050.0 -0.00156
1550.0 2050.0 0.05591
1650.0 2050.0 0.25224
1750.0 2050.0 0.47015
1850.0 2050.0 0.52897
1950.0 2050.0 0.37216
2050.0 2050.0 0.09112
2150.0 2050.0 -0.22207
2250.0 2050.0 -0.57598
2350.0 2050.0 -0.78797
2450.0 2050.0 -0.70134
2550.0 2050.0 -0.38624
2650.0 2050.0 -0.07175
2750.0 2050.0 0.16917
2850.0 2050.0 0.42158
2950.0 2050.0 0.57372
3050.0 2050.0 0.52368
3150.0 2050.0 0.32046
3250.0 2050.0 0.12430
3350.0 2050.0 -0.00160
3450.0 2050.0 -0.11222
3550.0 2050.0 -0.16184
3650.0 2050.0 -0.11987
3750.0 2050.0 -0.02238
3850.0 2050.0 0.05249
3950.0 2050.0 0.07794
4050.0 2050.0 0.08383
4150.0 2050.0 0.06661
4250.0 2050.0 0.04147
4350.0 2050.0 0.02922
4450.0 2050.0 0.04144
4550.0 2050.0 0.07161
4650.0 2050.0 0.14004
4750.0 2050.0 0.24211
4850.0 2050.0 0.29833
4950.0 2050.0 0.25948
5050.0 2050.0 0.14836
5150.0 2050.0 0.02331
5250.0 2050.0 -0.01844
5350.0 2050.0 0.11087
5450.0 2050.0 0.29772
5550.0 2050.0 0.38008
5650.0 2050.0 0.27436
5750.0 2050.0 0.02953
5850.0 2050.0 -0.28680
5950.0 2050.0 -0.63771
6050.0 2050.0 -0.80326
6150.0 2050.0 -0.66861
6250.0 2050.0 -0.35106
6350.0 2050.0 -0.05994
50.0 2150.0 -0.32468
150.0 2150.0 -0.12467
250.0 2150.0 0.07978
350.0 2150.0 0.27232
450.0 2150.0 0.40964
550.0 2150.0 0.40886
650.0 2150.0 0.27421
750.0 2150.0 0.11351
850.0 2150.0 0.03526
950.0 2150.0 -0.00945
1050.0 2150.0 -0.05925
1150.0 2150.0 -0.08950
1250.0 2150.0 -0.08412
1350.0 2150.0 -0.05454
1450.0 2150.0 -0.02687
1550.0 2150.0 0.02655
1650.0 2150.0 0.21089
1750.0 2150.0 0.41240
1850.0 2150.0 0.45891
1950.0 2150.0 0.29914
2050.0 2150.0 0.02320
2150.0 2150.0 -0.28279
2250.0 2150.0 -0.63230
2350.0 2150.0 -0.84556
2450.0 2150.0 -0.76512
2550.0 2150.0 -0.45671
2650.0 2150.0 -0.14473
2750.0 2150.0 0.09526
2850.0 2150.0 0.32927
2950.0 2150.0 0.43890
3050.0 2150.0 0.33589
3150.0 2150.0 0.09025
3250.0 2150.0 -0.12422
3350.0 2150.0 -0.25321
3450.0 2150.0 -0.36665
3550.0 2150.0 -0.41960
3650.0 2150.0 -0.38096
3750.0 2150.0 -0.28628
3850.0 2150.0 -0.21354
3950.0 2150.0 -0.18967
4050.0 2150.0 -0.17973
4150.0 2150.0 -0.18341
4250.0 2150.0 -0.19065
4350.0 2150.0 -0.18886
4450.0 2150.0 -0.17196
4550.0 2150.0 -0.14421
4650.0 2150.0 -0.07552
4750.0 2150.0 0.03468
4850.0 2150.0 0.10486
4950.0 2150.0 0.07957
5050.0 2150.0 -0.02444
5150.0 2150.0 -0.14919
5250.0 2150.0 -0.19690
5350.0 2150.0 -0.08489
5450.0 2150.0 0.07983
5550.0 2150.0 0.14561
5650.0 2150.0 0.03510
5750.0 2150.0 -0.20501
5850.0 2150.0 -0.49366
5950.0 2150.0 -0.75162
6050.0 2150.0 -0.77672
6150.0 2150.0 -0.50832
6250.0 2150.0 -0.11300
6350.0 2150.0 0.19359
50.0 2250.0 -0.37582
150.0 2250.0 -0.17039
250.0 2250.0 0.04300
350.0 2250.0 0.25031
450.0 2250.0 0.41764
550.0 2250.0 0.44631
650.0 2250.0 0.32259
750.0 2250.0 0.15069
850.0 2250.0 0.04981
950.0 2250.0 -0.01904
1050.0 2250.0 -0.09344
1150.0 2250.0 -0.14747
1250.0 2250.0 -0.16407
1350.0 2250.0 -0.15508
1450.0 2250.0 -0.14789
1550.0 2250.0 -0.12222
1650.0 2250.0 0.00820
1750.0 2250.0 0.16161
1850.0 2250.0 0.20551
1950.0 2250.0 0.09299
2050.0 2250.0 -0.11525
2150.0 2250.0 -0.35600
2250.0 2250.0 -0.65994
2350.0 2250.0 -0.87183
2450.0 2250.0 -0.83244
2550.0 2250.0 -0.57409
2650.0 2250.0 -0.28188
2750.0 2250.0 -0.03737
2850.0 2250.0 0.19468
2950.0 2250.0 0.28459
3050.0 2250.0 0.14385
3150.0 2250.0 -0.14454
3250.0 2250.0 -0.39005
3350.0 2250.0 -0.53744
3450.0 2250.0 -0.65330
3550.0 2250.0 -0.68485
3650.0 2250.0 -0.61303
3750.0 2250.0 -0.49381
3850.0 2250.0 -0.41956
3950.0 2250.0 -0.41006
4050.0 2250.0 -0.39298
4150.0 2250.0 -0.35239
4250.0 2250.0 -0.30022
4350.0 2250.0 -0.25665
4450.0 2250.0 -0.23584
4550.0 2250.0 -0.23184
4650.0 2250.0 -0.18249
4750.0 2250.0 -0.07046
4850.0 2250.0 0.02363
4950.0 2250.0 0.02965
5050.0 2250.0 -0.05638
5150.0 2250.0 -0.18289
5250.0 2250.0 -0.26377
5350.0 2250.0 -0.24032
5450.0 2250.0 -0.17657
5550.0 2250.0 -0.16946
5650.0 2250.0 -0.27354
5750.0 2250.0 -0.46372
5850.0 2250.0 -0.67191
5950.0 2250.0 -0.78687
6050.0 2250.0 -0.64393
6150.0 2250.0 -0.24268
6250.0 2250.0 0.21698
6350.0 2250.0 0.53398
50.0 2350.0 -0.53684
150.0 2350.0 -0.33844
250.0 2350.0 -0.11026
350.0 2350.0 0.12789
450.0 2350.0 0.36034
550.0 2350.0 0.45579
650.0 2350.0 0.36144
750.0 2350.0 0.17136
850.0 2350.0 0.02577
950.0 2350.0 -0.08754
1050.0 2350.0 -0.18816
1150.0 2350.0 -0.24944
1250.0 2350.0 -0.26782
1350.0 2350.0 -0.27271
1450.0 2350.0 -0.29963
1550.0 2350.0 -0.32918
1650.0 2350.0 -0.30200
1750.0 2350.0 -0.23516
1850.0 2350.0 -0.18497
1950.0 2350.0 -0.19404
2050.0 2350.0 -0.26307
2150.0 2350.0 -0.37184
2250.0 2350.0 -0.58203
2350.0 2350.0 -0.78774
2450.0 2350.0 -0.82738
2550.0 2350.0 -0.66731
2650.0 2350.0 -0.41406
2750.0 2350.0 -0.15798
2850.0 2350.0 0.09879
2950.0 2350.0 0.21196
3050.0 2350.0 0.07100
3150.0 2350.0 -0.24536
3250.0 2350.0 -0.53081
3350.0 2350.0 -0.71443
3450.0 2350.0 -0.83673
3550.0 2350.0 -0.82872
3650.0 2350.0 -0.69460
3750.0 2350.0 -0.52958
3850.0 2350.0 -0.45391
3950.0 2350.0 -0.47392
4050.0 2350.0 -0.45296
4150.0 2350.0 -0.35142
4250.0 2350.0 -0.21719
4350.0 2350.0 -0.12143
4450.0 2350.0 -0.10793
4550.0 2350.0 -0.15347
4650.0 2350.0 -0.14777
4750.0 2350.0 -0.04596
4850.0 2350.0 0.07684
4950.0 2350.0 0.12864
5050.0 2350.0 0.06999
5150.0 2350.0 -0.06115
5250.0 2350.0 -0.19845
5350.0 2350.0 -0.31680
5450.0 2350.0 -0.40181
5550.0 2350.0 -0.46169
5650.0 2350.0 -0.52428
5750.0 2350.0 -0.60897
5850.0 2350.0 -0.69074
5950.0 2350.0 -0.66568
6050.0 2350.0 -0.41849
6150.0 2350.0 0.02126
6250.0 2350.0 0.47451
6350.0 2350.0 0.78501
50.0 2450.0 -0.69789
150.0 2450.0 -0.49064
250.0 2450.0 -0.24242
350.0 2450.0 0.02902
450.0 2450.0 0.32671
550.0 2450.0 0.48339
650.0 2450.0 0.40737
750.0 2450.0 0.18702
850.0 2450.0 -0.01196
950.0 2450.0 -0.17239
1050.0 2450.0 -0.28199
1150.0 2450.0 -0.31491
1250.0 2450.0 -0.29699
1350.0 2450.0 -0.29285
1450.0 2450.0 -0.35240
1550.0 2450.0 -0.44543
1650.0 2450.0 -0.53760
1750.0 2450.0 -0.57170
1850.0 2450.0 -0.51602
1950.0 2450.0 -0.40756
2050.0 2450.0 -0.31720
2150.0 2450.0 -0.27428
2250.0 2450.0 -0.37502
2350.0 2450.0 -0.56992
2450.0 2450.0 -0.69598
2550.0 2450.0 -0.64559
2650.0 2450.0 -0.43597
2750.0 2450.0 -0.16538
2850.0 2450.0 0.13406
2950.0 2450.0 0.30548
3050.0 2450.0 0.20227
3150.0 2450.0 -0.11699
3250.0 2450.0 -0.43692
3350.0 2450.0 -0.66197
3450.0 2450.0 -0.79771
3550.0 2450.0 -0.75901
3650.0 2450.0 -0.57198
3750.0 2450.0 -0.36945
3850.0 2450.0 -0.29863
3950.0 2450.0 -0.35334
4050.0 2450.0 -0.33880
4150.0 2450.0 -0.19669
4250.0 2450.0 -0.00741
4350.0 2450.0 0.11502
4450.0 2450.0 0.10443
4550.0 2450.0 0.00045
4650.0 2450.0 -0.04698
4750.0 2450.0 0.03383
4850.0 2450.0 0.17657
4950.0 2450.0 0.26934
5050.0 2450.0 0.23615
5150.0 2450.0 0.09902
5250.0 2450.0 -0.09031
5350.0 2450.0 -0.32671
5450.0 2450.0 -0.51593
5550.0 2450.0 -0.59066
5650.0 2450.0 -0.57127
5750.0 2450.0 -0.52929
5850.0 2450.0 -0.49111
5950.0 2450.0 -0.40895
6050.0 2450.0 -0.20585
6150.0 2450.0 0.11807
6250.0 2450.0 0.46902
6350.0 2450.0 0.75287
50.0 2550.0 -0.75179
150.0 2550.0 -0.50399
250.0 2550.0 -0.23500
350.0 2550.0 0.05703
450.0 2550.0 0.38590
550.0 2550.0 0.56055
650.0 2550.0 0.47129
750.0 2550.0 0.21264
850.0 2550.0 -0.02885
950.0 2550.0 -0.21987
1050.0 2550.0 -0.31569
1150.0 2550.0 -0.29259
1250.0 2550.0 -0.21128
1350.0 2550.0 -0.17654
1450.0 2550.0 -0.25359
1550.0 2550.0 -0.39346
1650.0 2550.0 -0.57662
1750.0 2550.0 -0.69179
1850.0 2550.0 -0.64032
1950.0 2550.0 -0.45185
2050.0 2550.0 -0.24703
2150.0 2550.0 -0.09334
2250.0 2550.0 -0.11235
2350.0 2550.0 -0.29543
2450.0 2550.0 -0.47996
2550.0 2550.0 -0.50620
2650.0 2550.0 -0.32725
2750.0 2550.0 -0.04540
2850.0 2550.0 0.29279
2950.0 2550.0 0.52350
3050.0 2550.0 0.46806
3150.0 2550.0 0.16227
3250.0 2550.0 -0.17673
3350.0 2550.0 -0.43217
3450.0 2550.0 -0.58608
3550.0 2550.0 -0.54526
3650.0 2550.0 -0.34530
3750.0 2550.0 -0.13615
3850.0 2550.0 -0.07781
3950.0 2550.0 -0.15883
4050.0 2550.0 -0.16020
4150.0 2550.0 -0.01881
4250.0 2550.0 0.17020
4350.0 2550.0 0.27780
4450.0 2550.0 0.23344
4550.0 2550.0 0.08524
4650.0 2550.0 -0.00324
4750.0 2550.0 0.05511
4850.0 2550.0 0.20231
4950.0 2550.0 0.31600
5050.0 2550.0 0.29677
5150.0 2550.0 0.15477
5250.0 2550.0 -0.05848
5350.0 2550.0 -0.33181
5450.0 2550.0 -0.52391
5550.0 2550.0 -0.54127
5650.0 2550.0 -0.42438
5750.0 2550.0 -0.28389
5850.0 2550.0 -0.17856
5950.0 2550.0 -0.13831
6050.0 2550.0 -0.09935
6150.0 2550.0 0.01118
6250.0 2550.0 0.21103
6350.0 2550.0 0.46000
50.0 2650.0 -0.66772
150.0 2650.0 -0.35425
250.0 2650.0 -0.06872
350.0 2650.0 0.22515
450.0 2650.0 0.54118
550.0 2650.0 0.68362
650.0 2650.0 0.55140
750.0 2650.0 0.25600
850.0 2650.0 -0.00539
950.0 2650.0 -0.20309
1050.0 2650.0 -0.27283
1150.0 2650.0 -0.19328
1250.0 2650.0 -0.05130
1350.0 2650.0 0.01922
1450.0 2650.0 -0.05731
1550.0 2650.0 -0.21445
1650.0 2650.0 -0.43624
1750.0 2650.0 -0.59271
1850.0 2650.0 -0.55712
1950.0 2650.0 -0.35084
2050.0 2650.0 -0.10933
2150.0 2650.0 0.08299
2250.0 2650.0 0.09454
2350.0 2650.0 -0.07999
2450.0 2650.0 -0.27969
2550.0 2650.0 -0.32880
2650.0 2650.0 -0.15918
2750.0 2650.0 0.12681
2850.0 2650.0 0.48096
2950.0 2650.0 0.73777
3050.0 2650.0 0.70558
3150.0 2650.0 0.40958
3250.0 2650.0 0.06596
3350.0 2650.0 -0.20058
3450.0 2650.0 -0.37178
3550.0 2650.0 -0.35689
3650.0 2650.0 -0.18621
3750.0 2650.0 -0.00204
3850.0 2650.0 0.04021
3950.0 2650.0 -0.05120
4050.0 2650.0 -0.07050
4150.0 2650.0 0.03709
4250.0 2650.0 0.18130
4350.0 2650.0 0.24581
4450.0 2650.0 0.17181
4550.0 2650.0 0.00649
4650.0 2650.0 -0.09818
4750.0 2650.0 -0.05355
4850.0 2650.0 0.08688
4950.0 2650.0 0.20041
5050.0 2650.0 0.18223
5150.0 2650.0 0.03817
5250.0 2650.0 -0.16719
5350.0 2650.0 -0.39646
5450.0 2650.0 -0.50492
5550.0 2650.0 -0.42343
5650.0 2650.0 -0.22901
5750.0 2650.0 -0.04720
5850.0 2650.0 0.06372
5950.0 2650.0 0.01647
6050.0 2650.0 -0.11681
6150.0 2650.0 -0.19300
6250.0 2650.0 -0.11242
6350.0 2650.0 0.11094
50.0 2750.0 -0.50872
150.0 2750.0 -0.12176
250.0 2750.0 0.17700
350.0 2750.0 0.46231
450.0 2750.0 0.74021
550.0 2750.0 0.82146
650.0 2750.0 0.62933
750.0 2750.0 0.29867
850.0 2750.0 0.03125
950.0 2750.0 -0.15916
1050.0 2750.0 -0.19920
1150.0 2750.0 -0.07074
1250.0 2750.0 0.12070
1350.0 2750.0 0.22235
1450.0 2750.0 0.15331
1550.0 2750.0 -0.00605
1650.0 2750.0 -0.23926
1750.0 2750.0 -0.41640
1850.0 2750.0 -0.40328
1950.0 2750.0 -0.21258
2050.0 2750.0 0.02387
2150.0 2750.0 0.21612
2250.0 2750.0 0.23114
2350.0 2750.0 0.06418
2450.0 2750.0 -0.12666
2550.0 2750.0 -0.16932
2650.0 2750.0 0.00236
2750.0 2750.0 0.28789
2850.0 2750.0 0.63947
2950.0 2750.0 0.89257
3050.0 2750.0 0.85838
3150.0 2750.0 0.56361
3250.0 2750.0 0.22365
3350.0 2750.0 -0.03936
3450.0 2750.0 -0.21979
3550.0 2750.0 -0.23513
3650.0 2750.0 -0.10651
3750.0 2750.0 0.04128
3850.0 2750.0 0.06654
3950.0 2750.0 -0.02761
4050.0 2750.0 -0.06558
4150.0 2750.0 -0.00612
4250.0 2750.0 0.07541
4350.0 2750.0 0.08794
4450.0 2750.0 -0.00955
4550.0 2750.0 -0.17596
4650.0 2750.0 -0.28115
4750.0 2750.0 -0.24106
4850.0 2750.0 -0.10793
4950.0 2750.0 -0.00124
5050.0 2750.0 -0.02284
5150.0 2750.0 -0.16676
5250.0 2750.0 -0.35142
5350.0 2750.0 -0.50920
5450.0 2750.0 -0.51121
5550.0 2750.0 -0.32997
5650.0 2750.0 -0.07963
5750.0 2750.0 0.11236
5850.0 2750.0 0.20509
5950.0 2750.0 0.07821
6050.0 2750.0 -0.18346
6150.0 2750.0 -0.38745
6250.0 2750.0 -0.38496
6350.0 2750.0 -0.17987
50.0 2850.0 -0.24689
150.0 2850.0 0.20418
250.0 2850.0 0.51260
350.0 2850.0 0.77698
450.0 2850.0 0.96887
550.0 2850.0 0.92343
650.0 2850.0 0.62188
750.0 2850.0 0.24365
850.0 2850.0 -0.00993
950.0 2850.0 -0.16543
1050.0 2850.0 -0.15239
1150.0 2850.0 0.03266
1250.0 2850.0 0.26313
1350.0 2850.0 0.37886
1450.0 2850.0 0.30843
1550.0 2850.0 0.14428
1650.0 2850.0 -0.10014
1750.0 2850.0 -0.30006
1850.0 2850.0 -0.31894
1950.0 2850.0 -0.16016
2050.0 2850.0 0.05327
2150.0 2850.0 0.22959
2250.0 2850.0 0.24385
2350.0 2850.0 0.09821
2450.0 2850.0 -0.05850
2550.0 2850.0 -0.07279
2650.0 2850.0 0.10717
2750.0 2850.0 0.38504
2850.0 2850.0 0.69658
2950.0 2850.0 0.88749
3050.0 2850.0 0.81020
3150.0 2850.0 0.51765
3250.0 2850.0 0.21893
3350.0 2850.0 0.01017
3450.0 2850.0 -0.11781
3550.0 2850.0 -0.10391
3650.0 2850.0 0.01522
3750.0 2850.0 0.12753
3850.0 2850.0 0.12363
3950.0 2850.0 0.01803
4050.0 2850.0 -0.06094
4150.0 2850.0 -0.08947
4250.0 2850.0 -0.10813
4350.0 2850.0 -0.16453
4450.0 2850.0 -0.27885
4550.0 2850.0 -0.42798
4650.0 2850.0 -0.51221
4750.0 2850.0 -0.45401
4850.0 2850.0 -0.31023
4950.0 2850.0 -0.19979
5050.0 2850.0 -0.21867
5150.0 2850.0 -0.35626
5250.0 2850.0 -0.52395
5350.0 2850.0 -0.64071
5450.0 2850.0 -0.58642
5550.0 2850.0 -0.35386
5650.0 2850.0 -0.07383
5750.0 2850.0 0.12650
5850.0 2850.0 0.22270
5950.0 2850.0 0.08795
6050.0 2850.0 -0.20601
6150.0 2850.0 -0.46393
6250.0 2850.0 -0.51742
6350.0 2850.0 -0.35292
50.0 2950.0 0.02735
150.0 2950.0 0.48027
250.0 2950.0 0.78474
350.0 2950.0 1.02076
450.0 2950.0 1.10243
550.0 2950.0 0.90677
650.0 2950.0 0.49273
750.0 2950.0 0.08830
850.0 2950.0 -0.11753
950.0 2950.0 -0.20508
1050.0 2950.0 -0.12378
1150.0 2950.0 0.10138
1250.0 2950.0 0.32948
1350.0 2950.0 0.41878
1450.0 2950.0 0.33022
1550.0 2950.0 0.15896
1650.0 2950.0 -0.08676
1750.0 2950.0 -0.29316
1850.0 2950.0 -0.33467
1950.0 2950.0 -0.21317
2050.0 2950.0 -0.04039
2150.0 2950.0 0.09982
2250.0 2950.0 0.10239
2350.0 2950.0 -0.01656
2450.0 2950.0 -0.12130
2550.0 2950.0 -0.09004
2650.0 2950.0 0.10230
2750.0 2950.0 0.36364
2850.0 2950.0 0.59306
2950.0 2950.0 0.66034
3050.0 2950.0 0.50419
3150.0 2950.0 0.22888
3250.0 2950.0 0.02581
3350.0 2950.0 -0.06251
3450.0 2950.0 -0.06227
3550.0 2950.0 0.04681
3650.0 2950.0 0.18401
3750.0 2950.0 0.24966
3850.0 2950.0 0.19512
3950.0 2950.0 0.06645
4050.0 2950.0 -0.06881
4150.0 2950.0 -0.19915
4250.0 2950.0 -0.31593
4350.0 2950.0 -0.42012
4450.0 2950.0 -0.52233
4550.0 2950.0 -0.62861
4650.0 2950.0 -0.66781
4750.0 2950.0 -0.57318
4850.0 2950.0 -0.41079
4950.0 2950.0 -0.29640
5050.0 2950.0 -0.31150
5150.0 2950.0 -0.43564
5250.0 2950.0 -0.59506
5350.0 2950.0 -0.72356
5450.0 2950.0 -0.69728
5550.0 2950.0 -0.49345
5650.0 2950.0 -0.22654
5750.0 2950.0 -0.02066
5850.0 2950.0 0.10951
5950.0 2950.0 0.06597
6050.0 2950.0 -0.12759
6150.0 2950.0 -0.33668
6250.0 2950.0 -0.41400
6350.0 2950.0 -0.31882
50.0 3050.0 0.14008
150.0 3050.0 0.50285
250.0 3050.0 0.78588
350.0 3050.0 1.00248
450.0 3050.0 1.01723
550.0 3050.0 0.74770
650.0 3050.0 0.30499
750.0 3050.0 -0.06570
850.0 3050.0 -0.19963
950.0 3050.0 -0.21083
1050.0 3050.0 -0.07704
1150.0 3050.0 0.14481
1250.0 3050.0 0.31609
1350.0 3050.0 0.33844
1450.0 3050.0 0.21887
1550.0 3050.0 0.04176
1650.0 3050.0 -0.18691
1750.0 3050.0 -0.36634
1850.0 3050.0 -0.39703
1950.0 3050.0 -0.29419
2050.0 3050.0 -0.16238
2150.0 3050.0 -0.06676
2250.0 3050.0 -0.08867
2350.0 3050.0 -0.19647
2450.0 3050.0 -0.26275
2550.0 3050.0 -0.19419
2650.0 3050.0 0.00694
2750.0 3050.0 0.24907
2850.0 3050.0 0.38962
2950.0 3050.0 0.33008
3050.0 3050.0 0.10556
3150.0 3050.0 -0.12853
3250.0 3050.0 -0.20844
3350.0 3050.0 -0.15163
3450.0 3050.0 -0.00185
3550.0 3050.0 0.20999
3650.0 3050.0 0.35394
3750.0 3050.0 0.35125
3850.0 3050.0 0.23049
3950.0 3050.0 0.07458
4050.0 3050.0 -0.10313
4150.0 3050.0 -0.28769
4250.0 3050.0 -0.43144
4350.0 3050.0 -0.51582
4450.0 3050.0 -0.56685
4550.0 3050.0 -0.61808
4650.0 3050.0 -0.60825
4750.0 3050.0 -0.48566
4850.0 3050.0 -0.32324
4950.0 3050.0 -0.22402
5050.0 3050.0 -0.24481
5150.0 3050.0 -0.35413
5250.0 3050.0 -0.51323
5350.0 3050.0 -0.68973
5450.0 3050.0 -0.74754
5550.0 3050.0 -0.62529
5650.0 3050.0 -0.40020
5750.0 3050.0 -0.19190
5850.0 3050.0 -0.01454
5950.0 3050.0 0.07759
6050.0 3050.0 0.04577
6150.0 3050.0 -0.06460
6250.0 3050.0 -0.14697
6350.0 3050.0 -0.13050
50.0 3150.0 0.04017
150.0 3150.0 0.25937
250.0 3150.0 0.51248
350.0 3150.0 0.72803
450.0 3150.0 0.75326
550.0 3150.0 0.52760
650.0 3150.0 0.16327
750.0 3150.0 -0.12012
850.0 3150.0 -0.18530
950.0 3150.0 -0.14193
1050.0 3150.0 0.00997
1150.0 3150.0 0.19065
1250.0 3150.0 0.27792
1350.0 3150.0 0.22259
1450.0 3150.0 0.07232
1550.0 3150.0 -0.10680
1650.0 3150.0 -0.30531
1750.0 3150.0 -0.43215
1850.0 3150.0 -0.41965
1950.0 3150.0 -0.30709
2050.0 3150.0 -0.19943
2150.0 3150.0 -0.13924
2250.0 3150.0 -0.19084
2350.0 3150.0 -0.31208
2450.0 3150.0 -0.37404
2550.0 3150.0 -0.29523
2650.0 3150.0 -0.09372
2750.0 3150.0 0.13450
2850.0 3150.0 0.21885
2950.0 3150.0 0.08851
3050.0 3150.0 -0.15646
3150.0 3150.0 -0.33423
3250.0 3150.0 -0.30992
3350.0 3150.0 -0.14191
3450.0 3150.0 0.10994
3550.0 3150.0 0.36963
3650.0 3150.0 0.47938
3750.0 3150.0 0.39235
3850.0 3150.0 0.20699
3950.0 3150.0 0.02999
4050.0 3150.0 -0.15811
4150.0 3150.0 -0.32427
4250.0 3150.0 -0.40872
4350.0 3150.0 -0.40996
4450.0 3150.0 -0.38957
4550.0 3150.0 -0.39550
4650.0 3150.0 -0.35519
4750.0 3150.0 -0.23305
4850.0 3150.0 -0.10143
4950.0 3150.0 -0.04133
5050.0 3150.0 -0.08058
5150.0 3150.0 -0.18034
5250.0 3150.0 -0.34051
5350.0 3150.0 -0.55849
5450.0 3150.0 -0.68777
5550.0 3150.0 -0.63461
5650.0 3150.0 -0.44519
5750.0 3150.0 -0.23562
5850.0 3150.0 -0.02444
5950.0 3150.0 0.16190
6050.0 3150.0 0.23849
6150.0 3150.0 0.18846
6250.0 3150.0 0.09300
6350.0 3150.0 0.04715
50.0 3250.0 -0.17022
150.0 3250.0 -0.07046
250.0 3250.0 0.15952
350.0 3250.0 0.38860
450.0 3250.0 0.48012
550.0 3250.0 0.37271
650.0 3250.0 0.13986
750.0 3250.0 -0.04784
850.0 3250.0 -0.07266
950.0 3250.0 -0.01123
1050.0 3250.0 0.13047
1150.0 3250.0 0.26514
1250.0 3250.0 0.28837
1350.0 3250.0 0.18241
1450.0 3250.0 0.01485
1550.0 3250.0 -0.16258
1650.0 3250.0 -0.33259
1750.0 3250.0 -0.40768
1850.0 3250.0 -0.34410
1950.0 3250.0 -0.20413
2050.0 3250.0 -0.09870
2150.0 3250.0 -0.05357
2250.0 3250.0 -0.12867
2350.0 3250.0 -0.27924
2450.0 3250.0 -0.36719
2550.0 3250.0 -0.30456
2650.0 3250.0 -0.10989
2750.0 3250.0 0.11395
2850.0 3250.0 0.19096
2950.0 3250.0 0.06505
3050.0 3250.0 -0.14933
3150.0 3250.0 -0.27556
3250.0 3250.0 -0.19914
3350.0 3250.0 0.01152
3450.0 3250.0 0.28287
3550.0 3250.0 0.51211
3650.0 3250.0 0.54644
3750.0 3250.0 0.37638
3850.0 3250.0 0.14421
3950.0 3250.0 -0.04174
4050.0 3250.0 -0.21295
4150.0 3250.0 -0.31538
4250.0 3250.0 -0.30138
4350.0 3250.0 -0.20626
4450.0 3250.0 -0.12784
4550.0 3250.0 -0.11336
4650.0 3250.0 -0.07043
4750.0 3250.0 0.02329
4850.0 3250.0 0.10319
4950.0 3250.0 0.11270
5050.0 3250.0 0.04811
5150.0 3250.0 -0.05023
5250.0 3250.0 -0.20522
5350.0 3250.0 -0.41974
5450.0 3250.0 -0.54767
5550.0 3250.0 -0.49418
5650.0 3250.0 -0.30358
5750.0 3250.0 -0.09105
5850.0 3250.0 0.12342
5950.0 3250.0 0.30576
6050.0 3250.0 0.36027
6150.0 3250.0 0.27091
6250.0 3250.0 0.13309
6350.0 3250.0 0.05544
50.0 3350.0 -0.37553
150.0 3350.0 -0.35204
250.0 3350.0 -0.13741
350.0 3350.0 0.10795
450.0 3350.0 0.27842
550.0 3350.0 0.30098
650.0 3350.0 0.19843
750.0 3350.0 0.09042
850.0 3350.0 0.08268
950.0 3350.0 0.13918
1050.0 3350.0 0.25761
1150.0 3350.0 0.35362
1250.0 3350.0 0.33824
1350.0 3350.0 0.20893
1450.0 3350.0 0.03728
1550.0 3350.0 -0.13424
1650.0 3350.0 -0.27919
1750.0 3350.0 -0.31153
1850.0 3350.0 -0.20407
1950.0 3350.0 -0.03617
2050.0 3350.0 0.07569
2150.0 3350.0 0.11686
2250.0 3350.0 0.02508
2350.0 3350.0 -0.15656
2450.0 3350.0 -0.27955
2550.0 3350.0 -0.24283
2650.0 3350.0 -0.05836
2750.0 3350.0 0.16510
2850.0 3350.0 0.26140
2950.0 3350.0 0.18112
3050.0 3350.0 0.02327
3150.0 3350.0 -0.05859
3250.0 3350.0 0.03558
3350.0 3350.0 0.24549
3450.0 3350.0 0.48526
3550.0 3350.0 0.63805
3650.0 3350.0 0.57641
3750.0 3350.0 0.32991
3850.0 3350.0 0.06618
3950.0 3350.0 -0.11907
4050.0 3350.0 -0.26128
4150.0 3350.0 -0.28973
4250.0 3350.0 -0.17923
4350.0 3350.0 -0.00362
4450.0 3350.0 0.11194
4550.0 3350.0 0.12904
4650.0 3350.0 0.15861
4750.0 3350.0 0.21349
4850.0 3350.0 0.23960
4950.0 3350.0 0.20174
5050.0 3350.0 0.11312
5150.0 3350.0 0.01196
5250.0 3350.0 -0.13288
5350.0 3350.0 -0.31231
5450.0 3350.0 -0.38816
5550.0 3350.0 -0.28615
5650.0 3350.0 -0.06865
5750.0 3350.0 0.14836
5850.0 3350.0 0.34743
5950.0 3350.0 0.46544
6050.0 3350.0 0.41716
6150.0 3350.0 0.22596
6250.0 3350.0 0.02615
6350.0 3350.0 -0.06597
50.0 3450.0 -0.47475
150.0 3450.0 -0.50940
250.0 3450.0 -0.33103
350.0 3450.0 -0.09397
450.0 3450.0 0.14360
550.0 3450.0 0.29430
650.0 3450.0 0.31982
750.0 3450.0 0.27875
850.0 3450.0 0.26274
950.0 3450.0 0.27621
1050.0 3450.0 0.30614
1150.0 3450.0 0.30135
1250.0 3450.0 0.22391
1350.0 3450.0 0.09209
1450.0 3450.0 -0.04222
1550.0 3450.0 -0.16206
1650.0 3450.0 -0.23011
1750.0 3450.0 -0.18809
1850.0 3450.0 -0.04526
1950.0 3450.0 0.11283
2050.0 3450.0 0.19426
2150.0 3450.0 0.20575
2250.0 3450.0 0.09228
2350.0 3450.0 -0.10188
2450.0 3450.0 -0.23474
2550.0 3450.0 -0.21353
2650.0 3450.0 -0.05450
2750.0 3450.0 0.14290
2850.0 3450.0 0.26232
2950.0 3450.0 0.27071
3050.0 3450.0 0.22718
3150.0 3450.0 0.22752
3250.0 3450.0 0.33669
3350.0 3450.0 0.51651
3450.0 3450.0 0.67042
3550.0 3450.0 0.67790
3650.0 3450.0 0.47509
3750.0 3450.0 0.15108
3850.0 3450.0 -0.11303
3950.0 3450.0 -0.25856
4050.0 3450.0 -0.32220
4150.0 3450.0 -0.22754
4250.0 3450.0 0.00023
4350.0 3450.0 0.24108
4450.0 3450.0 0.36197
4550.0 3450.0 0.35461
4650.0 3450.0 0.35380
4750.0 3450.0 0.37770
4850.0 3450.0 0.38347
4950.0 3450.0 0.33993
5050.0 3450.0 0.25314
5150.0 3450.0 0.15205
5250.0 3450.0 0.00717
5350.0 3450.0 -0.17045
5450.0 3450.0 -0.24329
5550.0 3450.0 -0.13855
5650.0 3450.0 0.08006
5750.0 3450.0 0.29653
5850.0 3450.0 0.48973
5950.0 3450.0 0.58219
6050.0 3450.0 0.48615
6150.0 3450.0 0.23809
6250.0 3450.0 -0.00744
6350.0 3450.0 -0.12427
50.0 3550.0 -0.36857
150.0 3550.0 -0.43355
250.0 3550.0 -0.32311
350.0 3550.0 -0.13706
450.0 3550.0 0.12545
550.0 3550.0 0.36282
650.0 3550.0 0.47537
750.0 3550.0 0.45995
850.0 3550.0 0.39379
950.0 3550.0 0.31237
1050.0 3550.0 0.17899
1150.0 3550.0 0.01887
1250.0 3550.0 -0.11589
1350.0 3550.0 -0.19320
1450.0 3550.0 -0.22111
1550.0 3550.0 -0.22199
1650.0 3550.0 -0.14703
1750.0 3550.0 -0.00588
1850.0 3550.0 0.13382
1950.0 3550.0 0.20682
2050.0 3550.0 0.19581
2150.0 3550.0 0.13840
2250.0 3550.0 0.00144
2350.0 3550.0 -0.16435
2450.0 3550.0 -0.25369
2550.0 3550.0 -0.22098
2650.0 3550.0 -0.10658
2750.0 3550.0 0.02409
2850.0 3550.0 0.15213
2950.0 3550.0 0.27108
3050.0 3550.0 0.37896
3150.0 3550.0 0.48197
3250.0 3550.0 0.58989
3350.0 3550.0 0.69888
3450.0 3550.0 0.71110
3550.0 3550.0 0.52760
3650.0 3550.0 0.18669
3750.0 3550.0 -0.16024
3850.0 3550.0 -0.35407
3950.0 3550.0 -0.40028
4050.0 3550.0 -0.32680
4150.0 3550.0 -0.07795
4250.0 3550.0 0.24185
4350.0 3550.0 0.47765
4450.0 3550.0 0.53429
4550.0 3550.0 0.46049
4650.0 3550.0 0.40547
4750.0 3550.0 0.41372
4850.0 3550.0 0.45382
4950.0 3550.0 0.47100
5050.0 3550.0 0.42684
5150.0 3550.0 0.33079
5250.0 3550.0 0.17288
5350.0 3550.0 -0.04584
5450.0 3550.0 -0.17899
5550.0 3550.0 -0.13076
5650.0 3550.0 0.05560
5750.0 3550.0 0.26508
5850.0 3550.0 0.46994
5950.0 3550.0 0.60718
6050.0 3550.0 0.56403
6150.0 3550.0 0.34293
6250.0 3550.0 0.08433
6350.0 3550.0 -0.07266
50.0 3650.0 -0.10268
150.0 3650.0 -0.17922
250.0 3650.0 -0.14991
350.0 3650.0 -0.04177
450.0 3650.0 0.19260
550.0 3650.0 0.44261
650.0 3650.0 0.56846
750.0 3650.0 0.52633
850.0 3650.0 0.38364
950.0 3650.0 0.19002
1050.0 3650.0 -0.10728
1150.0 3650.0 -0.38961
1250.0 3650.0 -0.51920
1350.0 3650.0 -0.47696
1450.0 3650.0 -0.35695
1550.0 3650.0 -0.21113
1650.0 3650.0 0.01835
1750.0 3650.0 0.23556
1850.0 3650.0 0.31719
1950.0 3650.0 0.24517
2050.0 3650.0 0.10581
2150.0 3650.0 -0.03730
2250.0 3650.0 -0.18954
2350.0 3650.0 -0.29021
2450.0 3650.0 -0.29097
2550.0 3650.0 -0.21926
2650.0 3650.0 -0.15288
2750.0 3650.0 -0.10942
2850.0 3650.0 -0.00545
2950.0 3650.0 0.17635
3050.0 3650.0 0.38303
3150.0 3650.0 0.54465
3250.0 3650.0 0.62320
3350.0 3650.0 0.64390
3450.0 3650.0 0.52166
3550.0 3650.0 0.20526
3650.0 3650.0 -0.17267
3750.0 3650.0 -0.43726
3850.0 3650.0 -0.49413
3950.0 3650.0 -0.41247
4050.0 3650.0 -0.19816
4150.0 3650.0 0.15745
4250.0 3650.0 0.47594
4350.0 3650.0 0.60537
4450.0 3650.0 0.53344
4550.0 3650.0 0.37102
4650.0 3650.0 0.25236
4750.0 3650.0 0.25601
4850.0 3650.0 0.36094
4950.0 3650.0 0.47398
5050.0 3650.0 0.49355
5150.0 3650.0 0.40514
5250.0 3650.0 0.23241
5350.0 3650.0 -0.03247
5450.0 3650.0 -0.23327
5550.0 3650.0 -0.24844
5650.0 3650.0 -0.09840
5750.0 3650.0 0.10297
5850.0 3650.0 0.32987
5950.0 3650.0 0.55370
6050.0 3650.0 0.62475
6150.0 3650.0 0.48396
6250.0 3650.0 0.23623
6350.0 3650.0 0.03393
50.0 3750.0 0.16262
150.0 3750.0 0.07087
250.0 3750.0 0.03355
350.0 3750.0 0.07180
450.0 3750.0 0.25259
550.0 3750.0 0.46268
650.0 3750.0 0.54923
750.0 3750.0 0.45492
850.0 3750.0 0.24366
950.0 3750.0 -0.03303
1050.0 3750.0 -0.42142
1150.0 3750.0 -0.73062
1250.0 3750.0 -0.78089
1350.0 3750.0 -0.59315
1450.0 3750.0 -0.34080
1550.0 3750.0 -0.07946
1650.0 3750.0 0.25410
1750.0 3750.0 0.49389
1850.0 3750.0 0.48603
1950.0 3750.0 0.26744
2050.0 3750.0 0.01541
2150.0 3750.0 -0.19600
2250.0 3750.0 -0.35138
2350.0 3750.0 -0.38084
2450.0 3750.0 -0.28866
2550.0 3750.0 -0.16988
2650.0 3750.0 -0.13690
2750.0 3750.0 -0.16644
2850.0 3750.0 -0.11354
2950.0 3750.0 0.04943
3050.0 3750.0 0.25210
3150.0 3750.0 0.39664
3250.0 3750.0 0.42639
3350.0 3750.0 0.37680
3450.0 3750.0 0.18411
3550.0 3750.0 -0.14701
3650.0 3750.0 -0.43755
3750.0 3750.0 -0.54078
3850.0 3750.0 -0.44607
3950.0 3750.0 -0.25916
4050.0 3750.0 0.04310
4150.0 3750.0 0.41512
4250.0 3750.0 0.63941
4350.0 3750.0 0.60385
4450.0 3750.0 0.39064
4550.0 3750.0 0.15295
4650.0 3750.0 -0.01780
4750.0 3750.0 -0.01993
4850.0 3750.0 0.13451
4950.0 3750.0 0.32246
5050.0 3750.0 0.39222
5150.0 3750.0 0.30988
5250.0 3750.0 0.13283
5350.0 3750.0 -0.14242
5450.0 3750.0 -0.35782
5550.0 3750.0 -0.38685
5650.0 3750.0 -0.24546
5750.0 3750.0 -0.04724
5850.0 3750.0 0.19750
5950.0 3750.0 0.49148
6050.0 3750.0 0.65508
6150.0 3750.0 0.57946
6250.0 3750.0 0.34066
6350.0 3750.0 0.10178
50.0 3850.0 0.26402
150.0 3850.0 0.13319
250.0 3850.0 0.06125
350.0 3850.0 0.06739
450.0 3850.0 0.21629
550.0 3850.0 0.39488
650.0 3850.0 0.45022
750.0 3850.0 0.32470
850.0 3850.0 0.08194
950.0 3850.0 -0.22285
1050.0 3850.0 -0.60865
1150.0 3850.0 -0.85667
1250.0 3850.0 -0.79667
1350.0 3850.0 -0.49671
1450.0 3850.0 -0.17433
1550.0 3850.0 0.13435
1650.0 3850.0 0.49571
1750.0 3850.0 0.71332
1850.0 3850.0 0.63192
1950.0 3850.0 0.32602
2050.0 3850.0 0.01807
2150.0 3850.0 -0.22228
2250.0 3850.0 -0.37369
2350.0 3850.0 -0.36165
2450.0 3850.0 -0.21701
2550.0 3850.0 -0.06891
2650.0 3850.0 -0.04722
2750.0 3850.0 -0.11069
2850.0 3850.0 -0.10996
2950.0 3850.0 -0.02150
3050.0 3850.0 0.09949
3150.0 3850.0 0.17525
3250.0 3850.0 0.16002
3350.0 3850.0 0.08102
3450.0 3850.0 -0.10768
3550.0 3850.0 -0.36181
3650.0 3850.0 -0.50917
3750.0 3850.0 -0.45756
3850.0 3850.0 -0.26069
3950.0 3850.0 -0.02661
4050.0 3850.0 0.29221
4150.0 3850.0 0.61358
4250.0 3850.0 0.72033
4350.0 3850.0 0.54830
4450.0 3850.0 0.24330
4550.0 3850.0 -0.02995
4650.0 3850.0 -0.22843
4750.0 3850.0 -0.24909
4850.0 3850.0 -0.09586
4950.0 3850.0 0.10431
5050.0 3850.0 0.18541
5150.0 3850.0 0.10444
5250.0 3850.0 -0.06164
5350.0 3850.0 -0.29635
5450.0 3850.0 -0.45106
5550.0 3850.0 -0.42357
5650.0 3850.0 -0.25132
5750.0 3850.0 -0.04880
5850.0 3850.0 0.19786
5950.0 3850.0 0.49826
6050.0 3850.0 0.66412
6150.0 3850.0 0.57980
6250.0 3850.0 0.32302
6350.0 3850.0 0.06395
50.0 3950.0 0.21756
150.0 3950.0 0.02805
250.0 3950.0 -0.05689
350.0 3950.0 -0.05294
450.0 3950.0 0.09618
550.0 3950.0 0.27767
650.0 3950.0 0.33692
750.0 3950.0 0.21387
850.0 3950.0 -0.02904
950.0 3950.0 -0.32517
1050.0 3950.0 -0.65886
1150.0 3950.0 -0.81400
1250.0 3950.0 -0.65483
1350.0 3950.0 -0.28830
1450.0 3950.0 0.05372
1550.0 3950.0 0.36231
1650.0 3950.0 0.70627
1750.0 3950.0 0.88706
1850.0 3950.0 0.76234
1950.0 3950.0 0.42420
2050.0 3950.0 0.10441
2150.0 3950.0 -0.13765
2250.0 3950.0 -0.28503
2350.0 3950.0 -0.26245
2450.0 3950.0 -0.10532
2550.0 3950.0 0.05133
2650.0 3950.0 0.07455
2750.0 3950.0 0.00579
2850.0 3950.0 -0.03323
2950.0 3950.0 -0.02926
3050.0 3950.0 -0.00898
3150.0 3950.0 -0.01042
3250.0 3950.0 -0.05622
3350.0 3950.0 -0.13518
3450.0 3950.0 -0.28231
3550.0 3950.0 -0.43290
3650.0 3950.0 -0.44708
3750.0 3950.0 -0.28584
3850.0 3950.0 -0.03974
3950.0 3950.0 0.19922
4050.0 3950.0 0.49492
4150.0 3950.0 0.74858
4250.0 3950.0 0.76269
4350.0 3950.0 0.51051
4450.0 3950.0 0.16673
4550.0 3950.0 -0.11112
4650.0 3950.0 -0.32026
4750.0 3950.0 -0.37188
4850.0 3950.0 -0.26146
4950.0 3950.0 -0.09891
5050.0 3950.0 -0.03681
5150.0 3950.0 -0.11983
5250.0 3950.0 -0.26568
5350.0 3950.0 -0.43024
5450.0 3950.0 -0.48102
5550.0 3950.0 -0.35697
5650.0 3950.0 -0.13160
5750.0 3950.0 0.07923
5850.0 3950.0 0.31489
5950.0 3950.0 0.57117
6050.0 3950.0 0.66719
6150.0 3950.0 0.51415
6250.0 3950.0 0.21587
6350.0 3950.0 -0.05261
50.0 4050.0 0.21615
150.0 4050.0 -0.02056
250.0 4050.0 -0.12741
350.0 4050.0 -0.14181
450.0 4050.0 -0.00964
550.0 4050.0 0.17541
650.0 4050.0 0.26606
750.0 4050.0 0.18799
850.0 4050.0 -0.01700
950.0 4050.0 -0.27214
1050.0 4050.0 -0.53917
1150.0 4050.0 -0.62416
1250.0 4050.0 -0.42186
1350.0 4050.0 -0.04869
1450.0 4050.0 0.27853
1550.0 4050.0 0.56573
1650.0 4050.0 0.87197
1750.0 4050.0 1.00459
1850.0 4050.0 0.83798
1950.0 4050.0 0.47590
2050.0 4050.0 0.14915
2150.0 4050.0 -0.09483
2250.0 4050.0 -0.24668
2350.0 4050.0 -0.23043
2450.0 4050.0 -0.07866
2550.0 4050.0 0.07566
2650.0 4050.0 0.09949
2750.0 4050.0 0.02839
2850.0 4050.0 -0.05317
2950.0 4050.0 -0.13552
3050.0 4050.0 -0.20550
3150.0 4050.0 -0.25935
3250.0 4050.0 -0.30494
3350.0 4050.0 -0.35325
3450.0 4050.0 -0.41732
3550.0 4050.0 -0.42069
3650.0 4050.0 -0.27748
3750.0 4050.0 -0.00913
3850.0 4050.0 0.26942
3950.0 4050.0 0.49637
4050.0 4050.0 0.74251
4150.0 4050.0 0.90030
4250.0 4050.0 0.81600
4350.0 4050.0 0.50844
4450.0 4050.0 0.16640
4550.0 4050.0 -0.07803
4650.0 4050.0 -0.27829
4750.0 4050.0 -0.38563
4850.0 4050.0 -0.38160
4950.0 4050.0 -0.32599
5050.0 4050.0 -0.31965
5150.0 4050.0 -0.40210
5250.0 4050.0 -0.51418
5350.0 4050.0 -0.58861
5450.0 4050.0 -0.51891
5550.0 4050.0 -0.29334
5650.0 4050.0 -0.02077
5750.0 4050.0 0.18861
5850.0 4050.0 0.40251
5950.0 4050.0 0.60434
6050.0 4050.0 0.62646
6150.0 4050.0 0.40894
6250.0 4050.0 0.07735
6350.0 4050.0 -0.19446
50.0 4150.0 0.31283
150.0 4150.0 0.05778
250.0 4150.0 -0.08854
350.0 4150.0 -0.15622
450.0 4150.0 -0.08654
550.0 4150.0 0.08104
650.0 4150.0 0.22943
750.0 4150.0 0.25636
850.0 4150.0 0.15016
950.0 4150.0 -0.01235
1050.0 4150.0 -0.19756
1150.0 4150.0 -0.26376
1250.0 4150.0 -0.12335
1350.0 4150.0 0.15170
1450.0 4150.0 0.40855
1550.0 4150.0 0.64469
1650.0 4150.0 0.89497
1750.0 4150.0 0.98327
1850.0 4150.0 0.79749
1950.0 4150.0 0.43555
2050.0 4150.0 0.10970
2150.0 4150.0 -0.13965
2250.0 4150.0 -0.30723
2350.0 4150.0 -0.31553
2450.0 4150.0 -0.18675
2550.0 4150.0 -0.04492
2650.0 4150.0 -0.02161
2750.0 4150.0 -0.09290
2850.0 4150.0 -0.21593
2950.0 4150.0 -0.36965
3050.0 4150.0 -0.48854
3150.0 4150.0 -0.53424
3250.0 4150.0 -0.52096
3350.0 4150.0 -0.48944
3450.0 4150.0 -0.42596
3550.0 4150.0 -0.26643
3650.0 4150.0 0.00473
3750.0 4150.0 0.32219
3850.0 4150.0 0.58482
3950.0 4150.0 0.77398
4050.0 4150.0 0.93708
4150.0 4150.0 0.97327
4250.0 4150.0 0.80623
4350.0 4150.0 0.50451
4450.0 4150.0 0.24061
4550.0 4150.0 0.09417
4650.0 4150.0 -0.05223
4750.0 4150.0 -0.21897
4850.0 4150.0 -0.37423
4950.0 4150.0 -0.49341
5050.0 4150.0 -0.57915
5150.0 4150.0 -0.65280
5250.0 4150.0 -0.71772
5350.0 4150.0 -0.70332
5450.0 4150.0 -0.53835
5550.0 4150.0 -0.25325
5650.0 4150.0 0.02793
5750.0 4150.0 0.21394
5850.0 4150.0 0.39302
5950.0 4150.0 0.54664
6050.0 4150.0 0.52536
6150.0 4150.0 0.28636
6250.0 4150.0 -0.04461
6350.0 4150.0 -0.30712
50.0 4250.0 0.45646
150.0 4250.0 0.20676
250.0 4250.0 0.01323
350.0 4250.0 -0.12940
450.0 4250.0 -0.16059
550.0 4250.0 -0.04494
650.0 4250.0 0.15185
750.0 4250.0 0.30121
850.0 4250.0 0.32282
950.0 4250.0 0.27882
1050.0 4250.0 0.17592
1150.0 4250.0 0.08836
1250.0 4250.0 0.09778
1350.0 4250.0 0.21052
1450.0 4250.0 0.36536
1550.0 4250.0 0.53743
1650.0 4250.0 0.74036
1750.0 4250.0 0.82042
1850.0 4250.0 0.66471
1950.0 4250.0 0.34134
2050.0 4250.0 0.02835
2150.0 4250.0 -0.22751
2250.0 4250.0 -0.41170
2350.0 4250.0 -0.44390
2450.0 4250.0 -0.33566
2550.0 4250.0 -0.20312
2650.0 4250.0 -0.17793
2750.0 4250.0 -0.24716
2850.0 4250.0 -0.39856
2950.0 4250.0 -0.58819
3050.0 4250.0 -0.70097
3150.0 4250.0 -0.68103
3250.0 4250.0 -0.56797
3350.0 4250.0 -0.43232
3450.0 4250.0 -0.25460
3550.0 4250.0 -0.01313
3650.0 4250.0 0.25750
3750.0 4250.0 0.50220
3850.0 4250.0 0.68397
3950.0 4250.0 0.81948
4050.0 4250.0 0.89487
4150.0 4250.0 0.83100
4250.0 4250.0 0.63631
4350.0 4250.0 0.41245
4450.0 4250.0 0.28583
4550.0 4250.0 0.27363
4650.0 4250.0 0.22332
4750.0 4250.0 0.05164
4850.0 4250.0 -0.21151
4950.0 4250.0 -0.47073
5050.0 4250.0 -0.63145
5150.0 4250.0 -0.68740
5250.0 4250.0 -0.71201
5350.0 4250.0 -0.65833
5450.0 4250.0 -0.48410
5550.0 4250.0 -0.22948
5650.0 4250.0 0.00240
5750.0 4250.0 0.14731
5850.0 4250.0 0.29093
5950.0 4250.0 0.42535
6050.0 4250.0 0.41746
6150.0 4250.0 0.21942
6250.0 4250.0 -0.06943
6350.0 4250.0 -0.31121
50.0 4350.0 0.56247
150.0 4350.0 0.31976
250.0 4350.0 0.08660
350.0 4350.0 -0.12394
450.0 4350.0 -0.25990
550.0 4350.0 -0.21946
650.0 4350.0 -0.01270
750.0 4350.0 0.22159
850.0 4350.0 0.34749
950.0 4350.0 0.40369
1050.0 4350.0 0.36860
1150.0 4350.0 0.25932
1250.0 4350.0 0.15381
1350.0 4350.0 0.12636
1450.0 4350.0 0.19398
1550.0 4350.0 0.31493
1650.0 4350.0 0.49981
1750.0 4350.0 0.61419
1850.0 4350.0 0.52925
1950.0 4350.0 0.26982
2050.0 4350.0 -0.02276
2150.0 4350.0 -0.28317
2250.0 4350.0 -0.47383
2350.0 4350.0 -0.51091
2450.0 4350.0 -0.40240
2550.0 4350.0 -0.26485
2650.0 4350.0 -0.23361
2750.0 4350.0 -0.30000
2850.0 4350.0 -0.46401
2950.0 4350.0 -0.65886
3050.0 4350.0 -0.73602
3150.0 4350.0 -0.63699
3250.0 4350.0 -0.43014
3350.0 4350.0 -0.20827
3450.0 4350.0 0.02210
3550.0 4350.0 0.22567
3650.0 4350.0 0.35984
3750.0 4350.0 0.43286
3850.0 4350.0 0.49860
3950.0 4350.0 0.58579
4050.0 4350.0 0.60091
4150.0 4350.0 0.49042
4250.0 4350.0 0.32330
4350.0 4350.0 0.20885
4450.0 4350.0 0.21921
4550.0 4350.0 0.32339
4650.0 4350.0 0.37856
4750.0 4350.0 0.27570
4850.0 4350.0 0.02366
4950.0 4350.0 -0.26301
5050.0 4350.0 -0.44045
5150.0 4350.0 -0.47542
5250.0 4350.0 -0.48193
5350.0 4350.0 -0.45143
5450.0 4350.0 -0.35344
5550.0 4350.0 -0.20316
5650.0 4350.0 -0.05656
5750.0 4350.0 0.04635
5850.0 4350.0 0.16673
5950.0 4350.0 0.31308
6050.0 4350.0 0.36116
6150.0 4350.0 0.24146
6250.0 4350.0 0.01422
6350.0 4350.0 -0.20474
50.0 4450.0 0.57266
150.0 4450.0 0.31472
250.0 4450.0 0.05948
350.0 4450.0 -0.18781
450.0 4450.0 -0.39412
550.0 4450.0 -0.42307
650.0 4450.0 -0.24535
750.0 4450.0 0.00843
850.0 4450.0 0.17908
950.0 4450.0 0.28575
1050.0 4450.0 0.29956
1150.0 4450.0 0.20930
1250.0 4450.0 0.08009
1350.0 4450.0 0.00629
1450.0 4450.0 0.03789
1550.0 4450.0 0.13747
1650.0 4450.0 0.33257
1750.0 4450.0 0.49820
1850.0 4450.0 0.48505
1950.0 4450.0 0.28229
2050.0 4450.0 0.00740
2150.0 4450.0 -0.25389
2250.0 4450.0 -0.43728
2350.0 4450.0 -0.45578
2450.0 4450.0 -0.32320
2550.0 4450.0 -0.16583
2650.0 4450.0 -0.12566
2750.0 4450.0 -0.19057
2850.0 4450.0 -0.36066
2950.0 4450.0 -0.55821
3050.0 4450.0 -0.61883
3150.0 4450.0 -0.48263
3250.0 4450.0 -0.23154
3350.0 4450.0 0.02896
3450.0 4450.0 0.24761
3550.0 4450.0 0.34450
3650.0 4450.0 0.30181
3750.0 4450.0 0.20288
3850.0 4450.0 0.17462
3950.0 4450.0 0.23653
4050.0 4450.0 0.23094
4150.0 4450.0 0.11942
4250.0 4450.0 -0.00668
4350.0 4450.0 -0.04566
4450.0 4450.0 0.04067
4550.0 4450.0 0.20141
4650.0 4450.0 0.33063
4750.0 4450.0 0.33417
4850.0 4450.0 0.19126
4950.0 4450.0 -0.01590
5050.0 4450.0 -0.15376
5150.0 4450.0 -0.17278
5250.0 4450.0 -0.18226
5350.0 4450.0 -0.20324
5450.0 4450.0 -0.20158
5550.0 4450.0 -0.15688
5650.0 4450.0 -0.08174
5750.0 4450.0 -0.00378
5850.0 4450.0 0.10949
5950.0 4450.0 0.27743
6050.0 4450.0 0.37717
6150.0 4450.0 0.31914
6250.0 4450.0 0.13563
6350.0 4450.0 -0.06959
50.0 4550.0 0.50765
150.0 4550.0 0.21117
250.0 4550.0 -0.05287
350.0 4550.0 -0.30953
450.0 4550.0 -0.54883
550.0 4550.0 -0.62735
650.0 4550.0 -0.49548
750.0 4550.0 -0.26642
850.0 4550.0 -0.09768
950.0 4550.0 0.01967
1050.0 4550.0 0.07181
1150.0 4550.0 0.04239
1250.0 4550.0 -0.02704
1350.0 4550.0 -0.06467
1450.0 4550.0 -0.02570
1550.0 4550.0 0.07499
1650.0 4550.0 0.29105
1750.0 4550.0 0.49879
1850.0 4550.0 0.53333
1950.0 4550.0 0.36430
2050.0 4550.0 0.09998
2150.0 4550.0 -0.15928
2250.0 4550.0 -0.32717
2350.0 4550.0 -0.31437
2450.0 4550.0 -0.14565
2550.0 4550.0 0.03839
2650.0 4550.0 0.08823
2750.0 4550.0 0.02337
2850.0 4550.0 -0.15519
2950.0 4550.0 -0.37111
3050.0 4550.0 -0.45248
3150.0 4550.0 -0.33034
3250.0 4550.0 -0.08228
3350.0 4550.0 0.17885
3450.0 4550.0 0.35679
3550.0 4550.0 0.34828
3650.0 4550.0 0.16852
3750.0 4550.0 -0.04385
3850.0 4550.0 -0.12294
3950.0 4550.0 -0.06627
4050.0 4550.0 -0.06875
4150.0 4550.0 -0.16645
4250.0 4550.0 -0.27004
4350.0 4550.0 -0.28604
4450.0 4550.0 -0.18505
4550.0 4550.0 -0.01773
4650.0 4550.0 0.14797
4750.0 4550.0 0.25179
4850.0 4550.0 0.24630
4950.0 4550.0 0.16004
5050.0 4550.0 0.08439
5150.0 4550.0 0.07467
5250.0 4550.0 0.05455
5350.0 4550.0 -0.00869
5450.0 4550.0 -0.07223
5550.0 4550.0 -0.09013
5650.0 4550.0 -0.05110
5750.0 4550.0 0.01950
5850.0 4550.0 0.13451
5950.0 4550.0 0.31509
6050.0 4550.0 0.43661
6150.0 4550.0 0.40097
6250.0 4550.0 0.23140
6350.0 4550.0 0.02937
50.0 4650.0 0.40430
150.0 4650.0 0.07441
250.0 4650.0 -0.19285
350.0 4650.0 -0.44828
450.0 4650.0 -0.69850
550.0 4650.0 -0.80927
650.0 4650.0 -0.72612
750.0 4650.0 -0.54465
850.0 4650.0 -0.40800
950.0 4650.0 -0.30836
1050.0 4650.0 -0.23001
1150.0 4650.0 -0.17844
1250.0 4650.0 -0.14018
1350.0 4650.0 -0.09169
1450.0 4650.0 -0.01815
1550.0 4650.0 0.09344
1650.0 4650.0 0.30898
1750.0 4650.0 0.50713
1850.0 4650.0 0.53360
1950.0 4650.0 0.36730
2050.0 4650.0 0.11803
2150.0 4650.0 -0.12030
2250.0 4650.0 -0.25701
2350.0 4650.0 -0.20145
2450.0 4650.0 0.01323
2550.0 4650.0 0.23584
2650.0 4650.0 0.31162
2750.0 4650.0 0.26601
2850.0 4650.0 0.09842
2950.0 4650.0 -0.13387
3050.0 4650.0 -0.26484
3150.0 4650.0 -0.20686
3250.0 4650.0 -0.00815
3350.0 4650.0 0.21974
3450.0 4650.0 0.33350
3550.0 4650.0 0.22046
3650.0 4650.0 -0.07060
3750.0 4650.0 -0.36316
3850.0 4650.0 -0.47575
3950.0 4650.0 -0.42494
4050.0 4650.0 -0.41693
4150.0 4650.0 -0.48034
4250.0 4650.0 -0.53986
4350.0 4650.0 -0.52298
4450.0 4650.0 -0.41332
4550.0 4650.0 -0.25474
4650.0 4650.0 -0.07603
4750.0 4650.0 0.09787
4850.0 4650.0 0.20893
4950.0 4650.0 0.24199
5050.0 4650.0 0.24154
5150.0 4650.0 0.25706
5250.0 4650.0 0.25139
5350.0 4650.0 0.18917
5450.0 4650.0 0.10678
5550.0 4650.0 0.05732
5650.0 4650.0 0.06923
5750.0 4650.0 0.12745
5850.0 4650.0 0.23526
5950.0 4650.0 0.41341
6050.0 4650.0 0.53682
6150.0 4650.0 0.50382
6250.0 4650.0 0.33343
6350.0 4650.0 0.12578
50.0 4750.0 0.27929
150.0 4750.0 -0.05333
250.0 4750.0 -0.31251
350.0 4750.0 -0.54833
450.0 4750.0 -0.76131
550.0 4750.0 -0.85579
650.0 4750.0 -0.80689
750.0 4750.0 -0.70069
850.0 4750.0 -0.64657
950.0 4750.0 -0.61988
1050.0 4750.0 -0.56374
1150.0 4750.0 -0.44261
1250.0 4750.0 -0.26126
1350.0 4750.0 -0.07066
1450.0 4750.0 0.07677
1550.0 4750.0 0.21619
1650.0 4750.0 0.39393
1750.0 4750.0 0.49519
1850.0 4750.0 0.42307
1950.0 4750.0 0.21402
2050.0 4750.0 -0.00484
2150.0 4750.0 -0.18484
2250.0 4750.0 -0.27376
2350.0 4750.0 -0.18333
2450.0 4750.0 0.06184
2550.0 4750.0 0.32220
2650.0 4750.0 0.44936
2750.0 4750.0 0.46444
2850.0 4750.0 0.36163
2950.0 4750.0 0.14829
3050.0 4750.0 -0.05104
3150.0 4750.0 -0.12512
3250.0 4750.0 -0.05226
3350.0 4750.0 0.08110
3450.0 4750.0 0.09937
3550.0 4750.0 -0.08915
3650.0 4750.0 -0.41169
3750.0 4750.0 -0.69988
3850.0 4750.0 -0.80727
3950.0 4750.0 -0.76752
4050.0 4750.0 -0.74412
4150.0 4750.0 -0.74786
4250.0 4750.0 -0.73280
4350.0 4750.0 -0.66645
4450.0 4750.0 -0.55440
4550.0 4750.0 -0.42621
4650.0 4750.0 -0.28238
4750.0 4750.0 -0.12220
4850.0 4750.0 0.02458
4950.0 4750.0 0.13688
5050.0 4750.0 0.21967
5150.0 4750.0 0.29351
5250.0 4750.0 0.35340
5350.0 4750.0 0.36957
5450.0 4750.0 0.34160
5550.0 4750.0 0.30030
5650.0 4750.0 0.28729
5750.0 4750.0 0.31718
5850.0 4750.0 0.39923
5950.0 4750.0 0.55437
6050.0 4750.0 0.65897
6150.0 4750.0 0.60996
6250.0 4750.0 0.42279
6350.0 4750.0 0.19513
50.0 4850.0 0.20612
150.0 4850.0 -0.08890
250.0 4850.0 -0.32922
350.0 4850.0 -0.53045
450.0 4850.0 -0.65964
550.0 4850.0 -0.68013
650.0 4850.0 -0.62841
750.0 4850.0 -0.59689
850.0 4850.0 -0.65199
950.0 4850.0 -0.73870
1050.0 4850.0 -0.77256
1150.0 4850.0 -0.65570
1250.0 4850.0 -0.37982
1350.0 4850.0 -0.05880
1450.0 4850.0 0.17438
1550.0 4850.0 0.35387
1650.0 4850.0 0.48512
1750.0 4850.0 0.46256
1850.0 4850.0 0.26539
1950.0 4850.0 0.00563
2050.0 4850.0 -0.16761
2150.0 4850.0 -0.26923
2250.0 4850.0 -0.32305
2350.0 4850.0 -0.24849
2450.0 4850.0 -0.03490
2550.0 4850.0 0.22425
2650.0 4850.0 0.40485
2750.0 4850.0 0.50682
2850.0 4850.0 0.51934
2950.0 4850.0 0.38603
3050.0 4850.0 0.15487
3150.0 4850.0 -0.05551
3250.0 4850.0 -0.14038
3350.0 4850.0 -0.13669
3450.0 4850.0 -0.21142
3550.0 4850.0 -0.40597
3650.0 4850.0 -0.64604
3750.0 4850.0 -0.82569
3850.0 4850.0 -0.88159
3950.0 4850.0 -0.85477
4050.0 4850.0 -0.82252
4150.0 4850.0 -0.77683
4250.0 4850.0 -0.70289
4350.0 4850.0 -0.60599
4450.0 4850.0 -0.50900
4550.0 4850.0 -0.42586
4650.0 4850.0 -0.35885
4750.0 4850.0 -0.30278
4850.0 4850.0 -0.22505
4950.0 4850.0 -0.10748
5050.0 4850.0 0.03787
5150.0 4850.0 0.18667
5250.0 4850.0 0.33951
5350.0 4850.0 0.46849
5450.0 4850.0 0.52093
5550.0 4850.0 0.49471
5650.0 4850.0 0.44863
5750.0 4850.0 0.43901
5850.0 4850.0 0.48682
5950.0 4850.0 0.61772
6050.0 4850.0 0.70869
6150.0 4850.0 0.64969
6250.0 4850.0 0.44637
6350.0 4850.0 0.19206
50.0 4950.0 0.22365
150.0 4950.0 -0.01206
250.0 4950.0 -0.23091
350.0 4950.0 -0.39660
450.0 4950.0 -0.43003
550.0 4950.0 -0.35021
650.0 4950.0 -0.26162
750.0 4950.0 -0.27558
850.0 4950.0 -0.42329
950.0 4950.0 -0.62009
1050.0 4950.0 -0.78367
1150.0 4950.0 -0.75683
1250.0 4950.0 -0.48689
1350.0 4950.0 -0.10838
1450.0 4950.0 0.18580
1550.0 4950.0 0.40411
1650.0 4950.0 0.51567
1750.0 4950.0 0.42342
1850.0 4950.0 0.15930
1950.0 4950.0 -0.11501
2050.0 4950.0 -0.23833
2150.0 4950.0 -0.27349
2250.0 4950.0 -0.32607
2350.0 4950.0 -0.32622
2450.0 4950.0 -0.21029
2550.0 4950.0 -0.00291
2650.0 4950.0 0.20767
2750.0 4950.0 0.38857
2850.0 4950.0 0.52789
2950.0 4950.0 0.51900
3050.0 4950.0 0.32351
3150.0 4950.0 0.04099
3250.0 4950.0 -0.16515
3350.0 4950.0 -0.27457
3450.0 4950.0 -0.40684
3550.0 4950.0 -0.54556
3650.0 4950.0 -0.63475
3750.0 4950.0 -0.65515
3850.0 4950.0 -0.63821
3950.0 4950.0 -0.62150
4050.0 4950.0 -0.59401
4150.0 4950.0 -0.53853
4250.0 4950.0 -0.45771
4350.0 4950.0 -0.37228
4450.0 4950.0 -0.30699
4550.0 4950.0 -0.26601
4650.0 4950.0 -0.28203
4750.0 4950.0 -0.36331
4850.0 4950.0 -0.40987
4950.0 4950.0 -0.34353
5050.0 4950.0 -0.17122
5150.0 4950.0 0.04058
5250.0 4950.0 0.27000
5350.0 4950.0 0.47781
5450.0 4950.0 0.56967
5550.0 4950.0 0.52686
5650.0 4950.0 0.43475
5750.0 4950.0 0.38724
5850.0 4950.0 0.40865
5950.0 4950.0 0.53482
6050.0 4950.0 0.64026
6150.0 4950.0 0.59838
6250.0 4950.0 0.39610
6350.0 4950.0 0.12119
50.0 5050.0 0.30183
150.0 5050.0 0.11139
250.0 5050.0 -0.09375
350.0 5050.0 -0.23806
450.0 5050.0 -0.20833
550.0 5050.0 -0.05426
650.0 5050.0 0.07596
750.0 5050.0 0.05252
850.0 5050.0 -0.13967
950.0 5050.0 -0.40103
1050.0 5050.0 -0.67479
1150.0 5050.0 -0.76990
1250.0 5050.0 -0.58214
1350.0 5050.0 -0.22559
1450.0 5050.0 0.08643
1550.0 5050.0 0.32949
1650.0 5050.0 0.46386
1750.0 5050.0 0.39730
1850.0 5050.0 0.16610
1950.0 5050.0 -0.06927
2050.0 5050.0 -0.15284
2150.0 5050.0 -0.15700
2250.0 5050.0 -0.23777
2350.0 5050.0 -0.33450
2450.0 5050.0 -0.33555
2550.0 5050.0 -0.20344
2650.0 5050.0 0.00563
2750.0 5050.0 0.22867
2850.0 5050.0 0.45745
2950.0 5050.0 0.56607
3050.0 5050.0 0.45350
3150.0 5050.0 0.18357
3250.0 5050.0 -0.06551
3350.0 5050.0 -0.23132
3450.0 5050.0 -0.37925
3550.0 5050.0 -0.45565
3650.0 5050.0 -0.42477
3750.0 5050.0 -0.32898
3850.0 5050.0 -0.25979
3950.0 5050.0 -0.24769
4050.0 5050.0 -0.23538
4150.0 5050.0 -0.20925
4250.0 5050.0 -0.17074
4350.0 5050.0 -0.13010
4450.0 5050.0 -0.09946
4550.0 5050.0 -0.08202
4650.0 5050.0 -0.14591
4750.0 5050.0 -0.31376
4850.0 5050.0 -0.44668
4950.0 5050.0 -0.42671
5050.0 5050.0 -0.25086
5150.0 5050.0 -0.00812
5250.0 5050.0 0.24936
5350.0 5050.0 0.45815
5450.0 5050.0 0.51149
5550.0 5050.0 0.40535
5650.0 5050.0 0.25924
5750.0 5050.0 0.18732
5850.0 5050.0 0.20085
5950.0 5050.0 0.34798
6050.0 5050.0 0.49784
6150.0 5050.0 0.50088
6250.0 5050.0 0.32058
6350.0 5050.0 0.03942
50.0 5150.0 0.38506
150.0 5150.0 0.20985
250.0 5150.0 0.00814
350.0 5150.0 -0.13089
450.0 5150.0 -0.08162
550.0 5150.0 0.10060
650.0 5150.0 0.25477
750.0 5150.0 0.24149
850.0 5150.0 0.04608
950.0 5150.0 -0.23241
1050.0 5150.0 -0.56827
1150.0 5150.0 -0.76234
1250.0 5150.0 -0.67218
1350.0 5150.0 -0.37505
1450.0 5150.0 -0.07553
1550.0 5150.0 0.17780
1650.0 5150.0 0.36326
1750.0 5150.0 0.38987
1850.0 5150.0 0.26126
1950.0 5150.0 0.09870
2050.0 5150.0 0.04084
2150.0 5150.0 0.03701
2250.0 5150.0 -0.08109
2350.0 5150.0 -0.25833
2450.0 5150.0 -0.35263
2550.0 5150.0 -0.28729
2650.0 5150.0 -0.09833
2750.0 5150.0 0.13193
2850.0 5150.0 0.40147
2950.0 5150.0 0.58994
3050.0 5150.0 0.56616
3150.0 5150.0 0.35800
3250.0 5150.0 0.12691
3350.0 5150.0 -0.04454
3450.0 5150.0 -0.18630
3550.0 5150.0 -0.23498
3650.0 5150.0 -0.16382
3750.0 5150.0 -0.03309
3850.0 5150.0 0.05139
3950.0 5150.0 0.06289
4050.0 5150.0 0.05779
4150.0 5150.0 0.03851
4250.0 5150.0 0.01615
4350.0 5150.0 0.00401
4450.0 5150.0 0.00796
4550.0 5150.0 0.02023
4650.0 5150.0 -0.04892
4750.0 5150.0 -0.22521
4850.0 5150.0 -0.36552
4950.0 5150.0 -0.34829
5050.0 5150.0 -0.17043
5150.0 5150.0 0.07623
5250.0 5150.0 0.31978
5350.0 5150.0 0.46752
5450.0 5150.0 0.42500
5550.0 5150.0 0.22596
5650.0 5150.0 0.02602
5750.0 5150.0 -0.05675
5850.0 5150.0 -0.03625
5950.0 5150.0 0.14659
6050.0 5150.0 0.35441
6150.0 5150.0 0.41442
6250.0 5150.0 0.26747
6350.0 5150.0 -0.00817
50.0 5250.0 0.48476
150.0 5250.0 0.31033
250.0 5250.0 0.10421
350.0 5250.0 -0.03684
450.0 5250.0 0.02481
550.0 5250.0 0.23480
650.0 5250.0 0.42202
750.0 5250.0 0.43291
850.0 5250.0 0.24622
950.0 5250.0 -0.03952
1050.0 5250.0 -0.43186
1150.0 5250.0 -0.72786
1250.0 5250.0 -0.74569
1350.0 5250.0 -0.51900
1450.0 5250.0 -0.23699
1550.0 5250.0 0.02639
1650.0 5250.0 0.27019
1750.0 5250.0 0.40056
1850.0 5250.0 0.37990
1950.0 5250.0 0.28590
2050.0 5250.0 0.24215
2150.0 5250.0 0.22839
2250.0 5250.0 0.08478
2350.0 5250.0 -0.14151
2450.0 5250.0 -0.29979
2550.0 5250.0 -0.29382
2650.0 5250.0 -0.14353
2750.0 5250.0 0.06286
2850.0 5250.0 0.33179
2950.0 5250.0 0.56359
3050.0 5250.0 0.61877
3150.0 5250.0 0.49089
3250.0 5250.0 0.30585
3350.0 5250.0 0.15263
3450.0 5250.0 0.03682
3550.0 5250.0 0.02059
3650.0 5250.0 0.11655
3750.0 5250.0 0.25605
3850.0 5250.0 0.33660
3950.0 5250.0 0.33992
4050.0 5250.0 0.30791
4150.0 5250.0 0.23115
4250.0 5250.0 0.13870
4350.0 5250.0 0.07076
4450.0 5250.0 0.05000
4550.0 5250.0 0.06076
4650.0 5250.0 0.00720
4750.0 5250.0 -0.12914
4850.0 5250.0 -0.22485
4950.0 5250.0 -0.18192
5050.0 5250.0 -0.00676
5150.0 5250.0 0.21882
5250.0 5250.0 0.42091
5350.0 5250.0 0.48648
5450.0 5250.0 0.34275
5550.0 5250.0 0.06011
5650.0 5250.0 -0.18227
5750.0 5250.0 -0.27305
5850.0 5250.0 -0.25166
5950.0 5250.0 -0.05182
6050.0 5250.0 0.19796
6150.0 5250.0 0.31696
6250.0 5250.0 0.22483
6350.0 5250.0 -0.01511
50.0 5350.0 0.59308
150.0 5350.0 0.40283
250.0 5350.0 0.17790
350.0 5350.0 0.02077
450.0 5350.0 0.08598
550.0 5350.0 0.32847
650.0 5350.0 0.56694
750.0 5350.0 0.62309
850.0 5350.0 0.45825
950.0 5350.0 0.17547
1050.0 5350.0 -0.26100
1150.0 5350.0 -0.64690
1250.0 5350.0 -0.76387
1350.0 5350.0 -0.60232
1450.0 5350.0 -0.33412
1550.0 5350.0 -0.05779
1650.0 5350.0 0.23892
1750.0 5350.0 0.44979
1850.0 5350.0 0.49749
1950.0 5350.0 0.42996
2050.0 5350.0 0.37061
2150.0 5350.0 0.33282
2250.0 5350.0 0.20146
2350.0 5350.0 0.00859
2450.0 5350.0 -0.13830
2550.0 5350.0 -0.16868
2650.0 5350.0 -0.09447
2750.0 5350.0 0.02227
2850.0 5350.0 0.20107
2950.0 5350.0 0.39120
3050.0 5350.0 0.49011
3150.0 5350.0 0.46471
3250.0 5350.0 0.37149
3350.0 5350.0 0.27770
3450.0 5350.0 0.22909
3550.0 5350.0 0.26887
3650.0 5350.0 0.37859
3750.0 5350.0 0.48960
3850.0 5350.0 0.53080
3950.0 5350.0 0.50551
4050.0 5350.0 0.43020
4150.0 5350.0 0.28990
4250.0 5350.0 0.13557
4350.0 5350.0 0.02813
4450.0 5350.0 -0.00549
4550.0 5350.0 0.00694
4650.0 5350.0 -0.00183
4750.0 5350.0 -0.02833
4850.0 5350.0 -0.01024
4950.0 5350.0 0.08490
5050.0 5350.0 0.23101
5150.0 5350.0 0.38048
5250.0 5350.0 0.49362
5350.0 5350.0 0.46927
5450.0 5350.0 0.26569
5550.0 5350.0 -0.03482
5650.0 5350.0 -0.27355
5750.0 5350.0 -0.36746
5850.0 5350.0 -0.36880
5950.0 5350.0 -0.21581
6050.0 5350.0 0.01296
6150.0 5350.0 0.17452
6250.0 5350.0 0.17719
6350.0 5350.0 0.04284
50.0 5450.0 0.64151
150.0 5450.0 0.43358
250.0 5450.0 0.18170
350.0 5450.0 -0.00457
450.0 5450.0 0.04258
550.0 5450.0 0.29550
650.0 5450.0 0.57235
750.0 5450.0 0.67269
850.0 5450.0 0.53528
950.0 5450.0 0.26894
1050.0 5450.0 -0.16800
1150.0 5450.0 -0.57435
1250.0 5450.0 -0.72043
1350.0 5450.0 -0.57877
1450.0 5450.0 -0.31095
1550.0 5450.0 -0.02333
1650.0 5450.0 0.29770
1750.0 5450.0 0.52675
1850.0 5450.0 0.56493
1950.0 5450.0 0.46003
2050.0 5450.0 0.35412
2150.0 5450.0 0.28400
2250.0 5450.0 0.20298
2350.0 5450.0 0.12474
2450.0 5450.0 0.06926
2550.0 5450.0 0.03904
2650.0 5450.0 0.01887
2750.0 5450.0 0.00048
2850.0 5450.0 0.01898
2950.0 5450.0 0.08945
3050.0 5450.0 0.18401
3150.0 5450.0 0.25775
3250.0 5450.0 0.28042
3350.0 5450.0 0.27353
3450.0 5450.0 0.31455
3550.0 5450.0 0.41250
3650.0 5450.0 0.51084
3750.0 5450.0 0.55371
3850.0 5450.0 0.52525
3950.0 5450.0 0.45746
4050.0 5450.0 0.34102
4150.0 5450.0 0.16917
4250.0 5450.0 0.00672
4350.0 5450.0 -0.08823
4450.0 5450.0 -0.10732
4550.0 5450.0 -0.08933
4650.0 5450.0 -0.04305
4750.0 5450.0 0.05852
4850.0 5450.0 0.19619
4950.0 5450.0 0.32470
5050.0 5450.0 0.40484
5150.0 5450.0 0.43827
5250.0 5450.0 0.44136
5350.0 5450.0 0.36151
5450.0 5450.0 0.18545
5550.0 5450.0 -0.03290
5650.0 5450.0 -0.20600
5750.0 5450.0 -0.29472
5850.0 5450.0 -0.33990
5950.0 5450.0 -0.29798
6050.0 5450.0 -0.16584
6150.0 5450.0 -0.00481
6250.0 5450.0 0.10105
6350.0 5450.0 0.11617
50.0 5550.0 0.59921
150.0 5550.0 0.38882
250.0 5550.0 0.11433
350.0 5550.0 -0.10386
450.0 5550.0 -0.09472
550.0 5550.0 0.13349
650.0 5550.0 0.41180
750.0 5550.0 0.53237
850.0 5550.0 0.41591
950.0 5550.0 0.17343
1050.0 5550.0 -0.21774
1150.0 5550.0 -0.56290
1250.0 5550.0 -0.65224
1350.0 5550.0 -0.47457
1450.0 5550.0 -0.19282
1550.0 5550.0 0.10073
1650.0 5550.0 0.41299
1750.0 5550.0 0.60025
1850.0 5550.0 0.56522
1950.0 5550.0 0.38111
2050.0 5550.0 0.21828
2150.0 5550.0 0.11952
2250.0 5550.0 0.10034
2350.0 5550.0 0.15910
2450.0 5550.0 0.22340
2550.0 5550.0 0.21848
2650.0 5550.0 0.11898
2750.0 5550.0 -0.02614
2850.0 5550.0 -0.16778
2950.0 5550.0 -0.23227
3050.0 5550.0 -0.16986
3150.0 5550.0 -0.02521
3250.0 5550.0 0.09717
3350.0 5550.0 0.17054
3450.0 5550.0 0.28762
3550.0 5550.0 0.42154
3650.0 5550.0 0.48610
3750.0 5550.0 0.44667
3850.0 5550.0 0.34514
3950.0 5550.0 0.23777
4050.0 5550.0 0.10070
4150.0 5550.0 -0.05270
4250.0 5550.0 -0.15891
4350.0 5550.0 -0.18805
4450.0 5550.0 -0.16798
4550.0 5550.0 -0.14256
4650.0 5550.0 -0.05844
4750.0 5550.0 0.12132
4850.0 5550.0 0.31247
4950.0 5550.0 0.42045
5050.0 5550.0 0.41249
5150.0 5550.0 0.33435
5250.0 5550.0 0.24941
5350.0 5550.0 0.16921
5450.0 5550.0 0.09533
5550.0 5550.0 0.02500
5650.0 5550.0 -0.04734
5750.0 5550.0 -0.12474
5850.0 5550.0 -0.21731
5950.0 5550.0 -0.30562
6050.0 5550.0 -0.30571
6150.0 5550.0 -0.18629
6250.0 5550.0 -0.00855
6350.0 5550.0 0.14109
50.0 5650.0 0.50519
150.0 5650.0 0.31311
250.0 5650.0 0.02967
350.0 5650.0 -0.21063
450.0 5650.0 -0.24233
550.0 5650.0 -0.05997
650.0 5650.0 0.18705
750.0 5650.0 0.29920
850.0 5650.0 0.19002
950.0 5650.0 -0.03309
1050.0 5650.0 -0.36551
1150.0 5650.0 -0.61872
1250.0 5650.0 -0.61596
1350.0 5650.0 -0.37887
1450.0 5650.0 -0.07907
1550.0 5650.0 0.21544
1650.0 5650.0 0.50692
1750.0 5650.0 0.64129
1850.0 5650.0 0.53318
1950.0 5650.0 0.28275
2050.0 5650.0 0.08157
2150.0 5650.0 -0.03276
2250.0 5650.0 -0.01452
2350.0 5650.0 0.12650
2450.0 5650.0 0.26447
2550.0 5650.0 0.27892
2650.0 5650.0 0.13737
2750.0 5650.0 -0.07787
2850.0 5650.0 -0.30817
2950.0 5650.0 -0.44737
3050.0 5650.0 -0.40275
3150.0 5650.0 -0.21883
3250.0 5650.0 -0.04125
3350.0 5650.0 0.07623
3450.0 5650.0 0.22977
3550.0 5650.0 0.36989
3650.0 5650.0 0.39840
3750.0 5650.0 0.29939
3850.0 5650.0 0.15137
3950.0 5650.0 0.02217
4050.0 5650.0 -0.11234
4150.0 5650.0 -0.21775
4250.0 5650.0 -0.24247
4350.0 5650.0 -0.19244
4450.0 5650.0 -0.13049
4550.0 5650.0 -0.09927
4650.0 5650.0 -0.00911
4750.0 5650.0 0.16844
4850.0 5650.0 0.32524
4950.0 5650.0 0.36489
5050.0 5650.0 0.27893
5150.0 5650.0 0.13530
5250.0 5650.0 0.01111
5350.0 5650.0 -0.03602
5450.0 5650.0 -0.00382
5550.0 5650.0 0.05400
5650.0 5650.0 0.06301
5750.0 5650.0 -0.00394
5850.0 5650.0 -0.12678
5950.0 5650.0 -0.30389
6050.0 5650.0 -0.40356
6150.0 5650.0 -0.33294
6250.0 5650.0 -0.13071
6350.0 5650.0 0.09032
50.0 5750.0 0.41974
150.0 5750.0 0.25855
250.0 5750.0 -0.02129
350.0 5750.0 -0.27019
450.0 5750.0 -0.33090
550.0 5750.0 -0.19237
650.0 5750.0 0.01326
750.0 5750.0 0.10187
850.0 5750.0 -0.01099
950.0 5750.0 -0.22552
1050.0 5750.0 -0.51904
1150.0 5750.0 -0.70631
1250.0 5750.0 -0.63531
1350.0 5750.0 -0.35390
1450.0 5750.0 -0.04210
1550.0 5750.0 0.25166
1650.0 5750.0 0.53342
1750.0 5750.0 0.64734
1850.0 5750.0 0.51435
1950.0 5750.0 0.24417
2050.0 5750.0 0.03400
2150.0 5750.0 -0.08356
2250.0 5750.0 -0.06490
2350.0 5750.0 0.07806
2450.0 5750.0 0.21487
2550.0 5750.0 0.22287
2650.0 5750.0 0.07109
2750.0 5750.0 -0.15498
2850.0 5750.0 -0.39122
2950.0 5750.0 -0.52377
3050.0 5750.0 -0.45933
3150.0 5750.0 -0.25152
3250.0 5750.0 -0.05811
3350.0 5750.0 0.06660
3450.0 5750.0 0.22094
3550.0 5750.0 0.34955
3650.0 5750.0 0.35629
3750.0 5750.0 0.23469
3850.0 5750.0 0.07351
3950.0 5750.0 -0.05917
4050.0 5750.0 -0.17970
4150.0 5750.0 -0.24061
4250.0 5750.0 -0.20316
4350.0 5750.0 -0.09873
4450.0 5750.0 -0.01035
4550.0 5750.0 0.02337
4650.0 5750.0 0.09573
4750.0 5750.0 0.21558
4850.0 5750.0 0.28612
4950.0 5750.0 0.24282
5050.0 5750.0 0.10725
5150.0 5750.0 -0.05179
5250.0 5750.0 -0.17535
5350.0 5750.0 -0.19231
5450.0 5750.0 -0.10589
5550.0 5750.0 0.00729
5650.0 5750.0 0.04865
5750.0 5750.0 -0.01345
5850.0 5750.0 -0.14409
5950.0 5750.0 -0.34749
6050.0 5750.0 -0.48206
6150.0 5750.0 -0.43762
6250.0 5750.0 -0.24218
6350.0 5750.0 -0.01165
50.0 5850.0 0.32921
150.0 5850.0 0.21762
250.0 5850.0 -0.03353
350.0 5850.0 -0.26679
450.0 5850.0 -0.34146
550.0 5850.0 -0.24804
650.0 5850.0 -0.09778
750.0 5850.0 -0.04599
850.0 5850.0 -0.16403
950.0 5850.0 -0.36833
1050.0 5850.0 -0.62951
1150.0 5850.0 -0.76779
1250.0 5850.0 -0.65073
1350.0 5850.0 -0.34330
1450.0 5850.0 -0.02812
1550.0 5850.0 0.26114
1650.0 5850.0 0.53602
1750.0 5850.0 0.64353
1850.0 5850.0 0.50813
1950.0 5850.0 0.23997
2050.0 5850.0 0.03367
2150.0 5850.0 -0.08267
2250.0 5850.0 -0.08022
2350.0 5850.0 0.03316
2450.0 5850.0 0.14558
2550.0 5850.0 0.14860
2650.0 5850.0 0.01172
2750.0 5850.0 -0.19080
2850.0 5850.0 -0.39452
2950.0 5850.0 -0.49321
3050.0 5850.0 -0.40845
3150.0 5850.0 -0.19843
3250.0 5850.0 -0.01246
3350.0 5850.0 0.10414
3450.0 5850.0 0.24358
3550.0 5850.0 0.34813
3650.0 5850.0 0.32850
3750.0 5850.0 0.18660
3850.0 5850.0 0.01526
3950.0 5850.0 -0.12054
4050.0 5850.0 -0.22255
4150.0 5850.0 -0.22959
4250.0 5850.0 -0.12272
4350.0 5850.0 0.03582
4450.0 5850.0 0.14297
4550.0 5850.0 0.16838
4650.0 5850.0 0.20668
4750.0 5850.0 0.25253
4850.0 5850.0 0.23753
4950.0 5850.0 0.13442
5050.0 5850.0 -0.01684
5150.0 5850.0 -0.16087
5250.0 5850.0 -0.26411
5350.0 5850.0 -0.25848
5450.0 5850.0 -0.15013
5550.0 5850.0 -0.01834
5650.0 5850.0 0.03819
5750.0 5850.0 -0.01024
5850.0 5850.0 -0.13017
5950.0 5850.0 -0.33963
6050.0 5850.0 -0.50702
6150.0 5850.0 -0.51422
6250.0 5850.0 -0.36664
6350.0 5850.0 -0.16386
50.0 5950.0 0.19618
150.0 5950.0 0.17756
250.0 5950.0 0.02448
350.0 5950.0 -0.12520
450.0 5950.0 -0.17202
550.0 5950.0 -0.12559
650.0 5950.0 -0.06494
750.0 5950.0 -0.08014
850.0 5950.0 -0.20086
950.0 5950.0 -0.38211
1050.0 5950.0 -0.61344
1150.0 5950.0 -0.72965
1250.0 5950.0 -0.61066
1350.0 5950.0 -0.31824
1450.0 5950.0 -0.02108
1550.0 5950.0 0.25171
1650.0 5950.0 0.51314
1750.0 5950.0 0.62201
1850.0 5950.0 0.50709
1950.0 5950.0 0.26822
2050.0 5950.0 0.08428
2150.0 5950.0 -0.02410
2250.0 5950.0 -0.06291
2350.0 5950.0 -0.01986
2450.0 5950.0 0.05121
2550.0 5950.0 0.07684
2650.0 5950.0 0.01631
2750.0 5950.0 -0.09190
2850.0 5950.0 -0.19867
2950.0 5950.0 -0.23930
3050.0 5950.0 -0.16888
3150.0 5950.0 -0.02513
3250.0 5950.0 0.10084
3350.0 5950.0 0.18405
3450.0 5950.0 0.28598
3550.0 5950.0 0.34926
3650.0 5950.0 0.29417
3750.0 5950.0 0.12780
3850.0 5950.0 -0.05988
3950.0 5950.0 -0.20872
4050.0 5950.0 -0.28813
4150.0 5950.0 -0.21840
4250.0 5950.0 -0.01896
4350.0 5950.0 0.19835
4450.0 5950.0 0.30525
4550.0 5950.0 0.29017
4650.0 5950.0 0.25818
4750.0 5950.0 0.21294
4850.0 5950.0 0.14604
4950.0 5950.0 0.06414
5050.0 5950.0 -0.01438
5150.0 5950.0 -0.07898
5250.0 5950.0 -0.12292
5350.0 5950.0 -0.10989
5450.0 5950.0 -0.03865
5550.0 5950.0 0.05092
5650.0 5950.0 0.10411
5750.0 5950.0 0.10125
5850.0 5950.0 0.03951
5950.0 5950.0 -0.13684
6050.0 5950.0 -0.34770
6150.0 5950.0 -0.47797
6250.0 5950.0 -0.47440
6350.0 5950.0 -0.37521
50.0 6050.0 0.02307
150.0 6050.0 0.11317
250.0 6050.0 0.10818
350.0 6050.0 0.09658
450.0 6050.0 0.12055
550.0 6050.0 0.13623
650.0 6050.0 0.09869
750.0 6050.0 0.00418
850.0 6050.0 -0.11495
950.0 6050.0 -0.26442
1050.0 6050.0 -0.47383
1150.0 6050.0 -0.59903
1250.0 6050.0 -0.52284
1350.0 6050.0 -0.28397
1450.0 6050.0 -0.02311
1550.0 6050.0 0.22349
1650.0 6050.0 0.46250
1750.0 6050.0 0.57142
1850.0 6050.0 0.48653
1950.0 6050.0 0.29236
2050.0 6050.0 0.14325
2150.0 6050.0 0.04822
2250.0 6050.0 -0.04927
2350.0 6050.0 -0.10416
2450.0 6050.0 -0.08328
2550.0 6050.0 -0.01087
2650.0 6050.0 0.05307
2750.0 6050.0 0.09304
2850.0 6050.0 0.12793
2950.0 6050.0 0.15364
3050.0 6050.0 0.17079
3150.0 6050.0 0.18628
3250.0 6050.0 0.20829
3350.0 6050.0 0.23921
3450.0 6050.0 0.29707
3550.0 6050.0 0.33209
3650.0 6050.0 0.26774
3750.0 6050.0 0.10051
3850.0 6050.0 -0.09668
3950.0 6050.0 -0.26578
4050.0 6050.0 -0.33129
4150.0 6050.0 -0.19917
4250.0 6050.0 0.06804
4350.0 6050.0 0.31157
4450.0 6050.0 0.38656
4550.0 6050.0 0.30478
4650.0 6050.0 0.17909
4750.0 6050.0 0.04299
4850.0 6050.0 -0.03125
4950.0 6050.0 -0.01315
5050.0 6050.0 0.05742
5150.0 6050.0 0.12269
5250.0 6050.0 0.16610
5350.0 6050.0 0.16845
5450.0 6050.0 0.14774
5550.0 6050.0 0.13951
5650.0 6050.0 0.17021
5750.0 6050.0 0.23655
5850.0 6050.0 0.27788
5950.0 6050.0 0.19954
6050.0 6050.0 -0.00779
6150.0 6050.0 -0.26198
6250.0 6050.0 -0.44410
6350.0 6050.0 -0.50015
50.0 6150.0 -0.15860
150.0 6150.0 0.01354
250.0 6150.0 0.14888
350.0 6150.0 0.27556
450.0 6150.0 0.38366
550.0 6150.0 0.39361
650.0 6150.0 0.28439
750.0 6150.0 0.12721
850.0 6150.0 0.01291
950.0 6150.0 -0.10695
1050.0 6150.0 -0.30280
1150.0 6150.0 -0.45041
1250.0 6150.0 -0.43032
1350.0 6150.0 -0.25303
1450.0 6150.0 -0.03007
1550.0 6150.0 0.19007
1650.0 6150.0 0.40150
1750.0 6150.0 0.49982
1850.0 6150.0 0.43264
1950.0 6150.0 0.27413
2050.0 6150.0 0.15662
2150.0 6150.0 0.07486
2250.0 6150.0 -0.07759
2350.0 6150.0 -0.22338
2450.0 6150.0 -0.24604
2550.0 6150.0 -0.12392
2650.0 6150.0 0.06306
2750.0 6150.0 0.24731
2850.0 6150.0 0.41424
2950.0 6150.0 0.49066
3050.0 6150.0 0.43876
3150.0 6150.0 0.31588
3250.0 6150.0 0.23121
3350.0 6150.0 0.21169
3450.0 6150.0 0.24178
3550.0 6150.0 0.28629
3650.0 6150.0 0.25983
3750.0 6150.0 0.12970
3850.0 6150.0 -0.06043
3950.0 6150.0 -0.24878
4050.0 6150.0 -0.31723
4150.0 6150.0 -0.16881
4250.0 6150.0 0.10511
4350.0 6150.0 0.32378
4450.0 6150.0 0.34371
4550.0 6150.0 0.19451
4650.0 6150.0 -0.01698
4750.0 6150.0 -0.22432
4850.0 6150.0 -0.28107
4950.0 6150.0 -0.14330
5050.0 6150.0 0.08423
5150.0 6150.0 0.27784
5250.0 6150.0 0.40416
5350.0 6150.0 0.38746
5450.0 6150.0 0.26409
5550.0 6150.0 0.14835
5650.0 6150.0 0.15046
5750.0 6150.0 0.28335
5850.0 6150.0 0.43741
5950.0 6150.0 0.50442
6050.0 6150.0 0.37884
6150.0 6150.0 0.08008
6250.0 6150.0 -0.23810
6350.0 6150.0 -0.43667
50.0 6250.0 -0.31050
150.0 6250.0 -0.10499
250.0 6250.0 0.11086
350.0 6250.0 0.32126
450.0 6250.0 0.48673
550.0 6250.0 0.50539
650.0 6250.0 0.36573
750.0 6250.0 0.17875
850.0 6250.0 0.06894
950.0 6250.0 -0.03276
1050.0 6250.0 -0.21734
1150.0 6250.0 -0.37267
1250.0 6250.0 -0.38000
1350.0 6250.0 -0.23546
1450.0 6250.0 -0.03400
1550.0 6250.0 0.16919
1650.0 6250.0 0.35565
1750.0 6250.0 0.43162
1850.0 6250.0 0.35738
1950.0 6250.0 0.20789
2050.0 6250.0 0.10544
2150.0 6250.0 0.03150
2250.0 6250.0 -0.15384
2350.0 6250.0 -0.35412
2450.0 6250.0 -0.40324
2550.0 6250.0 -0.25208
2650.0 6250.0 0.00775
2750.0 6250.0 0.27735
2850.0 6250.0 0.51949
2950.0 6250.0 0.61908
3050.0 6250.0 0.51789
3150.0 6250.0 0.30650
3250.0 6250.0 0.15603
3350.0 6250.0 0.10735
3450.0 6250.0 0.13631
3550.0 6250.0 0.22364
3650.0 6250.0 0.26674
3750.0 6250.0 0.19668
3850.0 6250.0 0.02716
3950.0 6250.0 -0.17196
4050.0 6250.0 -0.25533
4150.0 6250.0 -0.13283
4250.0 6250.0 0.09764
4350.0 6250.0 0.26128
4450.0 6250.0 0.22952
4550.0 6250.0 0.03844
4650.0 6250.0 -0.22564
4750.0 6250.0 -0.48033
4850.0 6250.0 -0.53385
4950.0 6250.0 -0.33142
5050.0 6250.0 -0.01403
5150.0 6250.0 0.25532
5250.0 6250.0 0.43088
5350.0 6250.0 0.40303
5450.0 6250.0 0.21896
5550.0 6250.0 0.03964
5650.0 6250.0 0.02491
5750.0 6250.0 0.19732
5850.0 6250.0 0.43091
5950.0 6250.0 0.63617
6050.0 6250.0 0.64133
6150.0 6250.0 0.39646
6250.0 6250.0 0.04523
6350.0 6250.0 -0.22829
50.0 6350.0 -0.41923
150.0 6350.0 -0.21730
250.0 6350.0 0.01295
350.0 6350.0 0.24078
450.0 6350.0 0.42017
550.0 6350.0 0.44437
650.0 6350.0 0.30233
750.0 6350.0 0.11164
850.0 6350.0 0.00325
950.0 6350.0 -0.09236
1050.0 6350.0 -0.26156
1150.0 6350.0 -0.39567
1250.0 6350.0 -0.38474
1350.0 6350.0 -0.23133
1450.0 6350.0 -0.03015
1550.0 6350.0 0.16778
1650.0 6350.0 0.33673
1750.0 6350.0 0.38491
1850.0 6350.0 0.28375
1950.0 6350.0 0.11851
2050.0 6350.0 0.01376
2150.0 6350.0 -0.05897
2250.0 6350.0 -0.25350
2350.0 6350.0 -0.46994
2450.0 6350.0 -0.53033
2550.0 6350.0 -0.37761
2650.0 6350.0 -0.10456
2750.0 6350.0 0.18216
2850.0 6350.0 0.43860
2950.0 6350.0 0.54090
3050.0 6350.0 0.42738
3150.0 6350.0 0.19629
3250.0 6350.0 0.03182
3350.0 6350.0 -0.02175
3450.0 6350.0 0.02487
3550.0 6350.0 0.16425
3650.0 6350.0 0.27633
3750.0 6350.0 0.26280
3850.0 6350.0 0.11657
3950.0 6350.0 -0.08383
4050.0 6350.0 -0.18273
4150.0 6350.0 -0.09925
4250.0 6350.0 0.07743
4350.0 6350.0 0.19174
4450.0 6350.0 0.13147
4550.0 6350.0 -0.06997
4650.0 6350.0 -0.35288
4750.0 6350.0 -0.64218
4850.0 6350.0 -0.73026
4950.0 6350.0 -0.54613
5050.0 6350.0 -0.22668
5150.0 6350.0 0.05591
5250.0 6350.0 0.24357
5350.0 6350.0 0.22106
5450.0 6350.0 0.03601
5550.0 6350.0 -0.14562
5650.0 6350.0 -0.15793
5750.0 6350.0 0.02344
5850.0 6350.0 0.28830
5950.0 6350.0 0.58416
6050.0 6350.0 0.71476
6150.0 6350.0 0.57754
6250.0 6350.0 0.27705
6350.0 6350.0 0.00000
