50.0 50.0 -0.13798
150.0 50.0 0.15478
250.0 50.0 0.28597
350.0 50.0 0.19372
450.0 50.0 -0.09523
550.0 50.0 -0.49161
650.0 50.0 -0.87387
750.0 50.0 -1.12266
850.0 50.0 -1.15948
950.0 50.0 -0.98965
1050.0 50.0 -0.72522
1150.0 50.0 -0.36664
1250.0 50.0 0.09570
1350.0 50.0 0.57244
1450.0 50.0 0.95313
1550.0 50.0 1.16081
1650.0 50.0 1.17939
1750.0 50.0 1.05411
1850.0 50.0 0.86483
1950.0 50.0 0.67308
2050.0 50.0 0.51132
2150.0 50.0 0.41596
2250.0 50.0 0.37774
2350.0 50.0 0.35990
2450.0 50.0 0.31925
2550.0 50.0 0.22149
2650.0 50.0 0.05068
2750.0 50.0 -0.18694
2850.0 50.0 -0.46505
2950.0 50.0 -0.72449
3050.0 50.0 -0.84518
3150.0 50.0 -0.77146
3250.0 50.0 -0.52746
3350.0 50.0 -0.19204
3450.0 50.0 0.12874
3550.0 50.0 0.33188
3650.0 50.0 0.35009
3750.0 50.0 0.18721
3850.0 50.0 -0.04807
3950.0 50.0 -0.20814
4050.0 50.0 -0.23270
4150.0 50.0 -0.13513
4250.0 50.0 0.02658
4350.0 50.0 0.17583
4450.0 50.0 0.24078
4550.0 50.0 0.17488
4650.0 50.0 -0.02513
4750.0 50.0 -0.30442
4850.0 50.0 -0.58040
4950.0 50.0 -0.80648
5050.0 50.0 -0.94748
5150.0 50.0 -0.99043
5250.0 50.0 -0.95218
5350.0 50.0 -0.87680
5450.0 50.0 -0.82272
5550.0 50.0 -0.83958
5650.0 50.0 -0.93491
5750.0 50.0 -1.06637
5850.0 50.0 -1.24964
5950.0 50.0 -1.45526
6050.0 50.0 -1.61332
6150.0 50.0 -1.66266
6250.0 50.0 -1.57978
6350.0 50.0 -1.38736
50.0 150.0 -0.44340
150.0 150.0 -0.15673
250.0 150.0 -0.01813
350.0 150.0 -0.09125
450.0 150.0 -0.35941
550.0 150.0 -0.74456
650.0 150.0 -1.13281
750.0 150.0 -1.40660
850.0 150.0 -1.48340
950.0 150.0 -1.36106
1050.0 150.0 -1.14281
1150.0 150.0 -0.79732
1250.0 150.0 -0.28539
1350.0 150.0 0.30725
1450.0 150.0 0.85211
1550.0 150.0 1.23945
1650.0 150.0 1.41505
1750.0 150.0 1.39219
1850.0 150.0 1.23883
1950.0 150.0 1.04022
2050.0 150.0 0.85898
2150.0 150.0 0.72316
2250.0 150.0 0.62327
2350.0 150.0 0.53110
2450.0 150.0 0.41594
2550.0 150.0 0.25569
2650.0 150.0 0.04298
2750.0 150.0 -0.21390
2850.0 150.0 -0.49500
2950.0 150.0 -0.75503
3050.0 150.0 -0.88063
3150.0 150.0 -0.81356
3250.0 150.0 -0.57220
3350.0 150.0 -0.23050
3450.0 150.0 0.10730
3550.0 150.0 0.33627
3650.0 150.0 0.38448
3750.0 150.0 0.25100
3850.0 150.0 0.04166
3950.0 150.0 -0.11752
4050.0 150.0 -0.18177
4150.0 150.0 -0.15552
4250.0 150.0 -0.07518
4350.0 150.0 0.00685
4450.0 150.0 0.03779
4550.0 150.0 -0.02006
4650.0 150.0 -0.17428
4750.0 150.0 -0.38775
4850.0 150.0 -0.59796
4950.0 150.0 -0.77313
5050.0 150.0 -0.89614
5150.0 150.0 -0.96536
5250.0 150.0 -0.99559
5350.0 150.0 -1.01452
5450.0 150.0 -1.05469
5550.0 150.0 -1.14102
5650.0 150.0 -1.27378
5750.0 150.0 -1.42718
5850.0 150.0 -1.60267
5950.0 150.0 -1.76212
6050.0 150.0 -1.84560
6150.0 150.0 -1.81170
6250.0 150.0 -1.65877
6350.0 150.0 -1.42711
50.0 250.0 -0.75605
150.0 250.0 -0.47511
250.0 250.0 -0.31525
350.0 250.0 -0.33934
450.0 250.0 -0.54589
550.0 250.0 -0.87693
650.0 250.0 -1.23545
750.0 250.0 -1.51258
850.0 250.0 -1.62436
950.0 250.0 -1.55812
1050.0 250.0 -1.40044
1150.0 250.0 -1.09145
1250.0 250.0 -0.56758
1350.0 250.0 0.09184
1450.0 250.0 0.74739
1550.0 250.0 1.26487
1650.0 250.0 1.55881
1750.0 250.0 1.61410
1850.0 250.0 1.48576
1950.0 250.0 1.27663
2050.0 250.0 1.07810
2150.0 250.0 0.91827
2250.0 250.0 0.78949
2350.0 250.0 0.66814
2450.0 250.0 0.52823
2550.0 250.0 0.35075
2650.0 250.0 0.12891
2750.0 250.0 -0.13077
2850.0 250.0 -0.41157
2950.0 250.0 -0.67378
3050.0 250.0 -0.81444
3150.0 250.0 -0.77458
3250.0 250.0 -0.56359
3350.0 250.0 -0.24476
3450.0 250.0 0.08551
3550.0 250.0 0.32486
3650.0 250.0 0.39842
3750.0 250.0 0.29862
3850.0 250.0 0.12265
3950.0 250.0 -0.03157
4050.0 250.0 -0.13632
4150.0 250.0 -0.18483
4250.0 250.0 -0.18830
4350.0 250.0 -0.17177
4450.0 250.0 -0.16717
4550.0 250.0 -0.20358
4650.0 250.0 -0.29466
4750.0 250.0 -0.42338
4850.0 250.0 -0.54526
4950.0 250.0 -0.63936
5050.0 250.0 -0.71014
5150.0 250.0 -0.77410
5250.0 250.0 -0.84999
5350.0 250.0 -0.95201
5450.0 250.0 -1.08583
5550.0 250.0 -1.24754
5650.0 250.0 -1.42547
5750.0 250.0 -1.60750
5850.0 250.0 -1.77675
5950.0 250.0 -1.88523
6050.0 250.0 -1.88512
6150.0 250.0 -1.75838
6250.0 250.0 -1.52891
6350.0 250.0 -1.25725
50.0 350.0 -0.95630
150.0 350.0 -0.68000
250.0 350.0 -0.49018
350.0 350.0 -0.44690
450.0 350.0 -0.56609
550.0 350.0 -0.81449
650.0 350.0 -1.11740
750.0 350.0 -1.37925
850.0 350.0 -1.51700
950.0 350.0 -1.50637
1050.0 350.0 -1.41345
1150.0 350.0 -1.16141
1250.0 350.0 -0.67405
1350.0 350.0 -0.02232
1450.0 350.0 0.65449
1550.0 350.0 1.21321
1650.0 350.0 1.55238
1750.0 350.0 1.63909
1850.0 350.0 1.51700
1950.0 350.0 1.29519
2050.0 350.0 1.08510
2150.0 350.0 0.92383
2250.0 350.0 0.80748
2350.0 350.0 0.71185
2450.0 350.0 0.60626
2550.0 350.0 0.46421
2650.0 350.0 0.27077
2750.0 350.0 0.02677
2850.0 350.0 -0.25018
2950.0 350.0 -0.51571
3050.0 350.0 -0.67849
3150.0 350.0 -0.68069
3250.0 350.0 -0.52107
3350.0 350.0 -0.24859
3450.0 350.0 0.05251
3550.0 350.0 0.28625
3650.0 350.0 0.37685
3750.0 350.0 0.30940
3850.0 350.0 0.16853
3950.0 350.0 0.02331
4050.0 350.0 -0.11346
4150.0 350.0 -0.22358
4250.0 350.0 -0.29432
4350.0 350.0 -0.32566
4450.0 350.0 -0.33138
4550.0 350.0 -0.33418
4650.0 350.0 -0.35466
4750.0 350.0 -0.39427
4850.0 350.0 -0.42021
4950.0 350.0 -0.41591
5050.0 350.0 -0.40709
5150.0 350.0 -0.43228
5250.0 350.0 -0.52002
5350.0 350.0 -0.67680
5450.0 350.0 -0.88548
5550.0 350.0 -1.11445
5650.0 350.0 -1.33728
5750.0 350.0 -1.55010
5850.0 350.0 -1.71850
5950.0 350.0 -1.78612
6050.0 350.0 -1.71675
6150.0 350.0 -1.51387
6250.0 350.0 -1.22439
6350.0 350.0 -0.92655
50.0 450.0 -0.96553
150.0 450.0 -0.69242
250.0 450.0 -0.47204
350.0 450.0 -0.36077
450.0 450.0 -0.39055
550.0 450.0 -0.55178
650.0 450.0 -0.79185
750.0 450.0 -1.02921
850.0 450.0 -1.18310
950.0 450.0 -1.21880
1050.0 450.0 -1.18337
1150.0 450.0 -0.99875
1250.0 450.0 -0.59014
1350.0 450.0 -0.01970
1450.0 450.0 0.58458
1550.0 450.0 1.08772
1650.0 450.0 1.39049
1750.0 450.0 1.45600
1850.0 450.0 1.32018
1950.0 450.0 1.08574
2050.0 450.0 0.87130
2150.0 450.0 0.72936
2250.0 450.0 0.66086
2350.0 450.0 0.63638
2450.0 450.0 0.61287
2550.0 450.0 0.54800
2650.0 450.0 0.41213
2750.0 450.0 0.19790
2850.0 450.0 -0.07266
2950.0 450.0 -0.34181
3050.0 450.0 -0.52829
3150.0 450.0 -0.57661
3250.0 450.0 -0.47546
3350.0 450.0 -0.25914
3450.0 450.0 0.00152
3550.0 450.0 0.21863
3650.0 450.0 0.31725
3750.0 450.0 0.27579
3850.0 450.0 0.16552
3950.0 450.0 0.03195
4050.0 450.0 -0.12218
4150.0 450.0 -0.26900
4250.0 450.0 -0.37752
4350.0 450.0 -0.42960
4450.0 450.0 -0.42696
4550.0 450.0 -0.38940
4650.0 450.0 -0.34415
4750.0 450.0 -0.30607
4850.0 450.0 -0.24579
4950.0 450.0 -0.14439
5050.0 450.0 -0.04484
5150.0 450.0 -0.00743
5250.0 450.0 -0.07412
5350.0 450.0 -0.25028
5450.0 450.0 -0.50369
5550.0 450.0 -0.78084
5650.0 450.0 -1.04050
5750.0 450.0 -1.28108
5850.0 450.0 -1.45597
5950.0 450.0 -1.50397
6050.0 450.0 -1.39763
6150.0 450.0 -1.15538
6250.0 450.0 -0.83933
6350.0 450.0 -0.53867
50.0 550.0 -0.76678
150.0 550.0 -0.49558
250.0 550.0 -0.25260
350.0 550.0 -0.09131
450.0 550.0 -0.05493
550.0 550.0 -0.15087
650.0 550.0 -0.34264
750.0 550.0 -0.55920
850.0 550.0 -0.72189
950.0 550.0 -0.78868
1050.0 550.0 -0.79404
1150.0 550.0 -0.67337
1250.0 550.0 -0.36508
1350.0 550.0 0.07631
1450.0 550.0 0.54147
1550.0 550.0 0.91676
1650.0 550.0 1.12028
1750.0 550.0 1.12366
1850.0 550.0 0.95958
1950.0 550.0 0.71489
2050.0 550.0 0.50241
2150.0 550.0 0.39168
2250.0 550.0 0.38833
2350.0 550.0 0.45527
2450.0 550.0 0.53367
2550.0 550.0 0.56225
2650.0 550.0 0.49462
2750.0 550.0 0.31491
2850.0 550.0 0.05141
2950.0 550.0 -0.22067
3050.0 550.0 -0.42622
3150.0 550.0 -0.51218
3250.0 550.0 -0.45981
3350.0 550.0 -0.29193
3450.0 550.0 -0.06844
3550.0 550.0 0.12997
3650.0 550.0 0.22988
3750.0 550.0 0.20496
3850.0 550.0 0.11590
3950.0 550.0 -0.00573
4050.0 550.0 -0.16111
4150.0 550.0 -0.31598
4250.0 550.0 -0.42935
4350.0 550.0 -0.47434
4450.0 550.0 -0.44819
4550.0 550.0 -0.37145
4650.0 550.0 -0.27645
4750.0 550.0 -0.18464
4850.0 550.0 -0.06257
4950.0 550.0 0.11578
5050.0 550.0 0.29659
5150.0 550.0 0.40233
5250.0 550.0 0.37752
5350.0 550.0 0.21265
5450.0 550.0 -0.05377
5550.0 550.0 -0.35508
5650.0 550.0 -0.63819
5750.0 550.0 -0.89912
5850.0 550.0 -1.08734
5950.0 550.0 -1.14133
6050.0 550.0 -1.03802
6150.0 550.0 -0.80154
6250.0 550.0 -0.49860
6350.0 550.0 -0.22048
50.0 650.0 -0.40431
150.0 650.0 -0.13421
250.0 650.0 0.11779
350.0 650.0 0.29921
450.0 650.0 0.36194
550.0 650.0 0.29141
650.0 650.0 0.11755
750.0 650.0 -0.09271
850.0 650.0 -0.26123
950.0 650.0 -0.34277
1050.0 650.0 -0.36834
1150.0 650.0 -0.29639
1250.0 650.0 -0.08472
1350.0 650.0 0.21731
1450.0 650.0 0.52095
1550.0 650.0 0.73948
1650.0 650.0 0.81624
1750.0 650.0 0.73908
1850.0 650.0 0.54146
1950.0 650.0 0.29030
2050.0 650.0 0.08346
2150.0 650.0 0.00421
2250.0 650.0 0.06169
2350.0 650.0 0.21133
2450.0 650.0 0.38013
2550.0 650.0 0.49034
2650.0 650.0 0.48152
2750.0 650.0 0.33113
2850.0 650.0 0.07343
2950.0 650.0 -0.20022
3050.0 650.0 -0.41582
3150.0 650.0 -0.52183
3250.0 650.0 -0.49586
3350.0 650.0 -0.35482
3450.0 650.0 -0.15277
3550.0 650.0 0.03364
3650.0 650.0 0.13217
3750.0 650.0 0.11422
3850.0 650.0 0.03515
3950.0 650.0 -0.07651
4050.0 650.0 -0.22031
4150.0 650.0 -0.35934
4250.0 650.0 -0.45094
4350.0 650.0 -0.46842
4450.0 650.0 -0.41124
4550.0 650.0 -0.30341
4650.0 650.0 -0.18028
4750.0 650.0 -0.06333
4850.0 650.0 0.08963
4950.0 650.0 0.31321
5050.0 650.0 0.54960
5150.0 650.0 0.71111
5250.0 650.0 0.73190
5350.0 650.0 0.59589
5450.0 650.0 0.34052
5550.0 650.0 0.03668
5650.0 650.0 -0.25543
5750.0 650.0 -0.52742
5850.0 650.0 -0.73342
5950.0 650.0 -0.81565
6050.0 650.0 -0.75096
6150.0 650.0 -0.56010
6250.0 650.0 -0.30425
6350.0 650.0 -0.06856
50.0 750.0 0.03818
150.0 750.0 0.30742
250.0 750.0 0.55680
350.0 750.0 0.73299
450.0 750.0 0.78790
550.0 750.0 0.70782
650.0 750.0 0.52407
750.0 750.0 0.30511
850.0 750.0 0.13026
950.0 750.0 0.04493
1050.0 750.0 0.01428
1150.0 750.0 0.05353
1250.0 750.0 0.18448
1350.0 750.0 0.36080
1450.0 750.0 0.51248
1550.0 750.0 0.57927
1650.0 750.0 0.53086
1750.0 750.0 0.37363
1850.0 750.0 0.14406
1950.0 750.0 -0.11038
2050.0 750.0 -0.31068
2150.0 750.0 -0.36451
2250.0 750.0 -0.26061
2350.0 750.0 -0.04940
2450.0 750.0 0.18562
2550.0 750.0 0.35483
2650.0 750.0 0.38803
2750.0 750.0 0.25832
2850.0 750.0 0.00457
2950.0 750.0 -0.26938
3050.0 750.0 -0.48695
3150.0 750.0 -0.59696
3250.0 750.0 -0.57638
3350.0 750.0 -0.44101
3450.0 750.0 -0.24374
3550.0 750.0 -0.06033
3650.0 750.0 0.03730
3750.0 750.0 0.02019
3850.0 750.0 -0.05696
3950.0 750.0 -0.16112
4050.0 750.0 -0.28697
4150.0 750.0 -0.39761
4250.0 750.0 -0.45394
4350.0 750.0 -0.43492
4450.0 750.0 -0.34605
4550.0 750.0 -0.21599
4650.0 750.0 -0.08148
4750.0 750.0 0.04000
4850.0 750.0 0.20077
4950.0 750.0 0.44325
5050.0 750.0 0.71019
5150.0 750.0 0.90965
5250.0 750.0 0.96921
5350.0 750.0 0.86611
5450.0 750.0 0.63291
5550.0 750.0 0.33897
5650.0 750.0 0.04761
5750.0 750.0 -0.22854
5850.0 750.0 -0.45382
5950.0 750.0 -0.57661
6050.0 750.0 -0.57072
6150.0 750.0 -0.44791
6250.0 750.0 -0.25766
6350.0 750.0 -0.07406
50.0 850.0 0.52772
150.0 850.0 0.79001
250.0 850.0 1.02776
350.0 850.0 1.18648
450.0 850.0 1.21963
550.0 850.0 1.11646
650.0 850.0 0.91156
750.0 850.0 0.67609
850.0 850.0 0.49062
950.0 850.0 0.39974
1050.0 850.0 0.36328
1150.0 850.0 0.37160
1250.0 850.0 0.42848
1350.0 850.0 0.49120
1450.0 850.0 0.50726
1550.0 850.0 0.44042
1650.0 850.0 0.28361
1750.0 850.0 0.05894
1850.0 850.0 -0.19524
1950.0 850.0 -0.44923
2050.0 850.0 -0.64344
2150.0 850.0 -0.68196
2250.0 850.0 -0.55139
2350.0 850.0 -0.30391
2450.0 850.0 -0.02779
2550.0 850.0 0.18111
2650.0 850.0 0.24655
2750.0 850.0 0.13813
2850.0 850.0 -0.10371
2950.0 850.0 -0.36778
3050.0 850.0 -0.57449
3150.0 850.0 -0.67334
3250.0 850.0 -0.64268
3350.0 850.0 -0.49948
3450.0 850.0 -0.29704
3550.0 850.0 -0.11054
3650.0 850.0 -0.01075
3750.0 850.0 -0.02544
3850.0 850.0 -0.09923
3950.0 850.0 -0.19311
4050.0 850.0 -0.29677
4150.0 850.0 -0.37473
4250.0 850.0 -0.39321
4350.0 850.0 -0.33796
4450.0 850.0 -0.22067
4550.0 850.0 -0.07384
4650.0 850.0 0.06577
4750.0 850.0 0.18556
4850.0 850.0 0.34515
4950.0 850.0 0.59087
5050.0 850.0 0.86769
5150.0 850.0 1.08391
5250.0 850.0 1.16530
5350.0 850.0 1.08555
5450.0 850.0 0.87307
5550.0 850.0 0.59400
5650.0 850.0 0.31158
5750.0 850.0 0.03967
5850.0 850.0 -0.19900
5950.0 850.0 -0.36123
6050.0 850.0 -0.41873
6150.0 850.0 -0.37351
6250.0 850.0 -0.26100
6350.0 850.0 -0.14098
50.0 950.0 1.09568
150.0 950.0 1.32761
250.0 950.0 1.52978
350.0 950.0 1.64783
450.0 950.0 1.63844
550.0 950.0 1.49488
650.0 950.0 1.25489
750.0 950.0 0.99101
850.0 950.0 0.78313
950.0 950.0 0.67355
1050.0 950.0 0.61781
1150.0 950.0 0.58964
1250.0 950.0 0.58405
1350.0 950.0 0.56562
1450.0 950.0 0.49686
1550.0 950.0 0.35720
1650.0 950.0 0.15104
1750.0 950.0 -0.09536
1850.0 950.0 -0.34796
1950.0 950.0 -0.58911
2050.0 950.0 -0.77842
2150.0 950.0 -0.83265
2250.0 950.0 -0.73489
2350.0 950.0 -0.52530
2450.0 950.0 -0.27851
2550.0 950.0 -0.08002
2650.0 950.0 -0.00181
2750.0 950.0 -0.07703
2850.0 950.0 -0.27381
2950.0 950.0 -0.48946
3050.0 950.0 -0.64398
3150.0 950.0 -0.69059
3250.0 950.0 -0.61428
3350.0 950.0 -0.43713
3450.0 950.0 -0.21350
3550.0 950.0 -0.01521
3650.0 950.0 0.09333
3750.0 950.0 0.08998
3850.0 950.0 0.03078
3950.0 950.0 -0.04042
4050.0 950.0 -0.11007
4150.0 950.0 -0.14793
4250.0 950.0 -0.12858
4350.0 950.0 -0.04523
4450.0 950.0 0.08643
4550.0 950.0 0.23429
4650.0 950.0 0.36575
4750.0 950.0 0.47378
4850.0 950.0 0.61392
4950.0 950.0 0.82347
5050.0 950.0 1.05329
5150.0 950.0 1.22474
5250.0 950.0 1.27612
5350.0 950.0 1.18831
5450.0 950.0 0.98954
5550.0 950.0 0.73942
5650.0 950.0 0.49208
5750.0 950.0 0.25286
5850.0 950.0 0.02698
5950.0 950.0 -0.15731
6050.0 950.0 -0.27577
6150.0 950.0 -0.32262
6250.0 950.0 -0.31566
6350.0 950.0 -0.29196
50.0 1050.0 1.62539
150.0 1050.0 1.79869
250.0 1050.0 1.94095
350.0 1050.0 2.00092
450.0 1050.0 1.93951
550.0 1050.0 1.75265
650.0 1050.0 1.47776
750.0 1050.0 1.18410
850.0 1050.0 0.94671
950.0 1050.0 0.80421
1050.0 1050.0 0.71253
1150.0 1050.0 0.64242
1250.0 1050.0 0.59256
1350.0 1050.0 0.53951
1450.0 1050.0 0.45660
1550.0 1050.0 0.32738
1650.0 1050.0 0.15166
1750.0 1050.0 -0.05552
1850.0 1050.0 -0.27230
1950.0 1050.0 -0.48499
2050.0 1050.0 -0.66979
2150.0 1050.0 -0.77444
2250.0 1050.0 -0.77652
2350.0 1050.0 -0.68784
2450.0 1050.0 -0.54810
2550.0 1050.0 -0.41346
2650.0 1050.0 -0.34037
2750.0 1050.0 -0.36437
2850.0 1050.0 -0.47410
2950.0 1050.0 -0.59415
3050.0 1050.0 -0.65069
3150.0 1050.0 -0.60613
3250.0 1050.0 -0.45757
3350.0 1050.0 -0.23420
3450.0 1050.0 0.01127
3550.0 1050.0 0.21730
3650.0 1050.0 0.33419
3750.0 1050.0 0.35072
3850.0 1050.0 0.31999
3950.0 1050.0 0.28576
4050.0 1050.0 0.26164
4150.0 1050.0 0.26796
4250.0 1050.0 0.31870
4350.0 1050.0 0.41351
4450.0 1050.0 0.53662
4550.0 1050.0 0.66240
4650.0 1050.0 0.76773
4750.0 1050.0 0.85127
4850.0 1050.0 0.95041
4950.0 1050.0 1.07944
5050.0 1050.0 1.20012
5150.0 1050.0 1.26178
5250.0 1050.0 1.23121
5350.0 1050.0 1.10751
5450.0 1050.0 0.92189
5550.0 1050.0 0.72241
5650.0 1050.0 0.54360
5750.0 1050.0 0.37344
5850.0 1050.0 0.19856
5950.0 1050.0 0.02603
6050.0 1050.0 -0.13261
6150.0 1050.0 -0.26915
6250.0 1050.0 -0.38288
6350.0 1050.0 -0.48111
50.0 1150.0 1.94999
150.0 1150.0 2.04362
250.0 1150.0 2.11388
350.0 1150.0 2.11685
450.0 1150.0 2.01710
550.0 1150.0 1.80867
650.0 1150.0 1.52164
750.0 1150.0 1.21444
850.0 1150.0 0.95171
950.0 1150.0 0.76790
1050.0 1150.0 0.62736
1150.0 1150.0 0.51284
1250.0 1150.0 0.43797
1350.0 1150.0 0.39469
1450.0 1150.0 0.36279
1550.0 1150.0 0.31909
1650.0 1150.0 0.24456
1750.0 1150.0 0.12967
1850.0 1150.0 -0.02228
1950.0 1150.0 -0.19400
2050.0 1150.0 -0.37316
2150.0 1150.0 -0.55047
2250.0 1150.0 -0.69597
2350.0 1150.0 -0.78146
2450.0 1150.0 -0.79696
2550.0 1150.0 -0.75669
2650.0 1150.0 -0.69456
2750.0 1150.0 -0.64908
2850.0 1150.0 -0.63785
2950.0 1150.0 -0.62628
3050.0 1150.0 -0.55613
3150.0 1150.0 -0.40554
3250.0 1150.0 -0.18659
3350.0 1150.0 0.06649
3450.0 1150.0 0.30948
3550.0 1150.0 0.50083
3650.0 1150.0 0.61473
3750.0 1150.0 0.65454
3850.0 1150.0 0.66302
3950.0 1150.0 0.67551
4050.0 1150.0 0.70185
4150.0 1150.0 0.74890
4250.0 1150.0 0.81773
4350.0 1150.0 0.90260
4450.0 1150.0 0.99213
4550.0 1150.0 1.07305
4650.0 1150.0 1.13624
4750.0 1150.0 1.18509
4850.0 1150.0 1.22788
4950.0 1150.0 1.24758
5050.0 1150.0 1.22148
5150.0 1150.0 1.13722
5250.0 1150.0 1.00006
5350.0 1150.0 0.83317
5450.0 1150.0 0.67078
5550.0 1150.0 0.54431
5650.0 1150.0 0.46149
5750.0 1150.0 0.39016
5850.0 1150.0 0.30360
5950.0 1150.0 0.18511
6050.0 1150.0 0.02544
6150.0 1150.0 -0.17263
6250.0 1150.0 -0.39386
6350.0 1150.0 -0.61460
50.0 1250.0 1.95804
150.0 1250.0 1.96494
250.0 1250.0 1.96764
350.0 1250.0 1.93372
450.0 1250.0 1.82930
550.0 1250.0 1.64009
650.0 1250.0 1.38028
750.0 1250.0 1.08921
850.0 1250.0 0.81582
950.0 1250.0 0.59098
1050.0 1250.0 0.39650
1150.0 1250.0 0.23902
1250.0 1250.0 0.15354
1350.0 1250.0 0.14858
1450.0 1250.0 0.20707
1550.0 1250.0 0.29242
1650.0 1250.0 0.35869
1750.0 1250.0 0.36466
1850.0 1250.0 0.29214
1950.0 1250.0 0.16685
2050.0 1250.0 -0.00434
2150.0 1250.0 -0.25666
2250.0 1250.0 -0.55131
2350.0 1250.0 -0.81676
2450.0 1250.0 -0.99007
2550.0 1250.0 -1.04137
2650.0 1250.0 -0.98166
2750.0 1250.0 -0.85376
2850.0 1250.0 -0.70654
2950.0 1250.0 -0.55006
3050.0 1250.0 -0.35116
3150.0 1250.0 -0.10938
3250.0 1250.0 0.14891
3350.0 1250.0 0.39020
3450.0 1250.0 0.58776
3550.0 1250.0 0.72971
3650.0 1250.0 0.82131
3750.0 1250.0 0.88139
3850.0 1250.0 0.93327
3950.0 1250.0 0.99445
4050.0 1250.0 1.06780
4150.0 1250.0 1.14529
4250.0 1250.0 1.21587
4350.0 1250.0 1.27092
4450.0 1250.0 1.30734
4550.0 1250.0 1.32803
4650.0 1250.0 1.34002
4750.0 1250.0 1.34973
4850.0 1250.0 1.33194
4950.0 1250.0 1.23863
5050.0 1250.0 1.06526
5150.0 1250.0 0.84020
5250.0 1250.0 0.60794
5350.0 1250.0 0.41426
5450.0 1250.0 0.29318
5550.0 1250.0 0.25597
5650.0 1250.0 0.28193
5750.0 1250.0 0.32317
5850.0 1250.0 0.34979
5950.0 1250.0 0.32351
6050.0 1250.0 0.20916
6150.0 1250.0 -0.00396
6250.0 1250.0 -0.29395
6350.0 1250.0 -0.61142
50.0 1350.0 1.64742
150.0 1350.0 1.57643
250.0 1350.0 1.53046
350.0 1350.0 1.49143
450.0 1350.0 1.42411
550.0 1350.0 1.29975
650.0 1350.0 1.10943
750.0 1350.0 0.86722
850.0 1350.0 0.60311
950.0 1350.0 0.34578
1050.0 1350.0 0.10157
1150.0 1350.0 -0.09412
1250.0 1350.0 -0.18530
1350.0 1350.0 -0.14820
1450.0 1350.0 0.00201
1550.0 1350.0 0.21495
1650.0 1350.0 0.41829
1750.0 1350.0 0.54049
1850.0 1350.0 0.54326
1950.0 1350.0 0.46117
2050.0 1350.0 0.30071
2150.0 1350.0 -0.00901
2250.0 1350.0 -0.42004
2350.0 1350.0 -0.82347
2450.0 1350.0 -1.11220
2550.0 1350.0 -1.22099
2650.0 1350.0 -1.14412
2750.0 1350.0 -0.93033
2850.0 1350.0 -0.65532
2950.0 1350.0 -0.36700
3050.0 1350.0 -0.06378
3150.0 1350.0 0.23058
3250.0 1350.0 0.47932
3350.0 1350.0 0.65703
3450.0 1350.0 0.76253
3550.0 1350.0 0.82005
3650.0 1350.0 0.86878
3750.0 1350.0 0.94091
3850.0 1350.0 1.03264
3950.0 1350.0 1.13635
4050.0 1350.0 1.24628
4150.0 1350.0 1.34080
4250.0 1350.0 1.39923
4350.0 1350.0 1.41274
4450.0 1350.0 1.38832
4550.0 1350.0 1.34566
4650.0 1350.0 1.30713
4750.0 1350.0 1.28032
4850.0 1350.0 1.20994
4950.0 1350.0 1.02540
5050.0 1350.0 0.74032
5150.0 1350.0 0.41775
5250.0 1350.0 0.13296
5350.0 1350.0 -0.05371
5450.0 1350.0 -0.11366
5550.0 1350.0 -0.05672
5650.0 1350.0 0.07235
5750.0 1350.0 0.21982
5850.0 1350.0 0.36423
5950.0 1350.0 0.45160
6050.0 1350.0 0.42042
6150.0 1350.0 0.24090
6250.0 1350.0 -0.06733
6350.0 1350.0 -0.43890
50.0 1450.0 1.12754
150.0 1450.0 1.00070
250.0 1450.0 0.93324
350.0 1450.0 0.92173
450.0 1450.0 0.92697
550.0 1450.0 0.90206
650.0 1450.0 0.81170
750.0 1450.0 0.64279
850.0 1450.0 0.40632
950.0 1450.0 0.13058
1050.0 1450.0 -0.15110
1150.0 1450.0 -0.37854
1250.0 1450.0 -0.48197
1350.0 1450.0 -0.42590
1450.0 1450.0 -0.22218
1550.0 1450.0 0.07114
1650.0 1450.0 0.36462
1750.0 1450.0 0.56593
1850.0 1450.0 0.62198
1950.0 1450.0 0.57213
2050.0 1450.0 0.42458
2150.0 1450.0 0.08945
2250.0 1450.0 -0.37709
2350.0 1450.0 -0.84213
2450.0 1450.0 -1.17253
2550.0 1450.0 -1.28455
2650.0 1450.0 -1.16644
2750.0 1450.0 -0.87425
2850.0 1450.0 -0.50063
2950.0 1450.0 -0.11611
3050.0 1450.0 0.24839
3150.0 1450.0 0.54585
3250.0 1450.0 0.73492
3350.0 1450.0 0.80479
3450.0 1450.0 0.78415
3550.0 1450.0 0.73414
3650.0 1450.0 0.72535
3750.0 1450.0 0.79887
3850.0 1450.0 0.92019
3950.0 1450.0 1.05406
4050.0 1450.0 1.18664
4150.0 1450.0 1.28622
4250.0 1450.0 1.32602
4350.0 1450.0 1.29873
4450.0 1450.0 1.22059
4550.0 1450.0 1.12514
4650.0 1450.0 1.04656
4750.0 1450.0 0.99215
4850.0 1450.0 0.88688
4950.0 1450.0 0.65147
5050.0 1450.0 0.31484
5150.0 1450.0 -0.03786
5250.0 1450.0 -0.31563
5350.0 1450.0 -0.45541
5450.0 1450.0 -0.43958
5550.0 1450.0 -0.29696
5650.0 1450.0 -0.08743
5750.0 1450.0 0.14153
5850.0 1450.0 0.38585
5950.0 1450.0 0.58363
6050.0 1450.0 0.65149
6150.0 1450.0 0.53943
6250.0 1450.0 0.25789
6350.0 1450.0 -0.12275
50.0 1550.0 0.56981
150.0 1550.0 0.41559
250.0 1550.0 0.35376
350.0 1550.0 0.39338
450.0 1550.0 0.48970
550.0 1550.0 0.57749
650.0 1550.0 0.59667
750.0 1550.0 0.50990
850.0 1550.0 0.31232
950.0 1550.0 0.03343
1050.0 1550.0 -0.26918
1150.0 1550.0 -0.52216
1250.0 1550.0 -0.65374
1350.0 1550.0 -0.62132
1450.0 1550.0 -0.42987
1550.0 1550.0 -0.13433
1650.0 1550.0 0.17386
1750.0 1550.0 0.39622
1850.0 1550.0 0.47258
1950.0 1550.0 0.43963
2050.0 1550.0 0.30599
2150.0 1550.0 -0.01803
2250.0 1550.0 -0.46986
2350.0 1550.0 -0.90919
2450.0 1550.0 -1.19884
2550.0 1550.0 -1.25623
2650.0 1550.0 -1.07565
2750.0 1550.0 -0.72110
2850.0 1550.0 -0.29002
2950.0 1550.0 0.14358
3050.0 1550.0 0.52091
3150.0 1550.0 0.77615
3250.0 1550.0 0.86938
3350.0 1550.0 0.80799
3450.0 1550.0 0.64984
3550.0 1550.0 0.48801
3650.0 1550.0 0.41729
3750.0 1550.0 0.48233
3850.0 1550.0 0.61946
3950.0 1550.0 0.76869
4050.0 1550.0 0.91075
4150.0 1550.0 1.00848
4250.0 1550.0 1.03246
4350.0 1550.0 0.97719
4450.0 1550.0 0.86499
4550.0 1550.0 0.73766
4650.0 1550.0 0.63597
4750.0 1550.0 0.56646
4850.0 1550.0 0.44829
4950.0 1550.0 0.20851
5050.0 1550.0 -0.11336
5150.0 1550.0 -0.42543
5250.0 1550.0 -0.63777
5350.0 1550.0 -0.69684
5450.0 1550.0 -0.60013
5550.0 1550.0 -0.39098
5650.0 1550.0 -0.13357
5750.0 1550.0 0.14144
5850.0 1550.0 0.45099
5950.0 1550.0 0.73250
6050.0 1550.0 0.88874
6150.0 1550.0 0.85315
6250.0 1550.0 0.62412
6350.0 1550.0 0.26821
50.0 1650.0 0.10645
150.0 1650.0 -0.05089
250.0 1650.0 -0.08832
350.0 1650.0 0.01251
450.0 1650.0 0.20081
550.0 1650.0 0.39547
650.0 1650.0 0.51615
750.0 1650.0 0.50668
850.0 1650.0 0.35080
950.0 1650.0 0.08018
1050.0 1650.0 -0.22887
1150.0 1650.0 -0.50326
1250.0 1650.0 -0.68061
1350.0 1650.0 -0.71517
1450.0 1650.0 -0.60102
1550.0 1650.0 -0.37929
1650.0 1650.0 -0.12883
1750.0 1650.0 0.05960
1850.0 1650.0 0.12567
1950.0 1650.0 0.09589
2050.0 1650.0 -0.02399
2150.0 1650.0 -0.30838
2250.0 1650.0 -0.69017
2350.0 1650.0 -1.03551
2450.0 1650.0 -1.22106
2550.0 1650.0 -1.18120
2650.0 1650.0 -0.92539
2750.0 1650.0 -0.52565
2850.0 1650.0 -0.07406
2950.0 1650.0 0.36782
3050.0 1650.0 0.72054
3150.0 1650.0 0.90507
3250.0 1650.0 0.88718
3350.0 1650.0 0.69295
3450.0 1650.0 0.40536
3550.0 1650.0 0.14195
3650.0 1650.0 0.01349
3750.0 1650.0 0.06374
3850.0 1650.0 0.20463
3950.0 1650.0 0.35728
4050.0 1650.0 0.50020
4150.0 1650.0 0.59484
4250.0 1650.0 0.61148
4350.0 1650.0 0.54565
4450.0 1650.0 0.42183
4550.0 1650.0 0.28441
4650.0 1650.0 0.17596
4750.0 1650.0 0.10252
4850.0 1650.0 -0.01029
4950.0 1650.0 -0.21785
5050.0 1650.0 -0.47462
5150.0 1650.0 -0.69453
5250.0 1650.0 -0.80175
5350.0 1650.0 -0.76091
5450.0 1650.0 -0.58650
5550.0 1650.0 -0.33160
5650.0 1650.0 -0.05590
5750.0 1650.0 0.23299
5850.0 1650.0 0.57189
5950.0 1650.0 0.90215
6050.0 1650.0 1.12068
6150.0 1650.0 1.15032
6250.0 1650.0 0.97828
6350.0 1650.0 0.66263
50.0 1750.0 -0.29096
150.0 1750.0 -0.44287
250.0 1750.0 -0.44979
350.0 1750.0 -0.28542
450.0 1750.0 -0.00653
550.0 1750.0 0.29100
650.0 1750.0 0.50856
750.0 1750.0 0.57339
850.0 1750.0 0.45956
950.0 1750.0 0.20121
1050.0 1750.0 -0.10913
1150.0 1750.0 -0.40479
1250.0 1750.0 -0.63771
1350.0 1750.0 -0.76002
1450.0 1750.0 -0.75242
1550.0 1750.0 -0.63713
1650.0 1750.0 -0.47417
1750.0 1750.0 -0.34106
1850.0 1750.0 -0.29588
1950.0 1750.0 -0.32594
2050.0 1750.0 -0.43027
2150.0 1750.0 -0.66246
2250.0 1750.0 -0.95210
2350.0 1750.0 -1.17747
2450.0 1750.0 -1.23593
2550.0 1750.0 -1.08448
2650.0 1750.0 -0.75073
2750.0 1750.0 -0.31404
2850.0 1750.0 0.14292
2950.0 1750.0 0.57696
3050.0 1750.0 0.89172
3150.0 1750.0 0.99780
3250.0 1750.0 0.86819
3350.0 1750.0 0.54709
3450.0 1750.0 0.13990
3550.0 1750.0 -0.21552
3650.0 1750.0 -0.39649
3750.0 1750.0 -0.36191
3850.0 1750.0 -0.22137
3950.0 1750.0 -0.07005
4050.0 1750.0 0.06906
4150.0 1750.0 0.15770
4250.0 1750.0 0.16725
4350.0 1750.0 0.09463
4450.0 1750.0 -0.03438
4550.0 1750.0 -0.17458
4650.0 1750.0 -0.28339
4750.0 1750.0 -0.35564
4850.0 1750.0 -0.45563
4950.0 1750.0 -0.61795
5050.0 1750.0 -0.79350
5150.0 1750.0 -0.90675
5250.0 1750.0 -0.90035
5350.0 1750.0 -0.75927
5450.0 1750.0 -0.51443
5550.0 1750.0 -0.22588
5650.0 1750.0 0.05450
5750.0 1750.0 0.34307
5850.0 1750.0 0.69490
5950.0 1750.0 1.05742
6050.0 1750.0 1.32561
6150.0 1750.0 1.41481
6250.0 1750.0 1.30175
6350.0 1750.0 1.03404
50.0 1850.0 -0.63003
150.0 1850.0 -0.77464
250.0 1850.0 -0.74742
350.0 1850.0 -0.51347
450.0 1850.0 -0.13590
550.0 1850.0 0.27371
650.0 1850.0 0.59712
750.0 1850.0 0.74375
850.0 1850.0 0.67718
950.0 1850.0 0.43411
1050.0 1850.0 0.12385
1150.0 1850.0 -0.20013
1250.0 1850.0 -0.50889
1350.0 1850.0 -0.74965
1450.0 1850.0 -0.88294
1550.0 1850.0 -0.90434
1650.0 1850.0 -0.84870
1750.0 1850.0 -0.77722
1850.0 1850.0 -0.74696
1950.0 1850.0 -0.76475
2050.0 1850.0 -0.83588
2150.0 1850.0 -0.98934
2250.0 1850.0 -1.15594
2350.0 1850.0 -1.23423
2450.0 1850.0 -1.14927
2550.0 1850.0 -0.88387
2650.0 1850.0 -0.48219
2750.0 1850.0 -0.02591
2850.0 1850.0 0.41727
2950.0 1850.0 0.82541
3050.0 1850.0 1.09049
3150.0 1850.0 1.11809
3250.0 1850.0 0.89049
3350.0 1850.0 0.46798
3450.0 1850.0 -0.02740
3550.0 1850.0 -0.44550
3650.0 1850.0 -0.65913
3750.0 1850.0 -0.63268
3850.0 1850.0 -0.49158
3950.0 1850.0 -0.34819
4050.0 1850.0 -0.23149
4150.0 1850.0 -0.17718
4250.0 1850.0 -0.20667
4350.0 1850.0 -0.31455
4450.0 1850.0 -0.46793
4550.0 1850.0 -0.61783
4650.0 1850.0 -0.72256
4750.0 1850.0 -0.78297
4850.0 1850.0 -0.85829
4950.0 1850.0 -0.96536
5050.0 1850.0 -1.05782
5150.0 1850.0 -1.07616
5250.0 1850.0 -0.98285
5350.0 1850.0 -0.77941
5450.0 1850.0 -0.50543
5550.0 1850.0 -0.21949
5650.0 1850.0 0.03792
5750.0 1850.0 0.30075
5850.0 1850.0 0.63943
5950.0 1850.0 1.01449
6050.0 1850.0 1.32779
6150.0 1850.0 1.49195
6250.0 1850.0 1.47136
6350.0 1850.0 1.29490
50.0 1950.0 -0.83469
150.0 1950.0 -0.97027
250.0 1950.0 -0.90975
350.0 1950.0 -0.61031
450.0 1950.0 -0.14058
550.0 1950.0 0.37372
650.0 1950.0 0.79659
750.0 1950.0 1.02110
850.0 1950.0 1.00111
950.0 1950.0 0.77550
1050.0 1950.0 0.46781
1150.0 1950.0 0.11001
1250.0 1950.0 -0.29184
1350.0 1950.0 -0.67606
1450.0 1950.0 -0.97571
1550.0 1950.0 -1.15242
1650.0 1950.0 -1.21110
1750.0 1950.0 -1.19537
1850.0 1950.0 -1.16395
1950.0 1950.0 -1.14862
2050.0 1950.0 -1.16117
2150.0 1950.0 -1.20444
2250.0 1950.0 -1.21865
2350.0 1950.0 -1.13308
2450.0 1950.0 -0.90721
2550.0 1950.0 -0.54952
2650.0 1950.0 -0.11411
2750.0 1950.0 0.32506
2850.0 1950.0 0.72210
2950.0 1950.0 1.07606
3050.0 1950.0 1.27642
3150.0 1950.0 1.23336
3250.0 1950.0 0.94117
3350.0 1950.0 0.47112
3450.0 1950.0 -0.04973
3550.0 1950.0 -0.47388
3650.0 1950.0 -0.68281
3750.0 1950.0 -0.65063
3850.0 1950.0 -0.50727
3950.0 1950.0 -0.38006
4050.0 1950.0 -0.30961
4150.0 1950.0 -0.32546
4250.0 1950.0 -0.43346
4350.0 1950.0 -0.61040
4450.0 1950.0 -0.80899
4550.0 1950.0 -0.97323
4650.0 1950.0 -1.06410
4750.0 1950.0 -1.09527
4850.0 1950.0 -1.12746
4950.0 1950.0 -1.16528
5050.0 1950.0 -1.17553
5150.0 1950.0 -1.12298
5250.0 1950.0 -0.99124
5350.0 1950.0 -0.79130
5450.0 1950.0 -0.55811
5550.0 1950.0 -0.33485
5650.0 1950.0 -0.14517
5750.0 1950.0 0.05034
5850.0 1950.0 0.32877
5950.0 1950.0 0.67333
6050.0 1950.0 1.00785
6150.0 1950.0 1.25264
6250.0 1950.0 1.36010
6350.0 1950.0 1.33025
50.0 2050.0 -0.85807
150.0 2050.0 -0.98468
250.0 2050.0 -0.90098
350.0 2050.0 -0.55921
450.0 2050.0 -0.03100
550.0 2050.0 0.54978
650.0 2050.0 1.03663
750.0 2050.0 1.31275
850.0 2050.0 1.32593
950.0 2050.0 1.11605
1050.0 2050.0 0.81379
1150.0 2050.0 0.42540
1250.0 2050.0 -0.06374
1350.0 2050.0 -0.58015
1450.0 2050.0 -1.02781
1550.0 2050.0 -1.33512
1650.0 2050.0 -1.47993
1750.0 2050.0 -1.49249
1850.0 2050.0 -1.43648
1950.0 2050.0 -1.36831
2050.0 2050.0 -1.30346
2150.0 2050.0 -1.22360
2250.0 2050.0 -1.08707
2350.0 2050.0 -0.85983
2450.0 2050.0 -0.53544
2550.0 2050.0 -0.14087
2650.0 2050.0 0.27182
2750.0 2050.0 0.64800
2850.0 2050.0 0.96704
2950.0 2050.0 1.24184
3050.0 2050.0 1.36890
3150.0 2050.0 1.27332
3250.0 2050.0 0.96282
3350.0 2050.0 0.51247
3450.0 2050.0 0.04056
3550.0 2050.0 -0.32467
3650.0 2050.0 -0.48717
3750.0 2050.0 -0.43432
3850.0 2050.0 -0.28686
3950.0 2050.0 -0.18014
4050.0 2050.0 -0.16899
4150.0 2050.0 -0.27378
4250.0 2050.0 -0.47917
4350.0 2050.0 -0.73865
4450.0 2050.0 -0.98699
4550.0 2050.0 -1.16041
4650.0 2050.0 -1.22466
4750.0 2050.0 -1.21037
4850.0 2050.0 -1.18328
4950.0 2050.0 -1.14189
5050.0 2050.0 -1.07584
5150.0 2050.0 -0.98116
5250.0 2050.0 -0.86255
5350.0 2050.0 -0.73278
5450.0 2050.0 -0.60889
5550.0 2050.0 -0.50546
5650.0 2050.0 -0.42482
5750.0 2050.0 -0.33567
5850.0 2050.0 -0.16788
5950.0 2050.0 0.09074
6050.0 2050.0 0.40105
6150.0 2050.0 0.70432
6250.0 2050.0 0.94621
6350.0 2050.0 1.09309
50.0 2150.0 -0.70566
150.0 2150.0 -0.82541
250.0 2150.0 -0.73593
350.0 2150.0 -0.38934
450.0 2150.0 0.14354
550.0 2150.0 0.72972
650.0 2150.0 1.22333
750.0 2150.0 1.50772
850.0 2150.0 1.53038
950.0 2150.0 1.33060
1050.0 2150.0 1.03612
1150.0 2150.0 0.62934
1250.0 2150.0 0.08327
1350.0 2150.0 -0.51610
1450.0 2150.0 -1.04918
1550.0 2150.0 -1.42072
1650.0 2150.0 -1.59237
1750.0 2150.0 -1.58992
1850.0 2150.0 -1.48513
1950.0 2150.0 -1.35212
2050.0 2150.0 -1.20475
2150.0 2150.0 -1.01433
2250.0 2150.0 -0.76373
2350.0 2150.0 -0.45441
2450.0 2150.0 -0.10583
2550.0 2150.0 0.24964
2650.0 2150.0 0.57604
2750.0 2150.0 0.84780
2850.0 2150.0 1.06796
2950.0 2150.0 1.25061
3050.0 2150.0 1.30602
3150.0 2150.0 1.18192
3250.0 2150.0 0.89904
3350.0 2150.0 0.52903
3450.0 2150.0 0.16956
3550.0 2150.0 -0.08347
3650.0 2150.0 -0.16645
3750.0 2150.0 -0.08161
3850.0 2150.0 0.07135
3950.0 2150.0 0.15918
4050.0 2150.0 0.11459
4150.0 2150.0 -0.07218
4250.0 2150.0 -0.36402
4350.0 2150.0 -0.69185
4450.0 2150.0 -0.97429
4550.0 2150.0 -1.14216
4650.0 2150.0 -1.16780
4750.0 2150.0 -1.09843
4850.0 2150.0 -1.00391
4950.0 2150.0 -0.88120
5050.0 2150.0 -0.74862
5150.0 2150.0 -0.63653
5250.0 2150.0 -0.56934
5350.0 2150.0 -0.55552
5450.0 2150.0 -0.58542
5550.0 2150.0 -0.63696
5650.0 2150.0 -0.68923
5750.0 2150.0 -0.72981
5850.0 2150.0 -0.71031
5950.0 2150.0 -0.58921
6050.0 2150.0 -0.35841
6150.0 2150.0 -0.04343
6250.0 2150.0 0.30364
6350.0 2150.0 0.61854
50.0 2250.0 -0.43877
150.0 2250.0 -0.55506
250.0 2250.0 -0.47874
350.0 2250.0 -0.16675
450.0 2250.0 0.31464
550.0 2250.0 0.84246
650.0 2250.0 1.28279
750.0 2250.0 1.52942
850.0 2250.0 1.53551
950.0 2250.0 1.33822
1050.0 2250.0 1.05259
1150.0 2250.0 0.64443
1250.0 2250.0 0.08587
1350.0 2250.0 -0.52620
1450.0 2250.0 -1.05924
1550.0 2250.0 -1.40946
1650.0 2250.0 -1.53744
1750.0 2250.0 -1.47519
1850.0 2250.0 -1.30440
1950.0 2250.0 -1.10584
2050.0 2250.0 -0.88570
2150.0 2250.0 -0.61793
2250.0 2250.0 -0.31215
2350.0 2250.0 0.00242
2450.0 2250.0 0.29368
2550.0 2250.0 0.53834
2650.0 2250.0 0.72826
2750.0 2250.0 0.87170
2850.0 2250.0 0.98936
2950.0 2250.0 1.08259
3050.0 2250.0 1.07735
3150.0 2250.0 0.94677
3250.0 2250.0 0.72251
3350.0 2250.0 0.46776
3450.0 2250.0 0.25342
3550.0 2250.0 0.13761
3650.0 2250.0 0.14834
3750.0 2250.0 0.26937
3850.0 2250.0 0.42836
3950.0 2250.0 0.50415
4050.0 2250.0 0.42232
4150.0 2250.0 0.18320
4250.0 2250.0 -0.15883
4350.0 2250.0 -0.51853
4450.0 2250.0 -0.80488
4550.0 2250.0 -0.94791
4650.0 2250.0 -0.92749
4750.0 2250.0 -0.80290
4850.0 2250.0 -0.64310
4950.0 2250.0 -0.44525
5050.0 2250.0 -0.25653
5150.0 2250.0 -0.14002
5250.0 2250.0 -0.13745
5350.0 2250.0 -0.25060
5450.0 2250.0 -0.44138
5550.0 2250.0 -0.65054
5650.0 2250.0 -0.83507
5750.0 2250.0 -1.00615
5850.0 2250.0 -1.14833
5950.0 2250.0 -1.19613
6050.0 2250.0 -1.09207
6150.0 2250.0 -0.82112
6250.0 2250.0 -0.42323
6350.0 2250.0 0.01622
50.0 2350.0 -0.15931
150.0 2350.0 -0.27566
250.0 2350.0 -0.22632
350.0 2350.0 0.02363
450.0 2350.0 0.41480
550.0 2350.0 0.84029
650.0 2350.0 1.18563
750.0 2350.0 1.36197
850.0 2350.0 1.33222
950.0 2350.0 1.13049
1050.0 2350.0 0.85317
1150.0 2350.0 0.45945
1250.0 2350.0 -0.06866
1350.0 2350.0 -0.62678
1450.0 2350.0 -1.08148
1550.0 2350.0 -1.33572
1650.0 2350.0 -1.36311
1750.0 2350.0 -1.21054
1850.0 2350.0 -0.96958
1950.0 2350.0 -0.71635
2050.0 2350.0 -0.44470
2150.0 2350.0 -0.14187
2250.0 2350.0 0.15866
2350.0 2350.0 0.41142
2450.0 2350.0 0.58533
2550.0 2350.0 0.67706
2650.0 2350.0 0.71142
2750.0 2350.0 0.72865
2850.0 2350.0 0.75882
2950.0 2350.0 0.78020
3050.0 2350.0 0.73084
3150.0 2350.0 0.60608
3250.0 2350.0 0.44549
3350.0 2350.0 0.30277
3450.0 2350.0 0.22382
3550.0 2350.0 0.23304
3650.0 2350.0 0.32768
3750.0 2350.0 0.48047
3850.0 2350.0 0.64494
3950.0 2350.0 0.71837
4050.0 2350.0 0.62631
4150.0 2350.0 0.37680
4250.0 2350.0 0.03354
4350.0 2350.0 -0.31204
4450.0 2350.0 -0.56812
4550.0 2350.0 -0.66924
4650.0 2350.0 -0.60252
4750.0 2350.0 -0.43215
4850.0 2350.0 -0.21882
4950.0 2350.0 0.04186
5050.0 2350.0 0.27940
5150.0 2350.0 0.40371
5250.0 2350.0 0.35829
5350.0 2350.0 0.14597
5450.0 2350.0 -0.17270
5550.0 2350.0 -0.50856
5650.0 2350.0 -0.80034
5750.0 2350.0 -1.07970
5850.0 2350.0 -1.36780
5950.0 2350.0 -1.58458
6050.0 2350.0 -1.62973
6150.0 2350.0 -1.44787
6250.0 2350.0 -1.05963
6350.0 2350.0 -0.55876
50.0 2450.0 0.02397
150.0 2450.0 -0.09492
250.0 2450.0 -0.07664
350.0 2450.0 0.10495
450.0 2450.0 0.39757
550.0 2450.0 0.71121
650.0 2450.0 0.95212
750.0 2450.0 1.04998
850.0 2450.0 0.97832
950.0 2450.0 0.76817
1050.0 2450.0 0.49708
1150.0 2450.0 0.12732
1250.0 2450.0 -0.34278
1350.0 2450.0 -0.80551
1450.0 2450.0 -1.13608
1550.0 2450.0 -1.25494
1650.0 2450.0 -1.15708
1750.0 2450.0 -0.90815
1850.0 2450.0 -0.60761
1950.0 2450.0 -0.31903
2050.0 2450.0 -0.02210
2150.0 2450.0 0.27786
2250.0 2450.0 0.53057
2350.0 2450.0 0.68610
2450.0 2450.0 0.72401
2550.0 2450.0 0.66464
2650.0 2450.0 0.56246
2750.0 2450.0 0.48163
2850.0 2450.0 0.45363
2950.0 2450.0 0.43028
3050.0 2450.0 0.35369
3150.0 2450.0 0.23310
3250.0 2450.0 0.11295
3350.0 2450.0 0.04090
3450.0 2450.0 0.04714
3550.0 2450.0 0.13489
3650.0 2450.0 0.28218
3750.0 2450.0 0.45487
3850.0 2450.0 0.62335
3950.0 2450.0 0.70391
4050.0 2450.0 0.62865
4150.0 2450.0 0.40986
4250.0 2450.0 0.11158
4350.0 2450.0 -0.17892
4450.0 2450.0 -0.37749
4550.0 2450.0 -0.42742
4650.0 2450.0 -0.32162
4750.0 2450.0 -0.12166
4850.0 2450.0 0.12737
4950.0 2450.0 0.43621
5050.0 2450.0 0.72072
5150.0 2450.0 0.87195
5250.0 2450.0 0.82044
5350.0 2450.0 0.56766
5450.0 2450.0 0.18463
5550.0 2450.0 -0.22248
5650.0 2450.0 -0.57950
5750.0 2450.0 -0.92848
5850.0 2450.0 -1.32192
5950.0 2450.0 -1.67554
6050.0 2450.0 -1.85974
6150.0 2450.0 -1.78659
6250.0 2450.0 -1.45525
6350.0 2450.0 -0.95586
50.0 2550.0 0.04803
150.0 2550.0 -0.07433
250.0 2550.0 -0.08193
350.0 2550.0 0.04438
450.0 2550.0 0.25779
550.0 2550.0 0.48152
650.0 2550.0 0.63810
750.0 2550.0 0.67192
850.0 2550.0 0.56499
950.0 2550.0 0.34602
1050.0 2550.0 0.07845
1150.0 2550.0 -0.26580
1250.0 2550.0 -0.67102
1350.0 2550.0 -1.02974
1450.0 2550.0 -1.23062
1550.0 2550.0 -1.21530
1650.0 2550.0 -1.00146
1750.0 2550.0 -0.67225
1850.0 2550.0 -0.33200
1950.0 2550.0 -0.02883
2050.0 2550.0 0.27051
2150.0 2550.0 0.54409
2250.0 2550.0 0.73345
2350.0 2550.0 0.79279
2450.0 2550.0 0.71589
2550.0 2550.0 0.54330
2650.0 2550.0 0.34991
2750.0 2550.0 0.21281
2850.0 2550.0 0.15946
2950.0 2550.0 0.11875
3050.0 2550.0 0.02729
3150.0 2550.0 -0.10194
3250.0 2550.0 -0.22178
3350.0 2550.0 -0.28444
3450.0 2550.0 -0.26258
3550.0 2550.0 -0.15806
3650.0 2550.0 0.00167
3750.0 2550.0 0.17960
3850.0 2550.0 0.35027
3950.0 2550.0 0.44456
4050.0 2550.0 0.40542
4150.0 2550.0 0.24601
4250.0 2550.0 0.02343
4350.0 2550.0 -0.18694
4450.0 2550.0 -0.31431
4550.0 2550.0 -0.31287
4650.0 2550.0 -0.17937
4750.0 2550.0 0.03292
4850.0 2550.0 0.29988
4950.0 2550.0 0.64446
5050.0 2550.0 0.97920
5150.0 2550.0 1.18410
5250.0 2550.0 1.17748
5350.0 2550.0 0.95192
5450.0 2550.0 0.57531
5550.0 2550.0 0.15697
5650.0 2550.0 -0.22117
5750.0 2550.0 -0.59846
5850.0 2550.0 -1.04759
5950.0 2550.0 -1.48828
6050.0 2550.0 -1.77706
6150.0 2550.0 -1.80543
6250.0 2550.0 -1.55371
6350.0 2550.0 -1.10060
50.0 2650.0 -0.03424
150.0 2650.0 -0.16022
250.0 2650.0 -0.18792
350.0 2650.0 -0.10336
450.0 2650.0 0.05067
550.0 2650.0 0.20712
650.0 2650.0 0.30050
750.0 2650.0 0.28604
850.0 2650.0 0.15198
950.0 2650.0 -0.07464
1050.0 2650.0 -0.34028
1150.0 2650.0 -0.66103
1250.0 2650.0 -1.00526
1350.0 2650.0 -1.26746
1450.0 2650.0 -1.35058
1550.0 2650.0 -1.21680
1650.0 2650.0 -0.90461
1750.0 2650.0 -0.51202
1850.0 2650.0 -0.14615
1950.0 2650.0 0.15992
2050.0 2650.0 0.45067
2150.0 2650.0 0.69068
2250.0 2650.0 0.81850
2350.0 2650.0 0.79587
2450.0 2650.0 0.63040
2550.0 2650.0 0.37840
2650.0 2650.0 0.12794
2750.0 2650.0 -0.03792
2850.0 2650.0 -0.09769
2950.0 2650.0 -0.14098
3050.0 2650.0 -0.24221
3150.0 2650.0 -0.39073
3250.0 2650.0 -0.53751
3350.0 2650.0 -0.63034
3450.0 2650.0 -0.63659
3550.0 2650.0 -0.55344
3650.0 2650.0 -0.40571
3750.0 2650.0 -0.23119
3850.0 2650.0 -0.05924
3950.0 2650.0 0.05136
4050.0 2650.0 0.05582
4150.0 2650.0 -0.03371
4250.0 2650.0 -0.17037
4350.0 2650.0 -0.29374
4450.0 2650.0 -0.34834
4550.0 2650.0 -0.29948
4650.0 2650.0 -0.14639
4750.0 2650.0 0.06832
4850.0 2650.0 0.34336
4950.0 2650.0 0.71754
5050.0 2650.0 1.10592
5150.0 2650.0 1.38165
5250.0 2650.0 1.45086
5350.0 2650.0 1.29255
5450.0 2650.0 0.96355
5550.0 2650.0 0.56832
5650.0 2650.0 0.19389
5750.0 2650.0 -0.18827
5850.0 2650.0 -0.66274
5950.0 2650.0 -1.15698
6050.0 2650.0 -1.52270
6150.0 2650.0 -1.63882
6250.0 2650.0 -1.47002
6350.0 2650.0 -1.08079
50.0 2750.0 -0.05453
150.0 2750.0 -0.19228
250.0 2750.0 -0.25364
350.0 2750.0 -0.22983
450.0 2750.0 -0.15643
550.0 2750.0 -0.08667
650.0 2750.0 -0.07070
750.0 2750.0 -0.14089
850.0 2750.0 -0.30320
950.0 2750.0 -0.53455
1050.0 2750.0 -0.79422
1150.0 2750.0 -1.08814
1250.0 2750.0 -1.37015
1350.0 2750.0 -1.53765
1450.0 2750.0 -1.50800
1550.0 2750.0 -1.26309
1650.0 2750.0 -0.86047
1750.0 2750.0 -0.41109
1850.0 2750.0 -0.02359
1950.0 2750.0 0.28343
2050.0 2750.0 0.56453
2150.0 2750.0 0.77221
2250.0 2750.0 0.84311
2350.0 2750.0 0.74665
2450.0 2750.0 0.50331
2550.0 2750.0 0.18335
2650.0 2750.0 -0.11411
2750.0 2750.0 -0.30167
2850.0 2750.0 -0.36377
2950.0 2750.0 -0.40589
3050.0 2750.0 -0.51073
3150.0 2750.0 -0.66872
3250.0 2750.0 -0.82905
3350.0 2750.0 -0.93633
3450.0 2750.0 -0.95454
3550.0 2750.0 -0.87831
3650.0 2750.0 -0.73144
3750.0 2750.0 -0.55274
3850.0 2750.0 -0.37358
3950.0 2750.0 -0.24182
4050.0 2750.0 -0.19313
4150.0 2750.0 -0.21955
4250.0 2750.0 -0.28575
4350.0 2750.0 -0.34483
4450.0 2750.0 -0.35263
4550.0 2750.0 -0.28035
4650.0 2750.0 -0.12575
4750.0 2750.0 0.07849
4850.0 2750.0 0.34830
4950.0 2750.0 0.73826
5050.0 2750.0 1.17061
5150.0 2750.0 1.51641
5250.0 2750.0 1.67172
5350.0 2750.0 1.60029
5450.0 2750.0 1.34286
5550.0 2750.0 0.99302
5650.0 2750.0 0.63967
5750.0 2750.0 0.26890
5850.0 2750.0 -0.21248
5950.0 2750.0 -0.74243
6050.0 2750.0 -1.17263
6150.0 2750.0 -1.37297
6250.0 2750.0 -1.29298
6350.0 2750.0 -0.98013
50.0 2850.0 0.06645
150.0 2850.0 -0.10138
250.0 2850.0 -0.22405
350.0 2850.0 -0.29689
450.0 2850.0 -0.34154
550.0 2850.0 -0.38978
650.0 2850.0 -0.47104
750.0 2850.0 -0.60384
850.0 2850.0 -0.79090
950.0 2850.0 -1.01803
1050.0 2850.0 -1.26195
1150.0 2850.0 -1.52308
1250.0 2850.0 -1.74509
1350.0 2850.0 -1.83016
1450.0 2850.0 -1.70882
1550.0 2850.0 -1.37868
1650.0 2850.0 -0.91073
1750.0 2850.0 -0.42325
1850.0 2850.0 -0.02346
1950.0 2850.0 0.28174
2050.0 2850.0 0.55314
2150.0 2850.0 0.73453
2250.0 2850.0 0.76252
2350.0 2850.0 0.61344
2450.0 2850.0 0.31768
2550.0 2850.0 -0.04487
2650.0 2850.0 -0.36854
2750.0 2850.0 -0.56446
2850.0 2850.0 -0.62223
2950.0 2850.0 -0.65724
3050.0 2850.0 -0.75408
3150.0 2850.0 -0.90087
3250.0 2850.0 -1.04469
3350.0 2850.0 -1.12951
3450.0 2850.0 -1.12066
3550.0 2850.0 -1.01576
3650.0 2850.0 -0.84213
3750.0 2850.0 -0.64065
3850.0 2850.0 -0.43999
3950.0 2850.0 -0.27571
4050.0 2850.0 -0.18172
4150.0 2850.0 -0.16157
4250.0 2850.0 -0.19414
4350.0 2850.0 -0.24235
4450.0 2850.0 -0.26380
4550.0 2850.0 -0.22348
4650.0 2850.0 -0.10846
4750.0 2850.0 0.05644
4850.0 2850.0 0.28973
4950.0 2850.0 0.65830
5050.0 2850.0 1.10102
5150.0 2850.0 1.49876
5250.0 2850.0 1.74476
5350.0 2850.0 1.78685
5450.0 2850.0 1.64140
5550.0 2850.0 1.37915
5650.0 2850.0 1.08279
5750.0 2850.0 0.75815
5850.0 2850.0 0.31057
5950.0 2850.0 -0.21367
6050.0 2850.0 -0.67642
6150.0 2850.0 -0.94668
6250.0 2850.0 -0.96092
6350.0 2850.0 -0.74476
50.0 2950.0 0.29288
150.0 2950.0 0.07723
250.0 2950.0 -0.12628
350.0 2950.0 -0.31345
450.0 2950.0 -0.48674
550.0 2950.0 -0.65307
650.0 2950.0 -0.82142
750.0 2950.0 -1.00026
850.0 2950.0 -1.19484
950.0 2950.0 -1.40434
1050.0 2950.0 -1.62238
1150.0 2950.0 -1.84859
1250.0 2950.0 -2.02401
1350.0 2950.0 -2.05712
1450.0 2950.0 -1.88775
1550.0 2950.0 -1.52127
1650.0 2950.0 -1.03232
1750.0 2950.0 -0.53795
1850.0 2950.0 -0.14026
1950.0 2950.0 0.15979
2050.0 2950.0 0.42255
2150.0 2950.0 0.58809
2250.0 2950.0 0.59527
2350.0 2950.0 0.42561
2450.0 2950.0 0.11469
2550.0 2950.0 -0.25445
2650.0 2950.0 -0.57580
2750.0 2950.0 -0.76275
2850.0 2950.0 -0.80853
2950.0 2950.0 -0.83072
3050.0 2950.0 -0.91107
3150.0 2950.0 -1.03289
3250.0 2950.0 -1.14004
3350.0 2950.0 -1.17670
3450.0 2950.0 -1.11215
3550.0 2950.0 -0.95070
3650.0 2950.0 -0.72664
3750.0 2950.0 -0.48436
3850.0 2950.0 -0.24704
3950.0 2950.0 -0.03784
4050.0 2950.0 0.10350
4150.0 2950.0 0.15418
4250.0 2950.0 0.11796
4350.0 2950.0 0.02575
4450.0 2950.0 -0.07204
4550.0 2950.0 -0.12147
4650.0 2950.0 -0.08929
4750.0 2950.0 0.00564
4850.0 2950.0 0.16682
4950.0 2950.0 0.46564
5050.0 2950.0 0.86674
5150.0 2950.0 1.27542
5250.0 2950.0 1.59353
5350.0 2950.0 1.75645
5450.0 2950.0 1.75085
5550.0 2950.0 1.61346
5650.0 2950.0 1.41073
5750.0 2950.0 1.16976
5850.0 2950.0 0.80344
5950.0 2950.0 0.33814
6050.0 2950.0 -0.10978
6150.0 2950.0 -0.41922
6250.0 2950.0 -0.51860
6350.0 2950.0 -0.40912
50.0 3050.0 0.53602
150.0 3050.0 0.26254
250.0 3050.0 -0.02299
350.0 3050.0 -0.31107
450.0 3050.0 -0.58384
550.0 3050.0 -0.82702
650.0 3050.0 -1.03658
750.0 3050.0 -1.22025
850.0 3050.0 -1.39368
950.0 3050.0 -1.57149
1050.0 3050.0 -1.75701
1150.0 3050.0 -1.95212
1250.0 3050.0 -2.10389
1350.0 3050.0 -2.12775
1450.0 3050.0 -1.96686
1550.0 3050.0 -1.62425
1650.0 3050.0 -1.16680
1750.0 3050.0 -0.70107
1850.0 3050.0 -0.32097
1950.0 3050.0 -0.02883
2050.0 3050.0 0.22738
2150.0 3050.0 0.38923
2250.0 3050.0 0.39980
2350.0 3050.0 0.24348
2450.0 3050.0 -0.04430
2550.0 3050.0 -0.38401
2650.0 3050.0 -0.67542
2750.0 3050.0 -0.83757
2850.0 3050.0 -0.86535
2950.0 3050.0 -0.87159
3050.0 3050.0 -0.93440
3150.0 3050.0 -1.03198
3250.0 3050.0 -1.10336
3350.0 3050.0 -1.09106
3450.0 3050.0 -0.96712
3550.0 3050.0 -0.74233
3650.0 3050.0 -0.45873
3750.0 3050.0 -0.16540
3850.0 3050.0 0.11895
3950.0 3050.0 0.38203
4050.0 3050.0 0.57331
4150.0 3050.0 0.64536
4250.0 3050.0 0.58219
4350.0 3050.0 0.41063
4450.0 3050.0 0.19541
4550.0 3050.0 0.01781
4650.0 3050.0 -0.06206
4750.0 3050.0 -0.05810
4850.0 3050.0 0.00364
4950.0 3050.0 0.18840
5050.0 3050.0 0.49185
5150.0 3050.0 0.85622
5250.0 3050.0 1.20446
5350.0 3050.0 1.46705
5450.0 3050.0 1.60165
5550.0 3050.0 1.60530
5650.0 3050.0 1.51943
5750.0 3050.0 1.38871
5850.0 3050.0 1.14148
5950.0 3050.0 0.78317
6050.0 3050.0 0.39940
6150.0 3050.0 0.09125
6250.0 3050.0 -0.06848
6350.0 3050.0 -0.05805
50.0 3150.0 0.70255
150.0 3150.0 0.37197
250.0 3150.0 0.02188
350.0 3150.0 -0.32694
450.0 3150.0 -0.63952
550.0 3150.0 -0.88984
650.0 3150.0 -1.07333
750.0 3150.0 -1.20882
850.0 3150.0 -1.32988
950.0 3150.0 -1.46559
1050.0 3150.0 -1.61748
1150.0 3150.0 -1.79002
1250.0 3150.0 -1.94355
1350.0 3150.0 -1.99989
1450.0 3150.0 -1.89939
1550.0 3150.0 -1.63360
1650.0 3150.0 -1.25211
1750.0 3150.0 -0.84397
1850.0 3150.0 -0.49325
1950.0 3150.0 -0.21037
2050.0 3150.0 0.04179
2150.0 3150.0 0.21010
2250.0 3150.0 0.24289
2350.0 3150.0 0.12523
2450.0 3150.0 -0.11183
2550.0 3150.0 -0.39713
2650.0 3150.0 -0.64039
2750.0 3150.0 -0.76826
2850.0 3150.0 -0.77553
2950.0 3150.0 -0.76620
3050.0 3150.0 -0.81814
3150.0 3150.0 -0.90643
3250.0 3150.0 -0.96354
3350.0 3150.0 -0.92648
3450.0 3150.0 -0.76542
3550.0 3150.0 -0.49357
3650.0 3150.0 -0.15852
3750.0 3150.0 0.18519
3850.0 3150.0 0.51900
3950.0 3150.0 0.83873
4050.0 3150.0 1.08224
4150.0 3150.0 1.17619
4250.0 3150.0 1.08383
4350.0 3150.0 0.82785
4450.0 3150.0 0.48819
4550.0 3150.0 0.17506
4650.0 3150.0 -0.02306
4750.0 3150.0 -0.11508
4850.0 3150.0 -0.16351
4950.0 3150.0 -0.11944
5050.0 3150.0 0.04352
5150.0 3150.0 0.31118
5250.0 3150.0 0.63717
5350.0 3150.0 0.95649
5450.0 3150.0 1.20417
5550.0 3150.0 1.33909
5650.0 3150.0 1.37285
5750.0 3150.0 1.35988
5850.0 3150.0 1.24841
5950.0 3150.0 1.02521
6050.0 3150.0 0.74167
6150.0 3150.0 0.47254
6250.0 3150.0 0.28520
6350.0 3150.0 0.21936
50.0 3250.0 0.72743
150.0 3250.0 0.35076
250.0 3250.0 -0.03421
350.0 3250.0 -0.39121
450.0 3250.0 -0.67461
550.0 3250.0 -0.85855
650.0 3250.0 -0.95092
750.0 3250.0 -0.99195
850.0 3250.0 -1.03769
950.0 3250.0 -1.12808
1050.0 3250.0 -1.25099
1150.0 3250.0 -1.41121
1250.0 3250.0 -1.58552
1350.0 3250.0 -1.70069
1450.0 3250.0 -1.69008
1550.0 3250.0 -1.52866
1650.0 3250.0 -1.24440
1750.0 3250.0 -0.90633
1850.0 3250.0 -0.58909
1950.0 3250.0 -0.31497
2050.0 3250.0 -0.06485
2150.0 3250.0 0.11460
2250.0 3250.0 0.17670
2350.0 3250.0 0.10584
2450.0 3250.0 -0.07295
2550.0 3250.0 -0.29832
2650.0 3250.0 -0.49072
2750.0 3250.0 -0.58433
2850.0 3250.0 -0.57285
2950.0 3250.0 -0.55165
3050.0 3250.0 -0.60466
3150.0 3250.0 -0.70738
3250.0 3250.0 -0.78453
3350.0 3250.0 -0.76305
3450.0 3250.0 -0.60486
3550.0 3250.0 -0.31924
3650.0 3250.0 0.04506
3750.0 3250.0 0.42803
3850.0 3250.0 0.80513
3950.0 3250.0 1.17724
4050.0 3250.0 1.47423
4150.0 3250.0 1.59989
4250.0 3250.0 1.49753
4350.0 3250.0 1.18348
4450.0 3250.0 0.74821
4550.0 3250.0 0.32519
4650.0 3250.0 0.02723
4750.0 3250.0 -0.14832
4850.0 3250.0 -0.29766
4950.0 3250.0 -0.39441
5050.0 3250.0 -0.38705
5150.0 3250.0 -0.24766
5250.0 3250.0 0.01164
5350.0 3250.0 0.33818
5450.0 3250.0 0.65427
5550.0 3250.0 0.88863
5650.0 3250.0 1.02381
5750.0 3250.0 1.11478
5850.0 3250.0 1.12921
5950.0 3250.0 1.04002
6050.0 3250.0 0.86736
6150.0 3250.0 0.65925
6250.0 3250.0 0.47355
6350.0 3250.0 0.36123
50.0 3350.0 0.59138
150.0 3350.0 0.18655
250.0 3350.0 -0.20101
350.0 3350.0 -0.51869
450.0 3350.0 -0.71771
550.0 3350.0 -0.78281
650.0 3350.0 -0.74345
750.0 3350.0 -0.66646
850.0 3350.0 -0.63031
950.0 3350.0 -0.68071
1050.0 3350.0 -0.78372
1150.0 3350.0 -0.94012
1250.0 3350.0 -1.14116
1350.0 3350.0 -1.31662
1450.0 3350.0 -1.39211
1550.0 3350.0 -1.32692
1650.0 3350.0 -1.12981
1750.0 3350.0 -0.85298
1850.0 3350.0 -0.56397
1950.0 3350.0 -0.29637
2050.0 3350.0 -0.04743
2150.0 3350.0 0.14056
2250.0 3350.0 0.22445
2350.0 3350.0 0.18798
2450.0 3350.0 0.05166
2550.0 3350.0 -0.13032
2650.0 3350.0 -0.28614
2750.0 3350.0 -0.35536
2850.0 3350.0 -0.33077
2950.0 3350.0 -0.30355
3050.0 3350.0 -0.37097
3150.0 3350.0 -0.51286
3250.0 3350.0 -0.64596
3350.0 3350.0 -0.68344
3450.0 3350.0 -0.57292
3550.0 3350.0 -0.31310
3650.0 3350.0 0.05118
3750.0 3350.0 0.45523
3850.0 3350.0 0.86259
3950.0 3350.0 1.27701
4050.0 3350.0 1.62718
4150.0 3350.0 1.80069
4250.0 3350.0 1.72319
4350.0 3350.0 1.40104
4450.0 3350.0 0.92636
4550.0 3350.0 0.44458
4650.0 3350.0 0.08452
4750.0 3350.0 -0.14829
4850.0 3350.0 -0.37173
4950.0 3350.0 -0.58188
5050.0 3350.0 -0.71133
5150.0 3350.0 -0.69940
5250.0 3350.0 -0.52792
5350.0 3350.0 -0.23359
5450.0 3350.0 0.10322
5550.0 3350.0 0.39313
5650.0 3350.0 0.59591
5750.0 3350.0 0.75965
5850.0 3350.0 0.86596
5950.0 3350.0 0.87974
6050.0 3350.0 0.79863
6150.0 3350.0 0.64975
6250.0 3350.0 0.48138
6350.0 3350.0 0.34947
50.0 3450.0 0.32298
150.0 3450.0 -0.09082
250.0 3450.0 -0.45561
350.0 3450.0 -0.70488
450.0 3450.0 -0.79311
550.0 3450.0 -0.72162
650.0 3450.0 -0.54437
750.0 3450.0 -0.35373
850.0 3450.0 -0.24625
950.0 3450.0 -0.26838
1050.0 3450.0 -0.36206
1150.0 3450.0 -0.51907
1250.0 3450.0 -0.73892
1350.0 3450.0 -0.95256
1450.0 3450.0 -1.08050
1550.0 3450.0 -1.07256
1650.0 3450.0 -0.92636
1750.0 3450.0 -0.68467
1850.0 3450.0 -0.41144
1950.0 3450.0 -0.14715
2050.0 3450.0 0.10012
2150.0 3450.0 0.28804
2250.0 3450.0 0.37480
2350.0 3450.0 0.34477
2450.0 3450.0 0.21800
2550.0 3450.0 0.04716
2650.0 3450.0 -0.09806
2750.0 3450.0 -0.15903
2850.0 3450.0 -0.12891
2950.0 3450.0 -0.10189
3050.0 3450.0 -0.19450
3150.0 3450.0 -0.39409
3250.0 3450.0 -0.61018
3350.0 3450.0 -0.74026
3450.0 3450.0 -0.71373
3550.0 3450.0 -0.51370
3650.0 3450.0 -0.17683
3750.0 3450.0 0.22882
3850.0 3450.0 0.65082
3950.0 3450.0 1.09494
4050.0 3450.0 1.49667
4150.0 3450.0 1.73536
4250.0 3450.0 1.72210
4350.0 3450.0 1.44936
4450.0 3450.0 1.00063
4550.0 3450.0 0.52018
4650.0 3450.0 0.14277
4750.0 3450.0 -0.11573
4850.0 3450.0 -0.37786
4950.0 3450.0 -0.65633
5050.0 3450.0 -0.87774
5150.0 3450.0 -0.96261
5250.0 3450.0 -0.87229
5350.0 3450.0 -0.62887
5450.0 3450.0 -0.30805
5550.0 3450.0 -0.00499
5650.0 3450.0 0.22686
5750.0 3450.0 0.42502
5850.0 3450.0 0.57660
5950.0 3450.0 0.64343
6050.0 3450.0 0.61223
6150.0 3450.0 0.49922
6250.0 3450.0 0.34670
6350.0 3450.0 0.21165
50.0 3550.0 -0.01466
150.0 3550.0 -0.42437
250.0 3550.0 -0.75394
350.0 3550.0 -0.92637
450.0 3550.0 -0.90291
550.0 3550.0 -0.70286
650.0 3550.0 -0.40307
750.0 3550.0 -0.11723
850.0 3550.0 0.04518
950.0 3550.0 0.04016
1050.0 3550.0 -0.05183
1150.0 3550.0 -0.21003
1250.0 3550.0 -0.43579
1350.0 3550.0 -0.66017
1450.0 3550.0 -0.80217
1550.0 3550.0 -0.80908
1650.0 3550.0 -0.67576
1750.0 3550.0 -0.44272
1850.0 3550.0 -0.17322
1950.0 3550.0 0.09039
2050.0 3550.0 0.33491
2150.0 3550.0 0.51385
2250.0 3550.0 0.58490
2350.0 3550.0 0.53461
2450.0 3550.0 0.38657
2550.0 3550.0 0.19728
2650.0 3550.0 0.03941
2750.0 3550.0 -0.02729
2850.0 3550.0 0.00241
2950.0 3550.0 0.02506
3050.0 3550.0 -0.09827
3150.0 3550.0 -0.36405
3250.0 3550.0 -0.67554
3350.0 3550.0 -0.91446
3450.0 3550.0 -0.99056
3550.0 3550.0 -0.86909
3650.0 3550.0 -0.57622
3750.0 3550.0 -0.18228
3850.0 3550.0 0.24286
3950.0 3550.0 0.70716
4050.0 3550.0 1.15865
4150.0 3550.0 1.47436
4250.0 3550.0 1.55323
4350.0 3550.0 1.37116
4450.0 3550.0 0.99567
4550.0 3550.0 0.56023
4650.0 3550.0 0.19827
4750.0 3550.0 -0.06265
4850.0 3550.0 -0.33585
4950.0 3550.0 -0.64369
5050.0 3550.0 -0.91353
5150.0 3550.0 -1.05872
5250.0 3550.0 -1.02970
5350.0 3550.0 -0.83763
5450.0 3550.0 -0.55030
5550.0 3550.0 -0.26058
5650.0 3550.0 -0.02713
5750.0 3550.0 0.17676
5850.0 3550.0 0.33649
5950.0 3550.0 0.41366
6050.0 3550.0 0.39306
6150.0 3550.0 0.28873
6250.0 3550.0 0.14152
6350.0 3550.0 0.00809
50.0 3650.0 -0.39121
150.0 3650.0 -0.78804
250.0 3650.0 -1.07671
350.0 3650.0 -1.17172
450.0 3650.0 -1.04146
550.0 3650.0 -0.72193
650.0 3650.0 -0.31026
750.0 3650.0 0.06179
850.0 3650.0 0.27453
950.0 3650.0 0.28713
1050.0 3650.0 0.19994
1150.0 3650.0 0.04712
1250.0 3650.0 -0.17260
1350.0 3650.0 -0.39153
1450.0 3650.0 -0.52997
1550.0 3650.0 -0.53587
1650.0 3650.0 -0.40382
1750.0 3650.0 -0.17338
1850.0 3650.0 0.09347
1950.0 3650.0 0.35483
2050.0 3650.0 0.59337
2150.0 3650.0 0.75612
2250.0 3650.0 0.79975
2350.0 3650.0 0.71400
2450.0 3650.0 0.52819
2550.0 3650.0 0.30517
2650.0 3650.0 0.12280
2750.0 3650.0 0.04309
2850.0 3650.0 0.06870
2950.0 3650.0 0.08487
3050.0 3650.0 -0.06824
3150.0 3650.0 -0.39607
3250.0 3650.0 -0.79734
3350.0 3650.0 -1.14030
3450.0 3650.0 -1.31701
3550.0 3650.0 -1.27590
3650.0 3650.0 -1.03248
3750.0 3650.0 -0.65814
3850.0 3650.0 -0.23847
3950.0 3650.0 0.23915
4050.0 3650.0 0.73864
4150.0 3650.0 1.13729
4250.0 3650.0 1.32236
4350.0 3650.0 1.25110
4450.0 3650.0 0.97081
4550.0 3650.0 0.59926
4650.0 3650.0 0.26506
4750.0 3650.0 0.00876
4850.0 3650.0 -0.26700
4950.0 3650.0 -0.59088
5050.0 3650.0 -0.89292
5150.0 3650.0 -1.08321
5250.0 3650.0 -1.10498
5350.0 3650.0 -0.96042
5450.0 3650.0 -0.70917
5550.0 3650.0 -0.43966
5650.0 3650.0 -0.21303
5750.0 3650.0 -0.01219
5850.0 3650.0 0.14603
5950.0 3650.0 0.22426
6050.0 3650.0 0.20743
6150.0 3650.0 0.10890
6250.0 3650.0 -0.03182
6350.0 3650.0 -0.15964
50.0 3750.0 -0.84008
150.0 3750.0 -1.19728
250.0 3750.0 -1.43100
350.0 3750.0 -1.45285
450.0 3750.0 -1.23713
550.0 3750.0 -0.82991
650.0 3750.0 -0.33878
750.0 3750.0 0.09669
850.0 3750.0 0.35392
950.0 3750.0 0.39560
1050.0 3750.0 0.33265
1150.0 3750.0 0.21137
1250.0 3750.0 0.03169
1350.0 3750.0 -0.14562
1450.0 3750.0 -0.24956
1550.0 3750.0 -0.23431
1650.0 3750.0 -0.09598
1750.0 3750.0 0.12919
1850.0 3750.0 0.38532
1950.0 3750.0 0.63534
2050.0 3750.0 0.85644
2150.0 3750.0 0.98526
2250.0 3750.0 0.97681
2350.0 3750.0 0.82614
2450.0 3750.0 0.57184
2550.0 3750.0 0.28700
2650.0 3750.0 0.05784
2750.0 3750.0 -0.05014
2850.0 3750.0 -0.03841
2950.0 3750.0 -0.03413
3050.0 3750.0 -0.20772
3150.0 3750.0 -0.57121
3250.0 3750.0 -1.02550
3350.0 3750.0 -1.43575
3450.0 3750.0 -1.68639
3550.0 3750.0 -1.71571
3650.0 3750.0 -1.53010
3750.0 3750.0 -1.19781
3850.0 3750.0 -0.81098
3950.0 3750.0 -0.34408
4050.0 3750.0 0.19020
4150.0 3750.0 0.67574
4250.0 3750.0 0.98985
4350.0 3750.0 1.06684
4450.0 3750.0 0.92448
4550.0 3750.0 0.65336
4650.0 3750.0 0.36913
4750.0 3750.0 0.12775
4850.0 3750.0 -0.13775
4950.0 3750.0 -0.45548
5050.0 3750.0 -0.76079
5150.0 3750.0 -0.96722
5250.0 3750.0 -1.01755
5350.0 3750.0 -0.90927
5450.0 3750.0 -0.69456
5550.0 3750.0 -0.45456
5650.0 3750.0 -0.24823
5750.0 3750.0 -0.06398
5850.0 3750.0 0.08315
5950.0 3750.0 0.16012
6050.0 3750.0 0.15320
6150.0 3750.0 0.07375
6250.0 3750.0 -0.04367
6350.0 3750.0 -0.15047
50.0 3850.0 -1.27371
150.0 3850.0 -1.55811
250.0 3850.0 -1.72516
350.0 3850.0 -1.69245
450.0 3850.0 -1.43732
550.0 3850.0 -1.00440
650.0 3850.0 -0.49537
750.0 3850.0 -0.04102
850.0 3850.0 0.24458
950.0 3850.0 0.32755
1050.0 3850.0 0.31349
1150.0 3850.0 0.25477
1250.0 3850.0 0.15225
1350.0 3850.0 0.05273
1450.0 3850.0 0.01049
1550.0 3850.0 0.06023
1650.0 3850.0 0.20423
1750.0 3850.0 0.41406
1850.0 3850.0 0.64652
1950.0 3850.0 0.87334
2050.0 3850.0 1.06489
2150.0 3850.0 1.14633
2250.0 3850.0 1.07098
2350.0 3850.0 0.83973
2450.0 3850.0 0.50121
2550.0 3850.0 0.13957
2650.0 3850.0 -0.15007
2750.0 3850.0 -0.29854
2850.0 3850.0 -0.31185
2950.0 3850.0 -0.32573
3050.0 3850.0 -0.50367
3150.0 3850.0 -0.86010
3250.0 3850.0 -1.30743
3350.0 3850.0 -1.72316
3450.0 3850.0 -1.99955
3550.0 3850.0 -2.07576
3650.0 3850.0 -1.95246
3750.0 3850.0 -1.68908
3850.0 3850.0 -1.37052
3950.0 3850.0 -0.95108
4050.0 3850.0 -0.41492
4150.0 3850.0 0.13693
4250.0 3850.0 0.57778
4350.0 3850.0 0.81909
4450.0 3850.0 0.84270
4550.0 3850.0 0.70153
4650.0 3850.0 0.48865
4750.0 3850.0 0.27470
4850.0 3850.0 0.03613
4950.0 3850.0 -0.24611
5050.0 3850.0 -0.51598
5150.0 3850.0 -0.69923
5250.0 3850.0 -0.74721
5350.0 3850.0 -0.65872
5450.0 3850.0 -0.47956
5550.0 3850.0 -0.28023
5650.0 3850.0 -0.11133
5750.0 3850.0 0.03885
5850.0 3850.0 0.16155
5950.0 3850.0 0.23195
6050.0 3850.0 0.23942
6150.0 3850.0 0.19212
6250.0 3850.0 0.11577
6350.0 3850.0 0.04677
50.0 3950.0 -1.55539
150.0 3950.0 -1.74180
250.0 3950.0 -1.84094
350.0 3950.0 -1.78561
450.0 3950.0 -1.55229
550.0 3950.0 -1.17097
650.0 3950.0 -0.71939
750.0 3950.0 -0.30176
850.0 3950.0 -0.01196
950.0 3950.0 0.11885
1050.0 3950.0 0.17317
1150.0 3950.0 0.19876
1250.0 3950.0 0.19488
1350.0 3950.0 0.18899
1450.0 3950.0 0.21425
1550.0 3950.0 0.29302
1650.0 3950.0 0.42883
1750.0 3950.0 0.60668
1850.0 3950.0 0.80169
1950.0 3950.0 0.99555
2050.0 3950.0 1.15113
2150.0 3950.0 1.18641
2250.0 3950.0 1.05393
2350.0 3950.0 0.75808
2450.0 3950.0 0.35332
2550.0 3950.0 -0.06997
2650.0 3950.0 -0.41180
2750.0 3950.0 -0.60112
2850.0 3950.0 -0.64665
2950.0 3950.0 -0.68282
3050.0 3950.0 -0.84675
3150.0 3950.0 -1.15024
3250.0 3950.0 -1.52576
3350.0 3950.0 -1.87825
3450.0 3950.0 -2.12362
3550.0 3950.0 -2.21378
3650.0 3950.0 -2.14838
3750.0 3950.0 -1.97305
3850.0 3950.0 -1.75168
3950.0 3950.0 -1.41688
4050.0 3950.0 -0.92596
4150.0 3950.0 -0.35754
4250.0 3950.0 0.16736
4350.0 3950.0 0.54457
4450.0 3950.0 0.72218
4550.0 3950.0 0.71227
4650.0 3950.0 0.57879
4750.0 3950.0 0.40139
4850.0 3950.0 0.20344
4950.0 3950.0 -0.01857
5050.0 3950.0 -0.21975
5150.0 3950.0 -0.34533
5250.0 3950.0 -0.36306
5350.0 3950.0 -0.27829
5450.0 3950.0 -0.13194
5550.0 3950.0 0.01877
5650.0 3950.0 0.13671
5750.0 3950.0 0.23854
5850.0 3950.0 0.32472
5950.0 3950.0 0.38127
6050.0 3950.0 0.40232
6150.0 3950.0 0.39261
6250.0 3950.0 0.36673
6350.0 3950.0 0.34523
50.0 4050.0 -1.58777
150.0 4050.0 -1.66712
250.0 4050.0 -1.70851
350.0 4050.0 -1.66674
450.0 4050.0 -1.51362
550.0 4050.0 -1.25357
650.0 4050.0 -0.92612
750.0 4050.0 -0.59540
850.0 4050.0 -0.32660
950.0 4050.0 -0.14936
1050.0 4050.0 -0.01861
1150.0 4050.0 0.09652
1250.0 4050.0 0.18965
1350.0 4050.0 0.26698
1450.0 4050.0 0.34113
1550.0 4050.0 0.42538
1650.0 4050.0 0.52944
1750.0 4050.0 0.65685
1850.0 4050.0 0.80398
1950.0 4050.0 0.96030
2050.0 4050.0 1.08148
2150.0 4050.0 1.08693
2250.0 4050.0 0.93001
2350.0 4050.0 0.61403
2450.0 4050.0 0.19100
2550.0 4050.0 -0.25169
2650.0 4050.0 -0.61679
2750.0 4050.0 -0.83469
2850.0 4050.0 -0.91320
2950.0 4050.0 -0.97231
3050.0 4050.0 -1.10715
3150.0 4050.0 -1.32263
3250.0 4050.0 -1.57633
3350.0 4050.0 -1.81071
3450.0 4050.0 -1.97663
3550.0 4050.0 -2.04808
3650.0 4050.0 -2.02809
3750.0 4050.0 -1.94594
3850.0 4050.0 -1.83492
3950.0 4050.0 -1.61097
4050.0 4050.0 -1.21289
4150.0 4050.0 -0.69308
4250.0 4050.0 -0.15627
4350.0 4050.0 0.29026
4450.0 4050.0 0.57138
4550.0 4050.0 0.66388
4650.0 4050.0 0.60128
4750.0 4050.0 0.46321
4850.0 4050.0 0.31223
4950.0 4050.0 0.16272
5050.0 4050.0 0.04752
5150.0 4050.0 -0.00168
5250.0 4050.0 0.02703
5350.0 4050.0 0.11868
5450.0 4050.0 0.23605
5550.0 4050.0 0.33599
5650.0 4050.0 0.39734
5750.0 4050.0 0.44437
5850.0 4050.0 0.48697
5950.0 4050.0 0.52256
6050.0 4050.0 0.55106
6150.0 4050.0 0.57462
6250.0 4050.0 0.59692
6350.0 4050.0 0.62215
50.0 4150.0 -1.35953
150.0 4150.0 -1.34136
250.0 4150.0 -1.34282
350.0 4150.0 -1.34287
450.0 4150.0 -1.30622
550.0 4150.0 -1.20662
650.0 4150.0 -1.03953
750.0 4150.0 -0.82402
850.0 4150.0 -0.59406
950.0 4150.0 -0.37900
1050.0 4150.0 -0.17752
1150.0 4150.0 0.01473
1250.0 4150.0 0.18150
1350.0 4150.0 0.30967
1450.0 4150.0 0.39675
1550.0 4150.0 0.45327
1650.0 4150.0 0.50047
1750.0 4150.0 0.56335
1850.0 4150.0 0.65887
1950.0 4150.0 0.77961
2050.0 4150.0 0.87515
2150.0 4150.0 0.87625
2250.0 4150.0 0.73889
2350.0 4150.0 0.45996
2450.0 4150.0 0.07969
2550.0 4150.0 -0.32801
2650.0 4150.0 -0.67714
2750.0 4150.0 -0.90325
2850.0 4150.0 -1.00905
2950.0 4150.0 -1.08814
3050.0 4150.0 -1.18698
3150.0 4150.0 -1.30144
3250.0 4150.0 -1.41420
3350.0 4150.0 -1.50718
3450.0 4150.0 -1.56941
3550.0 4150.0 -1.60054
3650.0 4150.0 -1.60984
3750.0 4150.0 -1.61075
3850.0 4150.0 -1.60367
3950.0 4150.0 -1.49748
4050.0 4150.0 -1.22452
4150.0 4150.0 -0.81179
4250.0 4150.0 -0.33971
4350.0 4150.0 0.09482
4450.0 4150.0 0.40850
4550.0 4150.0 0.55503
4650.0 4150.0 0.54166
4750.0 4150.0 0.43861
4850.0 4150.0 0.33174
4950.0 4150.0 0.25093
5050.0 4150.0 0.21778
5150.0 4150.0 0.24230
5250.0 4150.0 0.31695
5350.0 4150.0 0.41732
5450.0 4150.0 0.50928
5550.0 4150.0 0.56263
5650.0 4150.0 0.57131
5750.0 4150.0 0.56674
5850.0 4150.0 0.56591
5950.0 4150.0 0.57592
6050.0 4150.0 0.60264
6150.0 4150.0 0.64718
6250.0 4150.0 0.70483
6350.0 4150.0 0.76616
50.0 4250.0 -0.95053
150.0 4250.0 -0.86012
250.0 4250.0 -0.84103
350.0 4250.0 -0.89315
450.0 4250.0 -0.97384
550.0 4250.0 -1.02887
650.0 4250.0 -1.01441
750.0 4250.0 -0.91004
850.0 4250.0 -0.72294
950.0 4250.0 -0.48308
1050.0 4250.0 -0.22861
1150.0 4250.0 0.01458
1250.0 4250.0 0.21749
1350.0 4250.0 0.35304
1450.0 4250.0 0.41190
1550.0 4250.0 0.40920
1650.0 4250.0 0.38167
1750.0 4250.0 0.37534
1850.0 4250.0 0.42371
1950.0 4250.0 0.51685
2050.0 4250.0 0.59977
2150.0 4250.0 0.62247
2250.0 4250.0 0.54480
2350.0 4250.0 0.35310
2450.0 4250.0 0.06857
2550.0 4250.0 -0.25636
2650.0 4250.0 -0.55349
2750.0 4250.0 -0.76624
2850.0 4250.0 -0.88905
2950.0 4250.0 -0.98251
3050.0 4250.0 -1.04926
3150.0 4250.0 -1.07685
3250.0 4250.0 -1.06796
3350.0 4250.0 -1.03679
3450.0 4250.0 -1.00435
3550.0 4250.0 -0.99251
3650.0 4250.0 -1.01692
3750.0 4250.0 -1.07867
3850.0 4250.0 -1.15130
3950.0 4250.0 -1.14759
4050.0 4250.0 -1.00499
4150.0 4250.0 -0.73040
4250.0 4250.0 -0.37741
4350.0 4250.0 -0.02279
4450.0 4250.0 0.25645
4550.0 4250.0 0.40556
4650.0 4250.0 0.41388
4750.0 4250.0 0.33582
4850.0 4250.0 0.26179
4950.0 4250.0 0.23067
5050.0 4250.0 0.25536
5150.0 4250.0 0.32991
5250.0 4250.0 0.43306
5350.0 4250.0 0.53436
5450.0 4250.0 0.60296
5550.0 4250.0 0.61892
5650.0 4250.0 0.58723
5750.0 4250.0 0.54307
5850.0 4250.0 0.50627
5950.0 4250.0 0.49031
6050.0 4250.0 0.50607
6150.0 4250.0 0.55545
6250.0 4250.0 0.62931
6350.0 4250.0 0.70973
50.0 4350.0 -0.49531
150.0 4350.0 -0.36584
250.0 4350.0 -0.34128
350.0 4350.0 -0.43465
450.0 4350.0 -0.59807
550.0 4350.0 -0.75891
650.0 4350.0 -0.84798
750.0 4350.0 -0.81971
850.0 4350.0 -0.66454
950.0 4350.0 -0.41326
1050.0 4350.0 -0.13017
1150.0 4350.0 0.13208
1250.0 4350.0 0.33104
1350.0 4350.0 0.43266
1450.0 4350.0 0.42952
1550.0 4350.0 0.34745
1650.0 4350.0 0.23994
1750.0 4350.0 0.17054
1850.0 4350.0 0.18298
1950.0 4350.0 0.26005
2050.0 4350.0 0.34371
2150.0 4350.0 0.40648
2250.0 4350.0 0.41256
2350.0 4350.0 0.33600
2450.0 4350.0 0.17606
2550.0 4350.0 -0.03948
2650.0 4350.0 -0.26271
2750.0 4350.0 -0.44597
2850.0 4350.0 -0.57402
2950.0 4350.0 -0.67532
3050.0 4350.0 -0.72343
3150.0 4350.0 -0.70106
3250.0 4350.0 -0.62212
3350.0 4350.0 -0.51915
3450.0 4350.0 -0.43141
3550.0 4350.0 -0.39359
3650.0 4350.0 -0.42515
3750.0 4350.0 -0.52030
3850.0 4350.0 -0.63805
3950.0 4350.0 -0.70411
4050.0 4350.0 -0.66862
4150.0 4350.0 -0.52650
4250.0 4350.0 -0.30823
4350.0 4350.0 -0.06741
4450.0 4350.0 0.13472
4550.0 4350.0 0.24761
4650.0 4350.0 0.25259
4750.0 4350.0 0.18685
4850.0 4350.0 0.12942
4950.0 4350.0 0.11971
5050.0 4350.0 0.16516
5150.0 4350.0 0.25237
5250.0 4350.0 0.35503
5350.0 4350.0 0.44226
5450.0 4350.0 0.48742
5550.0 4350.0 0.47739
5650.0 4350.0 0.42222
5750.0 4350.0 0.35557
5850.0 4350.0 0.29530
5950.0 4350.0 0.25726
6050.0 4350.0 0.25574
6150.0 4350.0 0.29487
6250.0 4350.0 0.36536
6350.0 4350.0 0.44673
50.0 4450.0 -0.10482
150.0 4450.0 0.03480
250.0 4450.0 0.05743
350.0 4450.0 -0.05445
450.0 4450.0 -0.25085
550.0 4450.0 -0.45241
650.0 4450.0 -0.58088
750.0 4450.0 -0.58192
850.0 4450.0 -0.44026
950.0 4450.0 -0.18720
1050.0 4450.0 0.10274
1150.0 4450.0 0.35768
1250.0 4450.0 0.52280
1350.0 4450.0 0.56324
1450.0 4450.0 0.47985
1550.0 4450.0 0.31249
1650.0 4450.0 0.13046
1750.0 4450.0 0.01006
1850.0 4450.0 -0.00071
1950.0 4450.0 0.07089
2050.0 4450.0 0.16483
2150.0 4450.0 0.27521
2250.0 4450.0 0.37024
2350.0 4450.0 0.41226
2450.0 4450.0 0.37964
2550.0 4450.0 0.27683
2650.0 4450.0 0.13257
2750.0 4450.0 -0.01381
2850.0 4450.0 -0.13785
2950.0 4450.0 -0.24177
3050.0 4450.0 -0.28753
3150.0 4450.0 -0.25735
3250.0 4450.0 -0.16769
3350.0 4450.0 -0.05477
3450.0 4450.0 0.03888
3550.0 4450.0 0.07665
3650.0 4450.0 0.03898
3750.0 4450.0 -0.06662
3850.0 4450.0 -0.19787
3950.0 4450.0 -0.29828
4050.0 4450.0 -0.33312
4150.0 4450.0 -0.29302
4250.0 4450.0 -0.19248
4350.0 4450.0 -0.06456
4450.0 4450.0 0.04821
4550.0 4450.0 0.10689
4650.0 4450.0 0.09292
4750.0 4450.0 0.02872
4850.0 4450.0 -0.02700
4950.0 4450.0 -0.04178
5050.0 4450.0 -0.01073
5150.0 4450.0 0.05320
5250.0 4450.0 0.12682
5350.0 4450.0 0.18429
5450.0 4450.0 0.20444
5550.0 4450.0 0.17794
5650.0 4450.0 0.11442
5750.0 4450.0 0.04087
5850.0 4450.0 -0.03052
5950.0 4450.0 -0.08484
6050.0 4450.0 -0.10599
6150.0 4450.0 -0.08686
6250.0 4450.0 -0.03371
6350.0 4450.0 0.03508
50.0 4550.0 0.23586
150.0 4550.0 0.37366
250.0 4550.0 0.39297
350.0 4550.0 0.27568
450.0 4550.0 0.07204
550.0 4550.0 -0.13775
650.0 4550.0 -0.27433
750.0 4550.0 -0.28223
850.0 4550.0 -0.14547
950.0 4550.0 0.10463
1050.0 4550.0 0.39104
1150.0 4550.0 0.62663
1250.0 4550.0 0.74501
1350.0 4550.0 0.71320
1450.0 4550.0 0.54286
1550.0 4550.0 0.28897
1650.0 4550.0 0.03580
1750.0 4550.0 -0.12993
1850.0 4550.0 -0.15865
1950.0 4550.0 -0.08861
2050.0 4550.0 0.01832
2150.0 4550.0 0.17661
2250.0 4550.0 0.35851
2350.0 4550.0 0.51567
2450.0 4550.0 0.60705
2550.0 4550.0 0.61515
2650.0 4550.0 0.55045
2750.0 4550.0 0.44415
2850.0 4550.0 0.32911
2950.0 4550.0 0.22613
3050.0 4550.0 0.17720
3150.0 4550.0 0.19839
3250.0 4550.0 0.27389
3350.0 4550.0 0.36979
3450.0 4550.0 0.44672
3550.0 4550.0 0.47118
3650.0 4550.0 0.42570
3750.0 4550.0 0.31774
3850.0 4550.0 0.18519
3950.0 4550.0 0.06589
4050.0 4550.0 -0.02003
4150.0 4550.0 -0.06207
4250.0 4550.0 -0.06268
4350.0 4550.0 -0.03723
4450.0 4550.0 -0.01016
4550.0 4550.0 -0.00727
4650.0 4550.0 -0.04417
4750.0 4550.0 -0.11094
4850.0 4550.0 -0.17146
4950.0 4550.0 -0.20368
5050.0 4550.0 -0.20398
5150.0 4550.0 -0.18109
5250.0 4550.0 -0.15096
5350.0 4550.0 -0.13155
5450.0 4550.0 -0.13776
5550.0 4550.0 -0.17633
5650.0 4550.0 -0.24076
5750.0 4550.0 -0.31332
5850.0 4550.0 -0.38895
5950.0 4550.0 -0.45516
6050.0 4550.0 -0.49514
6150.0 4550.0 -0.49882
6250.0 4550.0 -0.46833
6350.0 4550.0 -0.41787
50.0 4650.0 0.55554
150.0 4650.0 0.67694
250.0 4650.0 0.69147
350.0 4650.0 0.58375
450.0 4650.0 0.40009
550.0 4650.0 0.21330
650.0 4650.0 0.09463
750.0 4650.0 0.09301
850.0 4650.0 0.22150
950.0 4650.0 0.45090
1050.0 4650.0 0.71025
1150.0 4650.0 0.90014
1250.0 4650.0 0.94348
1350.0 4650.0 0.81340
1450.0 4650.0 0.53658
1550.0 4650.0 0.18521
1650.0 4650.0 -0.14245
1750.0 4650.0 -0.35275
1850.0 4650.0 -0.39867
1950.0 4650.0 -0.33126
2050.0 4650.0 -0.21466
2150.0 4650.0 -0.01527
2250.0 4650.0 0.24616
2350.0 4650.0 0.51489
2450.0 4650.0 0.73366
2550.0 4650.0 0.86373
2650.0 4650.0 0.89544
2750.0 4650.0 0.84834
2850.0 4650.0 0.76086
2950.0 4650.0 0.67668
3050.0 4650.0 0.64032
3150.0 4650.0 0.66309
3250.0 4650.0 0.72764
3350.0 4650.0 0.80233
3450.0 4650.0 0.85332
3550.0 4650.0 0.85442
3650.0 4650.0 0.79473
3750.0 4650.0 0.68397
3850.0 4650.0 0.55329
3950.0 4650.0 0.42413
4050.0 4650.0 0.30580
4150.0 4650.0 0.20848
4250.0 4650.0 0.13717
4350.0 4650.0 0.08859
4450.0 4650.0 0.05149
4550.0 4650.0 0.01047
4650.0 4650.0 -0.04677
4750.0 4650.0 -0.11887
4850.0 4650.0 -0.19266
4950.0 4650.0 -0.26329
5050.0 4650.0 -0.32607
5150.0 4650.0 -0.37776
5250.0 4650.0 -0.41845
5350.0 4650.0 -0.45199
5450.0 4650.0 -0.48483
5550.0 4650.0 -0.52334
5650.0 4650.0 -0.56964
5750.0 4650.0 -0.62058
5850.0 4650.0 -0.67973
5950.0 4650.0 -0.74055
6050.0 4650.0 -0.78978
6150.0 4650.0 -0.81659
6250.0 4650.0 -0.81788
6350.0 4650.0 -0.79947
50.0 4750.0 0.79492
150.0 4750.0 0.87548
250.0 4750.0 0.88154
350.0 4750.0 0.80542
450.0 4750.0 0.68286
550.0 4750.0 0.56624
650.0 4750.0 0.50415
750.0 4750.0 0.52711
850.0 4750.0 0.63956
950.0 4750.0 0.81809
1050.0 4750.0 1.01156
1150.0 4750.0 1.11691
1250.0 4750.0 1.05136
1350.0 4750.0 0.80072
1450.0 4750.0 0.41060
1550.0 4750.0 -0.03075
1650.0 4750.0 -0.41719
1750.0 4750.0 -0.65718
1850.0 4750.0 -0.71379
1950.0 4750.0 -0.65042
2050.0 4750.0 -0.53250
2150.0 4750.0 -0.31321
2250.0 4750.0 -0.00209
2350.0 4750.0 0.34917
2450.0 4750.0 0.67632
2550.0 4750.0 0.92497
2650.0 4750.0 1.06572
2750.0 4750.0 1.10222
2850.0 4750.0 1.07188
2950.0 4750.0 1.03648
3050.0 4750.0 1.03959
3150.0 4750.0 1.08278
3250.0 4750.0 1.14339
3350.0 4750.0 1.19162
3450.0 4750.0 1.20279
3550.0 4750.0 1.16480
3650.0 4750.0 1.08066
3750.0 4750.0 0.96625
3850.0 4750.0 0.84254
3950.0 4750.0 0.71887
4050.0 4750.0 0.60074
4150.0 4750.0 0.49552
4250.0 4750.0 0.40764
4350.0 4750.0 0.33595
4450.0 4750.0 0.27366
4550.0 4750.0 0.21062
4650.0 4750.0 0.13822
4750.0 4750.0 0.05638
4850.0 4750.0 -0.04307
4950.0 4750.0 -0.18077
5050.0 4750.0 -0.34642
5150.0 4750.0 -0.51324
5250.0 4750.0 -0.65379
5350.0 4750.0 -0.75029
5450.0 4750.0 -0.79959
5550.0 4750.0 -0.81250
5650.0 4750.0 -0.80778
5750.0 4750.0 -0.80259
5850.0 4750.0 -0.81015
5950.0 4750.0 -0.83565
6050.0 4750.0 -0.87654
6150.0 4750.0 -0.92522
6250.0 4750.0 -0.97184
6350.0 4750.0 -1.00709
50.0 4850.0 0.89285
150.0 4850.0 0.90956
250.0 4850.0 0.90184
350.0 4850.0 0.87393
450.0 4850.0 0.84510
550.0 4850.0 0.83618
650.0 4850.0 0.86068
750.0 4850.0 0.92068
850.0 4850.0 1.00736
950.0 4850.0 1.10625
1050.0 4850.0 1.19836
1150.0 4850.0 1.19044
1250.0 4850.0 1.00374
1350.0 4850.0 0.64220
1450.0 4850.0 0.16940
1550.0 4850.0 -0.31785
1650.0 4850.0 -0.71780
1750.0 4850.0 -0.95399
1850.0 4850.0 -1.00741
1950.0 4850.0 -0.94878
2050.0 4850.0 -0.84115
2150.0 4850.0 -0.63562
2250.0 4850.0 -0.32774
2350.0 4850.0 0.04581
2450.0 4850.0 0.42809
2550.0 4850.0 0.76054
2650.0 4850.0 0.99964
2750.0 4850.0 1.13136
2850.0 4850.0 1.18354
2950.0 4850.0 1.22480
3050.0 4850.0 1.29279
3150.0 4850.0 1.37480
3250.0 4850.0 1.43925
3350.0 4850.0 1.45762
3450.0 4850.0 1.41752
3550.0 4850.0 1.32691
3650.0 4850.0 1.20941
3750.0 4850.0 1.09079
3850.0 4850.0 0.97883
3950.0 4850.0 0.87586
4050.0 4850.0 0.79076
4150.0 4850.0 0.72574
4250.0 4850.0 0.67658
4350.0 4850.0 0.63418
4450.0 4850.0 0.58713
4550.0 4850.0 0.52516
4650.0 4850.0 0.44356
4750.0 4850.0 0.34803
4850.0 4850.0 0.21373
4950.0 4850.0 -0.00870
5050.0 4850.0 -0.29828
5150.0 4850.0 -0.59602
5250.0 4850.0 -0.83976
5350.0 4850.0 -0.98740
5450.0 4850.0 -1.02854
5550.0 4850.0 -0.98449
5650.0 4850.0 -0.89670
5750.0 4850.0 -0.80325
5850.0 4850.0 -0.72595
5950.0 4850.0 -0.68684
6050.0 4850.0 -0.70090
6150.0 4850.0 -0.76778
6250.0 4850.0 -0.86992
6350.0 4850.0 -0.97702
50.0 4950.0 0.82506
150.0 4950.0 0.76420
250.0 4950.0 0.73731
350.0 4950.0 0.76234
450.0 4950.0 0.83923
550.0 4950.0 0.95186
650.0 4950.0 1.07292
750.0 4950.0 1.17150
850.0 4950.0 1.22356
950.0 4950.0 1.22524
1050.0 4950.0 1.19616
1150.0 4950.0 1.06757
1250.0 4950.0 0.77665
1350.0 4950.0 0.34781
1450.0 4950.0 -0.14362
1550.0 4950.0 -0.60474
1650.0 4950.0 -0.95347
1750.0 4950.0 -1.14181
1850.0 4950.0 -1.17427
1950.0 4950.0 -1.11997
2050.0 4950.0 -1.03418
2150.0 4950.0 -0.87946
2250.0 4950.0 -0.63707
2350.0 4950.0 -0.31775
2450.0 4950.0 0.04419
2550.0 4950.0 0.40068
2650.0 4950.0 0.70379
2750.0 4950.0 0.92367
2850.0 4950.0 1.07044
2950.0 4950.0 1.20460
3050.0 4950.0 1.35268
3150.0 4950.0 1.48528
3250.0 4950.0 1.55969
3350.0 4950.0 1.54808
3450.0 4950.0 1.45183
3550.0 4950.0 1.30213
3650.0 4950.0 1.14691
3750.0 4950.0 1.02397
3850.0 4950.0 0.92662
3950.0 4950.0 0.85436
4050.0 4950.0 0.82449
4150.0 4950.0 0.83264
4250.0 4950.0 0.86053
4350.0 4950.0 0.88414
4450.0 4950.0 0.88109
4550.0 4950.0 0.83701
4650.0 4950.0 0.75106
4750.0 4950.0 0.63973
4850.0 4950.0 0.46821
4950.0 4950.0 0.16207
5050.0 4950.0 -0.24304
5150.0 4950.0 -0.65343
5250.0 4950.0 -0.97270
5350.0 4950.0 -1.13812
5450.0 4950.0 -1.13784
5550.0 4950.0 -1.00918
5650.0 4950.0 -0.81783
5750.0 4950.0 -0.61738
5850.0 4950.0 -0.43511
5950.0 4950.0 -0.31259
6050.0 4950.0 -0.28641
6150.0 4950.0 -0.36623
6250.0 4950.0 -0.52680
6350.0 4950.0 -0.71394
50.0 5050.0 0.62055
150.0 5050.0 0.48174
250.0 5050.0 0.43190
350.0 5050.0 0.50164
450.0 5050.0 0.67237
550.0 5050.0 0.89308
650.0 5050.0 1.09808
750.0 5050.0 1.22571
850.0 5050.0 1.23799
950.0 5050.0 1.14131
1050.0 5050.0 0.99269
1150.0 5050.0 0.75902
1250.0 5050.0 0.40372
1350.0 5050.0 -0.02972
1450.0 5050.0 -0.46361
1550.0 5050.0 -0.82232
1650.0 5050.0 -1.05678
1750.0 5050.0 -1.15696
1850.0 5050.0 -1.15251
1950.0 5050.0 -1.10120
2050.0 5050.0 -1.04508
2150.0 5050.0 -0.96973
2250.0 5050.0 -0.84441
2350.0 5050.0 -0.64741
2450.0 5050.0 -0.37887
2550.0 5050.0 -0.06340
2650.0 5050.0 0.25739
2750.0 5050.0 0.54247
2850.0 5050.0 0.77918
2950.0 5050.0 1.00600
3050.0 5050.0 1.23472
3150.0 5050.0 1.41951
3250.0 5050.0 1.50646
3350.0 5050.0 1.46798
3450.0 5050.0 1.31862
3550.0 5050.0 1.11226
3650.0 5050.0 0.92074
3750.0 5050.0 0.79388
3850.0 5050.0 0.71122
3950.0 5050.0 0.67143
4050.0 5050.0 0.70166
4150.0 5050.0 0.79086
4250.0 5050.0 0.90552
4350.0 5050.0 1.00503
4450.0 5050.0 1.05429
4550.0 5050.0 1.03354
4650.0 5050.0 0.94552
4750.0 5050.0 0.81872
4850.0 5050.0 0.61495
4950.0 5050.0 0.24386
5050.0 5050.0 -0.24248
5150.0 5050.0 -0.71999
5250.0 5050.0 -1.06586
5350.0 5050.0 -1.20542
5450.0 5050.0 -1.13262
5550.0 5050.0 -0.90400
5650.0 5050.0 -0.60632
5750.0 5050.0 -0.29907
5850.0 5050.0 -0.01087
5950.0 5050.0 0.19775
6050.0 5050.0 0.26841
6150.0 5050.0 0.18077
6250.0 5050.0 -0.03313
6350.0 5050.0 -0.29621
50.0 5150.0 0.35647
150.0 5150.0 0.15284
250.0 5150.0 0.07921
350.0 5150.0 0.17531
450.0 5150.0 0.40833
550.0 5150.0 0.70101
650.0 5150.0 0.95917
750.0 5150.0 1.09858
850.0 5150.0 1.07142
950.0 5150.0 0.89207
1050.0 5150.0 0.64645
1150.0 5150.0 0.34084
1250.0 5150.0 -0.03004
1350.0 5150.0 -0.40834
1450.0 5150.0 -0.72319
1550.0 5150.0 -0.92578
1650.0 5150.0 -1.00681
1750.0 5150.0 -0.99641
1850.0 5150.0 -0.94655
1950.0 5150.0 -0.89644
2050.0 5150.0 -0.87134
2150.0 5150.0 -0.88538
2250.0 5150.0 -0.89983
2350.0 5150.0 -0.86085
2450.0 5150.0 -0.73066
2550.0 5150.0 -0.50365
2650.0 5150.0 -0.20726
2750.0 5150.0 0.11223
2850.0 5150.0 0.41911
2950.0 5150.0 0.72199
3050.0 5150.0 1.01699
3150.0 5150.0 1.24485
3250.0 5150.0 1.34244
3350.0 5150.0 1.28233
3450.0 5150.0 1.08979
3550.0 5150.0 0.83724
3650.0 5150.0 0.61610
3750.0 5150.0 0.48607
3850.0 5150.0 0.41538
3950.0 5150.0 0.40097
4050.0 5150.0 0.47709
4150.0 5150.0 0.62730
4250.0 5150.0 0.80642
4350.0 5150.0 0.96139
4450.0 5150.0 1.04786
4550.0 5150.0 1.04256
4650.0 5150.0 0.95132
4750.0 5150.0 0.81173
4850.0 5150.0 0.58628
4950.0 5150.0 0.18021
5050.0 5150.0 -0.33920
5150.0 5150.0 -0.82707
5250.0 5150.0 -1.14649
5350.0 5150.0 -1.22163
5450.0 5150.0 -1.05832
5550.0 5150.0 -0.73214
5650.0 5150.0 -0.34405
5750.0 5150.0 0.05089
5850.0 5150.0 0.42649
5950.0 5150.0 0.70682
6050.0 5150.0 0.81553
6150.0 5150.0 0.72327
6250.0 5150.0 0.46732
6350.0 5150.0 0.14327
50.0 5250.0 0.13160
150.0 5250.0 -0.11410
250.0 5250.0 -0.20903
350.0 5250.0 -0.10937
450.0 5250.0 0.14434
550.0 5250.0 0.46131
650.0 5250.0 0.73311
750.0 5250.0 0.86468
850.0 5250.0 0.80398
950.0 5250.0 0.56991
1050.0 5250.0 0.26406
1150.0 5250.0 -0.07305
1250.0 5250.0 -0.41736
1350.0 5250.0 -0.70319
1450.0 5250.0 -0.87259
1550.0 5250.0 -0.90602
1650.0 5250.0 -0.83173
1750.0 5250.0 -0.71407
1850.0 5250.0 -0.62072
1950.0 5250.0 -0.57014
2050.0 5250.0 -0.57031
2150.0 5250.0 -0.66140
2250.0 5250.0 -0.80126
2350.0 5250.0 -0.91101
2450.0 5250.0 -0.92060
2550.0 5250.0 -0.79598
2650.0 5250.0 -0.54801
2750.0 5250.0 -0.22296
2850.0 5250.0 0.12519
2950.0 5250.0 0.47602
3050.0 5250.0 0.81225
3150.0 5250.0 1.06598
3250.0 5250.0 1.16834
3350.0 5250.0 1.09232
3450.0 5250.0 0.87038
3550.0 5250.0 0.58700
3650.0 5250.0 0.34620
3750.0 5250.0 0.21389
3850.0 5250.0 0.15044
3950.0 5250.0 0.14748
4050.0 5250.0 0.24026
4150.0 5250.0 0.40921
4250.0 5250.0 0.60470
4350.0 5250.0 0.77006
4450.0 5250.0 0.85947
4550.0 5250.0 0.85056
4650.0 5250.0 0.75184
4750.0 5250.0 0.60368
4850.0 5250.0 0.36947
4950.0 5250.0 -0.03983
5050.0 5250.0 -0.54551
5150.0 5250.0 -0.99381
5250.0 5250.0 -1.24675
5350.0 5250.0 -1.23662
5450.0 5250.0 -0.98414
5550.0 5250.0 -0.58029
5650.0 5250.0 -0.13183
5750.0 5250.0 0.31845
5850.0 5250.0 0.74887
5950.0 5250.0 1.07359
6050.0 5250.0 1.20500
6150.0 5250.0 1.10829
6250.0 5250.0 0.82430
6350.0 5250.0 0.46059
50.0 5350.0 0.01833
150.0 5350.0 -0.24500
250.0 5350.0 -0.35667
350.0 5350.0 -0.27351
450.0 5350.0 -0.03733
550.0 5350.0 0.26005
650.0 5350.0 0.50986
750.0 5350.0 0.61758
850.0 5350.0 0.53223
950.0 5350.0 0.27378
1050.0 5350.0 -0.05399
1150.0 5350.0 -0.38749
1250.0 5350.0 -0.68072
1350.0 5350.0 -0.86636
1450.0 5350.0 -0.90112
1550.0 5350.0 -0.79050
1650.0 5350.0 -0.59109
1750.0 5350.0 -0.39031
1850.0 5350.0 -0.26366
1950.0 5350.0 -0.21150
2050.0 5350.0 -0.22681
2150.0 5350.0 -0.36724
2250.0 5350.0 -0.59086
2350.0 5350.0 -0.80467
2450.0 5350.0 -0.91821
2550.0 5350.0 -0.87757
2650.0 5350.0 -0.67989
2750.0 5350.0 -0.36828
2850.0 5350.0 -0.00726
2950.0 5350.0 0.36170
3050.0 5350.0 0.71224
3150.0 5350.0 0.97267
3250.0 5350.0 1.07224
3350.0 5350.0 0.98483
3450.0 5350.0 0.74659
3550.0 5350.0 0.44750
3650.0 5350.0 0.19693
3750.0 5350.0 0.06308
3850.0 5350.0 0.00178
3950.0 5350.0 -0.00544
4050.0 5350.0 0.07038
4150.0 5350.0 0.20905
4250.0 5350.0 0.36473
4350.0 5350.0 0.48745
4450.0 5350.0 0.53904
4550.0 5350.0 0.50347
4650.0 5350.0 0.39157
4750.0 5350.0 0.23915
4850.0 5350.0 0.00739
4950.0 5350.0 -0.38092
5050.0 5350.0 -0.84056
5150.0 5350.0 -1.21939
5250.0 5350.0 -1.38823
5350.0 5350.0 -1.29293
5450.0 5350.0 -0.96861
5550.0 5350.0 -0.51611
5650.0 5350.0 -0.04066
5750.0 5350.0 0.43063
5850.0 5350.0 0.88064
5950.0 5350.0 1.21930
6050.0 5350.0 1.35492
6150.0 5350.0 1.25131
6250.0 5350.0 0.95161
6350.0 5350.0 0.56881
50.0 5450.0 -0.00576
150.0 5450.0 -0.27247
250.0 5450.0 -0.39754
350.0 5450.0 -0.34106
450.0 5450.0 -0.14249
550.0 5450.0 0.11220
650.0 5450.0 0.32157
750.0 5450.0 0.39782
850.0 5450.0 0.29392
950.0 5450.0 0.02890
1050.0 5450.0 -0.29885
1150.0 5450.0 -0.61127
1250.0 5450.0 -0.84662
1350.0 5450.0 -0.93932
1450.0 5450.0 -0.85995
1550.0 5450.0 -0.63419
1650.0 5450.0 -0.33911
1750.0 5450.0 -0.07689
1850.0 5450.0 0.07402
1950.0 5450.0 0.12805
2050.0 5450.0 0.10488
2150.0 5450.0 -0.06339
2250.0 5450.0 -0.33666
2350.0 5450.0 -0.61536
2450.0 5450.0 -0.79778
2550.0 5450.0 -0.81763
2650.0 5450.0 -0.66214
2750.0 5450.0 -0.37035
2850.0 5450.0 -0.01189
2950.0 5450.0 0.35808
3050.0 5450.0 0.70735
3150.0 5450.0 0.96322
3250.0 5450.0 1.05525
3350.0 5450.0 0.95857
3450.0 5450.0 0.71111
3550.0 5450.0 0.40466
3650.0 5450.0 0.14979
3750.0 5450.0 0.01473
3850.0 5450.0 -0.04737
3950.0 5450.0 -0.06837
4050.0 5450.0 -0.03010
4150.0 5450.0 0.04806
4250.0 5450.0 0.12916
4350.0 5450.0 0.17627
4450.0 5450.0 0.16459
4550.0 5450.0 0.08781
4650.0 5450.0 -0.04102
4750.0 5450.0 -0.19521
4850.0 5450.0 -0.41881
4950.0 5450.0 -0.77533
5050.0 5450.0 -1.17620
5150.0 5450.0 -1.47625
5250.0 5450.0 -1.55952
5350.0 5450.0 -1.38697
5450.0 5450.0 -1.00653
5550.0 5450.0 -0.52510
5650.0 5450.0 -0.04269
5750.0 5450.0 0.42959
5850.0 5450.0 0.87848
5950.0 5450.0 1.21281
6050.0 5450.0 1.34102
6150.0 5450.0 1.22805
6250.0 5450.0 0.91874
6350.0 5450.0 0.52791
50.0 5550.0 -0.05383
150.0 5550.0 -0.31564
250.0 5550.0 -0.45342
350.0 5550.0 -0.43249
450.0 5550.0 -0.28773
550.0 5550.0 -0.09457
650.0 5550.0 0.05828
750.0 5550.0 0.09423
850.0 5550.0 -0.02745
950.0 5550.0 -0.28984
1050.0 5550.0 -0.60508
1150.0 5550.0 -0.88396
1250.0 5550.0 -1.05140
1350.0 5550.0 -1.04663
1450.0 5550.0 -0.85591
1550.0 5550.0 -0.52450
1650.0 5550.0 -0.14704
1750.0 5550.0 0.16377
1850.0 5550.0 0.33010
1950.0 5550.0 0.38094
2050.0 5550.0 0.34926
2150.0 5550.0 0.16325
2250.0 5550.0 -0.13747
2350.0 5550.0 -0.44993
2450.0 5550.0 -0.66704
2550.0 5550.0 -0.71699
2650.0 5550.0 -0.58283
2750.0 5550.0 -0.30221
2850.0 5550.0 0.05263
2950.0 5550.0 0.42055
3050.0 5550.0 0.76708
3150.0 5550.0 1.01945
3250.0 5550.0 1.10759
3350.0 5550.0 1.00718
3450.0 5550.0 0.75659
3550.0 5550.0 0.44786
3650.0 5550.0 0.19156
3750.0 5550.0 0.05566
3850.0 5550.0 -0.00849
3950.0 5550.0 -0.05013
4050.0 5550.0 -0.06578
4150.0 5550.0 -0.07266
4250.0 5550.0 -0.09445
4350.0 5550.0 -0.14955
4450.0 5550.0 -0.24458
4550.0 5550.0 -0.37322
4650.0 5550.0 -0.52042
4750.0 5550.0 -0.67250
4850.0 5550.0 -0.87912
4950.0 5550.0 -1.18449
5050.0 5550.0 -1.49893
5150.0 5550.0 -1.69106
5250.0 5550.0 -1.66538
5350.0 5550.0 -1.40319
5450.0 5550.0 -0.96674
5550.0 5550.0 -0.46677
5650.0 5550.0 0.00667
5750.0 5550.0 0.46307
5850.0 5550.0 0.89504
5950.0 5550.0 1.21234
6050.0 5550.0 1.32527
6150.0 5550.0 1.20023
6250.0 5550.0 0.88240
6350.0 5550.0 0.48574
50.0 5650.0 -0.16467
150.0 5650.0 -0.40332
250.0 5650.0 -0.54987
350.0 5650.0 -0.57859
450.0 5650.0 -0.51541
550.0 5650.0 -0.41637
650.0 5650.0 -0.34735
750.0 5650.0 -0.36515
850.0 5650.0 -0.50001
950.0 5650.0 -0.73931
1050.0 5650.0 -1.01546
1150.0 5650.0 -1.23544
1250.0 5650.0 -1.31688
1350.0 5650.0 -1.21069
1450.0 5650.0 -0.92211
1550.0 5650.0 -0.51372
1650.0 5650.0 -0.09011
1750.0 5650.0 0.23582
1850.0 5650.0 0.39492
1950.0 5650.0 0.42955
2050.0 5650.0 0.38516
2150.0 5650.0 0.19852
2250.0 5650.0 -0.08767
2350.0 5650.0 -0.37254
2450.0 5650.0 -0.55510
2550.0 5650.0 -0.57188
2650.0 5650.0 -0.41409
2750.0 5650.0 -0.12434
2850.0 5650.0 0.22705
2950.0 5650.0 0.58887
3050.0 5650.0 0.93196
3150.0 5650.0 1.18514
3250.0 5650.0 1.27852
3350.0 5650.0 1.18653
3450.0 5650.0 0.94536
3550.0 5650.0 0.64441
3650.0 5650.0 0.39216
3750.0 5650.0 0.25607
3850.0 5650.0 0.18766
3950.0 5650.0 0.11435
4050.0 5650.0 0.01930
4150.0 5650.0 -0.10981
4250.0 5650.0 -0.27606
4350.0 5650.0 -0.47080
4450.0 5650.0 -0.67542
4550.0 5650.0 -0.86745
4650.0 5650.0 -1.03088
4750.0 5650.0 -1.17113
4850.0 5650.0 -1.34174
4950.0 5650.0 -1.55713
5050.0 5650.0 -1.73216
5150.0 5650.0 -1.76342
5250.0 5650.0 -1.59026
5350.0 5650.0 -1.22334
5450.0 5650.0 -0.74052
5550.0 5650.0 -0.25036
5650.0 5650.0 0.17702
5750.0 5650.0 0.57973
5850.0 5650.0 0.96142
5950.0 5650.0 1.23797
6050.0 5650.0 1.32455
6150.0 5650.0 1.18833
6250.0 5650.0 0.87033
6350.0 5650.0 0.47636
50.0 5750.0 -0.30921
150.0 5750.0 -0.50401
250.0 5750.0 -0.64994
350.0 5750.0 -0.73293
450.0 5750.0 -0.76627
550.0 5750.0 -0.77944
650.0 5750.0 -0.80757
750.0 5750.0 -0.88130
850.0 5750.0 -1.01730
950.0 5750.0 -1.20932
1050.0 5750.0 -1.41787
1150.0 5750.0 -1.55578
1250.0 5750.0 -1.54289
1350.0 5750.0 -1.34883
1450.0 5750.0 -0.99876
1550.0 5750.0 -0.56629
1650.0 5750.0 -0.15388
1750.0 5750.0 0.13932
1850.0 5750.0 0.26207
1950.0 5750.0 0.26595
2050.0 5750.0 0.20289
2150.0 5750.0 0.02916
2250.0 5750.0 -0.20606
2350.0 5750.0 -0.40880
2450.0 5750.0 -0.49457
2550.0 5750.0 -0.42098
2650.0 5750.0 -0.19890
2750.0 5750.0 0.11804
2850.0 5750.0 0.46542
2950.0 5750.0 0.81664
3050.0 5750.0 1.15486
3150.0 5750.0 1.41213
3250.0 5750.0 1.51857
3350.0 5750.0 1.44586
3450.0 5750.0 1.22548
3550.0 5750.0 0.94152
3650.0 5750.0 0.69827
3750.0 5750.0 0.56240
3850.0 5750.0 0.48781
3950.0 5750.0 0.37792
4050.0 5750.0 0.19477
4150.0 5750.0 -0.06647
4250.0 5750.0 -0.38480
4350.0 5750.0 -0.72187
4450.0 5750.0 -1.03294
4550.0 5750.0 -1.28031
4650.0 5750.0 -1.44928
4750.0 5750.0 -1.56637
4850.0 5750.0 -1.68392
4950.0 5750.0 -1.78085
5050.0 5750.0 -1.78402
5150.0 5750.0 -1.63031
5250.0 5750.0 -1.30383
5350.0 5750.0 -0.84798
5450.0 5750.0 -0.35233
5550.0 5750.0 0.08572
5650.0 5750.0 0.42449
5750.0 5750.0 0.73301
5850.0 5750.0 1.03155
5950.0 5750.0 1.24882
6050.0 5750.0 1.30752
6150.0 5750.0 1.17322
6250.0 5750.0 0.87567
6350.0 5750.0 0.50267
50.0 5850.0 -0.43447
150.0 5850.0 -0.56979
250.0 5850.0 -0.70213
350.0 5850.0 -0.82931
450.0 5850.0 -0.95063
550.0 5850.0 -1.06715
650.0 5850.0 -1.18150
750.0 5850.0 -1.29712
850.0 5850.0 -1.41706
950.0 5850.0 -1.54228
1050.0 5850.0 -1.66364
1150.0 5850.0 -1.70862
1250.0 5850.0 -1.60966
1350.0 5850.0 -1.35953
1450.0 5850.0 -1.00063
1550.0 5850.0 -0.60843
1650.0 5850.0 -0.26998
1750.0 5850.0 -0.05754
1850.0 5850.0 0.00272
1950.0 5850.0 -0.03488
2050.0 5850.0 -0.12249
2150.0 5850.0 -0.28014
2250.0 5850.0 -0.45018
2350.0 5850.0 -0.54751
2450.0 5850.0 -0.50885
2550.0 5850.0 -0.31902
2650.0 5850.0 -0.01423
2750.0 5850.0 0.33760
2850.0 5850.0 0.67963
2950.0 5850.0 1.01696
3050.0 5850.0 1.34850
3150.0 5850.0 1.61038
3250.0 5850.0 1.73281
3350.0 5850.0 1.68407
3450.0 5850.0 1.48969
3550.0 5850.0 1.22703
3650.0 5850.0 0.99503
3750.0 5850.0 0.85928
3850.0 5850.0 0.77777
3950.0 5850.0 0.63661
4050.0 5850.0 0.38298
4150.0 5850.0 0.02071
4250.0 5850.0 -0.40829
4350.0 5850.0 -0.84228
4450.0 5850.0 -1.21807
4550.0 5850.0 -1.48949
4650.0 5850.0 -1.64603
4750.0 5850.0 -1.73103
4850.0 5850.0 -1.78802
4950.0 5850.0 -1.76354
5050.0 5850.0 -1.60336
5150.0 5850.0 -1.28940
5250.0 5850.0 -0.85038
5350.0 5850.0 -0.35689
5450.0 5850.0 0.09924
5550.0 5850.0 0.44109
5650.0 5850.0 0.65848
5750.0 5850.0 0.84504
5850.0 5850.0 1.04152
5950.0 5850.0 1.19548
6050.0 5850.0 1.23834
6150.0 5850.0 1.13026
6250.0 5850.0 0.88206
6350.0 5850.0 0.55415
50.0 5950.0 -0.49340
150.0 5950.0 -0.56346
250.0 5950.0 -0.66966
350.0 5950.0 -0.81934
450.0 5950.0 -0.99930
550.0 5950.0 -1.18607
650.0 5950.0 -1.35480
750.0 5950.0 -1.48640
850.0 5950.0 -1.57316
950.0 5950.0 -1.62277
1050.0 5950.0 -1.65225
1150.0 5950.0 -1.60911
1250.0 5950.0 -1.44636
1350.0 5950.0 -1.18042
1450.0 5950.0 -0.86549
1550.0 5950.0 -0.56961
1650.0 5950.0 -0.35407
1750.0 5950.0 -0.25582
1850.0 5950.0 -0.27318
1950.0 5950.0 -0.35590
2050.0 5950.0 -0.47211
2150.0 5950.0 -0.62179
2250.0 5950.0 -0.73903
2350.0 5950.0 -0.74605
2450.0 5950.0 -0.59840
2550.0 5950.0 -0.30567
2650.0 5950.0 0.07235
2750.0 5950.0 0.45408
2850.0 5950.0 0.78906
2950.0 5950.0 1.11143
3050.0 5950.0 1.43463
3150.0 5950.0 1.69873
3250.0 5950.0 1.83431
3350.0 5950.0 1.80661
3450.0 5950.0 1.63569
3550.0 5950.0 1.39242
3650.0 5950.0 1.17050
3750.0 5950.0 1.03433
3850.0 5950.0 0.94655
3950.0 5950.0 0.78808
4050.0 5950.0 0.50243
4150.0 5950.0 0.10164
4250.0 5950.0 -0.36031
4350.0 5950.0 -0.81164
4450.0 5950.0 -1.18468
4550.0 5950.0 -1.43521
4650.0 5950.0 -1.55962
4750.0 5950.0 -1.60872
4850.0 5950.0 -1.60948
4950.0 5950.0 -1.48710
5050.0 5950.0 -1.21037
5150.0 5950.0 -0.80205
5250.0 5950.0 -0.32540
5350.0 5950.0 0.13473
5450.0 5950.0 0.49624
5550.0 5950.0 0.70951
5650.0 5950.0 0.79261
5750.0 5950.0 0.85066
5850.0 5950.0 0.94588
5950.0 5950.0 1.04828
6050.0 5950.0 1.09718
6150.0 5950.0 1.04337
6250.0 5950.0 0.87285
6350.0 5950.0 0.61257
50.0 6050.0 -0.46281
150.0 6050.0 -0.47347
250.0 6050.0 -0.54565
350.0 6050.0 -0.69228
450.0 6050.0 -0.89127
550.0 6050.0 -1.10288
650.0 6050.0 -1.28464
750.0 6050.0 -1.40361
850.0 6050.0 -1.44606
950.0 6050.0 -1.42472
1050.0 6050.0 -1.37381
1150.0 6050.0 -1.26100
1250.0 6050.0 -1.06281
1350.0 6050.0 -0.81578
1450.0 6050.0 -0.57958
1550.0 6050.0 -0.40873
1650.0 6050.0 -0.33470
1750.0 6050.0 -0.35832
1850.0 6050.0 -0.45248
1950.0 6050.0 -0.57575
2050.0 6050.0 -0.72140
2150.0 6050.0 -0.87949
2250.0 6050.0 -0.97804
2350.0 6050.0 -0.94217
2450.0 6050.0 -0.73778
2550.0 6050.0 -0.38929
2650.0 6050.0 0.02850
2750.0 6050.0 0.42443
2850.0 6050.0 0.75091
2950.0 6050.0 1.05978
3050.0 6050.0 1.37369
3150.0 6050.0 1.63562
3250.0 6050.0 1.77681
3350.0 6050.0 1.76082
3450.0 6050.0 1.60408
3550.0 6050.0 1.37287
3650.0 6050.0 1.15696
3750.0 6050.0 1.01954
3850.0 6050.0 0.92730
3950.0 6050.0 0.76909
4050.0 6050.0 0.49706
4150.0 6050.0 0.12948
4250.0 6050.0 -0.27889
4350.0 6050.0 -0.66196
4450.0 6050.0 -0.96279
4550.0 6050.0 -1.14962
4650.0 6050.0 -1.22724
4750.0 6050.0 -1.24294
4850.0 6050.0 -1.20193
4950.0 6050.0 -1.02290
5050.0 6050.0 -0.69778
5150.0 6050.0 -0.27862
5250.0 6050.0 0.15317
5350.0 6050.0 0.51408
5450.0 6050.0 0.74212
5550.0 6050.0 0.81702
5650.0 6050.0 0.77671
5750.0 6050.0 0.72275
5850.0 6050.0 0.73653
5950.0 6050.0 0.81044
6050.0 6050.0 0.88940
6150.0 6050.0 0.91192
6250.0 6050.0 0.83712
6350.0 6050.0 0.65774
50.0 6150.0 -0.34928
150.0 6150.0 -0.31643
250.0 6150.0 -0.35430
350.0 6150.0 -0.47703
450.0 6150.0 -0.65833
550.0 6150.0 -0.85215
650.0 6150.0 -1.00990
750.0 6150.0 -1.09459
850.0 6150.0 -1.09162
950.0 6150.0 -1.01635
1050.0 6150.0 -0.90940
1150.0 6150.0 -0.75322
1250.0 6150.0 -0.54452
1350.0 6150.0 -0.33349
1450.0 6150.0 -0.18022
1550.0 6150.0 -0.12488
1650.0 6150.0 -0.17314
1750.0 6150.0 -0.29701
1850.0 6150.0 -0.45088
1950.0 6150.0 -0.60322
2050.0 6150.0 -0.77555
2150.0 6150.0 -0.96139
2250.0 6150.0 -1.08621
2350.0 6150.0 -1.07218
2450.0 6150.0 -0.88359
2550.0 6150.0 -0.54535
2650.0 6150.0 -0.13470
2750.0 6150.0 0.25400
2850.0 6150.0 0.57126
2950.0 6150.0 0.87023
3050.0 6150.0 1.17498
3150.0 6150.0 1.42974
3250.0 6150.0 1.56674
3350.0 6150.0 1.54966
3450.0 6150.0 1.39402
3550.0 6150.0 1.16445
3650.0 6150.0 0.94882
3750.0 6150.0 0.80935
3850.0 6150.0 0.71500
3950.0 6150.0 0.57239
4050.0 6150.0 0.35146
4150.0 6150.0 0.07387
4250.0 6150.0 -0.21491
4350.0 6150.0 -0.46710
4450.0 6150.0 -0.64797
4550.0 6150.0 -0.74511
4650.0 6150.0 -0.77156
4750.0 6150.0 -0.76208
4850.0 6150.0 -0.69925
4950.0 6150.0 -0.50912
5050.0 6150.0 -0.20261
5150.0 6150.0 0.15415
5250.0 6150.0 0.47893
5350.0 6150.0 0.70258
5450.0 6150.0 0.78846
5550.0 6150.0 0.74194
5650.0 6150.0 0.61013
5750.0 6150.0 0.47885
5850.0 6150.0 0.44395
5950.0 6150.0 0.51634
6050.0 6150.0 0.64333
6150.0 6150.0 0.75051
6250.0 6150.0 0.77262
6350.0 6150.0 0.67323
50.0 6250.0 -0.18306
150.0 6250.0 -0.12740
250.0 6250.0 -0.13788
350.0 6250.0 -0.22632
450.0 6250.0 -0.36662
550.0 6250.0 -0.51498
650.0 6250.0 -0.62645
750.0 6250.0 -0.66807
850.0 6250.0 -0.62827
950.0 6250.0 -0.52279
1050.0 6250.0 -0.38913
1150.0 6250.0 -0.21561
1250.0 6250.0 -0.01091
1350.0 6250.0 0.16856
1450.0 6250.0 0.26462
1550.0 6250.0 0.24707
1650.0 6250.0 0.12566
1750.0 6250.0 -0.05557
1850.0 6250.0 -0.24176
1950.0 6250.0 -0.40850
2050.0 6250.0 -0.60214
2150.0 6250.0 -0.83226
2250.0 6250.0 -1.02547
2350.0 6250.0 -1.09546
2450.0 6250.0 -0.99319
2550.0 6250.0 -0.72981
2650.0 6250.0 -0.37220
2750.0 6250.0 -0.01132
2850.0 6250.0 0.29690
2950.0 6250.0 0.59053
3050.0 6250.0 0.88721
3150.0 6250.0 1.13072
3250.0 6250.0 1.25443
3350.0 6250.0 1.22391
3450.0 6250.0 1.05655
3550.0 6250.0 0.81827
3650.0 6250.0 0.59734
3750.0 6250.0 0.45523
3850.0 6250.0 0.36100
3950.0 6250.0 0.24275
4050.0 6250.0 0.09184
4150.0 6250.0 -0.06952
4250.0 6250.0 -0.21107
4350.0 6250.0 -0.30957
4450.0 6250.0 -0.35697
4550.0 6250.0 -0.36178
4650.0 6250.0 -0.34358
4750.0 6250.0 -0.32009
4850.0 6250.0 -0.25479
4950.0 6250.0 -0.08994
5050.0 6250.0 0.15150
5150.0 6250.0 0.40357
5250.0 6250.0 0.59631
5350.0 6250.0 0.68187
5450.0 6250.0 0.64769
5550.0 6250.0 0.51694
5650.0 6250.0 0.33595
5750.0 6250.0 0.16909
5850.0 6250.0 0.12090
5950.0 6250.0 0.21456
6050.0 6250.0 0.39669
6150.0 6250.0 0.58154
6250.0 6250.0 0.68557
6350.0 6250.0 0.65225
50.0 6350.0 0.00000
150.0 6350.0 0.06212
250.0 6350.0 0.07034
350.0 6350.0 0.01687
450.0 6350.0 -0.07498
550.0 6350.0 -0.16852
650.0 6350.0 -0.22778
750.0 6350.0 -0.22804
850.0 6350.0 -0.16268
950.0 6350.0 -0.04637
1050.0 6350.0 0.09190
1150.0 6350.0 0.26591
1250.0 6350.0 0.46322
1350.0 6350.0 0.62655
1450.0 6350.0 0.69964
1550.0 6350.0 0.65630
1650.0 6350.0 0.51129
1750.0 6350.0 0.31309
1850.0 6350.0 0.11850
1950.0 6350.0 -0.05122
2050.0 6350.0 -0.26118
2150.0 6350.0 -0.54472
2250.0 6350.0 -0.83219
2350.0 6350.0 -1.02535
2450.0 6350.0 -1.05433
2550.0 6350.0 -0.90718
2650.0 6350.0 -0.63205
2750.0 6350.0 -0.31194
2850.0 6350.0 -0.01211
2950.0 6350.0 0.27970
3050.0 6350.0 0.56961
3150.0 6350.0 0.79970
3250.0 6350.0 0.90458
3350.0 6350.0 0.85282
3450.0 6350.0 0.66549
3550.0 6350.0 0.41183
3650.0 6350.0 0.18200
3750.0 6350.0 0.03702
3850.0 6350.0 -0.05572
3950.0 6350.0 -0.14771
4050.0 6350.0 -0.22703
4150.0 6350.0 -0.27278
4250.0 6350.0 -0.27139
4350.0 6350.0 -0.22444
4450.0 6350.0 -0.14946
4550.0 6350.0 -0.07382
4650.0 6350.0 -0.02157
4750.0 6350.0 0.00690
4850.0 6350.0 0.06237
4950.0 6350.0 0.18352
5050.0 6350.0 0.34148
5150.0 6350.0 0.47920
5250.0 6350.0 0.54518
5350.0 6350.0 0.51374
5450.0 6350.0 0.39191
5550.0 6350.0 0.21297
5650.0 6350.0 0.01656
5750.0 6350.0 -0.15451
5850.0 6350.0 -0.19133
5950.0 6350.0 -0.06395
6050.0 6350.0 0.17164
6150.0 6350.0 0.42068
6250.0 6350.0 0.58743
6350.0 6350.0 0.60348
