50.0 50.0 1.11777
150.0 50.0 0.94221
250.0 50.0 0.72690
350.0 50.0 0.45962
450.0 50.0 0.15164
550.0 50.0 -0.17074
650.0 50.0 -0.47587
750.0 50.0 -0.73785
850.0 50.0 -0.94881
950.0 50.0 -1.13111
1050.0 50.0 -1.29590
1150.0 50.0 -1.39837
1250.0 50.0 -1.39566
1350.0 50.0 -1.27863
1450.0 50.0 -1.08191
1550.0 50.0 -0.87397
1650.0 50.0 -0.72734
1750.0 50.0 -0.66880
1850.0 50.0 -0.64529
1950.0 50.0 -0.65283
2050.0 50.0 -0.69522
2150.0 50.0 -0.75547
2250.0 50.0 -0.80941
2350.0 50.0 -0.83609
2450.0 50.0 -0.82481
2550.0 50.0 -0.77886
2650.0 50.0 -0.71445
2750.0 50.0 -0.60074
2850.0 50.0 -0.39110
2950.0 50.0 -0.11577
3050.0 50.0 0.15919
3150.0 50.0 0.36972
3250.0 50.0 0.47824
3350.0 50.0 0.48475
3450.0 50.0 0.42463
3550.0 50.0 0.33884
3650.0 50.0 0.19416
3750.0 50.0 -0.01538
3850.0 50.0 -0.24991
3950.0 50.0 -0.45792
4050.0 50.0 -0.60012
4150.0 50.0 -0.66280
4250.0 50.0 -0.66052
4350.0 50.0 -0.62820
4450.0 50.0 -0.59159
4550.0 50.0 -0.55401
4650.0 50.0 -0.52175
4750.0 50.0 -0.50077
4850.0 50.0 -0.49271
4950.0 50.0 -0.49382
5050.0 50.0 -0.49677
5150.0 50.0 -0.49539
5250.0 50.0 -0.48146
5350.0 50.0 -0.39000
5450.0 50.0 -0.20761
5550.0 50.0 0.00861
5650.0 50.0 0.18382
5750.0 50.0 0.26195
5850.0 50.0 0.22527
5950.0 50.0 0.09685
6050.0 50.0 -0.07395
6150.0 50.0 -0.25558
6250.0 50.0 -0.43045
6350.0 50.0 -0.54610
50.0 150.0 0.78935
150.0 150.0 0.55833
250.0 150.0 0.34706
350.0 150.0 0.16500
450.0 150.0 0.01001
550.0 150.0 -0.12999
650.0 150.0 -0.27292
750.0 150.0 -0.43621
850.0 150.0 -0.62806
950.0 150.0 -0.83768
1050.0 150.0 -1.05100
1150.0 150.0 -1.22787
1250.0 150.0 -1.30445
1350.0 150.0 -1.24429
1450.0 150.0 -1.06413
1550.0 150.0 -0.83118
1650.0 150.0 -0.63187
1750.0 150.0 -0.51220
1850.0 150.0 -0.43336
1950.0 150.0 -0.41624
2050.0 150.0 -0.47143
2150.0 150.0 -0.56838
2250.0 150.0 -0.66014
2350.0 150.0 -0.70312
2450.0 150.0 -0.67188
2550.0 150.0 -0.56878
2650.0 150.0 -0.42702
2750.0 150.0 -0.24104
2850.0 150.0 0.01259
2950.0 150.0 0.28333
3050.0 150.0 0.50014
3150.0 150.0 0.61424
3250.0 150.0 0.61945
3350.0 150.0 0.55013
3450.0 150.0 0.45671
3550.0 150.0 0.35216
3650.0 150.0 0.17778
3750.0 150.0 -0.06395
3850.0 150.0 -0.31455
3950.0 150.0 -0.50872
4050.0 150.0 -0.60577
4150.0 150.0 -0.60333
4250.0 150.0 -0.53327
4350.0 150.0 -0.43960
4450.0 150.0 -0.33341
4550.0 150.0 -0.21551
4650.0 150.0 -0.11833
4750.0 150.0 -0.07553
4850.0 150.0 -0.09989
4950.0 150.0 -0.17617
5050.0 150.0 -0.26904
5150.0 150.0 -0.34609
5250.0 150.0 -0.39972
5350.0 150.0 -0.36602
5450.0 150.0 -0.22166
5550.0 150.0 -0.02056
5650.0 150.0 0.15737
5750.0 150.0 0.24415
5850.0 150.0 0.20727
5950.0 150.0 0.05893
6050.0 150.0 -0.14921
6150.0 150.0 -0.38095
6250.0 150.0 -0.62515
6350.0 150.0 -0.80747
50.0 250.0 0.39695
150.0 250.0 0.14140
250.0 250.0 -0.03689
350.0 250.0 -0.11061
450.0 250.0 -0.09803
550.0 250.0 -0.04923
650.0 250.0 -0.02801
750.0 250.0 -0.08953
850.0 250.0 -0.25356
950.0 250.0 -0.47710
1050.0 250.0 -0.71883
1150.0 250.0 -0.94242
1250.0 250.0 -1.07241
1350.0 250.0 -1.05566
1450.0 250.0 -0.89658
1550.0 250.0 -0.65918
1650.0 250.0 -0.43606
1750.0 250.0 -0.28425
1850.0 250.0 -0.17562
1950.0 250.0 -0.14651
2050.0 250.0 -0.21158
2150.0 250.0 -0.33254
2250.0 250.0 -0.44926
2350.0 250.0 -0.50496
2450.0 250.0 -0.46542
2550.0 250.0 -0.33233
2650.0 250.0 -0.14890
2750.0 250.0 0.06800
2850.0 250.0 0.31804
2950.0 250.0 0.53969
3050.0 250.0 0.66741
3150.0 250.0 0.67276
3250.0 250.0 0.57830
3350.0 250.0 0.44405
3450.0 250.0 0.32681
3550.0 250.0 0.21413
3650.0 250.0 0.04031
3750.0 250.0 -0.18124
3850.0 250.0 -0.38634
3950.0 250.0 -0.51292
4050.0 250.0 -0.53227
4150.0 250.0 -0.45857
4250.0 250.0 -0.33670
4350.0 250.0 -0.20824
4450.0 250.0 -0.06504
4550.0 250.0 0.09382
4650.0 250.0 0.22162
4750.0 250.0 0.27046
4850.0 250.0 0.22272
4950.0 250.0 0.10110
5050.0 250.0 -0.04315
5150.0 250.0 -0.16342
5250.0 250.0 -0.25400
5350.0 250.0 -0.25463
5450.0 250.0 -0.13816
5550.0 250.0 0.04393
5650.0 250.0 0.21111
5750.0 250.0 0.29151
5850.0 250.0 0.24682
5950.0 250.0 0.08424
6050.0 250.0 -0.14458
6150.0 250.0 -0.40447
6250.0 250.0 -0.69035
6350.0 250.0 -0.91636
50.0 350.0 0.05394
150.0 350.0 -0.20100
250.0 350.0 -0.33556
350.0 350.0 -0.31111
450.0 350.0 -0.16004
550.0 350.0 0.03848
650.0 350.0 0.18757
750.0 350.0 0.20652
850.0 350.0 0.06944
950.0 350.0 -0.15634
1050.0 350.0 -0.40688
1150.0 350.0 -0.64773
1250.0 350.0 -0.80048
1350.0 350.0 -0.80620
1450.0 350.0 -0.66377
1550.0 350.0 -0.43408
1650.0 350.0 -0.20986
1750.0 350.0 -0.05134
1850.0 350.0 0.06387
1950.0 350.0 0.09240
2050.0 350.0 0.01768
2150.0 350.0 -0.11924
2250.0 350.0 -0.25301
2350.0 350.0 -0.32135
2450.0 350.0 -0.28614
2550.0 350.0 -0.14836
2650.0 350.0 0.04457
2750.0 350.0 0.25803
2850.0 350.0 0.47131
2950.0 350.0 0.62031
3050.0 350.0 0.65149
3150.0 350.0 0.55706
3250.0 350.0 0.38172
3350.0 350.0 0.20086
3450.0 350.0 0.07040
3550.0 350.0 -0.04141
3650.0 350.0 -0.19211
3750.0 350.0 -0.35697
3850.0 350.0 -0.47646
3950.0 350.0 -0.50409
4050.0 350.0 -0.43156
4150.0 350.0 -0.29129
4250.0 350.0 -0.13629
4350.0 350.0 0.00255
4450.0 350.0 0.15377
4550.0 350.0 0.31937
4650.0 350.0 0.44916
4750.0 350.0 0.49271
4850.0 350.0 0.43267
4950.0 350.0 0.29489
5050.0 350.0 0.13537
5150.0 350.0 0.00396
5250.0 350.0 -0.09565
5350.0 350.0 -0.10671
5450.0 350.0 -0.00228
5550.0 350.0 0.16728
5650.0 350.0 0.32283
5750.0 350.0 0.39351
5850.0 350.0 0.34124
5950.0 350.0 0.17272
6050.0 350.0 -0.06137
6150.0 350.0 -0.32963
6250.0 350.0 -0.63245
6350.0 350.0 -0.88178
50.0 450.0 -0.23652
150.0 450.0 -0.48036
250.0 450.0 -0.56848
350.0 450.0 -0.45437
450.0 450.0 -0.18351
550.0 450.0 0.14066
650.0 450.0 0.39509
750.0 450.0 0.48006
850.0 450.0 0.36648
950.0 450.0 0.14166
1050.0 450.0 -0.11184
1150.0 450.0 -0.36085
1250.0 450.0 -0.52639
1350.0 450.0 -0.54695
1450.0 450.0 -0.41818
1550.0 450.0 -0.19814
1650.0 450.0 0.02179
1750.0 450.0 0.18035
1850.0 450.0 0.29576
1950.0 450.0 0.31895
2050.0 450.0 0.23147
2150.0 450.0 0.07611
2250.0 450.0 -0.07789
2350.0 450.0 -0.16376
2450.0 450.0 -0.13979
2550.0 450.0 -0.00591
2650.0 450.0 0.18718
2750.0 450.0 0.38782
2850.0 450.0 0.55670
2950.0 450.0 0.63007
3050.0 450.0 0.56807
3150.0 450.0 0.38283
3250.0 450.0 0.13809
3350.0 450.0 -0.07944
3450.0 450.0 -0.21712
3550.0 450.0 -0.32319
3650.0 450.0 -0.44277
3750.0 450.0 -0.54107
3850.0 450.0 -0.56716
3950.0 450.0 -0.49355
4050.0 450.0 -0.33348
4150.0 450.0 -0.13604
4250.0 450.0 0.04077
4350.0 450.0 0.17908
4450.0 450.0 0.32736
4550.0 450.0 0.49043
4650.0 450.0 0.61847
4750.0 450.0 0.66120
4850.0 450.0 0.60106
4950.0 450.0 0.46340
5050.0 450.0 0.30362
5150.0 450.0 0.17124
5250.0 450.0 0.06997
5350.0 450.0 0.05412
5450.0 450.0 0.14901
5550.0 450.0 0.30534
5650.0 450.0 0.44646
5750.0 450.0 0.50439
5850.0 450.0 0.44334
5950.0 450.0 0.27079
6050.0 450.0 0.03590
6150.0 450.0 -0.23400
6250.0 450.0 -0.54275
6350.0 450.0 -0.80310
50.0 550.0 -0.40307
150.0 550.0 -0.61456
250.0 550.0 -0.64370
350.0 550.0 -0.44288
450.0 550.0 -0.07230
550.0 550.0 0.34487
650.0 550.0 0.66903
750.0 550.0 0.79257
850.0 550.0 0.69008
950.0 550.0 0.46371
1050.0 550.0 0.20380
1150.0 550.0 -0.05891
1250.0 550.0 -0.24265
1350.0 550.0 -0.28076
1450.0 550.0 -0.16413
1550.0 550.0 0.05172
1650.0 550.0 0.27505
1750.0 550.0 0.44167
1850.0 550.0 0.56355
1950.0 550.0 0.57879
2050.0 550.0 0.46369
2150.0 550.0 0.26525
2250.0 550.0 0.06268
2350.0 550.0 -0.06531
2450.0 550.0 -0.06722
2550.0 550.0 0.06024
2650.0 550.0 0.25836
2750.0 550.0 0.45200
2850.0 550.0 0.58429
2950.0 550.0 0.59381
3050.0 550.0 0.45525
3150.0 550.0 0.19962
3250.0 550.0 -0.09288
3350.0 550.0 -0.32733
3450.0 550.0 -0.45588
3550.0 550.0 -0.54137
3650.0 550.0 -0.61789
3750.0 550.0 -0.64813
3850.0 550.0 -0.59611
3950.0 550.0 -0.45387
4050.0 550.0 -0.24978
4150.0 550.0 -0.03854
4250.0 550.0 0.12705
4350.0 550.0 0.24244
4450.0 550.0 0.37338
4550.0 550.0 0.53885
4650.0 550.0 0.69294
4750.0 550.0 0.77982
4850.0 550.0 0.76983
4950.0 550.0 0.67367
5050.0 550.0 0.53507
5150.0 550.0 0.40163
5250.0 550.0 0.28948
5350.0 550.0 0.25444
5450.0 550.0 0.31867
5550.0 550.0 0.43653
5650.0 550.0 0.53832
5750.0 550.0 0.56309
5850.0 550.0 0.47977
5950.0 550.0 0.29650
6050.0 550.0 0.05811
6150.0 550.0 -0.20990
6250.0 550.0 -0.50392
6350.0 550.0 -0.73783
50.0 650.0 -0.38536
150.0 650.0 -0.53555
250.0 650.0 -0.49450
350.0 650.0 -0.22440
450.0 650.0 0.19936
550.0 650.0 0.64401
650.0 650.0 0.97107
750.0 650.0 1.08392
850.0 650.0 0.97118
950.0 650.0 0.73951
1050.0 650.0 0.46868
1150.0 650.0 0.18575
1250.0 650.0 -0.02166
1350.0 650.0 -0.07843
1450.0 650.0 0.03081
1550.0 650.0 0.25222
1650.0 650.0 0.49096
1750.0 650.0 0.67726
1850.0 650.0 0.81528
1950.0 650.0 0.82357
2050.0 650.0 0.66971
2150.0 650.0 0.40707
2250.0 650.0 0.13076
2350.0 650.0 -0.06117
2450.0 650.0 -0.10117
2550.0 650.0 0.01969
2650.0 650.0 0.23011
2750.0 650.0 0.42631
2850.0 650.0 0.53723
2950.0 650.0 0.50660
3050.0 650.0 0.32361
3150.0 650.0 0.03497
3250.0 650.0 -0.26811
3350.0 650.0 -0.48789
3450.0 650.0 -0.58329
3550.0 650.0 -0.62735
3650.0 650.0 -0.64580
3750.0 650.0 -0.61028
3850.0 650.0 -0.50818
3950.0 650.0 -0.35061
4050.0 650.0 -0.17051
4150.0 650.0 -0.01121
4250.0 650.0 0.09452
4350.0 650.0 0.15508
4450.0 650.0 0.24630
4550.0 650.0 0.41393
4650.0 650.0 0.62068
4750.0 650.0 0.79932
4850.0 650.0 0.89447
4950.0 650.0 0.88558
5050.0 650.0 0.79122
5150.0 650.0 0.65452
5250.0 650.0 0.51870
5350.0 650.0 0.44831
5450.0 650.0 0.46215
5550.0 650.0 0.52106
5650.0 650.0 0.56557
5750.0 650.0 0.54395
5850.0 650.0 0.43015
5950.0 650.0 0.23154
6050.0 650.0 -0.01359
6150.0 650.0 -0.27608
6250.0 650.0 -0.53176
6350.0 650.0 -0.69661
50.0 750.0 -0.21104
150.0 750.0 -0.27873
250.0 750.0 -0.16758
350.0 750.0 0.14011
450.0 750.0 0.55592
550.0 750.0 0.95045
650.0 750.0 1.20578
750.0 750.0 1.25519
850.0 750.0 1.11034
950.0 750.0 0.87013
1050.0 750.0 0.58548
1150.0 750.0 0.27907
1250.0 750.0 0.04675
1350.0 750.0 -0.02586
1450.0 750.0 0.08333
1550.0 750.0 0.32066
1650.0 750.0 0.58567
1750.0 750.0 0.80109
1850.0 750.0 0.96383
1950.0 750.0 0.97223
2050.0 750.0 0.78423
2150.0 750.0 0.45954
2250.0 750.0 0.11004
2350.0 750.0 -0.14539
2450.0 750.0 -0.22151
2550.0 750.0 -0.10287
2650.0 750.0 0.12594
2750.0 750.0 0.33389
2850.0 750.0 0.44092
2950.0 750.0 0.39816
3050.0 750.0 0.20761
3150.0 750.0 -0.07328
3250.0 750.0 -0.34889
3350.0 750.0 -0.52436
3450.0 750.0 -0.56653
3550.0 750.0 -0.55306
3650.0 750.0 -0.50425
3750.0 750.0 -0.41064
3850.0 750.0 -0.28900
3950.0 750.0 -0.16745
4050.0 750.0 -0.07318
4150.0 750.0 -0.02319
4250.0 750.0 -0.01796
4350.0 750.0 -0.03764
4450.0 750.0 -0.00642
4550.0 750.0 0.15336
4650.0 750.0 0.41636
4750.0 750.0 0.70223
4850.0 750.0 0.92380
4950.0 750.0 1.02077
5050.0 750.0 0.97884
5150.0 750.0 0.83444
5250.0 750.0 0.66545
5350.0 750.0 0.55278
5450.0 750.0 0.51467
5550.0 750.0 0.51924
5650.0 750.0 0.51581
5750.0 750.0 0.45863
5850.0 750.0 0.32268
5950.0 750.0 0.11168
6050.0 750.0 -0.14191
6150.0 750.0 -0.39787
6250.0 750.0 -0.60431
6350.0 750.0 -0.68073
50.0 850.0 0.03308
150.0 850.0 0.05308
250.0 850.0 0.22233
350.0 850.0 0.53246
450.0 850.0 0.88623
550.0 850.0 1.16879
650.0 850.0 1.29687
750.0 850.0 1.24578
850.0 850.0 1.05445
950.0 850.0 0.80425
1050.0 850.0 0.50560
1150.0 850.0 0.17711
1250.0 850.0 -0.07642
1350.0 850.0 -0.15889
1450.0 850.0 -0.04243
1550.0 850.0 0.21803
1650.0 850.0 0.51494
1750.0 850.0 0.76317
1850.0 850.0 0.95486
1950.0 850.0 0.97430
2050.0 850.0 0.77178
2150.0 850.0 0.41101
2250.0 850.0 0.01587
2350.0 850.0 -0.27919
2450.0 850.0 -0.37523
2550.0 850.0 -0.25123
2650.0 850.0 -0.00138
2750.0 850.0 0.22373
2850.0 850.0 0.34035
2950.0 850.0 0.30776
3050.0 850.0 0.13797
3150.0 850.0 -0.10580
3250.0 850.0 -0.32895
3350.0 850.0 -0.44342
3450.0 850.0 -0.42382
3550.0 850.0 -0.34768
3650.0 850.0 -0.23192
3750.0 850.0 -0.09077
3850.0 850.0 0.02844
3950.0 850.0 0.08355
4050.0 850.0 0.05936
4150.0 850.0 -0.02740
4250.0 850.0 -0.13992
4350.0 850.0 -0.24902
4450.0 850.0 -0.28838
4550.0 850.0 -0.15315
4650.0 850.0 0.14397
4750.0 850.0 0.51287
4850.0 850.0 0.83866
4950.0 850.0 1.02447
5050.0 850.0 1.02449
5150.0 850.0 0.86719
5250.0 850.0 0.66244
5350.0 850.0 0.51288
5450.0 850.0 0.44106
5550.0 850.0 0.42076
5650.0 850.0 0.40419
5750.0 850.0 0.34374
5850.0 850.0 0.20843
5950.0 850.0 -0.00505
6050.0 850.0 -0.26658
6150.0 850.0 -0.51812
6250.0 850.0 -0.68189
6350.0 850.0 -0.68225
50.0 950.0 0.23496
150.0 950.0 0.33026
250.0 950.0 0.53888
350.0 950.0 0.82703
450.0 950.0 1.09312
550.0 950.0 1.24186
650.0 950.0 1.22794
750.0 950.0 1.06934
850.0 950.0 0.83018
950.0 950.0 0.57080
1050.0 950.0 0.26071
1150.0 950.0 -0.08453
1250.0 950.0 -0.35225
1350.0 950.0 -0.43797
1450.0 950.0 -0.30983
1550.0 950.0 -0.02497
1650.0 950.0 0.30217
1750.0 950.0 0.57981
1850.0 950.0 0.79883
1950.0 950.0 0.83957
2050.0 950.0 0.64883
2150.0 950.0 0.29061
2250.0 950.0 -0.10747
2350.0 950.0 -0.40515
2450.0 950.0 -0.49759
2550.0 950.0 -0.36058
2650.0 950.0 -0.09147
2750.0 950.0 0.15039
2850.0 950.0 0.28080
2950.0 950.0 0.26620
3050.0 950.0 0.12588
3150.0 950.0 -0.07418
3250.0 950.0 -0.24256
3350.0 950.0 -0.29853
3450.0 950.0 -0.22327
3550.0 950.0 -0.09196
3650.0 950.0 0.08136
3750.0 950.0 0.26092
3850.0 950.0 0.37282
3950.0 950.0 0.36353
4050.0 950.0 0.22965
4150.0 950.0 0.01867
4250.0 950.0 -0.19929
4350.0 950.0 -0.38757
4450.0 950.0 -0.49450
4550.0 950.0 -0.40031
4650.0 950.0 -0.10722
4750.0 950.0 0.29178
4850.0 950.0 0.66632
4950.0 950.0 0.89627
5050.0 950.0 0.91382
5150.0 950.0 0.73979
5250.0 950.0 0.50445
5350.0 950.0 0.33318
5450.0 950.0 0.25776
5550.0 950.0 0.25435
5650.0 950.0 0.27016
5750.0 950.0 0.24664
5850.0 950.0 0.13961
5950.0 950.0 -0.06369
6050.0 950.0 -0.33067
6150.0 950.0 -0.58210
6250.0 950.0 -0.72405
6350.0 950.0 -0.68650
50.0 1050.0 0.29582
150.0 1050.0 0.44089
250.0 1050.0 0.67080
350.0 1050.0 0.93366
450.0 1050.0 1.12642
550.0 1050.0 1.16986
650.0 1050.0 1.04746
750.0 1050.0 0.80831
850.0 1050.0 0.53399
950.0 1050.0 0.26829
1050.0 1050.0 -0.04893
1150.0 1050.0 -0.40364
1250.0 1050.0 -0.67800
1350.0 1050.0 -0.76238
1450.0 1050.0 -0.62298
1550.0 1050.0 -0.31915
1650.0 1050.0 0.02970
1750.0 1050.0 0.32742
1850.0 1050.0 0.56670
1950.0 1050.0 0.63414
2050.0 1050.0 0.47761
2150.0 1050.0 0.15794
2250.0 1050.0 -0.20218
2350.0 1050.0 -0.46702
2450.0 1050.0 -0.53437
2550.0 1050.0 -0.37974
2650.0 1050.0 -0.09699
2750.0 1050.0 0.15536
2850.0 1050.0 0.29240
2950.0 1050.0 0.28542
3050.0 1050.0 0.15941
3150.0 1050.0 -0.01666
3250.0 1050.0 -0.15236
3350.0 1050.0 -0.17125
3450.0 1050.0 -0.05906
3550.0 1050.0 0.10987
3650.0 1050.0 0.32578
3750.0 1050.0 0.53983
3850.0 1050.0 0.65925
3950.0 1050.0 0.62039
4050.0 1050.0 0.42486
4150.0 1050.0 0.13850
4250.0 1050.0 -0.14700
4350.0 1050.0 -0.38833
4450.0 1050.0 -0.54694
4550.0 1050.0 -0.50328
4650.0 1050.0 -0.25341
4750.0 1050.0 0.11462
4850.0 1050.0 0.47068
4950.0 1050.0 0.68970
5050.0 1050.0 0.69592
5150.0 1050.0 0.50430
5250.0 1050.0 0.24946
5350.0 1050.0 0.07559
5450.0 1050.0 0.02664
5550.0 1050.0 0.07754
5650.0 1050.0 0.16376
5750.0 1050.0 0.20908
5850.0 1050.0 0.15172
5950.0 1050.0 -0.03106
6050.0 1050.0 -0.30000
6150.0 1050.0 -0.55612
6250.0 1050.0 -0.70338
6350.0 1050.0 -0.67719
50.0 1150.0 0.17320
150.0 1150.0 0.33916
250.0 1150.0 0.57911
350.0 1150.0 0.83385
450.0 1150.0 0.99939
550.0 1150.0 1.00252
650.0 1150.0 0.83796
750.0 1150.0 0.56720
850.0 1150.0 0.27894
950.0 1150.0 0.01066
1050.0 1150.0 -0.30918
1150.0 1150.0 -0.66685
1250.0 1150.0 -0.94236
1350.0 1150.0 -1.02424
1450.0 1150.0 -0.87830
1550.0 1150.0 -0.56517
1650.0 1150.0 -0.20658
1750.0 1150.0 0.09965
1850.0 1150.0 0.34956
1950.0 1150.0 0.44278
2050.0 1150.0 0.33174
2150.0 1150.0 0.07184
2250.0 1150.0 -0.22502
2350.0 1150.0 -0.43507
2450.0 1150.0 -0.46504
2550.0 1150.0 -0.29257
2650.0 1150.0 -0.00340
2750.0 1150.0 0.24992
2850.0 1150.0 0.37850
2950.0 1150.0 0.35563
3050.0 1150.0 0.21202
3150.0 1150.0 0.02283
3250.0 1150.0 -0.11715
3350.0 1150.0 -0.13035
3450.0 1150.0 -0.00518
3550.0 1150.0 0.18060
3650.0 1150.0 0.42411
3750.0 1150.0 0.67487
3850.0 1150.0 0.82966
3950.0 1150.0 0.81423
4050.0 1150.0 0.62472
4150.0 1150.0 0.32842
4250.0 1150.0 0.02381
4350.0 1150.0 -0.23874
4450.0 1150.0 -0.42677
4550.0 1150.0 -0.43353
4650.0 1150.0 -0.25359
4750.0 1150.0 0.03580
4850.0 1150.0 0.31833
4950.0 1150.0 0.48062
5050.0 1150.0 0.45245
5150.0 1150.0 0.24539
5250.0 1150.0 -0.01621
5350.0 1150.0 -0.17651
5450.0 1150.0 -0.17918
5550.0 1150.0 -0.05334
5650.0 1150.0 0.12145
5750.0 1150.0 0.24903
5850.0 1150.0 0.24967
5950.0 1150.0 0.09210
6050.0 1150.0 -0.17556
6150.0 1150.0 -0.43999
6250.0 1150.0 -0.61617
6350.0 1150.0 -0.64397
50.0 1250.0 -0.07213
150.0 1250.0 0.09679
250.0 1250.0 0.34336
350.0 1250.0 0.60887
450.0 1250.0 0.78762
550.0 1250.0 0.80377
650.0 1250.0 0.64954
750.0 1250.0 0.38492
850.0 1250.0 0.09872
950.0 1250.0 -0.16952
1050.0 1250.0 -0.48929
1150.0 1250.0 -0.84649
1250.0 1250.0 -1.12099
1350.0 1250.0 -1.20135
1450.0 1250.0 -1.05363
1550.0 1250.0 -0.73881
1650.0 1250.0 -0.37893
1750.0 1250.0 -0.07189
1850.0 1250.0 0.18198
1950.0 1250.0 0.29755
2050.0 1250.0 0.23327
2150.0 1250.0 0.03848
2250.0 1250.0 -0.18792
2350.0 1250.0 -0.33696
2450.0 1250.0 -0.32690
2550.0 1250.0 -0.13859
2650.0 1250.0 0.15200
2750.0 1250.0 0.39929
2850.0 1250.0 0.50710
2950.0 1250.0 0.44899
3050.0 1250.0 0.26213
3150.0 1250.0 0.03100
3250.0 1250.0 -0.14079
3350.0 1250.0 -0.17053
3450.0 1250.0 -0.04822
3550.0 1250.0 0.14123
3650.0 1250.0 0.40394
3750.0 1250.0 0.69554
3850.0 1250.0 0.90747
3950.0 1250.0 0.95381
4050.0 1250.0 0.81757
4150.0 1250.0 0.55591
4250.0 1250.0 0.26435
4350.0 1250.0 0.00110
4450.0 1250.0 -0.20088
4550.0 1250.0 -0.25360
4650.0 1250.0 -0.15297
4750.0 1250.0 0.03708
4850.0 1250.0 0.22072
4950.0 1250.0 0.30484
5050.0 1250.0 0.23211
5150.0 1250.0 0.01239
5250.0 1250.0 -0.24790
5350.0 1250.0 -0.38676
5450.0 1250.0 -0.33677
5550.0 1250.0 -0.13220
5650.0 1250.0 0.13201
5750.0 1250.0 0.34068
5850.0 1250.0 0.39785
5950.0 1250.0 0.26547
6050.0 1250.0 0.00081
6150.0 1250.0 -0.27337
6250.0 1250.0 -0.49001
6350.0 1250.0 -0.59254
50.0 1350.0 -0.31440
150.0 1350.0 -0.15601
250.0 1350.0 0.08204
350.0 1350.0 0.34505
450.0 1350.0 0.53022
550.0 1350.0 0.56137
650.0 1350.0 0.42691
750.0 1350.0 0.18095
850.0 1350.0 -0.09239
950.0 1350.0 -0.35228
1050.0 1350.0 -0.66325
1150.0 1350.0 -1.01225
1250.0 1350.0 -1.28264
1350.0 1350.0 -1.36554
1450.0 1350.0 -1.22695
1550.0 1350.0 -0.92502
1650.0 1350.0 -0.57760
1750.0 1350.0 -0.27994
1850.0 1350.0 -0.02976
1950.0 1350.0 0.10670
2050.0 1350.0 0.09494
2150.0 1350.0 -0.02485
2250.0 1350.0 -0.17148
2350.0 1350.0 -0.25513
2450.0 1350.0 -0.20810
2550.0 1350.0 -0.01417
2650.0 1350.0 0.26389
2750.0 1350.0 0.49122
2850.0 1350.0 0.56668
2950.0 1350.0 0.46672
3050.0 1350.0 0.23617
3150.0 1350.0 -0.03235
3250.0 1350.0 -0.22967
3350.0 1350.0 -0.27185
3450.0 1350.0 -0.15258
3550.0 1350.0 0.03882
3650.0 1350.0 0.32110
3750.0 1350.0 0.65771
3850.0 1350.0 0.93511
3950.0 1350.0 1.05453
4050.0 1350.0 0.98352
4150.0 1350.0 0.76644
4250.0 1350.0 0.49408
4350.0 1350.0 0.23329
4450.0 1350.0 0.01839
4550.0 1350.0 -0.08283
4650.0 1350.0 -0.06559
4750.0 1350.0 0.02290
4850.0 1350.0 0.10990
4950.0 1350.0 0.12335
5050.0 1350.0 0.01755
5150.0 1350.0 -0.20159
5250.0 1350.0 -0.44764
5350.0 1350.0 -0.55708
5450.0 1350.0 -0.45573
5550.0 1350.0 -0.18368
5650.0 1350.0 0.15177
5750.0 1350.0 0.42206
5850.0 1350.0 0.52137
5950.0 1350.0 0.40909
6050.0 1350.0 0.15010
6150.0 1350.0 -0.12856
6250.0 1350.0 -0.37607
6350.0 1350.0 -0.53914
50.0 1450.0 -0.48579
150.0 1450.0 -0.36897
250.0 1450.0 -0.17919
350.0 1450.0 0.04015
450.0 1450.0 0.20170
550.0 1450.0 0.23767
650.0 1450.0 0.13306
750.0 1450.0 -0.07155
850.0 1450.0 -0.30757
950.0 1450.0 -0.53750
1050.0 1450.0 -0.81628
1150.0 1450.0 -1.13528
1250.0 1450.0 -1.39058
1350.0 1450.0 -1.48266
1450.0 1450.0 -1.37730
1550.0 1450.0 -1.12239
1650.0 1450.0 -0.82050
1750.0 1450.0 -0.55712
1850.0 1450.0 -0.32964
1950.0 1450.0 -0.17787
2050.0 1450.0 -0.12763
2150.0 1450.0 -0.15526
2250.0 1450.0 -0.20773
2350.0 1450.0 -0.22341
2450.0 1450.0 -0.15327
2550.0 1450.0 0.01743
2650.0 1450.0 0.24670
2750.0 1450.0 0.41978
2850.0 1450.0 0.43913
2950.0 1450.0 0.29163
3050.0 1450.0 0.03164
3150.0 1450.0 -0.24578
3250.0 1450.0 -0.43758
3350.0 1450.0 -0.47141
3450.0 1450.0 -0.35020
3550.0 1450.0 -0.15807
3650.0 1450.0 0.14318
3750.0 1450.0 0.52576
3850.0 1450.0 0.87157
3950.0 1450.0 1.06880
4050.0 1450.0 1.06857
4150.0 1450.0 0.90111
4250.0 1450.0 0.65147
4350.0 1450.0 0.39526
4450.0 1450.0 0.16663
4550.0 1450.0 0.01234
4650.0 1450.0 -0.05571
4750.0 1450.0 -0.06074
4850.0 1450.0 -0.04891
4950.0 1450.0 -0.07338
5050.0 1450.0 -0.17469
5150.0 1450.0 -0.35744
5250.0 1450.0 -0.55686
5350.0 1450.0 -0.61865
5450.0 1450.0 -0.47367
5550.0 1450.0 -0.16899
5650.0 1450.0 0.18465
5750.0 1450.0 0.46099
5850.0 1450.0 0.56168
5950.0 1450.0 0.45473
6050.0 1450.0 0.20794
6150.0 1450.0 -0.06067
6250.0 1450.0 -0.31003
6350.0 1450.0 -0.48971
50.0 1550.0 -0.53807
150.0 1550.0 -0.49501
250.0 1550.0 -0.39381
350.0 1550.0 -0.25872
450.0 1550.0 -0.14889
550.0 1550.0 -0.11526
650.0 1550.0 -0.17654
750.0 1550.0 -0.31425
850.0 1550.0 -0.48675
950.0 1550.0 -0.66411
1050.0 1550.0 -0.88519
1150.0 1550.0 -1.14813
1250.0 1550.0 -1.37152
1350.0 1550.0 -1.47322
1450.0 1550.0 -1.42004
1550.0 1550.0 -1.24312
1650.0 1550.0 -1.01880
1750.0 1550.0 -0.81519
1850.0 1550.0 -0.63107
1950.0 1550.0 -0.47523
2050.0 1550.0 -0.36463
2150.0 1550.0 -0.29832
2250.0 1550.0 -0.25912
2350.0 1550.0 -0.21934
2450.0 1550.0 -0.15051
2550.0 1550.0 -0.03702
2650.0 1550.0 0.10537
2750.0 1550.0 0.19016
2850.0 1550.0 0.13450
2950.0 1550.0 -0.05643
3050.0 1550.0 -0.31860
3150.0 1550.0 -0.56303
3250.0 1550.0 -0.70752
3350.0 1550.0 -0.70614
3450.0 1550.0 -0.57657
3550.0 1550.0 -0.38583
3650.0 1550.0 -0.07290
3750.0 1550.0 0.34157
3850.0 1550.0 0.73718
3950.0 1550.0 0.99308
4050.0 1550.0 1.04810
4150.0 1550.0 0.92112
4250.0 1550.0 0.69183
4350.0 1550.0 0.44183
4450.0 1550.0 0.20065
4550.0 1550.0 -0.00400
4650.0 1550.0 -0.14616
4750.0 1550.0 -0.21962
4850.0 1550.0 -0.24384
4950.0 1550.0 -0.25880
5050.0 1550.0 -0.30887
5150.0 1550.0 -0.41578
5250.0 1550.0 -0.53500
5350.0 1550.0 -0.53250
5450.0 1550.0 -0.35776
5550.0 1550.0 -0.06540
5650.0 1550.0 0.24127
5750.0 1550.0 0.45685
5850.0 1550.0 0.51022
5950.0 1550.0 0.39046
6050.0 1550.0 0.16231
6150.0 1550.0 -0.08090
6250.0 1550.0 -0.30122
6350.0 1550.0 -0.45052
50.0 1650.0 -0.46111
150.0 1650.0 -0.51107
250.0 1650.0 -0.52140
350.0 1650.0 -0.49216
450.0 1650.0 -0.44695
550.0 1650.0 -0.41561
650.0 1650.0 -0.42169
750.0 1650.0 -0.47464
850.0 1650.0 -0.56688
950.0 1650.0 -0.67781
1050.0 1650.0 -0.82436
1150.0 1650.0 -1.01129
1250.0 1650.0 -1.18579
1350.0 1650.0 -1.28921
1450.0 1650.0 -1.29185
1550.0 1650.0 -1.20575
1650.0 1650.0 -1.07538
1750.0 1650.0 -0.94635
1850.0 1650.0 -0.81915
1950.0 1650.0 -0.67291
2050.0 1650.0 -0.51751
2150.0 1650.0 -0.37659
2250.0 1650.0 -0.26936
2350.0 1650.0 -0.20088
2450.0 1650.0 -0.16072
2550.0 1650.0 -0.12999
2650.0 1650.0 -0.09791
2750.0 1650.0 -0.11981
2850.0 1650.0 -0.25450
2950.0 1650.0 -0.47370
3050.0 1650.0 -0.70585
3150.0 1650.0 -0.87652
3250.0 1650.0 -0.93646
3350.0 1650.0 -0.87712
3450.0 1650.0 -0.73372
3550.0 1650.0 -0.54667
3650.0 1650.0 -0.23494
3750.0 1650.0 0.18384
3850.0 1650.0 0.59052
3950.0 1650.0 0.86308
4050.0 1650.0 0.93699
4150.0 1650.0 0.82677
4250.0 1650.0 0.60876
4350.0 1650.0 0.36521
4450.0 1650.0 0.11473
4550.0 1650.0 -0.12922
4650.0 1650.0 -0.32202
4750.0 1650.0 -0.42760
4850.0 1650.0 -0.44302
4950.0 1650.0 -0.40295
5050.0 1650.0 -0.36393
5150.0 1650.0 -0.36846
5250.0 1650.0 -0.38736
5350.0 1650.0 -0.31352
5450.0 1650.0 -0.12476
5550.0 1650.0 0.11713
5650.0 1650.0 0.32500
5750.0 1650.0 0.42815
5850.0 1650.0 0.39691
5950.0 1650.0 0.24985
6050.0 1650.0 0.04384
6150.0 1650.0 -0.16451
6250.0 1650.0 -0.33625
6350.0 1650.0 -0.42522
50.0 1750.0 -0.29305
150.0 1750.0 -0.43547
250.0 1750.0 -0.55478
350.0 1750.0 -0.62636
450.0 1750.0 -0.63905
550.0 1750.0 -0.60294
650.0 1750.0 -0.54788
750.0 1750.0 -0.51239
850.0 1750.0 -0.52310
950.0 1750.0 -0.56753
1050.0 1750.0 -0.63743
1150.0 1750.0 -0.74178
1250.0 1750.0 -0.85656
1350.0 1750.0 -0.94856
1450.0 1750.0 -0.99433
1550.0 1750.0 -0.98942
1650.0 1750.0 -0.94793
1750.0 1750.0 -0.89233
1850.0 1750.0 -0.82365
1950.0 1750.0 -0.69795
2050.0 1750.0 -0.52115
2150.0 1750.0 -0.33840
2250.0 1750.0 -0.19868
2350.0 1750.0 -0.13227
2450.0 1750.0 -0.14088
2550.0 1750.0 -0.20066
2650.0 1750.0 -0.27929
2750.0 1750.0 -0.40413
2850.0 1750.0 -0.60578
2950.0 1750.0 -0.83293
3050.0 1750.0 -1.01001
3150.0 1750.0 -1.08241
3250.0 1750.0 -1.03888
3350.0 1750.0 -0.91128
3450.0 1750.0 -0.75156
3550.0 1750.0 -0.56986
3650.0 1750.0 -0.27284
3750.0 1750.0 0.11972
3850.0 1750.0 0.49345
3950.0 1750.0 0.73390
4050.0 1750.0 0.78352
4150.0 1750.0 0.66084
4250.0 1750.0 0.44189
4350.0 1750.0 0.20358
4450.0 1750.0 -0.05211
4550.0 1750.0 -0.32021
4650.0 1750.0 -0.53693
4750.0 1750.0 -0.64085
4850.0 1750.0 -0.61370
4950.0 1750.0 -0.49190
5050.0 1750.0 -0.34865
5150.0 1750.0 -0.24676
5250.0 1750.0 -0.16590
5350.0 1750.0 -0.02567
5450.0 1750.0 0.16541
5550.0 1750.0 0.33951
5650.0 1750.0 0.42904
5750.0 1750.0 0.40213
5850.0 1750.0 0.27398
5950.0 1750.0 0.09414
6050.0 1750.0 -0.09048
6150.0 1750.0 -0.26370
6250.0 1750.0 -0.38573
6350.0 1750.0 -0.41224
50.0 1850.0 -0.11006
150.0 1850.0 -0.32480
250.0 1850.0 -0.52606
350.0 1850.0 -0.66894
450.0 1850.0 -0.71593
550.0 1850.0 -0.66390
650.0 1850.0 -0.55024
750.0 1850.0 -0.43832
850.0 1850.0 -0.38223
950.0 1850.0 -0.37388
1050.0 1850.0 -0.38064
1150.0 1850.0 -0.41199
1250.0 1850.0 -0.46690
1350.0 1850.0 -0.53457
1450.0 1850.0 -0.59973
1550.0 1850.0 -0.64792
1650.0 1850.0 -0.67089
1750.0 1850.0 -0.67211
1850.0 1850.0 -0.65088
1950.0 1850.0 -0.54941
2050.0 1850.0 -0.37268
2150.0 1850.0 -0.18065
2250.0 1850.0 -0.04107
2350.0 1850.0 0.00135
2450.0 1850.0 -0.06044
2550.0 1850.0 -0.19747
2650.0 1850.0 -0.36397
2750.0 1850.0 -0.56745
2850.0 1850.0 -0.81297
2950.0 1850.0 -1.03101
3050.0 1850.0 -1.14559
3150.0 1850.0 -1.12170
3250.0 1850.0 -0.98200
3350.0 1850.0 -0.79260
3450.0 1850.0 -0.61808
3550.0 1850.0 -0.44203
3650.0 1850.0 -0.16827
3750.0 1850.0 0.17731
3850.0 1850.0 0.48718
3950.0 1850.0 0.66035
4050.0 1850.0 0.65364
4150.0 1850.0 0.49604
4250.0 1850.0 0.26582
4350.0 1850.0 0.03063
4450.0 1850.0 -0.22707
4550.0 1850.0 -0.50643
4650.0 1850.0 -0.72823
4750.0 1850.0 -0.81332
4850.0 1850.0 -0.73501
4950.0 1850.0 -0.53472
5050.0 1850.0 -0.30121
5150.0 1850.0 -0.11306
5250.0 1850.0 0.04659
5350.0 1850.0 0.23832
5450.0 1850.0 0.42891
5550.0 1850.0 0.54602
5650.0 1850.0 0.53814
5750.0 1850.0 0.40490
5850.0 1850.0 0.19773
5950.0 1850.0 -0.00912
6050.0 1850.0 -0.17696
6150.0 1850.0 -0.32418
6250.0 1850.0 -0.41423
6350.0 1850.0 -0.40485
50.0 1950.0 0.00442
150.0 1950.0 -0.25014
250.0 1950.0 -0.49162
350.0 1950.0 -0.66240
450.0 1950.0 -0.71187
550.0 1950.0 -0.63282
650.0 1950.0 -0.47073
750.0 1950.0 -0.30590
850.0 1950.0 -0.20852
950.0 1950.0 -0.16998
1050.0 1950.0 -0.13792
1150.0 1950.0 -0.11868
1250.0 1950.0 -0.12454
1350.0 1950.0 -0.16015
1450.0 1950.0 -0.21869
1550.0 1950.0 -0.28365
1650.0 1950.0 -0.33620
1750.0 1950.0 -0.36812
1850.0 1950.0 -0.37455
1950.0 1950.0 -0.29213
2050.0 1950.0 -0.12685
2150.0 1950.0 0.05447
2250.0 1950.0 0.17666
2350.0 1950.0 0.19050
2450.0 1950.0 0.08879
2550.0 1950.0 -0.09580
2650.0 1950.0 -0.31228
2750.0 1950.0 -0.55829
2850.0 1950.0 -0.82206
2950.0 1950.0 -1.02381
3050.0 1950.0 -1.08923
3150.0 1950.0 -0.99734
3250.0 1950.0 -0.79276
3350.0 1950.0 -0.56269
3450.0 1950.0 -0.37841
3550.0 1950.0 -0.20684
3650.0 1950.0 0.04344
3750.0 1950.0 0.33917
3850.0 1950.0 0.57936
3950.0 1950.0 0.67727
4050.0 1950.0 0.60578
4150.0 1950.0 0.40616
4250.0 1950.0 0.16025
4350.0 1950.0 -0.07413
4450.0 1950.0 -0.33273
4550.0 1950.0 -0.61765
4650.0 1950.0 -0.84086
4750.0 1950.0 -0.91346
4850.0 1950.0 -0.80434
4950.0 1950.0 -0.55818
5050.0 1950.0 -0.27275
5150.0 1950.0 -0.03556
5250.0 1950.0 0.16897
5350.0 1950.0 0.39282
5450.0 1950.0 0.59029
5550.0 1950.0 0.68576
5650.0 1950.0 0.63477
5750.0 1950.0 0.45225
5850.0 1950.0 0.20793
5950.0 1950.0 -0.01082
6050.0 1950.0 -0.16876
6150.0 1950.0 -0.30517
6250.0 1950.0 -0.39351
6350.0 1950.0 -0.39405
50.0 2050.0 0.01087
150.0 2050.0 -0.25276
250.0 2050.0 -0.49585
350.0 2050.0 -0.65550
450.0 2050.0 -0.68024
550.0 2050.0 -0.56692
650.0 2050.0 -0.36889
750.0 2050.0 -0.17529
850.0 2050.0 -0.06153
950.0 2050.0 -0.01440
1050.0 2050.0 0.03228
1150.0 2050.0 0.07766
1250.0 2050.0 0.10547
1350.0 2050.0 0.10317
1450.0 2050.0 0.07011
1550.0 2050.0 0.01848
1650.0 2050.0 -0.03275
1750.0 2050.0 -0.07099
1850.0 2050.0 -0.08546
1950.0 2050.0 -0.01206
2050.0 2050.0 0.14190
2150.0 2050.0 0.30882
2250.0 2050.0 0.41381
2350.0 2050.0 0.40910
2450.0 2050.0 0.28953
2550.0 2050.0 0.08933
2650.0 2050.0 -0.14081
2750.0 2050.0 -0.39665
2850.0 2050.0 -0.65991
2950.0 2050.0 -0.84801
3050.0 2050.0 -0.88877
3150.0 2050.0 -0.76733
3250.0 2050.0 -0.53658
3350.0 2050.0 -0.29082
3450.0 2050.0 -0.10277
3550.0 2050.0 0.06624
3650.0 2050.0 0.29918
3750.0 2050.0 0.55660
3850.0 2050.0 0.74217
3950.0 2050.0 0.78010
4050.0 2050.0 0.65597
4150.0 2050.0 0.42127
4250.0 2050.0 0.16117
4350.0 2050.0 -0.07401
4450.0 2050.0 -0.33440
4550.0 2050.0 -0.62651
4650.0 2050.0 -0.86017
4750.0 2050.0 -0.94215
4850.0 2050.0 -0.83748
4950.0 2050.0 -0.58905
5050.0 2050.0 -0.29536
5150.0 2050.0 -0.04651
5250.0 2050.0 0.17082
5350.0 2050.0 0.41062
5450.0 2050.0 0.62748
5550.0 2050.0 0.74314
5650.0 2050.0 0.71001
5750.0 2050.0 0.54085
5850.0 2050.0 0.30508
5950.0 2050.0 0.09141
6050.0 2050.0 -0.06284
6150.0 2050.0 -0.20304
6250.0 2050.0 -0.31909
6350.0 2050.0 -0.37426
50.0 2150.0 -0.02992
150.0 2150.0 -0.29139
250.0 2150.0 -0.52250
350.0 2150.0 -0.65789
450.0 2150.0 -0.64940
550.0 2150.0 -0.50057
650.0 2150.0 -0.27218
750.0 2150.0 -0.05906
850.0 2150.0 0.06214
950.0 2150.0 0.11040
1050.0 2150.0 0.16257
1150.0 2150.0 0.22351
1250.0 2150.0 0.27655
1350.0 2150.0 0.30478
1450.0 2150.0 0.30130
1550.0 2150.0 0.27236
1650.0 2150.0 0.23351
1750.0 2150.0 0.19873
1850.0 2150.0 0.18464
1950.0 2150.0 0.25468
2050.0 2150.0 0.40065
2150.0 2150.0 0.55649
2250.0 2150.0 0.65010
2350.0 2150.0 0.63649
2450.0 2150.0 0.51241
2550.0 2150.0 0.31231
2650.0 2150.0 0.08485
2750.0 2150.0 -0.16675
2850.0 2150.0 -0.42286
2950.0 2150.0 -0.60142
3050.0 2150.0 -0.63190
3150.0 2150.0 -0.50135
3250.0 2150.0 -0.26406
3350.0 2150.0 -0.01482
3450.0 2150.0 0.17439
3550.0 2150.0 0.34208
3650.0 2150.0 0.56099
3750.0 2150.0 0.78657
3850.0 2150.0 0.92672
3950.0 2150.0 0.91510
4050.0 2150.0 0.74816
4150.0 2150.0 0.48580
4250.0 2150.0 0.21584
4350.0 2150.0 -0.01795
4450.0 2150.0 -0.27812
4550.0 2150.0 -0.57708
4650.0 2150.0 -0.82576
4750.0 2150.0 -0.92873
4850.0 2150.0 -0.84663
4950.0 2150.0 -0.61729
5050.0 2150.0 -0.33540
5150.0 2150.0 -0.09060
5250.0 2150.0 0.12666
5350.0 2150.0 0.37536
5450.0 2150.0 0.61527
5550.0 2150.0 0.76609
5650.0 2150.0 0.77345
5750.0 2150.0 0.64150
5850.0 2150.0 0.43210
5950.0 2150.0 0.23059
6050.0 2150.0 0.07829
6150.0 2150.0 -0.07050
6250.0 2150.0 -0.22431
6350.0 2150.0 -0.34994
50.0 2250.0 -0.05676
150.0 2250.0 -0.31559
250.0 2250.0 -0.53756
350.0 2250.0 -0.65514
450.0 2250.0 -0.62181
550.0 2250.0 -0.44535
650.0 2250.0 -0.19183
750.0 2250.0 0.03944
850.0 2250.0 0.17029
950.0 2250.0 0.22339
1050.0 2250.0 0.28044
1150.0 2250.0 0.34789
1250.0 2250.0 0.41050
1350.0 2250.0 0.45185
1450.0 2250.0 0.46414
1550.0 2250.0 0.45161
1650.0 2250.0 0.42759
1750.0 2250.0 0.40510
1850.0 2250.0 0.40094
1950.0 2250.0 0.47392
2050.0 2250.0 0.61687
2150.0 2250.0 0.76965
2250.0 2250.0 0.86627
2350.0 2250.0 0.86527
2450.0 2250.0 0.76313
2550.0 2250.0 0.59094
2650.0 2250.0 0.39316
2750.0 2250.0 0.16845
2850.0 2250.0 -0.07074
2950.0 2250.0 -0.24767
3050.0 2250.0 -0.29198
3150.0 2250.0 -0.18509
3250.0 2250.0 0.02845
3350.0 2250.0 0.26382
3450.0 2250.0 0.45269
3550.0 2250.0 0.62244
3650.0 2250.0 0.82522
3750.0 2250.0 1.01227
3850.0 2250.0 1.10124
3950.0 2250.0 1.04078
4050.0 2250.0 0.84092
4150.0 2250.0 0.56911
4250.0 2250.0 0.31206
4350.0 2250.0 0.10336
4450.0 2250.0 -0.13203
4550.0 2250.0 -0.41480
4650.0 2250.0 -0.66415
4750.0 2250.0 -0.78792
4850.0 2250.0 -0.74251
4950.0 2250.0 -0.55490
5050.0 2250.0 -0.30672
5150.0 2250.0 -0.08048
5250.0 2250.0 0.12596
5350.0 2250.0 0.36884
5450.0 2250.0 0.61315
5550.0 2250.0 0.78046
5650.0 2250.0 0.81395
5750.0 2250.0 0.71157
5850.0 2250.0 0.52739
5950.0 2250.0 0.34088
6050.0 2250.0 0.19443
6150.0 2250.0 0.04280
6250.0 2250.0 -0.13883
6350.0 2250.0 -0.32342
50.0 2350.0 -0.05934
150.0 2350.0 -0.31525
250.0 2350.0 -0.53435
350.0 2350.0 -0.64762
450.0 2350.0 -0.60705
550.0 2350.0 -0.41993
650.0 2350.0 -0.15328
750.0 2350.0 0.09163
850.0 2350.0 0.23476
950.0 2350.0 0.29852
1050.0 2350.0 0.35937
1150.0 2350.0 0.41876
1250.0 2350.0 0.46562
1350.0 2350.0 0.49167
1450.0 2350.0 0.49683
1550.0 2350.0 0.48973
1650.0 2350.0 0.48351
1750.0 2350.0 0.48664
1850.0 2350.0 0.50647
1950.0 2350.0 0.58821
2050.0 2350.0 0.72771
2150.0 2350.0 0.87841
2250.0 2350.0 0.98792
2350.0 2350.0 1.02192
2450.0 2350.0 0.97539
2550.0 2350.0 0.87109
2650.0 2350.0 0.74417
2750.0 2350.0 0.58182
2850.0 2350.0 0.37691
2950.0 2350.0 0.19355
3050.0 2350.0 0.10345
3150.0 2350.0 0.14128
3250.0 2350.0 0.28846
3350.0 2350.0 0.48541
3450.0 2350.0 0.67220
3550.0 2350.0 0.84938
3650.0 2350.0 1.03387
3750.0 2350.0 1.17464
3850.0 2350.0 1.20727
3950.0 2350.0 1.10318
4050.0 2350.0 0.88934
4150.0 2350.0 0.63861
4250.0 2350.0 0.43069
4350.0 2350.0 0.28377
4450.0 2350.0 0.11173
4550.0 2350.0 -0.11693
4650.0 2350.0 -0.34047
4750.0 2350.0 -0.47925
4850.0 2350.0 -0.48675
4950.0 2350.0 -0.37122
5050.0 2350.0 -0.18788
5150.0 2350.0 -0.00167
5250.0 2350.0 0.17756
5350.0 2350.0 0.39189
5450.0 2350.0 0.61146
5550.0 2350.0 0.76578
5650.0 2350.0 0.80234
5750.0 2350.0 0.71691
5850.0 2350.0 0.55558
5950.0 2350.0 0.38820
6050.0 2350.0 0.25366
6150.0 2350.0 0.11005
6250.0 2350.0 -0.07591
6350.0 2350.0 -0.28672
50.0 2450.0 -0.03942
150.0 2450.0 -0.29261
250.0 2450.0 -0.51627
350.0 2450.0 -0.64098
450.0 2450.0 -0.61392
550.0 2450.0 -0.43678
650.0 2450.0 -0.17253
750.0 2450.0 0.07874
850.0 2450.0 0.23505
950.0 2450.0 0.31418
1050.0 2450.0 0.37758
1150.0 2450.0 0.41576
1250.0 2450.0 0.42415
1350.0 2450.0 0.40928
1450.0 2450.0 0.38630
1550.0 2450.0 0.37398
1650.0 2450.0 0.38719
1750.0 2450.0 0.42679
1850.0 2450.0 0.48139
1950.0 2450.0 0.57144
2050.0 2450.0 0.69595
2150.0 2450.0 0.82973
2250.0 2450.0 0.94326
2350.0 2450.0 1.01603
2450.0 2450.0 1.04325
2550.0 2450.0 1.03605
2650.0 2450.0 1.01374
2750.0 2450.0 0.94403
2850.0 2450.0 0.79103
2950.0 2450.0 0.60017
3050.0 2450.0 0.44481
3150.0 2450.0 0.38291
3250.0 2450.0 0.43380
3350.0 2450.0 0.57494
3450.0 2450.0 0.75891
3550.0 2450.0 0.94814
3650.0 2450.0 1.11426
3750.0 2450.0 1.20613
3850.0 2450.0 1.18365
3950.0 2450.0 1.04627
4050.0 2450.0 0.83944
4150.0 2450.0 0.63862
4250.0 2450.0 0.51124
4350.0 2450.0 0.45655
4450.0 2450.0 0.38057
4550.0 2450.0 0.24060
4650.0 2450.0 0.07047
4750.0 2450.0 -0.07122
4850.0 2450.0 -0.13769
4950.0 2450.0 -0.11351
5050.0 2450.0 -0.01740
5150.0 2450.0 0.11197
5250.0 2450.0 0.25045
5350.0 2450.0 0.41734
5450.0 2450.0 0.58775
5550.0 2450.0 0.70423
5650.0 2450.0 0.72425
5750.0 2450.0 0.64484
5850.0 2450.0 0.50401
5950.0 2450.0 0.35901
6050.0 2450.0 0.24138
6150.0 2450.0 0.11737
6250.0 2450.0 -0.04247
6350.0 2450.0 -0.23211
50.0 2550.0 -0.00729
150.0 2550.0 -0.25837
250.0 2550.0 -0.49256
350.0 2550.0 -0.64098
450.0 2550.0 -0.64392
550.0 2550.0 -0.49372
650.0 2550.0 -0.24546
750.0 2550.0 0.00458
850.0 2550.0 0.17274
950.0 2550.0 0.26900
1050.0 2550.0 0.33396
1150.0 2550.0 0.34425
1250.0 2550.0 0.30273
1350.0 2550.0 0.23384
1450.0 2550.0 0.17158
1550.0 2550.0 0.14772
1650.0 2550.0 0.17993
1750.0 2550.0 0.26008
1850.0 2550.0 0.35271
1950.0 2550.0 0.44398
2050.0 2550.0 0.53417
2150.0 2550.0 0.62448
2250.0 2550.0 0.71614
2350.0 2550.0 0.80979
2450.0 2550.0 0.90529
2550.0 2550.0 1.00188
2650.0 2550.0 1.09728
2750.0 2550.0 1.13356
2850.0 2550.0 1.04385
2950.0 2550.0 0.85243
3050.0 2550.0 0.63316
3150.0 2550.0 0.46827
3250.0 2550.0 0.41784
3350.0 2550.0 0.50000
3450.0 2550.0 0.68177
3550.0 2550.0 0.88518
3650.0 2550.0 1.03510
3750.0 2550.0 1.08203
3850.0 2550.0 1.01209
3950.0 2550.0 0.85353
4050.0 2550.0 0.66913
4150.0 2550.0 0.53448
4250.0 2550.0 0.50215
4350.0 2550.0 0.55204
4450.0 2550.0 0.58632
4550.0 2550.0 0.55311
4650.0 2550.0 0.45501
4750.0 2550.0 0.32482
4850.0 2550.0 0.20661
4950.0 2550.0 0.13939
5050.0 2550.0 0.14368
5150.0 2550.0 0.21071
5250.0 2550.0 0.30305
5350.0 2550.0 0.41477
5450.0 2550.0 0.52583
5550.0 2550.0 0.59388
5650.0 2550.0 0.58879
5750.0 2550.0 0.51034
5850.0 2550.0 0.38861
5950.0 2550.0 0.26706
6050.0 2550.0 0.16831
6150.0 2550.0 0.07199
6250.0 2550.0 -0.03507
6350.0 2550.0 -0.15782
50.0 2650.0 0.02230
150.0 2650.0 -0.22746
250.0 2650.0 -0.47433
350.0 2650.0 -0.65061
450.0 2650.0 -0.68939
550.0 2650.0 -0.57281
650.0 2650.0 -0.34687
750.0 2650.0 -0.10295
850.0 2650.0 0.07410
950.0 2650.0 0.18571
1050.0 2650.0 0.25190
1150.0 2650.0 0.23647
1250.0 2650.0 0.14903
1350.0 2650.0 0.03031
1450.0 2650.0 -0.06842
1550.0 2650.0 -0.10348
1650.0 2650.0 -0.05454
1750.0 2650.0 0.06212
1850.0 2650.0 0.18747
1950.0 2650.0 0.26926
2050.0 2650.0 0.30592
2150.0 2650.0 0.32544
2250.0 2650.0 0.36311
2350.0 2650.0 0.44592
2450.0 2650.0 0.58359
2550.0 2650.0 0.76625
2650.0 2650.0 0.96733
2750.0 2650.0 1.10137
2850.0 2650.0 1.07577
2950.0 2650.0 0.89574
3050.0 2650.0 0.63349
3150.0 2650.0 0.39004
3250.0 2650.0 0.25932
3350.0 2650.0 0.29433
3450.0 2650.0 0.47558
3550.0 2650.0 0.69203
3650.0 2650.0 0.82925
3750.0 2650.0 0.83997
3850.0 2650.0 0.73346
3950.0 2650.0 0.56271
4050.0 2650.0 0.40468
4150.0 2650.0 0.33390
4250.0 2650.0 0.38909
4350.0 2650.0 0.53354
4450.0 2650.0 0.66877
4550.0 2650.0 0.73733
4650.0 2650.0 0.71380
4750.0 2650.0 0.60612
4850.0 2650.0 0.45333
4950.0 2650.0 0.31324
5050.0 2650.0 0.24015
5150.0 2650.0 0.25242
5250.0 2650.0 0.30320
5350.0 2650.0 0.36588
5450.0 2650.0 0.42517
5550.0 2650.0 0.45218
5650.0 2650.0 0.42743
5750.0 2650.0 0.35256
5850.0 2650.0 0.24996
5950.0 2650.0 0.15042
6050.0 2650.0 0.06884
6150.0 2650.0 0.00171
6250.0 2650.0 -0.04008
6350.0 2650.0 -0.06995
50.0 2750.0 0.03515
150.0 2750.0 -0.21392
250.0 2750.0 -0.47083
350.0 2750.0 -0.66893
450.0 2750.0 -0.73599
550.0 2750.0 -0.64637
650.0 2750.0 -0.43899
750.0 2750.0 -0.20125
850.0 2750.0 -0.01874
950.0 2750.0 0.10351
1050.0 2750.0 0.17142
1150.0 2750.0 0.14070
1250.0 2750.0 0.02559
1350.0 2750.0 -0.12264
1450.0 2750.0 -0.24181
1550.0 2750.0 -0.28097
1650.0 2750.0 -0.21850
1750.0 2750.0 -0.07610
1850.0 2750.0 0.07001
1950.0 2750.0 0.13227
2050.0 2750.0 0.10427
2150.0 2750.0 0.03613
2250.0 2750.0 -0.00548
2350.0 2750.0 0.03359
2450.0 2750.0 0.17681
2550.0 2750.0 0.40993
2650.0 2750.0 0.68369
2750.0 2750.0 0.88835
2850.0 2750.0 0.91646
2950.0 2750.0 0.75998
3050.0 2750.0 0.48723
3150.0 2750.0 0.20823
3250.0 2750.0 0.03646
3350.0 2750.0 0.04674
3450.0 2750.0 0.22957
3550.0 2750.0 0.45502
3650.0 2750.0 0.58297
3750.0 2750.0 0.56752
3850.0 2750.0 0.43415
3950.0 2750.0 0.25328
4050.0 2750.0 0.11211
4150.0 2750.0 0.08465
4250.0 2750.0 0.20016
4350.0 2750.0 0.41021
4450.0 2750.0 0.61669
4550.0 2750.0 0.76024
4650.0 2750.0 0.79619
4750.0 2750.0 0.71392
4850.0 2750.0 0.54693
4950.0 2750.0 0.36404
5050.0 2750.0 0.24166
5150.0 2750.0 0.21712
5250.0 2750.0 0.23937
5350.0 2750.0 0.27091
5450.0 2750.0 0.30122
5550.0 2750.0 0.31007
5650.0 2750.0 0.28337
5750.0 2750.0 0.22155
5850.0 2750.0 0.13959
5950.0 2750.0 0.05862
6050.0 2750.0 -0.01063
6150.0 2750.0 -0.05448
6250.0 2750.0 -0.03831
6350.0 2750.0 0.01963
50.0 2850.0 0.02369
150.0 2850.0 -0.22495
250.0 2850.0 -0.48565
350.0 2850.0 -0.69208
450.0 2850.0 -0.76985
550.0 2850.0 -0.69023
650.0 2850.0 -0.48943
750.0 2850.0 -0.25340
850.0 2850.0 -0.06809
950.0 2850.0 0.05898
1050.0 2850.0 0.12966
1150.0 2850.0 0.09827
1250.0 2850.0 -0.01914
1350.0 2850.0 -0.16841
1450.0 2850.0 -0.28507
1550.0 2850.0 -0.31734
1650.0 2850.0 -0.24433
1750.0 2850.0 -0.08957
1850.0 2850.0 0.06320
1950.0 2850.0 0.10005
2050.0 2850.0 0.00770
2150.0 2850.0 -0.14927
2250.0 2850.0 -0.28022
2350.0 2850.0 -0.30753
2450.0 2850.0 -0.19263
2550.0 2850.0 0.05084
2650.0 2850.0 0.35595
2750.0 2850.0 0.59567
2850.0 2850.0 0.66012
2950.0 2850.0 0.53535
3050.0 2850.0 0.28423
3150.0 2850.0 0.01527
3250.0 2850.0 -0.15476
3350.0 2850.0 -0.14456
3450.0 2850.0 0.04159
3550.0 2850.0 0.27067
3650.0 2850.0 0.39153
3750.0 2850.0 0.35773
3850.0 2850.0 0.20272
3950.0 2850.0 0.00659
4050.0 2850.0 -0.13668
4150.0 2850.0 -0.15139
4250.0 2850.0 -0.01186
4350.0 2850.0 0.22700
4450.0 2850.0 0.46606
4550.0 2850.0 0.64661
4650.0 2850.0 0.71556
4750.0 2850.0 0.65296
4850.0 2850.0 0.48810
4950.0 2850.0 0.29293
5050.0 2850.0 0.15250
5150.0 2850.0 0.11270
5250.0 2850.0 0.12286
5350.0 2850.0 0.14603
5450.0 2850.0 0.17661
5550.0 2850.0 0.19686
5650.0 2850.0 0.19130
5750.0 2850.0 0.15520
5850.0 2850.0 0.09626
5950.0 2850.0 0.02970
6050.0 2850.0 -0.03328
6150.0 2850.0 -0.06472
6250.0 2850.0 -0.01403
6350.0 2850.0 0.09911
50.0 2950.0 -0.00617
150.0 2950.0 -0.25429
250.0 2950.0 -0.51316
350.0 2950.0 -0.71605
450.0 2950.0 -0.78894
550.0 2950.0 -0.70400
650.0 2950.0 -0.49849
750.0 2950.0 -0.25917
850.0 2950.0 -0.07227
950.0 2950.0 0.05558
1050.0 2950.0 0.12997
1150.0 2950.0 0.10869
1250.0 2950.0 0.00768
1350.0 2950.0 -0.12159
1450.0 2950.0 -0.21860
1550.0 2950.0 -0.23544
1650.0 2950.0 -0.15355
1750.0 2950.0 0.00432
1850.0 2950.0 0.15434
1950.0 2950.0 0.16441
2050.0 2950.0 0.01381
2150.0 2950.0 -0.22455
2250.0 2950.0 -0.44295
2350.0 2950.0 -0.54470
2450.0 2950.0 -0.47669
2550.0 2950.0 -0.24894
2650.0 2950.0 0.05880
2750.0 2950.0 0.30823
2850.0 2950.0 0.39514
2950.0 2950.0 0.30486
3050.0 2950.0 0.09418
3150.0 2950.0 -0.13649
3250.0 2950.0 -0.27766
3350.0 2950.0 -0.25189
3450.0 2950.0 -0.06159
3550.0 2950.0 0.16721
3650.0 2950.0 0.28156
3750.0 2950.0 0.23286
3850.0 2950.0 0.05702
3950.0 2950.0 -0.16111
4050.0 2950.0 -0.32244
4150.0 2950.0 -0.34761
4250.0 2950.0 -0.21017
4350.0 2950.0 0.03172
4450.0 2950.0 0.27592
4550.0 2950.0 0.46521
4650.0 2950.0 0.54565
4750.0 2950.0 0.49486
4850.0 2950.0 0.33967
4950.0 2950.0 0.15044
5050.0 2950.0 0.01203
5150.0 2950.0 -0.02849
5250.0 2950.0 -0.01898
5350.0 2950.0 0.01179
5450.0 2950.0 0.06315
5550.0 2950.0 0.11565
5650.0 2950.0 0.14764
5750.0 2950.0 0.14633
5850.0 2950.0 0.11226
5950.0 2950.0 0.05735
6050.0 2950.0 -0.00358
6150.0 2950.0 -0.03152
6250.0 2950.0 0.03155
6350.0 2950.0 0.16647
50.0 3050.0 -0.06674
150.0 3050.0 -0.30258
250.0 3050.0 -0.54495
350.0 3050.0 -0.72883
450.0 3050.0 -0.78447
550.0 3050.0 -0.68773
650.0 3050.0 -0.47725
750.0 3050.0 -0.23851
850.0 3050.0 -0.05475
950.0 3050.0 0.06997
1050.0 3050.0 0.14722
1150.0 3050.0 0.14111
1250.0 3050.0 0.06677
1350.0 3050.0 -0.02998
1450.0 3050.0 -0.09631
1550.0 3050.0 -0.09133
1650.0 3050.0 -0.00027
1750.0 3050.0 0.15609
1850.0 3050.0 0.29861
1950.0 3050.0 0.28276
2050.0 3050.0 0.08031
2150.0 3050.0 -0.23135
2250.0 3050.0 -0.53203
2350.0 3050.0 -0.70926
2450.0 3050.0 -0.69634
2550.0 3050.0 -0.49803
2650.0 3050.0 -0.20361
2750.0 3050.0 0.04260
2850.0 3050.0 0.14707
2950.0 3050.0 0.09513
3050.0 3050.0 -0.06527
3150.0 3050.0 -0.24679
3250.0 3050.0 -0.35264
3350.0 3050.0 -0.31307
3450.0 3050.0 -0.12854
3550.0 3050.0 0.08792
3650.0 3050.0 0.18778
3750.0 3050.0 0.12263
3850.0 3050.0 -0.06973
3950.0 3050.0 -0.30244
4050.0 3050.0 -0.47524
4150.0 3050.0 -0.50882
4250.0 3050.0 -0.37783
4350.0 3050.0 -0.14178
4450.0 3050.0 0.09732
4550.0 3050.0 0.28418
4650.0 3050.0 0.36617
4750.0 3050.0 0.32082
4850.0 3050.0 0.17348
4950.0 3050.0 -0.00803
5050.0 3050.0 -0.14134
5150.0 3050.0 -0.18043
5250.0 3050.0 -0.17050
5350.0 3050.0 -0.13354
5450.0 3050.0 -0.06574
5550.0 3050.0 0.01330
5650.0 3050.0 0.07807
5750.0 3050.0 0.10955
5850.0 3050.0 0.10188
5950.0 3050.0 0.06310
6050.0 3050.0 0.01024
6150.0 3050.0 -0.00997
6250.0 3050.0 0.06410
6350.0 3050.0 0.21428
50.0 3150.0 -0.19180
150.0 3150.0 -0.37887
250.0 3150.0 -0.56378
350.0 3150.0 -0.69077
450.0 3150.0 -0.70460
550.0 3150.0 -0.59037
650.0 3150.0 -0.38585
750.0 3150.0 -0.16625
850.0 3150.0 -0.00151
950.0 3150.0 0.10947
1050.0 3150.0 0.18517
1150.0 3150.0 0.20159
1250.0 3150.0 0.17176
1350.0 3150.0 0.13008
1450.0 3150.0 0.11435
1550.0 3150.0 0.15206
1650.0 3150.0 0.25111
1750.0 3150.0 0.39495
1850.0 3150.0 0.51973
1950.0 3150.0 0.48445
2050.0 3150.0 0.25442
2150.0 3150.0 -0.09880
2250.0 3150.0 -0.45592
2350.0 3150.0 -0.69936
2450.0 3150.0 -0.75313
2550.0 3150.0 -0.61357
2650.0 3150.0 -0.36977
2750.0 3150.0 -0.15660
2850.0 3150.0 -0.04520
2950.0 3150.0 -0.05019
3050.0 3150.0 -0.14056
3150.0 3150.0 -0.25410
3250.0 3150.0 -0.31848
3350.0 3150.0 -0.27881
3450.0 3150.0 -0.13185
3550.0 3150.0 0.03612
3650.0 3150.0 0.09697
3750.0 3150.0 0.01094
3850.0 3150.0 -0.18190
3950.0 3150.0 -0.39977
4050.0 3150.0 -0.55345
4150.0 3150.0 -0.57684
4250.0 3150.0 -0.45367
4350.0 3150.0 -0.23991
4450.0 3150.0 -0.02542
4550.0 3150.0 0.13816
4650.0 3150.0 0.20307
4750.0 3150.0 0.15057
4850.0 3150.0 0.00592
4950.0 3150.0 -0.16721
5050.0 3150.0 -0.29290
5150.0 3150.0 -0.32973
5250.0 3150.0 -0.32122
5350.0 3150.0 -0.29006
5450.0 3150.0 -0.23001
5550.0 3150.0 -0.15359
5650.0 3150.0 -0.08056
5750.0 3150.0 -0.02865
5850.0 3150.0 -0.00742
5950.0 3150.0 -0.01528
6050.0 3150.0 -0.03942
6150.0 3150.0 -0.03488
6250.0 3150.0 0.05450
6350.0 3150.0 0.21210
50.0 3250.0 -0.34384
150.0 3250.0 -0.44275
250.0 3250.0 -0.52963
350.0 3250.0 -0.56708
450.0 3250.0 -0.52438
550.0 3250.0 -0.39953
650.0 3250.0 -0.22414
750.0 3250.0 -0.05118
850.0 3250.0 0.07449
950.0 3250.0 0.15979
1050.0 3250.0 0.22687
1150.0 3250.0 0.26713
1250.0 3250.0 0.29035
1350.0 3250.0 0.31521
1450.0 3250.0 0.35914
1550.0 3250.0 0.43187
1650.0 3250.0 0.53256
1750.0 3250.0 0.65071
1850.0 3250.0 0.74756
1950.0 3250.0 0.70727
2050.0 3250.0 0.49181
2150.0 3250.0 0.15364
2250.0 3250.0 -0.20801
2350.0 3250.0 -0.48709
2450.0 3250.0 -0.60702
2550.0 3250.0 -0.55328
2650.0 3250.0 -0.40078
2750.0 3250.0 -0.25449
2850.0 3250.0 -0.15119
2950.0 3250.0 -0.10538
3050.0 3250.0 -0.11093
3150.0 3250.0 -0.14257
3250.0 3250.0 -0.16397
3350.0 3250.0 -0.14216
3450.0 3250.0 -0.06851
3550.0 3250.0 0.01134
3650.0 3250.0 0.00736
3750.0 3250.0 -0.10175
3850.0 3250.0 -0.27350
3950.0 3250.0 -0.43980
4050.0 3250.0 -0.53686
4150.0 3250.0 -0.52698
4250.0 3250.0 -0.41205
4350.0 3250.0 -0.23856
4450.0 3250.0 -0.06950
4550.0 3250.0 0.05030
4650.0 3250.0 0.08204
4750.0 3250.0 0.01407
4850.0 3250.0 -0.12798
4950.0 3250.0 -0.28762
5050.0 3250.0 -0.40038
5150.0 3250.0 -0.43335
5250.0 3250.0 -0.42838
5350.0 3250.0 -0.41726
5450.0 3250.0 -0.39398
5550.0 3250.0 -0.35591
5650.0 3250.0 -0.30567
5750.0 3250.0 -0.25061
5850.0 3250.0 -0.20030
5950.0 3250.0 -0.16213
6050.0 3250.0 -0.13492
6150.0 3250.0 -0.08805
6250.0 3250.0 0.01653
6350.0 3250.0 0.16398
50.0 3350.0 -0.45739
150.0 3350.0 -0.44381
250.0 3350.0 -0.41220
350.0 3350.0 -0.35059
450.0 3350.0 -0.25758
550.0 3350.0 -0.14319
650.0 3350.0 -0.02598
750.0 3350.0 0.07368
850.0 3350.0 0.14414
950.0 3350.0 0.19578
1050.0 3350.0 0.24681
1150.0 3350.0 0.30315
1250.0 3350.0 0.37086
1350.0 3350.0 0.45265
1450.0 3350.0 0.54577
1550.0 3350.0 0.64271
1650.0 3350.0 0.73455
1750.0 3350.0 0.81713
1850.0 3350.0 0.88090
1950.0 3350.0 0.85408
2050.0 3350.0 0.69996
2150.0 3350.0 0.44073
2250.0 3350.0 0.13778
2350.0 3350.0 -0.13145
2450.0 3350.0 -0.30031
2550.0 3350.0 -0.34323
2650.0 3350.0 -0.30775
2750.0 3350.0 -0.25141
2850.0 3350.0 -0.17011
2950.0 3350.0 -0.07816
3050.0 3350.0 0.00183
3150.0 3350.0 0.05240
3250.0 3350.0 0.06825
3350.0 3350.0 0.05698
3450.0 3350.0 0.03342
3550.0 3350.0 -0.00022
3650.0 3350.0 -0.08413
3750.0 3350.0 -0.21428
3850.0 3350.0 -0.34611
3950.0 3350.0 -0.43168
4050.0 3350.0 -0.44309
4150.0 3350.0 -0.38179
4250.0 3350.0 -0.27401
4350.0 3350.0 -0.15222
4450.0 3350.0 -0.04116
4550.0 3350.0 0.02482
4650.0 3350.0 0.01858
4750.0 3350.0 -0.06316
4850.0 3350.0 -0.19563
4950.0 3350.0 -0.33286
5050.0 3350.0 -0.42609
5150.0 3350.0 -0.45330
5250.0 3350.0 -0.45336
5350.0 3350.0 -0.47270
5450.0 3350.0 -0.50798
5550.0 3350.0 -0.53583
5650.0 3350.0 -0.53356
5750.0 3350.0 -0.49116
5850.0 3350.0 -0.41488
5950.0 3350.0 -0.32238
6050.0 3350.0 -0.22946
6150.0 3350.0 -0.13038
6250.0 3350.0 -0.01683
6350.0 3350.0 0.09784
50.0 3450.0 -0.48198
150.0 3450.0 -0.35537
250.0 3450.0 -0.21227
350.0 3450.0 -0.06843
450.0 3450.0 0.05031
550.0 3450.0 0.12687
650.0 3450.0 0.16175
750.0 3450.0 0.17211
850.0 3450.0 0.18100
950.0 3450.0 0.19786
1050.0 3450.0 0.22782
1150.0 3450.0 0.28638
1250.0 3450.0 0.37627
1350.0 3450.0 0.48811
1450.0 3450.0 0.60449
1550.0 3450.0 0.70583
1650.0 3450.0 0.77809
1750.0 3450.0 0.82221
1850.0 3450.0 0.85456
1950.0 3450.0 0.85692
2050.0 3450.0 0.79822
2150.0 3450.0 0.66550
2250.0 3450.0 0.47234
2350.0 3450.0 0.25642
2450.0 3450.0 0.06602
2550.0 3450.0 -0.06437
2650.0 3450.0 -0.14739
2750.0 3450.0 -0.18493
2850.0 3450.0 -0.13326
2950.0 3450.0 -0.00652
3050.0 3450.0 0.14554
3150.0 3450.0 0.26508
3250.0 3450.0 0.30743
3350.0 3450.0 0.25618
3450.0 3450.0 0.13200
3550.0 3450.0 -0.01703
3650.0 3450.0 -0.17983
3750.0 3450.0 -0.32559
3850.0 3450.0 -0.40827
3950.0 3450.0 -0.40221
4050.0 3450.0 -0.31803
4150.0 3450.0 -0.19872
4250.0 3450.0 -0.09587
4350.0 3450.0 -0.02655
4450.0 3450.0 0.02675
4550.0 3450.0 0.04287
4650.0 3450.0 0.00680
4750.0 3450.0 -0.07776
4850.0 3450.0 -0.18920
4950.0 3450.0 -0.29469
5050.0 3450.0 -0.36294
5150.0 3450.0 -0.38289
5250.0 3450.0 -0.38827
5350.0 3450.0 -0.44094
5450.0 3450.0 -0.54134
5550.0 3450.0 -0.64447
5650.0 3450.0 -0.70024
5750.0 3450.0 -0.67902
5850.0 3450.0 -0.58203
5950.0 3450.0 -0.43671
6050.0 3450.0 -0.27713
6150.0 3450.0 -0.12724
6250.0 3450.0 -0.01467
6350.0 3450.0 0.04790
50.0 3550.0 -0.40440
150.0 3550.0 -0.18813
250.0 3550.0 0.03515
350.0 3550.0 0.22519
450.0 3550.0 0.33706
550.0 3550.0 0.35356
650.0 3550.0 0.29684
750.0 3550.0 0.21911
850.0 3550.0 0.17246
950.0 3550.0 0.16066
1050.0 3550.0 0.16901
1150.0 3550.0 0.21562
1250.0 3550.0 0.30098
1350.0 3550.0 0.41002
1450.0 3550.0 0.51915
1550.0 3550.0 0.60441
1650.0 3550.0 0.65059
1750.0 3550.0 0.66140
1850.0 3550.0 0.67015
1950.0 3550.0 0.70811
2050.0 3550.0 0.75216
2150.0 3550.0 0.75755
2250.0 3550.0 0.69201
2350.0 3550.0 0.55282
2450.0 3550.0 0.36698
2550.0 3550.0 0.17438
2650.0 3550.0 -0.00393
2750.0 3550.0 -0.11863
2850.0 3550.0 -0.09486
2950.0 3550.0 0.05338
3050.0 3550.0 0.25556
3150.0 3550.0 0.42288
3250.0 3550.0 0.48045
3350.0 3550.0 0.39342
3450.0 3550.0 0.18698
3550.0 3550.0 -0.05525
3650.0 3550.0 -0.28032
3750.0 3550.0 -0.43512
3850.0 3550.0 -0.47283
3950.0 3550.0 -0.38685
4050.0 3550.0 -0.22020
4150.0 3550.0 -0.05049
4250.0 3550.0 0.04980
4350.0 3550.0 0.07683
4450.0 3550.0 0.08518
4550.0 3550.0 0.06769
4650.0 3550.0 0.01939
4750.0 3550.0 -0.05239
4850.0 3550.0 -0.13172
4950.0 3550.0 -0.19955
5050.0 3550.0 -0.24077
5150.0 3550.0 -0.25298
5250.0 3550.0 -0.26269
5350.0 3550.0 -0.34282
5450.0 3550.0 -0.49711
5550.0 3550.0 -0.66291
5650.0 3550.0 -0.76763
5750.0 3550.0 -0.76533
5850.0 3550.0 -0.65280
5950.0 3550.0 -0.46529
6050.0 3550.0 -0.25182
6150.0 3550.0 -0.06313
6250.0 3550.0 0.03893
6350.0 3550.0 0.04138
50.0 3650.0 -0.25056
150.0 3650.0 0.01648
250.0 3650.0 0.27566
350.0 3650.0 0.47009
450.0 3650.0 0.54680
550.0 3650.0 0.49488
650.0 3650.0 0.35620
750.0 3650.0 0.20885
850.0 3650.0 0.12306
950.0 3650.0 0.09384
1050.0 3650.0 0.08486
1150.0 3650.0 0.11051
1250.0 3650.0 0.17044
1350.0 3650.0 0.25035
1450.0 3650.0 0.32882
1550.0 3650.0 0.38471
1650.0 3650.0 0.40516
1750.0 3650.0 0.39418
1850.0 3650.0 0.39037
1950.0 3650.0 0.45833
2050.0 3650.0 0.58209
2150.0 3650.0 0.69573
2250.0 3650.0 0.73452
2350.0 3650.0 0.66581
2450.0 3650.0 0.49920
2550.0 3650.0 0.27642
2650.0 3650.0 0.04249
2750.0 3650.0 -0.11789
2850.0 3650.0 -0.11133
2950.0 3650.0 0.04829
3050.0 3650.0 0.27840
3150.0 3650.0 0.47228
3250.0 3650.0 0.53760
3350.0 3650.0 0.42885
3450.0 3650.0 0.17379
3550.0 3650.0 -0.12326
3650.0 3650.0 -0.38434
3750.0 3650.0 -0.54297
3850.0 3650.0 -0.55207
3950.0 3650.0 -0.41664
4050.0 3650.0 -0.19931
4150.0 3650.0 0.00151
4250.0 3650.0 0.10089
4350.0 3650.0 0.10308
4450.0 3650.0 0.08733
4550.0 3650.0 0.05882
4650.0 3650.0 0.01882
4750.0 3650.0 -0.02580
4850.0 3650.0 -0.06657
4950.0 3650.0 -0.09664
5050.0 3650.0 -0.11309
5150.0 3650.0 -0.11832
5250.0 3650.0 -0.13042
5350.0 3650.0 -0.22545
5450.0 3650.0 -0.40839
5550.0 3650.0 -0.60652
5650.0 3650.0 -0.73488
5750.0 3650.0 -0.73902
5850.0 3650.0 -0.61408
5950.0 3650.0 -0.40025
6050.0 3650.0 -0.15487
6150.0 3650.0 0.05435
6250.0 3650.0 0.14048
6350.0 3650.0 0.08956
50.0 3750.0 -0.06669
150.0 3750.0 0.21301
250.0 3750.0 0.46848
350.0 3750.0 0.63495
450.0 3750.0 0.66120
550.0 3750.0 0.54631
650.0 3750.0 0.34704
750.0 3750.0 0.15598
850.0 3750.0 0.05019
950.0 3750.0 0.01505
1050.0 3750.0 -0.00464
1150.0 3750.0 -0.00182
1250.0 3750.0 0.02343
1350.0 3750.0 0.06194
1450.0 3750.0 0.09983
1550.0 3750.0 0.12324
1650.0 3750.0 0.12364
1750.0 3750.0 0.10350
1850.0 3750.0 0.09708
1950.0 3750.0 0.18177
2050.0 3750.0 0.34592
2150.0 3750.0 0.51509
2250.0 3750.0 0.61019
2350.0 3750.0 0.58427
2450.0 3750.0 0.43758
2550.0 3750.0 0.21124
2650.0 3750.0 -0.03899
2750.0 3750.0 -0.21246
2850.0 3750.0 -0.20887
2950.0 3750.0 -0.04211
3050.0 3750.0 0.20100
3150.0 3750.0 0.40740
3250.0 3750.0 0.47854
3350.0 3750.0 0.36516
3450.0 3750.0 0.09593
3550.0 3750.0 -0.21764
3650.0 3750.0 -0.48971
3750.0 3750.0 -0.64982
3850.0 3750.0 -0.65076
3950.0 3750.0 -0.50097
4050.0 3750.0 -0.26885
4150.0 3750.0 -0.05898
4250.0 3750.0 0.04000
4350.0 3750.0 0.03475
4450.0 3750.0 0.01507
4550.0 3750.0 -0.00445
4650.0 3750.0 -0.02021
4750.0 3750.0 -0.02913
4850.0 3750.0 -0.03074
4950.0 3750.0 -0.02761
5050.0 3750.0 -0.02418
5150.0 3750.0 -0.02391
5250.0 3750.0 -0.03637
5350.0 3750.0 -0.13264
5450.0 3750.0 -0.31642
5550.0 3750.0 -0.51269
5650.0 3750.0 -0.63506
5750.0 3750.0 -0.62929
5850.0 3750.0 -0.49236
5950.0 3750.0 -0.26692
6050.0 3750.0 -0.01148
6150.0 3750.0 0.20120
6250.0 3750.0 0.27106
6350.0 3750.0 0.18292
50.0 3850.0 0.11939
150.0 3850.0 0.39367
250.0 3850.0 0.62725
350.0 3850.0 0.75182
450.0 3850.0 0.72231
550.0 3850.0 0.54915
650.0 3850.0 0.30123
750.0 3850.0 0.07983
850.0 3850.0 -0.03657
950.0 3850.0 -0.07224
1050.0 3850.0 -0.09866
1150.0 3850.0 -0.11686
1250.0 3850.0 -0.12619
1350.0 3850.0 -0.12948
1450.0 3850.0 -0.13173
1550.0 3850.0 -0.13847
1650.0 3850.0 -0.15358
1750.0 3850.0 -0.17669
1850.0 3850.0 -0.18143
1950.0 3850.0 -0.08778
2050.0 3850.0 0.09514
2150.0 3850.0 0.29062
2250.0 3850.0 0.41450
2350.0 3850.0 0.41385
2450.0 3850.0 0.28419
2550.0 3850.0 0.06517
2650.0 3850.0 -0.18352
2750.0 3850.0 -0.35493
2850.0 3850.0 -0.34689
2950.0 3850.0 -0.17319
3050.0 3850.0 0.07833
3150.0 3850.0 0.29309
3250.0 3850.0 0.37106
3350.0 3850.0 0.26201
3450.0 3850.0 -0.00520
3550.0 3850.0 -0.31770
3650.0 3850.0 -0.59021
3750.0 3850.0 -0.75296
3850.0 3850.0 -0.75837
3950.0 3850.0 -0.61377
4050.0 3850.0 -0.38625
4150.0 3850.0 -0.17923
4250.0 3850.0 -0.08089
4350.0 3850.0 -0.08529
4450.0 3850.0 -0.09946
4550.0 3850.0 -0.10121
4650.0 3850.0 -0.08636
4750.0 3850.0 -0.05683
4850.0 3850.0 -0.02000
4950.0 3850.0 0.01375
5050.0 3850.0 0.03496
5150.0 3850.0 0.04072
5250.0 3850.0 0.02973
5350.0 3850.0 -0.06028
5450.0 3850.0 -0.23044
5550.0 3850.0 -0.40736
5650.0 3850.0 -0.50850
5750.0 3850.0 -0.48411
5850.0 3850.0 -0.33470
5950.0 3850.0 -0.10416
6050.0 3850.0 0.15137
6150.0 3850.0 0.35975
6250.0 3850.0 0.41350
6350.0 3850.0 0.29600
50.0 3950.0 0.30874
150.0 3950.0 0.55056
250.0 3950.0 0.73197
350.0 3950.0 0.78629
450.0 3950.0 0.68183
550.0 3950.0 0.44431
650.0 3950.0 0.15328
750.0 3950.0 -0.08740
850.0 3950.0 -0.20506
950.0 3950.0 -0.23526
1050.0 3950.0 -0.26155
1150.0 3950.0 -0.29139
1250.0 3950.0 -0.32336
1350.0 3950.0 -0.35490
1450.0 3950.0 -0.38370
1550.0 3950.0 -0.40856
1650.0 3950.0 -0.42971
1750.0 3950.0 -0.44864
1850.0 3950.0 -0.44685
1950.0 3950.0 -0.34772
2050.0 3950.0 -0.15860
2150.0 3950.0 0.04642
2250.0 3950.0 0.18464
2350.0 3950.0 0.20266
2450.0 3950.0 0.09373
2550.0 3950.0 -0.10524
2650.0 3950.0 -0.33541
2750.0 3950.0 -0.49096
2850.0 3950.0 -0.47253
2950.0 3950.0 -0.29326
3050.0 3950.0 -0.03809
3150.0 3950.0 0.18195
3250.0 3950.0 0.26970
3350.0 3950.0 0.17617
3450.0 3950.0 -0.07090
3550.0 3950.0 -0.36386
3650.0 3950.0 -0.63137
3750.0 3950.0 -0.81109
3850.0 3950.0 -0.85239
3950.0 3950.0 -0.75241
4050.0 3950.0 -0.56489
4150.0 3950.0 -0.38130
4250.0 3950.0 -0.28451
4350.0 3950.0 -0.27552
4450.0 3950.0 -0.27100
4550.0 3950.0 -0.24475
4650.0 3950.0 -0.19286
4750.0 3950.0 -0.12180
4850.0 3950.0 -0.04499
4950.0 3950.0 0.02174
5050.0 3950.0 0.06604
5150.0 3950.0 0.08619
5250.0 3950.0 0.08781
5350.0 3950.0 0.02109
5450.0 3950.0 -0.11277
5550.0 3950.0 -0.24771
5650.0 3950.0 -0.31129
5750.0 3950.0 -0.26177
5850.0 3950.0 -0.10279
5950.0 3950.0 0.12419
6050.0 3950.0 0.36965
6150.0 3950.0 0.56409
6250.0 3950.0 0.59276
6350.0 3950.0 0.43582
50.0 4050.0 0.46494
150.0 4050.0 0.63047
250.0 4050.0 0.71623
350.0 4050.0 0.66717
450.0 4050.0 0.47493
550.0 4050.0 0.18328
650.0 4050.0 -0.12433
750.0 4050.0 -0.35499
850.0 4050.0 -0.45441
950.0 4050.0 -0.46898
1050.0 4050.0 -0.48391
1150.0 4050.0 -0.51024
1250.0 4050.0 -0.54569
1350.0 4050.0 -0.58385
1450.0 4050.0 -0.61745
1550.0 4050.0 -0.64105
1650.0 4050.0 -0.65286
1750.0 4050.0 -0.65589
1850.0 4050.0 -0.63969
1950.0 4050.0 -0.54171
2050.0 4050.0 -0.36903
2150.0 4050.0 -0.18488
2250.0 4050.0 -0.05904
2350.0 4050.0 -0.03579
2450.0 4050.0 -0.11956
2550.0 4050.0 -0.27809
2650.0 4050.0 -0.46177
2750.0 4050.0 -0.57974
2850.0 4050.0 -0.54482
2950.0 4050.0 -0.36841
3050.0 4050.0 -0.12502
3150.0 4050.0 0.08778
3250.0 4050.0 0.18452
3350.0 4050.0 0.12195
3450.0 4050.0 -0.07565
3550.0 4050.0 -0.31805
3650.0 4050.0 -0.56804
3750.0 4050.0 -0.78056
3850.0 4050.0 -0.89842
3950.0 4050.0 -0.89571
4050.0 4050.0 -0.79556
4150.0 4050.0 -0.66180
4250.0 4050.0 -0.56471
4350.0 4050.0 -0.52111
4450.0 4050.0 -0.47767
4550.0 4050.0 -0.41264
4650.0 4050.0 -0.32417
4750.0 4050.0 -0.22041
4850.0 4050.0 -0.11502
4950.0 4050.0 -0.02231
5050.0 4050.0 0.04786
5150.0 4050.0 0.09573
5250.0 4050.0 0.12848
5350.0 4050.0 0.11052
5450.0 4050.0 0.04347
5550.0 4050.0 -0.02277
5650.0 4050.0 -0.03408
5750.0 4050.0 0.04006
5850.0 4050.0 0.19586
5950.0 4050.0 0.40141
6050.0 4050.0 0.61956
6150.0 4050.0 0.78617
6250.0 4050.0 0.78357
6350.0 4050.0 0.58645
50.0 4150.0 0.53648
150.0 4150.0 0.58969
250.0 4150.0 0.55244
350.0 4150.0 0.39203
450.0 4150.0 0.12913
550.0 4150.0 -0.17785
650.0 4150.0 -0.45373
750.0 4150.0 -0.63295
850.0 4150.0 -0.69146
950.0 4150.0 -0.68128
1050.0 4150.0 -0.67542
1150.0 4150.0 -0.68605
1250.0 4150.0 -0.70990
1350.0 4150.0 -0.73772
1450.0 4150.0 -0.75902
1550.0 4150.0 -0.76591
1650.0 4150.0 -0.75576
1750.0 4150.0 -0.73288
1850.0 4150.0 -0.69567
1950.0 4150.0 -0.60615
2050.0 4150.0 -0.47287
2150.0 4150.0 -0.34057
2250.0 4150.0 -0.25531
2350.0 4150.0 -0.24288
2450.0 4150.0 -0.30052
2550.0 4150.0 -0.40210
2650.0 4150.0 -0.51523
2750.0 4150.0 -0.57840
2850.0 4150.0 -0.52688
2950.0 4150.0 -0.36939
3050.0 4150.0 -0.16199
3150.0 4150.0 0.02211
3250.0 4150.0 0.11891
3350.0 4150.0 0.09620
3450.0 4150.0 -0.02767
3550.0 4150.0 -0.19202
3650.0 4150.0 -0.40834
3750.0 4150.0 -0.65533
3850.0 4150.0 -0.86760
3950.0 4150.0 -0.98848
4050.0 4150.0 -0.99966
4150.0 4150.0 -0.92707
4250.0 4150.0 -0.82325
4350.0 4150.0 -0.72625
4450.0 4150.0 -0.62880
4550.0 4150.0 -0.52472
4650.0 4150.0 -0.41600
4750.0 4150.0 -0.30737
4850.0 4150.0 -0.20344
4950.0 4150.0 -0.10684
5050.0 4150.0 -0.01748
5150.0 4150.0 0.06716
5250.0 4150.0 0.14658
5350.0 4150.0 0.19501
5450.0 4150.0 0.21061
5550.0 4150.0 0.22052
5650.0 4150.0 0.25644
5750.0 4150.0 0.33871
5850.0 4150.0 0.46916
5950.0 4150.0 0.63280
6050.0 4150.0 0.80811
6150.0 4150.0 0.93799
6250.0 4150.0 0.91176
6350.0 4150.0 0.69780
50.0 4250.0 0.49780
150.0 4250.0 0.42499
250.0 4250.0 0.26580
350.0 4250.0 0.01729
450.0 4250.0 -0.27216
550.0 4250.0 -0.53839
650.0 4250.0 -0.72811
750.0 4250.0 -0.81659
850.0 4250.0 -0.81655
950.0 4250.0 -0.77715
1050.0 4250.0 -0.74669
1150.0 4250.0 -0.73733
1250.0 4250.0 -0.74475
1350.0 4250.0 -0.75697
1450.0 4250.0 -0.76054
1550.0 4250.0 -0.74548
1650.0 4250.0 -0.70860
1750.0 4250.0 -0.65554
1850.0 4250.0 -0.59469
1950.0 4250.0 -0.51894
2050.0 4250.0 -0.43962
2150.0 4250.0 -0.37908
2250.0 4250.0 -0.35358
2350.0 4250.0 -0.36482
2450.0 4250.0 -0.39966
2550.0 4250.0 -0.43838
2650.0 4250.0 -0.47038
2750.0 4250.0 -0.47308
2850.0 4250.0 -0.41160
2950.0 4250.0 -0.29158
3050.0 4250.0 -0.14502
3150.0 4250.0 -0.01298
3250.0 4250.0 0.06926
3350.0 4250.0 0.08455
3450.0 4250.0 0.04383
3550.0 4250.0 -0.02934
3650.0 4250.0 -0.19788
3750.0 4250.0 -0.46452
3850.0 4250.0 -0.75672
3950.0 4250.0 -0.98807
4050.0 4250.0 -1.09925
4150.0 4250.0 -1.07800
4250.0 4250.0 -0.95837
4350.0 4250.0 -0.79897
4450.0 4250.0 -0.64393
4550.0 4250.0 -0.51236
4650.0 4250.0 -0.41132
4750.0 4250.0 -0.33637
4850.0 4250.0 -0.27346
4950.0 4250.0 -0.20353
5050.0 4250.0 -0.10978
5150.0 4250.0 0.01245
5250.0 4250.0 0.14487
5350.0 4250.0 0.26189
5450.0 4250.0 0.35355
5550.0 4250.0 0.42264
5650.0 4250.0 0.48059
5750.0 4250.0 0.54284
5850.0 4250.0 0.62355
5950.0 4250.0 0.72970
6050.0 4250.0 0.85444
6150.0 4250.0 0.94761
6250.0 4250.0 0.91802
6350.0 4250.0 0.72869
50.0 4350.0 0.36725
150.0 4350.0 0.18163
250.0 4350.0 -0.07144
350.0 4350.0 -0.36381
450.0 4350.0 -0.62685
550.0 4350.0 -0.80147
650.0 4350.0 -0.86597
750.0 4350.0 -0.84180
850.0 4350.0 -0.77729
950.0 4350.0 -0.71041
1050.0 4350.0 -0.65842
1150.0 4350.0 -0.63410
1250.0 4350.0 -0.63204
1350.0 4350.0 -0.63671
1450.0 4350.0 -0.63052
1550.0 4350.0 -0.60018
1650.0 4350.0 -0.54124
1750.0 4350.0 -0.46090
1850.0 4350.0 -0.37862
1950.0 4350.0 -0.31792
2050.0 4350.0 -0.29340
2150.0 4350.0 -0.30605
2250.0 4350.0 -0.34331
2350.0 4350.0 -0.38301
2450.0 4350.0 -0.40117
2550.0 4350.0 -0.38365
2650.0 4350.0 -0.34108
2750.0 4350.0 -0.29099
2850.0 4350.0 -0.23012
2950.0 4350.0 -0.16126
3050.0 4350.0 -0.09131
3150.0 4350.0 -0.02738
3250.0 4350.0 0.02586
3350.0 4350.0 0.06769
3450.0 4350.0 0.10156
3550.0 4350.0 0.11368
3650.0 4350.0 -0.00045
3750.0 4350.0 -0.26179
3850.0 4350.0 -0.59393
3950.0 4350.0 -0.88973
4050.0 4350.0 -1.05997
4150.0 4350.0 -1.06368
4250.0 4350.0 -0.92010
4350.0 4350.0 -0.70229
4450.0 4350.0 -0.49857
4550.0 4350.0 -0.35797
4650.0 4350.0 -0.29282
4750.0 4350.0 -0.28536
4850.0 4350.0 -0.29677
4950.0 4350.0 -0.28037
5050.0 4350.0 -0.19902
5150.0 4350.0 -0.04666
5250.0 4350.0 0.13376
5350.0 4350.0 0.30582
5450.0 4350.0 0.44789
5550.0 4350.0 0.54227
5650.0 4350.0 0.58741
5750.0 4350.0 0.60126
5850.0 4350.0 0.61527
5950.0 4350.0 0.65911
6050.0 4350.0 0.73607
6150.0 4350.0 0.80120
6250.0 4350.0 0.79275
6350.0 4350.0 0.67081
50.0 4450.0 0.20189
150.0 4450.0 -0.06119
250.0 4450.0 -0.36400
350.0 4450.0 -0.65277
450.0 4450.0 -0.84940
550.0 4450.0 -0.90806
650.0 4450.0 -0.84028
750.0 4450.0 -0.70853
850.0 4450.0 -0.58817
950.0 4450.0 -0.50122
1050.0 4450.0 -0.43657
1150.0 4450.0 -0.40980
1250.0 4450.0 -0.41442
1350.0 4450.0 -0.42994
1450.0 4450.0 -0.43238
1550.0 4450.0 -0.40289
1650.0 4450.0 -0.33432
1750.0 4450.0 -0.23579
1850.0 4450.0 -0.13834
1950.0 4450.0 -0.08933
2050.0 4450.0 -0.10595
2150.0 4450.0 -0.17367
2250.0 4450.0 -0.25879
2350.0 4450.0 -0.32145
2450.0 4450.0 -0.32942
2550.0 4450.0 -0.27241
2650.0 4450.0 -0.17669
2750.0 4450.0 -0.09202
2850.0 4450.0 -0.04197
2950.0 4450.0 -0.02727
3050.0 4450.0 -0.03380
3150.0 4450.0 -0.03989
3250.0 4450.0 -0.02388
3350.0 4450.0 0.02791
3450.0 4450.0 0.11287
3550.0 4450.0 0.18736
3650.0 4450.0 0.12383
3750.0 4450.0 -0.10724
3850.0 4450.0 -0.42974
3950.0 4450.0 -0.72927
4050.0 4450.0 -0.90425
4150.0 4450.0 -0.90046
4250.0 4450.0 -0.72917
4350.0 4450.0 -0.46863
4450.0 4450.0 -0.23426
4550.0 4450.0 -0.10250
4650.0 4450.0 -0.09002
4750.0 4450.0 -0.16497
4850.0 4450.0 -0.26371
4950.0 4450.0 -0.31268
5050.0 4450.0 -0.25563
5150.0 4450.0 -0.08597
5250.0 4450.0 0.12785
5350.0 4450.0 0.33084
5450.0 4450.0 0.48876
5550.0 4450.0 0.57126
5650.0 4450.0 0.57334
5750.0 4450.0 0.52194
5850.0 4450.0 0.46694
5950.0 4450.0 0.45674
6050.0 4450.0 0.49840
6150.0 4450.0 0.54939
6250.0 4450.0 0.58075
6350.0 4450.0 0.55254
50.0 4550.0 0.06900
150.0 4550.0 -0.22728
250.0 4550.0 -0.53575
350.0 4550.0 -0.78711
450.0 4550.0 -0.90387
550.0 4550.0 -0.85635
650.0 4550.0 -0.68263
750.0 4550.0 -0.47258
850.0 4550.0 -0.31594
950.0 4550.0 -0.21916
1050.0 4550.0 -0.15322
1150.0 4550.0 -0.13930
1250.0 4550.0 -0.16996
1350.0 4550.0 -0.21821
1450.0 4550.0 -0.25126
1550.0 4550.0 -0.24219
1650.0 4550.0 -0.17952
1750.0 4550.0 -0.07464
1850.0 4550.0 0.03001
1950.0 4550.0 0.07399
2050.0 4550.0 0.03905
2150.0 4550.0 -0.05315
2250.0 4550.0 -0.15923
2350.0 4550.0 -0.23137
2450.0 4550.0 -0.23369
2550.0 4550.0 -0.15779
2650.0 4550.0 -0.03716
2750.0 4550.0 0.06014
2850.0 4550.0 0.09311
2950.0 4550.0 0.06200
3050.0 4550.0 -0.00563
3150.0 4550.0 -0.06928
3250.0 4550.0 -0.08985
3350.0 4550.0 -0.04378
3450.0 4550.0 0.06266
3550.0 4550.0 0.16821
3650.0 4550.0 0.14273
3750.0 4550.0 -0.04186
3850.0 4550.0 -0.31335
3950.0 4550.0 -0.56313
4050.0 4550.0 -0.69472
4150.0 4550.0 -0.65658
4250.0 4550.0 -0.45936
4350.0 4550.0 -0.17748
4450.0 4550.0 0.06704
4550.0 4550.0 0.17893
4650.0 4550.0 0.13891
4750.0 4550.0 -0.00988
4850.0 4550.0 -0.18482
4950.0 4550.0 -0.29238
5050.0 4550.0 -0.26260
5150.0 4550.0 -0.08914
5250.0 4550.0 0.13939
5350.0 4550.0 0.34752
5450.0 4550.0 0.49028
5550.0 4550.0 0.53365
5650.0 4550.0 0.47752
5750.0 4550.0 0.36109
5850.0 4550.0 0.24973
5950.0 4550.0 0.20346
6050.0 4550.0 0.22720
6150.0 4550.0 0.27812
6250.0 4550.0 0.35577
6350.0 4550.0 0.42248
50.0 4650.0 -0.00566
150.0 4650.0 -0.30296
250.0 4650.0 -0.59013
350.0 4650.0 -0.79113
450.0 4650.0 -0.83495
550.0 4650.0 -0.70671
650.0 4650.0 -0.46216
750.0 4650.0 -0.20555
850.0 4650.0 -0.03088
950.0 4650.0 0.06781
1050.0 4650.0 0.12670
1150.0 4650.0 0.11681
1250.0 4650.0 0.04645
1350.0 4650.0 -0.04991
1450.0 4650.0 -0.12907
1550.0 4650.0 -0.15436
1650.0 4650.0 -0.10887
1750.0 4650.0 -0.00646
1850.0 4650.0 0.09952
1950.0 4650.0 0.14444
2050.0 4650.0 0.11035
2150.0 4650.0 0.01952
2250.0 4650.0 -0.08423
2350.0 4650.0 -0.15304
2450.0 4650.0 -0.15139
2550.0 4650.0 -0.07143
2650.0 4650.0 0.05295
2750.0 4650.0 0.14731
2850.0 4650.0 0.16162
2950.0 4650.0 0.09629
3050.0 4650.0 -0.01430
3150.0 4650.0 -0.11975
3250.0 4650.0 -0.17142
3350.0 4650.0 -0.14018
3450.0 4650.0 -0.03387
3550.0 4650.0 0.07878
3650.0 4650.0 0.07872
3750.0 4650.0 -0.05446
3850.0 4650.0 -0.25429
3950.0 4650.0 -0.42568
4050.0 4650.0 -0.48795
4150.0 4650.0 -0.40221
4250.0 4650.0 -0.18330
4350.0 4650.0 0.10353
4450.0 4650.0 0.34427
4550.0 4650.0 0.43345
4650.0 4650.0 0.35069
4750.0 4650.0 0.14669
4850.0 4650.0 -0.08385
4950.0 4650.0 -0.23522
5050.0 4650.0 -0.22944
5150.0 4650.0 -0.06085
5250.0 4650.0 0.16861
5350.0 4650.0 0.36513
5450.0 4650.0 0.47580
5550.0 4650.0 0.46898
5650.0 4650.0 0.35394
5750.0 4650.0 0.18235
5850.0 4650.0 0.03091
5950.0 4650.0 -0.03490
6050.0 4650.0 -0.01561
6150.0 4650.0 0.04395
6250.0 4650.0 0.16492
6350.0 4650.0 0.31296
50.0 4750.0 -0.06385
150.0 4750.0 -0.35468
250.0 4750.0 -0.61745
350.0 4750.0 -0.77198
450.0 4750.0 -0.75367
550.0 4750.0 -0.55988
650.0 4750.0 -0.25976
750.0 4750.0 0.03254
850.0 4750.0 0.22117
950.0 4750.0 0.32204
1050.0 4750.0 0.37625
1150.0 4750.0 0.34848
1250.0 4750.0 0.24721
1350.0 4750.0 0.11240
1450.0 4750.0 -0.00456
1550.0 4750.0 -0.05899
1650.0 4750.0 -0.02911
1750.0 4750.0 0.06962
1850.0 4750.0 0.17506
1950.0 4750.0 0.21852
2050.0 4750.0 0.18128
2150.0 4750.0 0.08536
2250.0 4750.0 -0.02494
2350.0 4750.0 -0.10071
2450.0 4750.0 -0.10519
2550.0 4750.0 -0.02969
2650.0 4750.0 0.09136
2750.0 4750.0 0.17790
2850.0 4750.0 0.17339
2950.0 4750.0 0.07824
3050.0 4750.0 -0.06849
3150.0 4750.0 -0.20948
3250.0 4750.0 -0.28941
3350.0 4750.0 -0.27504
3450.0 4750.0 -0.17526
3550.0 4750.0 -0.06249
3650.0 4750.0 -0.03899
3750.0 4750.0 -0.11599
3850.0 4750.0 -0.23505
3950.0 4750.0 -0.31870
4050.0 4750.0 -0.30606
4150.0 4750.0 -0.17352
4250.0 4750.0 0.05963
4350.0 4750.0 0.34014
4450.0 4750.0 0.56896
4550.0 4750.0 0.63769
4650.0 4750.0 0.52642
4750.0 4750.0 0.29016
4850.0 4750.0 0.02922
4950.0 4750.0 -0.14586
5050.0 4750.0 -0.15472
5150.0 4750.0 0.00704
5250.0 4750.0 0.23092
5350.0 4750.0 0.40891
5450.0 4750.0 0.48188
5550.0 4750.0 0.42295
5650.0 4750.0 0.25192
5750.0 4750.0 0.03218
5850.0 4750.0 -0.15074
5950.0 4750.0 -0.22876
6050.0 4750.0 -0.20889
6150.0 4750.0 -0.13753
6250.0 4750.0 0.02518
6350.0 4750.0 0.24766
50.0 4850.0 -0.10702
150.0 4850.0 -0.38450
250.0 4850.0 -0.62800
350.0 4850.0 -0.75659
450.0 4850.0 -0.70848
550.0 4850.0 -0.48530
650.0 4850.0 -0.16021
750.0 4850.0 0.15025
850.0 4850.0 0.35048
950.0 4850.0 0.45977
1050.0 4850.0 0.52306
1150.0 4850.0 0.50471
1250.0 4850.0 0.41096
1350.0 4850.0 0.27984
1450.0 4850.0 0.16231
1550.0 4850.0 0.10443
1650.0 4850.0 0.13038
1750.0 4850.0 0.22650
1850.0 4850.0 0.32865
1950.0 4850.0 0.36062
2050.0 4850.0 0.29863
2150.0 4850.0 0.16489
2250.0 4850.0 0.00866
2350.0 4850.0 -0.11304
2450.0 4850.0 -0.15505
2550.0 4850.0 -0.10398
2650.0 4850.0 0.00153
2750.0 4850.0 0.07253
2850.0 4850.0 0.05050
2950.0 4850.0 -0.06427
3050.0 4850.0 -0.23196
3150.0 4850.0 -0.39403
3250.0 4850.0 -0.49385
3350.0 4850.0 -0.49732
3450.0 4850.0 -0.41342
3550.0 4850.0 -0.31088
3650.0 4850.0 -0.26387
3750.0 4850.0 -0.27338
3850.0 4850.0 -0.29613
3950.0 4850.0 -0.28133
4050.0 4850.0 -0.19479
4150.0 4850.0 -0.03049
4250.0 4850.0 0.19050
4350.0 4850.0 0.43322
4450.0 4850.0 0.62780
4550.0 4850.0 0.68198
4650.0 4850.0 0.58125
4750.0 4850.0 0.37643
4850.0 4850.0 0.15596
4950.0 4850.0 0.01476
5050.0 4850.0 0.01973
5150.0 4850.0 0.17186
5250.0 4850.0 0.37496
5350.0 4850.0 0.52005
5450.0 4850.0 0.54652
5550.0 4850.0 0.43686
5650.0 4850.0 0.22270
5750.0 4850.0 -0.02420
5850.0 4850.0 -0.21622
5950.0 4850.0 -0.28961
6050.0 4850.0 -0.25919
6150.0 4850.0 -0.17009
6250.0 4850.0 0.03035
6350.0 4850.0 0.31033
50.0 4950.0 -0.12315
150.0 4950.0 -0.37966
250.0 4950.0 -0.61189
350.0 4950.0 -0.74264
450.0 4950.0 -0.70811
550.0 4950.0 -0.50374
650.0 4950.0 -0.19445
750.0 4950.0 0.11052
850.0 4950.0 0.31841
950.0 4950.0 0.44330
1050.0 4950.0 0.53038
1150.0 4950.0 0.54926
1250.0 4950.0 0.50124
1350.0 4950.0 0.41496
1450.0 4950.0 0.33265
1550.0 4950.0 0.29550
1650.0 4950.0 0.32816
1750.0 4950.0 0.42227
1850.0 4950.0 0.51894
1950.0 4950.0 0.53425
2050.0 4950.0 0.43625
2150.0 4950.0 0.24602
2250.0 4950.0 0.01911
2350.0 4950.0 -0.17562
2450.0 4950.0 -0.27973
2550.0 4950.0 -0.27171
2650.0 4950.0 -0.19558
2750.0 4950.0 -0.14791
2850.0 4950.0 -0.18199
2950.0 4950.0 -0.29776
3050.0 4950.0 -0.46040
3150.0 4950.0 -0.61849
3250.0 4950.0 -0.72213
3350.0 4950.0 -0.74112
3450.0 4950.0 -0.68318
3550.0 4950.0 -0.60363
3650.0 4950.0 -0.53850
3750.0 4950.0 -0.47943
3850.0 4950.0 -0.40519
3950.0 4950.0 -0.29879
4050.0 4950.0 -0.15666
4150.0 4950.0 0.01029
4250.0 4950.0 0.18350
4350.0 4950.0 0.35121
4450.0 4950.0 0.48423
4550.0 4950.0 0.52600
4650.0 4950.0 0.47294
4750.0 4950.0 0.36321
4850.0 4950.0 0.25523
4950.0 4950.0 0.20664
5050.0 4950.0 0.25382
5150.0 4950.0 0.39176
5250.0 4950.0 0.55659
5350.0 4950.0 0.65474
5450.0 4950.0 0.63096
5550.0 4950.0 0.48191
5650.0 4950.0 0.25059
5750.0 4950.0 0.01097
5850.0 4950.0 -0.15714
5950.0 4950.0 -0.20316
6050.0 4950.0 -0.15018
6150.0 4950.0 -0.03788
6250.0 4950.0 0.18956
6350.0 4950.0 0.49606
50.0 5050.0 -0.10869
150.0 5050.0 -0.33950
250.0 5050.0 -0.56856
350.0 5050.0 -0.72593
450.0 5050.0 -0.74177
550.0 5050.0 -0.59670
650.0 5050.0 -0.33750
750.0 5050.0 -0.05827
850.0 5050.0 0.15310
950.0 5050.0 0.29832
1050.0 5050.0 0.41750
1150.0 5050.0 0.48739
1250.0 5050.0 0.50271
1350.0 5050.0 0.47914
1450.0 5050.0 0.44663
1550.0 5050.0 0.43931
1650.0 5050.0 0.48208
1750.0 5050.0 0.57378
1850.0 5050.0 0.66474
1950.0 5050.0 0.66823
2050.0 5050.0 0.54440
2150.0 5050.0 0.30991
2250.0 5050.0 0.02252
2350.0 5050.0 -0.24023
2450.0 5050.0 -0.40783
2550.0 5050.0 -0.44955
2650.0 5050.0 -0.41173
2750.0 5050.0 -0.39117
2850.0 5050.0 -0.42849
2950.0 5050.0 -0.52396
3050.0 5050.0 -0.65318
3150.0 5050.0 -0.77979
3250.0 5050.0 -0.86823
3350.0 5050.0 -0.89677
3450.0 5050.0 -0.87059
3550.0 5050.0 -0.82355
3650.0 5050.0 -0.75083
3750.0 5050.0 -0.63794
3850.0 5050.0 -0.48854
3950.0 5050.0 -0.31994
4050.0 5050.0 -0.15657
4150.0 5050.0 -0.02161
4250.0 5050.0 0.07336
4350.0 5050.0 0.14007
4450.0 5050.0 0.19127
4550.0 5050.0 0.21601
4650.0 5050.0 0.22518
4750.0 5050.0 0.24031
4850.0 5050.0 0.28025
4950.0 5050.0 0.35351
5050.0 5050.0 0.45611
5150.0 5050.0 0.57506
5250.0 5050.0 0.69003
5350.0 5050.0 0.73514
5450.0 5050.0 0.66693
5550.0 5050.0 0.49862
5650.0 5050.0 0.28187
5750.0 5050.0 0.08570
5850.0 5050.0 -0.02717
5950.0 5050.0 -0.02639
6050.0 5050.0 0.05782
6150.0 5050.0 0.19523
6250.0 5050.0 0.43453
6350.0 5050.0 0.73210
50.0 5150.0 -0.07128
150.0 5150.0 -0.27631
250.0 5150.0 -0.50742
350.0 5150.0 -0.70326
450.0 5150.0 -0.78619
550.0 5150.0 -0.71842
650.0 5150.0 -0.52456
750.0 5150.0 -0.28049
850.0 5150.0 -0.06851
950.0 5150.0 0.09761
1050.0 5150.0 0.24774
1150.0 5150.0 0.36336
1250.0 5150.0 0.43253
1350.0 5150.0 0.45966
1450.0 5150.0 0.46499
1550.0 5150.0 0.47818
1650.0 5150.0 0.52598
1750.0 5150.0 0.61402
1850.0 5150.0 0.70108
1950.0 5150.0 0.70587
2050.0 5150.0 0.58405
2150.0 5150.0 0.34400
2250.0 5150.0 0.03758
2350.0 5150.0 -0.25789
2450.0 5150.0 -0.46665
2550.0 5150.0 -0.55038
2650.0 5150.0 -0.55162
2750.0 5150.0 -0.55655
2850.0 5150.0 -0.58820
2950.0 5150.0 -0.64719
3050.0 5150.0 -0.72266
3150.0 5150.0 -0.79789
3250.0 5150.0 -0.85612
3350.0 5150.0 -0.88675
3450.0 5150.0 -0.89174
3550.0 5150.0 -0.88001
3650.0 5150.0 -0.81153
3750.0 5150.0 -0.67001
3850.0 5150.0 -0.48184
3950.0 5150.0 -0.29222
4050.0 5150.0 -0.14547
4150.0 5150.0 -0.06994
4250.0 5150.0 -0.06738
4350.0 5150.0 -0.10691
4450.0 5150.0 -0.14328
4550.0 5150.0 -0.14528
4650.0 5150.0 -0.08725
4750.0 5150.0 0.03768
4850.0 5150.0 0.21142
4950.0 5150.0 0.39550
5050.0 5150.0 0.54670
5150.0 5150.0 0.64340
5250.0 5150.0 0.70706
5350.0 5150.0 0.70322
5450.0 5150.0 0.60382
5550.0 5150.0 0.43780
5650.0 5150.0 0.26153
5750.0 5150.0 0.13347
5850.0 5150.0 0.09402
5950.0 5150.0 0.15063
6050.0 5150.0 0.26824
6150.0 5150.0 0.42832
6250.0 5150.0 0.66557
6350.0 5150.0 0.92725
50.0 5250.0 -0.02794
150.0 5250.0 -0.21171
250.0 5250.0 -0.44507
350.0 5250.0 -0.67393
450.0 5250.0 -0.81399
550.0 5250.0 -0.81193
650.0 5250.0 -0.67361
750.0 5250.0 -0.45954
850.0 5250.0 -0.24738
950.0 5250.0 -0.06415
1050.0 5250.0 0.10696
1150.0 5250.0 0.24638
1250.0 5250.0 0.33714
1350.0 5250.0 0.37850
1450.0 5250.0 0.38848
1550.0 5250.0 0.39853
1650.0 5250.0 0.44003
1750.0 5250.0 0.52281
1850.0 5250.0 0.60907
1950.0 5250.0 0.63098
2050.0 5250.0 0.54501
2150.0 5250.0 0.34819
2250.0 5250.0 0.07793
2350.0 5250.0 -0.19968
2450.0 5250.0 -0.41308
2550.0 5250.0 -0.52012
2650.0 5250.0 -0.55277
2750.0 5250.0 -0.57693
2850.0 5250.0 -0.59757
2950.0 5250.0 -0.61561
3050.0 5250.0 -0.63330
3150.0 5250.0 -0.65296
3250.0 5250.0 -0.67612
3350.0 5250.0 -0.70300
3450.0 5250.0 -0.73247
3550.0 5250.0 -0.75111
3650.0 5250.0 -0.69508
3750.0 5250.0 -0.55001
3850.0 5250.0 -0.35880
3950.0 5250.0 -0.18398
4050.0 5250.0 -0.07953
4150.0 5250.0 -0.07255
4250.0 5250.0 -0.15462
4350.0 5250.0 -0.28304
4450.0 5250.0 -0.39609
4550.0 5250.0 -0.43552
4650.0 5250.0 -0.36402
4750.0 5250.0 -0.18228
4850.0 5250.0 0.06809
4950.0 5250.0 0.31687
5050.0 5250.0 0.49290
5150.0 5250.0 0.56695
5250.0 5250.0 0.58845
5350.0 5250.0 0.54811
5450.0 5250.0 0.43262
5550.0 5250.0 0.28298
5650.0 5250.0 0.15664
5750.0 5250.0 0.09983
5850.0 5250.0 0.13155
5950.0 5250.0 0.23903
6050.0 5250.0 0.38488
6150.0 5250.0 0.56199
6250.0 5250.0 0.79015
6350.0 5250.0 1.00847
50.0 5350.0 0.00145
150.0 5350.0 -0.16858
250.0 5350.0 -0.39916
350.0 5350.0 -0.63983
450.0 5350.0 -0.80342
550.0 5350.0 -0.82940
650.0 5350.0 -0.71476
750.0 5350.0 -0.51254
850.0 5350.0 -0.29792
950.0 5350.0 -0.10435
1050.0 5350.0 0.07255
1150.0 5350.0 0.20527
1250.0 5350.0 0.27451
1350.0 5350.0 0.28263
1450.0 5350.0 0.25517
1550.0 5350.0 0.23292
1650.0 5350.0 0.25474
1750.0 5350.0 0.33099
1850.0 5350.0 0.41963
1950.0 5350.0 0.47109
2050.0 5350.0 0.44766
2150.0 5350.0 0.33415
2250.0 5350.0 0.14769
2350.0 5350.0 -0.06552
2450.0 5350.0 -0.24675
2550.0 5350.0 -0.35436
2650.0 5350.0 -0.40513
2750.0 5350.0 -0.43989
2850.0 5350.0 -0.44997
2950.0 5350.0 -0.43646
3050.0 5350.0 -0.41078
3150.0 5350.0 -0.38859
3250.0 5350.0 -0.38420
3350.0 5350.0 -0.40546
3450.0 5350.0 -0.44910
3550.0 5350.0 -0.48706
3650.0 5350.0 -0.44474
3750.0 5350.0 -0.31124
3850.0 5350.0 -0.13799
3950.0 5350.0 0.00583
4050.0 5350.0 0.06497
4150.0 5350.0 0.01691
4250.0 5350.0 -0.12242
4350.0 5350.0 -0.30582
4450.0 5350.0 -0.47172
4550.0 5350.0 -0.55611
4650.0 5350.0 -0.51537
4750.0 5350.0 -0.34825
4850.0 5350.0 -0.10043
4950.0 5350.0 0.14876
5050.0 5350.0 0.31770
5150.0 5350.0 0.37180
5250.0 5350.0 0.36764
5350.0 5350.0 0.30699
5450.0 5350.0 0.18649
5550.0 5350.0 0.05406
5650.0 5350.0 -0.03362
5750.0 5350.0 -0.03950
5850.0 5350.0 0.04087
5950.0 5350.0 0.18173
6050.0 5350.0 0.34514
6150.0 5350.0 0.53251
6250.0 5350.0 0.75445
6350.0 5350.0 0.94503
50.0 5450.0 0.00504
150.0 5450.0 -0.15871
250.0 5450.0 -0.37882
350.0 5450.0 -0.60414
450.0 5450.0 -0.74929
550.0 5450.0 -0.75669
650.0 5450.0 -0.62627
750.0 5450.0 -0.41301
850.0 5450.0 -0.19216
950.0 5450.0 0.00474
1050.0 5450.0 0.17299
1150.0 5450.0 0.27166
1250.0 5450.0 0.28168
1350.0 5450.0 0.21593
1450.0 5450.0 0.11566
1550.0 5450.0 0.03718
1650.0 5450.0 0.02877
1750.0 5450.0 0.09784
1850.0 5450.0 0.19108
1950.0 5450.0 0.27753
2050.0 5450.0 0.32847
2150.0 5450.0 0.31766
2250.0 5450.0 0.24045
2350.0 5450.0 0.11917
2450.0 5450.0 -0.00516
2550.0 5450.0 -0.09490
2650.0 5450.0 -0.15027
2750.0 5450.0 -0.18795
2850.0 5450.0 -0.19256
2950.0 5450.0 -0.16526
3050.0 5450.0 -0.12108
3150.0 5450.0 -0.08096
3250.0 5450.0 -0.06432
3350.0 5450.0 -0.08201
3450.0 5450.0 -0.12994
3550.0 5450.0 -0.17482
3650.0 5450.0 -0.14127
3750.0 5450.0 -0.02114
3850.0 5450.0 0.13242
3950.0 5450.0 0.25074
4050.0 5450.0 0.28138
4150.0 5450.0 0.20595
4250.0 5450.0 0.04382
4350.0 5450.0 -0.15830
4450.0 5450.0 -0.35047
4550.0 5450.0 -0.48219
4650.0 5450.0 -0.50896
4750.0 5450.0 -0.41918
4850.0 5450.0 -0.24480
4950.0 5450.0 -0.05301
5050.0 5450.0 0.08085
5150.0 5450.0 0.11939
5250.0 5450.0 0.10662
5350.0 5450.0 0.03953
5450.0 5450.0 -0.08193
5550.0 5450.0 -0.20762
5650.0 5450.0 -0.28130
5750.0 5450.0 -0.26922
5850.0 5450.0 -0.17198
5950.0 5450.0 -0.01971
6050.0 5450.0 0.14958
6150.0 5450.0 0.34177
6250.0 5450.0 0.56760
6350.0 5450.0 0.75997
50.0 5550.0 -0.00791
150.0 5550.0 -0.16868
250.0 5550.0 -0.37340
350.0 5550.0 -0.56812
450.0 5550.0 -0.67203
550.0 5550.0 -0.63605
650.0 5550.0 -0.46934
750.0 5550.0 -0.23359
850.0 5550.0 -0.00521
950.0 5550.0 0.19074
1050.0 5550.0 0.34333
1150.0 5550.0 0.39654
1250.0 5550.0 0.33283
1350.0 5550.0 0.17834
1450.0 5550.0 -0.00712
1550.0 5550.0 -0.14993
1650.0 5550.0 -0.19211
1750.0 5550.0 -0.13064
1850.0 5550.0 -0.03275
1950.0 5550.0 0.08821
2050.0 5550.0 0.21344
2150.0 5550.0 0.30711
2250.0 5550.0 0.34359
2350.0 5550.0 0.32109
2450.0 5550.0 0.26160
2550.0 5550.0 0.19729
2650.0 5550.0 0.14398
2750.0 5550.0 0.10677
2850.0 5550.0 0.10357
2950.0 5550.0 0.13332
3050.0 5550.0 0.18066
3150.0 5550.0 0.22407
3250.0 5550.0 0.24351
3350.0 5550.0 0.22764
3450.0 5550.0 0.18058
3550.0 5550.0 0.13565
3650.0 5550.0 0.16486
3750.0 5550.0 0.27434
3850.0 5550.0 0.41204
3950.0 5550.0 0.51236
4050.0 5550.0 0.52669
4150.0 5550.0 0.43993
4250.0 5550.0 0.27275
4350.0 5550.0 0.06962
4450.0 5550.0 -0.13531
4550.0 5550.0 -0.31334
4650.0 5550.0 -0.42177
4750.0 5550.0 -0.43542
4850.0 5550.0 -0.36484
4950.0 5550.0 -0.25569
5050.0 5550.0 -0.16933
5150.0 5550.0 -0.14451
5250.0 5550.0 -0.15838
5350.0 5550.0 -0.22614
5450.0 5550.0 -0.34779
5550.0 5550.0 -0.47313
5650.0 5550.0 -0.54610
5750.0 5550.0 -0.53325
5850.0 5550.0 -0.43551
5950.0 5550.0 -0.28324
6050.0 5550.0 -0.11436
6150.0 5550.0 0.07989
6250.0 5550.0 0.31591
6350.0 5550.0 0.52764
50.0 5650.0 -0.03553
150.0 5650.0 -0.19137
250.0 5650.0 -0.37211
350.0 5650.0 -0.52260
450.0 5650.0 -0.57218
550.0 5650.0 -0.48578
650.0 5650.0 -0.28467
750.0 5650.0 -0.03670
850.0 5650.0 0.18386
950.0 5650.0 0.36241
1050.0 5650.0 0.48962
1150.0 5650.0 0.50275
1250.0 5650.0 0.38655
1350.0 5650.0 0.17494
1450.0 5650.0 -0.06302
1550.0 5650.0 -0.24621
1650.0 5650.0 -0.31363
1750.0 5650.0 -0.26562
1850.0 5650.0 -0.17400
1950.0 5650.0 -0.03440
2050.0 5650.0 0.14563
2150.0 5650.0 0.32536
2250.0 5650.0 0.46265
2350.0 5650.0 0.53368
2450.0 5650.0 0.54055
2550.0 5650.0 0.50686
2650.0 5650.0 0.46141
2750.0 5650.0 0.42697
2850.0 5650.0 0.42025
2950.0 5650.0 0.44195
3050.0 5650.0 0.48087
3150.0 5650.0 0.51967
3250.0 5650.0 0.54093
3350.0 5650.0 0.53356
3450.0 5650.0 0.49954
3550.0 5650.0 0.46728
3650.0 5650.0 0.49773
3750.0 5650.0 0.59047
3850.0 5650.0 0.69510
3950.0 5650.0 0.75375
4050.0 5650.0 0.72875
4150.0 5650.0 0.61536
4250.0 5650.0 0.43944
4350.0 5650.0 0.24002
4450.0 5650.0 0.03015
4550.0 5650.0 -0.18250
4650.0 5650.0 -0.36019
4750.0 5650.0 -0.46865
4850.0 5650.0 -0.50002
4950.0 5650.0 -0.47860
5050.0 5650.0 -0.44931
5150.0 5650.0 -0.44887
5250.0 5650.0 -0.47314
5350.0 5650.0 -0.54120
5450.0 5650.0 -0.64769
5550.0 5650.0 -0.74517
5650.0 5650.0 -0.78527
5750.0 5650.0 -0.74395
5850.0 5650.0 -0.63005
5950.0 5650.0 -0.47710
6050.0 5650.0 -0.31839
6150.0 5650.0 -0.13343
6250.0 5650.0 0.10283
6350.0 5650.0 0.32833
50.0 5750.0 -0.07932
150.0 5750.0 -0.22688
250.0 5750.0 -0.37083
350.0 5750.0 -0.45862
450.0 5750.0 -0.43917
550.0 5750.0 -0.29962
650.0 5750.0 -0.07651
750.0 5750.0 0.15893
850.0 5750.0 0.34111
950.0 5750.0 0.47166
1050.0 5750.0 0.55653
1150.0 5750.0 0.54291
1250.0 5750.0 0.41907
1350.0 5750.0 0.21545
1450.0 5750.0 -0.00820
1550.0 5750.0 -0.18285
1650.0 5750.0 -0.25746
1750.0 5750.0 -0.23345
1850.0 5750.0 -0.16924
1950.0 5750.0 -0.04448
2050.0 5750.0 0.14571
2150.0 5750.0 0.36546
2250.0 5750.0 0.56676
2350.0 5750.0 0.71035
2450.0 5750.0 0.77888
2550.0 5750.0 0.78225
2650.0 5750.0 0.75481
2750.0 5750.0 0.72731
2850.0 5750.0 0.70835
2950.0 5750.0 0.70354
3050.0 5750.0 0.71393
3150.0 5750.0 0.73483
3250.0 5750.0 0.75714
3350.0 5750.0 0.77110
3450.0 5750.0 0.77262
3550.0 5750.0 0.77679
3650.0 5750.0 0.82178
3750.0 5750.0 0.89336
3850.0 5750.0 0.94273
3950.0 5750.0 0.92624
4050.0 5750.0 0.82797
4150.0 5750.0 0.66492
4250.0 5750.0 0.47488
4350.0 5750.0 0.28703
4450.0 5750.0 0.08795
4550.0 5750.0 -0.12986
4650.0 5750.0 -0.33901
4750.0 5750.0 -0.50709
4850.0 5750.0 -0.61760
4950.0 5750.0 -0.67806
5050.0 5750.0 -0.71519
5150.0 5750.0 -0.75718
5250.0 5750.0 -0.81012
5350.0 5750.0 -0.88119
5450.0 5750.0 -0.95115
5550.0 5750.0 -0.97954
5650.0 5750.0 -0.93775
5750.0 5750.0 -0.82586
5850.0 5750.0 -0.67293
5950.0 5750.0 -0.52066
6050.0 5750.0 -0.39042
6150.0 5750.0 -0.23628
6250.0 5750.0 -0.02109
6350.0 5750.0 0.20241
50.0 5850.0 -0.12282
150.0 5850.0 -0.25984
250.0 5850.0 -0.35979
350.0 5850.0 -0.37701
450.0 5850.0 -0.28725
550.0 5850.0 -0.10491
650.0 5850.0 0.11809
750.0 5850.0 0.31168
850.0 5850.0 0.42531
950.0 5850.0 0.48001
1050.0 5850.0 0.50840
1150.0 5850.0 0.48378
1250.0 5850.0 0.39893
1350.0 5850.0 0.26954
1450.0 5850.0 0.12770
1550.0 5850.0 0.01117
1650.0 5850.0 -0.05155
1750.0 5850.0 -0.06053
1850.0 5850.0 -0.04374
1950.0 5850.0 0.02997
2050.0 5850.0 0.17744
2150.0 5850.0 0.37811
2250.0 5850.0 0.59119
2350.0 5850.0 0.77198
2450.0 5850.0 0.88720
2550.0 5850.0 0.92929
2650.0 5850.0 0.92876
2750.0 5850.0 0.91203
2850.0 5850.0 0.87319
2950.0 5850.0 0.82558
3050.0 5850.0 0.78975
3150.0 5850.0 0.78126
3250.0 5850.0 0.80434
3350.0 5850.0 0.85149
3450.0 5850.0 0.90901
3550.0 5850.0 0.97172
3650.0 5850.0 1.04821
3750.0 5850.0 1.10565
3850.0 5850.0 1.09552
3950.0 5850.0 0.99117
4050.0 5850.0 0.80447
4150.0 5850.0 0.58142
4250.0 5850.0 0.37681
4350.0 5850.0 0.20813
4450.0 5850.0 0.03720
4550.0 5850.0 -0.14753
4650.0 5850.0 -0.33351
4750.0 5850.0 -0.50355
4850.0 5850.0 -0.64671
4950.0 5850.0 -0.76328
5050.0 5850.0 -0.86365
5150.0 5850.0 -0.96123
5250.0 5850.0 -1.05982
5350.0 5850.0 -1.14101
5450.0 5850.0 -1.16615
5550.0 5850.0 -1.10456
5650.0 5850.0 -0.95511
5750.0 5850.0 -0.75138
5850.0 5850.0 -0.55046
5950.0 5850.0 -0.40533
6050.0 5850.0 -0.32083
6150.0 5850.0 -0.21779
6250.0 5850.0 -0.04606
6350.0 5850.0 0.15552
50.0 5950.0 -0.14704
150.0 5950.0 -0.27343
250.0 5950.0 -0.33146
350.0 5950.0 -0.28556
450.0 5950.0 -0.14032
550.0 5950.0 0.06334
650.0 5950.0 0.26148
750.0 5950.0 0.39004
850.0 5950.0 0.41710
950.0 5950.0 0.38218
1050.0 5950.0 0.34871
1150.0 5950.0 0.32548
1250.0 5950.0 0.31017
1350.0 5950.0 0.29677
1450.0 5950.0 0.27873
1550.0 5950.0 0.25136
1650.0 5950.0 0.21338
1750.0 5950.0 0.16772
1850.0 5950.0 0.12614
1950.0 5950.0 0.12358
2050.0 5950.0 0.18651
2150.0 5950.0 0.31685
2250.0 5950.0 0.49196
2350.0 5950.0 0.67170
2450.0 5950.0 0.81256
2550.0 5950.0 0.88884
2650.0 5950.0 0.91916
2750.0 5950.0 0.91519
2850.0 5950.0 0.85305
2950.0 5950.0 0.75521
3050.0 5950.0 0.66519
3150.0 5950.0 0.62233
3250.0 5950.0 0.64656
3350.0 5950.0 0.73301
3450.0 5950.0 0.85663
3550.0 5950.0 0.98954
3650.0 5950.0 1.11209
3750.0 5950.0 1.17293
3850.0 5950.0 1.12155
3950.0 5950.0 0.94562
4050.0 5950.0 0.68299
4150.0 5950.0 0.40836
4250.0 5950.0 0.19460
4350.0 5950.0 0.04943
4450.0 5950.0 -0.08084
4550.0 5950.0 -0.19897
4650.0 5950.0 -0.30891
4750.0 5950.0 -0.41963
4850.0 5950.0 -0.53961
4950.0 5950.0 -0.67347
5050.0 5950.0 -0.82066
5150.0 5950.0 -0.97622
5250.0 5950.0 -1.12931
5350.0 5950.0 -1.22999
5450.0 5950.0 -1.22045
5550.0 5950.0 -1.07974
5650.0 5950.0 -0.83386
5750.0 5950.0 -0.54944
5850.0 5950.0 -0.31119
5950.0 5950.0 -0.18310
6050.0 5950.0 -0.15365
6150.0 5950.0 -0.11260
6250.0 5950.0 0.00076
6350.0 5950.0 0.16337
50.0 6050.0 -0.14111
150.0 6050.0 -0.25888
250.0 6050.0 -0.28523
350.0 6050.0 -0.19561
450.0 6050.0 -0.01950
550.0 6050.0 0.18153
650.0 6050.0 0.33706
750.0 6050.0 0.39223
850.0 6050.0 0.33342
950.0 6050.0 0.21395
1050.0 6050.0 0.12375
1150.0 6050.0 0.10634
1250.0 6050.0 0.16383
1350.0 6050.0 0.26846
1450.0 6050.0 0.37548
1550.0 6050.0 0.43845
1650.0 6050.0 0.42710
1750.0 6050.0 0.34763
1850.0 6050.0 0.24969
1950.0 6050.0 0.16592
2050.0 6050.0 0.12924
2150.0 6050.0 0.16533
2250.0 6050.0 0.27425
2350.0 6050.0 0.42662
2450.0 6050.0 0.57434
2550.0 6050.0 0.67605
2650.0 6050.0 0.73488
2750.0 6050.0 0.74311
2850.0 6050.0 0.65964
2950.0 6050.0 0.51554
3050.0 6050.0 0.37576
3150.0 6050.0 0.30180
3250.0 6050.0 0.32807
3350.0 6050.0 0.45203
3450.0 6050.0 0.63799
3550.0 6050.0 0.83811
3650.0 6050.0 1.01339
3750.0 6050.0 1.09858
3850.0 6050.0 1.03885
3950.0 6050.0 0.82932
4050.0 6050.0 0.52514
4150.0 6050.0 0.22218
4250.0 6050.0 0.00828
4350.0 6050.0 -0.11385
4450.0 6050.0 -0.20047
4550.0 6050.0 -0.23595
4650.0 6050.0 -0.23904
4750.0 6050.0 -0.24928
4850.0 6050.0 -0.30274
4950.0 6050.0 -0.41744
5050.0 6050.0 -0.58853
5150.0 6050.0 -0.79315
5250.0 6050.0 -0.99836
5350.0 6050.0 -1.12652
5450.0 6050.0 -1.10629
5550.0 6050.0 -0.92371
5650.0 6050.0 -0.62400
5750.0 6050.0 -0.29705
5850.0 6050.0 -0.04691
5950.0 6050.0 0.05476
6050.0 6050.0 0.03107
6150.0 6050.0 0.01250
6250.0 6050.0 0.06551
6350.0 6050.0 0.18149
50.0 6150.0 -0.10649
150.0 6150.0 -0.21900
250.0 6150.0 -0.22797
350.0 6150.0 -0.11809
450.0 6150.0 0.06453
550.0 6150.0 0.24649
650.0 6150.0 0.35619
750.0 6150.0 0.34826
850.0 6150.0 0.22308
950.0 6150.0 0.04130
1050.0 6150.0 -0.09190
1150.0 6150.0 -0.10910
1250.0 6150.0 -0.00478
1350.0 6150.0 0.17852
1450.0 6150.0 0.36966
1550.0 6150.0 0.49317
1650.0 6150.0 0.49837
1750.0 6150.0 0.39343
1850.0 6150.0 0.25355
1950.0 6150.0 0.10645
2050.0 6150.0 -0.01128
2150.0 6150.0 -0.05547
2250.0 6150.0 -0.00714
2350.0 6150.0 0.11471
2450.0 6150.0 0.26065
2550.0 6150.0 0.37837
2650.0 6150.0 0.45794
2750.0 6150.0 0.47541
2850.0 6150.0 0.37726
2950.0 6150.0 0.20088
3050.0 6150.0 0.02664
3150.0 6150.0 -0.06813
3250.0 6150.0 -0.03879
3350.0 6150.0 0.11356
3450.0 6150.0 0.34550
3550.0 6150.0 0.59618
3650.0 6150.0 0.81999
3750.0 6150.0 0.94520
3850.0 6150.0 0.91126
3950.0 6150.0 0.71243
4050.0 6150.0 0.40906
4150.0 6150.0 0.10646
4250.0 6150.0 -0.09868
4350.0 6150.0 -0.20294
4450.0 6150.0 -0.25388
4550.0 6150.0 -0.21522
4650.0 6150.0 -0.11605
4750.0 6150.0 -0.02239
4850.0 6150.0 0.00315
4950.0 6150.0 -0.07359
5050.0 6150.0 -0.24864
5150.0 6150.0 -0.48555
5250.0 6150.0 -0.73001
5350.0 6150.0 -0.88885
5450.0 6150.0 -0.88608
5550.0 6150.0 -0.71033
5650.0 6150.0 -0.41362
5750.0 6150.0 -0.09393
5850.0 6150.0 0.13813
5950.0 6150.0 0.20844
6050.0 6150.0 0.14421
6150.0 6150.0 0.08092
6250.0 6150.0 0.08567
6350.0 6150.0 0.16011
50.0 6250.0 -0.05494
150.0 6250.0 -0.16563
250.0 6250.0 -0.17036
350.0 6250.0 -0.05931
450.0 6250.0 0.11448
550.0 6250.0 0.27416
650.0 6250.0 0.35028
750.0 6250.0 0.30419
850.0 6250.0 0.14363
950.0 6250.0 -0.06934
1050.0 6250.0 -0.22828
1150.0 6250.0 -0.25868
1250.0 6250.0 -0.15294
1350.0 6250.0 0.04306
1450.0 6250.0 0.25064
1550.0 6250.0 0.38511
1650.0 6250.0 0.38859
1750.0 6250.0 0.26894
1850.0 6250.0 0.10856
1950.0 6250.0 -0.06800
2050.0 6250.0 -0.22181
2150.0 6250.0 -0.30004
2250.0 6250.0 -0.27553
2350.0 6250.0 -0.16340
2450.0 6250.0 -0.01481
2550.0 6250.0 0.11222
2650.0 6250.0 0.20219
2750.0 6250.0 0.22468
2850.0 6250.0 0.12074
2950.0 6250.0 -0.06916
3050.0 6250.0 -0.25739
3150.0 6250.0 -0.35945
3250.0 6250.0 -0.32625
3350.0 6250.0 -0.15855
3450.0 6250.0 0.09649
3550.0 6250.0 0.37361
3650.0 6250.0 0.63257
3750.0 6250.0 0.80267
3850.0 6250.0 0.81762
3950.0 6250.0 0.66410
4050.0 6250.0 0.39656
4150.0 6250.0 0.11810
4250.0 6250.0 -0.07267
4350.0 6250.0 -0.16704
4450.0 6250.0 -0.19819
4550.0 6250.0 -0.11495
4650.0 6250.0 0.04872
4750.0 6250.0 0.21135
4850.0 6250.0 0.29355
4950.0 6250.0 0.24951
5050.0 6250.0 0.08039
5150.0 6250.0 -0.17037
5250.0 6250.0 -0.43552
5350.0 6250.0 -0.62241
5450.0 6250.0 -0.65921
5550.0 6250.0 -0.53276
5650.0 6250.0 -0.28952
5750.0 6250.0 -0.02045
5850.0 6250.0 0.16989
5950.0 6250.0 0.21003
6050.0 6250.0 0.12386
6150.0 6250.0 0.03774
6250.0 6250.0 0.01579
6350.0 6250.0 0.06451
50.0 6350.0 0.00000
150.0 6350.0 -0.11111
250.0 6350.0 -0.11920
350.0 6350.0 -0.01625
450.0 6350.0 0.14462
550.0 6350.0 0.28826
650.0 6350.0 0.34813
750.0 6350.0 0.28871
850.0 6350.0 0.11944
950.0 6350.0 -0.09959
1050.0 6350.0 -0.27118
1150.0 6350.0 -0.32813
1250.0 6350.0 -0.26165
1350.0 6350.0 -0.11106
1450.0 6350.0 0.05365
1550.0 6350.0 0.15553
1650.0 6350.0 0.14071
1750.0 6350.0 0.01462
1850.0 6350.0 -0.14838
1950.0 6350.0 -0.32311
2050.0 6350.0 -0.46822
2150.0 6350.0 -0.53131
2250.0 6350.0 -0.48801
2350.0 6350.0 -0.35763
2450.0 6350.0 -0.19546
2550.0 6350.0 -0.06164
2650.0 6350.0 0.03061
2750.0 6350.0 0.05468
2850.0 6350.0 -0.04810
2950.0 6350.0 -0.23667
3050.0 6350.0 -0.42278
3150.0 6350.0 -0.52160
3250.0 6350.0 -0.48418
3350.0 6350.0 -0.31180
3450.0 6350.0 -0.05214
3550.0 6350.0 0.23156
3650.0 6350.0 0.51154
3750.0 6350.0 0.72289
3850.0 6350.0 0.79442
3950.0 6350.0 0.70200
4050.0 6350.0 0.48780
4150.0 6350.0 0.24537
4250.0 6350.0 0.07047
4350.0 6350.0 -0.02077
4450.0 6350.0 -0.04706
4550.0 6350.0 0.04900
4650.0 6350.0 0.23275
4750.0 6350.0 0.41852
4850.0 6350.0 0.52165
4950.0 6350.0 0.49200
5050.0 6350.0 0.32878
5150.0 6350.0 0.07685
5250.0 6350.0 -0.19375
5350.0 6350.0 -0.40342
5450.0 6350.0 -0.48997
5550.0 6350.0 -0.43570
5650.0 6350.0 -0.27377
5750.0 6350.0 -0.07867
5850.0 6350.0 0.05900
5950.0 6350.0 0.07355
6050.0 6350.0 -0.01914
6150.0 6350.0 -0.10994
6250.0 6350.0 -0.13911
6350.0 6350.0 -0.09947
