50.0 50.0 0.87457
150.0 50.0 0.58907
250.0 50.0 0.29712
350.0 50.0 0.05538
450.0 50.0 -0.16873
550.0 50.0 -0.47477
650.0 50.0 -0.85046
750.0 50.0 -1.19839
850.0 50.0 -1.41085
950.0 50.0 -1.41955
1050.0 50.0 -1.21987
1150.0 50.0 -0.86980
1250.0 50.0 -0.46337
1350.0 50.0 -0.07878
1450.0 50.0 0.26972
1550.0 50.0 0.49578
1650.0 50.0 0.52533
1750.0 50.0 0.36656
1850.0 50.0 0.08541
1950.0 50.0 -0.21999
2050.0 50.0 -0.44528
2150.0 50.0 -0.50627
2250.0 50.0 -0.36580
2350.0 50.0 -0.06098
2450.0 50.0 0.29083
2550.0 50.0 0.61466
2650.0 50.0 0.85252
2750.0 50.0 0.95134
2850.0 50.0 0.89055
2950.0 50.0 0.69430
3050.0 50.0 0.42840
3150.0 50.0 0.18183
3250.0 50.0 0.03279
3350.0 50.0 -0.00055
3450.0 50.0 -0.00516
3550.0 50.0 -0.06131
3650.0 50.0 -0.17309
3750.0 50.0 -0.30697
3850.0 50.0 -0.41815
3950.0 50.0 -0.46945
4050.0 50.0 -0.44251
4150.0 50.0 -0.34148
4250.0 50.0 -0.18910
4350.0 50.0 -0.01525
4450.0 50.0 0.16695
4550.0 50.0 0.36747
4650.0 50.0 0.55758
4750.0 50.0 0.68867
4850.0 50.0 0.72272
4950.0 50.0 0.65002
5050.0 50.0 0.49406
5150.0 50.0 0.30369
5250.0 50.0 0.13240
5350.0 50.0 0.00490
5450.0 50.0 -0.10496
5550.0 50.0 -0.19267
5650.0 50.0 -0.23950
5750.0 50.0 -0.23684
5850.0 50.0 -0.18911
5950.0 50.0 -0.11325
6050.0 50.0 -0.03495
6150.0 50.0 0.01853
6250.0 50.0 0.02877
6350.0 50.0 0.00000
50.0 150.0 0.54205
150.0 150.0 0.25975
250.0 150.0 -0.02885
350.0 150.0 -0.26778
450.0 150.0 -0.48649
550.0 150.0 -0.76116
650.0 150.0 -1.06341
750.0 150.0 -1.29869
850.0 150.0 -1.37464
950.0 150.0 -1.24455
1050.0 150.0 -0.92576
1150.0 150.0 -0.49308
1250.0 150.0 -0.04713
1350.0 150.0 0.34231
1450.0 150.0 0.68153
1550.0 150.0 0.87188
1650.0 150.0 0.82387
1750.0 150.0 0.54821
1850.0 150.0 0.12552
1950.0 150.0 -0.32493
2050.0 150.0 -0.67682
2150.0 150.0 -0.82872
2250.0 150.0 -0.73639
2350.0 150.0 -0.44534
2450.0 150.0 -0.09331
2550.0 150.0 0.25867
2650.0 150.0 0.56776
2750.0 150.0 0.77821
2850.0 150.0 0.85439
2950.0 150.0 0.79883
3050.0 150.0 0.65475
3150.0 150.0 0.49333
3250.0 150.0 0.38555
3350.0 150.0 0.35866
3450.0 150.0 0.34887
3550.0 150.0 0.27401
3650.0 150.0 0.12358
3750.0 150.0 -0.06694
3850.0 150.0 -0.24533
3950.0 150.0 -0.36424
4050.0 150.0 -0.39510
4150.0 150.0 -0.33439
4250.0 150.0 -0.20220
4350.0 150.0 -0.03321
4450.0 150.0 0.14871
4550.0 150.0 0.35326
4650.0 150.0 0.55346
4750.0 150.0 0.69983
4850.0 150.0 0.75195
4950.0 150.0 0.69695
5050.0 150.0 0.55532
5150.0 150.0 0.37377
5250.0 150.0 0.20526
5350.0 150.0 0.07614
5450.0 150.0 -0.03856
5550.0 150.0 -0.14277
5650.0 150.0 -0.22238
5750.0 150.0 -0.26694
5850.0 150.0 -0.27470
5950.0 150.0 -0.25433
6050.0 150.0 -0.22322
6150.0 150.0 -0.20252
6250.0 150.0 -0.20874
6350.0 150.0 -0.24207
50.0 250.0 0.20596
150.0 250.0 -0.03912
250.0 250.0 -0.29833
350.0 250.0 -0.51848
450.0 250.0 -0.71946
550.0 250.0 -0.94743
650.0 250.0 -1.16055
750.0 250.0 -1.27385
850.0 250.0 -1.21636
950.0 250.0 -0.96548
1050.0 250.0 -0.55840
1150.0 250.0 -0.08072
1250.0 250.0 0.36787
1350.0 250.0 0.73069
1450.0 250.0 1.03290
1550.0 250.0 1.16858
1650.0 250.0 1.03943
1750.0 250.0 0.65977
1850.0 250.0 0.12131
1950.0 250.0 -0.44260
2050.0 250.0 -0.89244
2150.0 250.0 -1.11778
2250.0 250.0 -1.07216
2350.0 250.0 -0.80775
2450.0 250.0 -0.47219
2550.0 250.0 -0.10405
2650.0 250.0 0.27192
2750.0 250.0 0.59723
2850.0 250.0 0.81895
2950.0 250.0 0.91427
3050.0 250.0 0.89966
3150.0 250.0 0.82498
3250.0 250.0 0.75218
3350.0 250.0 0.71896
3450.0 250.0 0.69043
3550.0 250.0 0.59039
3650.0 250.0 0.40665
3750.0 250.0 0.17735
3850.0 250.0 -0.04073
3950.0 250.0 -0.19550
4050.0 250.0 -0.25491
4150.0 250.0 -0.21397
4250.0 250.0 -0.09367
4350.0 250.0 0.06828
4450.0 250.0 0.24521
4550.0 250.0 0.45014
4650.0 250.0 0.65734
4750.0 250.0 0.81518
4850.0 250.0 0.87950
4950.0 250.0 0.83362
5050.0 250.0 0.69520
5150.0 250.0 0.50974
5250.0 250.0 0.33089
5350.0 250.0 0.18753
5450.0 250.0 0.05562
5550.0 250.0 -0.07711
5650.0 250.0 -0.20072
5750.0 250.0 -0.30255
5850.0 250.0 -0.37462
5950.0 250.0 -0.41758
6050.0 250.0 -0.44114
6150.0 250.0 -0.46101
6250.0 250.0 -0.49239
6350.0 250.0 -0.53987
50.0 350.0 -0.09763
150.0 350.0 -0.26551
250.0 350.0 -0.46324
350.0 350.0 -0.64371
450.0 350.0 -0.81044
550.0 350.0 -0.97387
650.0 350.0 -1.08415
750.0 350.0 -1.07486
850.0 350.0 -0.90315
950.0 350.0 -0.57166
1050.0 350.0 -0.13211
1150.0 350.0 0.32934
1250.0 350.0 0.72505
1350.0 350.0 1.01704
1450.0 350.0 1.24489
1550.0 350.0 1.30457
1650.0 350.0 1.10032
1750.0 350.0 0.65130
1850.0 350.0 0.05319
1950.0 350.0 -0.55943
2050.0 350.0 -1.04926
2150.0 350.0 -1.31073
2250.0 350.0 -1.30297
2350.0 350.0 -1.08119
2450.0 350.0 -0.78546
2550.0 350.0 -0.42245
2650.0 350.0 0.00284
2750.0 350.0 0.42954
2850.0 350.0 0.78669
2950.0 350.0 1.02445
3050.0 350.0 1.13040
3150.0 350.0 1.13093
3250.0 350.0 1.07772
3350.0 350.0 1.01926
3450.0 350.0 0.95357
3550.0 350.0 0.82035
3650.0 350.0 0.61249
3750.0 350.0 0.37160
3850.0 350.0 0.15485
3950.0 350.0 0.01104
4050.0 350.0 -0.03397
4150.0 350.0 0.01736
4250.0 350.0 0.13814
4350.0 350.0 0.29030
4450.0 350.0 0.45589
4550.0 350.0 0.65689
4650.0 350.0 0.86841
4750.0 350.0 1.03479
4850.0 350.0 1.10606
4950.0 350.0 1.06039
5050.0 350.0 0.91237
5150.0 350.0 0.70723
5250.0 350.0 0.50097
5350.0 350.0 0.32629
5450.0 350.0 0.16099
5550.0 350.0 -0.01238
5650.0 350.0 -0.18592
5750.0 350.0 -0.34481
5850.0 350.0 -0.47665
5950.0 350.0 -0.57703
6050.0 350.0 -0.65137
6150.0 350.0 -0.71286
6250.0 350.0 -0.77673
6350.0 350.0 -0.85067
50.0 450.0 -0.32354
150.0 450.0 -0.38760
250.0 450.0 -0.50022
350.0 450.0 -0.62380
450.0 450.0 -0.74221
550.0 450.0 -0.82949
650.0 450.0 -0.83501
750.0 450.0 -0.71853
850.0 450.0 -0.46923
950.0 450.0 -0.11295
1050.0 450.0 0.29196
1150.0 450.0 0.67038
1250.0 450.0 0.95766
1350.0 450.0 1.13838
1450.0 450.0 1.25973
1550.0 450.0 1.23063
1650.0 450.0 0.97097
1750.0 450.0 0.50541
1850.0 450.0 -0.07553
1950.0 450.0 -0.65163
2050.0 450.0 -1.10570
2150.0 450.0 -1.35281
2250.0 450.0 -1.36605
2350.0 450.0 -1.19887
2450.0 450.0 -0.96429
2550.0 450.0 -0.63159
2650.0 450.0 -0.18769
2750.0 450.0 0.30508
2850.0 450.0 0.76013
2950.0 450.0 1.10357
3050.0 450.0 1.29677
3150.0 450.0 1.34444
3250.0 450.0 1.28825
3350.0 450.0 1.18603
3450.0 450.0 1.06717
3550.0 450.0 0.89482
3650.0 450.0 0.67336
3750.0 450.0 0.44853
3850.0 450.0 0.27362
3950.0 450.0 0.18651
4050.0 450.0 0.19759
4150.0 450.0 0.28854
4250.0 450.0 0.42202
4350.0 450.0 0.56223
4450.0 450.0 0.71106
4550.0 450.0 0.90525
4650.0 450.0 1.12076
4750.0 450.0 1.29610
4850.0 450.0 1.37332
4950.0 450.0 1.32367
5050.0 450.0 1.15793
5150.0 450.0 0.92146
5250.0 450.0 0.67380
5350.0 450.0 0.45300
5450.0 450.0 0.24101
5550.0 450.0 0.02205
5650.0 450.0 -0.19427
5750.0 450.0 -0.39173
5850.0 450.0 -0.55759
5950.0 450.0 -0.68838
6050.0 450.0 -0.79157
6150.0 450.0 -0.88295
6250.0 450.0 -0.97982
6350.0 450.0 -1.09000
50.0 550.0 -0.44368
150.0 550.0 -0.39952
250.0 550.0 -0.41930
350.0 550.0 -0.47771
450.0 550.0 -0.54035
550.0 550.0 -0.55002
650.0 550.0 -0.46238
750.0 550.0 -0.26750
850.0 550.0 0.01381
950.0 550.0 0.33745
1050.0 550.0 0.64697
1150.0 550.0 0.88813
1250.0 550.0 1.02697
1350.0 550.0 1.07144
1450.0 550.0 1.06890
1550.0 550.0 0.95126
1650.0 550.0 0.66544
1750.0 550.0 0.24143
1850.0 550.0 -0.24424
1950.0 550.0 -0.69982
2050.0 550.0 -1.04400
2150.0 550.0 -1.22589
2250.0 550.0 -1.23919
2350.0 550.0 -1.13076
2450.0 550.0 -0.97039
2550.0 550.0 -0.69043
2650.0 550.0 -0.26454
2750.0 550.0 0.24476
2850.0 550.0 0.74046
2950.0 550.0 1.13186
3050.0 550.0 1.36143
3150.0 550.0 1.41774
3250.0 550.0 1.33447
3350.0 550.0 1.17555
3450.0 550.0 0.99463
3550.0 550.0 0.78114
3650.0 550.0 0.55514
3750.0 550.0 0.36675
3850.0 550.0 0.26234
3950.0 550.0 0.26363
4050.0 550.0 0.35938
4150.0 550.0 0.51000
4250.0 550.0 0.66482
4350.0 550.0 0.79221
4450.0 550.0 0.92138
4550.0 550.0 1.10824
4650.0 550.0 1.33007
4750.0 550.0 1.51842
4850.0 550.0 1.60556
4950.0 550.0 1.55414
5050.0 550.0 1.37001
5150.0 550.0 1.09829
5250.0 550.0 0.80262
5350.0 550.0 0.52757
5450.0 550.0 0.26249
5550.0 550.0 0.00225
5650.0 550.0 -0.23727
5750.0 550.0 -0.43983
5850.0 550.0 -0.59777
5950.0 550.0 -0.71621
6050.0 550.0 -0.81257
6150.0 550.0 -0.91131
6250.0 550.0 -1.03400
6350.0 550.0 -1.18465
50.0 650.0 -0.46079
150.0 650.0 -0.32671
250.0 650.0 -0.26354
350.0 650.0 -0.25946
450.0 650.0 -0.26739
550.0 650.0 -0.20818
650.0 650.0 -0.04879
750.0 650.0 0.19093
850.0 650.0 0.46289
950.0 650.0 0.71113
1050.0 650.0 0.88784
1150.0 650.0 0.96500
1250.0 650.0 0.94170
1350.0 650.0 0.84695
1450.0 650.0 0.72232
1550.0 650.0 0.52889
1650.0 650.0 0.24711
1750.0 650.0 -0.08861
1850.0 650.0 -0.42172
1950.0 650.0 -0.69771
2050.0 650.0 -0.88040
2150.0 650.0 -0.96021
2250.0 650.0 -0.95457
2350.0 650.0 -0.90035
2450.0 650.0 -0.81559
2550.0 650.0 -0.60179
2650.0 650.0 -0.22587
2750.0 650.0 0.25065
2850.0 650.0 0.72685
2950.0 650.0 1.10456
3050.0 650.0 1.31702
3150.0 650.0 1.34429
3250.0 650.0 1.21514
3350.0 650.0 0.99567
3450.0 650.0 0.75319
3550.0 650.0 0.50092
3650.0 650.0 0.27549
3750.0 650.0 0.13111
3850.0 650.0 0.10628
3950.0 650.0 0.20514
4050.0 650.0 0.39344
4150.0 650.0 0.60922
4250.0 650.0 0.78810
4350.0 650.0 0.90328
4450.0 650.0 1.01314
4550.0 650.0 1.19462
4650.0 650.0 1.42702
4750.0 650.0 1.63474
4850.0 650.0 1.73946
4950.0 650.0 1.69405
5050.0 650.0 1.49822
5150.0 650.0 1.19596
5250.0 650.0 0.85466
5350.0 650.0 0.52596
5450.0 650.0 0.20989
5550.0 650.0 -0.07956
5650.0 650.0 -0.31625
5750.0 650.0 -0.48541
5850.0 650.0 -0.58969
5950.0 650.0 -0.64990
6050.0 650.0 -0.70052
6150.0 650.0 -0.78003
6250.0 650.0 -0.91597
6350.0 650.0 -1.10479
50.0 750.0 -0.40974
150.0 750.0 -0.22110
250.0 750.0 -0.09936
350.0 750.0 -0.04561
450.0 750.0 -0.00810
550.0 750.0 0.10376
650.0 750.0 0.31032
750.0 750.0 0.56699
850.0 750.0 0.80538
950.0 750.0 0.96349
1050.0 750.0 1.00497
1150.0 750.0 0.92727
1250.0 750.0 0.75875
1350.0 750.0 0.54479
1450.0 750.0 0.31852
1550.0 750.0 0.07060
1650.0 750.0 -0.18538
1750.0 750.0 -0.41197
1850.0 750.0 -0.57394
1950.0 750.0 -0.65470
2050.0 750.0 -0.66291
2150.0 750.0 -0.62931
2250.0 750.0 -0.59362
2350.0 750.0 -0.58175
2450.0 750.0 -0.56189
2550.0 750.0 -0.41447
2650.0 750.0 -0.10585
2750.0 750.0 0.30422
2850.0 750.0 0.71663
2950.0 750.0 1.03424
3050.0 750.0 1.19018
3150.0 750.0 1.16329
3250.0 750.0 0.98064
3350.0 750.0 0.70705
3450.0 750.0 0.41278
3550.0 750.0 0.12774
3650.0 750.0 -0.09760
3750.0 750.0 -0.20555
3850.0 750.0 -0.16417
3950.0 750.0 0.01601
4050.0 750.0 0.28153
4150.0 750.0 0.55167
4250.0 750.0 0.75057
4350.0 750.0 0.85544
4450.0 750.0 0.94950
4550.0 750.0 1.12938
4650.0 750.0 1.37720
4750.0 750.0 1.61102
4850.0 750.0 1.74227
4950.0 750.0 1.71379
5050.0 750.0 1.51828
5150.0 750.0 1.19735
5250.0 750.0 0.82103
5350.0 750.0 0.44785
5450.0 750.0 0.09074
5550.0 750.0 -0.21187
5650.0 750.0 -0.42131
5750.0 750.0 -0.52554
5850.0 750.0 -0.54089
5950.0 750.0 -0.50815
6050.0 750.0 -0.48304
6150.0 750.0 -0.52094
6250.0 750.0 -0.65607
6350.0 750.0 -0.87491
50.0 850.0 -0.34634
150.0 850.0 -0.14583
250.0 850.0 0.00214
350.0 850.0 0.08601
450.0 850.0 0.15392
550.0 850.0 0.29916
650.0 850.0 0.53220
750.0 850.0 0.79191
850.0 850.0 0.99722
950.0 850.0 1.08370
1050.0 850.0 1.02442
1150.0 850.0 0.83537
1250.0 850.0 0.56531
1350.0 850.0 0.27006
1450.0 850.0 -0.02409
1550.0 850.0 -0.30252
1650.0 850.0 -0.52601
1750.0 850.0 -0.65548
1850.0 850.0 -0.67312
1950.0 850.0 -0.59235
2050.0 850.0 -0.45681
2150.0 850.0 -0.32810
2250.0 850.0 -0.26262
2350.0 850.0 -0.27716
2450.0 850.0 -0.30206
2550.0 850.0 -0.20754
2650.0 850.0 0.03657
2750.0 850.0 0.37243
2850.0 850.0 0.70602
2950.0 850.0 0.94640
3050.0 850.0 1.03237
3150.0 850.0 0.94649
3250.0 850.0 0.71647
3350.0 850.0 0.40395
3450.0 850.0 0.07439
3550.0 850.0 -0.23540
3650.0 850.0 -0.46674
3750.0 850.0 -0.55932
3850.0 850.0 -0.48439
3950.0 850.0 -0.26065
4050.0 850.0 0.04720
4150.0 850.0 0.34722
4250.0 850.0 0.55629
4350.0 850.0 0.65353
4450.0 850.0 0.73753
4550.0 850.0 0.92040
4650.0 850.0 1.18771
4750.0 850.0 1.45276
4850.0 850.0 1.61825
4950.0 850.0 1.61770
5050.0 850.0 1.43650
5150.0 850.0 1.11271
5250.0 850.0 0.71746
5350.0 850.0 0.31514
5450.0 850.0 -0.06785
5550.0 850.0 -0.36810
5650.0 850.0 -0.53467
5750.0 850.0 -0.55880
5850.0 850.0 -0.47097
5950.0 850.0 -0.33221
6050.0 850.0 -0.21928
6150.0 850.0 -0.20406
6250.0 850.0 -0.32686
6350.0 850.0 -0.56390
50.0 950.0 -0.32375
150.0 950.0 -0.14980
250.0 950.0 -0.00683
350.0 950.0 0.08650
450.0 950.0 0.16842
550.0 950.0 0.32993
650.0 950.0 0.57752
750.0 950.0 0.84236
850.0 950.0 1.03715
950.0 950.0 1.09558
1050.0 950.0 0.99430
1150.0 950.0 0.75721
1250.0 950.0 0.44215
1350.0 950.0 0.10997
1450.0 950.0 -0.21492
1550.0 950.0 -0.50360
1650.0 950.0 -0.70308
1750.0 950.0 -0.77380
1850.0 950.0 -0.70778
1950.0 950.0 -0.53492
2050.0 950.0 -0.31768
2150.0 950.0 -0.13412
2250.0 950.0 -0.04922
2350.0 950.0 -0.07457
2450.0 950.0 -0.12078
2550.0 950.0 -0.05682
2650.0 950.0 0.14291
2750.0 950.0 0.42200
2850.0 950.0 0.69173
2950.0 950.0 0.86830
3050.0 950.0 0.89755
3150.0 950.0 0.76723
3250.0 950.0 0.50676
3350.0 950.0 0.17449
3450.0 950.0 -0.17202
3550.0 950.0 -0.49877
3650.0 950.0 -0.74568
3750.0 950.0 -0.85066
3850.0 950.0 -0.78386
3950.0 950.0 -0.56406
4050.0 950.0 -0.25738
4150.0 950.0 0.04197
4250.0 950.0 0.24864
4350.0 950.0 0.34095
4450.0 950.0 0.42118
4550.0 950.0 0.61119
4650.0 950.0 0.90032
4750.0 950.0 1.19901
4850.0 950.0 1.40335
4950.0 950.0 1.43901
5050.0 950.0 1.28437
5150.0 950.0 0.97305
5250.0 950.0 0.57574
5350.0 950.0 0.16129
5450.0 950.0 -0.23160
5550.0 950.0 -0.51837
5650.0 950.0 -0.63828
5750.0 950.0 -0.58562
5850.0 950.0 -0.40286
5950.0 950.0 -0.16769
6050.0 950.0 0.02601
6150.0 950.0 0.09323
6250.0 950.0 -0.01093
6350.0 950.0 -0.25407
50.0 1050.0 -0.35636
150.0 1050.0 -0.23183
250.0 1050.0 -0.11370
350.0 1050.0 -0.02502
450.0 1050.0 0.05945
550.0 1050.0 0.22721
650.0 1050.0 0.48619
750.0 1050.0 0.76616
850.0 1050.0 0.97698
950.0 1050.0 1.04933
1050.0 1050.0 0.95755
1150.0 1050.0 0.72445
1250.0 1050.0 0.40827
1350.0 1050.0 0.07164
1450.0 1050.0 -0.25787
1550.0 1050.0 -0.54552
1650.0 1050.0 -0.73468
1750.0 1050.0 -0.78591
1850.0 1050.0 -0.69410
1950.0 1050.0 -0.49368
2050.0 1050.0 -0.25217
2150.0 1050.0 -0.05186
2250.0 1050.0 0.04023
2350.0 1050.0 0.01409
2450.0 1050.0 -0.03632
2550.0 1050.0 0.01646
2650.0 1050.0 0.19427
2750.0 1050.0 0.44151
2850.0 1050.0 0.67328
2950.0 1050.0 0.81121
3050.0 1050.0 0.80672
3150.0 1050.0 0.65188
3250.0 1050.0 0.37779
3350.0 1050.0 0.04049
3450.0 1050.0 -0.31000
3550.0 1050.0 -0.64873
3650.0 1050.0 -0.91934
3750.0 1050.0 -1.05851
3850.0 1050.0 -1.03192
3950.0 1050.0 -0.85237
4050.0 1050.0 -0.57997
4150.0 1050.0 -0.30453
4250.0 1050.0 -0.10995
4350.0 1050.0 -0.02077
4450.0 1050.0 0.06010
4550.0 1050.0 0.25972
4650.0 1050.0 0.57126
4750.0 1050.0 0.90370
4850.0 1050.0 1.14829
4950.0 1050.0 1.22411
5050.0 1050.0 1.10308
5150.0 1050.0 0.81403
5250.0 1050.0 0.42613
5350.0 1050.0 0.01156
5450.0 1050.0 -0.38032
5550.0 1050.0 -0.64871
5650.0 1050.0 -0.72582
5750.0 1050.0 -0.60849
5850.0 1050.0 -0.34824
5950.0 1050.0 -0.03511
6050.0 1050.0 0.22450
6150.0 1050.0 0.33622
6250.0 1050.0 0.25203
6350.0 1050.0 0.01087
50.0 1150.0 -0.39342
150.0 1150.0 -0.32299
250.0 1150.0 -0.23542
350.0 1150.0 -0.15673
450.0 1150.0 -0.07467
550.0 1150.0 0.09475
650.0 1150.0 0.36255
750.0 1150.0 0.65901
850.0 1150.0 0.89225
950.0 1150.0 0.98963
1050.0 1150.0 0.92141
1150.0 1150.0 0.70663
1250.0 1150.0 0.40128
1350.0 1150.0 0.06874
1450.0 1150.0 -0.25863
1550.0 1150.0 -0.54183
1650.0 1150.0 -0.72324
1750.0 1150.0 -0.76417
1850.0 1150.0 -0.66115
1950.0 1150.0 -0.45048
2050.0 1150.0 -0.20121
2150.0 1150.0 0.00354
2250.0 1150.0 0.09677
2350.0 1150.0 0.06950
2450.0 1150.0 0.01634
2550.0 1150.0 0.05913
2650.0 1150.0 0.21677
2750.0 1150.0 0.43558
2850.0 1150.0 0.63537
2950.0 1150.0 0.74329
3050.0 1150.0 0.71565
3150.0 1150.0 0.54754
3250.0 1150.0 0.27035
3350.0 1150.0 -0.06286
3450.0 1150.0 -0.40921
3550.0 1150.0 -0.75538
3650.0 1150.0 -1.05110
3750.0 1150.0 -1.23217
3850.0 1150.0 -1.25838
3950.0 1150.0 -1.13378
4050.0 1150.0 -0.90914
4150.0 1150.0 -0.66670
4250.0 1150.0 -0.48712
4350.0 1150.0 -0.39873
4450.0 1150.0 -0.31364
4550.0 1150.0 -0.10171
4650.0 1150.0 0.23412
4750.0 1150.0 0.60208
4850.0 1150.0 0.88934
4950.0 1150.0 1.00905
5050.0 1150.0 0.92682
5150.0 1150.0 0.66645
5250.0 1150.0 0.29510
5350.0 1150.0 -0.11228
5450.0 1150.0 -0.49658
5550.0 1150.0 -0.74401
5650.0 1150.0 -0.78150
5750.0 1150.0 -0.60816
5850.0 1150.0 -0.28262
5950.0 1150.0 0.09554
6050.0 1150.0 0.41053
6150.0 1150.0 0.56103
6250.0 1150.0 0.49697
6350.0 1150.0 0.26239
50.0 1250.0 -0.38681
150.0 1250.0 -0.37208
250.0 1250.0 -0.32361
350.0 1250.0 -0.26647
450.0 1250.0 -0.19901
550.0 1250.0 -0.04105
650.0 1250.0 0.22319
750.0 1250.0 0.52774
850.0 1250.0 0.78166
950.0 1250.0 0.90978
1050.0 1250.0 0.87675
1150.0 1250.0 0.69447
1250.0 1250.0 0.41284
1350.0 1250.0 0.09384
1450.0 1250.0 -0.22350
1550.0 1250.0 -0.49495
1650.0 1250.0 -0.66406
1750.0 1250.0 -0.69530
1850.0 1250.0 -0.58814
1950.0 1250.0 -0.38021
2050.0 1250.0 -0.13976
2150.0 1250.0 0.05274
2250.0 1250.0 0.13368
2350.0 1250.0 0.09626
2450.0 1250.0 0.03209
2550.0 1250.0 0.05241
2650.0 1250.0 0.17484
2750.0 1250.0 0.35339
2850.0 1250.0 0.51827
2950.0 1250.0 0.60527
3050.0 1250.0 0.57493
3150.0 1250.0 0.42129
3250.0 1250.0 0.17037
3350.0 1250.0 -0.13172
3450.0 1250.0 -0.44927
3550.0 1250.0 -0.78570
3650.0 1250.0 -1.10222
3750.0 1250.0 -1.33497
3850.0 1250.0 -1.43521
3950.0 1250.0 -1.39247
4050.0 1250.0 -1.24068
4150.0 1250.0 -1.04730
4250.0 1250.0 -0.88537
4350.0 1250.0 -0.78862
4450.0 1250.0 -0.68769
4550.0 1250.0 -0.45530
4650.0 1250.0 -0.09087
4750.0 1250.0 0.31505
4850.0 1250.0 0.64832
4950.0 1250.0 0.81859
5050.0 1250.0 0.78653
5150.0 1250.0 0.57100
5250.0 1250.0 0.23593
5350.0 1250.0 -0.14279
5450.0 1250.0 -0.49989
5550.0 1250.0 -0.71818
5650.0 1250.0 -0.72467
5750.0 1250.0 -0.51980
5850.0 1250.0 -0.16389
5950.0 1250.0 0.24222
6050.0 1250.0 0.58220
6150.0 1250.0 0.75506
6250.0 1250.0 0.71170
6350.0 1250.0 0.49723
50.0 1350.0 -0.31288
150.0 1350.0 -0.35178
250.0 1350.0 -0.35151
350.0 1350.0 -0.33074
450.0 1350.0 -0.29414
550.0 1350.0 -0.16607
650.0 1350.0 0.07569
750.0 1350.0 0.37327
850.0 1350.0 0.64072
950.0 1350.0 0.80210
1050.0 1350.0 0.81525
1150.0 1350.0 0.68112
1250.0 1350.0 0.43866
1350.0 1350.0 0.14535
1450.0 1350.0 -0.15142
1550.0 1350.0 -0.40095
1650.0 1350.0 -0.55056
1750.0 1350.0 -0.57112
1850.0 1350.0 -0.46698
1950.0 1350.0 -0.27677
2050.0 1350.0 -0.06516
2150.0 1350.0 0.09438
2250.0 1350.0 0.14593
2350.0 1350.0 0.08650
2450.0 1350.0 0.00039
2550.0 1350.0 -0.01827
2650.0 1350.0 0.04920
2750.0 1350.0 0.17213
2850.0 1350.0 0.29864
2950.0 1350.0 0.37722
3050.0 1350.0 0.37170
3150.0 1350.0 0.26965
3250.0 1350.0 0.08415
3350.0 1350.0 -0.15093
3450.0 1350.0 -0.40650
3550.0 1350.0 -0.70748
3650.0 1350.0 -1.03242
3750.0 1350.0 -1.31979
3850.0 1350.0 -1.51010
3950.0 1350.0 -1.57258
4050.0 1350.0 -1.51632
4150.0 1350.0 -1.38588
4250.0 1350.0 -1.24145
4350.0 1350.0 -1.12347
4450.0 1350.0 -0.99180
4550.0 1350.0 -0.73197
4650.0 1350.0 -0.34180
4750.0 1350.0 0.09245
4850.0 1350.0 0.46074
4950.0 1350.0 0.67482
5050.0 1350.0 0.69474
5150.0 1350.0 0.53628
5250.0 1350.0 0.25928
5350.0 1350.0 -0.06306
5450.0 1350.0 -0.36710
5550.0 1350.0 -0.54655
5650.0 1350.0 -0.53600
5750.0 1350.0 -0.33591
5850.0 1350.0 -0.00047
5950.0 1350.0 0.37982
6050.0 1350.0 0.70065
6150.0 1350.0 0.87147
6250.0 1350.0 0.84833
6350.0 1350.0 0.67173
50.0 1450.0 -0.16866
150.0 1450.0 -0.25393
250.0 1450.0 -0.30683
350.0 1450.0 -0.33447
450.0 1450.0 -0.34291
550.0 1450.0 -0.26194
650.0 1450.0 -0.06227
750.0 1450.0 0.21024
850.0 1450.0 0.47873
950.0 1450.0 0.66899
1050.0 1450.0 0.73204
1150.0 1450.0 0.65540
1250.0 1450.0 0.46330
1350.0 1450.0 0.20565
1450.0 1450.0 -0.06138
1550.0 1450.0 -0.27956
1650.0 1450.0 -0.40194
1750.0 1450.0 -0.40862
1850.0 1450.0 -0.31080
1950.0 1450.0 -0.14825
2050.0 1450.0 0.01981
2150.0 1450.0 0.13035
2250.0 1450.0 0.13868
2350.0 1450.0 0.04722
2450.0 1450.0 -0.07025
2550.0 1450.0 -0.14203
2650.0 1450.0 -0.14630
2750.0 1450.0 -0.09185
2850.0 1450.0 -0.00616
2950.0 1450.0 0.07535
3050.0 1450.0 0.11893
3150.0 1450.0 0.10086
3250.0 1450.0 0.01480
3350.0 1450.0 -0.12219
3450.0 1450.0 -0.28662
3550.0 1450.0 -0.52616
3650.0 1450.0 -0.84019
3750.0 1450.0 -1.17159
3850.0 1450.0 -1.44997
3950.0 1450.0 -1.62173
4050.0 1450.0 -1.66669
4150.0 1450.0 -1.60150
4250.0 1450.0 -1.46969
4350.0 1450.0 -1.31838
4450.0 1450.0 -1.14385
4550.0 1450.0 -0.85555
4650.0 1450.0 -0.45329
4750.0 1450.0 -0.01579
4850.0 1450.0 0.35792
4950.0 1450.0 0.58968
5050.0 1450.0 0.64578
5150.0 1450.0 0.54300
5250.0 1450.0 0.33714
5350.0 1450.0 0.09404
5450.0 1450.0 -0.13482
5550.0 1450.0 -0.26858
5650.0 1450.0 -0.25635
5750.0 1450.0 -0.09732
5850.0 1450.0 0.16788
5950.0 1450.0 0.47006
6050.0 1450.0 0.72861
6150.0 1450.0 0.87292
6250.0 1450.0 0.86799
6350.0 1450.0 0.74435
50.0 1550.0 0.02958
150.0 1550.0 -0.09117
250.0 1550.0 -0.19628
350.0 1550.0 -0.27802
450.0 1550.0 -0.33947
550.0 1550.0 -0.31674
650.0 1550.0 -0.17401
750.0 1550.0 0.05702
850.0 1550.0 0.31168
950.0 1550.0 0.52013
1050.0 1550.0 0.62783
1150.0 1550.0 0.60856
1250.0 1550.0 0.47021
1350.0 1550.0 0.25307
1450.0 1550.0 0.02092
1550.0 1550.0 -0.15995
1650.0 1550.0 -0.24893
1750.0 1550.0 -0.23698
1850.0 1550.0 -0.14366
1950.0 1550.0 -0.01049
2050.0 1550.0 0.10923
2150.0 1550.0 0.16429
2250.0 1550.0 0.12299
2350.0 1550.0 -0.00575
2450.0 1550.0 -0.15976
2550.0 1550.0 -0.29230
2650.0 1550.0 -0.37717
2750.0 1550.0 -0.39772
2850.0 1550.0 -0.35352
2950.0 1550.0 -0.26211
3050.0 1550.0 -0.15547
3150.0 1550.0 -0.07127
3250.0 1550.0 -0.03896
3350.0 1550.0 -0.06071
3450.0 1550.0 -0.11727
3550.0 1550.0 -0.27630
3650.0 1550.0 -0.55787
3750.0 1550.0 -0.91090
3850.0 1550.0 -1.25623
3950.0 1550.0 -1.51912
4050.0 1550.0 -1.65091
4150.0 1550.0 -1.64000
4250.0 1550.0 -1.51208
4350.0 1550.0 -1.31958
4450.0 1550.0 -1.09645
4550.0 1550.0 -0.78544
4650.0 1550.0 -0.39270
4750.0 1550.0 0.01305
4850.0 1550.0 0.35050
4950.0 1550.0 0.55991
5050.0 1550.0 0.62157
5150.0 1550.0 0.55857
5250.0 1550.0 0.42379
5350.0 1550.0 0.27116
5450.0 1550.0 0.12936
5550.0 1550.0 0.04314
5650.0 1550.0 0.04440
5750.0 1550.0 0.13623
5850.0 1550.0 0.29642
5950.0 1550.0 0.48429
6050.0 1550.0 0.65056
6150.0 1550.0 0.75061
6250.0 1550.0 0.76079
6350.0 1550.0 0.69804
50.0 1650.0 0.25076
150.0 1650.0 0.10586
250.0 1650.0 -0.04509
350.0 1650.0 -0.17886
450.0 1650.0 -0.29302
550.0 1650.0 -0.33059
650.0 1650.0 -0.25089
750.0 1650.0 -0.07145
850.0 1650.0 0.15647
950.0 1650.0 0.36934
1050.0 1650.0 0.50925
1150.0 1650.0 0.53815
1250.0 1650.0 0.44849
1350.0 1650.0 0.27033
1450.0 1650.0 0.07283
1550.0 1650.0 -0.06977
1650.0 1650.0 -0.12245
1750.0 1650.0 -0.08700
1850.0 1650.0 0.00810
1950.0 1650.0 0.11862
2050.0 1650.0 0.19612
2150.0 1650.0 0.20028
2250.0 1650.0 0.11193
2350.0 1650.0 -0.05322
2450.0 1650.0 -0.24338
2550.0 1650.0 -0.43584
2650.0 1650.0 -0.60005
2750.0 1650.0 -0.69414
2850.0 1650.0 -0.69018
2950.0 1650.0 -0.58816
3050.0 1650.0 -0.41840
3150.0 1650.0 -0.23248
3250.0 1650.0 -0.08278
3350.0 1650.0 0.00956
3450.0 1650.0 0.06077
3550.0 1650.0 -0.01076
3650.0 1650.0 -0.24229
3750.0 1650.0 -0.58952
3850.0 1650.0 -0.96822
3950.0 1650.0 -1.28781
4050.0 1650.0 -1.47670
4150.0 1650.0 -1.49938
4250.0 1650.0 -1.36543
4350.0 1650.0 -1.13020
4450.0 1650.0 -0.86051
4550.0 1650.0 -0.53745
4650.0 1650.0 -0.17744
4750.0 1650.0 0.16196
4850.0 1650.0 0.42165
4950.0 1650.0 0.56660
5050.0 1650.0 0.59761
5150.0 1650.0 0.54902
5250.0 1650.0 0.47256
5350.0 1650.0 0.40721
5450.0 1650.0 0.35107
5550.0 1650.0 0.30891
5650.0 1650.0 0.29280
5750.0 1650.0 0.30844
5850.0 1650.0 0.35323
5950.0 1650.0 0.41644
6050.0 1650.0 0.48162
6150.0 1650.0 0.53120
6250.0 1650.0 0.55318
6350.0 1650.0 0.55016
50.0 1750.0 0.45652
150.0 1750.0 0.29569
250.0 1750.0 0.10875
350.0 1750.0 -0.06786
450.0 1750.0 -0.22622
550.0 1750.0 -0.31642
650.0 1750.0 -0.29510
750.0 1750.0 -0.16787
850.0 1750.0 0.02637
950.0 1750.0 0.23111
1050.0 1750.0 0.38748
1150.0 1750.0 0.44904
1250.0 1750.0 0.39608
1350.0 1750.0 0.24949
1450.0 1750.0 0.08111
1550.0 1750.0 -0.02761
1650.0 1750.0 -0.04526
1750.0 1750.0 0.01716
1850.0 1750.0 0.12281
1950.0 1750.0 0.22380
2050.0 1750.0 0.27426
2150.0 1750.0 0.24181
2250.0 1750.0 0.11719
2350.0 1750.0 -0.07766
2450.0 1750.0 -0.29806
2550.0 1750.0 -0.54141
2650.0 1750.0 -0.77388
2750.0 1750.0 -0.93250
2850.0 1750.0 -0.96601
2950.0 1750.0 -0.85913
3050.0 1750.0 -0.64018
3150.0 1750.0 -0.37187
3250.0 1750.0 -0.12547
3350.0 1750.0 0.06177
3450.0 1750.0 0.20386
3550.0 1750.0 0.21247
3650.0 1750.0 0.03908
3750.0 1750.0 -0.27840
3850.0 1750.0 -0.65484
3950.0 1750.0 -0.99112
4050.0 1750.0 -1.20126
4150.0 1750.0 -1.23356
4250.0 1750.0 -1.08554
4350.0 1750.0 -0.81285
4450.0 1750.0 -0.50584
4550.0 1750.0 -0.18300
4650.0 1750.0 0.12676
4750.0 1750.0 0.37639
4850.0 1750.0 0.52993
4950.0 1750.0 0.57941
5050.0 1750.0 0.54922
5150.0 1750.0 0.48806
5250.0 1750.0 0.44843
5350.0 1750.0 0.45367
5450.0 1750.0 0.46891
5550.0 1750.0 0.46302
5650.0 1750.0 0.43138
5750.0 1750.0 0.38195
5850.0 1750.0 0.32865
5950.0 1750.0 0.28605
6050.0 1750.0 0.26535
6150.0 1750.0 0.27177
6250.0 1750.0 0.30311
6350.0 1750.0 0.34981
50.0 1850.0 0.61174
150.0 1850.0 0.43761
250.0 1850.0 0.22525
350.0 1850.0 0.01973
450.0 1850.0 -0.16830
550.0 1850.0 -0.29563
650.0 1850.0 -0.31835
750.0 1850.0 -0.23399
850.0 1850.0 -0.07219
950.0 1850.0 0.11675
1050.0 1850.0 0.27495
1150.0 1850.0 0.35169
1250.0 1850.0 0.31975
1350.0 1850.0 0.19337
1450.0 1850.0 0.04469
1550.0 1850.0 -0.03878
1650.0 1850.0 -0.02665
1750.0 1850.0 0.06380
1850.0 1850.0 0.18883
1950.0 1850.0 0.29619
2050.0 1850.0 0.33977
2150.0 1850.0 0.29084
2250.0 1850.0 0.14611
2350.0 1850.0 -0.06760
2450.0 1850.0 -0.30841
2550.0 1850.0 -0.58770
2650.0 1850.0 -0.87044
2750.0 1850.0 -1.07942
2850.0 1850.0 -1.14684
2950.0 1850.0 -1.04588
3050.0 1850.0 -0.80209
3150.0 1850.0 -0.48446
3250.0 1850.0 -0.17642
3350.0 1850.0 0.07349
3450.0 1850.0 0.27706
3550.0 1850.0 0.34580
3650.0 1850.0 0.22653
3750.0 1850.0 -0.04779
3850.0 1850.0 -0.39451
3950.0 1850.0 -0.71320
4050.0 1850.0 -0.91280
4150.0 1850.0 -0.93427
4250.0 1850.0 -0.76839
4350.0 1850.0 -0.46901
4450.0 1850.0 -0.13867
4550.0 1850.0 0.17354
4650.0 1850.0 0.42644
4750.0 1850.0 0.58116
4850.0 1850.0 0.62192
4950.0 1850.0 0.56527
5050.0 1850.0 0.45800
5150.0 1850.0 0.36340
5250.0 1850.0 0.33628
5350.0 1850.0 0.38633
5450.0 1850.0 0.44949
5550.0 1850.0 0.46992
5650.0 1850.0 0.43259
5750.0 1850.0 0.34668
5850.0 1850.0 0.23620
5950.0 1850.0 0.13129
6050.0 1850.0 0.06034
6150.0 1850.0 0.04274
6250.0 1850.0 0.08256
6350.0 1850.0 0.16280
50.0 1950.0 0.69812
150.0 1950.0 0.50774
250.0 1950.0 0.27852
350.0 1950.0 0.05863
450.0 1950.0 -0.14289
550.0 1950.0 -0.28886
650.0 1950.0 -0.33629
750.0 1950.0 -0.27900
850.0 1950.0 -0.14148
950.0 1950.0 0.03023
1050.0 1950.0 0.18032
1150.0 1950.0 0.25742
1250.0 1950.0 0.23153
1350.0 1950.0 0.11338
1450.0 1950.0 -0.02606
1550.0 1950.0 -0.09448
1650.0 1950.0 -0.05995
1750.0 1950.0 0.05714
1850.0 1950.0 0.20816
1950.0 1950.0 0.33626
2050.0 1950.0 0.39238
2150.0 1950.0 0.34723
2250.0 1950.0 0.19921
2350.0 1950.0 -0.02166
2450.0 1950.0 -0.27203
2550.0 1950.0 -0.57090
2650.0 1950.0 -0.88437
2750.0 1950.0 -1.12852
2850.0 1950.0 -1.22650
2950.0 1950.0 -1.14396
3050.0 1950.0 -0.90271
3150.0 1950.0 -0.57265
3250.0 1950.0 -0.24185
3350.0 1950.0 0.03508
3450.0 1950.0 0.26715
3550.0 1950.0 0.36987
3650.0 1950.0 0.29100
3750.0 1950.0 0.06056
3850.0 1950.0 -0.24320
3950.0 1950.0 -0.52381
4050.0 1950.0 -0.69271
4150.0 1950.0 -0.69118
4250.0 1950.0 -0.50838
4350.0 1950.0 -0.19527
4450.0 1950.0 0.14376
4550.0 1950.0 0.43926
4650.0 1950.0 0.64000
4750.0 1950.0 0.71218
4850.0 1950.0 0.65442
4950.0 1950.0 0.50174
5050.0 1950.0 0.31850
5150.0 1950.0 0.18033
5250.0 1950.0 0.14505
5350.0 1950.0 0.21259
5450.0 1950.0 0.29804
5550.0 1950.0 0.33544
5650.0 1950.0 0.30681
5750.0 1950.0 0.22126
5850.0 1950.0 0.10503
5950.0 1950.0 -0.00784
6050.0 1950.0 -0.08442
6150.0 1950.0 -0.10124
6250.0 1950.0 -0.05221
6350.0 1950.0 0.04399
50.0 2050.0 0.73084
150.0 2050.0 0.51942
250.0 2050.0 0.27778
350.0 2050.0 0.05324
450.0 2050.0 -0.15055
550.0 2050.0 -0.30171
650.0 2050.0 -0.35886
750.0 2050.0 -0.31516
850.0 2050.0 -0.19312
950.0 2050.0 -0.03631
1050.0 2050.0 0.10168
1150.0 2050.0 0.17099
1250.0 2050.0 0.14188
1350.0 2050.0 0.02396
1450.0 2050.0 -0.11352
1550.0 2050.0 -0.17426
1650.0 2050.0 -0.12322
1750.0 2050.0 0.01839
1850.0 2050.0 0.19854
1950.0 2050.0 0.35580
2050.0 2050.0 0.43659
2150.0 2050.0 0.40827
2250.0 2050.0 0.26810
2350.0 2050.0 0.04809
2450.0 2050.0 -0.20436
2550.0 2050.0 -0.51156
2650.0 2050.0 -0.84237
2750.0 2050.0 -1.11142
2850.0 2050.0 -1.23792
2950.0 2050.0 -1.18271
3050.0 2050.0 -0.96319
3150.0 2050.0 -0.64636
3250.0 2050.0 -0.31976
3350.0 2050.0 -0.04047
3450.0 2050.0 0.19701
3550.0 2050.0 0.31375
3650.0 2050.0 0.26147
3750.0 2050.0 0.06882
3850.0 2050.0 -0.19074
3950.0 2050.0 -0.42721
4050.0 2050.0 -0.55841
4150.0 2050.0 -0.53034
4250.0 2050.0 -0.33367
4350.0 2050.0 -0.01625
4450.0 2050.0 0.32170
4550.0 2050.0 0.59879
4650.0 2050.0 0.75622
4750.0 2050.0 0.76279
4850.0 2050.0 0.62646
4950.0 2050.0 0.39489
5050.0 2050.0 0.14515
5150.0 2050.0 -0.03761
5250.0 2050.0 -0.09244
5350.0 2050.0 -0.02574
5450.0 2050.0 0.06440
5550.0 2050.0 0.11304
5650.0 2050.0 0.10475
5750.0 2050.0 0.04749
5850.0 2050.0 -0.03601
5950.0 2050.0 -0.11636
6050.0 2050.0 -0.16521
6150.0 2050.0 -0.16243
6250.0 2050.0 -0.10288
6350.0 2050.0 -0.00274
50.0 2150.0 0.74760
150.0 2150.0 0.51983
250.0 2150.0 0.27173
350.0 2150.0 0.04870
450.0 2150.0 -0.15106
550.0 2150.0 -0.29947
650.0 2150.0 -0.35678
750.0 2150.0 -0.31708
850.0 2150.0 -0.20285
950.0 2150.0 -0.05657
1050.0 2150.0 0.07009
1150.0 2150.0 0.12947
1250.0 2150.0 0.09360
1350.0 2150.0 -0.02772
1450.0 2150.0 -0.16693
1550.0 2150.0 -0.22563
1650.0 2150.0 -0.16587
1750.0 2150.0 -0.00825
1850.0 2150.0 0.19374
1950.0 2150.0 0.37564
2050.0 2150.0 0.48000
2150.0 2150.0 0.47050
2250.0 2150.0 0.34216
2350.0 2150.0 0.12765
2450.0 2150.0 -0.12177
2550.0 2150.0 -0.42989
2650.0 2150.0 -0.76855
2750.0 2150.0 -1.05319
2850.0 2150.0 -1.20168
2950.0 2150.0 -1.17174
3050.0 2150.0 -0.97671
3150.0 2150.0 -0.67959
3250.0 2150.0 -0.36542
3350.0 2150.0 -0.09197
3450.0 2150.0 0.14329
3550.0 2150.0 0.26859
3650.0 2150.0 0.24084
3750.0 2150.0 0.08729
3850.0 2150.0 -0.12444
3950.0 2150.0 -0.31244
4050.0 2150.0 -0.40276
4150.0 2150.0 -0.34770
4250.0 2150.0 -0.14021
4350.0 2150.0 0.17563
4450.0 2150.0 0.50573
4550.0 2150.0 0.75699
4650.0 2150.0 0.86365
4750.0 2150.0 0.79823
4850.0 2150.0 0.57896
4950.0 2150.0 0.26656
5050.0 2150.0 -0.04958
5150.0 2150.0 -0.27581
5250.0 2150.0 -0.34919
5350.0 2150.0 -0.28313
5450.0 2150.0 -0.18770
5550.0 2150.0 -0.12416
5650.0 2150.0 -0.10483
5750.0 2150.0 -0.12418
5850.0 2150.0 -0.16509
5950.0 2150.0 -0.20494
6050.0 2150.0 -0.22144
6150.0 2150.0 -0.19839
6250.0 2150.0 -0.13115
6350.0 2150.0 -0.03194
50.0 2250.0 0.73622
150.0 2250.0 0.51395
250.0 2250.0 0.27994
350.0 2250.0 0.07631
450.0 2250.0 -0.10219
550.0 2250.0 -0.22624
650.0 2250.0 -0.25776
750.0 2250.0 -0.19608
850.0 2250.0 -0.06879
950.0 2250.0 0.07908
1050.0 2250.0 0.19686
1150.0 2250.0 0.24109
1250.0 2250.0 0.18943
1350.0 2250.0 0.05554
1450.0 2250.0 -0.09506
1550.0 2250.0 -0.16863
1650.0 2250.0 -0.12598
1750.0 2250.0 0.01710
1850.0 2250.0 0.21203
1950.0 2250.0 0.39706
2050.0 2250.0 0.51429
2150.0 2250.0 0.52400
2250.0 2250.0 0.41638
2350.0 2250.0 0.22058
2450.0 2250.0 -0.01073
2550.0 2250.0 -0.29808
2650.0 2250.0 -0.61638
2750.0 2250.0 -0.88725
2850.0 2250.0 -1.03378
2950.0 2250.0 -1.01552
3050.0 2250.0 -0.84339
3150.0 2250.0 -0.57455
3250.0 2250.0 -0.28719
3350.0 2250.0 -0.03531
3450.0 2250.0 0.18322
3550.0 2250.0 0.30899
3650.0 2250.0 0.30690
3750.0 2250.0 0.20154
3850.0 2250.0 0.05094
3950.0 2250.0 -0.07590
4050.0 2250.0 -0.11785
4150.0 2250.0 -0.03673
4250.0 2250.0 0.17143
4350.0 2250.0 0.46873
4450.0 2250.0 0.77090
4550.0 2250.0 0.96965
4650.0 2250.0 0.99332
4750.0 2250.0 0.82420
4850.0 2250.0 0.49745
4950.0 2250.0 0.09127
5050.0 2250.0 -0.29183
5150.0 2250.0 -0.55245
5250.0 2250.0 -0.63072
5350.0 2250.0 -0.55141
5450.0 2250.0 -0.43644
5550.0 2250.0 -0.34093
5650.0 2250.0 -0.27610
5750.0 2250.0 -0.24309
5850.0 2250.0 -0.23417
5950.0 2250.0 -0.23506
6050.0 2250.0 -0.22849
6150.0 2250.0 -0.19874
6250.0 2250.0 -0.13746
6350.0 2250.0 -0.05056
50.0 2350.0 0.67998
150.0 2350.0 0.48880
250.0 2350.0 0.29404
350.0 2350.0 0.13260
450.0 2350.0 -0.00243
550.0 2350.0 -0.07516
650.0 2350.0 -0.04975
750.0 2350.0 0.06365
850.0 2350.0 0.22616
950.0 2350.0 0.38624
1050.0 2350.0 0.49387
1150.0 2350.0 0.51298
1250.0 2350.0 0.43217
1350.0 2350.0 0.27342
1450.0 2350.0 0.09904
1550.0 2350.0 -0.01053
1650.0 2350.0 -0.01660
1750.0 2350.0 0.07528
1850.0 2350.0 0.22925
1950.0 2350.0 0.39322
2050.0 2350.0 0.51265
2150.0 2350.0 0.54435
2250.0 2350.0 0.47013
2350.0 2350.0 0.31038
2450.0 2350.0 0.11668
2550.0 2350.0 -0.12224
2650.0 2350.0 -0.38458
2750.0 2350.0 -0.60508
2850.0 2350.0 -0.72041
2950.0 2350.0 -0.69802
3050.0 2350.0 -0.54829
3150.0 2350.0 -0.31990
3250.0 2350.0 -0.07852
3350.0 2350.0 0.13131
3450.0 2350.0 0.31408
3550.0 2350.0 0.42806
3650.0 2350.0 0.44897
3750.0 2350.0 0.39728
3850.0 2350.0 0.31745
3950.0 2350.0 0.26048
4050.0 2350.0 0.26996
4150.0 2350.0 0.37134
4250.0 2350.0 0.56474
4350.0 2350.0 0.82107
4450.0 2350.0 1.07016
4550.0 2350.0 1.18737
4650.0 2350.0 1.09876
4750.0 2350.0 0.80349
4850.0 2350.0 0.35976
4950.0 2350.0 -0.13447
5050.0 2350.0 -0.56597
5150.0 2350.0 -0.83595
5250.0 2350.0 -0.89502
5350.0 2350.0 -0.78331
5450.0 2350.0 -0.63071
5550.0 2350.0 -0.48348
5650.0 2350.0 -0.35510
5750.0 2350.0 -0.25857
5850.0 2350.0 -0.19940
5950.0 2350.0 -0.17241
6050.0 2350.0 -0.16241
6150.0 2350.0 -0.14872
6250.0 2350.0 -0.11353
6350.0 2350.0 -0.05413
50.0 2450.0 0.57468
150.0 2450.0 0.43287
250.0 2450.0 0.29692
350.0 2450.0 0.19657
450.0 2450.0 0.12377
550.0 2450.0 0.12404
650.0 2450.0 0.22964
750.0 2450.0 0.41499
850.0 2450.0 0.62533
950.0 2450.0 0.80015
1050.0 2450.0 0.89079
1150.0 2450.0 0.87218
1250.0 2450.0 0.74868
1350.0 2450.0 0.55410
1450.0 2450.0 0.34548
1550.0 2450.0 0.18291
1650.0 2450.0 0.10364
1750.0 2450.0 0.11681
1850.0 2450.0 0.20558
1950.0 2450.0 0.33262
2050.0 2450.0 0.44929
2150.0 2450.0 0.50827
2250.0 2450.0 0.47975
2350.0 2450.0 0.37117
2450.0 2450.0 0.23160
2550.0 2450.0 0.06413
2650.0 2450.0 -0.11316
2750.0 2450.0 -0.25402
2850.0 2450.0 -0.31552
2950.0 2450.0 -0.27786
3050.0 2450.0 -0.15210
3150.0 2450.0 0.02405
3250.0 2450.0 0.20244
3350.0 2450.0 0.35264
3450.0 2450.0 0.48314
3550.0 2450.0 0.57256
3650.0 2450.0 0.60887
3750.0 2450.0 0.60744
3850.0 2450.0 0.59677
3950.0 2450.0 0.60715
4050.0 2450.0 0.66209
4150.0 2450.0 0.77279
4250.0 2450.0 0.93536
4350.0 2450.0 1.13106
4450.0 2450.0 1.30672
4550.0 2450.0 1.32488
4650.0 2450.0 1.11507
4750.0 2450.0 0.69857
4850.0 2450.0 0.15857
4950.0 2450.0 -0.38970
5050.0 2450.0 -0.82896
5150.0 2450.0 -1.06985
5250.0 2450.0 -1.08097
5350.0 2450.0 -0.91901
5450.0 2450.0 -0.71389
5550.0 2450.0 -0.50115
5650.0 2450.0 -0.30044
5750.0 2450.0 -0.14068
5850.0 2450.0 -0.04255
5950.0 2450.0 -0.00873
6050.0 2450.0 -0.02191
6150.0 2450.0 -0.05039
6250.0 2450.0 -0.06159
6350.0 2450.0 -0.04313
50.0 2550.0 0.42929
150.0 2550.0 0.34221
250.0 2550.0 0.27319
350.0 2550.0 0.24344
450.0 2550.0 0.24272
550.0 2550.0 0.32594
650.0 2550.0 0.52011
750.0 2550.0 0.78181
850.0 2550.0 1.03874
950.0 2550.0 1.22137
1050.0 2550.0 1.28410
1150.0 2550.0 1.21576
1250.0 2550.0 1.03959
1350.0 2550.0 0.80264
1450.0 2550.0 0.55434
1550.0 2550.0 0.33094
1650.0 2550.0 0.16838
1750.0 2550.0 0.09287
1850.0 2550.0 0.10925
1950.0 2550.0 0.19685
2050.0 2550.0 0.31334
2150.0 2550.0 0.40617
2250.0 2550.0 0.43184
2350.0 2550.0 0.38294
2450.0 2550.0 0.30627
2550.0 2550.0 0.22192
2650.0 2550.0 0.14369
2750.0 2550.0 0.09580
2850.0 2550.0 0.09736
2950.0 2550.0 0.15332
3050.0 2550.0 0.25172
3150.0 2550.0 0.36753
3250.0 2550.0 0.47292
3350.0 2550.0 0.55390
3450.0 2550.0 0.62291
3550.0 2550.0 0.67799
3650.0 2550.0 0.71887
3750.0 2550.0 0.75558
3850.0 2550.0 0.80080
3950.0 2550.0 0.86450
4050.0 2550.0 0.95083
4150.0 2550.0 1.05740
4250.0 2550.0 1.17682
4350.0 2550.0 1.30061
4450.0 2550.0 1.39332
4550.0 2550.0 1.31216
4650.0 2550.0 0.99671
4750.0 2550.0 0.49211
4850.0 2550.0 -0.09649
4950.0 2550.0 -0.64367
5050.0 2550.0 -1.03739
5150.0 2550.0 -1.20683
5250.0 2550.0 -1.14415
5350.0 2550.0 -0.92043
5450.0 2550.0 -0.65544
5550.0 2550.0 -0.37365
5650.0 2550.0 -0.10429
5750.0 2550.0 0.10615
5850.0 2550.0 0.22247
5950.0 2550.0 0.23704
6050.0 2550.0 0.17392
6150.0 2550.0 0.08074
6250.0 2550.0 0.00828
6350.0 2550.0 -0.02211
50.0 2650.0 0.26397
150.0 2650.0 0.22295
250.0 2650.0 0.21557
350.0 2650.0 0.25415
450.0 2650.0 0.32398
550.0 2650.0 0.48596
650.0 2650.0 0.76029
750.0 2650.0 1.08620
850.0 2650.0 1.37551
950.0 2650.0 1.55189
1050.0 2650.0 1.57491
1150.0 2650.0 1.44886
1250.0 2650.0 1.21633
1350.0 2650.0 0.93663
1450.0 2650.0 0.64956
1550.0 2650.0 0.36858
1650.0 2650.0 0.12945
1750.0 2650.0 -0.02496
1850.0 2650.0 -0.06962
1950.0 2650.0 -0.01034
2050.0 2650.0 0.11509
2150.0 2650.0 0.24767
2250.0 2650.0 0.32991
2350.0 2650.0 0.34041
2450.0 2650.0 0.32541
2550.0 2650.0 0.32153
2650.0 2650.0 0.33787
2750.0 2650.0 0.37703
2850.0 2650.0 0.43534
2950.0 2650.0 0.50392
3050.0 2650.0 0.57079
3150.0 2650.0 0.62405
3250.0 2650.0 0.65606
3350.0 2650.0 0.66867
3450.0 2650.0 0.67661
3550.0 2650.0 0.69325
3650.0 2650.0 0.72783
3750.0 2650.0 0.78565
3850.0 2650.0 0.86600
3950.0 2650.0 0.96196
4050.0 2650.0 1.06179
4150.0 2650.0 1.15220
4250.0 2650.0 1.22328
4350.0 2650.0 1.27522
4450.0 2650.0 1.28858
4550.0 2650.0 1.12458
4650.0 2650.0 0.73823
4750.0 2650.0 0.19643
4850.0 2650.0 -0.38077
4950.0 2650.0 -0.86706
5050.0 2650.0 -1.16495
5150.0 2650.0 -1.22891
5250.0 2650.0 -1.07677
5350.0 2650.0 -0.78919
5450.0 2650.0 -0.46636
5550.0 2650.0 -0.12290
5650.0 2650.0 0.20047
5750.0 2650.0 0.44079
5850.0 2650.0 0.55128
5950.0 2650.0 0.52316
6050.0 2650.0 0.39082
6150.0 2650.0 0.22031
6250.0 2650.0 0.08118
6350.0 2650.0 0.00167
50.0 2750.0 0.10519
150.0 2750.0 0.09017
250.0 2750.0 0.12736
350.0 2750.0 0.22081
450.0 2750.0 0.34865
550.0 2750.0 0.57225
650.0 2750.0 0.90408
750.0 2750.0 1.26919
850.0 2750.0 1.56802
950.0 2750.0 1.72128
1050.0 2750.0 1.69565
1150.0 2750.0 1.51045
1250.0 2750.0 1.22534
1350.0 2750.0 0.90882
1450.0 2750.0 0.59005
1550.0 2750.0 0.26486
1650.0 2750.0 -0.02927
1750.0 2750.0 -0.23600
1850.0 2750.0 -0.31521
1950.0 2750.0 -0.26289
2050.0 2750.0 -0.11567
2150.0 2750.0 0.06007
2250.0 2750.0 0.19438
2350.0 2750.0 0.25523
2450.0 2750.0 0.29096
2550.0 2750.0 0.35136
2650.0 2750.0 0.44047
2750.0 2750.0 0.54327
2850.0 2750.0 0.63831
2950.0 2750.0 0.70685
3050.0 2750.0 0.73853
3150.0 2750.0 0.73362
3250.0 2750.0 0.70170
3350.0 2750.0 0.65705
3450.0 2750.0 0.61396
3550.0 2750.0 0.59504
3650.0 2750.0 0.61583
3750.0 2750.0 0.67807
3850.0 2750.0 0.77174
3950.0 2750.0 0.87836
4050.0 2750.0 0.97557
4150.0 2750.0 1.04297
4250.0 2750.0 1.06931
4350.0 2750.0 1.06085
4450.0 2750.0 1.01061
4550.0 2750.0 0.79193
4650.0 2750.0 0.37790
4750.0 2750.0 -0.14821
4850.0 2750.0 -0.66027
4950.0 2750.0 -1.03990
5050.0 2750.0 -1.21040
5150.0 2750.0 -1.15389
5250.0 2750.0 -0.91176
5350.0 2750.0 -0.56836
5450.0 2750.0 -0.19854
5550.0 2750.0 0.19054
5650.0 2750.0 0.54682
5750.0 2750.0 0.79439
5850.0 2750.0 0.87928
5950.0 2750.0 0.79499
6050.0 2750.0 0.58770
6150.0 2750.0 0.34115
6250.0 2750.0 0.14119
6350.0 2750.0 0.02006
50.0 2850.0 -0.02162
150.0 2850.0 -0.03670
250.0 2850.0 0.02068
350.0 2850.0 0.14793
450.0 2850.0 0.31349
550.0 2850.0 0.57316
650.0 2850.0 0.93165
750.0 2850.0 1.30485
850.0 2850.0 1.58801
950.0 2850.0 1.70323
1050.0 2850.0 1.62546
1150.0 2850.0 1.38684
1250.0 2850.0 1.05953
1350.0 2850.0 0.71693
1450.0 2850.0 0.37782
1550.0 2850.0 0.02842
1650.0 2850.0 -0.29010
1750.0 2850.0 -0.51282
1850.0 2850.0 -0.59211
1950.0 2850.0 -0.52099
2050.0 2850.0 -0.33896
2150.0 2850.0 -0.12019
2250.0 2850.0 0.05587
2350.0 2850.0 0.15159
2450.0 2850.0 0.22030
2550.0 2850.0 0.31943
2650.0 2850.0 0.44801
2750.0 2850.0 0.57971
2850.0 2850.0 0.68309
2950.0 2850.0 0.73536
3050.0 2850.0 0.72979
3150.0 2850.0 0.67661
3250.0 2850.0 0.59760
3350.0 2850.0 0.51418
3450.0 2850.0 0.43709
3550.0 2850.0 0.39188
3650.0 2850.0 0.39699
3750.0 2850.0 0.45213
3850.0 2850.0 0.54247
3950.0 2850.0 0.64379
4050.0 2850.0 0.72866
4150.0 2850.0 0.77351
4250.0 2850.0 0.76675
4350.0 2850.0 0.71779
4450.0 2850.0 0.62765
4550.0 2850.0 0.38644
4650.0 2850.0 -0.01573
4750.0 2850.0 -0.48636
4850.0 2850.0 -0.90139
4950.0 2850.0 -1.15609
5050.0 2850.0 -1.19598
5150.0 2850.0 -1.02788
5250.0 2850.0 -0.71098
5350.0 2850.0 -0.32793
5450.0 2850.0 0.07207
5550.0 2850.0 0.48638
5650.0 2850.0 0.85385
5750.0 2850.0 1.09065
5850.0 2850.0 1.14020
5950.0 2850.0 1.00038
6050.0 2850.0 0.72802
6150.0 2850.0 0.42066
6250.0 2850.0 0.17560
6350.0 2850.0 0.02619
50.0 2950.0 -0.10237
150.0 2950.0 -0.14221
250.0 2950.0 -0.08917
350.0 2950.0 0.04946
450.0 2950.0 0.23084
550.0 2950.0 0.50017
650.0 2950.0 0.85509
750.0 2950.0 1.20787
850.0 2950.0 1.45449
950.0 2950.0 1.52225
1050.0 2950.0 1.39453
1150.0 2950.0 1.11299
1250.0 2950.0 0.75703
1350.0 2950.0 0.40056
1450.0 2950.0 0.05334
1550.0 2950.0 -0.29957
1650.0 2950.0 -0.61166
1750.0 2950.0 -0.81478
1850.0 2950.0 -0.86144
1950.0 2950.0 -0.74839
2050.0 2950.0 -0.52169
2150.0 2950.0 -0.26313
2250.0 2950.0 -0.05807
2350.0 2950.0 0.05532
2450.0 2950.0 0.13777
2550.0 2950.0 0.24841
2650.0 2950.0 0.38152
2750.0 2950.0 0.50630
2850.0 2950.0 0.58951
2950.0 2950.0 0.61028
3050.0 2950.0 0.56728
3150.0 2950.0 0.47810
3250.0 2950.0 0.37104
3350.0 2950.0 0.26908
3450.0 2950.0 0.17684
3550.0 2950.0 0.11782
3650.0 2950.0 0.11075
3750.0 2950.0 0.15469
3850.0 2950.0 0.23378
3950.0 2950.0 0.32282
4050.0 2950.0 0.39372
4150.0 2950.0 0.42274
4250.0 2950.0 0.39859
4350.0 2950.0 0.33136
4450.0 2950.0 0.22599
4550.0 2950.0 -0.01028
4650.0 2950.0 -0.37426
4750.0 2950.0 -0.77117
4850.0 2950.0 -1.08450
4950.0 2950.0 -1.22467
5050.0 2950.0 -1.15631
5150.0 2950.0 -0.90414
5250.0 2950.0 -0.53759
5350.0 2950.0 -0.13405
5450.0 2950.0 0.27835
5550.0 2950.0 0.69888
5650.0 2950.0 1.06079
5750.0 2950.0 1.27741
5850.0 2950.0 1.29312
5950.0 2950.0 1.11058
6050.0 2950.0 0.79415
6150.0 2950.0 0.44957
6250.0 2950.0 0.17980
6350.0 2950.0 0.01717
50.0 3050.0 -0.14716
150.0 3050.0 -0.22664
250.0 3050.0 -0.19352
350.0 3050.0 -0.05829
450.0 3050.0 0.12430
550.0 3050.0 0.38620
650.0 3050.0 0.71886
750.0 3050.0 1.03449
850.0 3050.0 1.23358
950.0 3050.0 1.25064
1050.0 3050.0 1.07716
1150.0 3050.0 0.76170
1250.0 3050.0 0.38718
1350.0 3050.0 0.02528
1450.0 3050.0 -0.32191
1550.0 3050.0 -0.66494
1650.0 3050.0 -0.95109
1750.0 3050.0 -1.11253
1850.0 3050.0 -1.10681
1950.0 3050.0 -0.93860
2050.0 3050.0 -0.66258
2150.0 3050.0 -0.36778
2250.0 3050.0 -0.14300
2350.0 3050.0 -0.02361
2450.0 3050.0 0.05972
2550.0 3050.0 0.16386
2650.0 3050.0 0.27864
2750.0 3050.0 0.37336
2850.0 3050.0 0.41836
2950.0 3050.0 0.39852
3050.0 3050.0 0.31891
3150.0 3050.0 0.20262
3250.0 3050.0 0.08060
3350.0 3050.0 -0.02626
3450.0 3050.0 -0.12089
3550.0 3050.0 -0.18424
3650.0 3050.0 -0.19862
3750.0 3050.0 -0.16481
3850.0 3050.0 -0.09765
3950.0 3050.0 -0.02086
4050.0 3050.0 0.03903
4150.0 3050.0 0.05955
4250.0 3050.0 0.02991
4350.0 3050.0 -0.04041
4450.0 3050.0 -0.14498
4550.0 3050.0 -0.36126
4650.0 3050.0 -0.67697
4750.0 3050.0 -0.99923
4850.0 3050.0 -1.22128
4950.0 3050.0 -1.26763
5050.0 3050.0 -1.11771
5150.0 3050.0 -0.80798
5250.0 3050.0 -0.41252
5350.0 3050.0 -0.00206
5450.0 3050.0 0.41106
5550.0 3050.0 0.82647
5650.0 3050.0 1.17468
5750.0 3050.0 1.36938
5850.0 3050.0 1.35770
5950.0 3050.0 1.14651
6050.0 3050.0 0.80473
6150.0 3050.0 0.44189
6250.0 3050.0 0.16257
6350.0 3050.0 -0.00291
50.0 3150.0 -0.20311
150.0 3150.0 -0.32124
250.0 3150.0 -0.30717
350.0 3150.0 -0.17478
450.0 3150.0 0.00967
550.0 3150.0 0.26630
650.0 3150.0 0.58143
750.0 3150.0 0.86713
850.0 3150.0 1.02751
950.0 3150.0 1.00307
1050.0 3150.0 0.79201
1150.0 3150.0 0.44870
1250.0 3150.0 0.05905
1350.0 3150.0 -0.30704
1450.0 3150.0 -0.65373
1550.0 3150.0 -0.98719
1650.0 3150.0 -1.24951
1750.0 3150.0 -1.37384
1850.0 3150.0 -1.32289
1950.0 3150.0 -1.10854
2050.0 3150.0 -0.79296
2150.0 3150.0 -0.47089
2250.0 3150.0 -0.23338
2350.0 3150.0 -0.11287
2450.0 3150.0 -0.03315
2550.0 3150.0 0.05803
2650.0 3150.0 0.14607
2750.0 3150.0 0.20202
2850.0 3150.0 0.20179
2950.0 3150.0 0.13745
3050.0 3150.0 0.02102
3150.0 3150.0 -0.11957
3250.0 3150.0 -0.25198
3350.0 3150.0 -0.35880
3450.0 3150.0 -0.45088
3550.0 3150.0 -0.51327
3650.0 3150.0 -0.52922
3750.0 3150.0 -0.49947
3850.0 3150.0 -0.43816
3950.0 3150.0 -0.36778
4050.0 3150.0 -0.31348
4150.0 3150.0 -0.29657
4250.0 3150.0 -0.32722
4350.0 3150.0 -0.39644
4450.0 3150.0 -0.49577
4550.0 3150.0 -0.68636
4650.0 3150.0 -0.94763
4750.0 3150.0 -1.19054
4850.0 3150.0 -1.31976
4950.0 3150.0 -1.27467
5050.0 3150.0 -1.04908
5150.0 3150.0 -0.68969
5250.0 3150.0 -0.27333
5350.0 3150.0 0.13702
5450.0 3150.0 0.54331
5550.0 3150.0 0.94216
5650.0 3150.0 1.26163
5750.0 3150.0 1.41877
5850.0 3150.0 1.36689
5950.0 3150.0 1.11960
6050.0 3150.0 0.75131
6150.0 3150.0 0.37438
6250.0 3150.0 0.09282
6350.0 3150.0 -0.06735
50.0 3250.0 -0.31281
150.0 3250.0 -0.45576
250.0 3250.0 -0.44789
350.0 3250.0 -0.30748
450.0 3250.0 -0.11055
550.0 3250.0 0.15780
650.0 3250.0 0.48153
750.0 3250.0 0.77030
850.0 3250.0 0.92698
950.0 3250.0 0.89273
1050.0 3250.0 0.66830
1150.0 3250.0 0.31175
1250.0 3250.0 -0.08752
1350.0 3250.0 -0.45841
1450.0 3250.0 -0.80744
1550.0 3250.0 -1.13931
1650.0 3250.0 -1.39466
1750.0 3250.0 -1.50822
1850.0 3250.0 -1.44566
1950.0 3250.0 -1.22200
2050.0 3250.0 -0.90179
2150.0 3250.0 -0.58083
2250.0 3250.0 -0.34971
2350.0 3250.0 -0.23898
2450.0 3250.0 -0.17181
2550.0 3250.0 -0.10588
2650.0 3250.0 -0.05982
2750.0 3250.0 -0.05750
2850.0 3250.0 -0.11374
2950.0 3250.0 -0.22672
3050.0 3250.0 -0.37712
3150.0 3250.0 -0.53375
3250.0 3250.0 -0.66586
3350.0 3250.0 -0.76205
3450.0 3250.0 -0.84099
3550.0 3250.0 -0.88969
3650.0 3250.0 -0.89177
3750.0 3250.0 -0.84891
3850.0 3250.0 -0.77606
3950.0 3250.0 -0.69609
4050.0 3250.0 -0.63391
4150.0 3250.0 -0.61008
4250.0 3250.0 -0.63381
4350.0 3250.0 -0.69557
4450.0 3250.0 -0.78262
4550.0 3250.0 -0.93606
4650.0 3250.0 -1.12804
4750.0 3250.0 -1.27773
4850.0 3250.0 -1.30593
4950.0 3250.0 -1.16984
5050.0 3250.0 -0.87786
5150.0 3250.0 -0.48462
5250.0 3250.0 -0.06590
5350.0 3250.0 0.32619
5450.0 3250.0 0.70500
5550.0 3250.0 1.05369
5650.0 3250.0 1.29821
5750.0 3250.0 1.36760
5850.0 3250.0 1.23224
5950.0 3250.0 0.92102
6050.0 3250.0 0.51754
6150.0 3250.0 0.13524
6250.0 3250.0 -0.12844
6350.0 3250.0 -0.25893
50.0 3350.0 -0.47110
150.0 3350.0 -0.61707
250.0 3350.0 -0.59683
350.0 3350.0 -0.43414
450.0 3350.0 -0.21142
550.0 3350.0 0.08899
650.0 3350.0 0.45154
750.0 3350.0 0.78058
850.0 3350.0 0.97224
950.0 3350.0 0.96248
1050.0 3350.0 0.75020
1150.0 3350.0 0.39522
1250.0 3350.0 -0.00863
1350.0 3350.0 -0.38553
1450.0 3350.0 -0.74038
1550.0 3350.0 -1.07935
1650.0 3350.0 -1.34575
1750.0 3350.0 -1.47667
1850.0 3350.0 -1.43867
1950.0 3350.0 -1.24569
2050.0 3350.0 -0.95928
2150.0 3350.0 -0.67124
2250.0 3350.0 -0.46859
2350.0 3350.0 -0.38094
2450.0 3350.0 -0.33733
2550.0 3350.0 -0.30988
2650.0 3350.0 -0.31960
2750.0 3350.0 -0.38132
2850.0 3350.0 -0.49693
2950.0 3350.0 -0.65335
3050.0 3350.0 -0.82502
3150.0 3350.0 -0.98088
3250.0 3350.0 -1.09595
3350.0 3350.0 -1.16742
3450.0 3350.0 -1.22009
3550.0 3350.0 -1.24081
3650.0 3350.0 -1.21371
3750.0 3350.0 -1.14235
3850.0 3350.0 -1.04365
3950.0 3350.0 -0.94166
4050.0 3350.0 -0.86128
4150.0 3350.0 -0.82189
4250.0 3350.0 -0.83099
4350.0 3350.0 -0.87770
4450.0 3350.0 -0.94420
4550.0 3350.0 -1.05003
4650.0 3350.0 -1.16298
4750.0 3350.0 -1.21547
4850.0 3350.0 -1.14853
4950.0 3350.0 -0.93835
5050.0 3350.0 -0.60574
5150.0 3350.0 -0.20830
5250.0 3350.0 0.18472
5350.0 3350.0 0.53474
5450.0 3350.0 0.86075
5550.0 3350.0 1.12172
5650.0 3350.0 1.24351
5750.0 3350.0 1.17756
5850.0 3350.0 0.92280
5950.0 3350.0 0.53130
6050.0 3350.0 0.09760
6150.0 3350.0 -0.26815
6250.0 3350.0 -0.48338
6350.0 3350.0 -0.55251
50.0 3450.0 -0.64533
150.0 3450.0 -0.77052
250.0 3450.0 -0.71939
350.0 3450.0 -0.52172
450.0 3450.0 -0.26218
550.0 3450.0 0.08584
650.0 3450.0 0.50888
750.0 3450.0 0.90364
850.0 3450.0 1.15556
950.0 3450.0 1.19164
1050.0 3450.0 1.00636
1150.0 3450.0 0.66067
1250.0 3450.0 0.25402
1350.0 3450.0 -0.13050
1450.0 3450.0 -0.49385
1550.0 3450.0 -0.84549
1650.0 3450.0 -1.13379
1750.0 3450.0 -1.29903
1850.0 3450.0 -1.30780
1950.0 3450.0 -1.17062
2050.0 3450.0 -0.94291
2150.0 3450.0 -0.70920
2250.0 3450.0 -0.55082
2350.0 3450.0 -0.49679
2450.0 3450.0 -0.48559
2550.0 3450.0 -0.50474
2650.0 3450.0 -0.57481
2750.0 3450.0 -0.69853
2850.0 3450.0 -0.86326
2950.0 3450.0 -1.04536
3050.0 3450.0 -1.21601
3150.0 3450.0 -1.34880
3250.0 3450.0 -1.42869
3350.0 3450.0 -1.46277
3450.0 3450.0 -1.47848
3550.0 3450.0 -1.46161
3650.0 3450.0 -1.39783
3750.0 3450.0 -1.29320
3850.0 3450.0 -1.16647
3950.0 3450.0 -1.04202
4050.0 3450.0 -0.94336
4150.0 3450.0 -0.88719
4250.0 3450.0 -0.87813
4350.0 3450.0 -0.90404
4450.0 3450.0 -0.94382
4550.0 3450.0 -0.99848
4650.0 3450.0 -1.03578
4750.0 3450.0 -1.00510
4850.0 3450.0 -0.86873
4950.0 3450.0 -0.61966
5050.0 3450.0 -0.28594
5150.0 3450.0 0.07847
5250.0 3450.0 0.41634
5350.0 3450.0 0.70321
5450.0 3450.0 0.95624
5550.0 3450.0 1.10430
5650.0 3450.0 1.07700
5750.0 3450.0 0.85605
5850.0 3450.0 0.47587
5950.0 3450.0 0.01452
6050.0 3450.0 -0.42476
6150.0 3450.0 -0.74164
6250.0 3450.0 -0.87626
6350.0 3450.0 -0.85636
50.0 3550.0 -0.79619
150.0 3550.0 -0.88117
250.0 3550.0 -0.78580
350.0 3550.0 -0.54557
450.0 3550.0 -0.24369
550.0 3550.0 0.15817
650.0 3550.0 0.64828
750.0 3550.0 1.11463
850.0 3550.0 1.43086
950.0 3550.0 1.51441
1050.0 3550.0 1.35554
1150.0 3550.0 1.01715
1250.0 3550.0 0.60550
1350.0 3550.0 0.21176
1450.0 3550.0 -0.16126
1550.0 3550.0 -0.52621
1650.0 3550.0 -0.83663
1750.0 3550.0 -1.03656
1850.0 3550.0 -1.09326
1950.0 3550.0 -1.01424
2050.0 3550.0 -0.84878
2150.0 3550.0 -0.67386
2250.0 3550.0 -0.56455
2350.0 3550.0 -0.54879
2450.0 3550.0 -0.57414
2550.0 3550.0 -0.64029
2650.0 3550.0 -0.76416
2750.0 3550.0 -0.93511
2850.0 3550.0 -1.12694
2950.0 3550.0 -1.30835
3050.0 3550.0 -1.45159
3150.0 3550.0 -1.53924
3250.0 3550.0 -1.56929
3350.0 3550.0 -1.55827
3450.0 3550.0 -1.53188
3550.0 3550.0 -1.47541
3650.0 3550.0 -1.37790
3750.0 3550.0 -1.24787
3850.0 3550.0 -1.10449
3950.0 3550.0 -0.97010
4050.0 3550.0 -0.86410
4150.0 3550.0 -0.79817
4250.0 3550.0 -0.77290
4350.0 3550.0 -0.77577
4450.0 3550.0 -0.78660
4550.0 3550.0 -0.79486
4650.0 3550.0 -0.77306
4750.0 3550.0 -0.68863
4850.0 3550.0 -0.52273
4950.0 3550.0 -0.27987
5050.0 3550.0 0.01153
5150.0 3550.0 0.30778
5250.0 3550.0 0.56761
5350.0 3550.0 0.77901
5450.0 3550.0 0.94985
5550.0 3550.0 0.97995
5650.0 3550.0 0.80732
5750.0 3550.0 0.44703
5850.0 3550.0 -0.03099
5950.0 3550.0 -0.52594
6050.0 3550.0 -0.93189
6150.0 3550.0 -1.16530
6250.0 3550.0 -1.19427
6350.0 3550.0 -1.06955
50.0 3650.0 -0.89248
150.0 3650.0 -0.92763
250.0 3650.0 -0.78343
350.0 3650.0 -0.50025
450.0 3650.0 -0.15736
550.0 3650.0 0.29372
650.0 3650.0 0.84107
750.0 3650.0 1.36431
850.0 3650.0 1.72722
950.0 3650.0 1.84040
1050.0 3650.0 1.69259
1150.0 3650.0 1.35073
1250.0 3650.0 0.92866
1350.0 3650.0 0.52459
1450.0 3650.0 0.14256
1550.0 3650.0 -0.23141
1650.0 3650.0 -0.55385
1750.0 3650.0 -0.77275
1850.0 3650.0 -0.85791
1950.0 3650.0 -0.81674
2050.0 3650.0 -0.69551
2150.0 3650.0 -0.56617
2250.0 3650.0 -0.49869
2350.0 3650.0 -0.51892
2450.0 3650.0 -0.57917
2550.0 3650.0 -0.68519
2650.0 3650.0 -0.84747
2750.0 3650.0 -1.04282
2850.0 3650.0 -1.23467
2950.0 3650.0 -1.38835
3050.0 3650.0 -1.48135
3150.0 3650.0 -1.50841
3250.0 3650.0 -1.48151
3350.0 3650.0 -1.42470
3450.0 3650.0 -1.35791
3550.0 3650.0 -1.26774
3650.0 3650.0 -1.14865
3750.0 3650.0 -1.01106
3850.0 3650.0 -0.87224
3950.0 3650.0 -0.74932
4050.0 3650.0 -0.65439
4150.0 3650.0 -0.59165
4250.0 3650.0 -0.55682
4350.0 3650.0 -0.53846
4450.0 3650.0 -0.52258
4550.0 3650.0 -0.49588
4650.0 3650.0 -0.43942
4750.0 3650.0 -0.33708
4850.0 3650.0 -0.18377
4950.0 3650.0 0.01118
5050.0 3650.0 0.22556
5150.0 3650.0 0.43064
5250.0 3650.0 0.60245
5350.0 3650.0 0.73799
5450.0 3650.0 0.83073
5550.0 3650.0 0.75869
5650.0 3650.0 0.47246
5750.0 3650.0 0.01803
5850.0 3650.0 -0.50571
5950.0 3650.0 -0.98352
6050.0 3650.0 -1.31466
6150.0 3650.0 -1.43777
6250.0 3650.0 -1.35009
6350.0 3650.0 -1.12073
50.0 3750.0 -0.91973
150.0 3750.0 -0.90832
250.0 3750.0 -0.72106
350.0 3750.0 -0.40184
450.0 3750.0 -0.02582
550.0 3750.0 0.46039
650.0 3750.0 1.04161
750.0 3750.0 1.59085
850.0 3750.0 1.96645
950.0 3750.0 2.07731
1050.0 3750.0 1.91511
1150.0 3750.0 1.55349
1250.0 3750.0 1.11405
1350.0 3750.0 0.69935
1450.0 3750.0 0.31062
1550.0 3750.0 -0.06447
1650.0 3750.0 -0.38156
1750.0 3750.0 -0.59232
1850.0 3750.0 -0.67172
1950.0 3750.0 -0.63156
2050.0 3750.0 -0.52036
2150.0 3750.0 -0.40969
2250.0 3750.0 -0.36694
2350.0 3750.0 -0.41450
2450.0 3750.0 -0.50273
2550.0 3750.0 -0.63610
2650.0 3750.0 -0.81725
2750.0 3750.0 -1.01319
2850.0 3750.0 -1.18137
2950.0 3750.0 -1.28802
3050.0 3750.0 -1.31872
3150.0 3750.0 -1.28119
3250.0 3750.0 -1.20008
3350.0 3750.0 -1.10410
3450.0 3750.0 -1.00496
3550.0 3750.0 -0.89316
3650.0 3750.0 -0.77016
3750.0 3750.0 -0.64731
3850.0 3750.0 -0.53756
3950.0 3750.0 -0.44983
4050.0 3750.0 -0.38616
4150.0 3750.0 -0.34154
4250.0 3750.0 -0.30646
4350.0 3750.0 -0.27222
4450.0 3750.0 -0.23564
4550.0 3750.0 -0.18857
4650.0 3750.0 -0.12229
4750.0 3750.0 -0.03316
4850.0 3750.0 0.07636
4950.0 3750.0 0.19820
5050.0 3750.0 0.32048
5150.0 3750.0 0.43079
5250.0 3750.0 0.52080
5350.0 3750.0 0.59229
5450.0 3750.0 0.62313
5550.0 3750.0 0.48089
5650.0 3750.0 0.13117
5750.0 3750.0 -0.35646
5850.0 3750.0 -0.86533
5950.0 3750.0 -1.27652
6050.0 3750.0 -1.50170
6150.0 3750.0 -1.50388
6250.0 3750.0 -1.30618
6350.0 3750.0 -0.98847
50.0 3850.0 -0.88272
150.0 3850.0 -0.84037
250.0 3850.0 -0.62473
350.0 3850.0 -0.28199
450.0 3850.0 0.11483
550.0 3850.0 0.61636
650.0 3850.0 1.20083
750.0 3850.0 1.73736
850.0 3850.0 2.08451
950.0 3850.0 2.15570
1050.0 3850.0 1.95053
1150.0 3850.0 1.55184
1250.0 3850.0 1.08844
1350.0 3850.0 0.66377
1450.0 3850.0 0.27166
1550.0 3850.0 -0.09517
1650.0 3850.0 -0.38701
1750.0 3850.0 -0.55858
1850.0 3850.0 -0.59259
1950.0 3850.0 -0.51009
2050.0 3850.0 -0.36783
2150.0 3850.0 -0.24249
2250.0 3850.0 -0.20210
2350.0 3850.0 -0.26430
2450.0 3850.0 -0.37011
2550.0 3850.0 -0.51633
2650.0 3850.0 -0.69812
2750.0 3850.0 -0.87659
2850.0 3850.0 -1.00761
2950.0 3850.0 -1.06135
3050.0 3850.0 -1.03219
3150.0 3850.0 -0.93898
3250.0 3850.0 -0.81578
3350.0 3850.0 -0.69285
3450.0 3850.0 -0.57366
3550.0 3850.0 -0.45518
3650.0 3850.0 -0.34658
3750.0 3850.0 -0.25903
3850.0 3850.0 -0.19926
3950.0 3850.0 -0.16605
4050.0 3850.0 -0.14995
4150.0 3850.0 -0.13611
4250.0 3850.0 -0.11021
4350.0 3850.0 -0.06752
4450.0 3850.0 -0.01845
4550.0 3850.0 0.03528
4650.0 3850.0 0.09327
4750.0 3850.0 0.15176
4850.0 3850.0 0.20638
4950.0 3850.0 0.25397
5050.0 3850.0 0.29355
5150.0 3850.0 0.32649
5250.0 3850.0 0.35571
5350.0 3850.0 0.38414
5450.0 3850.0 0.37710
5550.0 3850.0 0.20413
5650.0 3850.0 -0.15441
5750.0 3850.0 -0.61549
5850.0 3850.0 -1.05743
5950.0 3850.0 -1.36783
6050.0 3850.0 -1.47539
6150.0 3850.0 -1.36569
6250.0 3850.0 -1.08081
6350.0 3850.0 -0.70292
50.0 3950.0 -0.80189
150.0 3950.0 -0.75086
250.0 3950.0 -0.52555
350.0 3950.0 -0.17343
450.0 3950.0 0.23113
550.0 3950.0 0.72825
650.0 3950.0 1.28688
750.0 3950.0 1.77506
850.0 3950.0 2.05688
950.0 3950.0 2.05588
1050.0 3950.0 1.78372
1150.0 3950.0 1.33415
1250.0 3950.0 0.84223
1350.0 3950.0 0.40887
1450.0 3950.0 0.01674
1550.0 3950.0 -0.33354
1650.0 3950.0 -0.58312
1750.0 3950.0 -0.68891
1850.0 3950.0 -0.64327
1950.0 3950.0 -0.48049
2050.0 3950.0 -0.27055
2150.0 3950.0 -0.10014
2250.0 3950.0 -0.04086
2350.0 3950.0 -0.10473
2450.0 3950.0 -0.21736
2550.0 3950.0 -0.36390
2650.0 3950.0 -0.53390
2750.0 3950.0 -0.68637
2850.0 3950.0 -0.77896
2950.0 3950.0 -0.78702
3050.0 3950.0 -0.71228
3150.0 3950.0 -0.58122
3250.0 3950.0 -0.43300
3350.0 3950.0 -0.29709
3450.0 3950.0 -0.17070
3550.0 3950.0 -0.05921
3650.0 3950.0 0.02081
3750.0 3950.0 0.05921
3850.0 3950.0 0.05649
3950.0 3950.0 0.02455
4050.0 3950.0 -0.01571
4150.0 3950.0 -0.04019
4250.0 3950.0 -0.03060
4350.0 3950.0 0.01321
4450.0 3950.0 0.06675
4550.0 3950.0 0.11770
4650.0 3950.0 0.15963
4750.0 3950.0 0.18631
4850.0 3950.0 0.19507
4950.0 3950.0 0.18833
5050.0 3950.0 0.17332
5150.0 3950.0 0.15995
5250.0 3950.0 0.15689
5350.0 3950.0 0.16581
5450.0 3950.0 0.14560
5550.0 3950.0 -0.02222
5650.0 3950.0 -0.34481
5750.0 3950.0 -0.73576
5850.0 3950.0 -1.07928
5950.0 3950.0 -1.27662
6050.0 3950.0 -1.27468
6150.0 3950.0 -1.07681
6250.0 3950.0 -0.73579
6350.0 3950.0 -0.32902
50.0 4050.0 -0.70343
150.0 4050.0 -0.66057
250.0 4050.0 -0.43900
350.0 4050.0 -0.08701
450.0 4050.0 0.31685
550.0 4050.0 0.79737
650.0 4050.0 1.31285
750.0 4050.0 1.73203
850.0 4050.0 1.92772
950.0 4050.0 1.83668
1050.0 4050.0 1.48480
1150.0 4050.0 0.97746
1250.0 4050.0 0.45514
1350.0 4050.0 0.01422
1450.0 4050.0 -0.37581
1550.0 4050.0 -0.70493
1650.0 4050.0 -0.90304
1750.0 4050.0 -0.92871
1850.0 4050.0 -0.78476
1950.0 4050.0 -0.52076
2050.0 4050.0 -0.22265
2150.0 4050.0 0.01026
2250.0 4050.0 0.10105
2350.0 4050.0 0.04363
2450.0 4050.0 -0.06900
2550.0 4050.0 -0.20905
2650.0 4050.0 -0.36224
2750.0 4050.0 -0.48790
2850.0 4050.0 -0.54701
2950.0 4050.0 -0.51999
3050.0 4050.0 -0.41411
3150.0 4050.0 -0.26037
3250.0 4050.0 -0.10004
3350.0 4050.0 0.03939
3450.0 4050.0 0.16476
3550.0 4050.0 0.26142
3650.0 4050.0 0.30594
3750.0 4050.0 0.28976
3850.0 4050.0 0.22071
3950.0 4050.0 0.12108
4050.0 4050.0 0.02252
4150.0 4050.0 -0.04251
4250.0 4050.0 -0.05252
4350.0 4050.0 -0.01210
4450.0 4050.0 0.04107
4550.0 4050.0 0.08543
4650.0 4050.0 0.11140
4750.0 4050.0 0.11318
4850.0 4050.0 0.09114
4950.0 4050.0 0.05229
5050.0 4050.0 0.00883
5150.0 4050.0 -0.02522
5250.0 4050.0 -0.03944
5350.0 4050.0 -0.03426
5450.0 4050.0 -0.05206
5550.0 4050.0 -0.19419
5650.0 4050.0 -0.45780
5750.0 4050.0 -0.75927
5850.0 4050.0 -0.99455
5950.0 4050.0 -1.08153
6050.0 4050.0 -0.98439
6150.0 4050.0 -0.71990
6250.0 4050.0 -0.34578
6350.0 4050.0 0.06906
50.0 4150.0 -0.56428
150.0 4150.0 -0.52166
250.0 4150.0 -0.30407
350.0 4150.0 0.04107
450.0 4150.0 0.43498
550.0 4150.0 0.88620
650.0 4150.0 1.34186
750.0 4150.0 1.67389
850.0 4150.0 1.76722
950.0 4150.0 1.57465
1050.0 4150.0 1.13764
1150.0 4150.0 0.57274
1250.0 4150.0 0.02395
1350.0 4150.0 -0.41925
1450.0 4150.0 -0.80163
1550.0 4150.0 -1.10305
1650.0 4150.0 -1.24185
1750.0 4150.0 -1.17869
1850.0 4150.0 -0.92770
1950.0 4150.0 -0.55450
2050.0 4150.0 -0.16153
2150.0 4150.0 0.13905
2250.0 4150.0 0.26524
2350.0 4150.0 0.21743
2450.0 4150.0 0.10802
2550.0 4150.0 -0.02092
2650.0 4150.0 -0.15166
2750.0 4150.0 -0.24555
2850.0 4150.0 -0.26861
2950.0 4150.0 -0.20737
3050.0 4150.0 -0.07456
3150.0 4150.0 0.09529
3250.0 4150.0 0.26042
3350.0 4150.0 0.39652
3450.0 4150.0 0.51378
3550.0 4150.0 0.58559
3650.0 4150.0 0.58140
3750.0 4150.0 0.49615
3850.0 4150.0 0.34756
3950.0 4150.0 0.17048
4050.0 4150.0 0.00833
4150.0 4150.0 -0.09832
4250.0 4150.0 -0.12607
4350.0 4150.0 -0.08593
4450.0 4150.0 -0.02990
4550.0 4150.0 0.01093
4650.0 4150.0 0.02421
4750.0 4150.0 0.00500
4850.0 4150.0 -0.04293
4950.0 4150.0 -0.10793
5050.0 4150.0 -0.17306
5150.0 4150.0 -0.22077
5250.0 4150.0 -0.23940
5350.0 4150.0 -0.23168
5450.0 4150.0 -0.24010
5550.0 4150.0 -0.34607
5650.0 4150.0 -0.53743
5750.0 4150.0 -0.73648
5850.0 4150.0 -0.85432
5950.0 4150.0 -0.82773
6050.0 4150.0 -0.63853
6150.0 4150.0 -0.31549
6250.0 4150.0 0.08135
6350.0 4150.0 0.49379
50.0 4250.0 -0.31665
150.0 4250.0 -0.24433
250.0 4250.0 -0.02782
350.0 4250.0 0.29154
450.0 4250.0 0.64832
550.0 4250.0 1.03573
650.0 4250.0 1.39004
750.0 4250.0 1.59383
850.0 4250.0 1.55289
950.0 4250.0 1.24215
1050.0 4250.0 0.71985
1150.0 4250.0 0.11009
1250.0 4250.0 -0.44644
1350.0 4250.0 -0.87334
1450.0 4250.0 -1.23061
1550.0 4250.0 -1.48703
1650.0 4250.0 -1.55075
1750.0 4250.0 -1.38622
1850.0 4250.0 -1.01988
1950.0 4250.0 -0.53322
2050.0 4250.0 -0.04378
2150.0 4250.0 0.32574
2250.0 4250.0 0.49044
2350.0 4250.0 0.45807
2450.0 4250.0 0.35954
2550.0 4250.0 0.25386
2650.0 4250.0 0.16149
2750.0 4250.0 0.11466
2850.0 4250.0 0.13728
2950.0 4250.0 0.23343
3050.0 4250.0 0.38438
3150.0 4250.0 0.55442
3250.0 4250.0 0.70525
3350.0 4250.0 0.81918
3450.0 4250.0 0.90860
3550.0 4250.0 0.92793
3650.0 4250.0 0.83964
3750.0 4250.0 0.64814
3850.0 4250.0 0.38842
3950.0 4250.0 0.11346
4050.0 4250.0 -0.11943
4150.0 4250.0 -0.26331
4250.0 4250.0 -0.29745
4350.0 4250.0 -0.24422
4450.0 4250.0 -0.17230
4550.0 4250.0 -0.12359
4650.0 4250.0 -0.11397
4750.0 4250.0 -0.14712
4850.0 4250.0 -0.21498
4950.0 4250.0 -0.30001
5050.0 4250.0 -0.37941
5150.0 4250.0 -0.43123
5250.0 4250.0 -0.44239
5350.0 4250.0 -0.41856
5450.0 4250.0 -0.40178
5550.0 4250.0 -0.44817
5650.0 4250.0 -0.53834
5750.0 4250.0 -0.60792
5850.0 4250.0 -0.59089
5950.0 4250.0 -0.44769
6050.0 4250.0 -0.17810
6150.0 4250.0 0.18115
6250.0 4250.0 0.57400
6350.0 4250.0 0.95795
50.0 4350.0 0.01767
150.0 4350.0 0.14549
250.0 4350.0 0.35859
350.0 4350.0 0.62726
450.0 4350.0 0.91393
550.0 4350.0 1.20058
650.0 4350.0 1.41639
750.0 4350.0 1.46350
850.0 4350.0 1.27653
950.0 4350.0 0.85574
1050.0 4350.0 0.27324
1150.0 4350.0 -0.34750
1250.0 4350.0 -0.87911
1350.0 4350.0 -1.26451
1450.0 4350.0 -1.57570
1550.0 4350.0 -1.77145
1650.0 4350.0 -1.75438
1750.0 4350.0 -1.49438
1850.0 4350.0 -1.02872
1950.0 4350.0 -0.45049
2050.0 4350.0 0.11370
2150.0 4350.0 0.53678
2250.0 4350.0 0.73518
2350.0 4350.0 0.72349
2450.0 4350.0 0.64511
2550.0 4350.0 0.57629
2650.0 4350.0 0.53882
2750.0 4350.0 0.55303
2850.0 4350.0 0.62727
2950.0 4350.0 0.75306
3050.0 4350.0 0.90603
3150.0 4350.0 1.05285
3250.0 4350.0 1.16394
3350.0 4350.0 1.23206
3450.0 4350.0 1.27002
3550.0 4350.0 1.20862
3650.0 4350.0 1.00588
3750.0 4350.0 0.68248
3850.0 4350.0 0.29709
3950.0 4350.0 -0.07606
4050.0 4350.0 -0.36705
4150.0 4350.0 -0.52778
4250.0 4350.0 -0.54695
4350.0 4350.0 -0.46266
4450.0 4350.0 -0.35879
4550.0 4350.0 -0.28864
4650.0 4350.0 -0.27258
4750.0 4350.0 -0.31261
4850.0 4350.0 -0.39496
4950.0 4350.0 -0.49443
5050.0 4350.0 -0.58061
5150.0 4350.0 -0.62592
5250.0 4350.0 -0.61550
5350.0 4350.0 -0.55890
5450.0 4350.0 -0.49837
5550.0 4350.0 -0.46242
5650.0 4350.0 -0.42904
5750.0 4350.0 -0.35555
5850.0 4350.0 -0.20566
5950.0 4350.0 0.03427
6050.0 4350.0 0.34984
6150.0 4350.0 0.70404
6250.0 4350.0 1.05350
6350.0 4350.0 1.37564
50.0 4450.0 0.36332
150.0 4450.0 0.55374
250.0 4450.0 0.75393
350.0 4450.0 0.94946
450.0 4450.0 1.13954
550.0 4450.0 1.30218
650.0 4450.0 1.36685
750.0 4450.0 1.26219
850.0 4450.0 0.95464
950.0 4450.0 0.46702
1050.0 4450.0 -0.12281
1150.0 4450.0 -0.70340
1250.0 4450.0 -1.17106
1350.0 4450.0 -1.49123
1450.0 4450.0 -1.73985
1550.0 4450.0 -1.86925
1650.0 4450.0 -1.78416
1750.0 4450.0 -1.46083
1850.0 4450.0 -0.94255
1950.0 4450.0 -0.32533
2050.0 4450.0 0.26549
2150.0 4450.0 0.70792
2250.0 4450.0 0.92500
2350.0 4450.0 0.93577
2450.0 4450.0 0.88499
2550.0 4450.0 0.86253
2650.0 4450.0 0.88951
2750.0 4450.0 0.97007
2850.0 4450.0 1.09325
2950.0 4450.0 1.23657
3050.0 4450.0 1.37153
3150.0 4450.0 1.47110
3250.0 4450.0 1.51906
3350.0 4450.0 1.52136
3450.0 4450.0 1.48941
3550.0 4450.0 1.33140
3650.0 4450.0 1.00617
3750.0 4450.0 0.55553
3850.0 4450.0 0.06364
3950.0 4450.0 -0.37622
4050.0 4450.0 -0.68760
4150.0 4450.0 -0.82931
4250.0 4450.0 -0.80655
4350.0 4450.0 -0.67451
4450.0 4450.0 -0.52556
4550.0 4450.0 -0.42339
4650.0 4450.0 -0.39393
4750.0 4450.0 -0.43706
4850.0 4450.0 -0.53189
4950.0 4450.0 -0.64368
5050.0 4450.0 -0.73259
5150.0 4450.0 -0.76409
5250.0 4450.0 -0.72116
5350.0 4450.0 -0.61820
5450.0 4450.0 -0.49988
5550.0 4450.0 -0.37062
5650.0 4450.0 -0.21226
5750.0 4450.0 -0.00970
5850.0 4450.0 0.24141
5950.0 4450.0 0.53162
6050.0 4450.0 0.83932
6150.0 4450.0 1.13706
6250.0 4450.0 1.40247
6350.0 4450.0 1.63393
50.0 4550.0 0.63731
150.0 4550.0 0.87566
250.0 4550.0 1.04851
350.0 4550.0 1.15714
450.0 4550.0 1.23825
550.0 4550.0 1.27449
650.0 4550.0 1.20479
750.0 4550.0 0.98730
850.0 4550.0 0.61711
950.0 4550.0 0.13133
1050.0 4550.0 -0.39795
1150.0 4550.0 -0.88293
1250.0 4550.0 -1.25148
1350.0 4550.0 -1.49076
1450.0 4550.0 -1.66954
1550.0 4550.0 -1.73902
1650.0 4550.0 -1.61483
1750.0 4550.0 -1.27931
1850.0 4550.0 -0.77486
1950.0 4550.0 -0.18948
2050.0 4550.0 0.36500
2150.0 4550.0 0.78190
2250.0 4550.0 0.99597
2350.0 4550.0 1.02686
2450.0 4550.0 1.00710
2550.0 4550.0 1.03356
2650.0 4550.0 1.12459
2750.0 4550.0 1.26617
2850.0 4550.0 1.42719
2950.0 4550.0 1.57197
3050.0 4550.0 1.67021
3150.0 4550.0 1.70435
3250.0 4550.0 1.67441
3350.0 4550.0 1.60020
3450.0 4550.0 1.49037
3550.0 4550.0 1.23731
3650.0 4550.0 0.80740
3750.0 4550.0 0.26498
3850.0 4550.0 -0.28371
3950.0 4550.0 -0.73373
4050.0 4550.0 -1.01146
4150.0 4550.0 -1.09167
4250.0 4550.0 -1.00140
4350.0 4550.0 -0.81083
4450.0 4550.0 -0.61032
4550.0 4550.0 -0.47161
4650.0 4550.0 -0.42702
4750.0 4550.0 -0.47400
4850.0 4550.0 -0.58345
4950.0 4550.0 -0.70969
5050.0 4550.0 -0.80204
5150.0 4550.0 -0.81796
5250.0 4550.0 -0.73795
5350.0 4550.0 -0.58196
5450.0 4550.0 -0.40043
5550.0 4550.0 -0.18240
5650.0 4550.0 0.07981
5750.0 4550.0 0.37202
5850.0 4550.0 0.66994
5950.0 4550.0 0.94845
6050.0 4550.0 1.18849
6150.0 4550.0 1.38161
6250.0 4550.0 1.53207
6350.0 4550.0 1.65654
50.0 4650.0 0.78032
150.0 4650.0 1.03518
250.0 4650.0 1.16559
350.0 4650.0 1.18595
450.0 4650.0 1.16289
550.0 4650.0 1.09117
650.0 4650.0 0.92739
750.0 4650.0 0.65757
850.0 4650.0 0.29731
950.0 4650.0 -0.11329
1050.0 4650.0 -0.51925
1150.0 4650.0 -0.86499
1250.0 4650.0 -1.11319
1350.0 4650.0 -1.26819
1450.0 4650.0 -1.38088
1550.0 4650.0 -1.40673
1650.0 4650.0 -1.27954
1750.0 4650.0 -0.98654
1850.0 4650.0 -0.56226
1950.0 4650.0 -0.07663
2050.0 4650.0 0.38240
2150.0 4650.0 0.73161
2250.0 4650.0 0.92073
2350.0 4650.0 0.96609
2450.0 4650.0 0.97596
2550.0 4650.0 1.04646
2650.0 4650.0 1.19163
2750.0 4650.0 1.38017
2850.0 4650.0 1.56303
2950.0 4650.0 1.69405
3050.0 4650.0 1.74352
3150.0 4650.0 1.70497
3250.0 4650.0 1.59489
3350.0 4650.0 1.44555
3450.0 4650.0 1.26229
3550.0 4650.0 0.93213
3650.0 4650.0 0.43512
3750.0 4650.0 -0.14409
3850.0 4650.0 -0.68483
3950.0 4650.0 -1.08058
4050.0 4650.0 -1.27053
4150.0 4650.0 -1.25262
4250.0 4650.0 -1.07801
4350.0 4650.0 -0.82692
4450.0 4650.0 -0.57668
4550.0 4650.0 -0.40408
4650.0 4650.0 -0.34817
4750.0 4650.0 -0.40388
4850.0 4650.0 -0.53350
4950.0 4650.0 -0.67982
5050.0 4650.0 -0.78068
5150.0 4650.0 -0.78508
5250.0 4650.0 -0.67087
5350.0 4650.0 -0.46384
5450.0 4650.0 -0.22353
5550.0 4650.0 0.06510
5650.0 4650.0 0.39434
5750.0 4650.0 0.72364
5850.0 4650.0 1.00773
5950.0 4650.0 1.21550
6050.0 4650.0 1.33964
6150.0 4650.0 1.39706
6250.0 4650.0 1.42000
6350.0 4650.0 1.43800
50.0 4750.0 0.77317
150.0 4750.0 1.00594
250.0 4750.0 1.08291
350.0 4750.0 1.02660
450.0 4750.0 0.92007
550.0 4750.0 0.77414
650.0 4750.0 0.56783
750.0 4750.0 0.30913
850.0 4750.0 0.02349
950.0 4750.0 -0.25675
1050.0 4750.0 -0.50141
1150.0 4750.0 -0.68992
1250.0 4750.0 -0.81723
1350.0 4750.0 -0.89808
1450.0 4750.0 -0.95840
1550.0 4750.0 -0.96178
1650.0 4750.0 -0.86372
1750.0 4750.0 -0.65448
1850.0 4750.0 -0.35584
1950.0 4750.0 -0.01373
2050.0 4750.0 0.31311
2150.0 4750.0 0.56836
2250.0 4750.0 0.71728
2350.0 4750.0 0.76986
2450.0 4750.0 0.80349
2550.0 4750.0 0.90714
2650.0 4750.0 1.09002
2750.0 4750.0 1.30700
2850.0 4750.0 1.49575
2950.0 4750.0 1.60336
3050.0 4750.0 1.60256
3150.0 4750.0 1.49739
3250.0 4750.0 1.31834
3350.0 4750.0 1.10705
3450.0 4750.0 0.86600
3550.0 4750.0 0.48766
3650.0 4750.0 -0.03058
3750.0 4750.0 -0.58902
3850.0 4750.0 -1.06201
3950.0 4750.0 -1.35122
4050.0 4750.0 -1.41603
4150.0 4750.0 -1.28081
4250.0 4750.0 -1.01914
4350.0 4750.0 -0.71510
4450.0 4750.0 -0.42479
4550.0 4750.0 -0.22734
4650.0 4750.0 -0.16835
4750.0 4750.0 -0.24035
4850.0 4750.0 -0.39741
4950.0 4750.0 -0.57120
5050.0 4750.0 -0.68849
5150.0 4750.0 -0.69009
5250.0 4750.0 -0.55119
5350.0 4750.0 -0.30322
5450.0 4750.0 -0.01718
5550.0 4750.0 0.31573
5650.0 4750.0 0.67082
5750.0 4750.0 0.98775
5850.0 4750.0 1.20998
5950.0 4750.0 1.30941
6050.0 4750.0 1.29620
6150.0 4750.0 1.21380
6250.0 4750.0 1.11915
6350.0 4750.0 1.04811
50.0 4850.0 0.63862
150.0 4850.0 0.81429
250.0 4850.0 0.83410
350.0 4850.0 0.72270
450.0 4850.0 0.56385
550.0 4850.0 0.38362
650.0 4850.0 0.18329
750.0 4850.0 -0.01575
850.0 4850.0 -0.18840
950.0 4850.0 -0.31728
1050.0 4850.0 -0.39878
1150.0 4850.0 -0.44339
1250.0 4850.0 -0.47065
1350.0 4850.0 -0.49846
1450.0 4850.0 -0.52646
1550.0 4850.0 -0.52755
1650.0 4850.0 -0.47758
1750.0 4850.0 -0.36790
1850.0 4850.0 -0.20617
1950.0 4850.0 -0.01427
2050.0 4850.0 0.17695
2150.0 4850.0 0.33566
2250.0 4850.0 0.44023
2350.0 4850.0 0.49322
2450.0 4850.0 0.54183
2550.0 4850.0 0.66464
2650.0 4850.0 0.86676
2750.0 4850.0 1.09436
2850.0 4850.0 1.27755
2950.0 4850.0 1.36057
3050.0 4850.0 1.31921
3150.0 4850.0 1.16541
3250.0 4850.0 0.93913
3350.0 4850.0 0.68744
3450.0 4850.0 0.41127
3550.0 4850.0 0.01676
3650.0 4850.0 -0.48127
3750.0 4850.0 -0.97502
3850.0 4850.0 -1.34243
3950.0 4850.0 -1.50006
4050.0 4850.0 -1.43013
4150.0 4850.0 -1.18160
4250.0 4850.0 -0.84537
4350.0 4850.0 -0.50359
4450.0 4850.0 -0.18817
4550.0 4850.0 0.02106
4650.0 4850.0 0.07270
4750.0 4850.0 -0.02376
4850.0 4850.0 -0.21522
4950.0 4850.0 -0.42361
5050.0 4850.0 -0.56595
5150.0 4850.0 -0.57574
5250.0 4850.0 -0.42580
5350.0 4850.0 -0.15243
5450.0 4850.0 0.16114
5550.0 4850.0 0.51110
5650.0 4850.0 0.85802
5750.0 4850.0 1.13029
5850.0 4850.0 1.26913
5950.0 4850.0 1.25517
6050.0 4850.0 1.11661
6150.0 4850.0 0.91907
6250.0 4850.0 0.73701
6350.0 4850.0 0.60672
50.0 4950.0 0.42844
150.0 4950.0 0.52394
250.0 4950.0 0.49001
350.0 4950.0 0.34813
450.0 4950.0 0.16907
550.0 4950.0 -0.01045
650.0 4950.0 -0.17122
750.0 4950.0 -0.28709
850.0 4950.0 -0.34053
950.0 4950.0 -0.33150
1050.0 4950.0 -0.27918
1150.0 4950.0 -0.21647
1250.0 4950.0 -0.17739
1350.0 4950.0 -0.17722
1450.0 4950.0 -0.19326
1550.0 4950.0 -0.20629
1650.0 4950.0 -0.20737
1750.0 4950.0 -0.18736
1850.0 4950.0 -0.14186
1950.0 4950.0 -0.07359
2050.0 4950.0 0.00776
2150.0 4950.0 0.08820
2250.0 4950.0 0.15478
2350.0 4950.0 0.20344
2450.0 4950.0 0.25801
2550.0 4950.0 0.38694
2650.0 4950.0 0.59278
2750.0 4950.0 0.81827
2850.0 4950.0 0.99125
2950.0 4950.0 1.05600
3050.0 4950.0 0.99084
3150.0 4950.0 0.81197
3250.0 4950.0 0.56369
3350.0 4950.0 0.29476
3450.0 4950.0 0.00638
3550.0 4950.0 -0.37781
3650.0 4950.0 -0.82856
3750.0 4950.0 -1.23644
3850.0 4950.0 -1.48875
3950.0 4950.0 -1.51927
4050.0 4950.0 -1.33104
4150.0 4950.0 -0.99199
4250.0 4950.0 -0.60347
4350.0 4950.0 -0.24179
4450.0 4950.0 0.08310
4550.0 4950.0 0.29093
4650.0 4950.0 0.32557
4750.0 4950.0 0.19804
4850.0 4950.0 -0.03275
4950.0 4950.0 -0.28082
5050.0 4950.0 -0.45519
5150.0 4950.0 -0.48334
5250.0 4950.0 -0.33604
5350.0 4950.0 -0.05352
5450.0 4950.0 0.26965
5550.0 4950.0 0.61561
5650.0 4950.0 0.93507
5750.0 4950.0 1.15318
5850.0 4950.0 1.21511
5950.0 4950.0 1.11169
6050.0 4950.0 0.88523
6150.0 4950.0 0.61548
6250.0 4950.0 0.38571
6350.0 4950.0 0.22893
50.0 5050.0 0.19589
150.0 5050.0 0.20274
250.0 5050.0 0.12042
350.0 5050.0 -0.03569
450.0 5050.0 -0.21513
550.0 5050.0 -0.37500
650.0 5050.0 -0.48266
750.0 5050.0 -0.51243
850.0 5050.0 -0.45740
950.0 5050.0 -0.33408
1050.0 5050.0 -0.17972
1150.0 5050.0 -0.04228
1250.0 5050.0 0.03698
1350.0 5050.0 0.04821
1450.0 5050.0 0.03171
1550.0 5050.0 0.00082
1650.0 5050.0 -0.04591
1750.0 5050.0 -0.09815
1850.0 5050.0 -0.14207
1950.0 5050.0 -0.16649
2050.0 5050.0 -0.16636
2150.0 5050.0 -0.14382
2250.0 5050.0 -0.10664
2350.0 5050.0 -0.06418
2450.0 5050.0 -0.00919
2550.0 5050.0 0.11842
2650.0 5050.0 0.31991
2750.0 5050.0 0.53783
2850.0 5050.0 0.70073
2950.0 5050.0 0.75428
3050.0 5050.0 0.67853
3150.0 5050.0 0.49129
3250.0 5050.0 0.23778
3350.0 5050.0 -0.03362
3450.0 5050.0 -0.32023
3550.0 5050.0 -0.68053
3650.0 5050.0 -1.07397
3750.0 5050.0 -1.39331
3850.0 5050.0 -1.53738
3950.0 5050.0 -1.45668
4050.0 5050.0 -1.17173
4150.0 5050.0 -0.76430
4250.0 5050.0 -0.34134
4350.0 5050.0 0.02829
4450.0 5050.0 0.35284
4550.0 5050.0 0.55129
4650.0 5050.0 0.56347
4750.0 5050.0 0.40165
4850.0 5050.0 0.12951
4950.0 5050.0 -0.16033
5050.0 5050.0 -0.37018
5150.0 5050.0 -0.42242
5250.0 5050.0 -0.28603
5350.0 5050.0 -0.00450
5450.0 5050.0 0.31754
5550.0 5050.0 0.64952
5650.0 5050.0 0.93646
5750.0 5050.0 1.10489
5850.0 5050.0 1.10637
5950.0 5050.0 0.94093
6050.0 5050.0 0.66056
6150.0 5050.0 0.35266
6250.0 5050.0 0.10343
6350.0 5050.0 -0.05875
50.0 5150.0 -0.02028
150.0 5150.0 -0.08551
250.0 5150.0 -0.20313
350.0 5150.0 -0.36444
450.0 5150.0 -0.53719
550.0 5150.0 -0.67382
650.0 5150.0 -0.73162
750.0 5150.0 -0.68675
850.0 5150.0 -0.54201
950.0 5150.0 -0.32759
1050.0 5150.0 -0.09462
1150.0 5150.0 0.09832
1250.0 5150.0 0.20581
1350.0 5150.0 0.22334
1450.0 5150.0 0.20422
1550.0 5150.0 0.15423
1650.0 5150.0 0.06283
1750.0 5150.0 -0.05736
1850.0 5150.0 -0.18290
1950.0 5150.0 -0.28941
2050.0 5150.0 -0.35871
2150.0 5150.0 -0.38308
2250.0 5150.0 -0.36681
2350.0 5150.0 -0.32488
2450.0 5150.0 -0.26536
2550.0 5150.0 -0.13892
2650.0 5150.0 0.05283
2750.0 5150.0 0.25340
2850.0 5150.0 0.39468
2950.0 5150.0 0.42679
3050.0 5150.0 0.33410
3150.0 5150.0 0.13758
3250.0 5150.0 -0.11655
3350.0 5150.0 -0.38199
3450.0 5150.0 -0.65712
3550.0 5150.0 -0.98240
3650.0 5150.0 -1.30725
3750.0 5150.0 -1.52919
3850.0 5150.0 -1.56085
3950.0 5150.0 -1.37032
4050.0 5150.0 -0.99479
4150.0 5150.0 -0.52759
4250.0 5150.0 -0.07852
4350.0 5150.0 0.29253
4450.0 5150.0 0.61152
4550.0 5150.0 0.79869
4650.0 5150.0 0.79129
4750.0 5150.0 0.60235
4850.0 5150.0 0.29857
4950.0 5150.0 -0.02328
5050.0 5150.0 -0.26120
5150.0 5150.0 -0.33431
5250.0 5150.0 -0.21043
5350.0 5150.0 0.06490
5450.0 5150.0 0.37997
5550.0 5150.0 0.69353
5650.0 5150.0 0.94657
5750.0 5150.0 1.06805
5850.0 5150.0 1.01593
5950.0 5150.0 0.79832
6050.0 5150.0 0.47483
6150.0 5150.0 0.13808
6250.0 5150.0 -0.12459
6350.0 5150.0 -0.28936
50.0 5250.0 -0.18181
150.0 5250.0 -0.26435
250.0 5250.0 -0.37852
350.0 5250.0 -0.52307
450.0 5250.0 -0.67463
550.0 5250.0 -0.78345
650.0 5250.0 -0.80516
750.0 5250.0 -0.71998
850.0 5250.0 -0.53681
950.0 5250.0 -0.29130
1050.0 5250.0 -0.03771
1150.0 5250.0 0.16528
1250.0 5250.0 0.27492
1350.0 5250.0 0.29076
1450.0 5250.0 0.26712
1550.0 5250.0 0.19648
1650.0 5250.0 0.06155
1750.0 5250.0 -0.11980
1850.0 5250.0 -0.31269
1950.0 5250.0 -0.47990
2050.0 5250.0 -0.59258
2150.0 5250.0 -0.63718
2250.0 5250.0 -0.61840
2350.0 5250.0 -0.55837
2450.0 5250.0 -0.47907
2550.0 5250.0 -0.34958
2650.0 5250.0 -0.17940
2750.0 5250.0 -0.02182
2850.0 5250.0 0.06512
2950.0 5250.0 0.04445
3050.0 5250.0 -0.08715
3150.0 5250.0 -0.30007
3250.0 5250.0 -0.54580
3350.0 5250.0 -0.78426
3450.0 5250.0 -1.02305
3550.0 5250.0 -1.28580
3650.0 5250.0 -1.51533
3750.0 5250.0 -1.62039
3850.0 5250.0 -1.53272
3950.0 5250.0 -1.23962
4050.0 5250.0 -0.79218
4150.0 5250.0 -0.28906
4250.0 5250.0 0.16422
4350.0 5250.0 0.52036
4450.0 5250.0 0.82117
4550.0 5250.0 0.99417
4650.0 5250.0 0.97832
4750.0 5250.0 0.78599
4850.0 5250.0 0.48169
4950.0 5250.0 0.15927
5050.0 5250.0 -0.08218
5150.0 5250.0 -0.16390
5250.0 5250.0 -0.05436
5350.0 5250.0 0.20236
5450.0 5250.0 0.49630
5550.0 5250.0 0.78161
5650.0 5250.0 0.99872
5750.0 5250.0 1.08057
5850.0 5250.0 0.99056
5950.0 5250.0 0.74160
6050.0 5250.0 0.39605
6150.0 5250.0 0.04668
6250.0 5250.0 -0.22149
6350.0 5250.0 -0.38826
50.0 5350.0 -0.27760
150.0 5350.0 -0.31015
250.0 5350.0 -0.37348
350.0 5350.0 -0.47461
450.0 5350.0 -0.58745
550.0 5350.0 -0.66284
650.0 5350.0 -0.66486
750.0 5350.0 -0.58042
850.0 5350.0 -0.42023
950.0 5350.0 -0.21557
1050.0 5350.0 -0.01093
1150.0 5350.0 0.14760
1250.0 5350.0 0.22808
1350.0 5350.0 0.23261
1450.0 5350.0 0.20231
1550.0 5350.0 0.11050
1650.0 5350.0 -0.06324
1750.0 5350.0 -0.29235
1850.0 5350.0 -0.52903
1950.0 5350.0 -0.72452
2050.0 5350.0 -0.84340
2150.0 5350.0 -0.87189
2250.0 5350.0 -0.82024
2350.0 5350.0 -0.71913
2450.0 5350.0 -0.60144
2550.0 5350.0 -0.46191
2650.0 5350.0 -0.32317
2750.0 5350.0 -0.23270
2850.0 5350.0 -0.23131
2950.0 5350.0 -0.33408
3050.0 5350.0 -0.52372
3150.0 5350.0 -0.75644
3250.0 5350.0 -0.98025
3350.0 5350.0 -1.16582
3450.0 5350.0 -1.33902
3550.0 5350.0 -1.51134
3650.0 5350.0 -1.62552
3750.0 5350.0 -1.60881
3850.0 5350.0 -1.41590
3950.0 5350.0 -1.05185
4050.0 5350.0 -0.57473
4150.0 5350.0 -0.07819
4250.0 5350.0 0.34611
4350.0 5350.0 0.66625
4450.0 5350.0 0.93366
4550.0 5350.0 1.08904
4650.0 5350.0 1.07822
4750.0 5350.0 0.91122
4850.0 5350.0 0.64406
4950.0 5350.0 0.35908
5050.0 5350.0 0.14381
5150.0 5350.0 0.06833
5250.0 5350.0 0.16132
5350.0 5350.0 0.38447
5450.0 5350.0 0.64048
5550.0 5350.0 0.88733
5650.0 5350.0 1.06977
5750.0 5350.0 1.12628
5850.0 5350.0 1.02383
5950.0 5350.0 0.77517
6050.0 5350.0 0.43853
6150.0 5350.0 0.09986
6250.0 5350.0 -0.16242
6350.0 5350.0 -0.33019
50.0 5450.0 -0.32036
150.0 5450.0 -0.24682
250.0 5450.0 -0.22006
350.0 5450.0 -0.25594
450.0 5450.0 -0.31583
550.0 5450.0 -0.35311
650.0 5450.0 -0.34841
750.0 5450.0 -0.29754
850.0 5450.0 -0.20953
950.0 5450.0 -0.10346
1050.0 5450.0 -0.00364
1150.0 5450.0 0.06660
1250.0 5450.0 0.09271
1350.0 5450.0 0.07818
1450.0 5450.0 0.03969
1550.0 5450.0 -0.07195
1650.0 5450.0 -0.27648
1750.0 5450.0 -0.53591
1850.0 5450.0 -0.78917
1950.0 5450.0 -0.97833
2050.0 5450.0 -1.06596
2150.0 5450.0 -1.04368
2250.0 5450.0 -0.93185
2350.0 5450.0 -0.77043
2450.0 5450.0 -0.59895
2550.0 5450.0 -0.44132
2650.0 5450.0 -0.33642
2750.0 5450.0 -0.32402
2850.0 5450.0 -0.42300
2950.0 5450.0 -0.62090
3050.0 5450.0 -0.87478
3150.0 5450.0 -1.12346
3250.0 5450.0 -1.31109
3350.0 5450.0 -1.42204
3450.0 5450.0 -1.50679
3550.0 5450.0 -1.57283
3650.0 5450.0 -1.57092
3750.0 5450.0 -1.45196
3850.0 5450.0 -1.19369
3950.0 5450.0 -0.81329
4050.0 5450.0 -0.36565
4150.0 5450.0 0.07241
4250.0 5450.0 0.43225
4350.0 5450.0 0.69759
4450.0 5450.0 0.91925
4550.0 5450.0 1.05422
4650.0 5450.0 1.05943
4750.0 5450.0 0.94114
4850.0 5450.0 0.74180
4950.0 5450.0 0.52523
5050.0 5450.0 0.36031
5150.0 5450.0 0.30320
5250.0 5450.0 0.37789
5350.0 5450.0 0.55533
5450.0 5450.0 0.76012
5550.0 5450.0 0.96239
5650.0 5450.0 1.11582
5750.0 5450.0 1.16549
5850.0 5450.0 1.07949
5950.0 5450.0 0.86506
6050.0 5450.0 0.56943
6150.0 5450.0 0.26517
6250.0 5450.0 0.02026
6350.0 5450.0 -0.14730
50.0 5550.0 -0.33780
150.0 5550.0 -0.12910
250.0 5550.0 0.00777
350.0 5550.0 0.04798
450.0 5550.0 0.04793
550.0 5550.0 0.05119
650.0 5550.0 0.05673
750.0 5550.0 0.05880
850.0 5550.0 0.05158
950.0 5550.0 0.03194
1050.0 5550.0 0.00061
1150.0 5550.0 -0.03814
1250.0 5550.0 -0.07831
1350.0 5550.0 -0.11558
1450.0 5550.0 -0.16277
1550.0 5550.0 -0.29133
1650.0 5550.0 -0.51730
1750.0 5550.0 -0.79011
1850.0 5550.0 -1.03634
1950.0 5550.0 -1.19162
2050.0 5550.0 -1.22044
2150.0 5550.0 -1.12388
2250.0 5550.0 -0.93521
2350.0 5550.0 -0.70337
2450.0 5550.0 -0.47026
2550.0 5550.0 -0.28755
2650.0 5550.0 -0.21040
2750.0 5550.0 -0.27022
2850.0 5550.0 -0.46316
2950.0 5550.0 -0.74855
3050.0 5550.0 -1.05758
3150.0 5550.0 -1.31184
3250.0 5550.0 -1.45210
3350.0 5550.0 -1.47698
3450.0 5550.0 -1.46342
3550.0 5550.0 -1.42426
3650.0 5550.0 -1.32596
3750.0 5550.0 -1.14469
3850.0 5550.0 -0.87719
3950.0 5550.0 -0.54433
4050.0 5550.0 -0.18709
4150.0 5550.0 0.14487
4250.0 5550.0 0.41200
4350.0 5550.0 0.61122
4450.0 5550.0 0.78114
4550.0 5550.0 0.89440
4650.0 5550.0 0.92104
4750.0 5550.0 0.86292
4850.0 5550.0 0.74638
4950.0 5550.0 0.61333
5050.0 5550.0 0.51062
5150.0 5550.0 0.47782
5250.0 5550.0 0.53341
5350.0 5550.0 0.65927
5450.0 5550.0 0.80684
5550.0 5550.0 0.96433
5650.0 5550.0 1.09754
5750.0 5550.0 1.15830
5850.0 5550.0 1.11337
5950.0 5550.0 0.96028
6050.0 5550.0 0.73025
6150.0 5550.0 0.47805
6250.0 5550.0 0.25898
6350.0 5550.0 0.09273
50.0 5650.0 -0.36404
150.0 5650.0 -0.02561
250.0 5650.0 0.21703
350.0 5650.0 0.33040
450.0 5650.0 0.38804
550.0 5650.0 0.43138
650.0 5650.0 0.44044
750.0 5650.0 0.39983
850.0 5650.0 0.30631
950.0 5650.0 0.17124
1050.0 5650.0 0.01860
1150.0 5650.0 -0.12150
1250.0 5650.0 -0.22362
1350.0 5650.0 -0.28233
1450.0 5650.0 -0.33755
1550.0 5650.0 -0.47946
1650.0 5650.0 -0.71896
1750.0 5650.0 -0.99361
1850.0 5650.0 -1.21951
1950.0 5650.0 -1.32819
2050.0 5650.0 -1.28820
2150.0 5650.0 -1.11145
2250.0 5650.0 -0.84438
2350.0 5650.0 -0.54378
2450.0 5650.0 -0.25077
2550.0 5650.0 -0.03907
2650.0 5650.0 0.02286
2750.0 5650.0 -0.08882
2850.0 5650.0 -0.35065
2950.0 5650.0 -0.69821
3050.0 5650.0 -1.04118
3150.0 5650.0 -1.28734
3250.0 5650.0 -1.37526
3350.0 5650.0 -1.31589
3450.0 5650.0 -1.20952
3550.0 5650.0 -1.08226
3650.0 5650.0 -0.92129
3750.0 5650.0 -0.72570
3850.0 5650.0 -0.50447
3950.0 5650.0 -0.27348
4050.0 5650.0 -0.05152
4150.0 5650.0 0.14463
4250.0 5650.0 0.30600
4350.0 5650.0 0.43827
4450.0 5650.0 0.55838
4550.0 5650.0 0.65042
4650.0 5650.0 0.69693
4750.0 5650.0 0.69555
4850.0 5650.0 0.65732
4950.0 5650.0 0.60327
5050.0 5650.0 0.55923
5150.0 5650.0 0.54902
5250.0 5650.0 0.58584
5350.0 5650.0 0.66201
5450.0 5650.0 0.75516
5550.0 5650.0 0.87347
5650.0 5650.0 0.99569
5750.0 5650.0 1.07966
5850.0 5650.0 1.08916
5950.0 5650.0 1.01007
6050.0 5650.0 0.85585
6150.0 5650.0 0.66241
6250.0 5650.0 0.47226
6350.0 5650.0 0.30797
50.0 5750.0 -0.43097
150.0 5750.0 -0.00161
250.0 5750.0 0.31908
350.0 5750.0 0.48961
450.0 5750.0 0.59423
550.0 5750.0 0.67443
650.0 5750.0 0.69754
750.0 5750.0 0.64018
850.0 5750.0 0.49894
950.0 5750.0 0.29353
1050.0 5750.0 0.06306
1150.0 5750.0 -0.14436
1250.0 5750.0 -0.28892
1350.0 5750.0 -0.36309
1450.0 5750.0 -0.42472
1550.0 5750.0 -0.57684
1650.0 5750.0 -0.82591
1750.0 5750.0 -1.09993
1850.0 5750.0 -1.30684
1950.0 5750.0 -1.37525
2050.0 5750.0 -1.27738
2150.0 5750.0 -1.03425
2250.0 5750.0 -0.70306
2350.0 5750.0 -0.34676
2450.0 5750.0 -0.00479
2550.0 5750.0 0.23550
2650.0 5750.0 0.29734
2750.0 5750.0 0.16256
2850.0 5750.0 -0.13202
2950.0 5750.0 -0.50631
3050.0 5750.0 -0.85636
3150.0 5750.0 -1.08164
3250.0 5750.0 -1.12012
3350.0 5750.0 -0.99122
3450.0 5750.0 -0.81145
3550.0 5750.0 -0.62415
3650.0 5750.0 -0.43791
3750.0 5750.0 -0.26920
3850.0 5750.0 -0.13177
3950.0 5750.0 -0.03028
4050.0 5750.0 0.04180
4150.0 5750.0 0.09993
4250.0 5750.0 0.16199
4350.0 5750.0 0.23743
4450.0 5750.0 0.31705
4550.0 5750.0 0.39003
4650.0 5750.0 0.44825
4750.0 5750.0 0.48619
4850.0 5750.0 0.50340
4950.0 5750.0 0.50525
5050.0 5750.0 0.50185
5150.0 5750.0 0.50524
5250.0 5750.0 0.52469
5350.0 5750.0 0.56035
5450.0 5750.0 0.60992
5550.0 5750.0 0.69876
5650.0 5750.0 0.81680
5750.0 5750.0 0.92646
5850.0 5750.0 0.98817
5950.0 5750.0 0.97708
6050.0 5750.0 0.89108
6150.0 5750.0 0.74986
6250.0 5750.0 0.58530
6350.0 5750.0 0.42299
50.0 5850.0 -0.55976
150.0 5850.0 -0.10142
250.0 5850.0 0.25347
350.0 5850.0 0.45632
450.0 5850.0 0.59151
550.0 5850.0 0.70339
650.0 5850.0 0.75616
750.0 5850.0 0.72093
850.0 5850.0 0.59003
950.0 5850.0 0.38220
1050.0 5850.0 0.13957
1150.0 5850.0 -0.08373
1250.0 5850.0 -0.24119
1350.0 5850.0 -0.32178
1450.0 5850.0 -0.38766
1550.0 5850.0 -0.54819
1650.0 5850.0 -0.80799
1750.0 5850.0 -1.08889
1850.0 5850.0 -1.29270
1950.0 5850.0 -1.34480
2050.0 5850.0 -1.21832
2150.0 5850.0 -0.93888
2250.0 5850.0 -0.57001
2350.0 5850.0 -0.17909
2450.0 5850.0 0.19463
2550.0 5850.0 0.45878
2650.0 5850.0 0.53409
2750.0 5850.0 0.40548
2850.0 5850.0 0.11549
2950.0 5850.0 -0.24977
3050.0 5850.0 -0.58176
3150.0 5850.0 -0.77790
3250.0 5850.0 -0.77707
3350.0 5850.0 -0.60239
3450.0 5850.0 -0.37736
3550.0 5850.0 -0.16137
3650.0 5850.0 0.01944
3750.0 5850.0 0.13854
3850.0 5850.0 0.18349
3950.0 5850.0 0.16286
4050.0 5850.0 0.10546
4150.0 5850.0 0.05206
4250.0 5850.0 0.03935
4350.0 5850.0 0.07641
4450.0 5850.0 0.12981
4550.0 5850.0 0.18699
4650.0 5850.0 0.24434
4750.0 5850.0 0.29474
4850.0 5850.0 0.33215
4950.0 5850.0 0.35434
5050.0 5850.0 0.36381
5150.0 5850.0 0.36692
5250.0 5850.0 0.37109
5350.0 5850.0 0.38027
5450.0 5850.0 0.40229
5550.0 5850.0 0.47286
5650.0 5850.0 0.58915
5750.0 5850.0 0.71642
5850.0 5850.0 0.81279
5950.0 5850.0 0.84639
6050.0 5850.0 0.80496
6150.0 5850.0 0.69774
6250.0 5850.0 0.54983
6350.0 5850.0 0.38885
50.0 5950.0 -0.75235
150.0 5950.0 -0.33062
250.0 5950.0 0.01232
350.0 5950.0 0.22156
450.0 5950.0 0.37030
550.0 5950.0 0.50838
650.0 5950.0 0.60668
750.0 5950.0 0.63340
850.0 5950.0 0.57240
950.0 5950.0 0.43195
1050.0 5950.0 0.24464
1150.0 5950.0 0.05835
1250.0 5950.0 -0.08162
1350.0 5950.0 -0.15929
1450.0 5950.0 -0.22737
1550.0 5950.0 -0.39607
1650.0 5950.0 -0.67177
1750.0 5950.0 -0.97349
1850.0 5950.0 -1.19825
1950.0 5950.0 -1.26673
2050.0 5950.0 -1.14879
2150.0 5950.0 -0.86906
2250.0 5950.0 -0.49238
2350.0 5950.0 -0.08924
2450.0 5950.0 0.29808
2550.0 5950.0 0.57897
2650.0 5950.0 0.67653
2750.0 5950.0 0.57631
2850.0 5950.0 0.31974
2950.0 5950.0 -0.00954
3050.0 5950.0 -0.30622
3150.0 5950.0 -0.47085
3250.0 5950.0 -0.44431
3350.0 5950.0 -0.24913
3450.0 5950.0 -0.00714
3550.0 5950.0 0.21142
3650.0 5950.0 0.36954
3750.0 5950.0 0.43761
3850.0 5950.0 0.40785
3950.0 5950.0 0.29993
4050.0 5950.0 0.15762
4150.0 5950.0 0.03645
4250.0 5950.0 -0.01756
4350.0 5950.0 0.00181
4450.0 5950.0 0.04380
4550.0 5950.0 0.08854
4650.0 5950.0 0.13191
4750.0 5950.0 0.16687
4850.0 5950.0 0.18787
4950.0 5950.0 0.19345
5050.0 5950.0 0.18693
5150.0 5950.0 0.17532
5250.0 5950.0 0.16634
5350.0 5950.0 0.16358
5450.0 5950.0 0.17433
5550.0 5950.0 0.23623
5650.0 5950.0 0.34890
5750.0 5950.0 0.47891
5850.0 5950.0 0.58403
5950.0 5950.0 0.63040
6050.0 5950.0 0.60247
6150.0 5950.0 0.50592
6250.0 5950.0 0.36328
6350.0 5950.0 0.20259
50.0 6050.0 -0.98323
150.0 6050.0 -0.63823
250.0 6050.0 -0.33537
350.0 6050.0 -0.13543
450.0 6050.0 0.01661
550.0 6050.0 0.17756
650.0 6050.0 0.33080
750.0 6050.0 0.44320
850.0 6050.0 0.48767
950.0 6050.0 0.45632
1050.0 6050.0 0.36472
1150.0 6050.0 0.24711
1250.0 6050.0 0.14284
1350.0 6050.0 0.07371
1450.0 6050.0 0.00460
1550.0 6050.0 -0.17273
1650.0 6050.0 -0.46899
1750.0 6050.0 -0.80234
1850.0 6050.0 -1.06554
1950.0 6050.0 -1.17319
2050.0 6050.0 -1.08896
2150.0 6050.0 -0.83266
2250.0 6050.0 -0.46725
2350.0 6050.0 -0.06569
2450.0 6050.0 0.32413
2550.0 6050.0 0.61649
2650.0 6050.0 0.73942
2750.0 6050.0 0.67768
2850.0 6050.0 0.46791
2950.0 6050.0 0.18680
3050.0 6050.0 -0.06764
3150.0 6050.0 -0.20180
3250.0 6050.0 -0.15896
3350.0 6050.0 0.04123
3450.0 6050.0 0.28347
3550.0 6050.0 0.49145
3650.0 6050.0 0.62245
3750.0 6050.0 0.64764
3850.0 6050.0 0.56472
3950.0 6050.0 0.40155
4050.0 6050.0 0.21067
4150.0 6050.0 0.05472
4250.0 6050.0 -0.01723
4350.0 6050.0 -0.00245
4450.0 6050.0 0.03697
4550.0 6050.0 0.07119
4650.0 6050.0 0.09255
4750.0 6050.0 0.09510
4850.0 6050.0 0.07751
4950.0 6050.0 0.04414
5050.0 6050.0 0.00420
5150.0 6050.0 -0.03081
5250.0 6050.0 -0.05162
5350.0 6050.0 -0.05749
5450.0 6050.0 -0.04827
5550.0 6050.0 0.01000
5650.0 6050.0 0.11620
5750.0 6050.0 0.23738
5850.0 6050.0 0.33253
5950.0 6050.0 0.36925
6050.0 6050.0 0.33341
6150.0 6050.0 0.23157
6250.0 6050.0 0.08646
6350.0 6050.0 -0.07475
50.0 6150.0 -1.20657
150.0 6150.0 -0.94113
250.0 6150.0 -0.67885
350.0 6150.0 -0.48675
450.0 6150.0 -0.32950
550.0 6150.0 -0.14572
650.0 6150.0 0.05918
750.0 6150.0 0.25077
850.0 6150.0 0.39206
950.0 6150.0 0.46063
1050.0 6150.0 0.45676
1150.0 6150.0 0.40254
1250.0 6150.0 0.33203
1350.0 6150.0 0.27233
1450.0 6150.0 0.20442
1550.0 6150.0 0.02359
1650.0 6150.0 -0.28447
1750.0 6150.0 -0.63882
1850.0 6150.0 -0.93045
1950.0 6150.0 -1.07022
2050.0 6150.0 -1.01697
2150.0 6150.0 -0.78584
2250.0 6150.0 -0.43687
2350.0 6150.0 -0.04380
2450.0 6150.0 0.34144
2550.0 6150.0 0.63947
2650.0 6150.0 0.78481
2750.0 6150.0 0.76241
2850.0 6150.0 0.60414
2950.0 6150.0 0.37869
3050.0 6150.0 0.17484
3150.0 6150.0 0.07817
3250.0 6150.0 0.14123
3350.0 6150.0 0.34714
3450.0 6150.0 0.58942
3550.0 6150.0 0.78688
3650.0 6150.0 0.89059
3750.0 6150.0 0.87171
3850.0 6150.0 0.73275
3950.0 6150.0 0.50959
4050.0 6150.0 0.26395
4150.0 6150.0 0.06646
4250.0 6150.0 -0.02981
4350.0 6150.0 -0.02520
4450.0 6150.0 0.00584
4550.0 6150.0 0.02134
4650.0 6150.0 0.01050
4750.0 6150.0 -0.02937
4850.0 6150.0 -0.09298
4950.0 6150.0 -0.16859
5050.0 6150.0 -0.24076
5150.0 6150.0 -0.29452
5250.0 6150.0 -0.32084
5350.0 6150.0 -0.32344
5450.0 6150.0 -0.30929
5550.0 6150.0 -0.24759
5650.0 6150.0 -0.14098
5750.0 6150.0 -0.02335
5850.0 6150.0 0.06438
5950.0 6150.0 0.09099
6050.0 6150.0 0.04436
6150.0 6150.0 -0.06668
6250.0 6150.0 -0.21772
6350.0 6150.0 -0.38178
50.0 6250.0 -1.38440
150.0 6250.0 -1.18669
250.0 6250.0 -0.95358
350.0 6250.0 -0.75898
450.0 6250.0 -0.58764
550.0 6250.0 -0.38078
650.0 6250.0 -0.13885
750.0 6250.0 0.10214
850.0 6250.0 0.29957
950.0 6250.0 0.42363
1050.0 6250.0 0.46753
1150.0 6250.0 0.44838
1250.0 6250.0 0.39875
1350.0 6250.0 0.34896
1450.0 6250.0 0.28835
1550.0 6250.0 0.11918
1650.0 6250.0 -0.17380
1750.0 6250.0 -0.51477
1850.0 6250.0 -0.80028
1950.0 6250.0 -0.94460
2050.0 6250.0 -0.90662
2150.0 6250.0 -0.69837
2250.0 6250.0 -0.37495
2350.0 6250.0 -0.00619
2450.0 6250.0 0.35711
2550.0 6250.0 0.64423
2650.0 6250.0 0.79930
2750.0 6250.0 0.81088
2850.0 6250.0 0.70794
2950.0 6250.0 0.55040
3050.0 6250.0 0.41446
3150.0 6250.0 0.37270
3250.0 6250.0 0.46881
3350.0 6250.0 0.68720
3450.0 6250.0 0.93460
3550.0 6250.0 1.12788
3650.0 6250.0 1.20966
3750.0 6250.0 1.14710
3850.0 6250.0 0.94453
3950.0 6250.0 0.64512
4050.0 6250.0 0.32173
4150.0 6250.0 0.05699
4250.0 6250.0 -0.08759
4350.0 6250.0 -0.11331
4450.0 6250.0 -0.11040
4550.0 6250.0 -0.13695
4650.0 6250.0 -0.20421
4750.0 6250.0 -0.30575
4850.0 6250.0 -0.42450
4950.0 6250.0 -0.53909
5050.0 6250.0 -0.62954
5150.0 6250.0 -0.68226
5250.0 6250.0 -0.69441
5350.0 6250.0 -0.67755
5450.0 6250.0 -0.64275
5550.0 6250.0 -0.55874
5650.0 6250.0 -0.43115
5750.0 6250.0 -0.29861
5850.0 6250.0 -0.20561
5950.0 6250.0 -0.18411
6050.0 6250.0 -0.24375
6150.0 6250.0 -0.37081
6250.0 6250.0 -0.53569
6350.0 6250.0 -0.70925
50.0 6350.0 -1.48844
150.0 6350.0 -1.33183
250.0 6350.0 -1.10766
350.0 6350.0 -0.89663
450.0 6350.0 -0.70082
550.0 6350.0 -0.47199
650.0 6350.0 -0.21382
750.0 6350.0 0.03585
850.0 6350.0 0.23448
950.0 6350.0 0.35441
1050.0 6350.0 0.39260
1150.0 6350.0 0.37052
1250.0 6350.0 0.32418
1350.0 6350.0 0.28430
1450.0 6350.0 0.23816
1550.0 6350.0 0.09808
1650.0 6350.0 -0.14911
1750.0 6350.0 -0.43780
1850.0 6350.0 -0.67843
1950.0 6350.0 -0.79682
2050.0 6350.0 -0.75741
2150.0 6350.0 -0.57064
2250.0 6350.0 -0.28424
2350.0 6350.0 0.04137
2450.0 6350.0 0.36189
2550.0 6350.0 0.61587
2650.0 6350.0 0.75945
2750.0 6350.0 0.78912
2850.0 6350.0 0.73436
2950.0 6350.0 0.64723
3050.0 6350.0 0.58931
3150.0 6350.0 0.61570
3250.0 6350.0 0.75635
3350.0 6350.0 0.99443
3450.0 6350.0 1.25352
3550.0 6350.0 1.45452
3650.0 6350.0 1.53067
3750.0 6350.0 1.44015
3850.0 6350.0 1.18344
3950.0 6350.0 0.80728
4050.0 6350.0 0.39509
4150.0 6350.0 0.04399
4250.0 6350.0 -0.17171
4350.0 6350.0 -0.25049
4450.0 6350.0 -0.29866
4550.0 6350.0 -0.39231
4650.0 6350.0 -0.53897
4750.0 6350.0 -0.71650
4850.0 6350.0 -0.89102
4950.0 6350.0 -1.03053
5050.0 6350.0 -1.11405
5150.0 6350.0 -1.13633
5250.0 6350.0 -1.10814
5350.0 6350.0 -1.05216
5450.0 6350.0 -0.97826
5550.0 6350.0 -0.85036
5650.0 6350.0 -0.67907
5750.0 6350.0 -0.51217
5850.0 6350.0 -0.40171
5950.0 6350.0 -0.38223
6050.0 6350.0 -0.45989
6150.0 6350.0 -0.61266
6250.0 6350.0 -0.80148
6350.0 6350.0 -0.99252
