50.0 50.0 0.18645
150.0 50.0 0.20609
250.0 50.0 0.23793
350.0 50.0 0.28195
450.0 50.0 0.33478
550.0 50.0 0.39155
650.0 50.0 0.44938
750.0 50.0 0.50358
850.0 50.0 0.53608
950.0 50.0 0.52733
1050.0 50.0 0.46797
1150.0 50.0 0.36420
1250.0 50.0 0.23699
1350.0 50.0 0.11502
1450.0 50.0 0.02143
1550.0 50.0 -0.04480
1650.0 50.0 -0.04684
1750.0 50.0 0.11023
1850.0 50.0 0.41980
1950.0 50.0 0.80604
2050.0 50.0 1.16904
2150.0 50.0 1.41947
2250.0 50.0 1.50256
2350.0 50.0 1.41165
2450.0 50.0 1.19115
2550.0 50.0 0.91950
2650.0 50.0 0.59252
2750.0 50.0 0.21960
2850.0 50.0 -0.11700
2950.0 50.0 -0.32831
3050.0 50.0 -0.36345
3150.0 50.0 -0.22984
3250.0 50.0 0.01112
3350.0 50.0 0.27297
3450.0 50.0 0.49765
3550.0 50.0 0.70560
3650.0 50.0 0.89335
3750.0 50.0 1.01251
3850.0 50.0 1.01855
3950.0 50.0 0.89608
4050.0 50.0 0.66924
4150.0 50.0 0.39699
4250.0 50.0 0.15348
4350.0 50.0 -0.00656
4450.0 50.0 -0.09673
4550.0 50.0 -0.18408
4650.0 50.0 -0.26194
4750.0 50.0 -0.28715
4850.0 50.0 -0.22023
4950.0 50.0 -0.04738
5050.0 50.0 0.21120
5150.0 50.0 0.50658
5250.0 50.0 0.77999
5350.0 50.0 0.99528
5450.0 50.0 1.16997
5550.0 50.0 1.24577
5650.0 50.0 1.13298
5750.0 50.0 0.81539
5850.0 50.0 0.34031
5950.0 50.0 -0.19990
6050.0 50.0 -0.69266
6150.0 50.0 -1.03625
6250.0 50.0 -1.17722
6350.0 50.0 -1.15409
50.0 150.0 0.58845
150.0 150.0 0.60887
250.0 150.0 0.58460
350.0 150.0 0.53542
450.0 150.0 0.48677
550.0 150.0 0.45410
650.0 150.0 0.43323
750.0 150.0 0.43728
850.0 150.0 0.46324
950.0 150.0 0.49010
1050.0 150.0 0.49426
1150.0 150.0 0.45978
1250.0 150.0 0.38341
1350.0 150.0 0.27457
1450.0 150.0 0.15002
1550.0 150.0 0.02411
1650.0 150.0 -0.04851
1750.0 150.0 0.02601
1850.0 150.0 0.25749
1950.0 150.0 0.59213
2050.0 150.0 0.94508
2150.0 150.0 1.22843
2250.0 150.0 1.37478
2350.0 150.0 1.35622
2450.0 150.0 1.19887
2550.0 150.0 0.98231
2650.0 150.0 0.71444
2750.0 150.0 0.39447
2850.0 150.0 0.08338
2950.0 150.0 -0.14678
3050.0 150.0 -0.24887
3150.0 150.0 -0.21828
3250.0 150.0 -0.09243
3350.0 150.0 0.06785
3450.0 150.0 0.21519
3550.0 150.0 0.34585
3650.0 150.0 0.42756
3750.0 150.0 0.42616
3850.0 150.0 0.33253
3950.0 150.0 0.16393
4050.0 150.0 -0.04022
4150.0 150.0 -0.22838
4250.0 150.0 -0.35249
4350.0 150.0 -0.38934
4450.0 150.0 -0.36715
4550.0 150.0 -0.35064
4650.0 150.0 -0.34770
4750.0 150.0 -0.32673
4850.0 150.0 -0.25035
4950.0 150.0 -0.09632
5050.0 150.0 0.13227
5150.0 150.0 0.40779
5250.0 150.0 0.68964
5350.0 150.0 0.94666
5450.0 150.0 1.17860
5550.0 150.0 1.31424
5650.0 150.0 1.25672
5750.0 150.0 0.97747
5850.0 150.0 0.51442
5950.0 150.0 -0.04159
6050.0 150.0 -0.57033
6150.0 150.0 -0.95578
6250.0 150.0 -1.12970
6350.0 150.0 -1.12524
50.0 250.0 0.90067
150.0 250.0 0.91112
250.0 250.0 0.82820
350.0 250.0 0.69053
450.0 250.0 0.54945
550.0 250.0 0.43757
650.0 250.0 0.34801
750.0 250.0 0.31097
850.0 250.0 0.33773
950.0 250.0 0.40557
1050.0 250.0 0.47697
1150.0 250.0 0.51461
1250.0 250.0 0.49217
1350.0 250.0 0.40081
1450.0 250.0 0.25149
1550.0 250.0 0.07337
1650.0 250.0 -0.06412
1750.0 250.0 -0.07330
1850.0 250.0 0.06871
1950.0 250.0 0.32975
2050.0 250.0 0.64259
2150.0 250.0 0.92585
2250.0 250.0 1.10566
2350.0 250.0 1.13807
2450.0 250.0 1.03237
2550.0 250.0 0.86443
2650.0 250.0 0.65336
2750.0 250.0 0.39322
2850.0 250.0 0.12631
2950.0 250.0 -0.09316
3050.0 250.0 -0.22574
3150.0 250.0 -0.26096
3250.0 250.0 -0.21895
3350.0 250.0 -0.13947
3450.0 250.0 -0.05846
3550.0 250.0 0.00508
3650.0 250.0 -0.00155
3750.0 250.0 -0.09848
3850.0 250.0 -0.26451
3950.0 250.0 -0.45593
4050.0 250.0 -0.62284
4150.0 250.0 -0.72307
4250.0 250.0 -0.73341
4350.0 250.0 -0.65857
4450.0 250.0 -0.53745
4550.0 250.0 -0.43414
4650.0 250.0 -0.37648
4750.0 250.0 -0.34459
4850.0 250.0 -0.29961
4950.0 250.0 -0.20564
5050.0 250.0 -0.04343
5150.0 250.0 0.18445
5250.0 250.0 0.45685
5350.0 250.0 0.74568
5450.0 250.0 1.02872
5550.0 250.0 1.22861
5650.0 250.0 1.25051
5750.0 250.0 1.05447
5850.0 250.0 0.66344
5950.0 250.0 0.15691
6050.0 250.0 -0.34876
6150.0 250.0 -0.73316
6250.0 250.0 -0.91808
6350.0 250.0 -0.92687
50.0 350.0 1.07756
150.0 350.0 1.06817
250.0 350.0 0.93247
350.0 350.0 0.72415
450.0 350.0 0.51362
550.0 350.0 0.34480
650.0 350.0 0.20694
750.0 350.0 0.14337
850.0 350.0 0.17645
950.0 350.0 0.28185
1050.0 350.0 0.41094
1150.0 350.0 0.50961
1250.0 350.0 0.53351
1350.0 350.0 0.45976
1450.0 350.0 0.29500
1550.0 350.0 0.08008
1650.0 350.0 -0.10599
1750.0 350.0 -0.18471
1850.0 350.0 -0.12508
1950.0 350.0 0.05805
2050.0 350.0 0.31403
2150.0 350.0 0.57084
2250.0 350.0 0.75423
2350.0 350.0 0.81132
2450.0 350.0 0.73878
2550.0 350.0 0.60565
2650.0 350.0 0.44171
2750.0 350.0 0.24280
2850.0 350.0 0.03784
2950.0 350.0 -0.13564
3050.0 350.0 -0.24990
3150.0 350.0 -0.29700
3250.0 350.0 -0.29006
3350.0 350.0 -0.25601
3450.0 350.0 -0.21976
3550.0 350.0 -0.20298
3650.0 350.0 -0.26734
3750.0 350.0 -0.42144
3850.0 350.0 -0.62334
3950.0 350.0 -0.81289
4050.0 350.0 -0.93579
4150.0 350.0 -0.95936
4250.0 350.0 -0.88002
4350.0 350.0 -0.72247
4450.0 350.0 -0.53101
4550.0 350.0 -0.37162
4650.0 350.0 -0.29507
4750.0 350.0 -0.29175
4850.0 350.0 -0.31766
4950.0 350.0 -0.31956
5050.0 350.0 -0.25344
5150.0 350.0 -0.09632
5250.0 350.0 0.14872
5350.0 350.0 0.45417
5450.0 350.0 0.77415
5550.0 350.0 1.03063
5650.0 350.0 1.13794
5750.0 350.0 1.04761
5850.0 350.0 0.76564
5950.0 350.0 0.35396
6050.0 350.0 -0.08374
6150.0 350.0 -0.43171
6250.0 350.0 -0.60747
6350.0 350.0 -0.62270
50.0 450.0 1.11319
150.0 450.0 1.07761
250.0 450.0 0.90132
350.0 450.0 0.64767
450.0 450.0 0.39751
550.0 450.0 0.19931
650.0 450.0 0.03777
750.0 450.0 -0.03655
850.0 450.0 0.00511
950.0 450.0 0.13730
1050.0 450.0 0.30465
1150.0 450.0 0.44310
1250.0 450.0 0.49779
1350.0 450.0 0.43776
1450.0 450.0 0.26734
1550.0 450.0 0.03426
1650.0 450.0 -0.17861
1750.0 450.0 -0.30206
1850.0 450.0 -0.30230
1950.0 450.0 -0.18348
2050.0 450.0 0.01596
2150.0 450.0 0.23343
2250.0 450.0 0.39866
2350.0 450.0 0.45669
2450.0 450.0 0.39723
2550.0 450.0 0.28200
2650.0 450.0 0.15124
2750.0 450.0 0.00935
2850.0 450.0 -0.12155
2950.0 450.0 -0.21795
3050.0 450.0 -0.26681
3150.0 450.0 -0.27082
3250.0 450.0 -0.24703
3350.0 450.0 -0.21891
3450.0 450.0 -0.20179
3550.0 450.0 -0.20742
3650.0 450.0 -0.29507
3750.0 450.0 -0.46585
3850.0 450.0 -0.66837
3950.0 450.0 -0.83685
4050.0 450.0 -0.91813
4150.0 450.0 -0.88750
4250.0 450.0 -0.75335
4350.0 450.0 -0.55064
4450.0 450.0 -0.32392
4550.0 450.0 -0.14361
4650.0 450.0 -0.08342
4750.0 450.0 -0.14135
4850.0 450.0 -0.26558
4950.0 450.0 -0.38427
5050.0 450.0 -0.42954
5150.0 450.0 -0.35557
5250.0 450.0 -0.15092
5350.0 450.0 0.15513
5450.0 450.0 0.49424
5550.0 450.0 0.79033
5650.0 450.0 0.97032
5750.0 450.0 0.98097
5850.0 450.0 0.81332
5950.0 450.0 0.51072
6050.0 450.0 0.16026
6150.0 450.0 -0.13264
6250.0 450.0 -0.28633
6350.0 450.0 -0.30169
50.0 550.0 1.04935
150.0 550.0 0.98546
250.0 550.0 0.78071
350.0 550.0 0.50351
450.0 550.0 0.23814
550.0 550.0 0.03250
650.0 550.0 -0.13346
750.0 550.0 -0.20709
850.0 550.0 -0.15727
950.0 550.0 -0.01011
1050.0 550.0 0.17624
1150.0 550.0 0.33385
1250.0 550.0 0.40390
1350.0 550.0 0.35249
1450.0 550.0 0.18327
1550.0 550.0 -0.05329
1650.0 550.0 -0.27480
1750.0 550.0 -0.41968
1850.0 550.0 -0.45503
1950.0 550.0 -0.38035
2050.0 550.0 -0.22672
2150.0 550.0 -0.04907
2250.0 550.0 0.08822
2350.0 550.0 0.13265
2450.0 550.0 0.07171
2550.0 550.0 -0.03901
2650.0 550.0 -0.14870
2750.0 550.0 -0.23984
2850.0 550.0 -0.29192
2950.0 550.0 -0.29276
3050.0 550.0 -0.24534
3150.0 550.0 -0.16834
3250.0 550.0 -0.09056
3350.0 550.0 -0.03907
3450.0 550.0 -0.02119
3550.0 550.0 -0.03025
3650.0 550.0 -0.11549
3750.0 550.0 -0.27423
3850.0 550.0 -0.45423
3950.0 550.0 -0.59195
4050.0 550.0 -0.63885
4150.0 550.0 -0.57611
4250.0 550.0 -0.41745
4350.0 550.0 -0.20030
4450.0 550.0 0.03395
4550.0 550.0 0.20857
4650.0 550.0 0.22886
4750.0 550.0 0.09169
4850.0 550.0 -0.14204
4950.0 550.0 -0.38258
5050.0 550.0 -0.54076
5150.0 550.0 -0.55179
5250.0 550.0 -0.39336
5350.0 550.0 -0.09809
5450.0 550.0 0.24582
5550.0 550.0 0.56430
5650.0 550.0 0.79683
5750.0 550.0 0.88857
5850.0 550.0 0.81931
5950.0 550.0 0.61634
6050.0 550.0 0.35046
6150.0 550.0 0.11497
6250.0 550.0 -0.01229
6350.0 550.0 -0.02385
50.0 650.0 0.93720
150.0 650.0 0.84524
250.0 650.0 0.61845
350.0 650.0 0.32804
450.0 650.0 0.05852
550.0 650.0 -0.14498
650.0 650.0 -0.30688
750.0 650.0 -0.37409
850.0 650.0 -0.31473
950.0 650.0 -0.15571
1050.0 650.0 0.04331
1150.0 650.0 0.21265
1250.0 650.0 0.29206
1350.0 650.0 0.24689
1450.0 650.0 0.08099
1550.0 650.0 -0.15395
1650.0 650.0 -0.37842
1750.0 650.0 -0.53903
1850.0 650.0 -0.60459
1950.0 650.0 -0.57083
2050.0 650.0 -0.46187
2150.0 650.0 -0.32477
2250.0 650.0 -0.21712
2350.0 650.0 -0.18781
2450.0 650.0 -0.25080
2550.0 650.0 -0.35704
2650.0 650.0 -0.44660
2750.0 650.0 -0.48893
2850.0 650.0 -0.46399
2950.0 650.0 -0.36959
3050.0 650.0 -0.22383
3150.0 650.0 -0.06129
3250.0 650.0 0.07681
3350.0 650.0 0.15868
3450.0 650.0 0.18408
3550.0 650.0 0.17911
3650.0 650.0 0.10747
3750.0 650.0 -0.02523
3850.0 650.0 -0.16940
3950.0 650.0 -0.26728
4050.0 650.0 -0.27716
4150.0 650.0 -0.18613
4250.0 650.0 -0.01138
4350.0 650.0 0.21006
4450.0 650.0 0.44180
4550.0 650.0 0.60074
4650.0 650.0 0.57145
4750.0 650.0 0.34665
4850.0 650.0 -0.00285
4950.0 650.0 -0.36914
5050.0 650.0 -0.64228
5150.0 650.0 -0.73964
5250.0 650.0 -0.62939
5350.0 650.0 -0.34826
5450.0 650.0 -0.00377
5550.0 650.0 0.33190
5650.0 650.0 0.61083
5750.0 650.0 0.77768
5850.0 650.0 0.80228
5950.0 650.0 0.69669
6050.0 650.0 0.51550
6150.0 650.0 0.33923
6250.0 650.0 0.24082
6350.0 650.0 0.23528
50.0 750.0 0.69308
150.0 750.0 0.57718
250.0 750.0 0.34712
350.0 750.0 0.07081
450.0 750.0 -0.17512
550.0 750.0 -0.35342
650.0 750.0 -0.49074
750.0 750.0 -0.53477
850.0 750.0 -0.45623
950.0 750.0 -0.28419
1050.0 750.0 -0.07888
1150.0 750.0 0.09151
1250.0 750.0 0.16995
1350.0 750.0 0.12573
1450.0 750.0 -0.03447
1550.0 750.0 -0.25974
1650.0 750.0 -0.48188
1750.0 750.0 -0.66195
1850.0 750.0 -0.77011
1950.0 750.0 -0.79401
2050.0 750.0 -0.74517
2150.0 750.0 -0.65766
2250.0 750.0 -0.57921
2350.0 750.0 -0.55470
2450.0 750.0 -0.60207
2550.0 750.0 -0.68404
2650.0 750.0 -0.74069
2750.0 750.0 -0.73547
2850.0 750.0 -0.64997
2950.0 750.0 -0.48835
3050.0 750.0 -0.27689
3150.0 750.0 -0.05772
3250.0 750.0 0.12298
3350.0 750.0 0.23262
3450.0 750.0 0.27540
3550.0 750.0 0.28980
3650.0 750.0 0.25785
3750.0 750.0 0.18804
3850.0 750.0 0.12030
3950.0 750.0 0.09780
4050.0 750.0 0.14848
4150.0 750.0 0.27628
4250.0 750.0 0.46198
4350.0 750.0 0.67378
4450.0 750.0 0.88609
4550.0 750.0 1.01102
4650.0 750.0 0.91183
4750.0 750.0 0.57905
4850.0 750.0 0.09617
4950.0 750.0 -0.40866
5050.0 750.0 -0.80426
5150.0 750.0 -0.99141
5250.0 750.0 -0.93114
5350.0 750.0 -0.66648
5450.0 750.0 -0.32447
5550.0 750.0 0.02569
5650.0 750.0 0.35014
5750.0 750.0 0.59474
5850.0 750.0 0.72020
5950.0 750.0 0.72293
6050.0 750.0 0.63959
6150.0 750.0 0.53543
6250.0 750.0 0.47628
6350.0 750.0 0.48428
50.0 850.0 0.28887
150.0 850.0 0.16002
250.0 850.0 -0.04202
350.0 850.0 -0.26207
450.0 850.0 -0.44321
550.0 850.0 -0.56304
650.0 850.0 -0.64658
750.0 850.0 -0.64459
850.0 850.0 -0.53549
950.0 850.0 -0.35237
1050.0 850.0 -0.15410
1150.0 850.0 -0.00210
1250.0 850.0 0.05717
1350.0 850.0 0.00413
1450.0 850.0 -0.14782
1550.0 850.0 -0.35203
1650.0 850.0 -0.56350
1750.0 850.0 -0.76530
1850.0 850.0 -0.92805
1950.0 850.0 -1.02581
2050.0 850.0 -1.05060
2150.0 850.0 -1.01769
2250.0 850.0 -0.96175
2350.0 850.0 -0.92386
2450.0 850.0 -0.92931
2550.0 850.0 -0.95882
2650.0 850.0 -0.96612
2750.0 850.0 -0.92014
2850.0 850.0 -0.80573
2950.0 850.0 -0.62713
3050.0 850.0 -0.40719
3150.0 850.0 -0.18194
3250.0 850.0 0.00959
3350.0 850.0 0.14014
3450.0 850.0 0.21377
3550.0 850.0 0.26856
3650.0 850.0 0.30847
3750.0 850.0 0.34318
3850.0 850.0 0.39372
3950.0 850.0 0.47851
4050.0 850.0 0.60492
4150.0 850.0 0.76659
4250.0 850.0 0.94636
4350.0 850.0 1.12492
4450.0 850.0 1.29330
4550.0 850.0 1.36123
4650.0 850.0 1.17473
4750.0 850.0 0.72608
4850.0 850.0 0.11310
4950.0 850.0 -0.51739
5050.0 850.0 -1.01751
5150.0 850.0 -1.27776
5250.0 850.0 -1.25797
5350.0 850.0 -1.00963
5450.0 850.0 -0.67473
5550.0 850.0 -0.31797
5650.0 850.0 0.04016
5750.0 850.0 0.34925
5850.0 850.0 0.56444
5950.0 850.0 0.66932
6050.0 850.0 0.68383
6150.0 850.0 0.65721
6250.0 850.0 0.64603
6350.0 850.0 0.67723
50.0 950.0 -0.21806
150.0 950.0 -0.34339
250.0 950.0 -0.48388
350.0 950.0 -0.60630
450.0 950.0 -0.68428
550.0 950.0 -0.71593
650.0 950.0 -0.72022
750.0 950.0 -0.65357
850.0 950.0 -0.50714
950.0 950.0 -0.31946
1050.0 950.0 -0.14564
1150.0 950.0 -0.03473
1250.0 950.0 -0.01522
1350.0 950.0 -0.08864
1450.0 950.0 -0.23131
1550.0 950.0 -0.40454
1650.0 950.0 -0.59692
1750.0 950.0 -0.81834
1850.0 950.0 -1.03859
1950.0 950.0 -1.21410
2050.0 950.0 -1.31294
2150.0 950.0 -1.32839
2250.0 950.0 -1.28098
2350.0 950.0 -1.20910
2450.0 950.0 -1.14809
2550.0 950.0 -1.10045
2650.0 950.0 -1.04639
2750.0 950.0 -0.97230
2850.0 950.0 -0.86773
2950.0 950.0 -0.72999
3050.0 950.0 -0.56614
3150.0 950.0 -0.39163
3250.0 950.0 -0.22588
3350.0 950.0 -0.08464
3450.0 950.0 0.03089
3550.0 950.0 0.14346
3650.0 950.0 0.27672
3750.0 950.0 0.43777
3850.0 950.0 0.62178
3950.0 950.0 0.81662
4050.0 950.0 1.00734
4150.0 950.0 1.18018
4250.0 950.0 1.32646
4350.0 950.0 1.44599
4450.0 950.0 1.54852
4550.0 950.0 1.54343
4650.0 950.0 1.26988
4750.0 950.0 0.72686
4850.0 950.0 0.02475
4950.0 950.0 -0.67831
5050.0 950.0 -1.22873
5150.0 950.0 -1.51845
5250.0 950.0 -1.51458
5350.0 950.0 -1.27781
5450.0 950.0 -0.95439
5550.0 950.0 -0.60338
5650.0 950.0 -0.23624
5750.0 950.0 0.10283
5850.0 950.0 0.36962
5950.0 950.0 0.54204
6050.0 950.0 0.62918
6150.0 950.0 0.66743
6250.0 950.0 0.70362
6350.0 950.0 0.76509
50.0 1050.0 -0.73327
150.0 1050.0 -0.83743
250.0 1050.0 -0.89039
350.0 1050.0 -0.88710
450.0 1050.0 -0.83816
550.0 1050.0 -0.76477
650.0 1050.0 -0.67608
750.0 1050.0 -0.53635
850.0 1050.0 -0.35297
950.0 1050.0 -0.17038
1050.0 1050.0 -0.03774
1150.0 1050.0 0.01255
1250.0 1050.0 -0.02482
1350.0 1050.0 -0.12868
1450.0 1050.0 -0.26301
1550.0 1050.0 -0.39996
1650.0 1050.0 -0.56728
1750.0 1050.0 -0.80197
1850.0 1050.0 -1.07166
1950.0 1050.0 -1.31395
2050.0 1050.0 -1.47262
2150.0 1050.0 -1.51959
2250.0 1050.0 -1.46279
2350.0 1050.0 -1.33977
2450.0 1050.0 -1.19707
2550.0 1050.0 -1.05886
2650.0 1050.0 -0.93993
2750.0 1050.0 -0.85313
2850.0 1050.0 -0.79343
2950.0 1050.0 -0.74559
3050.0 1050.0 -0.69119
3150.0 1050.0 -0.61423
3250.0 1050.0 -0.50530
3350.0 1050.0 -0.36430
3450.0 1050.0 -0.20179
3550.0 1050.0 -0.02327
3650.0 1050.0 0.20650
3750.0 1050.0 0.48724
3850.0 1050.0 0.78572
3950.0 1050.0 1.06020
4050.0 1050.0 1.27770
4150.0 1050.0 1.42384
4250.0 1050.0 1.50536
4350.0 1050.0 1.54538
4450.0 1050.0 1.56951
4550.0 1050.0 1.48797
4650.0 1050.0 1.14717
4750.0 1050.0 0.55746
4850.0 1050.0 -0.16317
4950.0 1050.0 -0.85693
5050.0 1050.0 -1.37937
5150.0 1050.0 -1.63797
5250.0 1050.0 -1.61612
5350.0 1050.0 -1.38244
5450.0 1050.0 -1.07333
5550.0 1050.0 -0.74166
5650.0 1050.0 -0.39703
5750.0 1050.0 -0.07576
5850.0 1050.0 0.18591
5950.0 1050.0 0.36997
6050.0 1050.0 0.48406
6150.0 1050.0 0.55823
6250.0 1050.0 0.63100
6350.0 1050.0 0.72479
50.0 1150.0 -1.16306
150.0 1150.0 -1.23257
250.0 1150.0 -1.18714
350.0 1150.0 -1.05134
450.0 1150.0 -0.87300
550.0 1150.0 -0.69517
650.0 1150.0 -0.51525
750.0 1150.0 -0.30648
850.0 1150.0 -0.09329
950.0 1150.0 0.07443
1050.0 1150.0 0.15487
1150.0 1150.0 0.13394
1250.0 1150.0 0.03109
1350.0 1150.0 -0.10881
1450.0 1150.0 -0.23738
1550.0 1150.0 -0.33877
1650.0 1150.0 -0.47926
1750.0 1150.0 -0.71868
1850.0 1150.0 -1.02157
1950.0 1150.0 -1.30866
2050.0 1150.0 -1.50304
2150.0 1150.0 -1.55951
2250.0 1150.0 -1.47702
2350.0 1150.0 -1.29421
2450.0 1150.0 -1.06815
2550.0 1150.0 -0.84091
2650.0 1150.0 -0.66285
2750.0 1150.0 -0.57673
2850.0 1150.0 -0.58281
2950.0 1150.0 -0.65058
3050.0 1150.0 -0.73214
3150.0 1150.0 -0.77577
3250.0 1150.0 -0.73995
3350.0 1150.0 -0.60751
3450.0 1150.0 -0.40026
3550.0 1150.0 -0.15897
3650.0 1150.0 0.15183
3750.0 1150.0 0.52009
3850.0 1150.0 0.88676
3950.0 1150.0 1.18756
4050.0 1150.0 1.38042
4150.0 1150.0 1.45870
4250.0 1150.0 1.45011
4350.0 1150.0 1.40142
4450.0 1150.0 1.34745
4550.0 1150.0 1.19917
4650.0 1150.0 0.82384
4750.0 1150.0 0.24608
4850.0 1150.0 -0.41512
4950.0 1150.0 -1.01457
5050.0 1150.0 -1.43109
5150.0 1150.0 -1.59994
5250.0 1150.0 -1.52736
5350.0 1150.0 -1.28727
5450.0 1150.0 -0.99293
5550.0 1150.0 -0.69132
5650.0 1150.0 -0.39784
5750.0 1150.0 -0.14058
5850.0 1150.0 0.05838
5950.0 1150.0 0.19450
6050.0 1150.0 0.28388
6150.0 1150.0 0.35798
6250.0 1150.0 0.44999
6350.0 1150.0 0.57269
50.0 1250.0 -1.44150
150.0 1250.0 -1.47156
250.0 1250.0 -1.33568
350.0 1250.0 -1.08423
450.0 1250.0 -0.79624
550.0 1250.0 -0.53196
650.0 1250.0 -0.27754
750.0 1250.0 -0.01490
850.0 1250.0 0.21648
950.0 1250.0 0.36268
1050.0 1250.0 0.38927
1150.0 1250.0 0.29904
1250.0 1250.0 0.13353
1350.0 1250.0 -0.04167
1450.0 1250.0 -0.16782
1550.0 1250.0 -0.24024
1650.0 1250.0 -0.35687
1750.0 1250.0 -0.59313
1850.0 1250.0 -0.91016
1950.0 1250.0 -1.21625
2050.0 1250.0 -1.42031
2150.0 1250.0 -1.46636
2250.0 1250.0 -1.34887
2350.0 1250.0 -1.10907
2450.0 1250.0 -0.81217
2550.0 1250.0 -0.51195
2650.0 1250.0 -0.28792
2750.0 1250.0 -0.20944
2850.0 1250.0 -0.28106
2950.0 1250.0 -0.45820
3050.0 1250.0 -0.66639
3150.0 1250.0 -0.82210
3250.0 1250.0 -0.85545
3350.0 1250.0 -0.73449
3450.0 1250.0 -0.49134
3550.0 1250.0 -0.20087
3650.0 1250.0 0.16189
3750.0 1250.0 0.57047
3850.0 1250.0 0.94697
3950.0 1250.0 1.21542
4050.0 1250.0 1.33528
4150.0 1250.0 1.31491
4250.0 1250.0 1.20516
4350.0 1250.0 1.07296
4450.0 1250.0 0.95404
4550.0 1250.0 0.75876
4650.0 1250.0 0.38374
4750.0 1250.0 -0.13188
4850.0 1250.0 -0.67415
4950.0 1250.0 -1.11931
5050.0 1250.0 -1.37816
5150.0 1250.0 -1.41998
5250.0 1250.0 -1.27595
5350.0 1250.0 -1.02205
5450.0 1250.0 -0.74042
5550.0 1250.0 -0.47313
5650.0 1250.0 -0.24707
5750.0 1250.0 -0.08312
5850.0 1250.0 0.01378
5950.0 1250.0 0.05839
6050.0 1250.0 0.08247
6150.0 1250.0 0.12540
6250.0 1250.0 0.21844
6350.0 1250.0 0.36230
50.0 1350.0 -1.54676
150.0 1350.0 -1.54294
250.0 1350.0 -1.34149
350.0 1350.0 -1.01046
450.0 1350.0 -0.64941
550.0 1350.0 -0.32908
650.0 1350.0 -0.02724
750.0 1350.0 0.26722
850.0 1350.0 0.50413
950.0 1350.0 0.62739
1050.0 1350.0 0.60864
1150.0 1350.0 0.46330
1250.0 1350.0 0.24885
1350.0 1350.0 0.04538
1450.0 1350.0 -0.08148
1550.0 1350.0 -0.13551
1650.0 1350.0 -0.23528
1750.0 1350.0 -0.46353
1850.0 1350.0 -0.77853
1950.0 1350.0 -1.08174
2050.0 1350.0 -1.27536
2150.0 1350.0 -1.29926
2250.0 1350.0 -1.14752
2350.0 1350.0 -0.86443
2450.0 1350.0 -0.52003
2550.0 1350.0 -0.17291
2650.0 1350.0 0.08029
2750.0 1350.0 0.15292
2850.0 1350.0 0.03769
2950.0 1350.0 -0.21160
3050.0 1350.0 -0.50310
3150.0 1350.0 -0.73252
3250.0 1350.0 -0.81150
3350.0 1350.0 -0.69850
3450.0 1350.0 -0.43241
3550.0 1350.0 -0.11288
3650.0 1350.0 0.26758
3750.0 1350.0 0.66821
3850.0 1350.0 1.00146
3950.0 1350.0 1.19122
4050.0 1350.0 1.20754
4150.0 1350.0 1.07774
4250.0 1350.0 0.87387
4350.0 1350.0 0.67660
4450.0 1350.0 0.51505
4550.0 1350.0 0.29683
4650.0 1350.0 -0.05141
4750.0 1350.0 -0.47862
4850.0 1350.0 -0.87953
4950.0 1350.0 -1.15438
5050.0 1350.0 -1.24644
5150.0 1350.0 -1.15726
5250.0 1350.0 -0.93975
5350.0 1350.0 -0.66907
5450.0 1350.0 -0.39610
5550.0 1350.0 -0.15946
5650.0 1350.0 0.00061
5750.0 1350.0 0.06823
5850.0 1350.0 0.05439
5950.0 1350.0 -0.00633
6050.0 1350.0 -0.06439
6150.0 1350.0 -0.06928
6250.0 1350.0 0.01121
6350.0 1350.0 0.16636
50.0 1450.0 -1.50671
150.0 1450.0 -1.48198
250.0 1450.0 -1.24762
350.0 1450.0 -0.87983
450.0 1450.0 -0.48692
550.0 1450.0 -0.14339
650.0 1450.0 0.17724
750.0 1450.0 0.48151
850.0 1450.0 0.71380
950.0 1450.0 0.81754
1050.0 1450.0 0.76837
1150.0 1450.0 0.58882
1250.0 1450.0 0.34477
1350.0 1450.0 0.12359
1450.0 1450.0 -0.00610
1550.0 1450.0 -0.05291
1650.0 1450.0 -0.14439
1750.0 1450.0 -0.36370
1850.0 1450.0 -0.66728
1950.0 1450.0 -0.95499
2050.0 1450.0 -1.12852
2150.0 1450.0 -1.12873
2250.0 1450.0 -0.95189
2350.0 1450.0 -0.64486
2450.0 1450.0 -0.27926
2550.0 1450.0 0.08708
2650.0 1450.0 0.35406
2750.0 1450.0 0.42964
2850.0 1450.0 0.30538
2950.0 1450.0 0.03767
3050.0 1450.0 -0.27635
3150.0 1450.0 -0.52585
3250.0 1450.0 -0.61647
3350.0 1450.0 -0.50336
3450.0 1450.0 -0.22733
3550.0 1450.0 0.10097
3650.0 1450.0 0.46965
3750.0 1450.0 0.82610
3850.0 1450.0 1.08182
3950.0 1450.0 1.16954
4050.0 1450.0 1.07528
4150.0 1450.0 0.84531
4250.0 1450.0 0.56795
4350.0 1450.0 0.33041
4450.0 1450.0 0.15044
4550.0 1450.0 -0.06945
4650.0 1450.0 -0.37875
4750.0 1450.0 -0.71883
4850.0 1450.0 -0.99369
4950.0 1450.0 -1.12416
5050.0 1450.0 -1.07928
5150.0 1450.0 -0.88470
5250.0 1450.0 -0.60821
5350.0 1450.0 -0.32234
5450.0 1450.0 -0.05341
5550.0 1450.0 0.16206
5650.0 1450.0 0.27232
5750.0 1450.0 0.26390
5850.0 1450.0 0.15927
5950.0 1450.0 0.00854
6050.0 1450.0 -0.12364
6150.0 1450.0 -0.17614
6250.0 1450.0 -0.11413
6350.0 1450.0 0.04325
50.0 1550.0 -1.39296
150.0 1550.0 -1.35832
250.0 1550.0 -1.11383
350.0 1550.0 -0.73754
450.0 1550.0 -0.33904
550.0 1550.0 0.00728
650.0 1550.0 0.32919
750.0 1550.0 0.63038
850.0 1550.0 0.85320
950.0 1550.0 0.94166
1050.0 1550.0 0.87374
1150.0 1550.0 0.67530
1250.0 1550.0 0.41561
1350.0 1550.0 0.18452
1450.0 1550.0 0.05127
1550.0 1550.0 0.00490
1650.0 1550.0 -0.08394
1750.0 1550.0 -0.29544
1850.0 1550.0 -0.58504
1950.0 1550.0 -0.85384
2050.0 1550.0 -1.00622
2150.0 1550.0 -0.98634
2250.0 1550.0 -0.79349
2350.0 1550.0 -0.47643
2450.0 1550.0 -0.10645
2550.0 1550.0 0.26210
2650.0 1550.0 0.53436
2750.0 1550.0 0.62100
2850.0 1550.0 0.51341
2950.0 1550.0 0.26592
3050.0 1550.0 -0.02739
3150.0 1550.0 -0.25889
3250.0 1550.0 -0.33664
3350.0 1550.0 -0.21666
3450.0 1550.0 0.06169
3550.0 1550.0 0.38673
3650.0 1550.0 0.72842
3750.0 1550.0 1.02464
3850.0 1550.0 1.19085
3950.0 1550.0 1.17282
4050.0 1550.0 0.97408
4150.0 1550.0 0.65810
4250.0 1550.0 0.32534
4350.0 1550.0 0.06494
4450.0 1550.0 -0.11836
4550.0 1550.0 -0.32854
4650.0 1550.0 -0.59784
4750.0 1550.0 -0.86337
4850.0 1550.0 -1.03743
4950.0 1550.0 -1.05686
5050.0 1550.0 -0.90944
5150.0 1550.0 -0.63734
5250.0 1550.0 -0.31757
5350.0 1550.0 -0.01949
5450.0 1550.0 0.24836
5550.0 1550.0 0.45068
5650.0 1550.0 0.52694
5750.0 1550.0 0.46441
5850.0 1550.0 0.29301
5950.0 1550.0 0.07385
6050.0 1550.0 -0.11702
6150.0 1550.0 -0.20972
6250.0 1550.0 -0.16635
6350.0 1550.0 -0.01165
50.0 1650.0 -1.22326
150.0 1650.0 -1.19774
250.0 1650.0 -0.96512
350.0 1650.0 -0.60042
450.0 1650.0 -0.21048
550.0 1650.0 0.13106
650.0 1650.0 0.44906
750.0 1650.0 0.74494
850.0 1650.0 0.96125
950.0 1650.0 1.04321
1050.0 1650.0 0.97014
1150.0 1650.0 0.76879
1250.0 1650.0 0.50857
1350.0 1650.0 0.27879
1450.0 1650.0 0.14768
1550.0 1650.0 0.10355
1650.0 1650.0 0.01938
1750.0 1650.0 -0.18117
1850.0 1650.0 -0.45403
1950.0 1650.0 -0.70358
2050.0 1650.0 -0.83826
2150.0 1650.0 -0.80567
2250.0 1650.0 -0.60704
2350.0 1650.0 -0.29100
2450.0 1650.0 0.07313
2550.0 1650.0 0.43441
2650.0 1650.0 0.70249
2750.0 1650.0 0.79182
2850.0 1650.0 0.69527
2950.0 1650.0 0.46622
3050.0 1650.0 0.19564
3150.0 1650.0 -0.01329
3250.0 1650.0 -0.07318
3350.0 1650.0 0.05695
3450.0 1650.0 0.33853
3550.0 1650.0 0.66010
3650.0 1650.0 0.97288
3750.0 1650.0 1.20591
3850.0 1650.0 1.28055
3950.0 1650.0 1.15744
4050.0 1650.0 0.85852
4150.0 1650.0 0.46425
4250.0 1650.0 0.08589
4350.0 1650.0 -0.18711
4450.0 1650.0 -0.36390
4550.0 1650.0 -0.55397
4650.0 1650.0 -0.77221
4750.0 1650.0 -0.95342
4850.0 1650.0 -1.02038
4950.0 1650.0 -0.92714
5050.0 1650.0 -0.67994
5150.0 1650.0 -0.33572
5250.0 1650.0 0.02174
5350.0 1650.0 0.32811
5450.0 1650.0 0.59196
5550.0 1650.0 0.77704
5650.0 1650.0 0.81369
5750.0 1650.0 0.69078
5850.0 1650.0 0.44694
5950.0 1650.0 0.15538
6050.0 1650.0 -0.09597
6150.0 1650.0 -0.22864
6250.0 1650.0 -0.20238
6350.0 1650.0 -0.04837
50.0 1750.0 -0.93532
150.0 1750.0 -0.96260
250.0 1750.0 -0.79132
350.0 1750.0 -0.48249
450.0 1750.0 -0.13116
550.0 1750.0 0.19065
650.0 1750.0 0.49514
750.0 1750.0 0.78192
850.0 1750.0 0.99852
950.0 1750.0 1.09317
1050.0 1750.0 1.04484
1150.0 1750.0 0.87630
1250.0 1750.0 0.65030
1350.0 1750.0 0.44884
1450.0 1750.0 0.33551
1550.0 1750.0 0.30099
1650.0 1750.0 0.22946
1750.0 1750.0 0.05023
1850.0 1750.0 -0.19721
1950.0 1750.0 -0.42561
2050.0 1750.0 -0.55083
2150.0 1750.0 -0.52394
2250.0 1750.0 -0.34475
2350.0 1750.0 -0.05657
2450.0 1750.0 0.27762
2550.0 1750.0 0.60957
2650.0 1750.0 0.84869
2750.0 1750.0 0.91370
2850.0 1750.0 0.80345
2950.0 1750.0 0.57509
3050.0 1750.0 0.31914
3150.0 1750.0 0.13378
3250.0 1750.0 0.09834
3350.0 1750.0 0.24607
3450.0 1750.0 0.53608
3550.0 1750.0 0.85771
3650.0 1750.0 1.14239
3750.0 1750.0 1.31203
3850.0 1750.0 1.29760
3950.0 1750.0 1.07786
4050.0 1750.0 0.69457
4150.0 1750.0 0.24409
4250.0 1750.0 -0.15449
4350.0 1750.0 -0.41483
4450.0 1750.0 -0.56124
4550.0 1750.0 -0.70577
4650.0 1750.0 -0.84560
4750.0 1750.0 -0.91812
4850.0 1750.0 -0.86233
4950.0 1750.0 -0.65286
5050.0 1750.0 -0.31382
5150.0 1750.0 0.08743
5250.0 1750.0 0.46672
5350.0 1750.0 0.76954
5450.0 1750.0 1.01997
5550.0 1750.0 1.17489
5650.0 1750.0 1.15462
5750.0 1750.0 0.95268
5850.0 1750.0 0.62056
5950.0 1750.0 0.24670
6050.0 1750.0 -0.06782
6150.0 1750.0 -0.23699
6250.0 1750.0 -0.22081
6350.0 1750.0 -0.05958
50.0 1850.0 -0.55386
150.0 1850.0 -0.67050
250.0 1850.0 -0.60562
350.0 1850.0 -0.39522
450.0 1850.0 -0.11303
550.0 1850.0 0.17264
650.0 1850.0 0.45210
750.0 1850.0 0.72279
850.0 1850.0 0.94178
950.0 1850.0 1.06282
1050.0 1850.0 1.06380
1150.0 1850.0 0.95955
1250.0 1850.0 0.79987
1350.0 1850.0 0.65282
1450.0 1850.0 0.57326
1550.0 1850.0 0.55668
1650.0 1850.0 0.50729
1750.0 1850.0 0.36220
1850.0 1850.0 0.15184
1950.0 1850.0 -0.05109
2050.0 1850.0 -0.17403
2150.0 1850.0 -0.17198
2250.0 1850.0 -0.03984
2350.0 1850.0 0.19030
2450.0 1850.0 0.46690
2550.0 1850.0 0.74397
2650.0 1850.0 0.92583
2750.0 1850.0 0.93635
2850.0 1850.0 0.78556
2950.0 1850.0 0.53968
3050.0 1850.0 0.29142
3150.0 1850.0 0.13289
3250.0 1850.0 0.13105
3350.0 1850.0 0.30574
3450.0 1850.0 0.61035
3550.0 1850.0 0.93671
3650.0 1850.0 1.19786
3750.0 1850.0 1.31169
3850.0 1850.0 1.22251
3950.0 1850.0 0.92935
4050.0 1850.0 0.49310
4150.0 1850.0 0.02266
4250.0 1850.0 -0.35997
4350.0 1850.0 -0.57569
4450.0 1850.0 -0.66387
4550.0 1850.0 -0.73624
4650.0 1850.0 -0.77649
4750.0 1850.0 -0.73130
4850.0 1850.0 -0.56043
4950.0 1850.0 -0.25888
5050.0 1850.0 0.13677
5150.0 1850.0 0.55796
5250.0 1850.0 0.92972
5350.0 1850.0 1.21210
5450.0 1850.0 1.43843
5550.0 1850.0 1.55195
5650.0 1850.0 1.46461
5750.0 1850.0 1.17794
5850.0 1850.0 0.75888
5950.0 1850.0 0.31162
6050.0 1850.0 -0.05163
6150.0 1850.0 -0.24111
6250.0 1850.0 -0.22108
6350.0 1850.0 -0.04249
50.0 1950.0 -0.15553
150.0 1950.0 -0.37189
250.0 1950.0 -0.43238
350.0 1950.0 -0.34206
450.0 1950.0 -0.14691
550.0 1950.0 0.09113
650.0 1950.0 0.33626
750.0 1950.0 0.58220
850.0 1950.0 0.79794
950.0 1950.0 0.94510
1050.0 1950.0 1.00152
1150.0 1950.0 0.97318
1250.0 1950.0 0.89417
1350.0 1950.0 0.81494
1450.0 1950.0 0.77875
1550.0 1950.0 0.78623
1650.0 1950.0 0.76651
1750.0 1950.0 0.66648
1850.0 1950.0 0.50411
1950.0 1950.0 0.33266
2050.0 1950.0 0.20944
2150.0 1950.0 0.17471
2250.0 1950.0 0.24073
2350.0 1950.0 0.39089
2450.0 1950.0 0.58905
2550.0 1950.0 0.79170
2650.0 1950.0 0.89510
2750.0 1950.0 0.82945
2850.0 1950.0 0.61990
2950.0 1950.0 0.34549
3050.0 1950.0 0.10267
3150.0 1950.0 -0.02383
3250.0 1950.0 0.01680
3350.0 1950.0 0.22655
3450.0 1950.0 0.55066
3550.0 1950.0 0.88606
3650.0 1950.0 1.13175
3750.0 1950.0 1.20541
3850.0 1950.0 1.06688
3950.0 1950.0 0.73492
4050.0 1950.0 0.28628
4150.0 1950.0 -0.16292
4250.0 1950.0 -0.49340
4350.0 1950.0 -0.63667
4450.0 1950.0 -0.64501
4550.0 1950.0 -0.62842
4650.0 1950.0 -0.56611
4750.0 1950.0 -0.42054
4850.0 1950.0 -0.17292
4950.0 1950.0 0.16661
5050.0 1950.0 0.55911
5150.0 1950.0 0.94709
5250.0 1950.0 1.27502
5350.0 1950.0 1.52006
5450.0 1950.0 1.71438
5550.0 1950.0 1.78263
5650.0 1950.0 1.63291
5750.0 1950.0 1.27716
5850.0 1950.0 0.79703
5950.0 1950.0 0.30880
6050.0 1950.0 -0.07000
6150.0 1950.0 -0.25212
6250.0 1950.0 -0.21031
6350.0 1950.0 -0.00529
50.0 2050.0 0.17609
150.0 2050.0 -0.12042
250.0 2050.0 -0.29308
350.0 2050.0 -0.31676
450.0 2050.0 -0.20849
550.0 2050.0 -0.02118
650.0 2050.0 0.18524
750.0 2050.0 0.39859
850.0 2050.0 0.59909
950.0 2050.0 0.75783
1050.0 2050.0 0.85516
1150.0 2050.0 0.89061
1250.0 2050.0 0.88423
1350.0 2050.0 0.86935
1450.0 2050.0 0.87678
1550.0 2050.0 0.91043
1650.0 2050.0 0.92378
1750.0 2050.0 0.87461
1850.0 2050.0 0.76726
1950.0 2050.0 0.63328
2050.0 2050.0 0.51272
2150.0 2050.0 0.44012
2250.0 2050.0 0.43517
2350.0 2050.0 0.49815
2450.0 2050.0 0.60999
2550.0 2050.0 0.73045
2650.0 2050.0 0.74761
2750.0 2050.0 0.59902
2850.0 2050.0 0.32659
2950.0 2050.0 0.02318
3050.0 2050.0 -0.21098
3150.0 2050.0 -0.29980
3250.0 2050.0 -0.21061
3350.0 2050.0 0.03866
3450.0 2050.0 0.38447
3550.0 2050.0 0.73162
3650.0 2050.0 0.97117
3750.0 2050.0 1.02411
3850.0 2050.0 0.86571
3950.0 2050.0 0.53138
4050.0 2050.0 0.10865
4150.0 2050.0 -0.28485
4250.0 2050.0 -0.53731
4350.0 2050.0 -0.59251
4450.0 2050.0 -0.51201
4550.0 2050.0 -0.40456
4650.0 2050.0 -0.25629
4750.0 2050.0 -0.04971
4850.0 2050.0 0.21580
4950.0 2050.0 0.52397
5050.0 2050.0 0.84553
5150.0 2050.0 1.14592
5250.0 2050.0 1.39700
5350.0 2050.0 1.59263
5450.0 2050.0 1.75215
5550.0 2050.0 1.77990
5650.0 2050.0 1.58641
5750.0 2050.0 1.19465
5850.0 2050.0 0.69710
5950.0 2050.0 0.21519
6050.0 2050.0 -0.13626
6150.0 2050.0 -0.27943
6250.0 2050.0 -0.19894
6350.0 2050.0 0.03784
50.0 2150.0 0.38115
150.0 2150.0 0.04683
250.0 2150.0 -0.19779
350.0 2150.0 -0.30448
450.0 2150.0 -0.26549
550.0 2150.0 -0.12293
650.0 2150.0 0.04656
750.0 2150.0 0.22272
850.0 2150.0 0.39364
950.0 2150.0 0.54019
1050.0 2150.0 0.64843
1150.0 2150.0 0.71641
1250.0 2150.0 0.75554
1350.0 2150.0 0.78630
1450.0 2150.0 0.82849
1550.0 2150.0 0.88584
1650.0 2150.0 0.93055
1750.0 2150.0 0.93127
1850.0 2150.0 0.87999
1950.0 2150.0 0.78758
2050.0 2150.0 0.67703
2150.0 2150.0 0.57628
2250.0 2150.0 0.51084
2350.0 2150.0 0.49597
2450.0 2150.0 0.52865
2550.0 2150.0 0.57297
2650.0 2150.0 0.51154
2750.0 2150.0 0.28985
2850.0 2150.0 -0.03468
2950.0 2150.0 -0.35717
3050.0 2150.0 -0.57519
3150.0 2150.0 -0.62198
3250.0 2150.0 -0.48279
3350.0 2150.0 -0.19446
3450.0 2150.0 0.17194
3550.0 2150.0 0.53113
3650.0 2150.0 0.77216
3750.0 2150.0 0.82138
3850.0 2150.0 0.66723
3950.0 2150.0 0.35722
4050.0 2150.0 -0.01553
4150.0 2150.0 -0.33627
4250.0 2150.0 -0.50299
4350.0 2150.0 -0.47125
4450.0 2150.0 -0.30798
4550.0 2150.0 -0.12280
4650.0 2150.0 0.08116
4750.0 2150.0 0.30041
4850.0 2150.0 0.52366
4950.0 2150.0 0.73825
5050.0 2150.0 0.93465
5150.0 2150.0 1.10902
5250.0 2150.0 1.26383
5350.0 2150.0 1.40645
5450.0 2150.0 1.53422
5550.0 2150.0 1.53315
5650.0 2150.0 1.32206
5750.0 2150.0 0.93382
5850.0 2150.0 0.46594
5950.0 2150.0 0.03711
6050.0 2150.0 -0.24819
6150.0 2150.0 -0.32704
6250.0 2150.0 -0.19729
6350.0 2150.0 0.07129
50.0 2250.0 0.43980
150.0 2250.0 0.11948
250.0 2250.0 -0.14238
350.0 2250.0 -0.28570
450.0 2250.0 -0.28625
550.0 2250.0 -0.17509
650.0 2250.0 -0.03501
750.0 2250.0 0.10419
850.0 2250.0 0.23347
950.0 2250.0 0.34242
1050.0 2250.0 0.42558
1150.0 2250.0 0.48544
1250.0 2250.0 0.53223
1350.0 2250.0 0.58043
1450.0 2250.0 0.64208
1550.0 2250.0 0.71678
1650.0 2250.0 0.78650
1750.0 2250.0 0.82948
1850.0 2250.0 0.82884
1950.0 2250.0 0.77882
2050.0 2250.0 0.68771
2150.0 2250.0 0.57647
2250.0 2250.0 0.47326
2350.0 2250.0 0.40381
2450.0 2250.0 0.37758
2550.0 2250.0 0.36407
2650.0 2250.0 0.24501
2750.0 2250.0 -0.02614
2850.0 2250.0 -0.38021
2950.0 2250.0 -0.70448
3050.0 2250.0 -0.89693
3150.0 2250.0 -0.90014
3250.0 2250.0 -0.71476
3350.0 2250.0 -0.39272
3450.0 2250.0 -0.00988
3550.0 2250.0 0.35909
3650.0 2250.0 0.60494
3750.0 2250.0 0.65931
3850.0 2250.0 0.52011
3950.0 2250.0 0.24233
4050.0 2250.0 -0.07894
4150.0 2250.0 -0.33333
4250.0 2250.0 -0.42781
4350.0 2250.0 -0.32710
4450.0 2250.0 -0.10057
4550.0 2250.0 0.13811
4650.0 2250.0 0.36336
4750.0 2250.0 0.55367
4850.0 2250.0 0.69297
4950.0 2250.0 0.77951
5050.0 2250.0 0.82835
5150.0 2250.0 0.86733
5250.0 2250.0 0.92676
5350.0 2250.0 1.02268
5450.0 2250.0 1.12675
5550.0 2250.0 1.11174
5650.0 2250.0 0.90843
5750.0 2250.0 0.55685
5850.0 2250.0 0.15376
5950.0 2250.0 -0.19113
6050.0 2250.0 -0.38849
6150.0 2250.0 -0.39237
6250.0 2250.0 -0.21275
6350.0 2250.0 0.08222
50.0 2350.0 0.37412
150.0 2350.0 0.11423
250.0 2350.0 -0.11136
350.0 2350.0 -0.24286
450.0 2350.0 -0.24964
550.0 2350.0 -0.15303
650.0 2350.0 -0.03128
750.0 2350.0 0.07597
850.0 2350.0 0.15728
950.0 2350.0 0.20883
1050.0 2350.0 0.23525
1150.0 2350.0 0.24861
1250.0 2350.0 0.26537
1350.0 2350.0 0.30141
1450.0 2350.0 0.36516
1550.0 2350.0 0.44885
1650.0 2350.0 0.53438
1750.0 2350.0 0.60758
1850.0 2350.0 0.64723
1950.0 2350.0 0.63690
2050.0 2350.0 0.57407
2150.0 2350.0 0.47283
2250.0 2350.0 0.36032
2350.0 2350.0 0.26675
2450.0 2350.0 0.20909
2550.0 2350.0 0.16298
2650.0 2350.0 0.01454
2750.0 2350.0 -0.27548
2850.0 2350.0 -0.63123
2950.0 2350.0 -0.93758
3050.0 2350.0 -1.09581
3150.0 2350.0 -1.05710
3250.0 2350.0 -0.83346
3350.0 2350.0 -0.48641
3450.0 2350.0 -0.09312
3550.0 2350.0 0.28145
3650.0 2350.0 0.53028
3750.0 2350.0 0.58808
3850.0 2350.0 0.45810
3950.0 2350.0 0.19949
4050.0 2350.0 -0.09167
4150.0 2350.0 -0.30765
4250.0 2350.0 -0.36061
4350.0 2350.0 -0.22050
4450.0 2350.0 0.04194
4550.0 2350.0 0.30576
4650.0 2350.0 0.52365
4750.0 2350.0 0.66197
4850.0 2350.0 0.70590
4950.0 2350.0 0.66744
5050.0 2350.0 0.58434
5150.0 2350.0 0.51009
5250.0 2350.0 0.49507
5350.0 2350.0 0.55862
5450.0 2350.0 0.64969
5550.0 2350.0 0.63459
5650.0 2350.0 0.45637
5750.0 2350.0 0.15878
5850.0 2350.0 -0.16633
5950.0 2350.0 -0.42109
6050.0 2350.0 -0.53185
6150.0 2350.0 -0.46778
6250.0 2350.0 -0.24779
6350.0 2350.0 0.06430
50.0 2450.0 0.23573
150.0 2450.0 0.06555
250.0 2450.0 -0.08632
350.0 2450.0 -0.16978
450.0 2450.0 -0.15628
550.0 2450.0 -0.05954
650.0 2450.0 0.05445
750.0 2450.0 0.13684
850.0 2450.0 0.16989
950.0 2450.0 0.15399
1050.0 2450.0 0.10420
1150.0 2450.0 0.04526
1250.0 2450.0 0.00510
1350.0 2450.0 0.00675
1450.0 2450.0 0.05867
1550.0 2450.0 0.14382
1650.0 2450.0 0.23648
1750.0 2450.0 0.32799
1850.0 2450.0 0.39690
1950.0 2450.0 0.42173
2050.0 2450.0 0.39305
2150.0 2450.0 0.31860
2250.0 2450.0 0.22141
2350.0 2450.0 0.13086
2450.0 2450.0 0.06685
2550.0 2450.0 0.01133
2650.0 2450.0 -0.14088
2750.0 2450.0 -0.42266
2850.0 2450.0 -0.75625
2950.0 2450.0 -1.02877
3050.0 2450.0 -1.14716
3150.0 2450.0 -1.07010
3250.0 2450.0 -0.81693
3350.0 2450.0 -0.45359
3450.0 2450.0 -0.05549
3550.0 2450.0 0.32027
3650.0 2450.0 0.56689
3750.0 2450.0 0.61903
3850.0 2450.0 0.48203
3950.0 2450.0 0.21775
4050.0 2450.0 -0.07554
4150.0 2450.0 -0.28905
4250.0 2450.0 -0.33527
4350.0 2450.0 -0.18554
4450.0 2450.0 0.08744
4550.0 2450.0 0.35300
4650.0 2450.0 0.54727
4750.0 2450.0 0.63082
4850.0 2450.0 0.59362
4950.0 2450.0 0.46007
5050.0 2450.0 0.28438
5150.0 2450.0 0.13616
5250.0 2450.0 0.07643
5350.0 2450.0 0.12384
5450.0 2450.0 0.21158
5550.0 2450.0 0.20554
5650.0 2450.0 0.05883
5750.0 2450.0 -0.18406
5850.0 2450.0 -0.43798
5950.0 2450.0 -0.61642
6050.0 2450.0 -0.65865
6150.0 2450.0 -0.54476
6250.0 2450.0 -0.29868
6350.0 2450.0 0.02100
50.0 2550.0 0.07617
150.0 2550.0 0.00236
250.0 2550.0 -0.06478
350.0 2550.0 -0.08823
450.0 2550.0 -0.04506
550.0 2550.0 0.05738
650.0 2550.0 0.16790
750.0 2550.0 0.22930
850.0 2550.0 0.21628
950.0 2550.0 0.13217
1050.0 2550.0 0.00189
1150.0 2550.0 -0.13655
1250.0 2550.0 -0.24224
1350.0 2550.0 -0.28304
1450.0 2550.0 -0.24889
1550.0 2550.0 -0.16627
1650.0 2550.0 -0.07104
1750.0 2550.0 0.03297
1850.0 2550.0 0.12588
1950.0 2550.0 0.18349
2050.0 2550.0 0.19107
2150.0 2550.0 0.15015
2250.0 2550.0 0.07825
2350.0 2550.0 0.00165
2450.0 2550.0 -0.05886
2550.0 2550.0 -0.11475
2650.0 2550.0 -0.26067
2750.0 2550.0 -0.52343
2850.0 2550.0 -0.82519
2950.0 2550.0 -1.05728
3050.0 2550.0 -1.13325
3150.0 2550.0 -1.01897
3250.0 2550.0 -0.73957
3350.0 2550.0 -0.36338
3450.0 2550.0 0.03716
3550.0 2550.0 0.41218
3650.0 2550.0 0.65413
3750.0 2550.0 0.69615
3850.0 2550.0 0.54431
3950.0 2550.0 0.26265
4050.0 2550.0 -0.04767
4150.0 2550.0 -0.27507
4250.0 2550.0 -0.33011
4350.0 2550.0 -0.18390
4450.0 2550.0 0.08857
4550.0 2550.0 0.34639
4650.0 2550.0 0.51240
4750.0 2550.0 0.54449
4850.0 2550.0 0.43842
4950.0 2550.0 0.22948
5050.0 2550.0 -0.01550
5150.0 2550.0 -0.21588
5250.0 2550.0 -0.30464
5350.0 2550.0 -0.26545
5450.0 2550.0 -0.17679
5550.0 2550.0 -0.17070
5650.0 2550.0 -0.28582
5750.0 2550.0 -0.47836
5850.0 2550.0 -0.67016
5950.0 2550.0 -0.78499
6050.0 2550.0 -0.77274
6150.0 2550.0 -0.62166
6250.0 2550.0 -0.35850
6350.0 2550.0 -0.03662
50.0 2650.0 -0.10700
150.0 2650.0 -0.10989
250.0 2650.0 -0.11128
350.0 2650.0 -0.08706
450.0 2650.0 -0.02149
550.0 2650.0 0.08179
650.0 2650.0 0.18560
750.0 2650.0 0.22959
850.0 2650.0 0.18265
950.0 2650.0 0.04843
1050.0 2650.0 -0.14293
1150.0 2650.0 -0.34510
1250.0 2650.0 -0.50789
1350.0 2650.0 -0.59165
1450.0 2650.0 -0.58368
1550.0 2650.0 -0.51623
1650.0 2650.0 -0.43035
1750.0 2650.0 -0.32221
1850.0 2650.0 -0.20903
1950.0 2650.0 -0.11812
2050.0 2650.0 -0.07113
2150.0 2650.0 -0.07520
2250.0 2650.0 -0.12082
2350.0 2650.0 -0.18669
2450.0 2650.0 -0.25130
2550.0 2650.0 -0.31708
2650.0 2650.0 -0.46493
2750.0 2650.0 -0.71334
2850.0 2650.0 -0.98289
2950.0 2650.0 -1.16895
3050.0 2650.0 -1.19307
3150.0 2650.0 -1.03087
3250.0 2650.0 -0.71635
3350.0 2650.0 -0.32266
3450.0 2650.0 0.08074
3550.0 2650.0 0.45575
3650.0 2650.0 0.70110
3750.0 2650.0 0.75053
3850.0 2650.0 0.60870
3950.0 2650.0 0.33730
4050.0 2650.0 0.03516
4150.0 2650.0 -0.18781
4250.0 2650.0 -0.24276
4350.0 2650.0 -0.10009
4450.0 2650.0 0.16690
4550.0 2650.0 0.41103
4650.0 2650.0 0.54232
4750.0 2650.0 0.51735
4850.0 2650.0 0.33928
4950.0 2650.0 0.05525
5050.0 2650.0 -0.25547
5150.0 2650.0 -0.50249
5250.0 2650.0 -0.61455
5350.0 2650.0 -0.57899
5450.0 2650.0 -0.48561
5550.0 2650.0 -0.46419
5650.0 2650.0 -0.54771
5750.0 2650.0 -0.69614
5850.0 2650.0 -0.83998
5950.0 2650.0 -0.91257
6050.0 2650.0 -0.87140
6150.0 2650.0 -0.70839
6250.0 2650.0 -0.44904
6350.0 2650.0 -0.14068
50.0 2750.0 -0.31607
150.0 2750.0 -0.29244
250.0 2750.0 -0.26109
350.0 2750.0 -0.21068
450.0 2750.0 -0.13573
550.0 2750.0 -0.04076
650.0 2750.0 0.05034
750.0 2750.0 0.08502
850.0 2750.0 0.03027
950.0 2750.0 -0.11495
1050.0 2750.0 -0.32474
1150.0 2750.0 -0.55464
1250.0 2750.0 -0.75324
1350.0 2750.0 -0.87722
1450.0 2750.0 -0.90951
1550.0 2750.0 -0.88039
1650.0 2750.0 -0.82603
1750.0 2750.0 -0.72975
1850.0 2750.0 -0.60420
1950.0 2750.0 -0.48058
2050.0 2750.0 -0.39035
2150.0 2750.0 -0.35346
2250.0 2750.0 -0.37284
2350.0 2750.0 -0.43532
2450.0 2750.0 -0.51894
2550.0 2750.0 -0.61291
2650.0 2750.0 -0.77985
2750.0 2750.0 -1.02680
2850.0 2750.0 -1.26985
2950.0 2750.0 -1.40721
3050.0 2750.0 -1.36968
3150.0 2750.0 -1.14622
3250.0 2750.0 -0.78457
3350.0 2750.0 -0.36681
3450.0 2750.0 0.03992
3550.0 2750.0 0.41602
3650.0 2750.0 0.67752
3750.0 2750.0 0.76210
3850.0 2750.0 0.66941
3950.0 2750.0 0.45151
4050.0 2750.0 0.19660
4150.0 2750.0 0.00597
4250.0 2750.0 -0.03590
4350.0 2750.0 0.10209
4450.0 2750.0 0.35478
4550.0 2750.0 0.57573
4650.0 2750.0 0.66448
4750.0 2750.0 0.57910
4850.0 2750.0 0.33231
4950.0 2750.0 -0.01663
5050.0 2750.0 -0.37791
5150.0 2750.0 -0.65499
5250.0 2750.0 -0.77635
5350.0 2750.0 -0.73512
5450.0 2750.0 -0.63012
5550.0 2750.0 -0.58721
5650.0 2750.0 -0.63811
5750.0 2750.0 -0.75225
5850.0 2750.0 -0.87204
5950.0 2750.0 -0.93952
6050.0 2750.0 -0.91456
6150.0 2750.0 -0.78476
6250.0 2750.0 -0.56711
6350.0 2750.0 -0.30116
50.0 2850.0 -0.52493
150.0 2850.0 -0.51390
250.0 2850.0 -0.47823
350.0 2850.0 -0.41990
450.0 2850.0 -0.34695
550.0 2850.0 -0.26904
650.0 2850.0 -0.19625
750.0 2850.0 -0.16041
850.0 2850.0 -0.19163
950.0 2850.0 -0.30096
1050.0 2850.0 -0.47734
1150.0 2850.0 -0.68986
1250.0 2850.0 -0.89547
1350.0 2850.0 -1.05197
1450.0 2850.0 -1.13647
1550.0 2850.0 -1.16846
1650.0 2850.0 -1.16787
1750.0 2850.0 -1.10031
1850.0 2850.0 -0.97215
1950.0 2850.0 -0.81898
2050.0 2850.0 -0.68455
2150.0 2850.0 -0.60529
2250.0 2850.0 -0.60046
2350.0 2850.0 -0.66797
2450.0 2850.0 -0.78576
2550.0 2850.0 -0.92619
2650.0 2850.0 -1.13124
2750.0 2850.0 -1.39495
2850.0 2850.0 -1.62600
2950.0 2850.0 -1.72308
3050.0 2850.0 -1.62570
3150.0 2850.0 -1.33781
3250.0 2850.0 -0.92411
3350.0 2850.0 -0.47917
3450.0 2850.0 -0.06929
3550.0 2850.0 0.30841
3650.0 2850.0 0.59507
3750.0 2850.0 0.73444
3850.0 2850.0 0.71816
3950.0 2850.0 0.58316
4050.0 2850.0 0.40106
4150.0 2850.0 0.25974
4250.0 2850.0 0.23704
4350.0 2850.0 0.36658
4450.0 2850.0 0.59600
4550.0 2850.0 0.78602
4650.0 2850.0 0.83054
4750.0 2850.0 0.69254
4850.0 2850.0 0.39516
4950.0 2850.0 0.00772
5050.0 2850.0 -0.37406
5150.0 2850.0 -0.65345
5250.0 2850.0 -0.76392
5350.0 2850.0 -0.70597
5450.0 2850.0 -0.58242
5550.0 2850.0 -0.51138
5650.0 2850.0 -0.52730
5750.0 2850.0 -0.61466
5850.0 2850.0 -0.73141
5950.0 2850.0 -0.82779
6050.0 2850.0 -0.86134
6150.0 2850.0 -0.80789
6250.0 2850.0 -0.66871
6350.0 2850.0 -0.47369
50.0 2950.0 -0.70155
150.0 2950.0 -0.72271
250.0 2950.0 -0.69601
350.0 2950.0 -0.63793
450.0 2950.0 -0.57258
550.0 2950.0 -0.51709
650.0 2950.0 -0.46583
750.0 2950.0 -0.41890
850.0 2950.0 -0.39928
950.0 2950.0 -0.43197
1050.0 2950.0 -0.52913
1150.0 2950.0 -0.68306
1250.0 2950.0 -0.86721
1350.0 2950.0 -1.04507
1450.0 2950.0 -1.18710
1550.0 2950.0 -1.29488
1650.0 2950.0 -1.36298
1750.0 2950.0 -1.33646
1850.0 2950.0 -1.21443
1950.0 2950.0 -1.03700
2050.0 2950.0 -0.86127
2150.0 2950.0 -0.74198
2250.0 2950.0 -0.71679
2350.0 2950.0 -0.79627
2450.0 2950.0 -0.95857
2550.0 2950.0 -1.15764
2650.0 2950.0 -1.41571
2750.0 2950.0 -1.71486
2850.0 2950.0 -1.95438
2950.0 2950.0 -2.03044
3050.0 2950.0 -1.88867
3150.0 2950.0 -1.54667
3250.0 2950.0 -1.08640
3350.0 2950.0 -0.61648
3450.0 2950.0 -0.20437
3550.0 2950.0 0.17453
3650.0 2950.0 0.48776
3750.0 2950.0 0.68502
3850.0 2950.0 0.74877
3950.0 2950.0 0.69928
4050.0 2950.0 0.59042
4150.0 2950.0 0.49626
4250.0 2950.0 0.48834
4350.0 2950.0 0.60366
4450.0 2950.0 0.80365
4550.0 2950.0 0.95972
4650.0 2950.0 0.96646
4750.0 2950.0 0.79469
4850.0 2950.0 0.47705
4950.0 2950.0 0.08862
5050.0 2950.0 -0.27535
5150.0 2950.0 -0.52483
5250.0 2950.0 -0.60332
5350.0 2950.0 -0.51917
5450.0 2950.0 -0.37244
5550.0 2950.0 -0.26828
5650.0 2950.0 -0.24596
5750.0 2950.0 -0.30877
5850.0 2950.0 -0.43285
5950.0 2950.0 -0.57695
6050.0 2950.0 -0.69375
6150.0 2950.0 -0.74284
6250.0 2950.0 -0.70524
6350.0 2950.0 -0.59967
50.0 3050.0 -0.82388
150.0 3050.0 -0.87190
250.0 3050.0 -0.84874
350.0 3050.0 -0.78683
450.0 3050.0 -0.72733
550.0 3050.0 -0.69472
650.0 3050.0 -0.66494
750.0 3050.0 -0.60046
850.0 3050.0 -0.51460
950.0 3050.0 -0.44777
1050.0 3050.0 -0.43917
1150.0 3050.0 -0.50911
1250.0 3050.0 -0.65196
1350.0 3050.0 -0.83982
1450.0 3050.0 -1.03668
1550.0 3050.0 -1.22272
1650.0 3050.0 -1.36286
1750.0 3050.0 -1.38167
1850.0 3050.0 -1.27099
1950.0 3050.0 -1.07510
2050.0 3050.0 -0.86392
2150.0 3050.0 -0.70997
2250.0 3050.0 -0.66889
2350.0 3050.0 -0.76381
2450.0 3050.0 -0.97326
2550.0 3050.0 -1.23358
2650.0 3050.0 -1.55124
2750.0 3050.0 -1.89950
2850.0 3050.0 -2.16786
2950.0 3050.0 -2.24719
3050.0 3050.0 -2.08539
3150.0 3050.0 -1.70989
3250.0 3050.0 -1.21714
3350.0 3050.0 -0.72899
3450.0 3050.0 -0.31603
3550.0 3050.0 0.06290
3650.0 3050.0 0.39621
3750.0 3050.0 0.63738
3850.0 3050.0 0.76047
3950.0 3050.0 0.77198
4050.0 3050.0 0.71201
4150.0 3050.0 0.64472
4250.0 3050.0 0.63813
4350.0 3050.0 0.73318
4450.0 3050.0 0.90217
4550.0 3050.0 1.02677
4650.0 3050.0 1.00826
4750.0 3050.0 0.82699
4850.0 3050.0 0.52255
4950.0 3050.0 0.17067
5050.0 3050.0 -0.14026
5150.0 3050.0 -0.33261
5250.0 3050.0 -0.36333
5350.0 3050.0 -0.24778
5450.0 3050.0 -0.07682
5550.0 3050.0 0.06239
5650.0 3050.0 0.12610
5750.0 3050.0 0.09151
5850.0 3050.0 -0.03685
5950.0 3050.0 -0.22708
6050.0 3050.0 -0.42741
6150.0 3050.0 -0.58096
6250.0 3050.0 -0.64793
6350.0 3050.0 -0.63514
50.0 3150.0 -0.88792
150.0 3150.0 -0.93468
250.0 3150.0 -0.89296
350.0 3150.0 -0.81239
450.0 3150.0 -0.75035
550.0 3150.0 -0.73609
650.0 3150.0 -0.72455
750.0 3150.0 -0.64154
850.0 3150.0 -0.49082
950.0 3150.0 -0.32668
1050.0 3150.0 -0.21343
1150.0 3150.0 -0.19783
1250.0 3150.0 -0.29456
1350.0 3150.0 -0.48459
1450.0 3150.0 -0.72654
1550.0 3150.0 -0.98044
1650.0 3150.0 -1.18352
1750.0 3150.0 -1.24261
1850.0 3150.0 -1.14332
1950.0 3150.0 -0.93340
2050.0 3150.0 -0.69362
2150.0 3150.0 -0.51158
2250.0 3150.0 -0.45827
2350.0 3150.0 -0.56753
2450.0 3150.0 -0.81832
2550.0 3150.0 -1.13224
2650.0 3150.0 -1.50568
2750.0 3150.0 -1.90736
2850.0 3150.0 -2.21816
2950.0 3150.0 -2.32207
3050.0 3150.0 -2.16541
3150.0 3150.0 -1.78040
3250.0 3150.0 -1.27313
3350.0 3150.0 -0.77581
3450.0 3150.0 -0.36338
3550.0 3150.0 0.01406
3650.0 3150.0 0.35530
3750.0 3150.0 0.61408
3850.0 3150.0 0.75865
3950.0 3150.0 0.78801
4050.0 3150.0 0.73609
4150.0 3150.0 0.66413
4250.0 3150.0 0.64094
4350.0 3150.0 0.71136
4450.0 3150.0 0.85277
4550.0 3150.0 0.95301
4650.0 3150.0 0.92371
4750.0 3150.0 0.75456
4850.0 3150.0 0.48898
4950.0 3150.0 0.19888
5050.0 3150.0 -0.03828
5150.0 3150.0 -0.16009
5250.0 3150.0 -0.13760
5350.0 3150.0 0.00862
5450.0 3150.0 0.20096
5550.0 3150.0 0.37350
5650.0 3150.0 0.48067
5750.0 3150.0 0.48252
5850.0 3150.0 0.36519
5950.0 3150.0 0.14999
6050.0 3150.0 -0.10995
6150.0 3150.0 -0.34539
6250.0 3150.0 -0.49911
6350.0 3150.0 -0.56634
50.0 3250.0 -0.90807
150.0 3250.0 -0.91078
250.0 3250.0 -0.81815
350.0 3250.0 -0.69764
450.0 3250.0 -0.62045
550.0 3250.0 -0.61632
650.0 3250.0 -0.61746
750.0 3250.0 -0.52097
850.0 3250.0 -0.32372
950.0 3250.0 -0.08979
1050.0 3250.0 0.09871
1150.0 3250.0 0.17613
1250.0 3250.0 0.11328
1350.0 3250.0 -0.07724
1450.0 3250.0 -0.35034
1550.0 3250.0 -0.65171
1650.0 3250.0 -0.89859
1750.0 3250.0 -0.98484
1850.0 3250.0 -0.89161
1950.0 3250.0 -0.66925
2050.0 3250.0 -0.40656
2150.0 3250.0 -0.20218
2250.0 3250.0 -0.13826
2350.0 3250.0 -0.25642
2450.0 3250.0 -0.53579
2550.0 3250.0 -0.88745
2650.0 3250.0 -1.30332
2750.0 3250.0 -1.75161
2850.0 3250.0 -2.10714
2950.0 3250.0 -2.24707
3050.0 3250.0 -2.11354
3150.0 3250.0 -1.73890
3250.0 3250.0 -1.23338
3350.0 3250.0 -0.73544
3450.0 3250.0 -0.32447
3550.0 3250.0 0.05003
3650.0 3250.0 0.38509
3750.0 3250.0 0.63081
3850.0 3250.0 0.75324
3950.0 3250.0 0.75162
4050.0 3250.0 0.66284
4150.0 3250.0 0.55303
4250.0 3250.0 0.49634
4350.0 3250.0 0.54093
4450.0 3250.0 0.66230
4550.0 3250.0 0.74783
4650.0 3250.0 0.71955
4750.0 3250.0 0.57458
4850.0 3250.0 0.35721
4950.0 3250.0 0.13339
5050.0 3250.0 -0.03094
5150.0 3250.0 -0.08739
5250.0 3250.0 -0.01871
5350.0 3250.0 0.15154
5450.0 3250.0 0.35930
5550.0 3250.0 0.56021
5650.0 3250.0 0.71108
5750.0 3250.0 0.75973
5850.0 3250.0 0.67655
5950.0 3250.0 0.47111
6050.0 3250.0 0.19296
6150.0 3250.0 -0.08356
6250.0 3250.0 -0.29029
6350.0 3250.0 -0.41219
50.0 3350.0 -0.90970
150.0 3350.0 -0.82350
250.0 3350.0 -0.64685
350.0 3350.0 -0.46492
450.0 3350.0 -0.35945
550.0 3350.0 -0.35597
650.0 3350.0 -0.36363
750.0 3350.0 -0.26295
850.0 3350.0 -0.04832
950.0 3350.0 0.21177
1050.0 3350.0 0.42767
1150.0 3350.0 0.52610
1250.0 3350.0 0.47229
1350.0 3350.0 0.27675
1450.0 3350.0 -0.01344
1550.0 3350.0 -0.33808
1650.0 3350.0 -0.60546
1750.0 3350.0 -0.70180
1850.0 3350.0 -0.60570
1950.0 3350.0 -0.36944
2050.0 3350.0 -0.08691
2150.0 3350.0 0.13640
2250.0 3350.0 0.21162
2350.0 3350.0 0.09264
2450.0 3350.0 -0.19958
2550.0 3350.0 -0.56979
2650.0 3350.0 -1.00945
2750.0 3350.0 -1.48904
2850.0 3350.0 -1.88039
2950.0 3350.0 -2.05546
3050.0 3350.0 -1.95150
3150.0 3350.0 -1.59783
3250.0 3350.0 -1.10433
3350.0 3350.0 -0.61151
3450.0 3350.0 -0.20228
3550.0 3350.0 0.16833
3650.0 3350.0 0.48505
3750.0 3350.0 0.69129
3850.0 3350.0 0.75443
3950.0 3350.0 0.68106
4050.0 3350.0 0.51890
4150.0 3350.0 0.34558
4250.0 3350.0 0.24405
4350.0 3350.0 0.26486
4450.0 3350.0 0.37551
4550.0 3350.0 0.45571
4650.0 3350.0 0.43463
4750.0 3350.0 0.31364
4850.0 3350.0 0.13611
4950.0 3350.0 -0.03751
5050.0 3350.0 -0.14990
5150.0 3350.0 -0.16208
5250.0 3350.0 -0.06399
5350.0 3350.0 0.11995
5450.0 3350.0 0.33587
5550.0 3350.0 0.55852
5650.0 3350.0 0.75158
5750.0 3350.0 0.85658
5850.0 3350.0 0.83168
5950.0 3350.0 0.67394
6050.0 3350.0 0.42401
6150.0 3350.0 0.15315
6250.0 3350.0 -0.06719
6350.0 3350.0 -0.21355
50.0 3450.0 -0.91395
150.0 3450.0 -0.70759
250.0 3450.0 -0.42429
350.0 3450.0 -0.16644
450.0 3450.0 -0.02360
550.0 3450.0 -0.01371
650.0 3450.0 -0.02337
750.0 3450.0 0.07276
850.0 3450.0 0.27885
950.0 3450.0 0.52633
1050.0 3450.0 0.72673
1150.0 3450.0 0.80873
1250.0 3450.0 0.73988
1350.0 3450.0 0.53263
1450.0 3450.0 0.23484
1550.0 3450.0 -0.09464
1650.0 3450.0 -0.36447
1750.0 3450.0 -0.45713
1850.0 3450.0 -0.35009
1950.0 3450.0 -0.09710
2050.0 3450.0 0.20476
2150.0 3450.0 0.44610
2250.0 3450.0 0.53446
2350.0 3450.0 0.42159
2450.0 3450.0 0.12883
2550.0 3450.0 -0.24509
2650.0 3450.0 -0.69295
2750.0 3450.0 -1.18856
2850.0 3450.0 -1.60314
2950.0 3450.0 -1.80548
3050.0 3450.0 -1.72853
3150.0 3450.0 -1.39748
3250.0 3450.0 -0.91931
3350.0 3450.0 -0.43380
3450.0 3450.0 -0.02611
3550.0 3450.0 0.34026
3650.0 3450.0 0.63168
3750.0 3450.0 0.78327
3850.0 3450.0 0.76611
3950.0 3450.0 0.59842
4050.0 3450.0 0.34340
4150.0 3450.0 0.09382
4250.0 3450.0 -0.05685
4350.0 3450.0 -0.05650
4450.0 3450.0 0.05071
4550.0 3450.0 0.13170
4650.0 3450.0 0.11861
4750.0 3450.0 0.01425
4850.0 3450.0 -0.13954
4950.0 3450.0 -0.28591
5050.0 3450.0 -0.37212
5150.0 3450.0 -0.36361
5250.0 3450.0 -0.25307
5350.0 3450.0 -0.06456
5450.0 3450.0 0.15390
5550.0 3450.0 0.39286
5650.0 3450.0 0.62606
5750.0 3450.0 0.79330
5850.0 3450.0 0.84344
5950.0 3450.0 0.76070
6050.0 3450.0 0.57305
6150.0 3450.0 0.34265
6250.0 3450.0 0.13842
6350.0 3450.0 -0.00931
50.0 3550.0 -0.90500
150.0 3550.0 -0.57053
250.0 3550.0 -0.17621
350.0 3550.0 0.15952
450.0 3550.0 0.34102
550.0 3550.0 0.35924
650.0 3550.0 0.34859
750.0 3550.0 0.43448
850.0 3550.0 0.61781
950.0 3550.0 0.83247
1050.0 3550.0 0.99570
1150.0 3550.0 1.04304
1250.0 3550.0 0.94808
1350.0 3550.0 0.72690
1450.0 3550.0 0.42719
1550.0 3550.0 0.10277
1650.0 3550.0 -0.16018
1750.0 3550.0 -0.24294
1850.0 3550.0 -0.12254
1950.0 3550.0 0.14638
2050.0 3550.0 0.46508
2150.0 3550.0 0.72230
2250.0 3550.0 0.82397
2350.0 3550.0 0.72095
2450.0 3550.0 0.43491
2550.0 3550.0 0.06630
2650.0 3550.0 -0.37855
2750.0 3550.0 -0.87657
2850.0 3550.0 -1.30073
2950.0 3550.0 -1.51959
3050.0 3550.0 -1.46387
3150.0 3550.0 -1.15500
3250.0 3550.0 -0.69576
3350.0 3550.0 -0.22293
3450.0 3550.0 0.17808
3550.0 3550.0 0.53537
3650.0 3550.0 0.79716
3750.0 3550.0 0.89102
3850.0 3550.0 0.79229
3950.0 3550.0 0.53089
4050.0 3550.0 0.18503
4150.0 3550.0 -0.13837
4250.0 3550.0 -0.33642
4350.0 3550.0 -0.35623
4450.0 3550.0 -0.25329
4550.0 3550.0 -0.17325
4650.0 3550.0 -0.18263
4750.0 3550.0 -0.27816
4850.0 3550.0 -0.41949
4950.0 3550.0 -0.55235
5050.0 3550.0 -0.62681
5150.0 3550.0 -0.61064
5250.0 3550.0 -0.49767
5350.0 3550.0 -0.31128
5450.0 3550.0 -0.09543
5550.0 3550.0 0.15569
5650.0 3550.0 0.42798
5750.0 3550.0 0.66147
5850.0 3550.0 0.79641
5950.0 3550.0 0.80319
6050.0 3550.0 0.69455
6150.0 3550.0 0.52019
6250.0 3550.0 0.34377
6350.0 3550.0 0.20221
50.0 3650.0 -0.81310
150.0 3650.0 -0.35686
250.0 3650.0 0.13513
350.0 3650.0 0.53515
450.0 3650.0 0.74794
550.0 3650.0 0.77529
650.0 3650.0 0.76400
750.0 3650.0 0.82368
850.0 3650.0 0.94865
950.0 3650.0 1.08257
1050.0 3650.0 1.16019
1150.0 3650.0 1.13545
1250.0 3650.0 0.99596
1350.0 3650.0 0.76384
1450.0 3650.0 0.48291
1550.0 3650.0 0.19302
1650.0 3650.0 -0.03681
1750.0 3650.0 -0.09553
1850.0 3650.0 0.03799
1950.0 3650.0 0.31116
2050.0 3650.0 0.62987
2150.0 3650.0 0.88871
2250.0 3650.0 0.99906
2350.0 3650.0 0.91519
2450.0 3650.0 0.65835
2550.0 3650.0 0.32391
2650.0 3650.0 -0.07984
2750.0 3650.0 -0.53164
2850.0 3650.0 -0.91578
2950.0 3650.0 -1.11266
3050.0 3650.0 -1.05933
3150.0 3650.0 -0.77556
3250.0 3650.0 -0.35514
3350.0 3650.0 0.07727
3450.0 3650.0 0.44395
3550.0 3650.0 0.76724
3650.0 3650.0 0.98489
3750.0 3650.0 1.02267
3850.0 3650.0 0.86024
3950.0 3650.0 0.53459
4050.0 3650.0 0.13087
4150.0 3650.0 -0.23910
4250.0 3650.0 -0.47080
4350.0 3650.0 -0.51345
4450.0 3650.0 -0.42804
4550.0 3650.0 -0.36411
4650.0 3650.0 -0.38759
4750.0 3650.0 -0.49612
4850.0 3650.0 -0.65103
4950.0 3650.0 -0.79963
5050.0 3650.0 -0.89284
5150.0 3650.0 -0.89827
5250.0 3650.0 -0.80885
5350.0 3650.0 -0.64671
5450.0 3650.0 -0.45370
5550.0 3650.0 -0.20730
5650.0 3650.0 0.09642
5750.0 3650.0 0.40239
5850.0 3650.0 0.64336
5950.0 3650.0 0.77259
6050.0 3650.0 0.78047
6150.0 3650.0 0.69547
6250.0 3650.0 0.56895
6350.0 3650.0 0.44431
50.0 3750.0 -0.61038
150.0 3750.0 -0.06945
250.0 3750.0 0.47687
350.0 3750.0 0.90477
450.0 3750.0 1.12987
550.0 3750.0 1.16568
650.0 3750.0 1.15491
750.0 3750.0 1.17096
850.0 3750.0 1.19873
950.0 3750.0 1.20105
1050.0 3750.0 1.14425
1150.0 3750.0 1.01361
1250.0 3750.0 0.81882
1350.0 3750.0 0.58933
1450.0 3750.0 0.35967
1550.0 3750.0 0.14546
1650.0 3750.0 -0.01563
1750.0 3750.0 -0.03337
1850.0 3750.0 0.10809
1950.0 3750.0 0.36276
2050.0 3750.0 0.65092
2150.0 3750.0 0.88488
2250.0 3750.0 0.99236
2350.0 3750.0 0.93760
2450.0 3750.0 0.74014
2550.0 3750.0 0.47970
2650.0 3750.0 0.16862
2750.0 3750.0 -0.17279
2850.0 3750.0 -0.45331
2950.0 3750.0 -0.58118
3050.0 3750.0 -0.51073
3150.0 3750.0 -0.26177
3250.0 3750.0 0.08838
3350.0 3750.0 0.44004
3450.0 3750.0 0.73377
3550.0 3750.0 0.98913
3650.0 3750.0 1.14583
3750.0 3750.0 1.13678
3850.0 3750.0 0.94566
3950.0 3750.0 0.60849
4050.0 3750.0 0.20427
4150.0 3750.0 -0.16501
4250.0 3750.0 -0.40531
4350.0 3750.0 -0.47216
4450.0 3750.0 -0.42240
4550.0 3750.0 -0.39391
4650.0 3750.0 -0.45027
4750.0 3750.0 -0.59122
4850.0 3750.0 -0.78130
4950.0 3750.0 -0.97029
5050.0 3750.0 -1.10984
5150.0 3750.0 -1.16639
5250.0 3750.0 -1.13032
5350.0 3750.0 -1.02131
5450.0 3750.0 -0.87944
5550.0 3750.0 -0.66587
5650.0 3750.0 -0.35383
5750.0 3750.0 0.01317
5850.0 3750.0 0.36463
5950.0 3750.0 0.63616
6050.0 3750.0 0.79031
6150.0 3750.0 0.82541
6250.0 3750.0 0.77210
6350.0 3750.0 0.67795
50.0 3850.0 -0.31704
150.0 3850.0 0.23901
250.0 3850.0 0.76928
350.0 3850.0 1.17024
450.0 3850.0 1.37965
550.0 3850.0 1.42096
650.0 3850.0 1.41261
750.0 3850.0 1.37619
850.0 3850.0 1.28696
950.0 3850.0 1.13414
1050.0 3850.0 0.92479
1150.0 3850.0 0.68275
1250.0 3850.0 0.44286
1350.0 3850.0 0.24026
1450.0 3850.0 0.09504
1550.0 3850.0 -0.00742
1650.0 3850.0 -0.06987
1750.0 3850.0 -0.03544
1850.0 3850.0 0.10302
1950.0 3850.0 0.31080
2050.0 3850.0 0.53235
2150.0 3850.0 0.70958
2250.0 3850.0 0.79738
2350.0 3850.0 0.77643
2450.0 3850.0 0.66328
2550.0 3850.0 0.51116
2650.0 3850.0 0.33584
2750.0 3850.0 0.15623
2850.0 3850.0 0.02769
2950.0 3850.0 0.00116
3050.0 3850.0 0.09699
3150.0 3850.0 0.29523
3250.0 3850.0 0.54264
3350.0 3850.0 0.77616
3450.0 3850.0 0.96307
3550.0 3850.0 1.12185
3650.0 3850.0 1.20736
3750.0 3850.0 1.16877
3850.0 3850.0 0.99282
3950.0 3850.0 0.70559
4050.0 3850.0 0.36601
4150.0 3850.0 0.05089
4250.0 3850.0 -0.16837
4350.0 3850.0 -0.25744
4450.0 3850.0 -0.25867
4550.0 3850.0 -0.28022
4650.0 3850.0 -0.37786
4750.0 3850.0 -0.55376
4850.0 3850.0 -0.77857
4950.0 3850.0 -1.00831
5050.0 3850.0 -1.19882
5150.0 3850.0 -1.31748
5250.0 3850.0 -1.35242
5350.0 3850.0 -1.31916
5450.0 3850.0 -1.25334
5550.0 3850.0 -1.10316
5650.0 3850.0 -0.81935
5750.0 3850.0 -0.42781
5850.0 3850.0 0.00500
5950.0 3850.0 0.40200
6050.0 3850.0 0.69879
6150.0 3850.0 0.86027
6250.0 3850.0 0.89068
6350.0 3850.0 0.83708
50.0 3950.0 0.01792
150.0 3950.0 0.50453
250.0 3950.0 0.93951
350.0 3950.0 1.25477
450.0 3950.0 1.41884
550.0 3950.0 1.46106
650.0 3950.0 1.45730
750.0 3950.0 1.37158
850.0 3950.0 1.17227
950.0 3950.0 0.87771
1050.0 3950.0 0.53673
1150.0 3950.0 0.21051
1250.0 3950.0 -0.04433
1350.0 3950.0 -0.19124
1450.0 3950.0 -0.22795
1550.0 3950.0 -0.19883
1650.0 3950.0 -0.14784
1750.0 3950.0 -0.05969
1850.0 3950.0 0.06179
1950.0 3950.0 0.19649
2050.0 3950.0 0.32000
2150.0 3950.0 0.41220
2250.0 3950.0 0.46272
2350.0 3950.0 0.47317
2450.0 3950.0 0.45610
2550.0 3950.0 0.43038
2650.0 3950.0 0.41186
2750.0 3950.0 0.41625
2850.0 3950.0 0.45700
2950.0 3950.0 0.53848
3050.0 3950.0 0.65314
3150.0 3950.0 0.78268
3250.0 3950.0 0.90341
3350.0 3950.0 0.99563
3450.0 3950.0 1.05709
3550.0 3950.0 1.10493
3650.0 3950.0 1.11924
3750.0 3950.0 1.07210
3850.0 3950.0 0.95189
3950.0 3950.0 0.76747
4050.0 3950.0 0.54689
4150.0 3950.0 0.33042
4250.0 3950.0 0.15813
4350.0 3950.0 0.05187
4450.0 3950.0 -0.00811
4550.0 3950.0 -0.08477
4650.0 3950.0 -0.21825
4750.0 3950.0 -0.41238
4850.0 3950.0 -0.64742
4950.0 3950.0 -0.89155
5050.0 3950.0 -1.11102
5150.0 3950.0 -1.27918
5250.0 3950.0 -1.38424
5350.0 3950.0 -1.43582
5450.0 3950.0 -1.45987
5550.0 3950.0 -1.39732
5650.0 3950.0 -1.18221
5750.0 3950.0 -0.81926
5850.0 3950.0 -0.36246
5950.0 3950.0 0.10794
6050.0 3950.0 0.50818
6150.0 3950.0 0.77363
6250.0 3950.0 0.88114
6350.0 3950.0 0.87129
50.0 4050.0 0.33462
150.0 4050.0 0.67835
250.0 4050.0 0.95430
350.0 4050.0 1.13909
450.0 4050.0 1.23558
550.0 4050.0 1.27395
650.0 4050.0 1.27656
750.0 4050.0 1.15533
850.0 4050.0 0.87658
950.0 4050.0 0.48524
1050.0 4050.0 0.06489
1150.0 4050.0 -0.29501
1250.0 4050.0 -0.52451
1350.0 4050.0 -0.59130
1450.0 4050.0 -0.51145
1550.0 4050.0 -0.35260
1650.0 4050.0 -0.19248
1750.0 4050.0 -0.05880
1850.0 4050.0 0.03298
1950.0 4050.0 0.07850
2050.0 4050.0 0.08654
2150.0 4050.0 0.07740
2250.0 4050.0 0.07763
2350.0 4050.0 0.11092
2450.0 4050.0 0.18545
2550.0 4050.0 0.28307
2650.0 4050.0 0.41473
2750.0 4050.0 0.59039
2850.0 4050.0 0.78255
2950.0 4050.0 0.95192
3050.0 4050.0 1.06655
3150.0 4050.0 1.11284
3250.0 4050.0 1.09844
3350.0 4050.0 1.04698
3450.0 4050.0 0.98471
3550.0 4050.0 0.92538
3650.0 4050.0 0.87838
3750.0 4050.0 0.84086
3850.0 4050.0 0.80150
3950.0 4050.0 0.74843
4050.0 4050.0 0.67434
4150.0 4050.0 0.57885
4250.0 4050.0 0.46800
4350.0 4050.0 0.35102
4450.0 4050.0 0.23418
4550.0 4050.0 0.10807
4650.0 4050.0 -0.04410
4750.0 4050.0 -0.22617
4850.0 4050.0 -0.43121
4950.0 4050.0 -0.64555
5050.0 4050.0 -0.85298
5150.0 4050.0 -1.03912
5250.0 4050.0 -1.19575
5350.0 4050.0 -1.32543
5450.0 4050.0 -1.43827
5550.0 4050.0 -1.47414
5650.0 4050.0 -1.35971
5750.0 4050.0 -1.07845
5850.0 4050.0 -0.66486
5950.0 4050.0 -0.19140
6050.0 4050.0 0.25072
6150.0 4050.0 0.57684
6250.0 4050.0 0.74028
6350.0 4050.0 0.76982
50.0 4150.0 0.57869
150.0 4150.0 0.74170
250.0 4150.0 0.83164
350.0 4150.0 0.87017
450.0 4150.0 0.89171
550.0 4150.0 0.92288
650.0 4150.0 0.93261
750.0 4150.0 0.79582
850.0 4150.0 0.48201
950.0 4150.0 0.05582
1050.0 4150.0 -0.37738
1150.0 4150.0 -0.71368
1250.0 4150.0 -0.88070
1350.0 4150.0 -0.85543
1450.0 4150.0 -0.66986
1550.0 4150.0 -0.40439
1650.0 4150.0 -0.15726
1750.0 4150.0 0.00661
1850.0 4150.0 0.06151
1950.0 4150.0 0.01724
2050.0 4150.0 -0.08771
2150.0 4150.0 -0.19695
2250.0 4150.0 -0.25112
2350.0 4150.0 -0.20692
2450.0 4150.0 -0.06019
2550.0 4150.0 0.13741
2650.0 4150.0 0.38692
2750.0 4150.0 0.69009
2850.0 4150.0 0.98620
2950.0 4150.0 1.20299
3050.0 4150.0 1.29258
3150.0 4150.0 1.24936
3250.0 4150.0 1.10978
3350.0 4150.0 0.93404
3450.0 4150.0 0.76972
3550.0 4150.0 0.62404
3650.0 4150.0 0.53231
3750.0 4150.0 0.51373
3850.0 4150.0 0.55641
3950.0 4150.0 0.62919
4050.0 4150.0 0.69287
4150.0 4150.0 0.71091
4250.0 4150.0 0.65961
4350.0 4150.0 0.53767
4450.0 4150.0 0.37500
4550.0 4150.0 0.21405
4650.0 4150.0 0.06647
4750.0 4150.0 -0.06967
4850.0 4150.0 -0.20189
4950.0 4150.0 -0.33893
5050.0 4150.0 -0.48777
5150.0 4150.0 -0.65170
5250.0 4150.0 -0.82972
5350.0 4150.0 -1.01704
5450.0 4150.0 -1.20293
5550.0 4150.0 -1.33083
5650.0 4150.0 -1.32990
5750.0 4150.0 -1.16577
5850.0 4150.0 -0.85024
5950.0 4150.0 -0.43912
6050.0 4150.0 -0.01890
6150.0 4150.0 0.31788
6250.0 4150.0 0.50845
6350.0 4150.0 0.56682
50.0 4250.0 0.71626
150.0 4250.0 0.70861
250.0 4250.0 0.63142
350.0 4250.0 0.54236
450.0 4250.0 0.49904
550.0 4250.0 0.52208
650.0 4250.0 0.53846
750.0 4250.0 0.40635
850.0 4250.0 0.10261
950.0 4250.0 -0.29780
1050.0 4250.0 -0.68272
1150.0 4250.0 -0.94847
1250.0 4250.0 -1.03029
1350.0 4250.0 -0.91744
1450.0 4250.0 -0.65307
1550.0 4250.0 -0.31894
1650.0 4250.0 -0.01853
1750.0 4250.0 0.15750
1850.0 4250.0 0.17616
1950.0 4250.0 0.05757
2050.0 4250.0 -0.13822
2150.0 4250.0 -0.32873
2250.0 4250.0 -0.43099
2350.0 4250.0 -0.38766
2450.0 4250.0 -0.19758
2550.0 4250.0 0.06283
2650.0 4250.0 0.38122
2750.0 4250.0 0.74954
2850.0 4250.0 1.08610
2950.0 4250.0 1.30114
3050.0 4250.0 1.34190
3150.0 4250.0 1.21331
3250.0 4250.0 0.97441
3350.0 4250.0 0.71025
3450.0 4250.0 0.47950
3550.0 4250.0 0.27949
3650.0 4250.0 0.16149
3750.0 4250.0 0.15926
3850.0 4250.0 0.26027
3950.0 4250.0 0.42019
4050.0 4250.0 0.57838
4150.0 4250.0 0.67423
4250.0 4250.0 0.66438
4350.0 4250.0 0.54078
4450.0 4250.0 0.34934
4550.0 4250.0 0.17294
4650.0 4250.0 0.05251
4750.0 4250.0 -0.01035
4850.0 4250.0 -0.03719
4950.0 4250.0 -0.06036
5050.0 4250.0 -0.11235
5150.0 4250.0 -0.21716
5250.0 4250.0 -0.38354
5350.0 4250.0 -0.60011
5450.0 4250.0 -0.83299
5550.0 4250.0 -1.03088
5650.0 4250.0 -1.13275
5750.0 4250.0 -1.09241
5850.0 4250.0 -0.90056
5950.0 4250.0 -0.59243
6050.0 4250.0 -0.24091
6150.0 4250.0 0.06469
6250.0 4250.0 0.25442
6350.0 4250.0 0.32790
50.0 4350.0 0.74748
150.0 4350.0 0.61692
250.0 4350.0 0.42500
350.0 4350.0 0.25104
450.0 4350.0 0.16492
550.0 4350.0 0.18124
650.0 4350.0 0.20285
750.0 4350.0 0.09046
850.0 4350.0 -0.16964
950.0 4350.0 -0.50106
1050.0 4350.0 -0.79760
1150.0 4350.0 -0.96721
1250.0 4350.0 -0.95937
1350.0 4350.0 -0.77604
1450.0 4350.0 -0.46609
1550.0 4350.0 -0.10354
1650.0 4350.0 0.21573
1750.0 4350.0 0.38850
1850.0 4350.0 0.37796
1950.0 4350.0 0.20991
2050.0 4350.0 -0.04395
2150.0 4350.0 -0.28718
2250.0 4350.0 -0.42416
2350.0 4350.0 -0.39018
2450.0 4350.0 -0.18580
2550.0 4350.0 0.09867
2650.0 4350.0 0.43618
2750.0 4350.0 0.80838
2850.0 4350.0 1.12549
2950.0 4350.0 1.29557
3050.0 4350.0 1.27114
3150.0 4350.0 1.06898
3250.0 4350.0 0.76303
3350.0 4350.0 0.45050
3450.0 4350.0 0.19107
3550.0 4350.0 -0.03040
3650.0 4350.0 -0.15964
3750.0 4350.0 -0.15740
3850.0 4350.0 -0.03637
3950.0 4350.0 0.15440
4050.0 4350.0 0.34642
4150.0 4350.0 0.47015
4250.0 4350.0 0.47489
4350.0 4350.0 0.34997
4450.0 4350.0 0.14730
4550.0 4350.0 -0.02636
4650.0 4350.0 -0.10380
4750.0 4350.0 -0.07884
4850.0 4350.0 0.01478
4950.0 4350.0 0.12302
5050.0 4350.0 0.18882
5150.0 4350.0 0.16739
5250.0 4350.0 0.03917
5350.0 4350.0 -0.17925
5450.0 4350.0 -0.43142
5550.0 4350.0 -0.67000
5650.0 4350.0 -0.84701
5750.0 4350.0 -0.91107
5850.0 4350.0 -0.83705
5950.0 4350.0 -0.64074
6050.0 4350.0 -0.37780
6150.0 4350.0 -0.12704
6250.0 4350.0 0.04214
6350.0 4350.0 0.11801
50.0 4450.0 0.71737
150.0 4450.0 0.50643
250.0 4450.0 0.24340
350.0 4450.0 0.01881
450.0 4450.0 -0.09249
550.0 4450.0 -0.08105
650.0 4450.0 -0.05530
750.0 4450.0 -0.14137
850.0 4450.0 -0.34328
950.0 4450.0 -0.58807
1050.0 4450.0 -0.78195
1150.0 4450.0 -0.84963
1250.0 4450.0 -0.75724
1350.0 4450.0 -0.51857
1450.0 4450.0 -0.18475
1550.0 4450.0 0.18218
1650.0 4450.0 0.50022
1750.0 4450.0 0.66189
1850.0 4450.0 0.62878
1950.0 4450.0 0.42937
2050.0 4450.0 0.14061
2150.0 4450.0 -0.13482
2250.0 4450.0 -0.29584
2350.0 4450.0 -0.27459
2450.0 4450.0 -0.07252
2550.0 4450.0 0.21323
2650.0 4450.0 0.54112
2750.0 4450.0 0.88271
2850.0 4450.0 1.14765
2950.0 4450.0 1.25050
3050.0 4450.0 1.15456
3150.0 4450.0 0.88861
3250.0 4450.0 0.53659
3350.0 4450.0 0.20021
3450.0 4450.0 -0.06551
3550.0 4450.0 -0.28945
3650.0 4450.0 -0.42276
3750.0 4450.0 -0.42667
3850.0 4450.0 -0.31336
3950.0 4450.0 -0.13087
4050.0 4450.0 0.05346
4150.0 4450.0 0.17105
4250.0 4450.0 0.17172
4350.0 4450.0 0.04469
4450.0 4450.0 -0.15882
4550.0 4450.0 -0.31972
4650.0 4450.0 -0.34776
4750.0 4450.0 -0.23197
4850.0 4450.0 -0.01645
4950.0 4450.0 0.22526
5050.0 4450.0 0.41355
5150.0 4450.0 0.48400
5250.0 4450.0 0.40635
5350.0 4450.0 0.20132
5450.0 4450.0 -0.05360
5550.0 4450.0 -0.31314
5650.0 4450.0 -0.54263
5750.0 4450.0 -0.68947
5850.0 4450.0 -0.71718
5950.0 4450.0 -0.62488
6050.0 4450.0 -0.45107
6150.0 4450.0 -0.26140
6250.0 4450.0 -0.12076
6350.0 4450.0 -0.04939
50.0 4550.0 0.63341
150.0 4550.0 0.34371
250.0 4550.0 0.01711
350.0 4550.0 -0.24761
450.0 4550.0 -0.37427
550.0 4550.0 -0.36056
650.0 4550.0 -0.32392
750.0 4550.0 -0.37460
850.0 4550.0 -0.50850
950.0 4550.0 -0.65984
1050.0 4550.0 -0.75037
1150.0 4550.0 -0.72282
1250.0 4550.0 -0.55874
1350.0 4550.0 -0.28062
1450.0 4550.0 0.06161
1550.0 4550.0 0.41924
1650.0 4550.0 0.72400
1750.0 4550.0 0.86723
1850.0 4550.0 0.81130
1950.0 4550.0 0.58774
2050.0 4550.0 0.27703
2150.0 4550.0 -0.01546
2250.0 4550.0 -0.18747
2350.0 4550.0 -0.17169
2450.0 4550.0 0.02842
2550.0 4550.0 0.31246
2650.0 4550.0 0.62743
2750.0 4550.0 0.93498
2850.0 4550.0 1.14451
2950.0 4550.0 1.17748
3050.0 4550.0 1.00813
3150.0 4550.0 0.67720
3250.0 4550.0 0.27833
3350.0 4550.0 -0.08263
3450.0 4550.0 -0.35560
3550.0 4550.0 -0.58339
3650.0 4550.0 -0.72330
3750.0 4550.0 -0.73562
3850.0 4550.0 -0.62962
3950.0 4550.0 -0.45051
4050.0 4550.0 -0.26408
4150.0 4550.0 -0.13912
4250.0 4550.0 -0.12768
4350.0 4550.0 -0.24301
4450.0 4550.0 -0.43510
4550.0 4550.0 -0.57262
4650.0 4550.0 -0.54524
4750.0 4550.0 -0.33897
4850.0 4550.0 -0.00817
4950.0 4550.0 0.35604
5050.0 4550.0 0.65473
5150.0 4550.0 0.80756
5250.0 4550.0 0.77646
5350.0 4550.0 0.58685
5450.0 4550.0 0.33383
5550.0 4550.0 0.05771
5650.0 4550.0 -0.22158
5750.0 4550.0 -0.45179
5850.0 4550.0 -0.58591
5950.0 4550.0 -0.60602
6050.0 4550.0 -0.53179
6150.0 4550.0 -0.41346
6250.0 4550.0 -0.30930
6350.0 4550.0 -0.24767
50.0 4650.0 0.42772
150.0 4650.0 0.06135
250.0 4650.0 -0.31194
350.0 4650.0 -0.59172
450.0 4650.0 -0.70887
550.0 4650.0 -0.67334
650.0 4650.0 -0.60748
750.0 4650.0 -0.60150
850.0 4650.0 -0.64843
950.0 4650.0 -0.69806
1050.0 4650.0 -0.69383
1150.0 4650.0 -0.59733
1250.0 4650.0 -0.40053
1350.0 4650.0 -0.12562
1450.0 4650.0 0.18738
1550.0 4650.0 0.50481
1650.0 4650.0 0.76883
1750.0 4650.0 0.87563
1850.0 4650.0 0.79420
1950.0 4650.0 0.56100
2050.0 4650.0 0.25700
2150.0 4650.0 -0.01710
2250.0 4650.0 -0.16767
2350.0 4650.0 -0.13689
2450.0 4650.0 0.06663
2550.0 4650.0 0.34701
2650.0 4650.0 0.64929
2750.0 4650.0 0.92672
2850.0 4650.0 1.08744
2950.0 4650.0 1.05753
3050.0 4650.0 0.81993
3150.0 4650.0 0.42566
3250.0 4650.0 -0.02252
3350.0 4650.0 -0.41409
3450.0 4650.0 -0.70237
3550.0 4650.0 -0.94312
3650.0 4650.0 -1.09998
3750.0 4650.0 -1.12739
3850.0 4650.0 -1.02517
3950.0 4650.0 -0.83145
4050.0 4650.0 -0.61080
4150.0 4650.0 -0.43728
4250.0 4650.0 -0.37266
4350.0 4650.0 -0.43962
4450.0 4650.0 -0.58982
4550.0 4650.0 -0.67880
4650.0 4650.0 -0.58508
4750.0 4650.0 -0.29693
4850.0 4650.0 0.12162
4950.0 4650.0 0.56793
5050.0 4650.0 0.93368
5150.0 4650.0 1.13380
5250.0 4650.0 1.13116
5350.0 4650.0 0.95725
5450.0 4650.0 0.71458
5550.0 4650.0 0.43110
5650.0 4650.0 0.10999
5750.0 4650.0 -0.20014
5850.0 4650.0 -0.44424
5950.0 4650.0 -0.58773
6050.0 4650.0 -0.62945
6150.0 4650.0 -0.60036
6250.0 4650.0 -0.54820
6350.0 4650.0 -0.50799
50.0 4750.0 0.09916
150.0 4750.0 -0.32135
250.0 4750.0 -0.70452
350.0 4750.0 -0.95840
450.0 4750.0 -1.03163
550.0 4750.0 -0.95085
650.0 4750.0 -0.83552
750.0 4750.0 -0.75246
850.0 4750.0 -0.69908
950.0 4750.0 -0.64973
1050.0 4750.0 -0.57473
1150.0 4750.0 -0.45313
1250.0 4750.0 -0.27932
1350.0 4750.0 -0.06339
1450.0 4750.0 0.17472
1550.0 4750.0 0.41664
1650.0 4750.0 0.60884
1750.0 4750.0 0.65898
1850.0 4750.0 0.54931
1950.0 4750.0 0.32330
2050.0 4750.0 0.05893
2150.0 4750.0 -0.15619
2250.0 4750.0 -0.24827
2350.0 4750.0 -0.17907
2450.0 4750.0 0.03398
2550.0 4750.0 0.30872
2650.0 4750.0 0.60132
2750.0 4750.0 0.86071
2850.0 4750.0 0.99246
2950.0 4750.0 0.92318
3050.0 4750.0 0.63932
3150.0 4750.0 0.19763
3250.0 4750.0 -0.29283
3350.0 4750.0 -0.71704
3450.0 4750.0 -1.02887
3550.0 4750.0 -1.29344
3650.0 4750.0 -1.48220
3750.0 4750.0 -1.53926
3850.0 4750.0 -1.44697
3950.0 4750.0 -1.23018
4050.0 4750.0 -0.95059
4150.0 4750.0 -0.69130
4250.0 4750.0 -0.53143
4350.0 4750.0 -0.51081
4450.0 4750.0 -0.58484
4550.0 4750.0 -0.59876
4650.0 4750.0 -0.43374
4750.0 4750.0 -0.08703
4850.0 4750.0 0.36991
4950.0 4750.0 0.83261
5050.0 4750.0 1.19798
5150.0 4750.0 1.39180
5250.0 4750.0 1.38938
5350.0 4750.0 1.22930
5450.0 4750.0 1.00693
5550.0 4750.0 0.73172
5650.0 4750.0 0.39155
5750.0 4750.0 0.02741
5850.0 4750.0 -0.30342
5950.0 4750.0 -0.55462
6050.0 4750.0 -0.70654
6150.0 4750.0 -0.77019
6250.0 4750.0 -0.77964
6350.0 4750.0 -0.77272
50.0 4850.0 -0.30287
150.0 4850.0 -0.73537
250.0 4850.0 -1.07859
350.0 4850.0 -1.26006
450.0 4850.0 -1.25565
550.0 4850.0 -1.11040
650.0 4850.0 -0.93106
750.0 4850.0 -0.76014
850.0 4850.0 -0.60661
950.0 4850.0 -0.47547
1050.0 4850.0 -0.36560
1150.0 4850.0 -0.26951
1250.0 4850.0 -0.17507
1350.0 4850.0 -0.06934
1450.0 4850.0 0.05574
1550.0 4850.0 0.19519
1650.0 4850.0 0.29222
1750.0 4850.0 0.27069
1850.0 4850.0 0.13110
1950.0 4850.0 -0.07456
2050.0 4850.0 -0.27395
2150.0 4850.0 -0.39903
2250.0 4850.0 -0.40435
2350.0 4850.0 -0.27890
2450.0 4850.0 -0.05164
2550.0 4850.0 0.21617
2650.0 4850.0 0.50486
2750.0 4850.0 0.76483
2850.0 4850.0 0.89810
2950.0 4850.0 0.82658
3050.0 4850.0 0.53322
3150.0 4850.0 0.07368
3250.0 4850.0 -0.44143
3350.0 4850.0 -0.89383
3450.0 4850.0 -1.23426
3550.0 4850.0 -1.53147
3650.0 4850.0 -1.76741
3750.0 4850.0 -1.87380
3850.0 4850.0 -1.80888
3950.0 4850.0 -1.57758
4050.0 4850.0 -1.23505
4150.0 4850.0 -0.87388
4250.0 4850.0 -0.59461
4350.0 4850.0 -0.45988
4450.0 4850.0 -0.43223
4550.0 4850.0 -0.35369
4650.0 4850.0 -0.12295
4750.0 4850.0 0.24782
4850.0 4850.0 0.68325
4950.0 4850.0 1.08797
5050.0 4850.0 1.37926
5150.0 4850.0 1.50916
5250.0 4850.0 1.47605
5350.0 4850.0 1.32563
5450.0 4850.0 1.13147
5550.0 4850.0 0.88282
5650.0 4850.0 0.55789
5750.0 4850.0 0.18678
5850.0 4850.0 -0.17910
5950.0 4850.0 -0.49097
6050.0 4850.0 -0.71835
6150.0 4850.0 -0.85634
6250.0 4850.0 -0.92465
6350.0 4850.0 -0.95819
50.0 4950.0 -0.70696
150.0 4950.0 -1.10137
250.0 4950.0 -1.35581
350.0 4950.0 -1.42605
450.0 4950.0 -1.32070
550.0 4950.0 -1.10156
650.0 4950.0 -0.85360
750.0 4950.0 -0.59699
850.0 4950.0 -0.35720
950.0 4950.0 -0.17129
1050.0 4950.0 -0.06431
1150.0 4950.0 -0.03667
1250.0 4950.0 -0.06248
1350.0 4950.0 -0.09889
1450.0 4950.0 -0.10634
1550.0 4950.0 -0.08005
1650.0 4950.0 -0.08694
1750.0 4950.0 -0.18555
1850.0 4950.0 -0.35519
1950.0 4950.0 -0.53484
2050.0 4950.0 -0.65894
2150.0 4950.0 -0.68156
2250.0 4950.0 -0.58889
2350.0 4950.0 -0.40016
2450.0 4950.0 -0.15683
2550.0 4950.0 0.10391
2650.0 4950.0 0.39559
2750.0 4950.0 0.67609
2850.0 4950.0 0.84342
2950.0 4950.0 0.81005
3050.0 4950.0 0.54846
3150.0 4950.0 0.10610
3250.0 4950.0 -0.41031
3350.0 4950.0 -0.88108
3450.0 4950.0 -1.25050
3550.0 4950.0 -1.58455
3650.0 4950.0 -1.87891
3750.0 4950.0 -2.05388
3850.0 4950.0 -2.04024
3950.0 4950.0 -1.81789
4050.0 4950.0 -1.43072
4150.0 4950.0 -0.97767
4250.0 4950.0 -0.58008
4350.0 4950.0 -0.32520
4450.0 4950.0 -0.18665
4550.0 4950.0 -0.01251
4650.0 4950.0 0.26924
4750.0 4950.0 0.62803
4850.0 4950.0 0.98851
4950.0 4950.0 1.27337
5050.0 4950.0 1.43165
5150.0 4950.0 1.45243
5250.0 4950.0 1.36386
5350.0 4950.0 1.21776
5450.0 4950.0 1.05542
5550.0 4950.0 0.84907
5650.0 4950.0 0.57560
5750.0 4950.0 0.25261
5850.0 4950.0 -0.08247
5950.0 4950.0 -0.38950
6050.0 4950.0 -0.63801
6150.0 4950.0 -0.81490
6250.0 4950.0 -0.92750
6350.0 4950.0 -1.00186
50.0 5050.0 -1.04324
150.0 5050.0 -1.35766
250.0 5050.0 -1.49097
350.0 5050.0 -1.43090
450.0 5050.0 -1.21875
550.0 5050.0 -0.92878
650.0 5050.0 -0.61874
750.0 5050.0 -0.29045
850.0 5050.0 0.01280
950.0 5050.0 0.22552
1050.0 5050.0 0.30204
1150.0 5050.0 0.23928
1250.0 5050.0 0.08032
1350.0 5050.0 -0.10132
1450.0 5050.0 -0.23657
1550.0 5050.0 -0.31500
1650.0 5050.0 -0.41763
1750.0 5050.0 -0.58770
1850.0 5050.0 -0.78598
1950.0 5050.0 -0.94304
2050.0 5050.0 -0.99934
2150.0 5050.0 -0.92906
2250.0 5050.0 -0.74729
2350.0 5050.0 -0.50093
2450.0 5050.0 -0.24299
2550.0 5050.0 0.01164
2650.0 5050.0 0.31213
2750.0 5050.0 0.62808
2850.0 5050.0 0.85371
2950.0 5050.0 0.88924
3050.0 5050.0 0.69200
3150.0 5050.0 0.29603
3250.0 5050.0 -0.20018
3350.0 5050.0 -0.67745
3450.0 5050.0 -1.07156
3550.0 5050.0 -1.44087
3650.0 5050.0 -1.79742
3750.0 5050.0 -2.05372
3850.0 5050.0 -2.11394
3950.0 5050.0 -1.93104
4050.0 5050.0 -1.53330
4150.0 5050.0 -1.02054
4250.0 5050.0 -0.52978
4350.0 5050.0 -0.17054
4450.0 5050.0 0.06944
4550.0 5050.0 0.32752
4650.0 5050.0 0.64138
4750.0 5050.0 0.96209
4850.0 5050.0 1.21734
4950.0 5050.0 1.35219
5050.0 5050.0 1.35155
5150.0 5050.0 1.24434
5250.0 5050.0 1.08936
5350.0 5050.0 0.94281
5450.0 5050.0 0.81058
5550.0 5050.0 0.65480
5650.0 5050.0 0.45939
5750.0 5050.0 0.22996
5850.0 5050.0 -0.01563
5950.0 5050.0 -0.25516
6050.0 5050.0 -0.46869
6150.0 5050.0 -0.64374
6250.0 5050.0 -0.77924
6350.0 5050.0 -0.88802
50.0 5150.0 -1.26201
150.0 5150.0 -1.47673
250.0 5150.0 -1.48410
350.0 5150.0 -1.30125
450.0 5150.0 -0.99634
550.0 5150.0 -0.65046
650.0 5150.0 -0.29419
750.0 5150.0 0.08416
850.0 5150.0 0.42640
950.0 5150.0 0.64617
1050.0 5150.0 0.68417
1150.0 5150.0 0.53791
1250.0 5150.0 0.26594
1350.0 5150.0 -0.03331
1450.0 5150.0 -0.26824
1550.0 5150.0 -0.42599
1650.0 5150.0 -0.60146
1750.0 5150.0 -0.82783
1850.0 5150.0 -1.05222
1950.0 5150.0 -1.19832
2050.0 5150.0 -1.21022
2150.0 5150.0 -1.07611
2250.0 5150.0 -0.83190
2350.0 5150.0 -0.54477
2450.0 5150.0 -0.27663
2550.0 5150.0 -0.02629
2650.0 5150.0 0.28580
2750.0 5150.0 0.64203
2850.0 5150.0 0.93371
2950.0 5150.0 1.04886
3050.0 5150.0 0.92889
3150.0 5150.0 0.59292
3250.0 5150.0 0.12947
3350.0 5150.0 -0.34419
3450.0 5150.0 -0.75530
3550.0 5150.0 -1.15282
3650.0 5150.0 -1.56640
3750.0 5150.0 -1.90588
3850.0 5150.0 -2.05381
3950.0 5150.0 -1.93804
4050.0 5150.0 -1.56891
4150.0 5150.0 -1.04085
4250.0 5150.0 -0.49865
4350.0 5150.0 -0.06808
4450.0 5150.0 0.24769
4550.0 5150.0 0.56660
4650.0 5150.0 0.89555
4750.0 5150.0 1.17089
4850.0 5150.0 1.32446
4950.0 5150.0 1.32171
5050.0 5150.0 1.17870
5150.0 5150.0 0.95800
5250.0 5150.0 0.74344
5350.0 5150.0 0.59383
5450.0 5150.0 0.48506
5550.0 5150.0 0.37773
5650.0 5150.0 0.26837
5750.0 5150.0 0.15308
5850.0 5150.0 0.02907
5950.0 5150.0 -0.10382
6050.0 5150.0 -0.24286
6150.0 5150.0 -0.38326
6250.0 5150.0 -0.52023
6350.0 5150.0 -0.65222
50.0 5250.0 -1.34746
150.0 5250.0 -1.47029
250.0 5250.0 -1.37551
350.0 5250.0 -1.10155
450.0 5250.0 -0.73363
550.0 5250.0 -0.35424
650.0 5250.0 0.02772
750.0 5250.0 0.43314
850.0 5250.0 0.79516
950.0 5250.0 1.01591
1050.0 5250.0 1.02892
1150.0 5250.0 0.83259
1250.0 5250.0 0.49470
1350.0 5250.0 0.12796
1450.0 5250.0 -0.16337
1550.0 5250.0 -0.36550
1650.0 5250.0 -0.58282
1750.0 5250.0 -0.84525
1850.0 5250.0 -1.09280
1950.0 5250.0 -1.24442
2050.0 5250.0 -1.24437
2150.0 5250.0 -1.08654
2250.0 5250.0 -0.81655
2350.0 5250.0 -0.51183
2450.0 5250.0 -0.23955
2550.0 5250.0 0.00863
2650.0 5250.0 0.33133
2750.0 5250.0 0.72135
2850.0 5250.0 1.06832
2950.0 5250.0 1.25099
3050.0 5250.0 1.19814
3150.0 5250.0 0.91653
3250.0 5250.0 0.48599
3350.0 5250.0 0.02145
3450.0 5250.0 -0.39782
3550.0 5250.0 -0.81313
3650.0 5250.0 -1.27118
3750.0 5250.0 -1.68442
3850.0 5250.0 -1.92132
3950.0 5250.0 -1.88979
4050.0 5250.0 -1.58234
4150.0 5250.0 -1.08293
4250.0 5250.0 -0.53554
4350.0 5250.0 -0.07438
4450.0 5250.0 0.28288
4550.0 5250.0 0.63476
4650.0 5250.0 0.96848
4750.0 5250.0 1.21180
4850.0 5250.0 1.29964
4950.0 5250.0 1.21023
5050.0 5250.0 0.97869
5150.0 5250.0 0.68780
5250.0 5250.0 0.43617
5350.0 5250.0 0.28376
5450.0 5250.0 0.18882
5550.0 5250.0 0.11814
5650.0 5250.0 0.08214
5750.0 5250.0 0.07117
5850.0 5250.0 0.06543
5950.0 5250.0 0.04401
6050.0 5250.0 -0.00862
6150.0 5250.0 -0.09867
6250.0 5250.0 -0.22176
6350.0 5250.0 -0.36414
50.0 5350.0 -1.32654
150.0 5350.0 -1.38290
250.0 5350.0 -1.22358
350.0 5350.0 -0.89853
450.0 5350.0 -0.50010
550.0 5350.0 -0.10856
650.0 5350.0 0.28106
750.0 5350.0 0.69614
850.0 5350.0 1.06807
950.0 5350.0 1.29538
1050.0 5350.0 1.30863
1150.0 5350.0 1.10524
1250.0 5350.0 0.75443
1350.0 5350.0 0.37218
1450.0 5350.0 0.06623
1550.0 5350.0 -0.14849
1650.0 5350.0 -0.37978
1750.0 5350.0 -0.66014
1850.0 5350.0 -0.92847
1950.0 5350.0 -1.10082
2050.0 5350.0 -1.11852
2150.0 5350.0 -0.97351
2250.0 5350.0 -0.71108
2350.0 5350.0 -0.40983
2450.0 5350.0 -0.13893
2550.0 5350.0 0.10884
2650.0 5350.0 0.43872
2750.0 5350.0 0.84972
2850.0 5350.0 1.23094
2950.0 5350.0 1.45603
3050.0 5350.0 1.44637
3150.0 5350.0 1.20120
3250.0 5350.0 0.79469
3350.0 5350.0 0.33987
3450.0 5350.0 -0.08040
3550.0 5350.0 -0.50362
3650.0 5350.0 -0.99189
3750.0 5350.0 -1.46403
3850.0 5350.0 -1.78171
3950.0 5350.0 -1.83893
4050.0 5350.0 -1.61234
4150.0 5350.0 -1.17254
4250.0 5350.0 -0.65617
4350.0 5350.0 -0.19900
4450.0 5350.0 0.16902
4550.0 5350.0 0.53060
4650.0 5350.0 0.86656
4750.0 5350.0 1.10229
4850.0 5350.0 1.17341
4950.0 5350.0 1.06149
5050.0 5350.0 0.80671
5150.0 5350.0 0.49730
5250.0 5350.0 0.23595
5350.0 5350.0 0.08300
5450.0 5350.0 -0.00713
5550.0 5350.0 -0.05654
5650.0 5350.0 -0.04317
5750.0 5350.0 0.02125
5850.0 5350.0 0.10584
5950.0 5350.0 0.17453
6050.0 5350.0 0.19687
6150.0 5350.0 0.15596
6250.0 5350.0 0.05333
6350.0 5350.0 -0.08915
50.0 5450.0 -1.26952
150.0 5450.0 -1.27325
250.0 5450.0 -1.06781
350.0 5450.0 -0.71028
450.0 5450.0 -0.29603
550.0 5450.0 0.09818
650.0 5450.0 0.48762
750.0 5450.0 0.90564
850.0 5450.0 1.28496
950.0 5450.0 1.52365
1050.0 5450.0 1.55050
1150.0 5450.0 1.36058
1250.0 5450.0 1.02081
1350.0 5450.0 0.64551
1450.0 5450.0 0.34211
1550.0 5450.0 0.12719
1650.0 5450.0 -0.10717
1750.0 5450.0 -0.39815
1850.0 5450.0 -0.68596
1950.0 5450.0 -0.88470
2050.0 5450.0 -0.93174
2150.0 5450.0 -0.81424
2250.0 5450.0 -0.57320
2350.0 5450.0 -0.28467
2450.0 5450.0 -0.01842
2550.0 5450.0 0.22845
2650.0 5450.0 0.56223
2750.0 5450.0 0.98620
2850.0 5450.0 1.38991
2950.0 5450.0 1.64436
3050.0 5450.0 1.66633
3150.0 5450.0 1.44981
3250.0 5450.0 1.06443
3350.0 5450.0 0.62107
3450.0 5450.0 0.20450
3550.0 5450.0 -0.22061
3650.0 5450.0 -0.73050
3750.0 5450.0 -1.25197
3850.0 5450.0 -1.64347
3950.0 5450.0 -1.78824
4050.0 5450.0 -1.64838
4150.0 5450.0 -1.28006
4250.0 5450.0 -0.80977
4350.0 5450.0 -0.37151
4450.0 5450.0 -0.00621
4550.0 5450.0 0.35467
4650.0 5450.0 0.69124
4750.0 5450.0 0.92940
4850.0 5450.0 1.00473
4950.0 5450.0 0.89827
5050.0 5450.0 0.64927
5150.0 5450.0 0.34492
5250.0 5450.0 0.08704
5350.0 5450.0 -0.06413
5450.0 5450.0 -0.15216
5550.0 5450.0 -0.18672
5650.0 5450.0 -0.13584
5750.0 5450.0 -0.01189
5850.0 5450.0 0.14630
5950.0 5450.0 0.29076
6050.0 5450.0 0.37857
6150.0 5450.0 0.38317
6250.0 5450.0 0.30256
6350.0 5450.0 0.16462
50.0 5550.0 -1.23636
150.0 5550.0 -1.18044
250.0 5550.0 -0.92537
350.0 5550.0 -0.53674
450.0 5550.0 -0.11285
550.0 5550.0 0.27464
650.0 5550.0 0.65390
750.0 5550.0 1.06596
850.0 5550.0 1.44645
950.0 5550.0 1.69402
1050.0 5550.0 1.73586
1150.0 5550.0 1.56362
1250.0 5550.0 1.23987
1350.0 5550.0 0.87500
1450.0 5550.0 0.57457
1550.0 5550.0 0.35740
1650.0 5550.0 0.11930
1750.0 5550.0 -0.17894
1850.0 5550.0 -0.47985
1950.0 5550.0 -0.69843
2050.0 5550.0 -0.77098
2150.0 5550.0 -0.68190
2250.0 5550.0 -0.46834
2350.0 5550.0 -0.20283
2450.0 5550.0 0.04623
2550.0 5550.0 0.27888
2650.0 5550.0 0.60088
2750.0 5550.0 1.02190
2850.0 5550.0 1.43804
2950.0 5550.0 1.72324
3050.0 5550.0 1.79184
3150.0 5550.0 1.63022
3250.0 5550.0 1.29749
3350.0 5550.0 0.89535
3450.0 5550.0 0.50690
3550.0 5550.0 0.10363
3650.0 5550.0 -0.40053
3750.0 5550.0 -0.94442
3850.0 5550.0 -1.39045
3950.0 5550.0 -1.61669
4050.0 5550.0 -1.57208
4150.0 5550.0 -1.29497
4250.0 5550.0 -0.89473
4350.0 5550.0 -0.49671
4450.0 5550.0 -0.15112
4550.0 5550.0 0.18921
4650.0 5550.0 0.49966
4750.0 5550.0 0.71001
4850.0 5550.0 0.76209
4950.0 5550.0 0.64199
5050.0 5550.0 0.39081
5150.0 5550.0 0.09388
5250.0 5550.0 -0.15152
5350.0 5550.0 -0.28992
5450.0 5550.0 -0.36519
5550.0 5550.0 -0.37585
5650.0 5550.0 -0.28124
5750.0 5550.0 -0.09425
5850.0 5550.0 0.13938
5950.0 5550.0 0.36126
6050.0 5550.0 0.51755
6150.0 5550.0 0.57318
6250.0 5550.0 0.52304
6350.0 5550.0 0.40023
50.0 5650.0 -1.24001
150.0 5650.0 -1.11939
250.0 5650.0 -0.81479
350.0 5650.0 -0.40175
450.0 5650.0 0.01888
550.0 5650.0 0.38278
650.0 5650.0 0.73434
750.0 5650.0 1.12469
850.0 5650.0 1.49496
950.0 5650.0 1.74627
1050.0 5650.0 1.80438
1150.0 5650.0 1.65580
1250.0 5650.0 1.35548
1350.0 5650.0 1.00603
1450.0 5650.0 0.70850
1550.0 5650.0 0.48497
1650.0 5650.0 0.24206
1750.0 5650.0 -0.05567
1850.0 5650.0 -0.35459
1950.0 5650.0 -0.57592
2050.0 5650.0 -0.66103
2150.0 5650.0 -0.59608
2250.0 5650.0 -0.41627
2350.0 5650.0 -0.18942
2450.0 5650.0 0.02094
2550.0 5650.0 0.21560
2650.0 5650.0 0.49610
2750.0 5650.0 0.88072
2850.0 5650.0 1.28303
2950.0 5650.0 1.59092
3050.0 5650.0 1.72178
3150.0 5650.0 1.65205
3250.0 5650.0 1.42116
3350.0 5650.0 1.10968
3450.0 5650.0 0.79194
3550.0 5650.0 0.45300
3650.0 5650.0 0.00593
3750.0 5650.0 -0.50634
3850.0 5650.0 -0.96325
3950.0 5650.0 -1.24895
4050.0 5650.0 -1.30357
4150.0 5650.0 -1.14331
4250.0 5650.0 -0.84957
4350.0 5650.0 -0.52691
4450.0 5650.0 -0.23054
4550.0 5650.0 0.05525
4650.0 5650.0 0.29539
4750.0 5650.0 0.42982
4850.0 5650.0 0.41710
4950.0 5650.0 0.25719
5050.0 5650.0 -0.00329
5150.0 5650.0 -0.28333
5250.0 5650.0 -0.49735
5350.0 5650.0 -0.60251
5450.0 5650.0 -0.64615
5550.0 5650.0 -0.61956
5650.0 5650.0 -0.47751
5750.0 5650.0 -0.23313
5850.0 5650.0 0.06431
5950.0 5650.0 0.35109
6050.0 5650.0 0.56775
6150.0 5650.0 0.67482
6250.0 5650.0 0.66556
6350.0 5650.0 0.57572
50.0 5750.0 -1.26937
150.0 5750.0 -1.09098
250.0 5750.0 -0.74733
350.0 5750.0 -0.32379
450.0 5750.0 0.07734
550.0 5750.0 0.40052
650.0 5750.0 0.70726
750.0 5750.0 1.06037
850.0 5750.0 1.40882
950.0 5750.0 1.65808
1050.0 5750.0 1.73282
1150.0 5750.0 1.61286
1250.0 5750.0 1.34245
1350.0 5750.0 1.01280
1450.0 5750.0 0.71793
1550.0 5750.0 0.48403
1650.0 5750.0 0.23604
1750.0 5750.0 -0.05061
1850.0 5750.0 -0.32722
1950.0 5750.0 -0.52709
2050.0 5750.0 -0.60371
2150.0 5750.0 -0.55094
2250.0 5750.0 -0.40504
2350.0 5750.0 -0.22870
2450.0 5750.0 -0.07693
2550.0 5750.0 0.05641
2650.0 5750.0 0.26355
2750.0 5750.0 0.57123
2850.0 5750.0 0.92116
2950.0 5750.0 1.22757
3050.0 5750.0 1.41894
3150.0 5750.0 1.46237
3250.0 5750.0 1.37082
3350.0 5750.0 1.19311
3450.0 5750.0 0.98658
3550.0 5750.0 0.75403
3650.0 5750.0 0.41851
3750.0 5750.0 0.00015
3850.0 5750.0 -0.41098
3950.0 5750.0 -0.71819
4050.0 5750.0 -0.85968
4150.0 5750.0 -0.82807
4250.0 5750.0 -0.66796
4350.0 5750.0 -0.45156
4450.0 5750.0 -0.23282
4550.0 5750.0 -0.03334
4650.0 5750.0 0.09840
4750.0 5750.0 0.11903
4850.0 5750.0 0.01305
4950.0 5750.0 -0.19900
5050.0 5750.0 -0.46362
5150.0 5750.0 -0.70844
5250.0 5750.0 -0.86760
5350.0 5750.0 -0.91811
5450.0 5750.0 -0.91210
5550.0 5750.0 -0.83963
5650.0 5750.0 -0.65808
5750.0 5750.0 -0.38033
5850.0 5750.0 -0.05338
5950.0 5750.0 0.26244
6050.0 5750.0 0.51114
6150.0 5750.0 0.65592
6250.0 5750.0 0.69096
6350.0 5750.0 0.65028
50.0 5850.0 -1.30264
150.0 5850.0 -1.08562
250.0 5850.0 -0.72255
350.0 5850.0 -0.30655
450.0 5850.0 0.06014
550.0 5850.0 0.33068
650.0 5850.0 0.58161
750.0 5850.0 0.88723
850.0 5850.0 1.20582
950.0 5850.0 1.44840
1050.0 5850.0 1.53888
1150.0 5850.0 1.44962
1250.0 5850.0 1.21236
1350.0 5850.0 0.90475
1450.0 5850.0 0.61215
1550.0 5850.0 0.36528
1650.0 5850.0 0.11301
1750.0 5850.0 -0.15205
1850.0 5850.0 -0.38638
1950.0 5850.0 -0.53983
2050.0 5850.0 -0.58409
2150.0 5850.0 -0.52617
2250.0 5850.0 -0.40691
2350.0 5850.0 -0.28446
2450.0 5850.0 -0.20277
2550.0 5850.0 -0.14588
2650.0 5850.0 -0.03612
2750.0 5850.0 0.15875
2850.0 5850.0 0.41545
2950.0 5850.0 0.68469
3050.0 5850.0 0.91443
3150.0 5850.0 1.06631
3250.0 5850.0 1.12533
3350.0 5850.0 1.10274
3450.0 5850.0 1.03217
3550.0 5850.0 0.93383
3650.0 5850.0 0.75030
3750.0 5850.0 0.47770
3850.0 5850.0 0.16620
3950.0 5850.0 -0.11765
4050.0 5850.0 -0.31802
4150.0 5850.0 -0.40627
4250.0 5850.0 -0.38682
4350.0 5850.0 -0.29240
4450.0 5850.0 -0.16908
4550.0 5850.0 -0.07459
4650.0 5850.0 -0.06957
4750.0 5850.0 -0.17591
4850.0 5850.0 -0.37849
4950.0 5850.0 -0.63429
5050.0 5850.0 -0.88476
5150.0 5850.0 -1.07132
5250.0 5850.0 -1.15425
5350.0 5850.0 -1.13463
5450.0 5850.0 -1.06780
5550.0 5850.0 -0.94936
5650.0 5850.0 -0.74770
5750.0 5850.0 -0.47494
5850.0 5850.0 -0.16893
5950.0 5850.0 0.12358
6050.0 5850.0 0.36083
6150.0 5850.0 0.51699
6250.0 5850.0 0.59019
6350.0 5850.0 0.60760
50.0 5950.0 -1.31735
150.0 5950.0 -1.08717
250.0 5950.0 -0.72751
350.0 5950.0 -0.33588
450.0 5950.0 -0.01294
550.0 5950.0 0.20165
650.0 5950.0 0.39498
750.0 5950.0 0.65106
850.0 5950.0 0.93754
950.0 5950.0 1.17126
1050.0 5950.0 1.27566
1150.0 5950.0 1.21575
1250.0 5950.0 1.01079
1350.0 5950.0 0.72469
1450.0 5950.0 0.43394
1550.0 5950.0 0.17368
1650.0 5950.0 -0.08128
1750.0 5950.0 -0.31737
1850.0 5950.0 -0.49564
1950.0 5950.0 -0.58432
2050.0 5950.0 -0.57651
2150.0 5950.0 -0.49592
2250.0 5950.0 -0.39089
2350.0 5950.0 -0.31646
2450.0 5950.0 -0.30473
2550.0 5950.0 -0.32700
2650.0 5950.0 -0.32395
2750.0 5950.0 -0.26270
2850.0 5950.0 -0.13035
2950.0 5950.0 0.06515
3050.0 5950.0 0.29764
3150.0 5950.0 0.52927
3250.0 5950.0 0.72103
3350.0 5950.0 0.84741
3450.0 5950.0 0.91492
3550.0 5950.0 0.95654
3650.0 5950.0 0.93985
3750.0 5950.0 0.83955
3850.0 5950.0 0.66305
3950.0 5950.0 0.44103
4050.0 5950.0 0.21689
4150.0 5950.0 0.03514
4250.0 5950.0 -0.07136
4350.0 5950.0 -0.09521
4450.0 5950.0 -0.06954
4550.0 5950.0 -0.08045
4650.0 5950.0 -0.19574
4750.0 5950.0 -0.41418
4850.0 5950.0 -0.69118
4950.0 5950.0 -0.96451
5050.0 5950.0 -1.17503
5150.0 5950.0 -1.28243
5250.0 5950.0 -1.27611
5350.0 5950.0 -1.18114
5450.0 5950.0 -1.05232
5550.0 5950.0 -0.89619
5650.0 5950.0 -0.69936
5750.0 5950.0 -0.47273
5850.0 5950.0 -0.23919
5950.0 5950.0 -0.02313
6050.0 5950.0 0.15705
6150.0 5950.0 0.29364
6250.0 5950.0 0.39132
6350.0 5950.0 0.46601
50.0 6050.0 -1.29737
150.0 6050.0 -1.07744
250.0 6050.0 -0.73969
350.0 6050.0 -0.38253
450.0 6050.0 -0.10405
550.0 6050.0 0.06089
650.0 6050.0 0.20449
750.0 6050.0 0.41774
850.0 6050.0 0.67634
950.0 6050.0 0.90219
1050.0 6050.0 1.01833
1150.0 6050.0 0.98349
1250.0 6050.0 0.80619
1350.0 6050.0 0.53851
1450.0 6050.0 0.24931
1550.0 6050.0 -0.02250
1650.0 6050.0 -0.27828
1750.0 6050.0 -0.48355
1850.0 6050.0 -0.60258
1950.0 6050.0 -0.62066
2050.0 6050.0 -0.55167
2150.0 6050.0 -0.43646
2250.0 6050.0 -0.33223
2350.0 6050.0 -0.29274
2450.0 6050.0 -0.33941
2550.0 6050.0 -0.43040
2650.0 6050.0 -0.52582
2750.0 6050.0 -0.59729
2850.0 6050.0 -0.60062
2950.0 6050.0 -0.50426
3050.0 6050.0 -0.30628
3150.0 6050.0 -0.03794
3250.0 6050.0 0.24592
3350.0 6050.0 0.48996
3450.0 6050.0 0.67457
3550.0 6050.0 0.83822
3650.0 6050.0 0.97312
3750.0 6050.0 1.03791
3850.0 6050.0 1.00190
3950.0 6050.0 0.86125
4050.0 6050.0 0.64400
4150.0 6050.0 0.40383
4250.0 6050.0 0.20271
4350.0 6050.0 0.08232
4450.0 6050.0 0.02426
4550.0 6050.0 -0.07430
4650.0 6050.0 -0.28121
4750.0 6050.0 -0.57404
4850.0 6050.0 -0.88530
4950.0 6050.0 -1.14094
5050.0 6050.0 -1.28676
5150.0 6050.0 -1.30303
5250.0 6050.0 -1.20695
5350.0 6050.0 -1.04328
5450.0 6050.0 -0.86157
5550.0 6050.0 -0.68159
5650.0 6050.0 -0.51184
5750.0 6050.0 -0.36177
5850.0 6050.0 -0.23636
5950.0 6050.0 -0.13329
6050.0 6050.0 -0.04293
6150.0 6050.0 0.04872
6250.0 6050.0 0.15422
6350.0 6050.0 0.27601
50.0 6150.0 -1.23696
150.0 6150.0 -1.04112
250.0 6150.0 -0.73344
350.0 6150.0 -0.41070
450.0 6150.0 -0.16824
550.0 6150.0 -0.03870
650.0 6150.0 0.07057
750.0 6150.0 0.25466
850.0 6150.0 0.49501
950.0 6150.0 0.71693
1050.0 6150.0 0.84297
1150.0 6150.0 0.82722
1250.0 6150.0 0.67050
1350.0 6150.0 0.41648
1450.0 6150.0 0.12872
1550.0 6150.0 -0.15103
1650.0 6150.0 -0.40607
1750.0 6150.0 -0.58495
1850.0 6150.0 -0.65359
1950.0 6150.0 -0.61009
2050.0 6150.0 -0.48468
2150.0 6150.0 -0.33243
2250.0 6150.0 -0.21877
2350.0 6150.0 -0.19775
2450.0 6150.0 -0.28311
2550.0 6150.0 -0.42200
2650.0 6150.0 -0.59205
2750.0 6150.0 -0.77314
2850.0 6150.0 -0.89934
2950.0 6150.0 -0.90796
3050.0 6150.0 -0.77167
3150.0 6150.0 -0.51088
3250.0 6150.0 -0.18639
3350.0 6150.0 0.12779
3450.0 6150.0 0.39125
3550.0 6150.0 0.64011
3650.0 6150.0 0.88494
3750.0 6150.0 1.07491
3850.0 6150.0 1.15219
3950.0 6150.0 1.08668
4050.0 6150.0 0.89263
4150.0 6150.0 0.62707
4250.0 6150.0 0.37001
4350.0 6150.0 0.18659
4450.0 6150.0 0.07102
4550.0 6150.0 -0.08420
4650.0 6150.0 -0.33994
4750.0 6150.0 -0.65773
4850.0 6150.0 -0.95719
4950.0 6150.0 -1.16167
5050.0 6150.0 -1.22696
5150.0 6150.0 -1.15322
5250.0 6150.0 -0.98000
5350.0 6150.0 -0.76450
5450.0 6150.0 -0.54673
5550.0 6150.0 -0.35814
5650.0 6150.0 -0.22788
5750.0 6150.0 -0.16404
5850.0 6150.0 -0.15475
5950.0 6150.0 -0.17241
6050.0 6150.0 -0.18093
6150.0 6150.0 -0.14578
6250.0 6150.0 -0.04694
6350.0 6150.0 0.10532
50.0 6250.0 -1.14178
150.0 6250.0 -0.97129
250.0 6250.0 -0.69011
350.0 6250.0 -0.39237
450.0 6250.0 -0.17131
550.0 6250.0 -0.05947
650.0 6250.0 0.03367
750.0 6250.0 0.20499
850.0 6250.0 0.43906
950.0 6250.0 0.66265
1050.0 6250.0 0.79756
1150.0 6250.0 0.79498
1250.0 6250.0 0.65140
1350.0 6250.0 0.40604
1450.0 6250.0 0.11984
1550.0 6250.0 -0.16357
1650.0 6250.0 -0.41703
1750.0 6250.0 -0.57859
1850.0 6250.0 -0.61437
1950.0 6250.0 -0.52952
2050.0 6250.0 -0.36395
2150.0 6250.0 -0.18171
2250.0 6250.0 -0.05411
2350.0 6250.0 -0.03648
2450.0 6250.0 -0.13858
2550.0 6250.0 -0.30067
2650.0 6250.0 -0.51354
2750.0 6250.0 -0.76690
2850.0 6250.0 -0.98441
2950.0 6250.0 -1.08418
3050.0 6250.0 -1.02011
3150.0 6250.0 -0.80029
3250.0 6250.0 -0.48269
3350.0 6250.0 -0.14795
3450.0 6250.0 0.15054
3550.0 6250.0 0.44031
3650.0 6250.0 0.74033
3750.0 6250.0 0.99622
3850.0 6250.0 1.13678
3950.0 6250.0 1.11806
4050.0 6250.0 0.94591
4150.0 6250.0 0.67714
4250.0 6250.0 0.39913
4350.0 6250.0 0.18799
4450.0 6250.0 0.04540
4550.0 6250.0 -0.13168
4650.0 6250.0 -0.39209
4750.0 6250.0 -0.68795
4850.0 6250.0 -0.93655
4950.0 6250.0 -1.06715
5050.0 6250.0 -1.04857
5150.0 6250.0 -0.89767
5250.0 6250.0 -0.66861
5350.0 6250.0 -0.42300
5450.0 6250.0 -0.18862
5550.0 6250.0 -0.00381
5650.0 6250.0 0.08700
5750.0 6250.0 0.07666
5850.0 6250.0 -0.01042
5950.0 6250.0 -0.12790
6050.0 6250.0 -0.22005
6150.0 6250.0 -0.23711
6250.0 6250.0 -0.15348
6350.0 6250.0 0.01114
50.0 6350.0 -1.02687
150.0 6350.0 -0.87541
250.0 6350.0 -0.61170
350.0 6350.0 -0.32742
450.0 6350.0 -0.11463
550.0 6350.0 -0.00680
650.0 6350.0 0.08379
750.0 6350.0 0.25471
850.0 6350.0 0.49174
950.0 6350.0 0.72164
1050.0 6350.0 0.86519
1150.0 6350.0 0.87192
1250.0 6350.0 0.73638
1350.0 6350.0 0.49622
1450.0 6350.0 0.21179
1550.0 6350.0 -0.07210
1650.0 6350.0 -0.32381
1750.0 6350.0 -0.47665
1850.0 6350.0 -0.49609
1950.0 6350.0 -0.38966
2050.0 6350.0 -0.20119
2150.0 6350.0 0.00101
2250.0 6350.0 0.14226
2350.0 6350.0 0.16568
2450.0 6350.0 0.06259
2550.0 6350.0 -0.10417
2650.0 6350.0 -0.33437
2750.0 6350.0 -0.62727
2850.0 6350.0 -0.90456
2950.0 6350.0 -1.07518
3050.0 6350.0 -1.08080
3150.0 6350.0 -0.91782
3250.0 6350.0 -0.63621
3350.0 6350.0 -0.31479
3450.0 6350.0 -0.01338
3550.0 6350.0 0.28387
3650.0 6350.0 0.59551
3750.0 6350.0 0.86720
3850.0 6350.0 1.02509
3950.0 6350.0 1.02187
4050.0 6350.0 0.86071
4150.0 6350.0 0.59720
4250.0 6350.0 0.31922
4350.0 6350.0 0.10468
4450.0 6350.0 -0.04240
4550.0 6350.0 -0.21621
4650.0 6350.0 -0.45137
4750.0 6350.0 -0.69582
4850.0 6350.0 -0.87177
4950.0 6350.0 -0.91959
5050.0 6350.0 -0.82207
5150.0 6350.0 -0.60920
5250.0 6350.0 -0.34330
5350.0 6350.0 -0.08466
5450.0 6350.0 0.15203
5550.0 6350.0 0.32652
5650.0 6350.0 0.38495
5750.0 6350.0 0.32078
5850.0 6350.0 0.16614
5950.0 6350.0 -0.02107
6050.0 6350.0 -0.17297
6150.0 6350.0 -0.23035
6250.0 6350.0 -0.16419
6350.0 6350.0 0.00000
