50.0 50.0 0.00000
150.0 50.0 0.26930
250.0 50.0 0.59640
350.0 50.0 0.96032
450.0 50.0 1.29623
550.0 50.0 1.53210
650.0 50.0 1.61468
750.0 50.0 1.52492
850.0 50.0 1.28269
950.0 50.0 0.94094
1050.0 50.0 0.56927
1150.0 50.0 0.22678
1250.0 50.0 -0.07523
1350.0 50.0 -0.36402
1450.0 50.0 -0.61679
1550.0 50.0 -0.79732
1650.0 50.0 -0.87719
1750.0 50.0 -0.84549
1850.0 50.0 -0.71334
1950.0 50.0 -0.51340
2050.0 50.0 -0.29429
2150.0 50.0 -0.10981
2250.0 50.0 -0.00322
2350.0 50.0 0.01369
2450.0 50.0 -0.01972
2550.0 50.0 -0.11451
2650.0 50.0 -0.31395
2750.0 50.0 -0.59295
2850.0 50.0 -0.88902
2950.0 50.0 -1.13125
3050.0 50.0 -1.26138
3150.0 50.0 -1.24709
3250.0 50.0 -1.08739
3350.0 50.0 -0.81012
3450.0 50.0 -0.46168
3550.0 50.0 -0.08881
3650.0 50.0 0.28993
3750.0 50.0 0.69403
3850.0 50.0 1.09811
3950.0 50.0 1.43807
4050.0 50.0 1.64739
4150.0 50.0 1.68247
4250.0 50.0 1.53708
4350.0 50.0 1.24568
4450.0 50.0 0.87580
4550.0 50.0 0.50931
4650.0 50.0 0.21278
4750.0 50.0 -0.00331
4850.0 50.0 -0.22366
4950.0 50.0 -0.53540
5050.0 50.0 -0.92642
5150.0 50.0 -1.32442
5250.0 50.0 -1.64053
5350.0 50.0 -1.80117
5450.0 50.0 -1.76809
5550.0 50.0 -1.54667
5650.0 50.0 -1.18245
5750.0 50.0 -0.74585
5850.0 50.0 -0.30516
5950.0 50.0 0.11199
6050.0 50.0 0.52208
6150.0 50.0 0.90028
6250.0 50.0 1.19478
6350.0 50.0 1.35653
50.0 150.0 -0.40209
150.0 150.0 -0.13614
250.0 150.0 0.18562
350.0 150.0 0.54165
450.0 150.0 0.86764
550.0 150.0 1.09262
650.0 150.0 1.16465
750.0 150.0 1.06580
850.0 150.0 0.81682
950.0 150.0 0.47102
1050.0 150.0 0.09785
1150.0 150.0 -0.24422
1250.0 150.0 -0.54491
1350.0 150.0 -0.83140
1450.0 150.0 -1.07910
1550.0 150.0 -1.25096
1650.0 150.0 -1.31878
1750.0 150.0 -1.27258
1850.0 150.0 -1.12493
1950.0 150.0 -0.91009
2050.0 150.0 -0.67817
2150.0 150.0 -0.48408
2250.0 150.0 -0.37150
2350.0 150.0 -0.35169
2450.0 150.0 -0.38341
2550.0 150.0 -0.47309
2650.0 150.0 -0.65999
2750.0 150.0 -0.91816
2850.0 150.0 -1.18664
2950.0 150.0 -1.39747
3050.0 150.0 -1.49608
3150.0 150.0 -1.45377
3250.0 150.0 -1.27249
3350.0 150.0 -0.98181
3450.0 150.0 -0.62808
3550.0 150.0 -0.25588
3650.0 150.0 0.12017
3750.0 150.0 0.51957
3850.0 150.0 0.91579
3950.0 150.0 1.24493
4050.0 150.0 1.44151
4150.0 150.0 1.46341
4250.0 150.0 1.30589
4350.0 150.0 1.00468
4450.0 150.0 0.62810
4550.0 150.0 0.25822
4650.0 150.0 -0.03888
4750.0 150.0 -0.25387
4850.0 150.0 -0.46881
4950.0 150.0 -0.75610
5050.0 150.0 -1.09525
5150.0 150.0 -1.41448
5250.0 150.0 -1.63174
5350.0 150.0 -1.68424
5450.0 150.0 -1.54615
5550.0 150.0 -1.23464
5650.0 150.0 -0.80427
5750.0 150.0 -0.32962
5850.0 150.0 0.12370
5950.0 150.0 0.53939
6050.0 150.0 0.93994
6150.0 150.0 1.28866
6250.0 150.0 1.52827
6350.0 150.0 1.61159
50.0 250.0 -0.77429
150.0 250.0 -0.52648
250.0 250.0 -0.22548
350.0 250.0 0.10818
450.0 250.0 0.41321
550.0 250.0 0.62201
650.0 250.0 0.68506
750.0 250.0 0.58532
850.0 250.0 0.34251
950.0 250.0 0.00746
1050.0 250.0 -0.35368
1150.0 250.0 -0.68520
1250.0 250.0 -0.97727
1350.0 250.0 -1.25443
1450.0 250.0 -1.48966
1550.0 250.0 -1.64495
1650.0 250.0 -1.69231
1750.0 250.0 -1.62280
1850.0 250.0 -1.45058
1950.0 250.0 -1.21175
2050.0 250.0 -0.95813
2150.0 250.0 -0.74597
2250.0 250.0 -0.61946
2350.0 250.0 -0.58926
2450.0 250.0 -0.61207
2550.0 250.0 -0.69101
2650.0 250.0 -0.86446
2750.0 250.0 -1.10850
2850.0 250.0 -1.36528
2950.0 250.0 -1.56977
3050.0 250.0 -1.66913
3150.0 250.0 -1.63482
3250.0 250.0 -1.46731
3350.0 250.0 -1.19353
3450.0 250.0 -0.85695
3550.0 250.0 -0.50035
3650.0 250.0 -0.13924
3750.0 250.0 0.24411
3850.0 250.0 0.62412
3950.0 250.0 0.93946
4050.0 250.0 1.12738
4150.0 250.0 1.14756
4250.0 250.0 0.99561
4350.0 250.0 0.70594
4450.0 250.0 0.34420
4550.0 250.0 -0.01081
4650.0 250.0 -0.29569
4750.0 250.0 -0.50159
4850.0 250.0 -0.70380
4950.0 250.0 -0.95814
5050.0 250.0 -1.23713
5150.0 250.0 -1.47193
5250.0 250.0 -1.58974
5350.0 250.0 -1.53997
5450.0 250.0 -1.30920
5550.0 250.0 -0.92495
5650.0 250.0 -0.44822
5750.0 250.0 0.04518
5850.0 250.0 0.49445
5950.0 250.0 0.89434
6050.0 250.0 1.27372
6150.0 250.0 1.58907
6250.0 250.0 1.78077
6350.0 250.0 1.80400
50.0 350.0 -1.06815
150.0 350.0 -0.86022
250.0 350.0 -0.60253
350.0 350.0 -0.31221
450.0 350.0 -0.04375
550.0 350.0 0.14185
650.0 350.0 0.19918
750.0 350.0 0.11144
850.0 350.0 -0.10538
950.0 350.0 -0.40733
1050.0 350.0 -0.73617
1150.0 350.0 -1.04206
1250.0 350.0 -1.31476
1350.0 350.0 -1.57267
1450.0 350.0 -1.78631
1550.0 350.0 -1.91692
1650.0 350.0 -1.93656
1750.0 350.0 -1.83705
1850.0 350.0 -1.63369
1950.0 350.0 -1.36397
2050.0 350.0 -1.08108
2150.0 350.0 -0.84229
2250.0 350.0 -0.69231
2350.0 350.0 -0.64139
2450.0 350.0 -0.64466
2550.0 350.0 -0.70378
2650.0 350.0 -0.86000
2750.0 350.0 -1.09536
2850.0 350.0 -1.35779
2950.0 350.0 -1.58563
3050.0 350.0 -1.72577
3150.0 350.0 -1.74553
3250.0 350.0 -1.63817
3350.0 350.0 -1.42209
3450.0 350.0 -1.13378
3550.0 350.0 -0.81432
3650.0 350.0 -0.48622
3750.0 350.0 -0.13607
3850.0 350.0 0.21430
3950.0 350.0 0.50962
4050.0 350.0 0.69242
4150.0 350.0 0.72499
4250.0 350.0 0.60185
4350.0 350.0 0.35262
4450.0 350.0 0.03546
4550.0 350.0 -0.27904
4650.0 350.0 -0.53342
4750.0 350.0 -0.71857
4850.0 350.0 -0.89753
4950.0 350.0 -1.10812
5050.0 350.0 -1.31840
5150.0 350.0 -1.46617
5250.0 350.0 -1.49092
5350.0 350.0 -1.35557
5450.0 350.0 -1.05823
5550.0 350.0 -0.63370
5650.0 350.0 -0.14492
5750.0 350.0 0.33571
5850.0 350.0 0.75515
5950.0 350.0 1.11804
6050.0 350.0 1.45929
6150.0 350.0 1.73628
6250.0 350.0 1.89181
6350.0 350.0 1.88410
50.0 450.0 -1.23713
150.0 450.0 -1.09088
250.0 450.0 -0.89892
350.0 450.0 -0.67246
450.0 450.0 -0.45546
550.0 450.0 -0.29904
650.0 450.0 -0.24299
750.0 450.0 -0.30456
850.0 450.0 -0.47447
950.0 450.0 -0.72007
1050.0 450.0 -0.99577
1150.0 450.0 -1.26070
1250.0 450.0 -1.50322
1350.0 450.0 -1.73247
1450.0 450.0 -1.91776
1550.0 450.0 -2.02025
1650.0 450.0 -2.01183
1750.0 450.0 -1.88407
1850.0 450.0 -1.65211
1950.0 450.0 -1.35331
2050.0 450.0 -1.04087
2150.0 450.0 -0.77216
2250.0 450.0 -0.59204
2350.0 450.0 -0.51094
2450.0 450.0 -0.48397
2550.0 450.0 -0.51306
2650.0 450.0 -0.64498
2750.0 450.0 -0.87125
2850.0 450.0 -1.14857
2950.0 450.0 -1.41990
3050.0 450.0 -1.63094
3150.0 450.0 -1.74170
3250.0 450.0 -1.73346
3350.0 450.0 -1.61091
3450.0 450.0 -1.39953
3550.0 450.0 -1.13824
3650.0 450.0 -0.86138
3750.0 450.0 -0.56226
3850.0 450.0 -0.25651
3950.0 450.0 0.01004
4050.0 450.0 0.18800
4150.0 450.0 0.24339
4250.0 450.0 0.16862
4350.0 450.0 -0.01455
4450.0 450.0 -0.25992
4550.0 450.0 -0.50985
4650.0 450.0 -0.71613
4750.0 450.0 -0.86890
4850.0 450.0 -1.01446
4950.0 450.0 -1.17267
5050.0 450.0 -1.31062
5150.0 450.0 -1.37645
5250.0 450.0 -1.32434
5350.0 450.0 -1.13105
5450.0 450.0 -0.80403
5550.0 450.0 -0.38112
5650.0 450.0 0.07825
5750.0 450.0 0.51028
5850.0 450.0 0.87238
5950.0 450.0 1.17679
6050.0 450.0 1.46313
6150.0 450.0 1.69775
6250.0 450.0 1.83088
6350.0 450.0 1.82437
50.0 550.0 -1.25402
150.0 550.0 -1.18626
250.0 550.0 -1.07705
350.0 550.0 -0.92964
450.0 550.0 -0.77456
550.0 550.0 -0.65065
650.0 550.0 -0.59102
750.0 550.0 -0.61410
850.0 550.0 -0.71970
950.0 550.0 -0.89007
1050.0 550.0 -1.09599
1150.0 550.0 -1.30791
1250.0 550.0 -1.51187
1350.0 550.0 -1.70594
1450.0 550.0 -1.86053
1550.0 550.0 -1.93796
1650.0 550.0 -1.90954
1750.0 550.0 -1.76515
1850.0 550.0 -1.51754
1950.0 550.0 -1.20160
2050.0 550.0 -0.86829
2150.0 550.0 -0.57349
2250.0 550.0 -0.36162
2350.0 550.0 -0.24413
2450.0 550.0 -0.17866
2550.0 550.0 -0.16858
2650.0 550.0 -0.26675
2750.0 550.0 -0.47650
2850.0 550.0 -0.76594
2950.0 550.0 -1.08464
3050.0 550.0 -1.37760
3150.0 550.0 -1.59655
3250.0 550.0 -1.70833
3350.0 550.0 -1.70069
3450.0 550.0 -1.58522
3550.0 550.0 -1.39759
3650.0 550.0 -1.18610
3750.0 550.0 -0.95248
3850.0 550.0 -0.70473
3950.0 550.0 -0.47669
4050.0 550.0 -0.30732
4150.0 550.0 -0.22560
4250.0 550.0 -0.24150
4350.0 550.0 -0.34294
4450.0 550.0 -0.49874
4550.0 550.0 -0.66760
4650.0 550.0 -0.81311
4750.0 550.0 -0.92470
4850.0 550.0 -1.02947
4950.0 550.0 -1.13136
5050.0 550.0 -1.20019
5150.0 550.0 -1.19729
5250.0 550.0 -1.09264
5350.0 550.0 -0.87580
5450.0 550.0 -0.56046
5550.0 550.0 -0.18272
5650.0 550.0 0.20686
5750.0 550.0 0.55758
5850.0 550.0 0.83921
5950.0 550.0 1.06838
6050.0 550.0 1.28715
6150.0 550.0 1.47751
6250.0 550.0 1.60124
6350.0 550.0 1.62422
50.0 650.0 -1.12093
150.0 650.0 -1.14012
250.0 650.0 -1.12192
350.0 650.0 -1.06044
450.0 650.0 -0.97129
550.0 650.0 -0.87990
650.0 650.0 -0.81234
750.0 650.0 -0.78882
850.0 650.0 -0.81967
950.0 650.0 -0.90401
1050.0 650.0 -1.03097
1150.0 650.0 -1.18347
1250.0 650.0 -1.34460
1350.0 650.0 -1.50109
1450.0 650.0 -1.62757
1550.0 650.0 -1.68894
1650.0 650.0 -1.65554
1750.0 650.0 -1.51379
1850.0 650.0 -1.27153
1950.0 650.0 -0.95827
2050.0 650.0 -0.62010
2150.0 650.0 -0.30947
2250.0 650.0 -0.06966
2350.0 650.0 0.08591
2450.0 650.0 0.19409
2550.0 650.0 0.24965
2650.0 650.0 0.19522
2750.0 650.0 0.01505
2850.0 650.0 -0.27219
2950.0 650.0 -0.62491
3050.0 650.0 -0.98947
3150.0 650.0 -1.31053
3250.0 650.0 -1.54090
3350.0 650.0 -1.65084
3450.0 650.0 -1.63681
3550.0 650.0 -1.52971
3650.0 650.0 -1.39086
3750.0 650.0 -1.23102
3850.0 650.0 -1.05042
3950.0 650.0 -0.86975
4050.0 650.0 -0.71606
4150.0 650.0 -0.61215
4250.0 650.0 -0.56985
4350.0 650.0 -0.58700
4450.0 650.0 -0.64841
4550.0 650.0 -0.73054
4650.0 650.0 -0.81004
4750.0 650.0 -0.87616
4850.0 650.0 -0.93701
4950.0 650.0 -0.98414
5050.0 650.0 -0.99332
5150.0 650.0 -0.94052
5250.0 650.0 -0.81112
5350.0 650.0 -0.60529
5450.0 650.0 -0.33941
5550.0 650.0 -0.04360
5650.0 650.0 0.24470
5750.0 650.0 0.49097
5850.0 650.0 0.67786
5950.0 650.0 0.82305
6050.0 650.0 0.96821
6150.0 650.0 1.11492
6250.0 650.0 1.23894
6350.0 650.0 1.31030
50.0 750.0 -0.87165
150.0 750.0 -0.97641
250.0 750.0 -1.04726
350.0 750.0 -1.06907
450.0 750.0 -1.04273
550.0 750.0 -0.98065
650.0 750.0 -0.90226
750.0 750.0 -0.82982
850.0 750.0 -0.78442
950.0 750.0 -0.78205
1050.0 750.0 -0.83003
1150.0 750.0 -0.92353
1250.0 750.0 -1.04243
1350.0 750.0 -1.16345
1450.0 750.0 -1.26862
1550.0 750.0 -1.32679
1650.0 750.0 -1.30696
1750.0 750.0 -1.19047
1850.0 750.0 -0.97785
1950.0 750.0 -0.69054
2050.0 750.0 -0.36726
2150.0 750.0 -0.05513
2250.0 750.0 0.20441
2350.0 750.0 0.39502
2450.0 750.0 0.54532
2550.0 750.0 0.64858
2650.0 750.0 0.64627
2750.0 750.0 0.51147
2850.0 750.0 0.24891
2950.0 750.0 -0.11071
3050.0 750.0 -0.51801
3150.0 750.0 -0.91389
3250.0 750.0 -1.24013
3350.0 750.0 -1.45165
3450.0 750.0 -1.53041
3550.0 750.0 -1.50092
3650.0 750.0 -1.43380
3750.0 750.0 -1.34825
3850.0 750.0 -1.23794
3950.0 750.0 -1.11076
4050.0 750.0 -0.98156
4150.0 750.0 -0.86614
4250.0 750.0 -0.77697
4350.0 750.0 -0.72050
4450.0 750.0 -0.69629
4550.0 750.0 -0.69768
4650.0 750.0 -0.71424
4750.0 750.0 -0.73590
4850.0 750.0 -0.75447
4950.0 750.0 -0.75337
5050.0 750.0 -0.71643
5150.0 750.0 -0.63403
5250.0 750.0 -0.50512
5350.0 750.0 -0.33770
5450.0 750.0 -0.14765
5550.0 750.0 0.04386
5650.0 750.0 0.21469
5750.0 750.0 0.34748
5850.0 750.0 0.43698
5950.0 750.0 0.49905
6050.0 750.0 0.57226
6150.0 750.0 0.67823
6250.0 750.0 0.80699
6350.0 750.0 0.93251
50.0 850.0 -0.56654
150.0 850.0 -0.74588
250.0 850.0 -0.89399
350.0 850.0 -0.98746
450.0 850.0 -1.01437
550.0 850.0 -0.97587
650.0 850.0 -0.88582
750.0 850.0 -0.76855
850.0 850.0 -0.65472
950.0 850.0 -0.57526
1050.0 850.0 -0.55348
1150.0 850.0 -0.59517
1250.0 850.0 -0.67721
1350.0 850.0 -0.76896
1450.0 850.0 -0.86231
1550.0 850.0 -0.93110
1650.0 850.0 -0.94275
1750.0 850.0 -0.87237
1850.0 850.0 -0.71152
1950.0 850.0 -0.47163
2050.0 850.0 -0.18222
2150.0 850.0 0.11623
2250.0 850.0 0.38468
2350.0 850.0 0.60324
2450.0 850.0 0.79035
2550.0 850.0 0.93894
2650.0 850.0 0.99362
2750.0 850.0 0.91908
2850.0 850.0 0.70680
2950.0 850.0 0.37518
3050.0 850.0 -0.03392
3150.0 850.0 -0.46216
3250.0 850.0 -0.84528
3350.0 850.0 -1.12721
3450.0 850.0 -1.27775
3550.0 850.0 -1.31379
3650.0 850.0 -1.30944
3750.0 850.0 -1.29080
3850.0 850.0 -1.24713
3950.0 850.0 -1.17542
4050.0 850.0 -1.07927
4150.0 850.0 -0.96717
4250.0 850.0 -0.85063
4350.0 850.0 -0.74210
4450.0 850.0 -0.65270
4550.0 850.0 -0.58974
4650.0 850.0 -0.55411
4750.0 850.0 -0.53742
4850.0 850.0 -0.51977
4950.0 850.0 -0.48052
5050.0 850.0 -0.41200
5150.0 850.0 -0.31716
5250.0 850.0 -0.20572
5350.0 850.0 -0.09067
5450.0 850.0 0.01466
5550.0 850.0 0.09902
5650.0 850.0 0.15526
5750.0 850.0 0.18179
5850.0 850.0 0.18357
5950.0 850.0 0.17285
6050.0 850.0 0.18312
6150.0 850.0 0.25292
6250.0 850.0 0.38458
6350.0 850.0 0.55554
50.0 950.0 -0.27983
150.0 950.0 -0.51517
250.0 950.0 -0.72107
350.0 950.0 -0.86778
450.0 950.0 -0.93375
550.0 950.0 -0.91174
650.0 950.0 -0.81155
750.0 950.0 -0.65922
850.0 950.0 -0.49277
950.0 950.0 -0.35448
1050.0 950.0 -0.27973
1150.0 950.0 -0.28227
1250.0 950.0 -0.33660
1350.0 950.0 -0.40814
1450.0 950.0 -0.49996
1550.0 950.0 -0.59124
1650.0 950.0 -0.64779
1750.0 950.0 -0.63814
1850.0 950.0 -0.54422
1950.0 950.0 -0.36677
2050.0 950.0 -0.12543
2150.0 950.0 0.14653
2250.0 950.0 0.41269
2350.0 950.0 0.64942
2450.0 950.0 0.86428
2550.0 950.0 1.05156
2650.0 950.0 1.16347
2750.0 950.0 1.16003
2850.0 950.0 1.02140
2950.0 950.0 0.75324
3050.0 950.0 0.38705
3150.0 950.0 -0.02443
3250.0 950.0 -0.41690
3350.0 950.0 -0.72902
3450.0 950.0 -0.92210
3550.0 950.0 -1.00465
3650.0 950.0 -1.04773
3750.0 950.0 -1.08199
3850.0 950.0 -1.09509
3950.0 950.0 -1.07615
4050.0 950.0 -1.01952
4150.0 950.0 -0.92669
4250.0 950.0 -0.80659
4350.0 950.0 -0.67421
4450.0 950.0 -0.54776
4550.0 950.0 -0.44410
4650.0 950.0 -0.37266
4750.0 950.0 -0.32770
4850.0 950.0 -0.28320
4950.0 950.0 -0.21738
5050.0 950.0 -0.12976
5150.0 950.0 -0.03278
5250.0 950.0 0.05639
5350.0 950.0 0.12195
5450.0 950.0 0.15363
5550.0 950.0 0.14878
5650.0 950.0 0.11238
5750.0 950.0 0.05514
5850.0 950.0 -0.01050
5950.0 950.0 -0.07608
6050.0 950.0 -0.11405
6150.0 950.0 -0.07512
6250.0 950.0 0.05148
6350.0 950.0 0.24606
50.0 1050.0 -0.07940
150.0 1050.0 -0.34839
250.0 1050.0 -0.58890
350.0 1050.0 -0.76735
450.0 1050.0 -0.85638
550.0 1050.0 -0.84377
650.0 1050.0 -0.73693
750.0 1050.0 -0.56297
850.0 1050.0 -0.36442
950.0 1050.0 -0.19041
1050.0 1050.0 -0.08360
1150.0 1050.0 -0.06254
1250.0 1050.0 -0.10023
1350.0 1050.0 -0.16171
1450.0 1050.0 -0.26109
1550.0 1050.0 -0.38263
1650.0 1050.0 -0.49069
1750.0 1050.0 -0.54761
1850.0 1050.0 -0.52627
1950.0 1050.0 -0.41729
2050.0 1050.0 -0.23092
2150.0 1050.0 0.00639
2250.0 1050.0 0.26081
2350.0 1050.0 0.50518
2450.0 1050.0 0.73685
2550.0 1050.0 0.95333
2650.0 1050.0 1.11818
2750.0 1050.0 1.19074
2850.0 1050.0 1.14261
2950.0 1050.0 0.96728
3050.0 1050.0 0.68397
3150.0 1050.0 0.33551
3250.0 1050.0 -0.01949
3350.0 1050.0 -0.32044
3450.0 1050.0 -0.52435
3550.0 1050.0 -0.63131
3650.0 1050.0 -0.70321
3750.0 1050.0 -0.77264
3850.0 1050.0 -0.82852
3950.0 1050.0 -0.85563
4050.0 1050.0 -0.84176
4150.0 1050.0 -0.78228
4250.0 1050.0 -0.68206
4350.0 1050.0 -0.55518
4450.0 1050.0 -0.42197
4550.0 1050.0 -0.30378
4650.0 1050.0 -0.21523
4750.0 1050.0 -0.15401
4850.0 1050.0 -0.09341
4950.0 1050.0 -0.01188
5050.0 1050.0 0.08664
5150.0 1050.0 0.18404
5250.0 1050.0 0.25870
5350.0 1050.0 0.29328
5450.0 1050.0 0.27950
5550.0 1050.0 0.21997
5650.0 1050.0 0.12712
5750.0 1050.0 0.01908
5850.0 1050.0 -0.08727
5950.0 1050.0 -0.18586
6050.0 1050.0 -0.25464
6150.0 1050.0 -0.24157
6250.0 1050.0 -0.13235
6350.0 1050.0 0.05549
50.0 1150.0 0.00091
150.0 1150.0 -0.28107
250.0 1150.0 -0.53498
350.0 1150.0 -0.72576
450.0 1150.0 -0.82382
550.0 1150.0 -0.81499
650.0 1150.0 -0.70575
750.0 1150.0 -0.52361
850.0 1150.0 -0.31280
950.0 1150.0 -0.12511
1050.0 1150.0 -0.00600
1150.0 1150.0 0.02416
1250.0 1150.0 -0.00713
1350.0 1150.0 -0.06742
1450.0 1150.0 -0.18067
1550.0 1150.0 -0.33552
1650.0 1150.0 -0.49514
1750.0 1150.0 -0.61662
1850.0 1150.0 -0.66509
1950.0 1150.0 -0.62251
2050.0 1150.0 -0.49107
2150.0 1150.0 -0.29130
2250.0 1150.0 -0.05481
2350.0 1150.0 0.18827
2450.0 1150.0 0.42664
2550.0 1150.0 0.66262
2650.0 1150.0 0.87356
2750.0 1150.0 1.02149
2850.0 1150.0 1.07226
2950.0 1150.0 1.00845
3050.0 1150.0 0.83610
3150.0 1150.0 0.58524
3250.0 1150.0 0.30428
3350.0 1150.0 0.04819
3450.0 1150.0 -0.13953
3550.0 1150.0 -0.25102
3650.0 1150.0 -0.33448
3750.0 1150.0 -0.42218
3850.0 1150.0 -0.50659
3950.0 1150.0 -0.57137
4050.0 1150.0 -0.60041
4150.0 1150.0 -0.58397
4250.0 1150.0 -0.52200
4350.0 1150.0 -0.42472
4450.0 1150.0 -0.31040
4550.0 1150.0 -0.20038
4650.0 1150.0 -0.11137
4750.0 1150.0 -0.04487
4850.0 1150.0 0.02222
4950.0 1150.0 0.11139
5050.0 1150.0 0.21761
5150.0 1150.0 0.32054
5250.0 1150.0 0.39644
5350.0 1150.0 0.42664
5450.0 1150.0 0.40276
5550.0 1150.0 0.32861
5650.0 1150.0 0.21882
5750.0 1150.0 0.09407
5850.0 1150.0 -0.02688
5950.0 1150.0 -0.13814
6050.0 1150.0 -0.22186
6150.0 1150.0 -0.23090
6250.0 1150.0 -0.15217
6350.0 1150.0 -0.00163
50.0 1250.0 -0.00338
150.0 1250.0 -0.28666
250.0 1250.0 -0.54203
350.0 1250.0 -0.73437
450.0 1250.0 -0.83385
550.0 1250.0 -0.82609
650.0 1250.0 -0.71736
750.0 1250.0 -0.53515
850.0 1250.0 -0.32377
950.0 1250.0 -0.13520
1050.0 1250.0 -0.01513
1150.0 1250.0 0.01584
1250.0 1250.0 -0.01484
1350.0 1250.0 -0.07869
1450.0 1250.0 -0.20846
1550.0 1250.0 -0.39658
1650.0 1250.0 -0.60520
1750.0 1250.0 -0.78693
1850.0 1250.0 -0.90028
1950.0 1250.0 -0.91973
2050.0 1250.0 -0.84052
2150.0 1250.0 -0.67805
2250.0 1250.0 -0.46197
2350.0 1250.0 -0.22494
2450.0 1250.0 0.01434
2550.0 1250.0 0.26391
2650.0 1250.0 0.51579
2750.0 1250.0 0.73650
2850.0 1250.0 0.88787
2950.0 1250.0 0.94256
3050.0 1250.0 0.89336
3150.0 1250.0 0.75624
3250.0 1250.0 0.56729
3350.0 1250.0 0.37327
3450.0 1250.0 0.21614
3550.0 1250.0 0.11119
3650.0 1250.0 0.02599
3750.0 1250.0 -0.07016
3850.0 1250.0 -0.17446
3950.0 1250.0 -0.27124
4050.0 1250.0 -0.34206
4150.0 1250.0 -0.37282
4250.0 1250.0 -0.35816
4350.0 1250.0 -0.30297
4450.0 1250.0 -0.22116
4550.0 1250.0 -0.13161
4650.0 1250.0 -0.05132
4750.0 1250.0 0.01424
4850.0 1250.0 0.08248
4950.0 1250.0 0.17551
5050.0 1250.0 0.28937
5150.0 1250.0 0.40354
5250.0 1250.0 0.49318
5350.0 1250.0 0.53804
5450.0 1250.0 0.52803
5550.0 1250.0 0.46540
5650.0 1250.0 0.36368
5750.0 1250.0 0.24313
5850.0 1250.0 0.12300
5950.0 1250.0 0.01069
6050.0 1250.0 -0.07900
6150.0 1250.0 -0.10834
6250.0 1250.0 -0.06821
6350.0 1250.0 0.02672
50.0 1350.0 0.02583
150.0 1350.0 -0.25663
250.0 1350.0 -0.51314
350.0 1350.0 -0.70925
450.0 1350.0 -0.81486
550.0 1350.0 -0.81465
650.0 1350.0 -0.71371
750.0 1350.0 -0.53830
850.0 1350.0 -0.33175
950.0 1350.0 -0.14543
1050.0 1350.0 -0.02492
1150.0 1350.0 0.00869
1250.0 1350.0 -0.01823
1350.0 1350.0 -0.08189
1450.0 1350.0 -0.22321
1550.0 1350.0 -0.43884
1650.0 1350.0 -0.69091
1750.0 1350.0 -0.92864
1850.0 1350.0 -1.10471
1950.0 1350.0 -1.18649
2050.0 1350.0 -1.16206
2150.0 1350.0 -1.04100
2250.0 1350.0 -0.85011
2350.0 1350.0 -0.62377
2450.0 1350.0 -0.38802
2550.0 1350.0 -0.13004
2650.0 1350.0 0.15644
2750.0 1350.0 0.44301
2850.0 1350.0 0.68858
2950.0 1350.0 0.85695
3050.0 1350.0 0.92838
3150.0 1350.0 0.90501
3250.0 1350.0 0.81020
3350.0 1350.0 0.68176
3450.0 1350.0 0.55912
3550.0 1350.0 0.46437
3650.0 1350.0 0.38088
3750.0 1350.0 0.27971
3850.0 1350.0 0.15837
3950.0 1350.0 0.03103
4050.0 1350.0 -0.08219
4150.0 1350.0 -0.16314
4250.0 1350.0 -0.20094
4350.0 1350.0 -0.19448
4450.0 1350.0 -0.15227
4550.0 1350.0 -0.08963
4650.0 1350.0 -0.02307
4750.0 1350.0 0.03793
4850.0 1350.0 0.10377
4950.0 1350.0 0.19637
5050.0 1350.0 0.31328
5150.0 1350.0 0.43479
5250.0 1350.0 0.53608
5350.0 1350.0 0.59606
5450.0 1350.0 0.60307
5550.0 1350.0 0.55740
5650.0 1350.0 0.47051
5750.0 1350.0 0.36111
5850.0 1350.0 0.24805
5950.0 1350.0 0.14017
6050.0 1350.0 0.05001
6150.0 1350.0 0.00600
6250.0 1350.0 0.01257
6350.0 1350.0 0.05548
50.0 1450.0 0.17086
150.0 1450.0 -0.10811
250.0 1450.0 -0.36829
350.0 1450.0 -0.57770
450.0 1450.0 -0.70498
550.0 1450.0 -0.73136
650.0 1450.0 -0.65749
750.0 1450.0 -0.50524
850.0 1450.0 -0.31438
950.0 1450.0 -0.13421
1050.0 1450.0 -0.01012
1150.0 1450.0 0.03496
1250.0 1450.0 0.02348
1350.0 1450.0 -0.02649
1450.0 1450.0 -0.16242
1550.0 1450.0 -0.38643
1650.0 1450.0 -0.66371
1750.0 1450.0 -0.94337
1850.0 1450.0 -1.17472
1950.0 1450.0 -1.31892
2050.0 1450.0 -1.35612
2150.0 1450.0 -1.28795
2250.0 1450.0 -1.13544
2350.0 1450.0 -0.93241
2450.0 1450.0 -0.71198
2550.0 1450.0 -0.46009
2650.0 1450.0 -0.15840
2750.0 1450.0 0.17094
2850.0 1450.0 0.48681
2950.0 1450.0 0.74748
3050.0 1450.0 0.92340
3150.0 1450.0 1.00437
3250.0 1450.0 1.00108
3350.0 1450.0 0.94109
3450.0 1450.0 0.85914
3550.0 1450.0 0.78191
3650.0 1450.0 0.70763
3750.0 1450.0 0.60941
3850.0 1450.0 0.47861
3950.0 1450.0 0.32610
4050.0 1450.0 0.17191
4150.0 1450.0 0.03715
4250.0 1450.0 -0.06175
4350.0 1450.0 -0.11655
4450.0 1450.0 -0.12835
4550.0 1450.0 -0.10651
4650.0 1450.0 -0.06522
4750.0 1450.0 -0.01785
4850.0 1450.0 0.03634
4950.0 1450.0 0.11615
5050.0 1450.0 0.22111
5150.0 1450.0 0.33491
5250.0 1450.0 0.43576
5350.0 1450.0 0.50425
5450.0 1450.0 0.52847
5550.0 1450.0 0.50645
5650.0 1450.0 0.44595
5750.0 1450.0 0.36165
5850.0 1450.0 0.26958
5950.0 1450.0 0.17918
6050.0 1450.0 0.10289
6150.0 1450.0 0.06180
6250.0 1450.0 0.05475
6350.0 1450.0 0.06533
50.0 1550.0 0.42699
150.0 1550.0 0.15513
250.0 1550.0 -0.11116
350.0 1550.0 -0.34426
450.0 1550.0 -0.51037
550.0 1550.0 -0.58420
650.0 1550.0 -0.55818
750.0 1550.0 -0.44612
850.0 1550.0 -0.28140
950.0 1550.0 -0.10973
1050.0 1550.0 0.02364
1150.0 1550.0 0.09222
1250.0 1550.0 0.11139
1350.0 1550.0 0.09294
1450.0 1550.0 -0.01412
1550.0 1550.0 -0.21871
1650.0 1550.0 -0.49311
1750.0 1550.0 -0.79102
1850.0 1550.0 -1.06207
1950.0 1550.0 -1.26312
2050.0 1550.0 -1.36605
2150.0 1550.0 -1.36216
2250.0 1550.0 -1.26323
2350.0 1550.0 -1.09917
2450.0 1550.0 -0.90935
2550.0 1550.0 -0.68329
2650.0 1550.0 -0.39456
2750.0 1550.0 -0.05785
2850.0 1550.0 0.28974
2950.0 1550.0 0.60597
3050.0 1550.0 0.85602
3150.0 1550.0 1.02036
3250.0 1550.0 1.09806
3350.0 1550.0 1.10535
3450.0 1550.0 1.06965
3550.0 1550.0 1.01883
3650.0 1550.0 0.96358
3750.0 1550.0 0.87996
3850.0 1550.0 0.75295
3950.0 1550.0 0.58793
4050.0 1550.0 0.40215
4150.0 1550.0 0.21754
4250.0 1550.0 0.05509
4350.0 1550.0 -0.06932
4450.0 1550.0 -0.14759
4550.0 1550.0 -0.18059
4650.0 1550.0 -0.17777
4750.0 1550.0 -0.15542
4850.0 1550.0 -0.12494
4950.0 1550.0 -0.07420
5050.0 1550.0 -0.00118
5150.0 1550.0 0.08441
5250.0 1550.0 0.16792
5350.0 1550.0 0.23503
5450.0 1550.0 0.27533
5550.0 1550.0 0.28441
5650.0 1550.0 0.26437
5750.0 1550.0 0.22266
5850.0 1550.0 0.16941
5950.0 1550.0 0.11334
6050.0 1550.0 0.06978
6150.0 1550.0 0.05576
6250.0 1550.0 0.06353
6350.0 1550.0 0.07113
50.0 1650.0 0.73813
150.0 1650.0 0.47694
250.0 1650.0 0.20334
350.0 1650.0 -0.06078
450.0 1650.0 -0.27806
550.0 1650.0 -0.41415
650.0 1650.0 -0.45015
750.0 1650.0 -0.38900
850.0 1650.0 -0.25566
950.0 1650.0 -0.09126
1050.0 1650.0 0.05881
1150.0 1650.0 0.16301
1250.0 1650.0 0.22718
1350.0 1650.0 0.25751
1450.0 1650.0 0.20336
1550.0 1650.0 0.04825
1650.0 1650.0 -0.19116
1750.0 1650.0 -0.47798
1850.0 1650.0 -0.76653
1950.0 1650.0 -1.01197
2050.0 1650.0 -1.17835
2150.0 1650.0 -1.24506
2250.0 1650.0 -1.21155
2350.0 1650.0 -1.10044
2450.0 1650.0 -0.95562
2550.0 1650.0 -0.77521
2650.0 1650.0 -0.52981
2750.0 1650.0 -0.22607
2850.0 1650.0 0.10717
2950.0 1650.0 0.43285
3050.0 1650.0 0.71637
3150.0 1650.0 0.93316
3250.0 1650.0 1.07279
3350.0 1650.0 1.14006
3450.0 1650.0 1.15271
3550.0 1650.0 1.13590
3650.0 1650.0 1.10908
3750.0 1650.0 1.05272
3850.0 1650.0 0.94633
3950.0 1650.0 0.78797
4050.0 1650.0 0.58905
4150.0 1650.0 0.36932
4250.0 1650.0 0.15220
4350.0 1650.0 -0.03964
4450.0 1650.0 -0.18827
4550.0 1650.0 -0.28425
4650.0 1650.0 -0.33005
4750.0 1650.0 -0.34311
4850.0 1650.0 -0.34769
4950.0 1650.0 -0.34168
5050.0 1650.0 -0.32024
5150.0 1650.0 -0.28337
5250.0 1650.0 -0.23466
5350.0 1650.0 -0.18003
5450.0 1650.0 -0.12647
5550.0 1650.0 -0.08077
5650.0 1650.0 -0.04828
5750.0 1650.0 -0.03165
5850.0 1650.0 -0.02960
5950.0 1650.0 -0.03550
6050.0 1650.0 -0.02817
6150.0 1650.0 0.00929
6250.0 1650.0 0.06202
6350.0 1650.0 0.09919
50.0 1750.0 1.02880
150.0 1750.0 0.78106
250.0 1750.0 0.50062
350.0 1750.0 0.20316
450.0 1750.0 -0.06955
550.0 1750.0 -0.27263
650.0 1750.0 -0.37433
750.0 1750.0 -0.36541
850.0 1750.0 -0.26162
950.0 1750.0 -0.09943
1050.0 1750.0 0.07515
1150.0 1750.0 0.22459
1250.0 1750.0 0.34414
1350.0 1750.0 0.43615
1450.0 1750.0 0.45450
1550.0 1750.0 0.37508
1650.0 1750.0 0.20060
1750.0 1750.0 -0.04568
1850.0 1750.0 -0.32670
1950.0 1750.0 -0.59883
2050.0 1750.0 -0.81965
2150.0 1750.0 -0.95618
2250.0 1750.0 -0.99360
2350.0 1750.0 -0.94451
2450.0 1750.0 -0.85500
2550.0 1750.0 -0.73593
2650.0 1750.0 -0.56034
2750.0 1750.0 -0.32691
2850.0 1750.0 -0.05281
2950.0 1750.0 0.23530
3050.0 1750.0 0.50860
3150.0 1750.0 0.74212
3250.0 1750.0 0.91902
3350.0 1750.0 1.03353
3450.0 1750.0 1.09225
3550.0 1750.0 1.11398
3650.0 1750.0 1.12251
3750.0 1750.0 1.10452
3850.0 1750.0 1.03608
3950.0 1750.0 0.90686
4050.0 1750.0 0.71964
4150.0 1750.0 0.48866
4250.0 1750.0 0.23669
4350.0 1750.0 -0.00887
4450.0 1750.0 -0.22112
4550.0 1750.0 -0.37983
4650.0 1750.0 -0.47880
4750.0 1750.0 -0.53421
4850.0 1750.0 -0.58207
4950.0 1750.0 -0.63243
5050.0 1750.0 -0.67757
5150.0 1750.0 -0.70560
5250.0 1750.0 -0.70612
5350.0 1750.0 -0.67405
5450.0 1750.0 -0.61135
5550.0 1750.0 -0.52695
5650.0 1750.0 -0.43468
5750.0 1750.0 -0.34927
5850.0 1750.0 -0.28045
5950.0 1750.0 -0.22490
6050.0 1750.0 -0.15317
6150.0 1750.0 -0.04467
6250.0 1750.0 0.07868
6350.0 1750.0 0.17470
50.0 1850.0 1.22853
150.0 1850.0 0.99568
250.0 1850.0 0.71042
350.0 1850.0 0.38273
450.0 1850.0 0.05916
550.0 1850.0 -0.20482
650.0 1850.0 -0.36480
750.0 1850.0 -0.39985
850.0 1850.0 -0.31721
950.0 1850.0 -0.14938
1050.0 1850.0 0.05638
1150.0 1850.0 0.25633
1250.0 1850.0 0.43565
1350.0 1850.0 0.59544
1450.0 1850.0 0.69762
1550.0 1850.0 0.71119
1650.0 1850.0 0.62348
1750.0 1850.0 0.44158
1850.0 1850.0 0.19102
1950.0 1850.0 -0.08845
2050.0 1850.0 -0.34981
2150.0 1850.0 -0.54852
2250.0 1850.0 -0.65508
2350.0 1850.0 -0.67042
2450.0 1850.0 -0.64049
2550.0 1850.0 -0.59129
2650.0 1850.0 -0.50293
2750.0 1850.0 -0.36691
2850.0 1850.0 -0.18668
2950.0 1850.0 0.02521
3050.0 1850.0 0.25017
3150.0 1850.0 0.46703
3250.0 1850.0 0.65583
3350.0 1850.0 0.80196
3450.0 1850.0 0.90058
3550.0 1850.0 0.96145
3650.0 1850.0 1.00845
3750.0 1850.0 1.03625
3850.0 1850.0 1.02020
3950.0 1850.0 0.94145
4050.0 1850.0 0.79221
4150.0 1850.0 0.57814
4250.0 1850.0 0.31811
4350.0 1850.0 0.04121
4450.0 1850.0 -0.21879
4550.0 1850.0 -0.43173
4650.0 1850.0 -0.58197
4750.0 1850.0 -0.68199
4850.0 1850.0 -0.77659
4950.0 1850.0 -0.88871
5050.0 1850.0 -1.00794
5150.0 1850.0 -1.10959
5250.0 1850.0 -1.16794
5350.0 1850.0 -1.16552
5450.0 1850.0 -1.09828
5550.0 1850.0 -0.97686
5650.0 1850.0 -0.82374
5750.0 1850.0 -0.66642
5850.0 1850.0 -0.52656
5950.0 1850.0 -0.40498
6050.0 1850.0 -0.26259
6150.0 1850.0 -0.07214
6250.0 1850.0 0.13803
6350.0 1850.0 0.31321
50.0 1950.0 1.28851
150.0 1950.0 1.07039
250.0 1950.0 0.78339
350.0 1950.0 0.43319
450.0 1950.0 0.07090
550.0 1950.0 -0.23864
650.0 1950.0 -0.44030
750.0 1950.0 -0.50356
850.0 1950.0 -0.42905
950.0 1950.0 -0.24676
1050.0 1950.0 -0.00571
1150.0 1950.0 0.24465
1250.0 1950.0 0.48134
1350.0 1950.0 0.70707
1450.0 1950.0 0.89393
1550.0 1950.0 1.00533
1650.0 1950.0 1.01363
1750.0 1950.0 0.90930
1850.0 1950.0 0.70506
1950.0 1950.0 0.43500
2050.0 1950.0 0.14874
2150.0 1950.0 -0.09948
2250.0 1950.0 -0.26665
2350.0 1950.0 -0.34187
2450.0 1950.0 -0.36897
2550.0 1950.0 -0.38936
2650.0 1950.0 -0.39304
2750.0 1950.0 -0.36565
2850.0 1950.0 -0.29668
2950.0 1950.0 -0.18310
3050.0 1950.0 -0.03092
3150.0 1950.0 0.14539
3250.0 1950.0 0.32555
3350.0 1950.0 0.48830
3450.0 1950.0 0.61824
3550.0 1950.0 0.71490
3650.0 1950.0 0.79909
3750.0 1950.0 0.87489
3850.0 1950.0 0.91968
3950.0 1950.0 0.90699
4050.0 1950.0 0.81767
4150.0 1950.0 0.64679
4250.0 1950.0 0.40638
4350.0 1950.0 0.12410
4450.0 1950.0 -0.16233
4550.0 1950.0 -0.41480
4650.0 1950.0 -0.60859
4750.0 1950.0 -0.75038
4850.0 1950.0 -0.88982
4950.0 1950.0 -1.06182
5050.0 1950.0 -1.25371
5150.0 1950.0 -1.42858
5250.0 1950.0 -1.54579
5350.0 1950.0 -1.57565
5450.0 1950.0 -1.50795
5550.0 1950.0 -1.35450
5650.0 1950.0 -1.14572
5750.0 1950.0 -0.92114
5850.0 1950.0 -0.71393
5950.0 1950.0 -0.52923
6050.0 1950.0 -0.31835
6150.0 1950.0 -0.04583
6250.0 1950.0 0.25466
6350.0 1950.0 0.51613
50.0 2050.0 1.19063
150.0 2050.0 0.98545
250.0 2050.0 0.70019
350.0 2050.0 0.33813
450.0 2050.0 -0.04572
550.0 2050.0 -0.37958
650.0 2050.0 -0.60072
750.0 2050.0 -0.67232
850.0 2050.0 -0.59121
950.0 2050.0 -0.38659
1050.0 2050.0 -0.10971
1150.0 2050.0 0.18552
1250.0 2050.0 0.47083
1350.0 2050.0 0.75295
1450.0 2050.0 1.01447
1550.0 2050.0 1.21477
1650.0 2050.0 1.31341
1750.0 2050.0 1.28598
1850.0 2050.0 1.13316
1950.0 2050.0 0.88287
2050.0 2050.0 0.58557
2150.0 2050.0 0.30275
2250.0 2050.0 0.08842
2350.0 2050.0 -0.03605
2450.0 2050.0 -0.11125
2550.0 2050.0 -0.19205
2650.0 2050.0 -0.27865
2750.0 2050.0 -0.35239
2850.0 2050.0 -0.39049
2950.0 2050.0 -0.37548
3050.0 2050.0 -0.30101
3150.0 2050.0 -0.17407
3250.0 2050.0 -0.01352
3350.0 2050.0 0.15484
3450.0 2050.0 0.30698
3550.0 2050.0 0.43280
3650.0 2050.0 0.54876
3750.0 2050.0 0.66895
3850.0 2050.0 0.77505
3950.0 2050.0 0.83464
4050.0 2050.0 0.81783
4150.0 2050.0 0.70848
4250.0 2050.0 0.51008
4350.0 2050.0 0.24616
4450.0 2050.0 -0.04466
4550.0 2050.0 -0.31898
4650.0 2050.0 -0.54439
4750.0 2050.0 -0.72057
4850.0 2050.0 -0.89792
4950.0 2050.0 -1.12095
5050.0 2050.0 -1.37531
5150.0 2050.0 -1.61375
5250.0 2050.0 -1.78293
5350.0 2050.0 -1.84261
5450.0 2050.0 -1.77706
5550.0 2050.0 -1.59881
5650.0 2050.0 -1.34475
5750.0 2050.0 -1.06444
5850.0 2050.0 -0.80080
5950.0 2050.0 -0.56291
6050.0 2050.0 -0.29377
6150.0 2050.0 0.04994
6250.0 2050.0 0.43046
6350.0 2050.0 0.77037
50.0 2150.0 0.94874
150.0 2150.0 0.75347
250.0 2150.0 0.47310
350.0 2150.0 0.11067
450.0 2150.0 -0.27603
550.0 2150.0 -0.61122
650.0 2150.0 -0.82846
750.0 2150.0 -0.88844
850.0 2150.0 -0.78722
950.0 2150.0 -0.55504
1050.0 2150.0 -0.24552
1150.0 2150.0 0.08457
1250.0 2150.0 0.40502
1350.0 2150.0 0.72808
1450.0 2150.0 1.04511
1550.0 2150.0 1.31308
1650.0 2150.0 1.48223
1750.0 2150.0 1.51697
1850.0 2150.0 1.40857
1950.0 2150.0 1.17967
2050.0 2150.0 0.88055
2150.0 2150.0 0.57726
2250.0 2150.0 0.33154
2350.0 2150.0 0.17251
2450.0 2150.0 0.06280
2550.0 2150.0 -0.06192
2650.0 2150.0 -0.20993
2750.0 2150.0 -0.35964
2850.0 2150.0 -0.47931
2950.0 2150.0 -0.54066
3050.0 2150.0 -0.52783
3150.0 2150.0 -0.44177
3250.0 2150.0 -0.29975
3350.0 2150.0 -0.13038
3450.0 2150.0 0.03615
3550.0 2150.0 0.18252
3650.0 2150.0 0.32164
3750.0 2150.0 0.47737
3850.0 2150.0 0.63696
3950.0 2150.0 0.76415
4050.0 2150.0 0.82023
4150.0 2150.0 0.77892
4250.0 2150.0 0.63485
4350.0 2150.0 0.40585
4450.0 2150.0 0.12891
4550.0 2150.0 -0.15018
4650.0 2150.0 -0.39341
4750.0 2150.0 -0.59346
4850.0 2150.0 -0.79804
4950.0 2150.0 -1.05793
5050.0 2150.0 -1.35765
5150.0 2150.0 -1.64254
5250.0 2150.0 -1.85009
5350.0 2150.0 -1.93236
5450.0 2150.0 -1.86953
5550.0 2150.0 -1.67453
5650.0 2150.0 -1.38876
5750.0 2150.0 -1.06893
5850.0 2150.0 -0.76501
5950.0 2150.0 -0.48898
6050.0 2150.0 -0.17800
6150.0 2150.0 0.21696
6250.0 2150.0 0.65523
6350.0 2150.0 1.05192
50.0 2250.0 0.60233
150.0 2250.0 0.41330
250.0 2250.0 0.14012
350.0 2250.0 -0.21257
450.0 2250.0 -0.58538
550.0 2250.0 -0.90160
650.0 2250.0 -1.09480
750.0 2250.0 -1.12679
850.0 2250.0 -0.99563
950.0 2250.0 -0.73405
1050.0 2250.0 -0.39794
1150.0 2250.0 -0.04526
1250.0 2250.0 0.29499
1350.0 2250.0 0.64092
1450.0 2250.0 0.98949
1550.0 2250.0 1.29648
1650.0 2250.0 1.50693
1750.0 2250.0 1.57885
1850.0 2250.0 1.49802
1950.0 2250.0 1.28378
2050.0 2250.0 0.98602
2150.0 2250.0 0.67310
2250.0 2250.0 0.41092
2350.0 2250.0 0.23304
2450.0 2250.0 0.10424
2550.0 2250.0 -0.04430
2650.0 2250.0 -0.22470
2750.0 2250.0 -0.41360
2850.0 2250.0 -0.57443
2950.0 2250.0 -0.67329
3050.0 2250.0 -0.68962
3150.0 2250.0 -0.62157
3250.0 2250.0 -0.48604
3350.0 2250.0 -0.31356
3450.0 2250.0 -0.13775
3550.0 2250.0 0.02032
3650.0 2250.0 0.17267
3750.0 2250.0 0.35192
3850.0 2250.0 0.55097
3950.0 2250.0 0.73186
4050.0 2250.0 0.84990
4150.0 2250.0 0.87094
4250.0 2250.0 0.78196
4350.0 2250.0 0.59478
4450.0 2250.0 0.34309
4550.0 2250.0 0.07262
4650.0 2250.0 -0.17547
4750.0 2250.0 -0.38793
4850.0 2250.0 -0.60760
4950.0 2250.0 -0.88787
5050.0 2250.0 -1.21263
5150.0 2250.0 -1.52312
5250.0 2250.0 -1.75174
5350.0 2250.0 -1.84633
5450.0 2250.0 -1.78482
5550.0 2250.0 -1.58036
5650.0 2250.0 -1.27689
5750.0 2250.0 -0.93510
5850.0 2250.0 -0.60882
5950.0 2250.0 -0.31166
6050.0 2250.0 0.02206
6150.0 2250.0 0.44364
6250.0 2250.0 0.91046
6350.0 2250.0 1.33356
50.0 2350.0 0.20251
150.0 2350.0 0.01647
250.0 2350.0 -0.24836
350.0 2350.0 -0.58445
450.0 2350.0 -0.93187
550.0 2350.0 -1.21530
650.0 2350.0 -1.37119
750.0 2350.0 -1.36505
850.0 2350.0 -1.19887
950.0 2350.0 -0.90878
1050.0 2350.0 -0.55273
1150.0 2350.0 -0.18845
1250.0 2350.0 0.15850
1350.0 2350.0 0.51160
1450.0 2350.0 0.86990
1550.0 2350.0 1.18876
1650.0 2350.0 1.41157
1750.0 2350.0 1.49440
1850.0 2350.0 1.42136
1950.0 2350.0 1.21089
2050.0 2350.0 0.91282
2150.0 2350.0 0.59632
2250.0 2350.0 0.32864
2350.0 2350.0 0.14471
2450.0 2350.0 0.00995
2550.0 2350.0 -0.14442
2650.0 2350.0 -0.32975
2750.0 2350.0 -0.52152
2850.0 2350.0 -0.68211
2950.0 2350.0 -0.77717
3050.0 2350.0 -0.78638
3150.0 2350.0 -0.70886
3250.0 2350.0 -0.56305
3350.0 2350.0 -0.38118
3450.0 2350.0 -0.19823
3550.0 2350.0 -0.03545
3650.0 2350.0 0.12157
3750.0 2350.0 0.31292
3850.0 2350.0 0.53635
3950.0 2350.0 0.75395
4050.0 2350.0 0.91774
4150.0 2350.0 0.98842
4250.0 2350.0 0.94716
4350.0 2350.0 0.80046
4450.0 2350.0 0.57808
4550.0 2350.0 0.32399
4650.0 2350.0 0.08045
4750.0 2350.0 -0.13494
4850.0 2350.0 -0.35932
4950.0 2350.0 -0.64570
5050.0 2350.0 -0.97766
5150.0 2350.0 -1.29512
5250.0 2350.0 -1.52899
5350.0 2350.0 -1.62590
5450.0 2350.0 -1.56325
5550.0 2350.0 -1.35445
5650.0 2350.0 -1.04437
5750.0 2350.0 -0.69502
5850.0 2350.0 -0.36144
5950.0 2350.0 -0.05759
6050.0 2350.0 0.28232
6150.0 2350.0 0.70838
6250.0 2350.0 1.17647
6350.0 2350.0 1.59660
50.0 2450.0 -0.21164
150.0 2450.0 -0.39598
250.0 2450.0 -0.65188
350.0 2450.0 -0.96839
450.0 2450.0 -1.28558
550.0 2450.0 -1.53060
650.0 2450.0 -1.64398
750.0 2450.0 -1.59605
850.0 2450.0 -1.39351
950.0 2450.0 -1.07616
1050.0 2450.0 -0.70379
1150.0 2450.0 -0.33327
1250.0 2450.0 0.01420
1350.0 2450.0 0.36707
1450.0 2450.0 0.72471
1550.0 2450.0 1.04234
1650.0 2450.0 1.26341
1750.0 2450.0 1.34412
1850.0 2450.0 1.26882
1950.0 2450.0 1.05618
2050.0 2450.0 0.75627
2150.0 2450.0 0.43843
2250.0 2450.0 0.16998
2350.0 2450.0 -0.01425
2450.0 2450.0 -0.14898
2550.0 2450.0 -0.30067
2650.0 2450.0 -0.47752
2750.0 2450.0 -0.65402
2850.0 2450.0 -0.79341
2950.0 2450.0 -0.86343
3050.0 2450.0 -0.84656
3150.0 2450.0 -0.74492
3250.0 2450.0 -0.57960
3350.0 2450.0 -0.38457
3450.0 2450.0 -0.19516
3550.0 2450.0 -0.03105
3650.0 2450.0 0.12634
3750.0 2450.0 0.32374
3850.0 2450.0 0.56318
3950.0 2450.0 0.80758
4050.0 2450.0 1.00714
4150.0 2450.0 1.11894
4250.0 2450.0 1.11952
4350.0 2450.0 1.01063
4450.0 2450.0 0.81799
4550.0 2450.0 0.58314
4650.0 2450.0 0.34837
4750.0 2450.0 0.13468
4850.0 2450.0 -0.08928
4950.0 2450.0 -0.37471
5050.0 2450.0 -0.70501
5150.0 2450.0 -1.02015
5250.0 2450.0 -1.25126
5350.0 2450.0 -1.34527
5450.0 2450.0 -1.27992
5550.0 2450.0 -1.06889
5650.0 2450.0 -0.75725
5750.0 2450.0 -0.40707
5850.0 2450.0 -0.07327
5950.0 2450.0 0.23045
6050.0 2450.0 0.56867
6150.0 2450.0 0.98842
6250.0 2450.0 1.44432
6350.0 2450.0 1.84681
50.0 2550.0 -0.65456
150.0 2550.0 -0.83350
250.0 2550.0 -1.07397
350.0 2550.0 -1.36126
450.0 2550.0 -1.63664
550.0 2550.0 -1.83173
650.0 2550.0 -1.89310
750.0 2550.0 -1.79738
850.0 2550.0 -1.55666
950.0 2550.0 -1.21425
1050.0 2550.0 -0.83088
1150.0 2550.0 -0.46120
1250.0 2550.0 -0.12080
1350.0 2550.0 0.22428
1450.0 2550.0 0.57454
1550.0 2550.0 0.88643
1650.0 2550.0 1.10473
1750.0 2550.0 1.18653
1850.0 2550.0 1.11627
1950.0 2550.0 0.91189
2050.0 2550.0 0.62196
2150.0 2550.0 0.31394
2250.0 2550.0 0.05343
2350.0 2550.0 -0.12548
2450.0 2550.0 -0.25615
2550.0 2550.0 -0.39967
2650.0 2550.0 -0.55992
2750.0 2550.0 -0.71142
2850.0 2550.0 -0.82022
2950.0 2550.0 -0.85815
3050.0 2550.0 -0.81207
3150.0 2550.0 -0.68767
3250.0 2550.0 -0.50834
3350.0 2550.0 -0.30860
3450.0 2550.0 -0.12255
3550.0 2550.0 0.03304
3650.0 2550.0 0.18080
3750.0 2550.0 0.37179
3850.0 2550.0 0.61204
3950.0 2550.0 0.86735
4050.0 2550.0 1.08901
4150.0 2550.0 1.23301
4250.0 2550.0 1.27278
4350.0 2550.0 1.20539
4450.0 2550.0 1.05122
4550.0 2550.0 0.84712
4650.0 2550.0 0.63300
4750.0 2550.0 0.43194
4850.0 2550.0 0.21974
4950.0 2550.0 -0.05080
5050.0 2550.0 -0.36341
5150.0 2550.0 -0.66050
5250.0 2550.0 -0.87614
5350.0 2550.0 -0.95979
5450.0 2550.0 -0.89052
5550.0 2550.0 -0.68191
5650.0 2550.0 -0.37756
5750.0 2550.0 -0.03723
5850.0 2550.0 0.28644
5950.0 2550.0 0.58069
6050.0 2550.0 0.90711
6150.0 2550.0 1.30847
6250.0 2550.0 1.73922
6350.0 2550.0 2.11239
50.0 2650.0 -1.11823
150.0 2650.0 -1.28361
250.0 2650.0 -1.49545
350.0 2650.0 -1.73492
450.0 2650.0 -1.94727
550.0 2650.0 -2.07246
650.0 2650.0 -2.06684
750.0 2650.0 -1.91590
850.0 2650.0 -1.63793
950.0 2650.0 -1.27888
1050.0 2650.0 -0.89812
1150.0 2650.0 -0.54530
1250.0 2650.0 -0.22834
1350.0 2650.0 0.09276
1450.0 2650.0 0.42113
1550.0 2650.0 0.71733
1650.0 2650.0 0.93022
1750.0 2650.0 1.01933
1850.0 2650.0 0.96903
1950.0 2650.0 0.79443
2050.0 2650.0 0.53902
2150.0 2650.0 0.26403
2250.0 2650.0 0.02961
2350.0 2650.0 -0.13228
2450.0 2650.0 -0.25057
2550.0 2650.0 -0.37477
2650.0 2650.0 -0.50249
2750.0 2650.0 -0.61051
2850.0 2650.0 -0.67173
2950.0 2650.0 -0.66627
3050.0 2650.0 -0.58812
3150.0 2650.0 -0.44756
3250.0 2650.0 -0.26907
3350.0 2650.0 -0.08495
3450.0 2650.0 0.07544
3550.0 2650.0 0.20082
3650.0 2650.0 0.31717
3750.0 2650.0 0.47446
3850.0 2650.0 0.68208
3950.0 2650.0 0.91321
4050.0 2650.0 1.12653
4150.0 2650.0 1.28259
4250.0 2650.0 1.35505
4350.0 2650.0 1.33655
4450.0 2650.0 1.23934
4550.0 2650.0 1.09069
4650.0 2650.0 0.92294
4750.0 2650.0 0.75835
4850.0 2650.0 0.58246
4950.0 2650.0 0.35656
5050.0 2650.0 0.09517
5150.0 2650.0 -0.15160
5250.0 2650.0 -0.32665
5350.0 2650.0 -0.38642
5450.0 2650.0 -0.31320
5550.0 2650.0 -0.11929
5650.0 2650.0 0.15697
5750.0 2650.0 0.46340
5850.0 2650.0 0.75428
5950.0 2650.0 1.01899
6050.0 2650.0 1.31211
6150.0 2650.0 1.67009
6250.0 2650.0 2.04978
6350.0 2650.0 2.37139
50.0 2750.0 -1.53710
150.0 2750.0 -1.67969
250.0 2750.0 -1.84935
350.0 2750.0 -2.02349
450.0 2750.0 -2.15452
550.0 2750.0 -2.19482
650.0 2750.0 -2.11400
750.0 2750.0 -1.90827
850.0 2750.0 -1.60215
950.0 2750.0 -1.24231
1050.0 2750.0 -0.88369
1150.0 2750.0 -0.56785
1250.0 2750.0 -0.29362
1350.0 2750.0 -0.01570
1450.0 2750.0 0.27279
1550.0 2750.0 0.53963
1650.0 2750.0 0.74100
1750.0 2750.0 0.84103
1850.0 2750.0 0.82419
1950.0 2750.0 0.70077
2050.0 2750.0 0.50536
2150.0 2750.0 0.28827
2250.0 2750.0 0.09992
2350.0 2750.0 -0.03167
2450.0 2750.0 -0.12791
2550.0 2750.0 -0.22010
2650.0 2750.0 -0.29776
2750.0 2750.0 -0.34268
2850.0 2750.0 -0.33929
2950.0 2750.0 -0.28046
3050.0 2750.0 -0.17038
3150.0 2750.0 -0.02455
3250.0 2750.0 0.13312
3350.0 2750.0 0.27608
3450.0 2750.0 0.38382
3550.0 2750.0 0.45342
3650.0 2750.0 0.51284
3750.0 2750.0 0.60419
3850.0 2750.0 0.73920
3950.0 2750.0 0.90367
4050.0 2750.0 1.07113
4150.0 2750.0 1.21352
4250.0 2750.0 1.30886
4350.0 2750.0 1.34589
4450.0 2750.0 1.32572
4550.0 2750.0 1.26044
4650.0 2750.0 1.16870
4750.0 2750.0 1.06834
4850.0 2750.0 0.95734
4950.0 2750.0 0.81004
5050.0 2750.0 0.63722
5150.0 2750.0 0.47557
5250.0 2750.0 0.36680
5350.0 2750.0 0.34261
5450.0 2750.0 0.41578
5550.0 2750.0 0.57708
5650.0 2750.0 0.79829
5750.0 2750.0 1.04112
5850.0 2750.0 1.27211
5950.0 2750.0 1.48373
6050.0 2750.0 1.71873
6150.0 2750.0 2.00533
6250.0 2750.0 2.30607
6350.0 2750.0 2.55369
50.0 2850.0 -1.83109
150.0 2850.0 -1.94317
250.0 2850.0 -2.06107
350.0 2850.0 -2.15969
450.0 2850.0 -2.20141
550.0 2850.0 -2.15399
650.0 2850.0 -2.00220
750.0 2850.0 -1.75340
850.0 2850.0 -1.43698
950.0 2850.0 -1.09772
1050.0 2850.0 -0.78291
1150.0 2850.0 -0.52349
1250.0 2850.0 -0.30913
1350.0 2850.0 -0.09160
1450.0 2850.0 0.13988
1550.0 2850.0 0.36277
1650.0 2850.0 0.54357
1750.0 2850.0 0.65315
1850.0 2850.0 0.67673
1950.0 2850.0 0.61865
2050.0 2850.0 0.50176
2150.0 2850.0 0.36161
2250.0 2850.0 0.23535
2350.0 2850.0 0.14524
2450.0 2850.0 0.07956
2550.0 2850.0 0.03008
2650.0 2850.0 0.01653
2750.0 2850.0 0.04951
2850.0 2850.0 0.12909
2950.0 2850.0 0.24597
3050.0 2850.0 0.38361
3150.0 2850.0 0.52117
3250.0 2850.0 0.63722
3350.0 2850.0 0.71435
3450.0 2850.0 0.74459
3550.0 2850.0 0.73565
3650.0 2850.0 0.71562
3750.0 2850.0 0.71221
3850.0 2850.0 0.73835
3950.0 2850.0 0.79698
4050.0 2850.0 0.88320
4150.0 2850.0 0.98655
4250.0 2850.0 1.09339
4350.0 2850.0 1.18935
4450.0 2850.0 1.26197
4550.0 2850.0 1.30339
4650.0 2850.0 1.31322
4750.0 2850.0 1.30146
4850.0 2850.0 1.28032
4950.0 2850.0 1.24045
5050.0 2850.0 1.18674
5150.0 2850.0 1.13724
5250.0 2850.0 1.11276
5350.0 2850.0 1.12939
5450.0 2850.0 1.19399
5550.0 2850.0 1.30259
5650.0 2850.0 1.44175
5750.0 2850.0 1.59286
5850.0 2850.0 1.73936
5950.0 2850.0 1.87710
6050.0 2850.0 2.03250
6150.0 2850.0 2.22462
6250.0 2850.0 2.42488
6350.0 2850.0 2.58312
50.0 2950.0 -1.93873
150.0 2950.0 -2.01574
250.0 2950.0 -2.07851
350.0 2950.0 -2.10135
450.0 2950.0 -2.05853
550.0 2950.0 -1.93423
650.0 2950.0 -1.72832
750.0 2950.0 -1.45797
850.0 2950.0 -1.15505
950.0 2950.0 -0.85941
1050.0 2950.0 -0.60801
1150.0 2950.0 -0.41982
1250.0 2950.0 -0.27675
1350.0 2950.0 -0.13122
1450.0 2950.0 0.03049
1550.0 2950.0 0.19680
1650.0 2950.0 0.34655
1750.0 2950.0 0.45921
1850.0 2950.0 0.52179
1950.0 2950.0 0.53254
2050.0 2950.0 0.50140
2150.0 2950.0 0.44718
2250.0 2950.0 0.39152
2350.0 2950.0 0.34961
2450.0 2950.0 0.31996
2550.0 2950.0 0.31966
2650.0 2950.0 0.37768
2750.0 2950.0 0.49519
2850.0 2950.0 0.65427
2950.0 2950.0 0.82725
3050.0 2950.0 0.98440
3150.0 2950.0 1.10000
3250.0 2950.0 1.15691
3350.0 2950.0 1.14943
3450.0 2950.0 1.08460
3550.0 2950.0 0.98191
3650.0 2950.0 0.86768
3750.0 2950.0 0.75019
3850.0 2950.0 0.64247
3950.0 2950.0 0.56749
4050.0 2950.0 0.54647
4150.0 2950.0 0.59093
4250.0 2950.0 0.69849
4350.0 2950.0 0.85257
4450.0 2950.0 1.02589
4550.0 2950.0 1.18774
4650.0 2950.0 1.31514
4750.0 2950.0 1.40779
4850.0 2950.0 1.49259
4950.0 2950.0 1.57767
5050.0 2950.0 1.66015
5150.0 2950.0 1.73602
5250.0 2950.0 1.80196
5350.0 2950.0 1.85658
5450.0 2950.0 1.90092
5550.0 2950.0 1.93835
5650.0 2950.0 1.97383
5750.0 2950.0 2.01249
5850.0 2950.0 2.05753
5950.0 2950.0 2.10773
6050.0 2950.0 2.17000
6150.0 2950.0 2.25442
6250.0 2950.0 2.34382
6350.0 2950.0 2.40802
50.0 3050.0 -1.83757
150.0 3050.0 -1.87894
250.0 3050.0 -1.88993
350.0 3050.0 -1.84649
450.0 3050.0 -1.73530
550.0 3050.0 -1.55611
650.0 3050.0 -1.32186
750.0 3050.0 -1.05672
850.0 3050.0 -0.79205
950.0 3050.0 -0.56012
1050.0 3050.0 -0.38581
1150.0 3050.0 -0.27616
1250.0 3050.0 -0.20790
1350.0 3050.0 -0.13824
1450.0 3050.0 -0.05222
1550.0 3050.0 0.04933
1650.0 3050.0 0.15830
1750.0 3050.0 0.26389
1850.0 3050.0 0.35610
1950.0 3050.0 0.42811
2050.0 3050.0 0.47754
2150.0 3050.0 0.50659
2250.0 3050.0 0.52108
2350.0 3050.0 0.52832
2450.0 3050.0 0.53619
2550.0 3050.0 0.58607
2650.0 3050.0 0.71524
2750.0 3050.0 0.91458
2850.0 3050.0 1.14780
2950.0 3050.0 1.36888
3050.0 3050.0 1.53546
3150.0 3050.0 1.61804
3250.0 3050.0 1.60501
3350.0 3050.0 1.50362
3450.0 3050.0 1.33677
3550.0 3050.0 1.13557
3650.0 3050.0 0.92291
3750.0 3050.0 0.68513
3850.0 3050.0 0.43454
3950.0 3050.0 0.21488
4050.0 3050.0 0.07499
4150.0 3050.0 0.05001
4250.0 3050.0 0.15026
4350.0 3050.0 0.35774
4450.0 3050.0 0.63048
4550.0 3050.0 0.91436
4650.0 3050.0 1.16283
4750.0 3050.0 1.36417
4850.0 3050.0 1.55910
4950.0 3050.0 1.77212
5050.0 3050.0 1.99133
5150.0 3050.0 2.18968
5250.0 3050.0 2.33939
5350.0 3050.0 2.42190
5450.0 3050.0 2.43353
5550.0 3050.0 2.38664
5650.0 3050.0 2.30639
5750.0 3050.0 2.22319
5850.0 3050.0 2.16063
5950.0 3050.0 2.11932
6050.0 3050.0 2.08534
6150.0 3050.0 2.06116
6250.0 3050.0 2.04229
6350.0 3050.0 2.01916
50.0 3150.0 -1.55194
150.0 3150.0 -1.56116
250.0 3150.0 -1.52957
350.0 3150.0 -1.43679
450.0 3150.0 -1.28107
550.0 3150.0 -1.07506
650.0 3150.0 -0.84124
750.0 3150.0 -0.60729
850.0 3150.0 -0.40108
950.0 3150.0 -0.24553
1050.0 3150.0 -0.15314
1150.0 3150.0 -0.12037
1250.0 3150.0 -0.12191
1350.0 3150.0 -0.12347
1450.0 3150.0 -0.11107
1550.0 3150.0 -0.07629
1650.0 3150.0 -0.01495
1750.0 3150.0 0.07207
1850.0 3150.0 0.17886
1950.0 3150.0 0.29535
2050.0 3150.0 0.40912
2150.0 3150.0 0.50796
2250.0 3150.0 0.58338
2350.0 3150.0 0.63493
2450.0 3150.0 0.67750
2550.0 3150.0 0.77298
2650.0 3150.0 0.96521
2750.0 3150.0 1.23519
2850.0 3150.0 1.52982
2950.0 3150.0 1.78681
3050.0 3150.0 1.95305
3150.0 3150.0 1.99654
3250.0 3150.0 1.91176
3350.0 3150.0 1.71858
3450.0 3150.0 1.45471
3550.0 3150.0 1.16157
3650.0 3150.0 0.85751
3750.0 3150.0 0.50749
3850.0 3150.0 0.12275
3950.0 3150.0 -0.23381
4050.0 3150.0 -0.48752
4150.0 3150.0 -0.58095
4250.0 3150.0 -0.49159
4350.0 3150.0 -0.23823
4450.0 3150.0 0.12387
4550.0 3150.0 0.51913
4650.0 3150.0 0.87911
4750.0 3150.0 1.18116
4850.0 3150.0 1.47780
4950.0 3150.0 1.80683
5050.0 3150.0 2.14694
5150.0 3150.0 2.44971
5250.0 3150.0 2.66540
5350.0 3150.0 2.76081
5450.0 3150.0 2.72934
5550.0 3150.0 2.59309
5650.0 3150.0 2.39714
5750.0 3150.0 2.19590
5850.0 3150.0 2.03160
5950.0 3150.0 1.90523
6050.0 3150.0 1.78283
6150.0 3150.0 1.66141
6250.0 3150.0 1.54900
6350.0 3150.0 1.45495
50.0 3250.0 -1.14801
150.0 3250.0 -1.13196
250.0 3250.0 -1.07096
350.0 3250.0 -0.94968
450.0 3250.0 -0.77581
550.0 3250.0 -0.57100
650.0 3250.0 -0.36308
750.0 3250.0 -0.17967
850.0 3250.0 -0.04299
950.0 3250.0 0.03393
1050.0 3250.0 0.04979
1150.0 3250.0 0.01620
1250.0 3250.0 -0.04250
1350.0 3250.0 -0.10293
1450.0 3250.0 -0.15429
1550.0 3250.0 -0.18150
1650.0 3250.0 -0.17013
1750.0 3250.0 -0.11200
1850.0 3250.0 -0.00819
1950.0 3250.0 0.13030
2050.0 3250.0 0.28443
2150.0 3250.0 0.43145
2250.0 3250.0 0.55167
2350.0 3250.0 0.63775
2450.0 3250.0 0.70845
2550.0 3250.0 0.84025
2650.0 3250.0 1.08137
2750.0 3250.0 1.40450
2850.0 3250.0 1.74311
2950.0 3250.0 2.02224
3050.0 3250.0 2.18083
3150.0 3250.0 2.18569
3250.0 3250.0 2.03699
3350.0 3250.0 1.76538
3450.0 3250.0 1.42072
3550.0 3250.0 1.05232
3650.0 3250.0 0.67393
3750.0 3250.0 0.23260
3850.0 3250.0 -0.26132
3950.0 3250.0 -0.72934
4050.0 3250.0 -1.07578
4150.0 3250.0 -1.22507
4250.0 3250.0 -1.14474
4350.0 3250.0 -0.85425
4450.0 3250.0 -0.41961
4550.0 3250.0 0.06615
4650.0 3250.0 0.51678
4750.0 3250.0 0.90072
4850.0 3250.0 1.27957
4950.0 3250.0 1.69998
5050.0 3250.0 2.13186
5150.0 3250.0 2.50942
5250.0 3250.0 2.76588
5350.0 3250.0 2.85750
5450.0 3250.0 2.77692
5550.0 3250.0 2.55578
5650.0 3250.0 2.25657
5750.0 3250.0 1.95385
5850.0 3250.0 1.70472
5950.0 3250.0 1.50898
6050.0 3250.0 1.31550
6150.0 3250.0 1.11829
6250.0 3250.0 0.93630
6350.0 3250.0 0.79401
50.0 3350.0 -0.71624
150.0 3350.0 -0.68387
250.0 3350.0 -0.60804
350.0 3350.0 -0.47889
450.0 3350.0 -0.31057
550.0 3350.0 -0.12940
650.0 3350.0 0.03555
750.0 3350.0 0.15961
850.0 3350.0 0.22721
950.0 3350.0 0.23425
1050.0 3350.0 0.18819
1150.0 3350.0 0.10564
1250.0 3350.0 0.00766
1350.0 3350.0 -0.09396
1450.0 3350.0 -0.19331
1550.0 3350.0 -0.27178
1650.0 3350.0 -0.30772
1750.0 3350.0 -0.28556
1850.0 3350.0 -0.20133
1950.0 3350.0 -0.06465
2050.0 3350.0 0.10279
2150.0 3350.0 0.27245
2250.0 3350.0 0.41754
2350.0 3350.0 0.52533
2450.0 3350.0 0.61507
2550.0 3350.0 0.77098
2650.0 3350.0 1.04349
2750.0 3350.0 1.39940
2850.0 3350.0 1.76324
2950.0 3350.0 2.05188
3050.0 3350.0 2.19948
3150.0 3350.0 2.17268
3250.0 3350.0 1.97610
3350.0 3350.0 1.64814
3450.0 3350.0 1.24699
3550.0 3350.0 0.82704
3650.0 3350.0 0.39812
3750.0 3350.0 -0.10472
3850.0 3350.0 -0.67136
3950.0 3350.0 -1.21258
4050.0 3350.0 -1.61863
4150.0 3350.0 -1.80193
4250.0 3350.0 -1.72370
4350.0 3350.0 -1.40429
4450.0 3350.0 -0.91744
4550.0 3350.0 -0.36826
4650.0 3350.0 0.14487
4750.0 3350.0 0.58467
4850.0 3350.0 1.01888
4950.0 3350.0 1.49808
5050.0 3350.0 1.98493
5150.0 3350.0 2.40181
5250.0 3350.0 2.67129
5350.0 3350.0 2.74403
5450.0 3350.0 2.61402
5550.0 3350.0 2.32116
5650.0 3350.0 1.94122
5750.0 3350.0 1.56319
5850.0 3350.0 1.25394
5950.0 3350.0 1.01078
6050.0 3350.0 0.76974
6150.0 3350.0 0.52416
6250.0 3350.0 0.30107
6350.0 3350.0 0.13511
50.0 3450.0 -0.34110
150.0 3450.0 -0.30149
250.0 3450.0 -0.22389
350.0 3450.0 -0.10347
450.0 3450.0 0.04237
550.0 3450.0 0.18653
650.0 3450.0 0.30203
750.0 3450.0 0.36881
850.0 3450.0 0.37773
950.0 3450.0 0.33165
1050.0 3450.0 0.24364
1150.0 3450.0 0.13231
1250.0 3450.0 0.01417
1350.0 3450.0 -0.10959
1450.0 3450.0 -0.23892
1550.0 3450.0 -0.35474
1650.0 3450.0 -0.43143
1750.0 3450.0 -0.44817
1850.0 3450.0 -0.39616
1950.0 3450.0 -0.28181
2050.0 3450.0 -0.12573
2150.0 3450.0 0.04235
2250.0 3450.0 0.19275
2350.0 3450.0 0.30920
2450.0 3450.0 0.40838
2550.0 3450.0 0.57591
2650.0 3450.0 0.86265
2750.0 3450.0 1.23228
2850.0 3450.0 1.60496
2950.0 3450.0 1.89384
3050.0 3450.0 2.03117
3150.0 3450.0 1.98406
3250.0 3450.0 1.75985
3350.0 3450.0 1.40114
3450.0 3450.0 0.97039
3550.0 3450.0 0.52423
3650.0 3450.0 0.07006
3750.0 3450.0 -0.46230
3850.0 3450.0 -1.06191
3950.0 3450.0 -1.63402
4050.0 3450.0 -2.06220
4150.0 3450.0 -2.25364
4250.0 3450.0 -2.16740
4350.0 3450.0 -1.82530
4450.0 3450.0 -1.30583
4550.0 3450.0 -0.72070
4650.0 3450.0 -0.17435
4750.0 3450.0 0.29383
4850.0 3450.0 0.75513
4950.0 3450.0 1.25966
5050.0 3450.0 1.76484
5150.0 3450.0 2.18709
5250.0 3450.0 2.44483
5350.0 3450.0 2.48783
5450.0 3450.0 2.31306
5550.0 3450.0 1.96682
5650.0 3450.0 1.53331
5750.0 3450.0 1.10967
5850.0 3450.0 0.76725
5950.0 3450.0 0.49999
6050.0 3450.0 0.23590
6150.0 3450.0 -0.03056
6250.0 3450.0 -0.26756
6350.0 3450.0 -0.43560
50.0 3550.0 -0.05813
150.0 3550.0 -0.01801
250.0 3550.0 0.05265
350.0 3550.0 0.15460
450.0 3550.0 0.26958
550.0 3550.0 0.37240
650.0 3550.0 0.44000
750.0 3550.0 0.45753
850.0 3550.0 0.42139
950.0 3550.0 0.33927
1050.0 3550.0 0.22720
1150.0 3550.0 0.10356
1250.0 3550.0 -0.01998
1350.0 3550.0 -0.15108
1450.0 3550.0 -0.29584
1550.0 3550.0 -0.43690
1650.0 3550.0 -0.54719
1750.0 3550.0 -0.60246
1850.0 3550.0 -0.58960
1950.0 3550.0 -0.51065
2050.0 3550.0 -0.38263
2150.0 3550.0 -0.23310
2250.0 3550.0 -0.09148
2350.0 3550.0 0.02386
2450.0 3550.0 0.12515
2550.0 3550.0 0.29498
2650.0 3550.0 0.58358
2750.0 3550.0 0.95370
2850.0 3550.0 1.32461
2950.0 3550.0 1.60894
3050.0 3550.0 1.73899
3150.0 3550.0 1.68254
3250.0 3550.0 1.44806
3350.0 3550.0 1.07948
3450.0 3550.0 0.64038
3550.0 3550.0 0.18762
3650.0 3550.0 -0.27238
3750.0 3550.0 -0.80947
3850.0 3550.0 -1.41095
3950.0 3550.0 -1.98046
4050.0 3550.0 -2.40065
4150.0 3550.0 -2.57884
4250.0 3550.0 -2.47526
4350.0 3550.0 -2.11387
4450.0 3550.0 -1.57572
4550.0 3550.0 -0.97500
4650.0 3550.0 -0.41757
4750.0 3550.0 0.05793
4850.0 3550.0 0.52473
4950.0 3550.0 1.02951
5050.0 3550.0 1.52623
5150.0 3550.0 1.92987
5250.0 3550.0 2.15947
5350.0 3550.0 2.16730
5450.0 3550.0 1.95421
5550.0 3550.0 1.57114
5650.0 3550.0 1.10678
5750.0 3550.0 0.66142
5850.0 3550.0 0.30693
5950.0 3550.0 0.03350
6050.0 3550.0 -0.23503
6150.0 3550.0 -0.50214
6250.0 3550.0 -0.73391
6350.0 3550.0 -0.88996
50.0 3650.0 0.19433
150.0 3650.0 0.23333
250.0 3650.0 0.29447
350.0 3650.0 0.37461
450.0 3650.0 0.45548
550.0 3650.0 0.51479
650.0 3650.0 0.53423
750.0 3650.0 0.50451
850.0 3650.0 0.42745
950.0 3650.0 0.31498
1050.0 3650.0 0.18522
1150.0 3650.0 0.05551
1250.0 3650.0 -0.06755
1350.0 3650.0 -0.19989
1450.0 3650.0 -0.35353
1550.0 3650.0 -0.51360
1650.0 3650.0 -0.65270
1750.0 3650.0 -0.74415
1850.0 3650.0 -0.77097
1950.0 3650.0 -0.73069
2050.0 3650.0 -0.63595
2150.0 3650.0 -0.51095
2250.0 3650.0 -0.38359
2350.0 3650.0 -0.27359
2450.0 3650.0 -0.17367
2550.0 3650.0 -0.00609
2650.0 3650.0 0.27814
2750.0 3650.0 0.64177
2850.0 3650.0 1.00473
2950.0 3650.0 1.28068
3050.0 3650.0 1.40301
3150.0 3650.0 1.34042
3250.0 3650.0 1.10197
3350.0 3650.0 0.73177
3450.0 3650.0 0.29310
3550.0 3650.0 -0.15790
3650.0 3650.0 -0.61544
3750.0 3650.0 -1.14725
3850.0 3650.0 -1.73876
3950.0 3650.0 -2.29356
4050.0 3650.0 -2.69550
4150.0 3650.0 -2.85384
4250.0 3650.0 -2.73102
4350.0 3650.0 -2.35304
4450.0 3650.0 -1.80253
4550.0 3650.0 -1.19437
4650.0 3650.0 -0.63406
4750.0 3650.0 -0.15859
4850.0 3650.0 0.30625
4950.0 3650.0 0.80260
5050.0 3650.0 1.28163
5150.0 3650.0 1.65858
5250.0 3650.0 1.85491
5350.0 3650.0 1.82658
5450.0 3650.0 1.57864
5550.0 3650.0 1.16597
5650.0 3650.0 0.68020
5750.0 3650.0 0.22290
5850.0 3650.0 -0.13504
5950.0 3650.0 -0.40725
6050.0 3650.0 -0.67269
6150.0 3650.0 -0.93264
6250.0 3650.0 -1.15230
6350.0 3650.0 -1.29197
50.0 3750.0 0.50757
150.0 3750.0 0.54936
250.0 3750.0 0.60035
350.0 3750.0 0.65185
450.0 3750.0 0.68632
550.0 3750.0 0.68647
650.0 3750.0 0.64152
750.0 3750.0 0.55061
850.0 3750.0 0.42327
950.0 3750.0 0.27710
1050.0 3750.0 0.13256
1150.0 3750.0 0.00487
1250.0 3750.0 -0.10695
1350.0 3750.0 -0.22798
1450.0 3750.0 -0.37440
1550.0 3750.0 -0.53480
1650.0 3750.0 -0.68428
1750.0 3750.0 -0.79680
1850.0 3750.0 -0.85398
1950.0 3750.0 -0.84990
2050.0 3750.0 -0.79244
2150.0 3750.0 -0.70061
2250.0 3750.0 -0.59836
2350.0 3750.0 -0.50451
2450.0 3750.0 -0.41638
2550.0 3750.0 -0.26543
2650.0 3750.0 -0.00696
2750.0 3750.0 0.32364
2850.0 3750.0 0.65141
2950.0 3750.0 0.89598
3050.0 3750.0 0.99576
3150.0 3750.0 0.92241
3250.0 3750.0 0.68544
3350.0 3750.0 0.32696
3450.0 3750.0 -0.09343
3550.0 3750.0 -0.52349
3650.0 3750.0 -0.95940
3750.0 3750.0 -1.46684
3850.0 3750.0 -2.03135
3950.0 3750.0 -2.55939
4050.0 3750.0 -2.93851
4150.0 3750.0 -3.08104
4250.0 3750.0 -2.95094
4350.0 3750.0 -2.57380
4450.0 3750.0 -2.03006
4550.0 3750.0 -1.43129
4650.0 3750.0 -0.87975
4750.0 3750.0 -0.41104
4850.0 3750.0 0.04564
4950.0 3750.0 0.52519
5050.0 3750.0 0.97686
5150.0 3750.0 1.31861
5250.0 3750.0 1.47700
5350.0 3750.0 1.41367
5450.0 3750.0 1.13855
5550.0 3750.0 0.70964
5650.0 3750.0 0.21949
5750.0 3750.0 -0.23168
5850.0 3750.0 -0.57617
5950.0 3750.0 -0.83180
6050.0 3750.0 -1.07878
6150.0 3750.0 -1.31688
6250.0 3750.0 -1.51314
6350.0 3750.0 -1.63152
50.0 3850.0 0.88207
150.0 3850.0 0.93376
250.0 3850.0 0.97505
350.0 3850.0 0.98951
450.0 3850.0 0.96150
550.0 3850.0 0.88201
650.0 3850.0 0.75194
750.0 3850.0 0.58288
850.0 3850.0 0.39533
950.0 3850.0 0.21441
1050.0 3850.0 0.06301
1150.0 3850.0 -0.04756
1250.0 3850.0 -0.12938
1350.0 3850.0 -0.21734
1450.0 3850.0 -0.32845
1550.0 3850.0 -0.45651
1650.0 3850.0 -0.58392
1750.0 3850.0 -0.69078
1850.0 3850.0 -0.76153
1950.0 3850.0 -0.78883
2050.0 3850.0 -0.77506
2150.0 3850.0 -0.73110
2250.0 3850.0 -0.67258
2350.0 3850.0 -0.61358
2450.0 3850.0 -0.55528
2550.0 3850.0 -0.44542
2650.0 3850.0 -0.24826
2750.0 3850.0 0.00615
2850.0 3850.0 0.25551
2950.0 3850.0 0.43351
3050.0 3850.0 0.48991
3150.0 3850.0 0.40237
3250.0 3850.0 0.18005
3350.0 3850.0 -0.14103
3450.0 3850.0 -0.51084
3550.0 3850.0 -0.88643
3650.0 3850.0 -1.26744
3750.0 3850.0 -1.71753
3850.0 3850.0 -2.22584
3950.0 3850.0 -2.70680
4050.0 3850.0 -3.05594
4150.0 3850.0 -3.19053
4250.0 3850.0 -3.07474
4350.0 3850.0 -2.72941
4450.0 3850.0 -2.22618
4550.0 3850.0 -1.66630
4650.0 3850.0 -1.14385
4750.0 3850.0 -0.69352
4850.0 3850.0 -0.25566
4950.0 3850.0 0.19278
5050.0 3850.0 0.60067
5150.0 3850.0 0.89294
5250.0 3850.0 1.00590
5350.0 3850.0 0.91022
5450.0 3850.0 0.62180
5550.0 3850.0 0.20032
5650.0 3850.0 -0.26430
5750.0 3850.0 -0.67779
5850.0 3850.0 -0.97947
5950.0 3850.0 -1.19186
6050.0 3850.0 -1.39360
6150.0 3850.0 -1.58380
6250.0 3850.0 -1.73598
6350.0 3850.0 -1.82298
50.0 3950.0 1.25714
150.0 3950.0 1.32673
250.0 3950.0 1.36103
350.0 3950.0 1.33434
450.0 3950.0 1.23424
550.0 3950.0 1.06288
650.0 3950.0 0.83624
750.0 3950.0 0.58151
850.0 3950.0 0.33243
950.0 3950.0 0.12264
1050.0 3950.0 -0.02289
1150.0 3950.0 -0.09844
1250.0 3950.0 -0.12991
1350.0 3950.0 -0.16133
1450.0 3950.0 -0.20670
1550.0 3950.0 -0.26684
1650.0 3950.0 -0.33667
1750.0 3950.0 -0.40837
1850.0 3950.0 -0.47385
1950.0 3950.0 -0.52658
2050.0 3950.0 -0.56281
2150.0 3950.0 -0.58207
2250.0 3950.0 -0.58707
2350.0 3950.0 -0.58296
2450.0 3950.0 -0.57388
2550.0 3950.0 -0.53068
2650.0 3950.0 -0.43071
2750.0 3950.0 -0.29468
2850.0 3950.0 -0.16438
2950.0 3950.0 -0.08383
3050.0 3950.0 -0.08591
3150.0 3950.0 -0.18456
3250.0 3950.0 -0.37256
3350.0 3950.0 -0.62485
3450.0 3950.0 -0.90748
3550.0 3950.0 -1.19201
3650.0 3950.0 -1.48235
3750.0 3950.0 -1.83976
3850.0 3950.0 -2.26087
3950.0 3950.0 -2.67359
4050.0 3950.0 -2.98597
4150.0 3950.0 -3.12212
4250.0 3950.0 -3.04497
4350.0 3950.0 -2.76572
4450.0 3950.0 -2.34009
4550.0 3950.0 -1.85133
4650.0 3950.0 -1.38004
4750.0 3950.0 -0.96063
4850.0 3950.0 -0.55307
4950.0 3950.0 -0.15093
5050.0 3950.0 0.19591
5150.0 3950.0 0.42397
5250.0 3950.0 0.48424
5350.0 3950.0 0.35996
5450.0 3950.0 0.07406
5550.0 3950.0 -0.31372
5650.0 3950.0 -0.72006
5750.0 3950.0 -1.06158
5850.0 3950.0 -1.28869
5950.0 3950.0 -1.42916
6050.0 3950.0 -1.55661
6150.0 3950.0 -1.67008
6250.0 3950.0 -1.75427
6350.0 3950.0 -1.79663
50.0 4050.0 1.55327
150.0 4050.0 1.64782
250.0 4050.0 1.68006
350.0 4050.0 1.61485
450.0 4050.0 1.44409
550.0 4050.0 1.18267
650.0 4050.0 0.86323
750.0 4050.0 0.52966
850.0 4050.0 0.22929
950.0 4050.0 0.00402
1050.0 4050.0 -0.12001
1150.0 4050.0 -0.14382
1250.0 4050.0 -0.10798
1350.0 4050.0 -0.06344
1450.0 4050.0 -0.01775
1550.0 4050.0 0.01985
1650.0 4050.0 0.03756
1750.0 4050.0 0.02622
1850.0 4050.0 -0.01752
1950.0 4050.0 -0.08988
2050.0 4050.0 -0.18053
2150.0 4050.0 -0.27512
2250.0 4050.0 -0.35965
2350.0 4050.0 -0.42685
2450.0 4050.0 -0.48293
2550.0 4050.0 -0.52653
2650.0 4050.0 -0.55045
2750.0 4050.0 -0.56241
2850.0 4050.0 -0.57749
2950.0 4050.0 -0.61137
3050.0 4050.0 -0.67553
3150.0 4050.0 -0.77454
3250.0 4050.0 -0.90532
3350.0 4050.0 -1.05842
3450.0 4050.0 -1.22141
3550.0 4050.0 -1.38420
3650.0 4050.0 -1.55438
3750.0 4050.0 -1.79019
3850.0 4050.0 -2.09906
3950.0 4050.0 -2.42695
4050.0 4050.0 -2.69809
4150.0 4050.0 -2.84494
4250.0 4050.0 -2.82777
4350.0 4050.0 -2.64402
4450.0 4050.0 -2.32745
4550.0 4050.0 -1.93698
4650.0 4050.0 -1.53530
4750.0 4050.0 -1.15720
4850.0 4050.0 -0.78933
4950.0 4050.0 -0.44581
5050.0 4050.0 -0.17374
5150.0 4050.0 -0.02126
5250.0 4050.0 -0.01867
5350.0 4050.0 -0.16738
5450.0 4050.0 -0.43664
5550.0 4050.0 -0.76817
5650.0 4050.0 -1.08853
5750.0 4050.0 -1.32939
5850.0 4050.0 -1.45563
5950.0 4050.0 -1.50050
6050.0 4050.0 -1.52947
6150.0 4050.0 -1.54142
6250.0 4050.0 -1.53596
6350.0 4050.0 -1.51987
50.0 4150.0 1.70335
150.0 4150.0 1.82756
250.0 4150.0 1.86401
350.0 4150.0 1.76938
450.0 4150.0 1.54053
550.0 4150.0 1.20511
650.0 4150.0 0.81172
750.0 4150.0 0.41966
850.0 4150.0 0.08831
950.0 4150.0 -0.13389
1050.0 4150.0 -0.22084
1150.0 4150.0 -0.18066
1250.0 4150.0 -0.06735
1350.0 4150.0 0.06453
1450.0 4150.0 0.21638
1550.0 4150.0 0.36972
1650.0 4150.0 0.49338
1750.0 4150.0 0.55820
1850.0 4150.0 0.54698
1950.0 4150.0 0.45952
2050.0 4150.0 0.31282
2150.0 4150.0 0.13653
2250.0 4150.0 -0.03650
2350.0 4150.0 -0.18448
2450.0 4150.0 -0.31495
2550.0 4150.0 -0.45594
2650.0 4150.0 -0.61571
2750.0 4150.0 -0.78644
2850.0 4150.0 -0.95322
2950.0 4150.0 -1.10074
3050.0 4150.0 -1.21794
3150.0 4150.0 -1.30070
3250.0 4150.0 -1.35248
3350.0 4150.0 -1.38291
3450.0 4150.0 -1.40444
3550.0 4150.0 -1.42689
3650.0 4150.0 -1.45975
3750.0 4150.0 -1.55734
3850.0 4150.0 -1.74001
3950.0 4150.0 -1.97443
4050.0 4150.0 -2.20315
4150.0 4150.0 -2.36765
4250.0 4150.0 -2.42454
4350.0 4150.0 -2.35493
4450.0 4150.0 -2.16695
4550.0 4150.0 -1.89134
4650.0 4150.0 -1.57037
4750.0 4150.0 -1.23969
4850.0 4150.0 -0.91694
4950.0 4150.0 -0.63895
5050.0 4150.0 -0.44903
5150.0 4150.0 -0.37778
5250.0 4150.0 -0.43456
5350.0 4150.0 -0.60389
5450.0 4150.0 -0.84695
5550.0 4150.0 -1.10787
5650.0 4150.0 -1.32520
5750.0 4150.0 -1.44816
5850.0 4150.0 -1.45795
5950.0 4150.0 -1.39341
6050.0 4150.0 -1.30947
6150.0 4150.0 -1.20417
6250.0 4150.0 -1.09393
6350.0 4150.0 -1.00770
50.0 4250.0 1.67255
150.0 4250.0 1.82785
250.0 4250.0 1.87480
350.0 4250.0 1.76423
450.0 4250.0 1.49809
550.0 4250.0 1.11520
650.0 4250.0 0.67738
750.0 4250.0 0.25611
850.0 4250.0 -0.08042
950.0 4250.0 -0.27980
1050.0 4250.0 -0.31736
1150.0 4250.0 -0.20779
1250.0 4250.0 -0.01556
1350.0 4250.0 0.20497
1450.0 4250.0 0.46505
1550.0 4250.0 0.73701
1650.0 4250.0 0.96999
1750.0 4250.0 1.11443
1850.0 4250.0 1.13883
1950.0 4250.0 1.03861
2050.0 4250.0 0.83729
2150.0 4250.0 0.57978
2250.0 4250.0 0.31797
2350.0 4250.0 0.08843
2450.0 4250.0 -0.11729
2550.0 4250.0 -0.35483
2650.0 4250.0 -0.64567
2750.0 4250.0 -0.96551
2850.0 4250.0 -1.26967
2950.0 4250.0 -1.51303
3050.0 4250.0 -1.66384
3150.0 4250.0 -1.71148
3250.0 4250.0 -1.66807
3350.0 4250.0 -1.56392
3450.0 4250.0 -1.43697
3550.0 4250.0 -1.31603
3650.0 4250.0 -1.20982
3750.0 4250.0 -1.16790
3850.0 4250.0 -1.22400
3950.0 4250.0 -1.36584
4050.0 4250.0 -1.55435
4150.0 4250.0 -1.73989
4250.0 4250.0 -1.87501
4350.0 4250.0 -1.92392
4450.0 4250.0 -1.86843
4550.0 4250.0 -1.71063
4650.0 4250.0 -1.47205
4750.0 4250.0 -1.18951
4850.0 4250.0 -0.91237
4950.0 4250.0 -0.70013
5050.0 4250.0 -0.59208
5150.0 4250.0 -0.60104
5250.0 4250.0 -0.71530
5350.0 4250.0 -0.90260
5450.0 4250.0 -1.11622
5550.0 4250.0 -1.30313
5650.0 4250.0 -1.41423
5750.0 4250.0 -1.41662
5850.0 4250.0 -1.30804
5950.0 4250.0 -1.13261
6050.0 4250.0 -0.93375
6150.0 4250.0 -0.70747
6250.0 4250.0 -0.48676
6350.0 4250.0 -0.32318
50.0 4350.0 1.46702
150.0 4350.0 1.65126
250.0 4350.0 1.71359
350.0 4350.0 1.60190
450.0 4350.0 1.32274
550.0 4350.0 0.92331
650.0 4350.0 0.47458
750.0 4350.0 0.05565
850.0 4350.0 -0.26059
950.0 4350.0 -0.42068
1050.0 4350.0 -0.40255
1150.0 4350.0 -0.22622
1250.0 4350.0 0.03740
1350.0 4350.0 0.33756
1450.0 4350.0 0.69452
1550.0 4350.0 1.07228
1650.0 4350.0 1.40228
1750.0 4350.0 1.61676
1850.0 4350.0 1.67148
1950.0 4350.0 1.55817
2050.0 4350.0 1.30635
2150.0 4350.0 0.97482
2250.0 4350.0 0.63262
2350.0 4350.0 0.32957
2450.0 4350.0 0.05628
2550.0 4350.0 -0.26581
2650.0 4350.0 -0.66738
2750.0 4350.0 -1.10851
2850.0 4350.0 -1.51841
2950.0 4350.0 -1.82690
3050.0 4350.0 -1.98596
3150.0 4350.0 -1.98163
3250.0 4350.0 -1.83603
3350.0 4350.0 -1.59957
3450.0 4350.0 -1.33342
3550.0 4350.0 -1.08215
3650.0 4350.0 -0.85090
3750.0 4350.0 -0.68369
3850.0 4350.0 -0.62645
3950.0 4350.0 -0.68584
4050.0 4350.0 -0.83927
4150.0 4350.0 -1.04495
4250.0 4350.0 -1.25167
4350.0 4350.0 -1.40827
4450.0 4350.0 -1.47282
4550.0 4350.0 -1.42151
4650.0 4350.0 -1.25728
4750.0 4350.0 -1.01807
4850.0 4350.0 -0.78198
4950.0 4350.0 -0.62906
5050.0 4350.0 -0.59504
5150.0 4350.0 -0.67676
5250.0 4350.0 -0.84351
5350.0 4350.0 -1.04785
5450.0 4350.0 -1.23587
5550.0 4350.0 -1.35697
5650.0 4350.0 -1.37308
5750.0 4350.0 -1.26739
5850.0 4350.0 -1.05249
5950.0 4350.0 -0.77734
6050.0 4350.0 -0.47435
6150.0 4350.0 -0.13615
6250.0 4350.0 0.19005
6350.0 4350.0 0.43216
50.0 4450.0 1.13125
150.0 4450.0 1.33909
250.0 4450.0 1.41916
350.0 4450.0 1.31928
450.0 4450.0 1.04968
550.0 4450.0 0.66247
650.0 4450.0 0.23311
750.0 4450.0 -0.15648
850.0 4450.0 -0.43284
950.0 4450.0 -0.54417
1050.0 4450.0 -0.47164
1150.0 4450.0 -0.23891
1250.0 4450.0 0.08096
1350.0 4450.0 0.44298
1450.0 4450.0 0.87411
1550.0 4450.0 1.33142
1650.0 4450.0 1.73264
1750.0 4450.0 1.99615
1850.0 4450.0 2.06843
1950.0 4450.0 1.93898
2050.0 4450.0 1.64270
2150.0 4450.0 1.24970
2250.0 4450.0 0.84265
2350.0 4450.0 0.48148
2450.0 4450.0 0.15543
2550.0 4450.0 -0.23026
2650.0 4450.0 -0.71058
2750.0 4450.0 -1.23249
2850.0 4450.0 -1.70553
2950.0 4450.0 -2.04181
3050.0 4450.0 -2.18316
3150.0 4450.0 -2.11577
3250.0 4450.0 -1.87201
3350.0 4450.0 -1.51966
3450.0 4450.0 -1.13841
3550.0 4450.0 -0.78372
3650.0 4450.0 -0.45463
3750.0 4450.0 -0.18933
3850.0 4450.0 -0.04314
3950.0 4450.0 -0.03755
4050.0 4450.0 -0.16289
4150.0 4450.0 -0.38358
4250.0 4450.0 -0.64555
4350.0 4450.0 -0.88569
4450.0 4450.0 -1.04358
4550.0 4450.0 -1.07523
4650.0 4450.0 -0.96900
4750.0 4450.0 -0.76365
4850.0 4450.0 -0.55983
4950.0 4450.0 -0.45430
5050.0 4450.0 -0.48038
5150.0 4450.0 -0.62240
5250.0 4450.0 -0.83453
5350.0 4450.0 -1.05697
5450.0 4450.0 -1.22967
5550.0 4450.0 -1.30339
5650.0 4450.0 -1.24829
5750.0 4450.0 -1.05990
5850.0 4450.0 -0.76254
5950.0 4450.0 -0.40946
6050.0 4450.0 -0.02398
6150.0 4450.0 0.40586
6250.0 4450.0 0.82260
6350.0 4450.0 1.13788
50.0 4550.0 0.73432
150.0 4550.0 0.95825
250.0 4550.0 1.05546
350.0 4550.0 0.97602
450.0 4550.0 0.73250
550.0 4550.0 0.37860
650.0 4550.0 -0.01009
750.0 4550.0 -0.35304
850.0 4550.0 -0.57955
950.0 4550.0 -0.64137
1050.0 4550.0 -0.52301
1150.0 4550.0 -0.24989
1250.0 4550.0 0.10643
1350.0 4550.0 0.50738
1450.0 4550.0 0.98305
1550.0 4550.0 1.48543
1650.0 4550.0 1.92363
1750.0 4550.0 2.20795
1850.0 4550.0 2.28005
1950.0 4550.0 2.12933
2050.0 4550.0 1.79533
2150.0 4550.0 1.35633
2250.0 4550.0 0.90405
2350.0 4550.0 0.50446
2450.0 4550.0 0.14469
2550.0 4550.0 -0.27886
2650.0 4550.0 -0.80059
2750.0 4550.0 -1.35800
2850.0 4550.0 -1.84890
2950.0 4550.0 -2.17622
3050.0 4550.0 -2.27831
3150.0 4550.0 -2.14459
3250.0 4550.0 -1.81686
3350.0 4550.0 -1.37590
3450.0 4550.0 -0.91367
3550.0 4550.0 -0.49095
3650.0 4550.0 -0.09910
3750.0 4550.0 0.22954
3850.0 4550.0 0.43391
3950.0 4550.0 0.48309
4050.0 4550.0 0.37834
4150.0 4550.0 0.15098
4250.0 4550.0 -0.14340
4350.0 4550.0 -0.43440
4450.0 4550.0 -0.65002
4550.0 4550.0 -0.73349
4650.0 4550.0 -0.66383
4750.0 4550.0 -0.48008
4850.0 4550.0 -0.29729
4950.0 4550.0 -0.22407
5050.0 4550.0 -0.29295
5150.0 4550.0 -0.48026
5250.0 4550.0 -0.72990
5350.0 4550.0 -0.97329
5450.0 4550.0 -1.14534
5550.0 4550.0 -1.19669
5650.0 4550.0 -1.10195
5750.0 4550.0 -0.86414
5850.0 4550.0 -0.51528
5950.0 4550.0 -0.11237
6050.0 4550.0 0.32732
6150.0 4550.0 0.82131
6250.0 4550.0 1.30671
6350.0 4550.0 1.68437
50.0 4650.0 0.34476
150.0 4650.0 0.57698
250.0 4650.0 0.68843
350.0 4650.0 0.63280
450.0 4650.0 0.42376
550.0 4650.0 0.11383
650.0 4650.0 -0.22440
750.0 4650.0 -0.51470
850.0 4650.0 -0.69121
950.0 4650.0 -0.71008
1050.0 4650.0 -0.55874
1150.0 4650.0 -0.26280
1250.0 4650.0 0.11023
1350.0 4650.0 0.52733
1450.0 4650.0 1.01798
1550.0 4650.0 1.53087
1650.0 4650.0 1.97155
1750.0 4650.0 2.24796
1850.0 4650.0 2.30153
1950.0 4650.0 2.12367
2050.0 4650.0 1.75799
2150.0 4650.0 1.28782
2250.0 4650.0 0.80948
2350.0 4650.0 0.39092
2450.0 4650.0 0.01621
2550.0 4650.0 -0.42048
2650.0 4650.0 -0.94910
2750.0 4650.0 -1.50159
2850.0 4650.0 -1.97164
2950.0 4650.0 -2.26091
3050.0 4650.0 -2.30996
3150.0 4650.0 -2.11372
3250.0 4650.0 -1.72177
3350.0 4650.0 -1.22308
3450.0 4650.0 -0.71562
3550.0 4650.0 -0.26041
3650.0 4650.0 0.15950
3750.0 4650.0 0.51722
3850.0 4650.0 0.74975
3950.0 4650.0 0.82208
4050.0 4650.0 0.73145
4150.0 4650.0 0.50679
4250.0 4650.0 0.20371
4350.0 4650.0 -0.10477
4450.0 4650.0 -0.34206
4550.0 4650.0 -0.44602
4650.0 4650.0 -0.39150
4750.0 4650.0 -0.21719
4850.0 4650.0 -0.04430
4950.0 4650.0 0.01133
5050.0 4650.0 -0.08367
5150.0 4650.0 -0.30204
5250.0 4650.0 -0.58226
5350.0 4650.0 -0.85033
5450.0 4650.0 -1.03721
5550.0 4650.0 -1.09174
5650.0 4650.0 -0.98919
5750.0 4650.0 -0.73527
5850.0 4650.0 -0.36574
5950.0 4650.0 0.05918
6050.0 4650.0 0.52489
6150.0 4650.0 1.05494
6250.0 4650.0 1.58562
6350.0 4650.0 2.01251
50.0 4750.0 -0.00571
150.0 4750.0 0.22934
250.0 4750.0 0.35193
350.0 4750.0 0.31980
450.0 4750.0 0.14686
550.0 4750.0 -0.11702
650.0 4750.0 -0.40390
750.0 4750.0 -0.64313
850.0 4750.0 -0.77441
950.0 4750.0 -0.75841
1050.0 4750.0 -0.58495
1150.0 4750.0 -0.27881
1250.0 4750.0 0.09756
1350.0 4750.0 0.51546
1450.0 4750.0 1.00116
1550.0 4750.0 1.50113
1650.0 4750.0 1.92078
1750.0 4750.0 2.16963
1850.0 4750.0 2.19190
1950.0 4750.0 1.98260
2050.0 4750.0 1.58895
2150.0 4750.0 1.09735
2250.0 4750.0 0.60571
2350.0 4750.0 0.18119
2450.0 4750.0 -0.19584
2550.0 4750.0 -0.62947
2650.0 4750.0 -1.14303
2750.0 4750.0 -1.66566
2850.0 4750.0 -2.09194
2950.0 4750.0 -2.32724
3050.0 4750.0 -2.31780
3150.0 4750.0 -2.06513
3250.0 4750.0 -1.62509
3350.0 4750.0 -1.09141
3450.0 4750.0 -0.56371
3550.0 4750.0 -0.10011
3650.0 4750.0 0.32454
3750.0 4750.0 0.68842
3850.0 4750.0 0.92916
3950.0 4750.0 1.01126
4050.0 4750.0 0.93089
4150.0 4750.0 0.71576
4250.0 4750.0 0.42049
4350.0 4750.0 0.11744
4450.0 4750.0 -0.11690
4550.0 4750.0 -0.22005
4650.0 4750.0 -0.16614
4750.0 4750.0 0.00694
4850.0 4750.0 0.17735
4950.0 4750.0 0.22520
5050.0 4750.0 0.11510
5150.0 4750.0 -0.12513
5250.0 4750.0 -0.43169
5350.0 4750.0 -0.72742
5450.0 4750.0 -0.93997
5550.0 4750.0 -1.01526
5650.0 4750.0 -0.92661
5750.0 4750.0 -0.67913
5850.0 4750.0 -0.30969
5950.0 4750.0 0.11852
6050.0 4750.0 0.59120
6150.0 4750.0 1.13801
6250.0 4750.0 1.69742
6350.0 4750.0 2.16348
50.0 4850.0 -0.36112
150.0 4850.0 -0.12784
250.0 4850.0 0.00239
350.0 4850.0 -0.00815
450.0 4850.0 -0.14528
550.0 4850.0 -0.36218
650.0 4850.0 -0.59613
750.0 4850.0 -0.78281
850.0 4850.0 -0.86819
950.0 4850.0 -0.81800
1050.0 4850.0 -0.62475
1150.0 4850.0 -0.31229
1250.0 4850.0 0.06270
1350.0 4850.0 0.47631
1450.0 4850.0 0.95159
1550.0 4850.0 1.43382
1650.0 4850.0 1.82963
1750.0 4850.0 2.05119
1850.0 4850.0 2.04605
1950.0 4850.0 1.81244
2050.0 4850.0 1.40022
2150.0 4850.0 0.89727
2250.0 4850.0 0.40154
2350.0 4850.0 -0.02145
2450.0 4850.0 -0.39431
2550.0 4850.0 -0.81741
2650.0 4850.0 -1.30711
2750.0 4850.0 -1.79125
2850.0 4850.0 -2.16732
2950.0 4850.0 -2.34621
3050.0 4850.0 -2.28075
3150.0 4850.0 -1.97887
3250.0 4850.0 -1.50149
3350.0 4850.0 -0.94510
3450.0 4850.0 -0.40901
3550.0 4850.0 0.05265
3650.0 4850.0 0.47236
3750.0 4850.0 0.83225
3850.0 4850.0 1.07121
3950.0 4850.0 1.15451
4050.0 4850.0 1.07862
4150.0 4850.0 0.87090
4250.0 4850.0 0.58500
4350.0 4850.0 0.29191
4450.0 4850.0 0.06656
4550.0 4850.0 -0.02993
4650.0 4850.0 0.02764
4750.0 4850.0 0.20202
4850.0 4850.0 0.37239
4950.0 4850.0 0.41601
5050.0 4850.0 0.29550
5150.0 4850.0 0.03849
5250.0 4850.0 -0.28995
5350.0 4850.0 -0.61040
5450.0 4850.0 -0.84767
5550.0 4850.0 -0.94489
5650.0 4850.0 -0.87304
5750.0 4850.0 -0.63597
5850.0 4850.0 -0.27092
5950.0 4850.0 0.15637
6050.0 4850.0 0.63142
6150.0 4850.0 1.18954
6250.0 4850.0 1.77182
6350.0 4850.0 2.27168
50.0 4950.0 -0.77164
150.0 4950.0 -0.55695
250.0 4950.0 -0.43269
350.0 4950.0 -0.42985
450.0 4950.0 -0.53318
550.0 4950.0 -0.69933
650.0 4950.0 -0.87236
750.0 4950.0 -0.99666
850.0 4950.0 -1.02734
950.0 4950.0 -0.93789
1050.0 4950.0 -0.72540
1150.0 4950.0 -0.41307
1250.0 4950.0 -0.04959
1350.0 4950.0 0.34936
1450.0 4950.0 0.80592
1550.0 4950.0 1.26766
1650.0 4950.0 1.64573
1750.0 4950.0 1.85686
1850.0 4950.0 1.85167
1950.0 4950.0 1.62914
2050.0 4950.0 1.23733
2150.0 4950.0 0.76041
2250.0 4950.0 0.29183
2350.0 4950.0 -0.10623
2450.0 4950.0 -0.45572
2550.0 4950.0 -0.84744
2650.0 4950.0 -1.29114
2750.0 4950.0 -1.71768
2850.0 4950.0 -2.03271
2950.0 4950.0 -2.15664
3050.0 4950.0 -2.05035
3150.0 4950.0 -1.72654
3250.0 4950.0 -1.24680
3350.0 4950.0 -0.70445
3450.0 4950.0 -0.19292
3550.0 4950.0 0.23998
3650.0 4950.0 0.63018
3750.0 4950.0 0.95931
3850.0 4950.0 1.16793
3950.0 4950.0 1.22518
4050.0 4950.0 1.13139
4150.0 4950.0 0.91634
4250.0 4950.0 0.63388
4350.0 4950.0 0.35273
4450.0 4950.0 0.14364
4550.0 4950.0 0.06275
4650.0 4950.0 0.13132
4750.0 4950.0 0.31160
4850.0 4950.0 0.48650
4950.0 4950.0 0.53368
5050.0 4950.0 0.41459
5150.0 4950.0 0.15589
5250.0 4950.0 -0.17779
5350.0 4950.0 -0.50677
5450.0 4950.0 -0.75496
5550.0 4950.0 -0.86399
5650.0 4950.0 -0.80311
5750.0 4950.0 -0.57470
5850.0 4950.0 -0.21534
5950.0 4950.0 0.20828
6050.0 4950.0 0.68156
6150.0 4950.0 1.24324
6250.0 4950.0 1.83644
6350.0 4950.0 2.35476
50.0 5050.0 -1.20534
150.0 5050.0 -1.03394
250.0 5050.0 -0.93641
350.0 5050.0 -0.93429
450.0 5050.0 -1.01000
550.0 5050.0 -1.12404
650.0 5050.0 -1.22907
750.0 5050.0 -1.28122
850.0 5050.0 -1.24830
950.0 5050.0 -1.11516
1050.0 5050.0 -0.88602
1150.0 5050.0 -0.58395
1250.0 5050.0 -0.24681
1350.0 5050.0 0.12189
1450.0 5050.0 0.54568
1550.0 5050.0 0.97903
1650.0 5050.0 1.34258
1750.0 5050.0 1.56092
1850.0 5050.0 1.58814
1950.0 5050.0 1.42112
2050.0 5050.0 1.10058
2150.0 5050.0 0.69990
2250.0 5050.0 0.30163
2350.0 5050.0 -0.03813
2450.0 5050.0 -0.33625
2550.0 5050.0 -0.66631
2650.0 5050.0 -1.03209
2750.0 5050.0 -1.37380
2850.0 5050.0 -1.61289
2950.0 5050.0 -1.68507
3050.0 5050.0 -1.56122
3150.0 5050.0 -1.25630
3250.0 5050.0 -0.82610
3350.0 5050.0 -0.35195
3450.0 5050.0 0.08669
3550.0 5050.0 0.45164
3650.0 5050.0 0.77658
3750.0 5050.0 1.03664
3850.0 5050.0 1.17529
3950.0 5050.0 1.17002
4050.0 5050.0 1.03005
4150.0 5050.0 0.79123
4250.0 5050.0 0.50863
4350.0 5050.0 0.24689
4450.0 5050.0 0.06823
4550.0 5050.0 0.01828
4650.0 5050.0 0.10954
4750.0 5050.0 0.30260
4850.0 5050.0 0.48862
4950.0 5050.0 0.55021
5050.0 5050.0 0.44870
5150.0 5050.0 0.20864
5250.0 5050.0 -0.10815
5350.0 5050.0 -0.42449
5450.0 5050.0 -0.66579
5550.0 5050.0 -0.77391
5650.0 5050.0 -0.71705
5750.0 5050.0 -0.49565
5850.0 5050.0 -0.14423
5950.0 5050.0 0.27168
6050.0 5050.0 0.73719
6150.0 5050.0 1.29129
6250.0 5050.0 1.87830
6350.0 5050.0 2.39319
50.0 5150.0 -1.58561
150.0 5150.0 -1.48243
250.0 5150.0 -1.43368
350.0 5150.0 -1.44916
450.0 5150.0 -1.50780
550.0 5150.0 -1.57390
650.0 5150.0 -1.61004
750.0 5150.0 -1.58631
850.0 5150.0 -1.48620
950.0 5150.0 -1.30890
1050.0 5150.0 -1.06809
1150.0 5150.0 -0.78733
1250.0 5150.0 -0.49147
1350.0 5150.0 -0.16927
1450.0 5150.0 0.20506
1550.0 5150.0 0.59693
1650.0 5150.0 0.94161
1750.0 5150.0 1.17549
1850.0 5150.0 1.25759
1950.0 5150.0 1.18098
2050.0 5150.0 0.97452
2150.0 5150.0 0.69451
2250.0 5150.0 0.40655
2350.0 5150.0 0.15747
2450.0 5150.0 -0.06132
2550.0 5150.0 -0.29956
2650.0 5150.0 -0.55597
2750.0 5150.0 -0.78649
2850.0 5150.0 -0.93596
2950.0 5150.0 -0.96101
3050.0 5150.0 -0.84439
3150.0 5150.0 -0.60062
3250.0 5150.0 -0.27300
3350.0 5150.0 0.07797
3450.0 5150.0 0.39496
3550.0 5150.0 0.65265
3650.0 5150.0 0.87666
3750.0 5150.0 1.03037
3850.0 5150.0 1.06207
3950.0 5150.0 0.96222
4050.0 5150.0 0.75367
4150.0 5150.0 0.48133
4250.0 5150.0 0.20182
4350.0 5150.0 -0.02695
4450.0 5150.0 -0.15620
4550.0 5150.0 -0.15679
4650.0 5150.0 -0.02975
4750.0 5150.0 0.18317
4850.0 5150.0 0.38681
4950.0 5150.0 0.47299
5050.0 5150.0 0.40377
5150.0 5150.0 0.20042
5250.0 5150.0 -0.08024
5350.0 5150.0 -0.36595
5450.0 5150.0 -0.58570
5550.0 5150.0 -0.68292
5650.0 5150.0 -0.62517
5750.0 5150.0 -0.41038
5850.0 5150.0 -0.06963
5950.0 5150.0 0.33450
6050.0 5150.0 0.78630
6150.0 5150.0 1.32190
6250.0 5150.0 1.88604
6350.0 5150.0 2.37623
50.0 5250.0 -1.83242
150.0 5250.0 -1.81689
250.0 5250.0 -1.83536
350.0 5250.0 -1.88481
450.0 5250.0 -1.93971
550.0 5250.0 -1.96780
650.0 5250.0 -1.94176
750.0 5250.0 -1.84661
850.0 5250.0 -1.68293
950.0 5250.0 -1.46591
1050.0 5250.0 -1.22015
1150.0 5250.0 -0.97030
1250.0 5250.0 -0.72734
1350.0 5250.0 -0.46490
1450.0 5250.0 -0.15602
1550.0 5250.0 0.17808
1650.0 5250.0 0.49139
1750.0 5250.0 0.73601
1850.0 5250.0 0.87816
1950.0 5250.0 0.90725
2050.0 5250.0 0.83802
2150.0 5250.0 0.70585
2250.0 5250.0 0.55505
2350.0 5250.0 0.42030
2450.0 5250.0 0.30228
2550.0 5250.0 0.17883
2650.0 5250.0 0.05538
2750.0 5250.0 -0.04476
2850.0 5250.0 -0.09555
2950.0 5250.0 -0.07878
3050.0 5250.0 0.00977
3150.0 5250.0 0.15825
3250.0 5250.0 0.34115
3350.0 5250.0 0.52578
3450.0 5250.0 0.68319
3550.0 5250.0 0.80329
3650.0 5250.0 0.89910
3750.0 5250.0 0.91906
3850.0 5250.0 0.81862
3950.0 5250.0 0.60491
4050.0 5250.0 0.31763
4150.0 5250.0 0.01238
4250.0 5250.0 -0.25336
4350.0 5250.0 -0.43132
4450.0 5250.0 -0.49081
4550.0 5250.0 -0.42420
4650.0 5250.0 -0.24969
4750.0 5250.0 -0.01118
4850.0 5250.0 0.21493
4950.0 5250.0 0.33271
5050.0 5250.0 0.30531
5150.0 5250.0 0.14981
5250.0 5250.0 -0.08342
5350.0 5250.0 -0.32853
5450.0 5250.0 -0.51927
5550.0 5250.0 -0.60123
5650.0 5250.0 -0.54128
5750.0 5250.0 -0.33427
5850.0 5250.0 -0.00685
5950.0 5250.0 0.38230
6050.0 5250.0 0.81588
6150.0 5250.0 1.32486
6250.0 5250.0 1.85386
6350.0 5250.0 2.30379
50.0 5350.0 -1.89110
150.0 5350.0 -1.97329
250.0 5350.0 -2.07025
350.0 5350.0 -2.16632
450.0 5350.0 -2.23106
550.0 5350.0 -2.23488
650.0 5350.0 -2.15978
750.0 5350.0 -2.00503
850.0 5350.0 -1.78798
950.0 5350.0 -1.53977
1050.0 5350.0 -1.29620
1150.0 5350.0 -1.08355
1250.0 5350.0 -0.89945
1350.0 5350.0 -0.70445
1450.0 5350.0 -0.47319
1550.0 5350.0 -0.21325
1650.0 5350.0 0.05043
1750.0 5350.0 0.28866
1850.0 5350.0 0.47765
1950.0 5350.0 0.60495
2050.0 5350.0 0.67183
2150.0 5350.0 0.69199
2250.0 5350.0 0.68677
2350.0 5350.0 0.67663
2450.0 5350.0 0.67004
2550.0 5350.0 0.67268
2650.0 5350.0 0.69326
2750.0 5350.0 0.73177
2850.0 5350.0 0.78227
2950.0 5350.0 0.83594
3050.0 5350.0 0.88356
3150.0 5350.0 0.91742
3250.0 5350.0 0.93264
3350.0 5350.0 0.92803
3450.0 5350.0 0.90621
3550.0 5350.0 0.87335
3650.0 5350.0 0.82742
3750.0 5350.0 0.70154
3850.0 5350.0 0.46054
3950.0 5350.0 0.13026
4050.0 5350.0 -0.23154
4150.0 5350.0 -0.55877
4250.0 5350.0 -0.79462
4350.0 5350.0 -0.90316
4450.0 5350.0 -0.87510
4550.0 5350.0 -0.72747
4650.0 5350.0 -0.49745
4750.0 5350.0 -0.23013
4850.0 5350.0 0.02070
4950.0 5350.0 0.17256
5050.0 5350.0 0.18944
5150.0 5350.0 0.08378
5250.0 5350.0 -0.10092
5350.0 5350.0 -0.30549
5450.0 5350.0 -0.46845
5550.0 5350.0 -0.53729
5650.0 5350.0 -0.47775
5750.0 5350.0 -0.28105
5850.0 5350.0 0.03097
5950.0 5350.0 0.40348
6050.0 5350.0 0.81667
6150.0 5350.0 1.29531
6250.0 5350.0 1.78368
6350.0 5350.0 2.18654
50.0 5450.0 -1.74865
150.0 5450.0 -1.92748
250.0 5450.0 -2.10482
350.0 5450.0 -2.25387
450.0 5450.0 -2.33938
550.0 5450.0 -2.33349
650.0 5450.0 -2.22583
750.0 5450.0 -2.02795
850.0 5450.0 -1.77190
950.0 5450.0 -1.50316
1050.0 5450.0 -1.26785
1150.0 5450.0 -1.09412
1250.0 5450.0 -0.96816
1350.0 5450.0 -0.84123
1450.0 5450.0 -0.69350
1550.0 5450.0 -0.52069
1650.0 5450.0 -0.32663
1750.0 5450.0 -0.12021
1850.0 5450.0 0.08740
1950.0 5450.0 0.28504
2050.0 5450.0 0.46361
2150.0 5450.0 0.61769
2250.0 5450.0 0.74683
2350.0 5450.0 0.85643
2450.0 5450.0 0.95930
2550.0 5450.0 1.08560
2650.0 5450.0 1.24683
2750.0 5450.0 1.41991
2850.0 5450.0 1.56755
2950.0 5450.0 1.65458
3050.0 5450.0 1.65890
3150.0 5450.0 1.57721
3250.0 5450.0 1.42526
3350.0 5450.0 1.23298
3450.0 5450.0 1.03412
3550.0 5450.0 0.85067
3650.0 5450.0 0.66564
3750.0 5450.0 0.39918
3850.0 5450.0 0.02721
3950.0 5450.0 -0.40566
4050.0 5450.0 -0.82481
4150.0 5450.0 -1.15543
4250.0 5450.0 -1.34341
4350.0 5450.0 -1.36709
4450.0 5450.0 -1.23995
4550.0 5450.0 -1.00433
4650.0 5450.0 -0.71601
4750.0 5450.0 -0.41976
4850.0 5450.0 -0.14496
4950.0 5450.0 0.03853
5050.0 5450.0 0.09479
5150.0 5450.0 0.03170
5250.0 5450.0 -0.11347
5350.0 5450.0 -0.28725
5450.0 5450.0 -0.43181
5550.0 5450.0 -0.49553
5650.0 5450.0 -0.44222
5750.0 5450.0 -0.25913
5850.0 5450.0 0.03642
5950.0 5450.0 0.39244
6050.0 5450.0 0.78578
6150.0 5450.0 1.23539
6250.0 5450.0 1.68542
6350.0 5450.0 2.04435
50.0 5550.0 -1.43756
150.0 5550.0 -1.70093
250.0 5550.0 -1.95070
350.0 5550.0 -2.15133
450.0 5550.0 -2.26339
550.0 5550.0 -2.25983
650.0 5550.0 -2.13582
750.0 5550.0 -1.91219
850.0 5550.0 -1.63248
950.0 5550.0 -1.35361
1050.0 5550.0 -1.13014
1150.0 5550.0 -0.99210
1250.0 5550.0 -0.91695
1350.0 5550.0 -0.85151
1450.0 5550.0 -0.78555
1550.0 5550.0 -0.70648
1650.0 5550.0 -0.59921
1750.0 5550.0 -0.45259
1850.0 5550.0 -0.26333
1950.0 5550.0 -0.03749
2050.0 5550.0 0.21046
2150.0 5550.0 0.46115
2250.0 5550.0 0.69619
2350.0 5550.0 0.90655
2450.0 5550.0 1.10456
2550.0 5550.0 1.33886
2650.0 5550.0 1.62355
2750.0 5550.0 1.91560
2850.0 5550.0 2.15034
2950.0 5550.0 2.26940
3050.0 5550.0 2.23916
3150.0 5550.0 2.05976
3250.0 5550.0 1.76463
3350.0 5550.0 1.41058
3450.0 5550.0 1.05840
3550.0 5550.0 0.74402
3650.0 5550.0 0.43825
3750.0 5550.0 0.05277
3850.0 5550.0 -0.42459
3950.0 5550.0 -0.93251
4050.0 5550.0 -1.38264
4150.0 5550.0 -1.69456
4250.0 5550.0 -1.81893
4350.0 5550.0 -1.74898
4450.0 5550.0 -1.52015
4550.0 5550.0 -1.19804
4650.0 5550.0 -0.85456
4750.0 5550.0 -0.53240
4850.0 5550.0 -0.23720
4950.0 5550.0 -0.02895
5050.0 5550.0 0.05547
5150.0 5550.0 0.01999
5250.0 5550.0 -0.10280
5350.0 5550.0 -0.26309
5450.0 5550.0 -0.40473
5550.0 5550.0 -0.47538
5650.0 5550.0 -0.43603
5750.0 5550.0 -0.26990
5850.0 5550.0 0.00935
5950.0 5550.0 0.35084
6050.0 5550.0 0.72748
6150.0 5550.0 1.15419
6250.0 5550.0 1.57545
6350.0 5550.0 1.90286
50.0 5650.0 -1.02718
150.0 5650.0 -1.35420
250.0 5650.0 -1.65996
350.0 5650.0 -1.90303
450.0 5650.0 -2.04087
550.0 5650.0 -2.04657
650.0 5650.0 -1.91863
750.0 5650.0 -1.68391
850.0 5650.0 -1.39363
950.0 5650.0 -1.11255
1050.0 5650.0 -0.90118
1150.0 5650.0 -0.79115
1250.0 5650.0 -0.75422
1350.0 5650.0 -0.73761
1450.0 5650.0 -0.74413
1550.0 5650.0 -0.75742
1650.0 5650.0 -0.74758
1750.0 5650.0 -0.68549
1850.0 5650.0 -0.55268
1950.0 5650.0 -0.34657
2050.0 5650.0 -0.08107
2150.0 5650.0 0.21732
2250.0 5650.0 0.51803
2350.0 5650.0 0.79956
2450.0 5650.0 1.06875
2550.0 5650.0 1.38499
2650.0 5650.0 1.76535
2750.0 5650.0 2.15220
2850.0 5650.0 2.46005
2950.0 5650.0 2.61238
3050.0 5650.0 2.56591
3150.0 5650.0 2.32226
3250.0 5650.0 1.92712
3350.0 5650.0 1.45679
3450.0 5650.0 0.99220
3550.0 5650.0 0.58031
3650.0 5650.0 0.18446
3750.0 5650.0 -0.28623
3850.0 5650.0 -0.83234
3950.0 5650.0 -1.37955
4050.0 5650.0 -1.83040
4150.0 5650.0 -2.10257
4250.0 5650.0 -2.15321
4350.0 5650.0 -1.98967
4450.0 5650.0 -1.66630
4550.0 5650.0 -1.26762
4650.0 5650.0 -0.87758
4750.0 5650.0 -0.53515
4850.0 5650.0 -0.22531
4950.0 5650.0 -0.00226
5050.0 5650.0 0.09499
5150.0 5650.0 0.06738
5250.0 5650.0 -0.05493
5350.0 5650.0 -0.22316
5450.0 5650.0 -0.38036
5550.0 5650.0 -0.47166
5650.0 5650.0 -0.45436
5750.0 5650.0 -0.30787
5850.0 5650.0 -0.04347
5950.0 5650.0 0.28689
6050.0 5650.0 0.65203
6150.0 5650.0 1.06558
6250.0 5650.0 1.47315
6350.0 5650.0 1.78841
50.0 5750.0 -0.60263
150.0 5750.0 -0.96788
250.0 5750.0 -1.30812
350.0 5750.0 -1.57880
450.0 5750.0 -1.73553
550.0 5750.0 -1.75118
650.0 5750.0 -1.62580
750.0 5750.0 -1.38928
850.0 5750.0 -1.09690
950.0 5750.0 -0.81767
1050.0 5750.0 -0.61545
1150.0 5750.0 -0.52289
1250.0 5750.0 -0.50892
1350.0 5750.0 -0.52504
1450.0 5750.0 -0.58925
1550.0 5750.0 -0.68614
1650.0 5750.0 -0.77609
1750.0 5750.0 -0.81549
1850.0 5750.0 -0.77124
1950.0 5750.0 -0.62932
2050.0 5750.0 -0.39751
2150.0 5750.0 -0.10231
2250.0 5750.0 0.22011
2350.0 5750.0 0.53865
2450.0 5750.0 0.85024
2550.0 5750.0 1.21731
2650.0 5750.0 1.66059
2750.0 5750.0 2.11437
2850.0 5750.0 2.48017
2950.0 5750.0 2.66925
3050.0 5750.0 2.63065
3150.0 5750.0 2.36489
3250.0 5750.0 1.92321
3350.0 5750.0 1.39239
3450.0 5750.0 0.86511
3550.0 5750.0 0.39600
3650.0 5750.0 -0.05319
3750.0 5750.0 -0.56984
3850.0 5750.0 -1.14430
3950.0 5750.0 -1.69388
4050.0 5750.0 -2.11715
4150.0 5750.0 -2.33350
4250.0 5750.0 -2.30760
4350.0 5750.0 -2.05889
4450.0 5750.0 -1.65617
4550.0 5750.0 -1.19706
4650.0 5750.0 -0.77266
4750.0 5750.0 -0.41705
4850.0 5750.0 -0.09934
4950.0 5750.0 0.12745
5050.0 5750.0 0.22110
5150.0 5750.0 0.18075
5250.0 5750.0 0.03654
5350.0 5750.0 -0.16100
5450.0 5750.0 -0.35166
5550.0 5750.0 -0.47633
5650.0 5750.0 -0.48797
5750.0 5750.0 -0.36265
5850.0 5750.0 -0.11073
5950.0 5750.0 0.21265
6050.0 5750.0 0.57245
6150.0 5750.0 0.98426
6250.0 5750.0 1.39567
6350.0 5750.0 1.72121
50.0 5850.0 -0.23121
150.0 5850.0 -0.61112
250.0 5850.0 -0.96498
350.0 5850.0 -1.24721
450.0 5850.0 -1.41272
550.0 5850.0 -1.43419
650.0 5850.0 -1.31201
750.0 5850.0 -1.07700
850.0 5850.0 -0.78573
950.0 5850.0 -0.50865
1050.0 5850.0 -0.31078
1150.0 5850.0 -0.22522
1250.0 5850.0 -0.22010
1350.0 5850.0 -0.25358
1450.0 5850.0 -0.35962
1550.0 5850.0 -0.52758
1650.0 5850.0 -0.71294
1750.0 5850.0 -0.86138
1850.0 5850.0 -0.92656
1950.0 5850.0 -0.88147
2050.0 5850.0 -0.72352
2150.0 5850.0 -0.47328
2250.0 5850.0 -0.16682
2350.0 5850.0 0.15819
2450.0 5850.0 0.48577
2550.0 5850.0 0.87520
2650.0 5850.0 1.35169
2750.0 5850.0 1.84753
2850.0 5850.0 2.25840
2950.0 5850.0 2.48865
3050.0 5850.0 2.48138
3150.0 5850.0 2.23347
3250.0 5850.0 1.79541
3350.0 5850.0 1.25604
3450.0 5850.0 0.71216
3550.0 5850.0 0.22296
3650.0 5850.0 -0.24588
3750.0 5850.0 -0.77332
3850.0 5850.0 -1.34129
3950.0 5850.0 -1.86310
4050.0 5850.0 -2.23782
4150.0 5850.0 -2.38938
4250.0 5850.0 -2.29021
4350.0 5850.0 -1.96939
4450.0 5850.0 -1.50539
4550.0 5850.0 -1.00337
4650.0 5850.0 -0.55702
4750.0 5850.0 -0.19493
4850.0 5850.0 0.12452
4950.0 5850.0 0.34546
5050.0 5850.0 0.42166
5150.0 5850.0 0.35159
5250.0 5850.0 0.16741
5350.0 5850.0 -0.07634
5450.0 5850.0 -0.31419
5550.0 5850.0 -0.48158
5650.0 5850.0 -0.52673
5750.0 5850.0 -0.42291
5850.0 5850.0 -0.18089
5950.0 5850.0 0.13938
6050.0 5850.0 0.49946
6150.0 5850.0 0.91983
6250.0 5850.0 1.35082
6350.0 5850.0 1.70670
50.0 5950.0 0.08344
150.0 5950.0 -0.29787
250.0 5950.0 -0.65323
350.0 5950.0 -0.93708
450.0 5950.0 -1.10425
550.0 5950.0 -1.12734
650.0 5950.0 -1.00666
750.0 5950.0 -0.77298
850.0 5950.0 -0.48287
950.0 5950.0 -0.20678
1050.0 5950.0 -0.00979
1150.0 5950.0 0.07492
1250.0 5950.0 0.07912
1350.0 5950.0 0.03711
1450.0 5950.0 -0.10096
1550.0 5950.0 -0.33111
1650.0 5950.0 -0.60671
1750.0 5950.0 -0.86508
1850.0 5950.0 -1.04776
1950.0 5950.0 -1.11430
2050.0 5950.0 -1.04975
2150.0 5950.0 -0.86573
2250.0 5950.0 -0.59512
2350.0 5950.0 -0.28035
2450.0 5950.0 0.04848
2550.0 5950.0 0.44441
2650.0 5950.0 0.93768
2750.0 5950.0 1.46197
2850.0 5950.0 1.91113
2950.0 5950.0 2.18555
3050.0 5950.0 2.22330
3150.0 5950.0 2.01613
3250.0 5950.0 1.61021
3350.0 5950.0 1.09172
3450.0 5950.0 0.55721
3550.0 5950.0 0.06883
3650.0 5950.0 -0.40077
3750.0 5950.0 -0.91959
3850.0 5950.0 -1.46243
3950.0 5950.0 -1.94110
4050.0 5950.0 -2.25756
4150.0 5950.0 -2.34169
4250.0 5950.0 -2.17354
4350.0 5950.0 -1.79014
4450.0 5950.0 -1.27678
4550.0 5950.0 -0.74282
4650.0 5950.0 -0.28201
4750.0 5950.0 0.08264
4850.0 5950.0 0.40039
4950.0 5950.0 0.61029
5050.0 5950.0 0.66179
5150.0 5950.0 0.55328
5250.0 5950.0 0.32005
5350.0 5950.0 0.02182
5450.0 5950.0 -0.26976
5550.0 5950.0 -0.48407
5650.0 5950.0 -0.56452
5750.0 5950.0 -0.48196
5850.0 5950.0 -0.24822
5950.0 5950.0 0.07108
6050.0 5950.0 0.43451
6150.0 5950.0 0.86910
6250.0 5950.0 1.32827
6350.0 5950.0 1.72544
50.0 6050.0 0.41075
150.0 6050.0 0.03107
250.0 6050.0 -0.32471
350.0 6050.0 -0.61219
450.0 6050.0 -0.78650
550.0 6050.0 -0.81971
650.0 6050.0 -0.71109
750.0 6050.0 -0.48995
850.0 6050.0 -0.21129
950.0 6050.0 0.05583
1050.0 6050.0 0.24718
1150.0 6050.0 0.32957
1250.0 6050.0 0.33336
1350.0 6050.0 0.28373
1450.0 6050.0 0.11509
1550.0 6050.0 -0.17515
1650.0 6050.0 -0.53840
1750.0 6050.0 -0.90390
1850.0 6050.0 -1.20136
1950.0 6050.0 -1.37718
2050.0 6050.0 -1.40425
2150.0 6050.0 -1.28534
2250.0 6050.0 -1.05009
2350.0 6050.0 -0.74552
2450.0 6050.0 -0.41561
2550.0 6050.0 -0.01432
2650.0 6050.0 0.49320
2750.0 6050.0 1.04282
2850.0 6050.0 1.52797
2950.0 6050.0 1.84640
3050.0 6050.0 1.93205
3150.0 6050.0 1.77170
3250.0 6050.0 1.40669
3350.0 6050.0 0.91945
3450.0 6050.0 0.40510
3550.0 6050.0 -0.07216
3650.0 6050.0 -0.53235
3750.0 6050.0 -1.03141
3850.0 6050.0 -1.53756
3950.0 6050.0 -1.96288
4050.0 6050.0 -2.21418
4150.0 6050.0 -2.22865
4250.0 6050.0 -1.99438
4350.0 6050.0 -1.55558
4450.0 6050.0 -1.00260
4550.0 6050.0 -0.44680
4650.0 6050.0 0.01987
4750.0 6050.0 0.38050
4850.0 6050.0 0.69053
4950.0 6050.0 0.88404
5050.0 6050.0 0.90679
5150.0 6050.0 0.75760
5250.0 6050.0 0.47502
5350.0 6050.0 0.12379
5450.0 6050.0 -0.21888
5550.0 6050.0 -0.47712
5650.0 6050.0 -0.59052
5750.0 6050.0 -0.52826
5850.0 6050.0 -0.30355
5950.0 6050.0 0.01289
6050.0 6050.0 0.37740
6150.0 6050.0 0.82328
6250.0 6050.0 1.30731
6350.0 6050.0 1.74257
50.0 6150.0 0.77179
150.0 6150.0 0.39890
250.0 6150.0 0.04309
350.0 6150.0 -0.25522
450.0 6150.0 -0.45221
550.0 6150.0 -0.51853
650.0 6150.0 -0.44989
750.0 6150.0 -0.27075
850.0 6150.0 -0.03078
950.0 6150.0 0.20577
1050.0 6150.0 0.37781
1150.0 6150.0 0.45216
1250.0 6150.0 0.45461
1350.0 6150.0 0.39764
1450.0 6150.0 0.20095
1550.0 6150.0 -0.14356
1650.0 6150.0 -0.58495
1750.0 6150.0 -1.04474
1850.0 6150.0 -1.44185
1950.0 6150.0 -1.71100
2050.0 6150.0 -1.81465
2150.0 6150.0 -1.74826
2250.0 6150.0 -1.53921
2350.0 6150.0 -1.23901
2450.0 6150.0 -0.90397
2550.0 6150.0 -0.49628
2650.0 6150.0 0.02125
2750.0 6150.0 0.58797
2850.0 6150.0 1.09996
2950.0 6150.0 1.45593
3050.0 6150.0 1.58856
3150.0 6150.0 1.48134
3250.0 6150.0 1.17080
3350.0 6150.0 0.73431
3450.0 6150.0 0.26318
3550.0 6150.0 -0.17863
3650.0 6150.0 -0.60462
3750.0 6150.0 -1.05691
3850.0 6150.0 -1.49870
3950.0 6150.0 -1.84701
4050.0 6150.0 -2.01850
4150.0 6150.0 -1.96116
4250.0 6150.0 -1.67183
4350.0 6150.0 -1.19969
4450.0 6150.0 -0.63547
4550.0 6150.0 -0.08664
4650.0 6150.0 0.36157
4750.0 6150.0 0.69927
4850.0 6150.0 0.98463
4950.0 6150.0 1.14786
5050.0 6150.0 1.13343
5150.0 6150.0 0.94188
5250.0 6150.0 0.61500
5350.0 6150.0 0.22119
5450.0 6150.0 -0.15916
5550.0 6150.0 -0.44811
5650.0 6150.0 -0.58454
5750.0 6150.0 -0.53844
5850.0 6150.0 -0.32505
5950.0 6150.0 -0.01780
6050.0 6150.0 0.33975
6150.0 6150.0 0.78578
6250.0 6150.0 1.28084
6350.0 6150.0 1.73953
50.0 6250.0 1.12421
150.0 6250.0 0.76505
250.0 6250.0 0.41164
350.0 6250.0 0.09755
450.0 6250.0 -0.13553
550.0 6250.0 -0.25597
650.0 6250.0 -0.25380
750.0 6250.0 -0.14529
850.0 6250.0 0.02905
950.0 6250.0 0.21339
1050.0 6250.0 0.35217
1150.0 6250.0 0.41255
1250.0 6250.0 0.41264
1350.0 6250.0 0.34929
1450.0 6250.0 0.13024
1550.0 6250.0 -0.25615
1650.0 6250.0 -0.75626
1750.0 6250.0 -1.28505
1850.0 6250.0 -1.75289
1950.0 6250.0 -2.08585
2050.0 6250.0 -2.23910
2150.0 6250.0 -2.20358
2250.0 6250.0 -2.00594
2350.0 6250.0 -1.70169
2450.0 6250.0 -1.35630
2550.0 6250.0 -0.94191
2650.0 6250.0 -0.42296
2750.0 6250.0 0.14458
2850.0 6250.0 0.66377
2950.0 6250.0 1.03958
3050.0 6250.0 1.20825
3150.0 6250.0 1.15316
3250.0 6250.0 0.90716
3350.0 6250.0 0.54139
3450.0 6250.0 0.14058
3550.0 6250.0 -0.23516
3650.0 6250.0 -0.59527
3750.0 6250.0 -0.96730
3850.0 6250.0 -1.31229
3950.0 6250.0 -1.55834
4050.0 6250.0 -1.63804
4150.0 6250.0 -1.51388
4250.0 6250.0 -1.19158
4350.0 6250.0 -0.72152
4450.0 6250.0 -0.18801
4550.0 6250.0 0.31332
4650.0 6250.0 0.71021
4750.0 6250.0 1.00048
4850.0 6250.0 1.23962
4950.0 6250.0 1.35616
5050.0 6250.0 1.29687
5150.0 6250.0 1.06560
5250.0 6250.0 0.70701
5350.0 6250.0 0.29078
5450.0 6250.0 -0.10340
5550.0 6250.0 -0.40024
5650.0 6250.0 -0.54265
5750.0 6250.0 -0.50482
5850.0 6250.0 -0.30468
5950.0 6250.0 -0.01467
6050.0 6250.0 0.32533
6150.0 6250.0 0.75617
6250.0 6250.0 1.24247
6350.0 6250.0 1.70278
50.0 6350.0 1.40244
150.0 6350.0 1.06393
250.0 6350.0 0.71762
350.0 6350.0 0.38851
450.0 6350.0 0.11528
550.0 6350.0 -0.06825
650.0 6350.0 -0.14540
750.0 6350.0 -0.12254
850.0 6350.0 -0.02876
950.0 6350.0 0.09080
1050.0 6350.0 0.18792
1150.0 6350.0 0.23056
1250.0 6350.0 0.22751
1350.0 6350.0 0.15946
1450.0 6350.0 -0.07347
1550.0 6350.0 -0.48387
1650.0 6350.0 -1.01540
1750.0 6350.0 -1.57829
1850.0 6350.0 -2.07774
1950.0 6350.0 -2.43533
2050.0 6350.0 -2.60322
2150.0 6350.0 -2.57132
2250.0 6350.0 -2.36739
2350.0 6350.0 -2.04995
2450.0 6350.0 -1.68934
2550.0 6350.0 -1.26928
2650.0 6350.0 -0.76101
2750.0 6350.0 -0.21514
2850.0 6350.0 0.28279
2950.0 6350.0 0.64996
3050.0 6350.0 0.83199
3150.0 6350.0 0.81656
3250.0 6350.0 0.63510
3350.0 6350.0 0.35235
3450.0 6350.0 0.04400
3550.0 6350.0 -0.23779
3650.0 6350.0 -0.50253
3750.0 6350.0 -0.76452
3850.0 6350.0 -0.98632
3950.0 6350.0 -1.11302
4050.0 6350.0 -1.09838
4150.0 6350.0 -0.92197
4250.0 6350.0 -0.59740
4350.0 6350.0 -0.17157
4450.0 6350.0 0.28490
4550.0 6350.0 0.69628
4650.0 6350.0 1.00913
4750.0 6350.0 1.22870
4850.0 6350.0 1.40179
4950.0 6350.0 1.45809
5050.0 6350.0 1.35067
5150.0 6350.0 1.08830
5250.0 6350.0 0.71755
5350.0 6350.0 0.30640
5450.0 6350.0 -0.07080
5550.0 6350.0 -0.34683
5650.0 6350.0 -0.47373
5750.0 6350.0 -0.43346
5850.0 6350.0 -0.24713
5950.0 6350.0 0.01823
6050.0 6350.0 0.33044
6150.0 6350.0 0.73040
6250.0 6350.0 1.18683
6350.0 6350.0 1.62455
