50.0 50.0 -0.28811
150.0 50.0 -0.45106
250.0 50.0 -0.43125
350.0 50.0 -0.28864
450.0 50.0 -0.13392
550.0 50.0 -0.08583
650.0 50.0 -0.21634
750.0 50.0 -0.48373
850.0 50.0 -0.70460
950.0 50.0 -0.72983
1050.0 50.0 -0.53491
1150.0 50.0 -0.19504
1250.0 50.0 0.15504
1350.0 50.0 0.37323
1450.0 50.0 0.37439
1550.0 50.0 0.20670
1650.0 50.0 0.09083
1750.0 50.0 0.17763
1850.0 50.0 0.42704
1950.0 50.0 0.70537
2050.0 50.0 0.87051
2150.0 50.0 0.83129
2250.0 50.0 0.58096
2350.0 50.0 0.20504
2450.0 50.0 -0.10893
2550.0 50.0 -0.18359
2650.0 50.0 -0.02487
2750.0 50.0 0.24027
2850.0 50.0 0.44317
2950.0 50.0 0.44224
3050.0 50.0 0.18082
3150.0 50.0 -0.26580
3250.0 50.0 -0.78089
3350.0 50.0 -1.32575
3450.0 50.0 -1.70633
3550.0 50.0 -1.74105
3650.0 50.0 -1.39840
3750.0 50.0 -0.82402
3850.0 50.0 -0.25725
3950.0 50.0 0.16271
4050.0 50.0 0.57254
4150.0 50.0 1.02260
4250.0 50.0 1.38478
4350.0 50.0 1.52550
4450.0 50.0 1.40692
4550.0 50.0 1.11280
4650.0 50.0 0.79915
4750.0 50.0 0.56973
4850.0 50.0 0.38297
4950.0 50.0 0.26488
5050.0 50.0 0.23952
5150.0 50.0 0.28994
5250.0 50.0 0.36781
5350.0 50.0 0.41167
5450.0 50.0 0.37401
5550.0 50.0 0.25708
5650.0 50.0 0.08123
5750.0 50.0 -0.20731
5850.0 50.0 -0.50690
5950.0 50.0 -0.65988
6050.0 50.0 -0.57174
6150.0 50.0 -0.26092
6250.0 50.0 0.16062
6350.0 50.0 0.57629
50.0 150.0 -0.37100
150.0 150.0 -0.52134
250.0 150.0 -0.53324
350.0 150.0 -0.45525
450.0 150.0 -0.37290
550.0 150.0 -0.37559
650.0 150.0 -0.51563
750.0 150.0 -0.75916
850.0 150.0 -0.94194
950.0 150.0 -0.90737
1050.0 150.0 -0.64080
1150.0 150.0 -0.23589
1250.0 150.0 0.15751
1350.0 150.0 0.39215
1450.0 150.0 0.38863
1550.0 150.0 0.20727
1650.0 150.0 0.08147
1750.0 150.0 0.17590
1850.0 150.0 0.45841
1950.0 150.0 0.79310
2050.0 150.0 1.02584
2150.0 150.0 1.04792
2250.0 150.0 0.83803
2350.0 150.0 0.48229
2450.0 150.0 0.16073
2550.0 150.0 0.00830
2650.0 150.0 0.02867
2750.0 150.0 0.13865
2850.0 150.0 0.21937
2950.0 150.0 0.16410
3050.0 150.0 -0.07700
3150.0 150.0 -0.45564
3250.0 150.0 -0.88184
3350.0 150.0 -1.30503
3450.0 150.0 -1.55575
3550.0 150.0 -1.49061
3650.0 150.0 -1.10275
3750.0 150.0 -0.53701
3850.0 150.0 -0.00990
3950.0 150.0 0.36565
4050.0 150.0 0.74257
4150.0 150.0 1.19953
4250.0 150.0 1.61650
4350.0 150.0 1.84549
4450.0 150.0 1.82047
4550.0 150.0 1.59430
4650.0 150.0 1.30276
4750.0 150.0 1.05559
4850.0 150.0 0.82777
4950.0 150.0 0.61801
5050.0 150.0 0.46105
5150.0 150.0 0.37776
5250.0 150.0 0.35782
5350.0 150.0 0.36113
5450.0 150.0 0.33778
5550.0 150.0 0.26671
5650.0 150.0 0.16194
5750.0 150.0 0.01234
5850.0 150.0 -0.10311
5950.0 150.0 -0.08660
6050.0 150.0 0.10341
6150.0 150.0 0.42713
6250.0 150.0 0.78839
6350.0 150.0 1.10962
50.0 250.0 -0.56035
150.0 250.0 -0.64442
250.0 250.0 -0.63417
350.0 250.0 -0.57411
450.0 250.0 -0.52867
550.0 250.0 -0.55679
650.0 250.0 -0.68600
750.0 250.0 -0.88557
850.0 250.0 -1.01729
950.0 250.0 -0.93480
1050.0 250.0 -0.64086
1150.0 250.0 -0.24169
1250.0 250.0 0.11486
1350.0 250.0 0.29815
1450.0 250.0 0.25076
1550.0 250.0 0.04153
1650.0 250.0 -0.10340
1750.0 250.0 -0.00404
1850.0 250.0 0.32088
1950.0 250.0 0.73454
2050.0 250.0 1.06636
2150.0 250.0 1.18148
2250.0 250.0 1.03541
2350.0 250.0 0.71367
2450.0 250.0 0.38940
2550.0 250.0 0.14649
2650.0 250.0 0.00687
2750.0 250.0 -0.05252
2850.0 250.0 -0.08811
2950.0 250.0 -0.16826
3050.0 250.0 -0.34221
3150.0 250.0 -0.59940
3250.0 250.0 -0.87980
3350.0 250.0 -1.12463
3450.0 250.0 -1.20855
3550.0 250.0 -1.04300
3650.0 250.0 -0.64665
3750.0 250.0 -0.14692
3850.0 250.0 0.28747
3950.0 250.0 0.58293
4050.0 250.0 0.89552
4150.0 250.0 1.32868
4250.0 250.0 1.77344
4350.0 250.0 2.06955
4450.0 250.0 2.12247
4550.0 250.0 1.95125
4650.0 250.0 1.66743
4750.0 250.0 1.38486
4850.0 250.0 1.09265
4950.0 250.0 0.75543
5050.0 250.0 0.42944
5150.0 250.0 0.18987
5250.0 250.0 0.07449
5350.0 250.0 0.06293
5450.0 250.0 0.09155
5550.0 250.0 0.10405
5650.0 250.0 0.11573
5750.0 250.0 0.17528
5850.0 250.0 0.31903
5950.0 250.0 0.55235
6050.0 250.0 0.84318
6150.0 250.0 1.13244
6250.0 250.0 1.36124
6350.0 250.0 1.51481
50.0 350.0 -0.71664
150.0 350.0 -0.70285
250.0 350.0 -0.63586
350.0 350.0 -0.56136
450.0 350.0 -0.52675
550.0 350.0 -0.56171
650.0 350.0 -0.66718
750.0 350.0 -0.81219
850.0 350.0 -0.88927
950.0 350.0 -0.77670
1050.0 350.0 -0.49868
1150.0 350.0 -0.16679
1250.0 350.0 0.08783
1350.0 350.0 0.16788
1450.0 350.0 0.04881
1550.0 350.0 -0.19654
1650.0 350.0 -0.36904
1750.0 350.0 -0.28083
1850.0 350.0 0.06523
1950.0 350.0 0.53720
2050.0 350.0 0.95346
2150.0 350.0 1.15564
2250.0 350.0 1.07519
2350.0 350.0 0.79321
2450.0 350.0 0.47412
2550.0 350.0 0.15652
2650.0 350.0 -0.11392
2750.0 350.0 -0.29968
2850.0 350.0 -0.40006
2950.0 350.0 -0.45451
3050.0 350.0 -0.52058
3150.0 350.0 -0.62651
3250.0 350.0 -0.73620
3350.0 350.0 -0.79260
3450.0 350.0 -0.72571
3550.0 350.0 -0.50361
3650.0 350.0 -0.16054
3750.0 350.0 0.21199
3850.0 350.0 0.51120
3950.0 350.0 0.70592
4050.0 350.0 0.93556
4150.0 350.0 1.31773
4250.0 350.0 1.75513
4350.0 350.0 2.08041
4450.0 350.0 2.17673
4550.0 350.0 2.03400
4650.0 350.0 1.74083
4750.0 350.0 1.41220
4850.0 350.0 1.04802
4950.0 350.0 0.58648
5050.0 350.0 0.11304
5150.0 350.0 -0.24187
5250.0 350.0 -0.39957
5350.0 350.0 -0.37367
5450.0 350.0 -0.25417
5550.0 350.0 -0.13535
5650.0 350.0 0.01163
5750.0 350.0 0.29339
5850.0 350.0 0.69042
5950.0 350.0 1.10701
6050.0 350.0 1.44050
6150.0 350.0 1.62708
6250.0 350.0 1.66397
6350.0 350.0 1.60814
50.0 450.0 -0.71910
150.0 450.0 -0.61074
250.0 450.0 -0.48593
350.0 450.0 -0.39234
450.0 450.0 -0.36272
550.0 450.0 -0.40044
650.0 450.0 -0.48200
750.0 450.0 -0.57561
850.0 450.0 -0.60509
950.0 450.0 -0.47842
1050.0 450.0 -0.24006
1150.0 450.0 -0.00168
1250.0 450.0 0.12850
1350.0 450.0 0.09105
1450.0 450.0 -0.10459
1550.0 450.0 -0.38502
1650.0 450.0 -0.58915
1750.0 450.0 -0.53422
1850.0 450.0 -0.20877
1950.0 450.0 0.26788
2050.0 450.0 0.71561
2150.0 450.0 0.96497
2250.0 450.0 0.93024
2350.0 450.0 0.68354
2450.0 450.0 0.37702
2550.0 450.0 0.02136
2650.0 450.0 -0.31414
2750.0 450.0 -0.54632
2850.0 450.0 -0.63794
2950.0 450.0 -0.61738
3050.0 450.0 -0.55822
3150.0 450.0 -0.51869
3250.0 450.0 -0.47442
3350.0 450.0 -0.38175
3450.0 450.0 -0.22440
3550.0 450.0 -0.01378
3650.0 450.0 0.21650
3750.0 450.0 0.42324
3850.0 450.0 0.57323
3950.0 450.0 0.66996
4050.0 450.0 0.81838
4150.0 450.0 1.13744
4250.0 450.0 1.53956
4350.0 450.0 1.85608
4450.0 450.0 1.95777
4550.0 450.0 1.81537
4650.0 450.0 1.50049
4750.0 450.0 1.12651
4850.0 450.0 0.70128
4950.0 450.0 0.15487
5050.0 450.0 -0.39661
5150.0 450.0 -0.78202
5250.0 450.0 -0.90262
5350.0 450.0 -0.78358
5450.0 450.0 -0.54981
5550.0 450.0 -0.32612
5650.0 450.0 -0.05874
5750.0 450.0 0.39738
5850.0 450.0 0.96597
5950.0 450.0 1.46848
6050.0 450.0 1.75618
6150.0 450.0 1.78089
6250.0 450.0 1.60427
6350.0 450.0 1.34565
50.0 550.0 -0.51658
150.0 550.0 -0.35104
250.0 550.0 -0.20203
350.0 550.0 -0.11524
450.0 550.0 -0.10818
550.0 550.0 -0.16133
650.0 550.0 -0.23191
750.0 550.0 -0.28985
850.0 550.0 -0.28630
950.0 550.0 -0.15210
1050.0 550.0 0.05397
1150.0 550.0 0.22102
1250.0 550.0 0.25826
1350.0 550.0 0.13419
1450.0 550.0 -0.11717
1550.0 550.0 -0.42265
1650.0 550.0 -0.65610
1750.0 550.0 -0.65238
1850.0 550.0 -0.39059
1950.0 550.0 0.02860
2050.0 550.0 0.44053
2150.0 550.0 0.68129
2250.0 550.0 0.65960
2350.0 550.0 0.43534
2450.0 550.0 0.14478
2550.0 550.0 -0.20826
2650.0 550.0 -0.53652
2750.0 550.0 -0.73497
2850.0 550.0 -0.75629
2950.0 550.0 -0.63586
3050.0 550.0 -0.46614
3150.0 550.0 -0.32066
3250.0 550.0 -0.17384
3350.0 550.0 -0.00350
3450.0 550.0 0.16702
3550.0 550.0 0.30540
3650.0 550.0 0.39364
3750.0 550.0 0.43713
3850.0 550.0 0.45956
3950.0 550.0 0.48365
4050.0 550.0 0.57257
4150.0 550.0 0.83747
4250.0 550.0 1.19686
4350.0 550.0 1.48455
4450.0 550.0 1.56785
4550.0 550.0 1.40914
4650.0 550.0 1.07080
4750.0 550.0 0.66344
4850.0 550.0 0.20186
4950.0 550.0 -0.37144
5050.0 550.0 -0.91523
5150.0 550.0 -1.24135
5250.0 550.0 -1.25584
5350.0 550.0 -1.01070
5450.0 550.0 -0.66608
5550.0 550.0 -0.36305
5650.0 550.0 -0.01763
5750.0 550.0 0.52525
5850.0 550.0 1.14462
5950.0 550.0 1.61622
6050.0 550.0 1.78025
6150.0 550.0 1.62096
6250.0 550.0 1.25800
6350.0 550.0 0.84949
50.0 650.0 -0.14131
150.0 650.0 0.02602
250.0 650.0 0.14554
350.0 650.0 0.18058
450.0 650.0 0.13189
550.0 650.0 0.03957
650.0 650.0 -0.04042
750.0 650.0 -0.08426
850.0 650.0 -0.06374
950.0 650.0 0.08311
1050.0 650.0 0.29129
1150.0 650.0 0.44698
1250.0 650.0 0.46231
1350.0 650.0 0.31370
1450.0 650.0 0.04393
1550.0 650.0 -0.27187
1650.0 650.0 -0.52712
1750.0 650.0 -0.58136
1850.0 650.0 -0.41041
1950.0 650.0 -0.09432
2050.0 650.0 0.22753
2150.0 650.0 0.41077
2250.0 650.0 0.37010
2350.0 650.0 0.15249
2450.0 650.0 -0.12388
2550.0 650.0 -0.44587
2650.0 650.0 -0.71707
2750.0 650.0 -0.83334
2850.0 650.0 -0.75889
2950.0 650.0 -0.54713
3050.0 650.0 -0.30654
3150.0 650.0 -0.11134
3250.0 650.0 0.07363
3350.0 650.0 0.24782
3450.0 650.0 0.36859
3550.0 650.0 0.40514
3650.0 650.0 0.36287
3750.0 650.0 0.28432
3850.0 650.0 0.22655
3950.0 650.0 0.21506
4050.0 650.0 0.27680
4150.0 650.0 0.51322
4250.0 650.0 0.84514
4350.0 650.0 1.10908
4450.0 650.0 1.17344
4550.0 650.0 0.99946
4650.0 650.0 0.64685
4750.0 650.0 0.22417
4850.0 650.0 -0.24562
4950.0 650.0 -0.79299
5050.0 650.0 -1.26181
5150.0 650.0 -1.46972
5250.0 650.0 -1.34657
5350.0 650.0 -0.97738
5450.0 650.0 -0.54978
5550.0 650.0 -0.20597
5650.0 650.0 0.16551
5750.0 650.0 0.70411
5850.0 650.0 1.26390
5950.0 650.0 1.61544
6050.0 650.0 1.61908
6150.0 650.0 1.29814
6250.0 650.0 0.81218
6350.0 650.0 0.33025
50.0 750.0 0.31371
150.0 750.0 0.44244
250.0 750.0 0.49194
350.0 750.0 0.44013
450.0 750.0 0.30911
550.0 750.0 0.15863
650.0 750.0 0.05400
750.0 750.0 0.00922
850.0 750.0 0.03701
950.0 750.0 0.20542
1050.0 750.0 0.44896
1150.0 750.0 0.64646
1250.0 750.0 0.70016
1350.0 750.0 0.57805
1450.0 750.0 0.31945
1550.0 750.0 0.00415
1650.0 750.0 -0.26583
1750.0 750.0 -0.37587
1850.0 750.0 -0.30272
1950.0 750.0 -0.10675
2050.0 750.0 0.10121
2150.0 750.0 0.20291
2250.0 750.0 0.12553
2350.0 750.0 -0.09591
2450.0 750.0 -0.36184
2550.0 750.0 -0.64330
2650.0 750.0 -0.84124
2750.0 750.0 -0.86468
2850.0 750.0 -0.69888
2950.0 750.0 -0.41795
3050.0 750.0 -0.14168
3150.0 750.0 0.06304
3250.0 750.0 0.24336
3350.0 750.0 0.37871
3450.0 750.0 0.42188
3550.0 750.0 0.35608
3650.0 750.0 0.21082
3750.0 750.0 0.05332
3850.0 750.0 -0.04477
3950.0 750.0 -0.06501
4050.0 750.0 -0.00682
4150.0 750.0 0.22418
4250.0 750.0 0.54891
4350.0 750.0 0.80500
4450.0 750.0 0.86222
4550.0 750.0 0.68285
4650.0 750.0 0.32693
4750.0 750.0 -0.09764
4850.0 750.0 -0.55795
4950.0 750.0 -1.05226
5050.0 750.0 -1.41773
5150.0 750.0 -1.49035
5250.0 750.0 -1.23134
5350.0 750.0 -0.75753
5450.0 750.0 -0.27546
5550.0 750.0 0.08061
5650.0 750.0 0.44385
5750.0 750.0 0.92499
5850.0 750.0 1.36824
5950.0 750.0 1.56363
6050.0 750.0 1.40725
6150.0 750.0 0.96001
6250.0 750.0 0.40528
6350.0 750.0 -0.09495
50.0 850.0 0.66285
150.0 850.0 0.74616
250.0 850.0 0.71965
350.0 850.0 0.57894
450.0 850.0 0.36877
550.0 850.0 0.16747
650.0 850.0 0.04695
750.0 850.0 0.00936
850.0 850.0 0.05143
950.0 850.0 0.24712
1050.0 850.0 0.53262
1150.0 850.0 0.78186
1250.0 850.0 0.88815
1350.0 850.0 0.80996
1450.0 850.0 0.58088
1550.0 850.0 0.28374
1650.0 850.0 0.01984
1750.0 850.0 -0.11846
1850.0 850.0 -0.11464
1950.0 850.0 -0.01754
2050.0 850.0 0.08576
2150.0 850.0 0.10386
2250.0 850.0 -0.01826
2350.0 850.0 -0.25211
2450.0 850.0 -0.52046
2550.0 850.0 -0.78743
2650.0 850.0 -0.95012
2750.0 850.0 -0.92293
2850.0 850.0 -0.70285
2950.0 850.0 -0.37761
3050.0 850.0 -0.07636
3150.0 850.0 0.13663
3250.0 850.0 0.31467
3350.0 850.0 0.42103
3450.0 850.0 0.40485
3550.0 850.0 0.26018
3650.0 850.0 0.03538
3750.0 850.0 -0.18303
3850.0 850.0 -0.31183
3950.0 850.0 -0.33805
4050.0 850.0 -0.28175
4150.0 850.0 -0.05227
4250.0 850.0 0.27512
4350.0 850.0 0.54119
4450.0 850.0 0.61569
4550.0 850.0 0.45746
4650.0 850.0 0.12151
4750.0 850.0 -0.28687
4850.0 850.0 -0.72169
4950.0 850.0 -1.15394
5050.0 850.0 -1.42286
5150.0 850.0 -1.38668
5250.0 850.0 -1.03363
5350.0 850.0 -0.50074
5450.0 850.0 -0.00025
5550.0 850.0 0.34608
5650.0 850.0 0.68125
5750.0 850.0 1.08198
5850.0 850.0 1.38828
5950.0 850.0 1.41669
6050.0 850.0 1.10194
6150.0 850.0 0.53966
6250.0 850.0 -0.07000
6350.0 850.0 -0.57766
50.0 950.0 0.69755
150.0 950.0 0.73514
250.0 950.0 0.63795
350.0 950.0 0.42451
450.0 950.0 0.16263
550.0 950.0 -0.05570
650.0 950.0 -0.15917
750.0 950.0 -0.16088
850.0 950.0 -0.08359
950.0 950.0 0.14294
1050.0 950.0 0.46079
1150.0 950.0 0.75075
1250.0 950.0 0.90921
1350.0 950.0 0.89239
1450.0 950.0 0.72801
1550.0 950.0 0.49437
1650.0 950.0 0.29292
1750.0 950.0 0.20362
1850.0 950.0 0.22129
1950.0 950.0 0.28598
2050.0 950.0 0.31945
2150.0 950.0 0.25691
2250.0 950.0 0.07370
2350.0 950.0 -0.19312
2450.0 950.0 -0.49690
2550.0 950.0 -0.81825
2650.0 950.0 -1.04420
2750.0 950.0 -1.07105
2850.0 950.0 -0.88209
2950.0 950.0 -0.56191
3050.0 950.0 -0.24720
3150.0 950.0 -0.01421
3250.0 950.0 0.18312
3350.0 950.0 0.30199
3450.0 950.0 0.28504
3550.0 950.0 0.12432
3650.0 950.0 -0.12732
3750.0 950.0 -0.37372
3850.0 950.0 -0.52168
3950.0 950.0 -0.55588
4050.0 950.0 -0.50691
4150.0 950.0 -0.28382
4250.0 950.0 0.05256
4350.0 950.0 0.35509
4450.0 950.0 0.49386
4550.0 950.0 0.41495
4650.0 950.0 0.15443
4750.0 950.0 -0.19247
4850.0 950.0 -0.56234
4950.0 950.0 -0.91416
5050.0 950.0 -1.11089
5150.0 950.0 -1.04056
5250.0 950.0 -0.70481
5350.0 950.0 -0.22991
5450.0 950.0 0.19954
5550.0 950.0 0.48454
5650.0 950.0 0.74990
5750.0 950.0 1.03480
5850.0 950.0 1.18717
5950.0 950.0 1.05731
6050.0 950.0 0.61513
6150.0 950.0 -0.02300
6250.0 950.0 -0.65763
6350.0 950.0 -1.15980
50.0 1050.0 0.42455
150.0 1050.0 0.42352
250.0 1050.0 0.27375
350.0 1050.0 0.01941
450.0 1050.0 -0.25193
550.0 1050.0 -0.44280
650.0 1050.0 -0.49137
750.0 1050.0 -0.42767
850.0 1050.0 -0.29789
950.0 1050.0 -0.05170
1050.0 1050.0 0.26294
1150.0 1050.0 0.55078
1250.0 1050.0 0.73096
1350.0 1050.0 0.77171
1450.0 1050.0 0.69799
1550.0 1050.0 0.57256
1650.0 1050.0 0.49125
1750.0 1050.0 0.53158
1850.0 1050.0 0.65165
1950.0 1050.0 0.75656
2050.0 1050.0 0.76059
2150.0 1050.0 0.62409
2250.0 1050.0 0.36496
2350.0 1050.0 0.04458
2450.0 1050.0 -0.32538
2550.0 1050.0 -0.75970
2650.0 1050.0 -1.12859
2750.0 1050.0 -1.29040
2850.0 1050.0 -1.19487
2950.0 1050.0 -0.91210
3050.0 1050.0 -0.58730
3150.0 1050.0 -0.32129
3250.0 1050.0 -0.08279
3350.0 1050.0 0.09060
3450.0 1050.0 0.13218
3550.0 1050.0 0.01901
3650.0 1050.0 -0.20607
3750.0 1050.0 -0.44715
3850.0 1050.0 -0.60257
3950.0 1050.0 -0.64676
4050.0 1050.0 -0.61318
4150.0 1050.0 -0.41326
4250.0 1050.0 -0.08357
4350.0 1050.0 0.25412
4450.0 1050.0 0.47717
4550.0 1050.0 0.51590
4650.0 1050.0 0.37689
4750.0 1050.0 0.13569
4850.0 1050.0 -0.12903
4950.0 1050.0 -0.38046
5050.0 1050.0 -0.52714
5150.0 1050.0 -0.49499
5250.0 1050.0 -0.28600
5350.0 1050.0 0.01479
5450.0 1050.0 0.28387
5550.0 1050.0 0.45551
5650.0 1050.0 0.61312
5750.0 1050.0 0.76862
5850.0 1050.0 0.79280
5950.0 1050.0 0.56932
6050.0 1050.0 0.08659
6150.0 1050.0 -0.54538
6250.0 1050.0 -1.15311
6350.0 1050.0 -1.63279
50.0 1150.0 0.00196
150.0 1150.0 -0.02451
250.0 1150.0 -0.20102
350.0 1150.0 -0.45967
450.0 1150.0 -0.69951
550.0 1150.0 -0.82625
650.0 1150.0 -0.79408
750.0 1150.0 -0.64871
850.0 1150.0 -0.46226
950.0 1150.0 -0.22123
1050.0 1150.0 0.03834
1150.0 1150.0 0.26087
1250.0 1150.0 0.40830
1350.0 1150.0 0.47717
1450.0 1150.0 0.49556
1550.0 1150.0 0.50054
1650.0 1150.0 0.57075
1750.0 1150.0 0.78658
1850.0 1150.0 1.06151
1950.0 1150.0 1.25200
2050.0 1150.0 1.25455
2150.0 1150.0 1.05236
2250.0 1150.0 0.71161
2350.0 1150.0 0.32708
2450.0 1150.0 -0.12197
2550.0 1150.0 -0.68612
2650.0 1150.0 -1.21460
2750.0 1150.0 -1.52228
2850.0 1150.0 -1.52240
2950.0 1150.0 -1.27168
3050.0 1150.0 -0.92801
3150.0 1150.0 -0.62057
3250.0 1150.0 -0.32931
3350.0 1150.0 -0.07910
3450.0 1150.0 0.05247
3550.0 1150.0 0.02060
3650.0 1150.0 -0.14959
3750.0 1150.0 -0.36766
3850.0 1150.0 -0.52430
3950.0 1150.0 -0.57955
4050.0 1150.0 -0.56893
4150.0 1150.0 -0.41621
4250.0 1150.0 -0.12970
4350.0 1150.0 0.20653
4450.0 1150.0 0.48928
4550.0 1150.0 0.63972
4650.0 1150.0 0.63380
4750.0 1150.0 0.51965
4850.0 1150.0 0.38177
4950.0 1150.0 0.24299
5050.0 1150.0 0.13785
5150.0 1150.0 0.09762
5250.0 1150.0 0.12590
5350.0 1150.0 0.19413
5450.0 1150.0 0.25702
5550.0 1150.0 0.28798
5650.0 1150.0 0.32326
5750.0 1150.0 0.37056
5850.0 1150.0 0.33505
5950.0 1150.0 0.12350
6050.0 1150.0 -0.28273
6150.0 1150.0 -0.81097
6250.0 1150.0 -1.33682
6350.0 1150.0 -1.77995
50.0 1250.0 -0.35316
150.0 1250.0 -0.39156
250.0 1250.0 -0.57253
350.0 1250.0 -0.80988
450.0 1250.0 -0.99605
550.0 1250.0 -1.04520
650.0 1250.0 -0.92914
750.0 1250.0 -0.70564
850.0 1250.0 -0.47280
950.0 1250.0 -0.26438
1050.0 1250.0 -0.10538
1150.0 1250.0 -0.00410
1250.0 1250.0 0.05608
1350.0 1250.0 0.11137
1450.0 1250.0 0.19892
1550.0 1250.0 0.32523
1650.0 1250.0 0.53942
1750.0 1250.0 0.92335
1850.0 1250.0 1.34826
1950.0 1250.0 1.62390
2050.0 1250.0 1.62893
2150.0 1250.0 1.36733
2250.0 1250.0 0.95058
2350.0 1250.0 0.50546
2450.0 1250.0 -0.01277
2550.0 1250.0 -0.67597
2650.0 1250.0 -1.31250
2750.0 1250.0 -1.70447
2850.0 1250.0 -1.74328
2950.0 1250.0 -1.48499
3050.0 1250.0 -1.10562
3150.0 1250.0 -0.75643
3250.0 1250.0 -0.41571
3350.0 1250.0 -0.09504
3450.0 1250.0 0.11760
3550.0 1250.0 0.15745
3650.0 1250.0 0.03411
3750.0 1250.0 -0.16596
3850.0 1250.0 -0.32559
3950.0 1250.0 -0.39159
4050.0 1250.0 -0.40778
4150.0 1250.0 -0.32303
4250.0 1250.0 -0.12081
4350.0 1250.0 0.15877
4450.0 1250.0 0.44394
4550.0 1250.0 0.65978
4650.0 1250.0 0.76015
4750.0 1250.0 0.76316
4850.0 1250.0 0.74656
4950.0 1250.0 0.72003
5050.0 1250.0 0.66475
5150.0 1250.0 0.56951
5250.0 1250.0 0.43999
5350.0 1250.0 0.29799
5450.0 1250.0 0.17060
5550.0 1250.0 0.06918
5650.0 1250.0 -0.00361
5750.0 1250.0 -0.01864
5850.0 1250.0 -0.03317
5950.0 1250.0 -0.13265
6050.0 1250.0 -0.36606
6150.0 1250.0 -0.71961
6250.0 1250.0 -1.12904
6350.0 1250.0 -1.53042
50.0 1350.0 -0.45132
150.0 1350.0 -0.49423
250.0 1350.0 -0.67145
350.0 1350.0 -0.88514
450.0 1350.0 -1.02502
550.0 1350.0 -1.01308
650.0 1350.0 -0.83457
750.0 1350.0 -0.55499
850.0 1350.0 -0.29594
950.0 1350.0 -0.13737
1050.0 1350.0 -0.09659
1150.0 1350.0 -0.13878
1250.0 1350.0 -0.19480
1350.0 1350.0 -0.18767
1450.0 1350.0 -0.06798
1550.0 1350.0 0.14298
1650.0 1350.0 0.45752
1750.0 1350.0 0.95134
1850.0 1350.0 1.46522
1950.0 1350.0 1.77910
2050.0 1350.0 1.76429
2150.0 1350.0 1.44458
2250.0 1350.0 0.96629
2350.0 1350.0 0.47694
2450.0 1350.0 -0.08197
2550.0 1350.0 -0.77938
2650.0 1350.0 -1.42717
2750.0 1350.0 -1.79692
2850.0 1350.0 -1.78394
2950.0 1350.0 -1.46217
3050.0 1350.0 -1.03000
3150.0 1350.0 -0.64710
3250.0 1350.0 -0.27386
3350.0 1350.0 0.08475
3450.0 1350.0 0.33252
3550.0 1350.0 0.39485
3650.0 1350.0 0.27705
3750.0 1350.0 0.06919
3850.0 1350.0 -0.10248
3950.0 1350.0 -0.17768
4050.0 1350.0 -0.21890
4150.0 1350.0 -0.20985
4250.0 1350.0 -0.11839
4350.0 1350.0 0.05634
4450.0 1350.0 0.28024
4550.0 1350.0 0.49583
4650.0 1350.0 0.64920
4750.0 1350.0 0.73225
4850.0 1350.0 0.80625
4950.0 1350.0 0.87885
5050.0 1350.0 0.89500
5150.0 1350.0 0.80646
5250.0 1350.0 0.60957
5350.0 1350.0 0.35155
5450.0 1350.0 0.10521
5550.0 1350.0 -0.08792
5650.0 1350.0 -0.23182
5750.0 1350.0 -0.25976
5850.0 1350.0 -0.19811
5950.0 1350.0 -0.13798
6050.0 1350.0 -0.16867
6150.0 1350.0 -0.33701
6250.0 1350.0 -0.63253
6350.0 1350.0 -0.99844
50.0 1450.0 -0.21149
150.0 1450.0 -0.26032
250.0 1450.0 -0.44254
350.0 1450.0 -0.65372
450.0 1450.0 -0.78041
550.0 1450.0 -0.74640
650.0 1450.0 -0.54217
750.0 1450.0 -0.23770
850.0 1450.0 0.02583
950.0 1450.0 0.13417
1050.0 1450.0 0.07321
1150.0 1450.0 -0.09309
1250.0 1450.0 -0.25779
1350.0 1450.0 -0.31269
1450.0 1450.0 -0.19668
1550.0 1450.0 0.05010
1650.0 1450.0 0.40382
1750.0 1450.0 0.92330
1850.0 1450.0 1.43505
1950.0 1450.0 1.71396
2050.0 1450.0 1.64038
2150.0 1450.0 1.25851
2250.0 1450.0 0.73597
2350.0 1450.0 0.22459
2450.0 1450.0 -0.33987
2550.0 1450.0 -0.99954
2650.0 1450.0 -1.55663
2750.0 1450.0 -1.79668
2850.0 1450.0 -1.64512
2950.0 1450.0 -1.21055
3050.0 1450.0 -0.71506
3150.0 1450.0 -0.31141
3250.0 1450.0 0.07096
3350.0 1450.0 0.42257
3450.0 1450.0 0.64206
3550.0 1450.0 0.65886
3650.0 1450.0 0.48950
3750.0 1450.0 0.23823
3850.0 1450.0 0.04199
3950.0 1450.0 -0.04025
4050.0 1450.0 -0.10002
4150.0 1450.0 -0.15860
4250.0 1450.0 -0.17955
4350.0 1450.0 -0.13175
4450.0 1450.0 -0.01354
4550.0 1450.0 0.14363
4650.0 1450.0 0.29231
4750.0 1450.0 0.40675
4850.0 1450.0 0.52856
4950.0 1450.0 0.68007
5050.0 1450.0 0.79345
5150.0 1450.0 0.79169
5250.0 1450.0 0.64722
5350.0 1450.0 0.39939
5450.0 1450.0 0.13067
5550.0 1450.0 -0.09834
5650.0 1450.0 -0.26918
5750.0 1450.0 -0.27690
5850.0 1450.0 -0.13078
5950.0 1450.0 0.06641
6050.0 1450.0 0.19190
6150.0 1450.0 0.15638
6250.0 1450.0 -0.06272
6350.0 1450.0 -0.40806
50.0 1550.0 0.26418
150.0 1550.0 0.20395
250.0 1550.0 0.00281
350.0 1550.0 -0.23031
450.0 1550.0 -0.37629
550.0 1550.0 -0.35438
650.0 1550.0 -0.15356
750.0 1550.0 0.15307
850.0 1550.0 0.40777
950.0 1550.0 0.47461
1050.0 1550.0 0.33953
1150.0 1550.0 0.08243
1250.0 1550.0 -0.16720
1350.0 1550.0 -0.28092
1450.0 1550.0 -0.18845
1550.0 1550.0 0.05978
1650.0 1550.0 0.40830
1750.0 1550.0 0.89145
1850.0 1550.0 1.33303
1950.0 1550.0 1.52116
2050.0 1550.0 1.35784
2150.0 1550.0 0.90874
2250.0 1550.0 0.35343
2350.0 1550.0 -0.16412
2450.0 1550.0 -0.71048
2550.0 1550.0 -1.28753
2650.0 1550.0 -1.69301
2750.0 1550.0 -1.74164
2850.0 1550.0 -1.40408
2950.0 1550.0 -0.83224
3050.0 1550.0 -0.27105
3150.0 1550.0 0.14325
3250.0 1550.0 0.51790
3350.0 1550.0 0.83024
3450.0 1550.0 0.97597
3550.0 1550.0 0.89856
3650.0 1550.0 0.63686
3750.0 1550.0 0.31680
3850.0 1550.0 0.08717
3950.0 1550.0 -0.00047
4050.0 1550.0 -0.07250
4150.0 1550.0 -0.18569
4250.0 1550.0 -0.30689
4350.0 1550.0 -0.38489
4450.0 1550.0 -0.38771
4550.0 1550.0 -0.31844
4650.0 1550.0 -0.20993
4750.0 1550.0 -0.09815
4850.0 1550.0 0.04051
4950.0 1550.0 0.25563
5050.0 1550.0 0.48335
5150.0 1550.0 0.62411
5250.0 1550.0 0.61638
5350.0 1550.0 0.46811
5450.0 1550.0 0.24573
5550.0 1550.0 0.02080
5650.0 1550.0 -0.14791
5750.0 1550.0 -0.12536
5850.0 1550.0 0.08477
5950.0 1550.0 0.36849
6050.0 1550.0 0.58257
6150.0 1550.0 0.61624
6250.0 1550.0 0.43343
6350.0 1550.0 0.09559
50.0 1650.0 0.70081
150.0 1650.0 0.63390
250.0 1650.0 0.43126
350.0 1650.0 0.19952
450.0 1650.0 0.05434
550.0 1650.0 0.07321
650.0 1650.0 0.26553
750.0 1650.0 0.55971
850.0 1650.0 0.79365
950.0 1650.0 0.81814
1050.0 1650.0 0.61979
1150.0 1650.0 0.28949
1250.0 1650.0 -0.02838
1350.0 1650.0 -0.19251
1450.0 1650.0 -0.12731
1550.0 1650.0 0.10964
1650.0 1650.0 0.43782
1750.0 1650.0 0.86941
1850.0 1650.0 1.23168
1950.0 1650.0 1.33112
2050.0 1650.0 1.09153
2150.0 1650.0 0.59492
2250.0 1650.0 0.02522
2350.0 1650.0 -0.48505
2450.0 1650.0 -1.00176
2550.0 1650.0 -1.49020
2650.0 1650.0 -1.74968
2750.0 1650.0 -1.62630
2850.0 1650.0 -1.13226
2950.0 1650.0 -0.45427
3050.0 1650.0 0.14893
3150.0 1650.0 0.55970
3250.0 1650.0 0.91512
3350.0 1650.0 1.18226
3450.0 1650.0 1.26033
3550.0 1650.0 1.10942
3650.0 1650.0 0.78703
3750.0 1650.0 0.43196
3850.0 1650.0 0.19520
3950.0 1650.0 0.11824
4050.0 1650.0 0.04714
4150.0 1650.0 -0.11378
4250.0 1650.0 -0.34289
4350.0 1650.0 -0.57274
4450.0 1650.0 -0.73699
4550.0 1650.0 -0.79961
4650.0 1650.0 -0.76663
4750.0 1650.0 -0.68018
4850.0 1650.0 -0.54115
4950.0 1650.0 -0.26417
5050.0 1650.0 0.09800
5150.0 1650.0 0.42129
5250.0 1650.0 0.60002
5350.0 1650.0 0.59591
5450.0 1650.0 0.44662
5550.0 1650.0 0.23370
5650.0 1650.0 0.06575
5750.0 1650.0 0.09748
5850.0 1650.0 0.32872
5950.0 1650.0 0.64378
6050.0 1650.0 0.89350
6150.0 1650.0 0.95916
6250.0 1650.0 0.79819
6350.0 1650.0 0.47178
50.0 1750.0 0.88844
150.0 1750.0 0.82850
250.0 1750.0 0.67753
350.0 1750.0 0.52131
450.0 1750.0 0.44510
550.0 1750.0 0.49840
650.0 1750.0 0.67740
750.0 1750.0 0.92462
850.0 1750.0 1.10829
950.0 1750.0 1.08730
1050.0 1750.0 0.85194
1150.0 1750.0 0.49376
1250.0 1750.0 0.15388
1350.0 1750.0 -0.03249
1450.0 1750.0 0.00444
1550.0 1750.0 0.20651
1650.0 1750.0 0.48806
1750.0 1750.0 0.85099
1850.0 1750.0 1.13975
1950.0 1750.0 1.18595
2050.0 1750.0 0.92913
2150.0 1750.0 0.45037
2250.0 1750.0 -0.08144
2350.0 1750.0 -0.55051
2450.0 1750.0 -1.01322
2550.0 1750.0 -1.41585
2650.0 1750.0 -1.57522
2750.0 1750.0 -1.36836
2850.0 1750.0 -0.83051
2950.0 1750.0 -0.15311
3050.0 1750.0 0.41854
3150.0 1750.0 0.78731
3250.0 1750.0 1.09512
3350.0 1750.0 1.30903
3450.0 1750.0 1.34989
3550.0 1750.0 1.19923
3650.0 1750.0 0.91971
3750.0 1750.0 0.63527
3850.0 1750.0 0.47082
3950.0 1750.0 0.45165
4050.0 1750.0 0.42198
4150.0 1750.0 0.24512
4250.0 1750.0 -0.08903
4350.0 1750.0 -0.50979
4450.0 1750.0 -0.91154
4550.0 1750.0 -1.19683
4650.0 1750.0 -1.31650
4750.0 1750.0 -1.30695
4850.0 1750.0 -1.20773
4950.0 1750.0 -0.88547
5050.0 1750.0 -0.36942
5150.0 1750.0 0.18986
5250.0 1750.0 0.62625
5350.0 1750.0 0.83062
5450.0 1750.0 0.78997
5550.0 1750.0 0.59340
5650.0 1750.0 0.41203
5750.0 1750.0 0.39566
5850.0 1750.0 0.54744
5950.0 1750.0 0.77479
6050.0 1750.0 0.95480
6150.0 1750.0 0.98660
6250.0 1750.0 0.83058
6350.0 1750.0 0.53463
50.0 1850.0 0.75437
150.0 1850.0 0.70857
250.0 1850.0 0.65231
350.0 1850.0 0.63375
450.0 1850.0 0.68334
550.0 1850.0 0.80018
650.0 1850.0 0.95665
750.0 1850.0 1.12079
850.0 1850.0 1.22609
950.0 1850.0 1.16548
1050.0 1850.0 0.93618
1150.0 1850.0 0.61650
1250.0 1850.0 0.32087
1350.0 1850.0 0.15463
1450.0 1850.0 0.16821
1550.0 1850.0 0.31171
1650.0 1850.0 0.52057
1750.0 1850.0 0.80156
1850.0 1850.0 1.03061
1950.0 1850.0 1.06984
2050.0 1850.0 0.86601
2150.0 1850.0 0.47934
2250.0 1850.0 0.04252
2350.0 1850.0 -0.34991
2450.0 1850.0 -0.73503
2550.0 1850.0 -1.06129
2650.0 1850.0 -1.17981
2750.0 1850.0 -0.99574
2850.0 1850.0 -0.54479
2950.0 1850.0 0.01132
3050.0 1850.0 0.47050
3150.0 1850.0 0.75681
3250.0 1850.0 0.98615
3350.0 1850.0 1.13186
3450.0 1850.0 1.15474
3550.0 1850.0 1.06512
3650.0 1850.0 0.92048
3750.0 1850.0 0.80479
3850.0 1850.0 0.78945
3950.0 1850.0 0.87595
4050.0 1850.0 0.93672
4150.0 1850.0 0.80987
4250.0 1850.0 0.43526
4350.0 1850.0 -0.13822
4450.0 1850.0 -0.77920
4550.0 1850.0 -1.32359
4650.0 1850.0 -1.64755
4750.0 1850.0 -1.76363
4850.0 1850.0 -1.75243
4950.0 1850.0 -1.43459
5050.0 1850.0 -0.80623
5150.0 1850.0 -0.03511
5250.0 1850.0 0.65414
5350.0 1850.0 1.07432
5450.0 1850.0 1.14955
5550.0 1850.0 0.96873
5650.0 1850.0 0.76177
5750.0 1850.0 0.65087
5850.0 1850.0 0.64394
5950.0 1850.0 0.69262
6050.0 1850.0 0.72600
6150.0 1850.0 0.68021
6250.0 1850.0 0.52406
6350.0 1850.0 0.28049
50.0 1950.0 0.36254
150.0 1950.0 0.32594
250.0 1950.0 0.37265
350.0 1950.0 0.50717
450.0 1950.0 0.69622
550.0 1950.0 0.88019
650.0 1950.0 1.00369
750.0 1950.0 1.06445
850.0 1950.0 1.07910
950.0 1950.0 0.99373
1050.0 1950.0 0.81433
1150.0 1950.0 0.59430
1250.0 1950.0 0.40272
1350.0 1950.0 0.29662
1450.0 1950.0 0.29713
1550.0 1950.0 0.37006
1650.0 1950.0 0.49342
1750.0 1950.0 0.69082
1850.0 1950.0 0.87765
1950.0 1950.0 0.94749
2050.0 1950.0 0.84677
2150.0 1950.0 0.60120
2250.0 1950.0 0.29444
2350.0 1950.0 -0.00148
2450.0 1950.0 -0.29814
2550.0 1950.0 -0.56158
2650.0 1950.0 -0.68670
2750.0 1950.0 -0.60231
2850.0 1950.0 -0.32777
2950.0 1950.0 0.02787
3050.0 1950.0 0.32419
3150.0 1950.0 0.50506
3250.0 1950.0 0.63715
3350.0 1950.0 0.69795
3450.0 1950.0 0.69772
3550.0 1950.0 0.68261
3650.0 1950.0 0.70392
3750.0 1950.0 0.79640
3850.0 1950.0 0.96531
3950.0 1950.0 1.18258
4050.0 1950.0 1.36973
4150.0 1950.0 1.37110
4250.0 1950.0 1.06997
4350.0 1950.0 0.46485
4450.0 1950.0 -0.31810
4550.0 1950.0 -1.06817
4650.0 1950.0 -1.58875
4750.0 1950.0 -1.85127
4850.0 1950.0 -1.96294
4950.0 1950.0 -1.71817
5050.0 1950.0 -1.07898
5150.0 1950.0 -0.21056
5250.0 1950.0 0.62882
5350.0 1950.0 1.19334
5450.0 1950.0 1.35074
5550.0 1950.0 1.17884
5650.0 1950.0 0.94283
5750.0 1950.0 0.72837
5850.0 1950.0 0.55098
5950.0 1950.0 0.41231
6050.0 1950.0 0.29784
6150.0 1950.0 0.18167
6250.0 1950.0 0.03840
6350.0 1950.0 -0.13791
50.0 2050.0 -0.11542
150.0 2050.0 -0.15741
250.0 2050.0 -0.03675
350.0 2050.0 0.21435
450.0 2050.0 0.50876
550.0 2050.0 0.73717
650.0 2050.0 0.82051
750.0 2050.0 0.78160
850.0 2050.0 0.71391
950.0 2050.0 0.62102
1050.0 2050.0 0.51747
1150.0 2050.0 0.42720
1250.0 2050.0 0.36775
1350.0 2050.0 0.34251
1450.0 2050.0 0.34107
1550.0 2050.0 0.34790
1650.0 2050.0 0.39126
1750.0 2050.0 0.51543
1850.0 2050.0 0.67365
1950.0 2050.0 0.78728
2050.0 2050.0 0.79892
2150.0 2050.0 0.69818
2250.0 2050.0 0.52026
2350.0 2050.0 0.31713
2450.0 2050.0 0.10281
2550.0 2050.0 -0.10955
2650.0 2050.0 -0.25707
2750.0 2050.0 -0.28803
2850.0 2050.0 -0.20139
2950.0 2050.0 -0.05141
3050.0 2050.0 0.08268
3150.0 2050.0 0.16190
3250.0 2050.0 0.19764
3350.0 2050.0 0.16226
3450.0 2050.0 0.11232
3550.0 2050.0 0.13350
3650.0 2050.0 0.27947
3750.0 2050.0 0.54576
3850.0 2050.0 0.87867
3950.0 2050.0 1.21906
4050.0 2050.0 1.54050
4150.0 2050.0 1.72698
4250.0 2050.0 1.61277
4350.0 2050.0 1.12617
4450.0 2050.0 0.35330
4550.0 2050.0 -0.48453
4650.0 2050.0 -1.13971
4750.0 2050.0 -1.53350
4850.0 2050.0 -1.77513
4950.0 2050.0 -1.66133
5050.0 2050.0 -1.12780
5150.0 2050.0 -0.31572
5250.0 2050.0 0.51962
5350.0 2050.0 1.11085
5450.0 2050.0 1.29127
5550.0 2050.0 1.11833
5650.0 2050.0 0.85971
5750.0 2050.0 0.57284
5850.0 2050.0 0.28380
5950.0 2050.0 0.03266
6050.0 2050.0 -0.15681
6150.0 2050.0 -0.28977
6250.0 2050.0 -0.39507
6350.0 2050.0 -0.50244
50.0 2150.0 -0.46458
150.0 2150.0 -0.52952
250.0 2150.0 -0.38814
350.0 2150.0 -0.09257
450.0 2150.0 0.24063
550.0 2150.0 0.47472
650.0 2150.0 0.51742
750.0 2150.0 0.40516
850.0 2150.0 0.28044
950.0 2150.0 0.19163
1050.0 2150.0 0.15950
1150.0 2150.0 0.18338
1250.0 2150.0 0.23873
1350.0 2150.0 0.28573
1450.0 2150.0 0.28907
1550.0 2150.0 0.24886
1650.0 2150.0 0.23373
1750.0 2150.0 0.30237
1850.0 2150.0 0.43530
1950.0 2150.0 0.57487
2050.0 2150.0 0.66227
2150.0 2150.0 0.66228
2250.0 2150.0 0.57570
2350.0 2150.0 0.43941
2450.0 2150.0 0.28696
2550.0 2150.0 0.12127
2650.0 2150.0 -0.02490
2750.0 2150.0 -0.11729
2850.0 2150.0 -0.14533
2950.0 2150.0 -0.12858
3050.0 2150.0 -0.10450
3150.0 2150.0 -0.09776
3250.0 2150.0 -0.13786
3350.0 2150.0 -0.26989
3450.0 2150.0 -0.40544
3550.0 2150.0 -0.42072
3650.0 2150.0 -0.24554
3750.0 2150.0 0.10143
3850.0 2150.0 0.53132
3950.0 2150.0 0.95746
4050.0 2150.0 1.38894
4150.0 2150.0 1.76899
4250.0 2150.0 1.90128
4350.0 2150.0 1.64229
4450.0 2150.0 1.01569
4550.0 2150.0 0.21815
4650.0 2150.0 -0.48357
4750.0 2150.0 -0.96404
4850.0 2150.0 -1.31113
4950.0 2150.0 -1.34803
5050.0 2150.0 -0.99716
5150.0 2150.0 -0.36254
5250.0 2150.0 0.33485
5350.0 2150.0 0.84355
5450.0 2150.0 0.98980
5550.0 2150.0 0.80735
5650.0 2150.0 0.53963
5750.0 2150.0 0.23765
5850.0 2150.0 -0.06021
5950.0 2150.0 -0.29920
6050.0 2150.0 -0.44985
6150.0 2150.0 -0.52406
6250.0 2150.0 -0.56588
6350.0 2150.0 -0.61679
50.0 2250.0 -0.52666
150.0 2250.0 -0.62790
250.0 2250.0 -0.52128
350.0 2250.0 -0.25907
450.0 2250.0 0.04143
550.0 2250.0 0.24240
650.0 2250.0 0.25069
750.0 2250.0 0.10295
850.0 2250.0 -0.04706
950.0 2250.0 -0.13043
1050.0 2250.0 -0.12350
1150.0 2250.0 -0.03950
1250.0 2250.0 0.07586
1350.0 2250.0 0.16125
1450.0 2250.0 0.16912
1550.0 2250.0 0.10754
1650.0 2250.0 0.06243
1750.0 2250.0 0.09325
1850.0 2250.0 0.19277
1950.0 2250.0 0.31730
2050.0 2250.0 0.41378
2150.0 2250.0 0.44150
2250.0 2250.0 0.38835
2350.0 2250.0 0.28170
2450.0 2250.0 0.16483
2550.0 2250.0 0.05036
2650.0 2250.0 -0.04154
2750.0 2250.0 -0.09514
2850.0 2250.0 -0.11134
2950.0 2250.0 -0.10866
3050.0 2250.0 -0.11301
3150.0 2250.0 -0.13648
3250.0 2250.0 -0.22102
3350.0 2250.0 -0.43939
3450.0 2250.0 -0.69109
3550.0 2250.0 -0.82002
3650.0 2250.0 -0.72552
3750.0 2250.0 -0.41095
3850.0 2250.0 0.03020
3950.0 2250.0 0.49073
4050.0 2250.0 0.98632
4150.0 2250.0 1.51762
4250.0 2250.0 1.87926
4350.0 2250.0 1.87274
4450.0 2250.0 1.45818
4550.0 2250.0 0.78721
4650.0 2250.0 0.11696
4750.0 2250.0 -0.39482
4850.0 2250.0 -0.80188
4950.0 2250.0 -0.96394
5050.0 2250.0 -0.80297
5150.0 2250.0 -0.38625
5250.0 2250.0 0.11310
5350.0 2250.0 0.48236
5450.0 2250.0 0.56225
5550.0 2250.0 0.36670
5650.0 2250.0 0.10482
5750.0 2250.0 -0.15249
5850.0 2250.0 -0.35474
5950.0 2250.0 -0.45864
6050.0 2250.0 -0.46245
6150.0 2250.0 -0.41139
6250.0 2250.0 -0.37405
6350.0 2250.0 -0.38985
50.0 2350.0 -0.33494
150.0 2350.0 -0.47788
250.0 2350.0 -0.43931
350.0 2350.0 -0.25864
450.0 2350.0 -0.03493
550.0 2350.0 0.11042
650.0 2350.0 0.09163
750.0 2350.0 -0.06333
850.0 2350.0 -0.21673
950.0 2350.0 -0.29962
1050.0 2350.0 -0.28792
1150.0 2350.0 -0.19642
1250.0 2350.0 -0.07352
1350.0 2350.0 0.01669
1450.0 2350.0 0.02509
1550.0 2350.0 -0.03929
1650.0 2350.0 -0.09398
1750.0 2350.0 -0.09068
1850.0 2350.0 -0.03561
1950.0 2350.0 0.03732
2050.0 2350.0 0.08757
2150.0 2350.0 0.08463
2250.0 2350.0 0.02009
2350.0 2350.0 -0.08469
2450.0 2350.0 -0.18438
2550.0 2350.0 -0.24004
2650.0 2350.0 -0.23091
2750.0 2350.0 -0.16205
2850.0 2350.0 -0.06366
2950.0 2350.0 0.01978
3050.0 2350.0 0.05051
3150.0 2350.0 0.02853
3250.0 2350.0 -0.07624
3350.0 2350.0 -0.36897
3450.0 2350.0 -0.75143
3550.0 2350.0 -1.04105
3650.0 2350.0 -1.09874
3750.0 2350.0 -0.89300
3850.0 2350.0 -0.50054
3950.0 2350.0 -0.04310
4050.0 2350.0 0.47798
4150.0 2350.0 1.10786
4250.0 2350.0 1.64637
4350.0 2350.0 1.86000
4450.0 2350.0 1.65645
4550.0 2350.0 1.13881
4650.0 2350.0 0.53958
4750.0 2350.0 0.03452
4850.0 2350.0 -0.39457
4950.0 2350.0 -0.64190
5050.0 2350.0 -0.63641
5150.0 2350.0 -0.41628
5250.0 2350.0 -0.10882
5350.0 2350.0 0.11707
5450.0 2350.0 0.12588
5550.0 2350.0 -0.08213
5650.0 2350.0 -0.32867
5750.0 2350.0 -0.50536
5850.0 2350.0 -0.55076
5950.0 2350.0 -0.44940
6050.0 2350.0 -0.24720
6150.0 2350.0 -0.03744
6250.0 2350.0 0.08264
6350.0 2350.0 0.08474
50.0 2450.0 -0.10288
150.0 2450.0 -0.28328
250.0 2450.0 -0.30916
350.0 2450.0 -0.20836
450.0 2450.0 -0.06215
550.0 2450.0 0.02514
650.0 2450.0 -0.02356
750.0 2450.0 -0.18817
850.0 2450.0 -0.35299
950.0 2450.0 -0.45688
1050.0 2450.0 -0.47093
1150.0 2450.0 -0.40140
1250.0 2450.0 -0.29004
1350.0 2450.0 -0.19904
1450.0 2450.0 -0.18063
1550.0 2450.0 -0.23144
1650.0 2450.0 -0.27982
1750.0 2450.0 -0.29458
1850.0 2450.0 -0.28601
1950.0 2450.0 -0.27927
2050.0 2450.0 -0.29801
2150.0 2450.0 -0.35430
2250.0 2450.0 -0.44477
2350.0 2450.0 -0.55308
2450.0 2450.0 -0.63834
2550.0 2450.0 -0.63364
2650.0 2450.0 -0.51534
2750.0 2450.0 -0.30951
2850.0 2450.0 -0.07857
2950.0 2450.0 0.10242
3050.0 2450.0 0.17982
3150.0 2450.0 0.16555
3250.0 2450.0 0.04883
3350.0 2450.0 -0.30169
3450.0 2450.0 -0.79321
3550.0 2450.0 -1.22379
3650.0 2450.0 -1.42198
3750.0 2450.0 -1.32380
3850.0 2450.0 -0.98725
3950.0 2450.0 -0.54400
4050.0 2450.0 -0.01236
4150.0 2450.0 0.69116
4250.0 2450.0 1.37488
4350.0 2450.0 1.77861
4450.0 2450.0 1.76508
4550.0 2450.0 1.39211
4650.0 2450.0 0.86575
4750.0 2450.0 0.37438
4850.0 2450.0 -0.06894
4950.0 2450.0 -0.39266
5050.0 2450.0 -0.53167
5150.0 2450.0 -0.49471
5250.0 2450.0 -0.36400
5350.0 2450.0 -0.26617
5450.0 2450.0 -0.31455
5550.0 2450.0 -0.52295
5650.0 2450.0 -0.74444
5750.0 2450.0 -0.83903
5850.0 2450.0 -0.73692
5950.0 2450.0 -0.44799
6050.0 2450.0 -0.05989
6150.0 2450.0 0.29307
6250.0 2450.0 0.49020
6350.0 2450.0 0.51384
50.0 2550.0 0.09092
150.0 2550.0 -0.10731
250.0 2550.0 -0.16395
350.0 2550.0 -0.10703
450.0 2550.0 -0.01235
550.0 2550.0 0.02491
650.0 2550.0 -0.06407
750.0 2550.0 -0.25943
850.0 2550.0 -0.46987
950.0 2550.0 -0.65384
1050.0 2550.0 -0.76228
1150.0 2550.0 -0.76844
1250.0 2550.0 -0.69007
1350.0 2550.0 -0.58497
1450.0 2550.0 -0.51998
1550.0 2550.0 -0.51350
1650.0 2550.0 -0.51331
1750.0 2550.0 -0.51476
1850.0 2550.0 -0.54291
1950.0 2550.0 -0.61751
2050.0 2550.0 -0.73803
2150.0 2550.0 -0.88234
2250.0 2550.0 -1.01916
2350.0 2550.0 -1.13422
2450.0 2550.0 -1.20746
2550.0 2550.0 -1.15166
2650.0 2550.0 -0.93972
2750.0 2550.0 -0.61472
2850.0 2550.0 -0.26642
2950.0 2550.0 0.00324
3050.0 2550.0 0.12580
3150.0 2550.0 0.12273
3250.0 2550.0 0.00918
3350.0 2550.0 -0.35005
3450.0 2550.0 -0.87074
3550.0 2550.0 -1.35201
3650.0 2550.0 -1.61438
3750.0 2550.0 -1.57945
3850.0 2550.0 -1.29125
3950.0 2550.0 -0.87923
4050.0 2550.0 -0.36606
4150.0 2550.0 0.35641
4250.0 2550.0 1.10859
4350.0 2550.0 1.62073
4450.0 2550.0 1.72934
4550.0 2550.0 1.45942
4650.0 2550.0 0.99216
4750.0 2550.0 0.51830
4850.0 2550.0 0.06765
4950.0 2550.0 -0.32164
5050.0 2550.0 -0.58339
5150.0 2550.0 -0.69289
5250.0 2550.0 -0.68956
5350.0 2550.0 -0.66596
5450.0 2550.0 -0.72340
5550.0 2550.0 -0.89394
5650.0 2550.0 -1.06488
5750.0 2550.0 -1.09464
5850.0 2550.0 -0.91313
5950.0 2550.0 -0.53827
6050.0 2550.0 -0.06835
6150.0 2550.0 0.35357
6250.0 2550.0 0.60340
6350.0 2550.0 0.66763
50.0 2650.0 0.18166
150.0 2650.0 -0.00481
250.0 2650.0 -0.04145
350.0 2650.0 0.02808
450.0 2650.0 0.11600
550.0 2650.0 0.12400
650.0 2650.0 -0.01082
750.0 2650.0 -0.25856
850.0 2650.0 -0.54813
950.0 2650.0 -0.86462
1050.0 2650.0 -1.12254
1150.0 2650.0 -1.23980
1250.0 2650.0 -1.19690
1350.0 2650.0 -1.04925
1450.0 2650.0 -0.89259
1550.0 2650.0 -0.78186
1650.0 2650.0 -0.68593
1750.0 2650.0 -0.63079
1850.0 2650.0 -0.66726
1950.0 2650.0 -0.81687
2050.0 2650.0 -1.05246
2150.0 2650.0 -1.30597
2250.0 2650.0 -1.50360
2350.0 2650.0 -1.62788
2450.0 2650.0 -1.69584
2550.0 2650.0 -1.61624
2650.0 2650.0 -1.35862
2750.0 2650.0 -0.97267
2850.0 2650.0 -0.56105
2950.0 2650.0 -0.23987
3050.0 2650.0 -0.08676
3150.0 2650.0 -0.07684
3250.0 2650.0 -0.16985
3350.0 2650.0 -0.47999
3450.0 2650.0 -0.93449
3550.0 2650.0 -1.35728
3650.0 2650.0 -1.58981
3750.0 2650.0 -1.56138
3850.0 2650.0 -1.30878
3950.0 2650.0 -0.94526
4050.0 2650.0 -0.48371
4150.0 2650.0 0.18830
4250.0 2650.0 0.90627
4350.0 2650.0 1.41291
4450.0 2650.0 1.54495
4550.0 2650.0 1.31396
4650.0 2650.0 0.88135
4750.0 2650.0 0.42745
4850.0 2650.0 -0.02049
4950.0 2650.0 -0.45045
5050.0 2650.0 -0.78645
5150.0 2650.0 -0.97080
5250.0 2650.0 -1.01025
5350.0 2650.0 -0.97961
5450.0 2650.0 -0.98311
5550.0 2650.0 -1.07327
5650.0 2650.0 -1.16922
5750.0 2650.0 -1.16499
5850.0 2650.0 -1.00038
5950.0 2650.0 -0.67859
6050.0 2650.0 -0.26831
6150.0 2650.0 0.12017
6250.0 2650.0 0.38477
6350.0 2650.0 0.50744
50.0 2750.0 0.13455
150.0 2750.0 -0.01227
250.0 2750.0 0.01902
350.0 2750.0 0.15647
450.0 2750.0 0.28494
550.0 2750.0 0.29101
650.0 2750.0 0.11413
750.0 2750.0 -0.19733
850.0 2750.0 -0.58149
950.0 2750.0 -1.04725
1050.0 2750.0 -1.46341
1150.0 2750.0 -1.68447
1250.0 2750.0 -1.65268
1350.0 2750.0 -1.42808
1450.0 2750.0 -1.14617
1550.0 2750.0 -0.90379
1650.0 2750.0 -0.68238
1750.0 2750.0 -0.53336
1850.0 2750.0 -0.53917
1950.0 2750.0 -0.73170
2050.0 2750.0 -1.06253
2150.0 2750.0 -1.41743
2250.0 2750.0 -1.67493
2350.0 2750.0 -1.80866
2450.0 2750.0 -1.88047
2550.0 2750.0 -1.81476
2650.0 2750.0 -1.57871
2750.0 2750.0 -1.21488
2850.0 2750.0 -0.81880
2950.0 2750.0 -0.50242
3050.0 2750.0 -0.34365
3150.0 2750.0 -0.32205
3250.0 2750.0 -0.38304
3350.0 2750.0 -0.60398
3450.0 2750.0 -0.92474
3550.0 2750.0 -1.21003
3650.0 2750.0 -1.34272
3750.0 2750.0 -1.27623
3850.0 2750.0 -1.04596
3950.0 2750.0 -0.73972
4050.0 2750.0 -0.35164
4150.0 2750.0 0.21611
4250.0 2750.0 0.81451
4350.0 2750.0 1.21644
4450.0 2750.0 1.28191
4550.0 2750.0 1.02806
4650.0 2750.0 0.60378
4750.0 2750.0 0.16915
4850.0 2750.0 -0.26690
4950.0 2750.0 -0.70637
5050.0 2750.0 -1.05678
5150.0 2750.0 -1.23382
5250.0 2750.0 -1.22713
5350.0 2750.0 -1.11258
5450.0 2750.0 -1.01117
5550.0 2750.0 -0.99441
5650.0 2750.0 -1.00478
5750.0 2750.0 -1.00000
5850.0 2750.0 -0.93751
5950.0 2750.0 -0.78730
6050.0 2750.0 -0.55635
6150.0 2750.0 -0.28951
6250.0 2750.0 -0.04705
6350.0 2750.0 0.14123
50.0 2850.0 -0.02597
150.0 2850.0 -0.11869
250.0 2850.0 0.00542
350.0 2850.0 0.24156
450.0 2850.0 0.44033
550.0 2850.0 0.46664
650.0 2850.0 0.25896
750.0 2850.0 -0.11275
850.0 2850.0 -0.58286
950.0 2850.0 -1.17279
1050.0 2850.0 -1.70714
1150.0 2850.0 -1.98618
1250.0 2850.0 -1.92532
1350.0 2850.0 -1.59816
1450.0 2850.0 -1.18281
1550.0 2850.0 -0.81205
1650.0 2850.0 -0.46497
1750.0 2850.0 -0.20638
1850.0 2850.0 -0.14875
1950.0 2850.0 -0.34060
2050.0 2850.0 -0.72305
2150.0 2850.0 -1.14660
2250.0 2850.0 -1.44842
2350.0 2850.0 -1.58953
2450.0 2850.0 -1.67282
2550.0 2850.0 -1.65286
2650.0 2850.0 -1.49592
2750.0 2850.0 -1.22632
2850.0 2850.0 -0.91544
2950.0 2850.0 -0.65501
3050.0 2850.0 -0.51489
3150.0 2850.0 -0.48545
3250.0 2850.0 -0.51350
3350.0 2850.0 -0.63932
3450.0 2850.0 -0.81441
3550.0 2850.0 -0.94600
3650.0 2850.0 -0.96188
3750.0 2850.0 -0.84348
3850.0 2850.0 -0.62741
3950.0 2850.0 -0.37523
4050.0 2850.0 -0.06220
4150.0 2850.0 0.38541
4250.0 2850.0 0.83190
4350.0 2850.0 1.08616
4450.0 2850.0 1.04168
4550.0 2850.0 0.73158
4650.0 2850.0 0.29858
4750.0 2850.0 -0.12020
4850.0 2850.0 -0.53991
4950.0 2850.0 -0.96480
5050.0 2850.0 -1.28408
5150.0 2850.0 -1.39614
5250.0 2850.0 -1.28778
5350.0 2850.0 -1.04927
5450.0 2850.0 -0.82529
5550.0 2850.0 -0.70183
5650.0 2850.0 -0.63400
5750.0 2850.0 -0.65051
5850.0 2850.0 -0.72847
5950.0 2850.0 -0.79826
6050.0 2850.0 -0.79454
6150.0 2850.0 -0.68638
6250.0 2850.0 -0.48635
6350.0 2850.0 -0.23875
50.0 2950.0 -0.22179
150.0 2950.0 -0.26635
250.0 2950.0 -0.05962
350.0 2950.0 0.26664
450.0 2950.0 0.53368
550.0 2950.0 0.58673
650.0 2950.0 0.36181
750.0 2950.0 -0.05329
850.0 2950.0 -0.58036
950.0 2950.0 -1.23877
1050.0 2950.0 -1.82063
1150.0 2950.0 -2.09437
1250.0 2950.0 -1.96713
1350.0 2950.0 -1.53275
1450.0 2950.0 -1.00537
1550.0 2950.0 -0.53901
1650.0 2950.0 -0.09609
1750.0 2950.0 0.25845
1850.0 2950.0 0.39066
1950.0 2950.0 0.23420
2050.0 2950.0 -0.15261
2150.0 2950.0 -0.60222
2250.0 2950.0 -0.92534
2350.0 2950.0 -1.07041
2450.0 2950.0 -1.16767
2550.0 2950.0 -1.20442
2650.0 2950.0 -1.14725
2750.0 2950.0 -0.99897
2850.0 2950.0 -0.80086
2950.0 2950.0 -0.61823
3050.0 2950.0 -0.50909
3150.0 2950.0 -0.47637
3250.0 2950.0 -0.48169
3350.0 2950.0 -0.54393
3450.0 2950.0 -0.62340
3550.0 2950.0 -0.65636
3650.0 2950.0 -0.60016
3750.0 2950.0 -0.45364
3850.0 2950.0 -0.25265
3950.0 2950.0 -0.04069
4050.0 2950.0 0.21701
4150.0 2950.0 0.57451
4250.0 2950.0 0.90568
4350.0 2950.0 1.04653
4450.0 2950.0 0.91631
4550.0 2950.0 0.56109
4650.0 2950.0 0.11974
4750.0 2950.0 -0.28777
4850.0 2950.0 -0.69358
4950.0 2950.0 -1.09831
5050.0 2950.0 -1.37679
5150.0 2950.0 -1.41817
5250.0 2950.0 -1.21260
5350.0 2950.0 -0.86622
5450.0 2950.0 -0.54405
5550.0 2950.0 -0.34113
5650.0 2950.0 -0.21722
5750.0 2950.0 -0.25481
5850.0 2950.0 -0.44606
5950.0 2950.0 -0.69044
6050.0 2950.0 -0.86655
6150.0 2950.0 -0.88484
6250.0 2950.0 -0.72116
6350.0 2950.0 -0.43118
50.0 3050.0 -0.36158
150.0 3050.0 -0.38164
250.0 3050.0 -0.13286
350.0 3050.0 0.23964
450.0 3050.0 0.54244
550.0 3050.0 0.61066
650.0 3050.0 0.37878
750.0 3050.0 -0.05650
850.0 3050.0 -0.60327
950.0 3050.0 -1.26697
1050.0 3050.0 -1.82422
1150.0 3050.0 -2.03791
1250.0 3050.0 -1.82496
1350.0 3050.0 -1.30123
1450.0 3050.0 -0.70369
1550.0 3050.0 -0.19026
1650.0 3050.0 0.30119
1750.0 3050.0 0.71478
1850.0 3050.0 0.90677
1950.0 3050.0 0.79761
2050.0 3050.0 0.43802
2150.0 3050.0 -0.00265
2250.0 3050.0 -0.32605
2350.0 3050.0 -0.47171
2450.0 3050.0 -0.57937
2550.0 3050.0 -0.65875
2650.0 3050.0 -0.67727
2750.0 3050.0 -0.62199
2850.0 3050.0 -0.51157
2950.0 3050.0 -0.39083
3050.0 3050.0 -0.30816
3150.0 3050.0 -0.27559
3250.0 3050.0 -0.27523
3350.0 3050.0 -0.32947
3450.0 3050.0 -0.40412
3550.0 3050.0 -0.44132
3650.0 3050.0 -0.40039
3750.0 3050.0 -0.27694
3850.0 3050.0 -0.10044
3950.0 3050.0 0.08999
4050.0 3050.0 0.32500
4150.0 3050.0 0.65545
4250.0 3050.0 0.96093
4350.0 3050.0 1.08477
4450.0 3050.0 0.94981
4550.0 3050.0 0.59992
4650.0 3050.0 0.16762
4750.0 3050.0 -0.23249
4850.0 3050.0 -0.63265
4950.0 3050.0 -1.03213
5050.0 3050.0 -1.29946
5150.0 3050.0 -1.31793
5250.0 3050.0 -1.07689
5350.0 3050.0 -0.68751
5450.0 3050.0 -0.32304
5550.0 3050.0 -0.08345
5650.0 3050.0 0.06887
5750.0 3050.0 0.03206
5850.0 3050.0 -0.19180
5950.0 3050.0 -0.49141
6050.0 3050.0 -0.72532
6150.0 3050.0 -0.78269
6250.0 3050.0 -0.62575
6350.0 3050.0 -0.31398
50.0 3150.0 -0.41619
150.0 3150.0 -0.43573
250.0 3150.0 -0.18611
350.0 3150.0 0.18675
450.0 3150.0 0.48879
550.0 3150.0 0.55506
650.0 3150.0 0.32042
750.0 3150.0 -0.11780
850.0 3150.0 -0.65765
950.0 3150.0 -1.28532
1050.0 3150.0 -1.77492
1150.0 3150.0 -1.90145
1250.0 3150.0 -1.60188
1350.0 3150.0 -1.01225
1450.0 3150.0 -0.38083
1550.0 3150.0 0.14218
1650.0 3150.0 0.64442
1750.0 3150.0 1.08202
1850.0 3150.0 1.31025
1950.0 3150.0 1.24219
2050.0 3150.0 0.91935
2150.0 3150.0 0.50372
2250.0 3150.0 0.19123
2350.0 3150.0 0.04694
2450.0 3150.0 -0.06551
2550.0 3150.0 -0.16486
2650.0 3150.0 -0.21922
2750.0 3150.0 -0.20855
2850.0 3150.0 -0.14082
2950.0 3150.0 -0.05100
3050.0 3150.0 0.01753
3150.0 3150.0 0.04858
3250.0 3150.0 0.04070
3350.0 3150.0 -0.05193
3450.0 3150.0 -0.19832
3550.0 3150.0 -0.32752
3650.0 3150.0 -0.37753
3750.0 3150.0 -0.32291
3850.0 3150.0 -0.18133
3950.0 3150.0 0.00129
4050.0 3150.0 0.24016
4150.0 3150.0 0.59942
4250.0 3150.0 0.96210
4350.0 3150.0 1.16108
4450.0 3150.0 1.10140
4550.0 3150.0 0.80897
4650.0 3150.0 0.40571
4750.0 3150.0 0.01115
4850.0 3150.0 -0.39148
4950.0 3150.0 -0.80618
5050.0 3150.0 -1.10224
5150.0 3150.0 -1.15650
5250.0 3150.0 -0.94900
5350.0 3150.0 -0.58263
5450.0 3150.0 -0.22671
5550.0 3150.0 0.01554
5650.0 3150.0 0.17689
5750.0 3150.0 0.16609
5850.0 3150.0 -0.01235
5950.0 3150.0 -0.25475
6050.0 3150.0 -0.43209
6150.0 3150.0 -0.44567
6250.0 3150.0 -0.26462
6350.0 3150.0 0.05481
50.0 3250.0 -0.48749
150.0 3250.0 -0.49638
250.0 3250.0 -0.23938
350.0 3250.0 0.14021
450.0 3250.0 0.45118
550.0 3250.0 0.53043
650.0 3250.0 0.31301
750.0 3250.0 -0.10545
850.0 3250.0 -0.61727
950.0 3250.0 -1.19701
1050.0 3250.0 -1.62321
1150.0 3250.0 -1.68414
1250.0 3250.0 -1.33052
1350.0 3250.0 -0.70703
1450.0 3250.0 -0.06220
1550.0 3250.0 0.46241
1650.0 3250.0 0.96626
1750.0 3250.0 1.41132
1850.0 3250.0 1.65583
1950.0 3250.0 1.61241
2050.0 3250.0 1.31858
2150.0 3250.0 0.93022
2250.0 3250.0 0.63798
2350.0 3250.0 0.50693
2450.0 3250.0 0.40475
2550.0 3250.0 0.30815
2650.0 3250.0 0.24508
2750.0 3250.0 0.23614
2850.0 3250.0 0.27846
2950.0 3250.0 0.34505
3050.0 3250.0 0.39941
3150.0 3250.0 0.42559
3250.0 3250.0 0.40365
3350.0 3250.0 0.25938
3450.0 3250.0 0.01969
3550.0 3250.0 -0.22826
3650.0 3250.0 -0.39589
3750.0 3250.0 -0.43150
3850.0 3250.0 -0.33785
3950.0 3250.0 -0.16931
4050.0 3250.0 0.06783
4150.0 3250.0 0.44994
4250.0 3250.0 0.86674
4350.0 3250.0 1.14369
4450.0 3250.0 1.16852
4550.0 3250.0 0.94665
4650.0 3250.0 0.58531
4750.0 3250.0 0.20651
4850.0 3250.0 -0.18756
4950.0 3250.0 -0.60302
5050.0 3250.0 -0.91491
5150.0 3250.0 -0.99998
5250.0 3250.0 -0.83192
5350.0 3250.0 -0.50322
5450.0 3250.0 -0.17344
5550.0 3250.0 0.05576
5650.0 3250.0 0.21643
5750.0 3250.0 0.24285
5850.0 3250.0 0.14470
5950.0 3250.0 0.00846
6050.0 3250.0 -0.06461
6150.0 3250.0 -0.00275
6250.0 3250.0 0.20985
6350.0 3250.0 0.52435
50.0 3350.0 -0.63106
150.0 3350.0 -0.59067
250.0 3350.0 -0.29691
350.0 3350.0 0.11759
450.0 3350.0 0.47274
550.0 3350.0 0.61244
650.0 3350.0 0.47200
750.0 3350.0 0.13998
850.0 3350.0 -0.28635
950.0 3350.0 -0.79785
1050.0 3350.0 -1.19380
1150.0 3350.0 -1.27080
1250.0 3350.0 -0.96791
1350.0 3350.0 -0.40159
1450.0 3350.0 0.20956
1550.0 3350.0 0.72983
1650.0 3350.0 1.22578
1750.0 3350.0 1.64398
1850.0 3350.0 1.85423
1950.0 3350.0 1.78807
2050.0 3350.0 1.49647
2150.0 3350.0 1.13727
2250.0 3350.0 0.89216
2350.0 3350.0 0.81369
2450.0 3350.0 0.76799
2550.0 3350.0 0.73143
2650.0 3350.0 0.71679
2750.0 3350.0 0.73010
2850.0 3350.0 0.76541
2950.0 3350.0 0.80635
3050.0 3350.0 0.83449
3150.0 3350.0 0.84445
3250.0 3350.0 0.79952
3350.0 3350.0 0.59801
3450.0 3350.0 0.25926
3550.0 3350.0 -0.11810
3650.0 3350.0 -0.42151
3750.0 3350.0 -0.57200
3850.0 3350.0 -0.55391
3950.0 3350.0 -0.42667
4050.0 3350.0 -0.22603
4150.0 3350.0 0.12293
4250.0 3350.0 0.52852
4350.0 3350.0 0.83058
4450.0 3350.0 0.91572
4550.0 3350.0 0.77164
4650.0 3350.0 0.48072
4750.0 3350.0 0.15264
4850.0 3350.0 -0.19073
4950.0 3350.0 -0.54513
5050.0 3350.0 -0.80419
5150.0 3350.0 -0.86703
5250.0 3350.0 -0.71653
5350.0 3350.0 -0.43571
5450.0 3350.0 -0.16205
5550.0 3350.0 0.02010
5650.0 3350.0 0.15555
5750.0 3350.0 0.23034
5850.0 3350.0 0.26254
5950.0 3350.0 0.30364
6050.0 3350.0 0.40078
6150.0 3350.0 0.57487
6250.0 3350.0 0.81475
6350.0 3350.0 1.08729
50.0 3450.0 -0.76733
150.0 3450.0 -0.65688
250.0 3450.0 -0.33053
350.0 3450.0 0.10570
450.0 3450.0 0.50211
550.0 3450.0 0.72450
650.0 3450.0 0.71280
750.0 3450.0 0.53771
850.0 3450.0 0.25933
950.0 3450.0 -0.16021
1050.0 3450.0 -0.55845
1150.0 3450.0 -0.73572
1250.0 3450.0 -0.59285
1350.0 3450.0 -0.17928
1450.0 3450.0 0.34859
1550.0 3450.0 0.85825
1650.0 3450.0 1.33609
1750.0 3450.0 1.69066
1850.0 3450.0 1.81253
1950.0 3450.0 1.67298
2050.0 3450.0 1.35521
2150.0 3450.0 1.02757
2250.0 3450.0 0.85876
2350.0 3450.0 0.87533
2450.0 3450.0 0.93441
2550.0 3450.0 1.01327
2650.0 3450.0 1.09707
2750.0 3450.0 1.16329
2850.0 3450.0 1.19744
2950.0 3450.0 1.19993
3050.0 3450.0 1.18402
3150.0 3450.0 1.16486
3250.0 3450.0 1.09262
3350.0 3450.0 0.85107
3450.0 3450.0 0.44962
3550.0 3450.0 -0.01492
3650.0 3450.0 -0.42146
3750.0 3450.0 -0.67490
3850.0 3450.0 -0.74368
3950.0 3450.0 -0.68432
4050.0 3450.0 -0.55862
4150.0 3450.0 -0.30755
4250.0 3450.0 0.00822
4350.0 3450.0 0.26805
4450.0 3450.0 0.37726
4550.0 3450.0 0.31123
4650.0 3450.0 0.11778
4750.0 3450.0 -0.12247
4850.0 3450.0 -0.37021
4950.0 3450.0 -0.59940
5050.0 3450.0 -0.73643
5150.0 3450.0 -0.72608
5250.0 3450.0 -0.57570
5350.0 3450.0 -0.35845
5450.0 3450.0 -0.17555
5550.0 3450.0 -0.07753
5650.0 3450.0 0.00244
5750.0 3450.0 0.11832
5850.0 3450.0 0.29755
5950.0 3450.0 0.54428
6050.0 3450.0 0.83449
6150.0 3450.0 1.12371
6250.0 3450.0 1.36754
6350.0 3450.0 1.55477
50.0 3550.0 -0.79039
150.0 3550.0 -0.62456
250.0 3550.0 -0.31391
350.0 3550.0 0.08069
450.0 3550.0 0.46432
550.0 3550.0 0.74521
650.0 3550.0 0.87578
750.0 3550.0 0.89645
850.0 3550.0 0.80266
950.0 3550.0 0.49111
1050.0 3550.0 0.07589
1150.0 3550.0 -0.24519
1250.0 3550.0 -0.32062
1350.0 3550.0 -0.11148
1450.0 3550.0 0.30601
1550.0 3550.0 0.80165
1650.0 3550.0 1.25557
1750.0 3550.0 1.52558
1850.0 3550.0 1.52840
1950.0 3550.0 1.28692
2050.0 3550.0 0.92720
2150.0 3550.0 0.63295
2250.0 3550.0 0.55747
2350.0 3550.0 0.69357
2450.0 3550.0 0.88332
2550.0 3550.0 1.10128
2650.0 3550.0 1.29752
2750.0 3550.0 1.41577
2850.0 3550.0 1.43425
2950.0 3550.0 1.37784
3050.0 3550.0 1.30148
3150.0 3550.0 1.24491
3250.0 3550.0 1.14964
3350.0 3550.0 0.90769
3450.0 3550.0 0.51897
3550.0 3550.0 0.06032
3650.0 3550.0 -0.36378
3750.0 3550.0 -0.66401
3850.0 3550.0 -0.80252
3950.0 3550.0 -0.82279
4050.0 3550.0 -0.79540
4150.0 3550.0 -0.68513
4250.0 3550.0 -0.51485
4350.0 3550.0 -0.34928
4450.0 3550.0 -0.24983
4550.0 3550.0 -0.24731
4650.0 3550.0 -0.33242
4750.0 3550.0 -0.46420
4850.0 3550.0 -0.59107
4950.0 3550.0 -0.66136
5050.0 3550.0 -0.64268
5150.0 3550.0 -0.53775
5250.0 3550.0 -0.38535
5350.0 3550.0 -0.24669
5450.0 3550.0 -0.17750
5550.0 3550.0 -0.18551
5650.0 3550.0 -0.18326
5750.0 3550.0 -0.05519
5850.0 3550.0 0.23296
5950.0 3550.0 0.63962
6050.0 3550.0 1.07433
6150.0 3550.0 1.43332
6250.0 3550.0 1.64372
6350.0 3550.0 1.71625
50.0 3650.0 -0.64454
150.0 3650.0 -0.46647
250.0 3650.0 -0.24251
350.0 3650.0 0.02482
450.0 3650.0 0.31449
550.0 3650.0 0.59452
650.0 3650.0 0.83794
750.0 3650.0 1.04591
850.0 3650.0 1.13268
950.0 3650.0 0.93086
1050.0 3650.0 0.50762
1150.0 3650.0 0.05724
1250.0 3650.0 -0.22038
1350.0 3650.0 -0.20280
1450.0 3650.0 0.11067
1550.0 3650.0 0.59306
1650.0 3650.0 1.02399
1750.0 3650.0 1.21284
1850.0 3650.0 1.10172
1950.0 3650.0 0.76335
2050.0 3650.0 0.36491
2150.0 3650.0 0.10455
2250.0 3650.0 0.12039
2350.0 3650.0 0.37267
2450.0 3650.0 0.68616
2550.0 3650.0 1.02601
2650.0 3650.0 1.30760
2750.0 3650.0 1.44658
2850.0 3650.0 1.42114
2950.0 3650.0 1.28654
3050.0 3650.0 1.14161
3150.0 3650.0 1.04733
3250.0 3650.0 0.93993
3350.0 3650.0 0.74241
3450.0 3650.0 0.44819
3550.0 3650.0 0.09891
3650.0 3650.0 -0.24157
3750.0 3650.0 -0.51288
3850.0 3650.0 -0.68348
3950.0 3650.0 -0.77569
4050.0 3650.0 -0.84542
4150.0 3650.0 -0.87942
4250.0 3650.0 -0.86447
4350.0 3650.0 -0.80832
4450.0 3650.0 -0.73585
4550.0 3650.0 -0.67980
4650.0 3650.0 -0.66607
4750.0 3650.0 -0.69354
4850.0 3650.0 -0.70417
4950.0 3650.0 -0.62577
5050.0 3650.0 -0.46657
5150.0 3650.0 -0.28359
5250.0 3650.0 -0.14284
5350.0 3650.0 -0.09079
5450.0 3650.0 -0.13717
5550.0 3650.0 -0.24905
5650.0 3650.0 -0.32957
5750.0 3650.0 -0.22717
5850.0 3650.0 0.09440
5950.0 3650.0 0.56232
6050.0 3650.0 1.04368
6150.0 3650.0 1.39906
6250.0 3650.0 1.54070
6350.0 3650.0 1.49518
50.0 3750.0 -0.35293
150.0 3750.0 -0.21423
250.0 3750.0 -0.13753
350.0 3750.0 -0.06532
450.0 3750.0 0.05996
550.0 3750.0 0.27218
650.0 3750.0 0.56941
750.0 3750.0 0.91242
850.0 3750.0 1.13653
950.0 3750.0 1.03095
1050.0 3750.0 0.62830
1150.0 3750.0 0.11496
1250.0 3750.0 -0.28118
1350.0 3750.0 -0.38302
1450.0 3750.0 -0.13648
1550.0 3750.0 0.33735
1650.0 3750.0 0.75260
1750.0 3750.0 0.88663
1850.0 3750.0 0.70048
1950.0 3750.0 0.30183
2050.0 3750.0 -0.11443
2150.0 3750.0 -0.34198
2250.0 3750.0 -0.25511
2350.0 3750.0 0.08342
2450.0 3750.0 0.48383
2550.0 3750.0 0.89509
2650.0 3750.0 1.20622
2750.0 3750.0 1.31860
2850.0 3750.0 1.22036
2950.0 3750.0 0.99853
3050.0 3750.0 0.78910
3150.0 3750.0 0.66504
3250.0 3750.0 0.55796
3350.0 3750.0 0.43387
3450.0 3750.0 0.28387
3550.0 3750.0 0.10930
3650.0 3750.0 -0.07820
3750.0 3750.0 -0.26078
3850.0 3750.0 -0.42275
3950.0 3750.0 -0.56320
4050.0 3750.0 -0.70460
4150.0 3750.0 -0.84489
4250.0 3750.0 -0.94417
4350.0 3750.0 -0.96820
4450.0 3750.0 -0.91504
4550.0 3750.0 -0.81901
4650.0 3750.0 -0.73206
4750.0 3750.0 -0.68245
4850.0 3750.0 -0.60948
4950.0 3750.0 -0.43218
5050.0 3750.0 -0.18990
5150.0 3750.0 0.02411
5250.0 3750.0 0.12996
5350.0 3750.0 0.09823
5450.0 3750.0 -0.04340
5550.0 3750.0 -0.23370
5650.0 3750.0 -0.38231
5750.0 3750.0 -0.33464
5850.0 3750.0 -0.05748
5950.0 3750.0 0.36591
6050.0 3750.0 0.79232
6150.0 3750.0 1.07694
6250.0 3750.0 1.13316
6350.0 3750.0 0.99411
50.0 3850.0 0.00175
150.0 3850.0 0.06224
250.0 3850.0 -0.03371
350.0 3850.0 -0.17907
450.0 3850.0 -0.24910
550.0 3850.0 -0.15175
650.0 3850.0 0.13508
750.0 3850.0 0.53884
850.0 3850.0 0.83592
950.0 3850.0 0.80348
1050.0 3850.0 0.45783
1150.0 3850.0 -0.02791
1250.0 3850.0 -0.42614
1350.0 3850.0 -0.54612
1450.0 3850.0 -0.31406
1550.0 3850.0 0.15782
1650.0 3850.0 0.56800
1750.0 3850.0 0.68557
1850.0 3850.0 0.48084
1950.0 3850.0 0.07483
2050.0 3850.0 -0.32940
2150.0 3850.0 -0.52633
2250.0 3850.0 -0.39856
2350.0 3850.0 -0.01778
2450.0 3850.0 0.41818
2550.0 3850.0 0.83810
2650.0 3850.0 1.11726
2750.0 3850.0 1.15923
2850.0 3850.0 0.97055
2950.0 3850.0 0.66630
3050.0 3850.0 0.40688
3150.0 3850.0 0.26585
3250.0 3850.0 0.16798
3350.0 3850.0 0.11874
3450.0 3850.0 0.11054
3550.0 3850.0 0.11141
3650.0 3850.0 0.08630
3750.0 3850.0 0.01202
3850.0 3850.0 -0.11428
3950.0 3850.0 -0.27309
4050.0 3850.0 -0.44707
4150.0 3850.0 -0.63011
4250.0 3850.0 -0.76883
4350.0 3850.0 -0.81177
4450.0 3850.0 -0.74872
4550.0 3850.0 -0.61923
4650.0 3850.0 -0.49017
4750.0 3850.0 -0.40246
4850.0 3850.0 -0.29292
4950.0 3850.0 -0.08536
5050.0 3850.0 0.16422
5150.0 3850.0 0.35122
5250.0 3850.0 0.39896
5350.0 3850.0 0.29585
5450.0 3850.0 0.09298
5550.0 3850.0 -0.13761
5650.0 3850.0 -0.32605
5750.0 3850.0 -0.34159
5850.0 3850.0 -0.15704
5950.0 3850.0 0.15229
6050.0 3850.0 0.46004
6150.0 3850.0 0.64039
6250.0 3850.0 0.61990
6350.0 3850.0 0.42943
50.0 3950.0 0.34461
150.0 3950.0 0.31147
250.0 3950.0 0.04874
350.0 3950.0 -0.30046
450.0 3950.0 -0.56059
550.0 3950.0 -0.59415
650.0 3950.0 -0.35881
750.0 3950.0 0.04863
850.0 3950.0 0.36799
950.0 3950.0 0.38932
1050.0 3950.0 0.12683
1150.0 3950.0 -0.26329
1250.0 3950.0 -0.57524
1350.0 3950.0 -0.63604
1450.0 3950.0 -0.37834
1550.0 3950.0 0.09665
1650.0 3950.0 0.51005
1750.0 3950.0 0.64095
1850.0 3950.0 0.46149
1950.0 3950.0 0.08914
2050.0 3950.0 -0.28004
2150.0 3950.0 -0.44832
2250.0 3950.0 -0.30331
2350.0 3950.0 0.08527
2450.0 3950.0 0.51772
2550.0 3950.0 0.90186
2650.0 3950.0 1.10931
2750.0 3950.0 1.05706
2850.0 3950.0 0.77418
2950.0 3950.0 0.39863
3050.0 3950.0 0.10400
3150.0 3950.0 -0.04348
3250.0 3950.0 -0.12901
3350.0 3950.0 -0.11896
3450.0 3950.0 -0.01781
3550.0 3950.0 0.12052
3650.0 3950.0 0.22772
3750.0 3950.0 0.24940
3850.0 3950.0 0.16665
3950.0 3950.0 0.01085
4050.0 3950.0 -0.16447
4150.0 3950.0 -0.33745
4250.0 3950.0 -0.45134
4350.0 3950.0 -0.45789
4450.0 3950.0 -0.35491
4550.0 3950.0 -0.19166
4650.0 3950.0 -0.04219
4750.0 3950.0 0.05357
4850.0 3950.0 0.16327
4950.0 3950.0 0.34928
5050.0 3950.0 0.55041
5150.0 3950.0 0.66953
5250.0 3950.0 0.64548
5350.0 3950.0 0.48406
5450.0 3950.0 0.24821
5550.0 3950.0 0.00742
5650.0 3950.0 -0.19607
5750.0 3950.0 -0.26755
5850.0 3950.0 -0.18657
5950.0 3950.0 -0.01088
6050.0 3950.0 0.16302
6150.0 3950.0 0.23933
6250.0 3950.0 0.16234
6350.0 3950.0 -0.04413
50.0 4050.0 0.67971
150.0 4050.0 0.55815
250.0 4050.0 0.13821
350.0 4050.0 -0.40621
450.0 4050.0 -0.85347
550.0 4050.0 -1.02279
650.0 4050.0 -0.85058
750.0 4050.0 -0.45438
850.0 4050.0 -0.12566
950.0 4050.0 -0.05609
1050.0 4050.0 -0.23202
1150.0 4050.0 -0.51665
1250.0 4050.0 -0.73099
1350.0 4050.0 -0.72571
1450.0 4050.0 -0.44378
1550.0 4050.0 0.02605
1650.0 4050.0 0.43560
1750.0 4050.0 0.57908
1850.0 4050.0 0.42994
1950.0 4050.0 0.09857
2050.0 4050.0 -0.23038
2150.0 4050.0 -0.37041
2250.0 4050.0 -0.21530
2350.0 4050.0 0.16947
2450.0 4050.0 0.58954
2550.0 4050.0 0.94109
2650.0 4050.0 1.09498
2750.0 4050.0 0.97784
2850.0 4050.0 0.63294
2950.0 4050.0 0.21126
3050.0 4050.0 -0.10724
3150.0 4050.0 -0.26185
3250.0 4050.0 -0.34020
3350.0 4050.0 -0.28233
3450.0 4050.0 -0.08675
3550.0 4050.0 0.17637
3650.0 4050.0 0.41009
3750.0 4050.0 0.53025
3850.0 4050.0 0.49995
3950.0 4050.0 0.35861
4050.0 4050.0 0.19172
4150.0 4050.0 0.02996
4250.0 4050.0 -0.07080
4350.0 4050.0 -0.06457
4450.0 4050.0 0.04878
4550.0 4050.0 0.21902
4650.0 4050.0 0.37256
4750.0 4050.0 0.47090
4850.0 4050.0 0.57940
4950.0 4050.0 0.74973
5050.0 4050.0 0.91769
5150.0 4050.0 0.99154
5250.0 4050.0 0.92048
5350.0 4050.0 0.72153
5450.0 4050.0 0.46496
5550.0 4050.0 0.21823
5650.0 4050.0 0.00071
5750.0 4050.0 -0.13002
5850.0 4050.0 -0.15744
5950.0 4050.0 -0.11673
6050.0 4050.0 -0.07103
6150.0 4050.0 -0.08591
6250.0 4050.0 -0.20210
6350.0 4050.0 -0.40642
50.0 4150.0 0.97541
150.0 4150.0 0.80095
250.0 4150.0 0.26620
350.0 4150.0 -0.43697
450.0 4150.0 -1.05069
550.0 4150.0 -1.35356
650.0 4150.0 -1.25593
750.0 4150.0 -0.88765
850.0 4150.0 -0.56435
950.0 4150.0 -0.45709
1050.0 4150.0 -0.55657
1150.0 4150.0 -0.75044
1250.0 4150.0 -0.88953
1350.0 4150.0 -0.84757
1450.0 4150.0 -0.57451
1550.0 4150.0 -0.14321
1650.0 4150.0 0.23163
1750.0 4150.0 0.36542
1850.0 4150.0 0.23599
1950.0 4150.0 -0.05511
2050.0 4150.0 -0.34056
2150.0 4150.0 -0.45298
2250.0 4150.0 -0.29844
2350.0 4150.0 0.06265
2450.0 4150.0 0.46208
2550.0 4150.0 0.81521
2650.0 4150.0 0.99577
2750.0 4150.0 0.92144
2850.0 4150.0 0.61996
2950.0 4150.0 0.22628
3050.0 4150.0 -0.08914
3150.0 4150.0 -0.26076
3250.0 4150.0 -0.35304
3350.0 4150.0 -0.28059
3450.0 4150.0 -0.02706
3550.0 4150.0 0.33514
3650.0 4150.0 0.68954
3750.0 4150.0 0.92213
3850.0 4150.0 0.96973
3950.0 4150.0 0.87024
4050.0 4150.0 0.72843
4150.0 4150.0 0.55487
4250.0 4150.0 0.39630
4350.0 4150.0 0.31064
4450.0 4150.0 0.32405
4550.0 4150.0 0.41628
4650.0 4150.0 0.53462
4750.0 4150.0 0.63616
4850.0 4150.0 0.76077
4950.0 4150.0 0.96415
5050.0 4150.0 1.17891
5150.0 4150.0 1.30107
5250.0 4150.0 1.26712
5350.0 4150.0 1.08659
5450.0 4150.0 0.83003
5550.0 4150.0 0.57235
5650.0 4150.0 0.32862
5750.0 4150.0 0.12269
5850.0 4150.0 -0.02233
5950.0 4150.0 -0.10729
6050.0 4150.0 -0.15805
6150.0 4150.0 -0.21658
6250.0 4150.0 -0.32193
6350.0 4150.0 -0.48121
50.0 4250.0 1.14818
150.0 4250.0 0.98362
250.0 4250.0 0.42143
350.0 4250.0 -0.35093
450.0 4250.0 -1.06197
550.0 4250.0 -1.46317
650.0 4250.0 -1.43835
750.0 4250.0 -1.11476
850.0 4250.0 -0.81504
950.0 4250.0 -0.68871
1050.0 4250.0 -0.73510
1150.0 4250.0 -0.86947
1250.0 4250.0 -0.97215
1350.0 4250.0 -0.93609
1450.0 4250.0 -0.71294
1550.0 4250.0 -0.35755
1650.0 4250.0 -0.05166
1750.0 4250.0 0.04717
1850.0 4250.0 -0.07550
1950.0 4250.0 -0.32866
2050.0 4250.0 -0.56848
2150.0 4250.0 -0.65506
2250.0 4250.0 -0.51339
2350.0 4250.0 -0.19795
2450.0 4250.0 0.16962
2550.0 4250.0 0.55330
2650.0 4250.0 0.83331
2750.0 4250.0 0.90095
2850.0 4250.0 0.74030
2950.0 4250.0 0.44260
3050.0 4250.0 0.15344
3150.0 4250.0 -0.04698
3250.0 4250.0 -0.17996
3350.0 4250.0 -0.14487
3450.0 4250.0 0.09840
3550.0 4250.0 0.49603
3650.0 4250.0 0.93045
3750.0 4250.0 1.26553
3850.0 4250.0 1.40698
3950.0 4250.0 1.37772
4050.0 4250.0 1.28274
4150.0 4250.0 1.08758
4250.0 4250.0 0.82199
4350.0 4250.0 0.56603
4450.0 4250.0 0.39409
4550.0 4250.0 0.34163
4650.0 4250.0 0.39468
4750.0 4250.0 0.50225
4850.0 4250.0 0.65994
4950.0 4250.0 0.93978
5050.0 4250.0 1.27000
5150.0 4250.0 1.51849
5250.0 4250.0 1.58956
5350.0 4250.0 1.47041
5450.0 4250.0 1.22733
5550.0 4250.0 0.95158
5650.0 4250.0 0.67030
5750.0 4250.0 0.38235
5850.0 4250.0 0.13041
5950.0 4250.0 -0.04286
6050.0 4250.0 -0.12813
6150.0 4250.0 -0.15734
6250.0 4250.0 -0.18620
6350.0 4250.0 -0.25123
50.0 4350.0 1.14640
150.0 4350.0 1.05912
250.0 4350.0 0.57322
350.0 4350.0 -0.15213
450.0 4350.0 -0.86021
550.0 4350.0 -1.29691
650.0 4350.0 -1.32539
750.0 4350.0 -1.05439
850.0 4350.0 -0.79132
950.0 4350.0 -0.66592
1050.0 4350.0 -0.68867
1150.0 4350.0 -0.80121
1250.0 4350.0 -0.90864
1350.0 4350.0 -0.91668
1450.0 4350.0 -0.77358
1550.0 4350.0 -0.51692
1650.0 4350.0 -0.30047
1750.0 4350.0 -0.25246
1850.0 4350.0 -0.37763
1950.0 4350.0 -0.59621
2050.0 4350.0 -0.79104
2150.0 4350.0 -0.85422
2250.0 4350.0 -0.73331
2350.0 4350.0 -0.47662
2450.0 4350.0 -0.15023
2550.0 4350.0 0.26998
2650.0 4350.0 0.67238
2750.0 4350.0 0.91551
2850.0 4350.0 0.92909
2950.0 4350.0 0.74985
3050.0 4350.0 0.49238
3150.0 4350.0 0.25498
3250.0 4350.0 0.06099
3350.0 4350.0 0.00844
3450.0 4350.0 0.16529
3550.0 4350.0 0.51552
3650.0 4350.0 0.96198
3750.0 4350.0 1.36125
3850.0 4350.0 1.59046
3950.0 4350.0 1.64586
4050.0 4350.0 1.61491
4150.0 4350.0 1.41234
4250.0 4350.0 1.04784
4350.0 4350.0 0.62261
4450.0 4350.0 0.26126
4550.0 4350.0 0.05931
4650.0 4350.0 0.04626
4750.0 4350.0 0.16426
4850.0 4350.0 0.36236
4950.0 4350.0 0.73112
5050.0 4350.0 1.19233
5150.0 4350.0 1.58105
5250.0 4350.0 1.76545
5350.0 4350.0 1.70905
5450.0 4350.0 1.47544
5550.0 4350.0 1.17532
5650.0 4350.0 0.85247
5750.0 4350.0 0.49230
5850.0 4350.0 0.16643
5950.0 4350.0 -0.03838
6050.0 4350.0 -0.08696
6150.0 4350.0 -0.01737
6250.0 4350.0 0.08249
6350.0 4350.0 0.14328
50.0 4450.0 0.99278
150.0 4450.0 1.02642
250.0 4450.0 0.69297
350.0 4450.0 0.10815
450.0 4450.0 -0.50829
550.0 4450.0 -0.91701
650.0 4450.0 -0.97010
750.0 4450.0 -0.74752
850.0 4450.0 -0.52376
950.0 4450.0 -0.41221
1050.0 4450.0 -0.43440
1150.0 4450.0 -0.55327
1250.0 4450.0 -0.69160
1350.0 4450.0 -0.76158
1450.0 4450.0 -0.70532
1550.0 4450.0 -0.54639
1650.0 4450.0 -0.41781
1750.0 4450.0 -0.42058
1850.0 4450.0 -0.55003
1950.0 4450.0 -0.73701
2050.0 4450.0 -0.88994
2150.0 4450.0 -0.93175
2250.0 4450.0 -0.83189
2350.0 4450.0 -0.63286
2450.0 4450.0 -0.35118
2550.0 4450.0 0.08650
2650.0 4450.0 0.57576
2750.0 4450.0 0.94953
2850.0 4450.0 1.09402
2950.0 4450.0 1.00178
3050.0 4450.0 0.76171
3150.0 4450.0 0.48615
3250.0 4450.0 0.22571
3350.0 4450.0 0.05799
3450.0 4450.0 0.07643
3550.0 4450.0 0.31236
3650.0 4450.0 0.70471
3750.0 4450.0 1.11818
3850.0 4450.0 1.40999
3950.0 4450.0 1.54478
4050.0 4450.0 1.58340
4150.0 4450.0 1.40512
4250.0 4450.0 1.00256
4350.0 4450.0 0.48648
4450.0 4450.0 0.01302
4550.0 4450.0 -0.28056
4650.0 4450.0 -0.33155
4750.0 4450.0 -0.19899
4850.0 4450.0 0.03431
4950.0 4450.0 0.46891
5050.0 4450.0 1.01810
5150.0 4450.0 1.49229
5250.0 4450.0 1.73645
5350.0 4450.0 1.70289
5450.0 4450.0 1.45928
5550.0 4450.0 1.13198
5650.0 4450.0 0.77239
5750.0 4450.0 0.36192
5850.0 4450.0 0.00313
5950.0 4450.0 -0.18125
6050.0 4450.0 -0.14278
6150.0 4450.0 0.06251
6250.0 4450.0 0.30822
6350.0 4450.0 0.49588
50.0 4550.0 0.78158
150.0 4550.0 0.93529
250.0 4550.0 0.76693
350.0 4550.0 0.34933
450.0 4550.0 -0.14015
550.0 4550.0 -0.48658
650.0 4550.0 -0.53983
750.0 4550.0 -0.35136
850.0 4550.0 -0.15778
950.0 4550.0 -0.05980
1050.0 4550.0 -0.08723
1150.0 4550.0 -0.21775
1250.0 4550.0 -0.38571
1350.0 4550.0 -0.50662
1450.0 4550.0 -0.51729
1550.0 4550.0 -0.43154
1650.0 4550.0 -0.36774
1750.0 4550.0 -0.40531
1850.0 4550.0 -0.53243
1950.0 4550.0 -0.68898
2050.0 4550.0 -0.80409
2150.0 4550.0 -0.82523
2250.0 4550.0 -0.73891
2350.0 4550.0 -0.58265
2450.0 4550.0 -0.34174
2550.0 4550.0 0.07808
2650.0 4550.0 0.57650
2750.0 4550.0 0.97817
2850.0 4550.0 1.15333
2950.0 4550.0 1.07704
3050.0 4550.0 0.82695
3150.0 4550.0 0.51966
3250.0 4550.0 0.20485
3350.0 4550.0 -0.06974
3450.0 4550.0 -0.19291
3550.0 4550.0 -0.09062
3650.0 4550.0 0.21437
3750.0 4550.0 0.60377
3850.0 4550.0 0.92565
3950.0 4550.0 1.11719
4050.0 4550.0 1.21653
4150.0 4550.0 1.09701
4250.0 4550.0 0.74178
4350.0 4550.0 0.25439
4450.0 4550.0 -0.20825
4550.0 4550.0 -0.49968
4650.0 4550.0 -0.54447
4750.0 4550.0 -0.39547
4850.0 4550.0 -0.14234
4950.0 4550.0 0.31004
5050.0 4550.0 0.86544
5150.0 4550.0 1.32692
5250.0 4550.0 1.54012
5350.0 4550.0 1.46663
5450.0 4550.0 1.18713
5550.0 4550.0 0.83464
5650.0 4550.0 0.44979
5750.0 4550.0 0.01290
5850.0 4550.0 -0.34900
5950.0 4550.0 -0.49026
6050.0 4550.0 -0.35906
6150.0 4550.0 -0.03135
6250.0 4550.0 0.33396
6350.0 4550.0 0.61828
50.0 4650.0 0.63061
150.0 4650.0 0.85955
250.0 4650.0 0.80029
350.0 4650.0 0.49891
450.0 4650.0 0.10387
550.0 4650.0 -0.18922
650.0 4650.0 -0.23250
750.0 4650.0 -0.05958
850.0 4650.0 0.12091
950.0 4650.0 0.21865
1050.0 4650.0 0.19981
1150.0 4650.0 0.07728
1250.0 4650.0 -0.09220
1350.0 4650.0 -0.22876
1450.0 4650.0 -0.26801
1550.0 4650.0 -0.21755
1650.0 4650.0 -0.18355
1750.0 4650.0 -0.23057
1850.0 4650.0 -0.34310
1950.0 4650.0 -0.46812
2050.0 4650.0 -0.54883
2150.0 4650.0 -0.54836
2250.0 4650.0 -0.46338
2350.0 4650.0 -0.32739
2450.0 4650.0 -0.11750
2550.0 4650.0 0.24751
2650.0 4650.0 0.66736
2750.0 4650.0 0.97887
2850.0 4650.0 1.06905
2950.0 4650.0 0.92750
3050.0 4650.0 0.63818
3150.0 4650.0 0.31050
3250.0 4650.0 -0.03410
3350.0 4650.0 -0.37491
3450.0 4650.0 -0.59288
3550.0 4650.0 -0.58819
3650.0 4650.0 -0.35721
3750.0 4650.0 -0.00270
3850.0 4650.0 0.32283
3950.0 4650.0 0.54046
4050.0 4650.0 0.68102
4150.0 4650.0 0.64325
4250.0 4650.0 0.40994
4350.0 4650.0 0.06244
4450.0 4650.0 -0.27163
4550.0 4650.0 -0.47002
4650.0 4650.0 -0.46677
4750.0 4650.0 -0.30243
4850.0 4650.0 -0.04865
4950.0 4650.0 0.36839
5050.0 4650.0 0.84331
5150.0 4650.0 1.19108
5250.0 4650.0 1.28299
5350.0 4650.0 1.10992
5450.0 4650.0 0.77293
5550.0 4650.0 0.40122
5650.0 4650.0 0.00449
5750.0 4650.0 -0.44288
5850.0 4650.0 -0.80157
5950.0 4650.0 -0.91557
6050.0 4650.0 -0.73288
6150.0 4650.0 -0.34060
6250.0 4650.0 0.08561
6350.0 4650.0 0.41765
50.0 4750.0 0.58806
150.0 4750.0 0.83836
250.0 4750.0 0.81255
350.0 4750.0 0.54919
450.0 4750.0 0.18747
550.0 4750.0 -0.08423
650.0 4750.0 -0.12029
750.0 4750.0 0.05079
850.0 4750.0 0.23330
950.0 4750.0 0.34677
1050.0 4750.0 0.35688
1150.0 4750.0 0.26943
1250.0 4750.0 0.13170
1350.0 4750.0 0.01549
1450.0 4750.0 -0.01809
1550.0 4750.0 0.02793
1650.0 4750.0 0.06037
1750.0 4750.0 0.02480
1850.0 4750.0 -0.06236
1950.0 4750.0 -0.15379
2050.0 4750.0 -0.20172
2150.0 4750.0 -0.17809
2250.0 4750.0 -0.08428
2350.0 4750.0 0.04955
2450.0 4750.0 0.23786
2550.0 4750.0 0.52495
2650.0 4750.0 0.80763
2750.0 4750.0 0.94901
2850.0 4750.0 0.87561
2950.0 4750.0 0.61402
3050.0 4750.0 0.26692
3150.0 4750.0 -0.07133
3250.0 4750.0 -0.42333
3350.0 4750.0 -0.78618
3450.0 4750.0 -1.04026
3550.0 4750.0 -1.07758
3650.0 4750.0 -0.88403
3750.0 4750.0 -0.55397
3850.0 4750.0 -0.23687
3950.0 4750.0 -0.01637
4050.0 4750.0 0.14717
4150.0 4750.0 0.19783
4250.0 4750.0 0.12442
4350.0 4750.0 -0.02184
4450.0 4750.0 -0.16018
4550.0 4750.0 -0.21297
4650.0 4750.0 -0.13806
4750.0 4750.0 0.03909
4850.0 4750.0 0.27971
4950.0 4750.0 0.62654
5050.0 4750.0 0.96614
5150.0 4750.0 1.13814
5250.0 4750.0 1.05501
5350.0 4750.0 0.74864
5450.0 4750.0 0.34387
5550.0 4750.0 -0.04103
5650.0 4750.0 -0.44049
5750.0 4750.0 -0.89368
5850.0 4750.0 -1.25982
5950.0 4750.0 -1.37977
6050.0 4750.0 -1.19907
6150.0 4750.0 -0.80419
6250.0 4750.0 -0.37213
6350.0 4750.0 -0.03310
50.0 4850.0 0.58898
150.0 4850.0 0.84221
250.0 4850.0 0.82557
350.0 4850.0 0.57648
450.0 4850.0 0.23083
550.0 4850.0 -0.02722
650.0 4850.0 -0.05510
750.0 4850.0 0.11948
850.0 4850.0 0.30888
950.0 4850.0 0.44121
1050.0 4850.0 0.48336
1150.0 4850.0 0.43635
1250.0 4850.0 0.33918
1350.0 4850.0 0.25521
1450.0 4850.0 0.24065
1550.0 4850.0 0.29557
1650.0 4850.0 0.34091
1750.0 4850.0 0.33240
1850.0 4850.0 0.28308
1950.0 4850.0 0.23040
2050.0 4850.0 0.21217
2150.0 4850.0 0.25061
2250.0 4850.0 0.34460
2350.0 4850.0 0.47023
2450.0 4850.0 0.62846
2550.0 4850.0 0.82202
2650.0 4850.0 0.94932
2750.0 4850.0 0.90716
2850.0 4850.0 0.66678
2950.0 4850.0 0.29229
3050.0 4850.0 -0.09865
3150.0 4850.0 -0.43168
3250.0 4850.0 -0.77333
3350.0 4850.0 -1.13767
3450.0 4850.0 -1.41182
3550.0 4850.0 -1.48729
3650.0 4850.0 -1.34192
3750.0 4850.0 -1.05717
3850.0 4850.0 -0.77093
3950.0 4850.0 -0.56580
4050.0 4850.0 -0.39282
4150.0 4850.0 -0.25426
4250.0 4850.0 -0.15267
4350.0 4850.0 -0.07170
4450.0 4850.0 0.01333
4550.0 4850.0 0.12537
4650.0 4850.0 0.27617
4750.0 4850.0 0.45737
4850.0 4850.0 0.67281
4950.0 4850.0 0.93673
5050.0 4850.0 1.13131
5150.0 4850.0 1.12454
5250.0 4850.0 0.87083
5350.0 4850.0 0.44039
5450.0 4850.0 -0.02284
5550.0 4850.0 -0.41455
5650.0 4850.0 -0.81183
5750.0 4850.0 -1.27074
5850.0 4850.0 -1.65521
5950.0 4850.0 -1.80578
6050.0 4850.0 -1.66256
6150.0 4850.0 -1.30339
6250.0 4850.0 -0.89727
6350.0 4850.0 -0.57303
50.0 4950.0 0.63687
150.0 4950.0 0.86982
250.0 4950.0 0.83837
350.0 4950.0 0.58647
450.0 4950.0 0.25118
550.0 4950.0 0.01166
650.0 4950.0 0.00241
750.0 4950.0 0.19155
850.0 4950.0 0.39368
950.0 4950.0 0.53883
1050.0 4950.0 0.59919
1150.0 4950.0 0.57994
1250.0 4950.0 0.52011
1350.0 4950.0 0.47853
1450.0 4950.0 0.50501
1550.0 4950.0 0.59686
1650.0 4950.0 0.68917
1750.0 4950.0 0.74974
1850.0 4950.0 0.77341
1950.0 4950.0 0.77175
2050.0 4950.0 0.76673
2150.0 4950.0 0.78228
2250.0 4950.0 0.83349
2350.0 4950.0 0.91375
2450.0 4950.0 1.00340
2550.0 4950.0 1.06604
2650.0 4950.0 1.02159
2750.0 4950.0 0.81668
2850.0 4950.0 0.46723
2950.0 4950.0 0.05738
3050.0 4950.0 -0.30542
3150.0 4950.0 -0.57901
3250.0 4950.0 -0.85792
3350.0 4950.0 -1.17540
3450.0 4950.0 -1.44794
3550.0 4950.0 -1.58386
3650.0 4950.0 -1.55126
3750.0 4950.0 -1.39714
3850.0 4950.0 -1.21790
3950.0 4950.0 -1.08110
4050.0 4950.0 -0.93953
4150.0 4950.0 -0.72965
4250.0 4950.0 -0.44081
4350.0 4950.0 -0.10065
4450.0 4950.0 0.24224
4550.0 4950.0 0.53761
4650.0 4950.0 0.75494
4750.0 4950.0 0.90688
4850.0 4950.0 1.06176
4950.0 4950.0 1.22378
5050.0 4950.0 1.28458
5150.0 4950.0 1.14368
5250.0 4950.0 0.78664
5350.0 4950.0 0.30047
5450.0 4950.0 -0.17381
5550.0 4950.0 -0.55151
5650.0 4950.0 -0.93224
5750.0 4950.0 -1.38827
5850.0 4950.0 -1.80250
5950.0 4950.0 -2.02484
6050.0 4950.0 -1.98714
6150.0 4950.0 -1.74310
6250.0 4950.0 -1.43339
6350.0 4950.0 -1.17568
50.0 5050.0 0.70621
150.0 5050.0 0.89375
250.0 5050.0 0.82230
350.0 5050.0 0.55060
450.0 5050.0 0.22135
550.0 5050.0 0.00734
650.0 5050.0 0.02919
750.0 5050.0 0.24540
850.0 5050.0 0.46475
950.0 5050.0 0.60791
1050.0 5050.0 0.65680
1150.0 5050.0 0.63381
1250.0 5050.0 0.59135
1350.0 5050.0 0.59195
1450.0 5050.0 0.67908
1550.0 5050.0 0.83886
1650.0 5050.0 1.01531
1750.0 5050.0 1.18714
1850.0 5050.0 1.31430
1950.0 5050.0 1.36610
2050.0 5050.0 1.34479
2150.0 5050.0 1.28702
2250.0 5050.0 1.24336
2350.0 5050.0 1.23584
2450.0 5050.0 1.21753
2550.0 5050.0 1.12402
2650.0 5050.0 0.91993
2750.0 5050.0 0.61391
2850.0 5050.0 0.25752
2950.0 5050.0 -0.07328
3050.0 5050.0 -0.31408
3150.0 5050.0 -0.46523
3250.0 5050.0 -0.61925
3350.0 5050.0 -0.82200
3450.0 5050.0 -1.04409
3550.0 5050.0 -1.23486
3650.0 5050.0 -1.35802
3750.0 5050.0 -1.40873
3850.0 5050.0 -1.41185
3950.0 5050.0 -1.40155
4050.0 5050.0 -1.34376
4150.0 5050.0 -1.11029
4250.0 5050.0 -0.67448
4350.0 5050.0 -0.10797
4450.0 5050.0 0.46421
4550.0 5050.0 0.91341
4650.0 5050.0 1.16206
4750.0 5050.0 1.24316
4850.0 5050.0 1.30059
4950.0 5050.0 1.35398
5050.0 5050.0 1.32157
5150.0 5050.0 1.13281
5250.0 5050.0 0.78374
5350.0 5050.0 0.34567
5450.0 5050.0 -0.07285
5550.0 5050.0 -0.41073
5650.0 5050.0 -0.75539
5750.0 5050.0 -1.18188
5850.0 5050.0 -1.60610
5950.0 5050.0 -1.90419
6050.0 5050.0 -2.00646
6150.0 5050.0 -1.93498
6250.0 5050.0 -1.78482
6350.0 5050.0 -1.64900
50.0 5150.0 0.74805
150.0 5150.0 0.87633
250.0 5150.0 0.75199
350.0 5150.0 0.45307
450.0 5150.0 0.12996
550.0 5150.0 -0.05237
650.0 5150.0 0.00901
750.0 5150.0 0.25994
850.0 5150.0 0.49653
950.0 5150.0 0.61837
1050.0 5150.0 0.61976
1150.0 5150.0 0.55182
1250.0 5150.0 0.49368
1350.0 5150.0 0.52137
1450.0 5150.0 0.67432
1550.0 5150.0 0.92001
1650.0 5150.0 1.20144
1750.0 5150.0 1.50349
1850.0 5150.0 1.74079
1950.0 5150.0 1.83290
2050.0 5150.0 1.76340
2150.0 5150.0 1.59162
2250.0 5150.0 1.41686
2350.0 5150.0 1.29523
2450.0 5150.0 1.15030
2550.0 5150.0 0.90710
2650.0 5150.0 0.58995
2750.0 5150.0 0.26928
2850.0 5150.0 0.01519
2950.0 5150.0 -0.13264
3050.0 5150.0 -0.17829
3150.0 5150.0 -0.16646
3250.0 5150.0 -0.15399
3350.0 5150.0 -0.18374
3450.0 5150.0 -0.29445
3550.0 5150.0 -0.49714
3650.0 5150.0 -0.76379
3750.0 5150.0 -1.03601
3850.0 5150.0 -1.25361
3950.0 5150.0 -1.40303
4050.0 5150.0 -1.46888
4150.0 5150.0 -1.27806
4250.0 5150.0 -0.78914
4350.0 5150.0 -0.10468
4450.0 5150.0 0.59279
4550.0 5150.0 1.11326
4650.0 5150.0 1.34021
4750.0 5150.0 1.32014
4850.0 5150.0 1.26162
4950.0 5150.0 1.22117
5050.0 5150.0 1.15594
5150.0 5150.0 1.01773
5250.0 5150.0 0.78965
5350.0 5150.0 0.49696
5450.0 5150.0 0.19187
5550.0 5150.0 -0.08759
5650.0 5150.0 -0.38011
5750.0 5150.0 -0.73917
5850.0 5150.0 -1.11941
5950.0 5150.0 -1.44110
6050.0 5150.0 -1.64993
6150.0 5150.0 -1.74445
6250.0 5150.0 -1.77111
6350.0 5150.0 -1.78691
50.0 5250.0 0.72576
150.0 5250.0 0.79781
250.0 5250.0 0.62516
350.0 5250.0 0.30414
450.0 5250.0 -0.00841
550.0 5250.0 -0.15628
650.0 5250.0 -0.05448
750.0 5250.0 0.23087
850.0 5250.0 0.48030
950.0 5250.0 0.56517
1050.0 5250.0 0.49187
1150.0 5250.0 0.34545
1250.0 5250.0 0.23954
1350.0 5250.0 0.27090
1450.0 5250.0 0.47846
1550.0 5250.0 0.80771
1650.0 5250.0 1.19027
1750.0 5250.0 1.61067
1850.0 5250.0 1.93858
1950.0 5250.0 2.04801
2050.0 5250.0 1.90945
2150.0 5250.0 1.60953
2250.0 5250.0 1.29814
2350.0 5250.0 1.06292
2450.0 5250.0 0.80086
2550.0 5250.0 0.44291
2650.0 5250.0 0.07370
2750.0 5250.0 -0.18692
2850.0 5250.0 -0.26822
2950.0 5250.0 -0.18290
3050.0 5250.0 -0.01118
3150.0 5250.0 0.16508
3250.0 5250.0 0.34806
3350.0 5250.0 0.51576
3450.0 5250.0 0.56377
3550.0 5250.0 0.41079
3650.0 5250.0 0.06216
3750.0 5250.0 -0.38471
3850.0 5250.0 -0.79298
3950.0 5250.0 -1.09696
4050.0 5250.0 -1.29733
4150.0 5250.0 -1.20583
4250.0 5250.0 -0.77111
4350.0 5250.0 -0.10605
4450.0 5250.0 0.58207
4550.0 5250.0 1.07359
4650.0 5250.0 1.23051
4750.0 5250.0 1.10265
4850.0 5250.0 0.93551
4950.0 5250.0 0.83097
5050.0 5250.0 0.78757
5150.0 5250.0 0.76907
5250.0 5250.0 0.72942
5350.0 5250.0 0.63228
5450.0 5250.0 0.46514
5550.0 5250.0 0.24785
5650.0 5250.0 0.01342
5750.0 5250.0 -0.24508
5850.0 5250.0 -0.51633
5950.0 5250.0 -0.77613
6050.0 5250.0 -1.00534
6150.0 5250.0 -1.19917
6250.0 5250.0 -1.36759
6350.0 5250.0 -1.52711
50.0 5350.0 0.63269
150.0 5350.0 0.66705
250.0 5350.0 0.46609
350.0 5350.0 0.13827
450.0 5350.0 -0.15707
550.0 5350.0 -0.27241
650.0 5350.0 -0.13725
750.0 5350.0 0.17435
850.0 5350.0 0.42986
950.0 5350.0 0.47315
1050.0 5350.0 0.31959
1150.0 5350.0 0.08464
1250.0 5350.0 -0.08509
1350.0 5350.0 -0.07085
1450.0 5350.0 0.16896
1550.0 5350.0 0.56012
1650.0 5350.0 1.01688
1750.0 5350.0 1.51841
1850.0 5350.0 1.90026
1950.0 5350.0 2.00494
2050.0 5350.0 1.79728
2150.0 5350.0 1.38845
2250.0 5350.0 0.96838
2350.0 5350.0 0.64678
2450.0 5350.0 0.30093
2550.0 5350.0 -0.12466
2650.0 5350.0 -0.49908
2750.0 5350.0 -0.67188
2850.0 5350.0 -0.58191
2950.0 5350.0 -0.29084
3050.0 5350.0 0.05886
3150.0 5350.0 0.36112
3250.0 5350.0 0.67895
3350.0 5350.0 1.02309
3450.0 5350.0 1.24128
3550.0 5350.0 1.18951
3650.0 5350.0 0.84096
3750.0 5350.0 0.30810
3850.0 5350.0 -0.22201
3950.0 5350.0 -0.63922
4050.0 5350.0 -0.95077
4150.0 5350.0 -0.97910
4250.0 5350.0 -0.66897
4350.0 5350.0 -0.12524
4450.0 5350.0 0.45133
4550.0 5350.0 0.84304
4650.0 5350.0 0.90899
4750.0 5350.0 0.69368
4850.0 5350.0 0.44772
4950.0 5350.0 0.30993
5050.0 5350.0 0.31156
5150.0 5350.0 0.42009
5250.0 5350.0 0.55881
5350.0 5350.0 0.63651
5450.0 5350.0 0.58705
5550.0 5350.0 0.41899
5650.0 5350.0 0.23565
5750.0 5350.0 0.09047
5850.0 5350.0 -0.02622
5950.0 5350.0 -0.14528
6050.0 5350.0 -0.29619
6150.0 5350.0 -0.49354
6250.0 5350.0 -0.73257
6350.0 5350.0 -0.99381
50.0 5450.0 0.49157
150.0 5450.0 0.51466
250.0 5450.0 0.31253
350.0 5450.0 -0.00295
450.0 5450.0 -0.27491
550.0 5450.0 -0.36357
650.0 5450.0 -0.20716
750.0 5450.0 0.11802
850.0 5450.0 0.37329
950.0 5450.0 0.38337
1050.0 5450.0 0.16802
1150.0 5450.0 -0.13779
1250.0 5450.0 -0.36463
1350.0 5450.0 -0.37701
1450.0 5450.0 -0.12924
1550.0 5450.0 0.29181
1650.0 5450.0 0.78396
1750.0 5450.0 1.31943
1850.0 5450.0 1.71661
1950.0 5450.0 1.80456
2050.0 5450.0 1.54872
2150.0 5450.0 1.07563
2250.0 5450.0 0.59678
2350.0 5450.0 0.23148
2450.0 5450.0 -0.15477
2550.0 5450.0 -0.60827
2650.0 5450.0 -0.97475
2750.0 5450.0 -1.09055
2850.0 5450.0 -0.90244
2950.0 5450.0 -0.49943
3050.0 5450.0 -0.05658
3150.0 5450.0 0.30917
3250.0 5450.0 0.70127
3350.0 5450.0 1.16398
3450.0 5450.0 1.52304
3550.0 5450.0 1.59238
3650.0 5450.0 1.31245
3750.0 5450.0 0.78734
3850.0 5450.0 0.22072
3950.0 5450.0 -0.24932
4050.0 5450.0 -0.62409
4150.0 5450.0 -0.74789
4250.0 5450.0 -0.56646
4350.0 5450.0 -0.16804
4450.0 5450.0 0.26985
4550.0 5450.0 0.54980
4650.0 5450.0 0.54005
4750.0 5450.0 0.27619
4850.0 5450.0 -0.00859
4950.0 5450.0 -0.16058
5050.0 5450.0 -0.13191
5150.0 5450.0 0.04586
5250.0 5450.0 0.27939
5350.0 5450.0 0.44869
5450.0 5450.0 0.46013
5550.0 5450.0 0.31701
5650.0 5450.0 0.16768
5750.0 5450.0 0.12283
5850.0 5450.0 0.16782
5950.0 5450.0 0.22887
6050.0 5450.0 0.22646
6150.0 5450.0 0.11071
6250.0 5450.0 -0.12116
6350.0 5450.0 -0.42538
50.0 5550.0 0.33594
150.0 5550.0 0.36866
250.0 5550.0 0.18623
350.0 5550.0 -0.10292
450.0 5550.0 -0.34812
550.0 5550.0 -0.41610
650.0 5550.0 -0.24896
750.0 5550.0 0.07933
850.0 5550.0 0.33082
950.0 5550.0 0.32099
1050.0 5550.0 0.07020
1150.0 5550.0 -0.27822
1250.0 5550.0 -0.54370
1350.0 5550.0 -0.58125
1450.0 5550.0 -0.34137
1550.0 5550.0 0.08370
1650.0 5550.0 0.58028
1750.0 5550.0 1.11494
1850.0 5550.0 1.50293
1950.0 5550.0 1.57334
2050.0 5550.0 1.29520
2150.0 5550.0 0.80092
2250.0 5550.0 0.30727
2350.0 5550.0 -0.06617
2450.0 5550.0 -0.46031
2550.0 5550.0 -0.92244
2650.0 5550.0 -1.29442
2750.0 5550.0 -1.40899
2850.0 5550.0 -1.21224
2950.0 5550.0 -0.79597
3050.0 5550.0 -0.33990
3150.0 5550.0 0.03642
3250.0 5550.0 0.45044
3350.0 5550.0 0.97346
3450.0 5550.0 1.42986
3550.0 5550.0 1.61226
3650.0 5550.0 1.43370
3750.0 5550.0 0.97606
3850.0 5550.0 0.43485
3950.0 5550.0 -0.03950
4050.0 5550.0 -0.43296
4150.0 5550.0 -0.60914
4250.0 5550.0 -0.51682
4350.0 5550.0 -0.22873
4450.0 5550.0 0.10174
4550.0 5550.0 0.30008
4650.0 5550.0 0.24678
4750.0 5550.0 -0.03039
4850.0 5550.0 -0.32346
4950.0 5550.0 -0.48559
5050.0 5550.0 -0.46688
5150.0 5550.0 -0.29596
5250.0 5550.0 -0.06465
5350.0 5550.0 0.10645
5450.0 5550.0 0.12140
5550.0 5550.0 -0.01862
5650.0 5550.0 -0.15064
5750.0 5550.0 -0.11930
5850.0 5550.0 0.06726
5950.0 5550.0 0.30713
6050.0 5550.0 0.47746
6150.0 5550.0 0.48788
6250.0 5550.0 0.31424
6350.0 5550.0 0.01306
50.0 5650.0 0.12867
150.0 5650.0 0.17186
250.0 5650.0 0.02157
350.0 5650.0 -0.21971
450.0 5650.0 -0.41379
550.0 5650.0 -0.44168
650.0 5650.0 -0.25486
750.0 5650.0 0.07681
850.0 5650.0 0.32585
950.0 5650.0 0.30293
1050.0 5650.0 0.02766
1150.0 5650.0 -0.35210
1250.0 5650.0 -0.64846
1350.0 5650.0 -0.70917
1450.0 5650.0 -0.48079
1550.0 5650.0 -0.05848
1650.0 5650.0 0.43195
1750.0 5650.0 0.94860
1850.0 5650.0 1.30999
1950.0 5650.0 1.35377
2050.0 5650.0 1.05729
2150.0 5650.0 0.55754
2250.0 5650.0 0.07056
2350.0 5650.0 -0.28961
2450.0 5650.0 -0.67197
2550.0 5650.0 -1.13144
2650.0 5650.0 -1.51372
2750.0 5650.0 -1.65007
2850.0 5650.0 -1.48032
2950.0 5650.0 -1.08747
3050.0 5650.0 -0.64398
3150.0 5650.0 -0.26974
3250.0 5650.0 0.15537
3350.0 5650.0 0.72756
3450.0 5650.0 1.27408
3550.0 5650.0 1.57012
3650.0 5650.0 1.50174
3750.0 5650.0 1.12523
3850.0 5650.0 0.62259
3950.0 5650.0 0.15359
4050.0 5650.0 -0.25108
4150.0 5650.0 -0.47528
4250.0 5650.0 -0.46854
4350.0 5650.0 -0.28430
4450.0 5650.0 -0.04943
4550.0 5650.0 0.08446
4650.0 5650.0 0.00777
4750.0 5650.0 -0.26210
4850.0 5650.0 -0.54536
4950.0 5650.0 -0.71104
5050.0 5650.0 -0.71323
5150.0 5650.0 -0.57664
5250.0 5650.0 -0.38365
5350.0 5650.0 -0.24347
5450.0 5650.0 -0.24371
5550.0 5650.0 -0.38416
5650.0 5650.0 -0.50088
5750.0 5650.0 -0.40236
5850.0 5650.0 -0.08803
5950.0 5650.0 0.31808
6050.0 5650.0 0.65531
6150.0 5650.0 0.79502
6250.0 5650.0 0.69033
6350.0 5650.0 0.40656
50.0 5750.0 -0.24282
150.0 5750.0 -0.21146
250.0 5750.0 -0.30939
350.0 5750.0 -0.44166
450.0 5750.0 -0.50169
550.0 5750.0 -0.41451
650.0 5750.0 -0.16647
750.0 5750.0 0.17824
850.0 5750.0 0.43272
950.0 5750.0 0.41116
1050.0 5750.0 0.12983
1150.0 5750.0 -0.26411
1250.0 5750.0 -0.57999
1350.0 5750.0 -0.66023
1450.0 5750.0 -0.44619
1550.0 5750.0 -0.03260
1650.0 5750.0 0.43458
1750.0 5750.0 0.89198
1850.0 5750.0 1.17570
1950.0 5750.0 1.15573
2050.0 5750.0 0.83492
2150.0 5750.0 0.35762
2250.0 5750.0 -0.07179
2350.0 5750.0 -0.36055
2450.0 5750.0 -0.67559
2550.0 5750.0 -1.09344
2650.0 5750.0 -1.47823
2750.0 5750.0 -1.66362
2850.0 5750.0 -1.57206
2950.0 5750.0 -1.25525
3050.0 5750.0 -0.85567
3150.0 5750.0 -0.48928
3250.0 5750.0 -0.05322
3350.0 5750.0 0.56970
3450.0 5750.0 1.20944
3550.0 5750.0 1.62260
3650.0 5750.0 1.66705
3750.0 5750.0 1.37258
3850.0 5750.0 0.90756
3950.0 5750.0 0.44175
4050.0 5750.0 0.01712
4150.0 5750.0 -0.28050
4250.0 5750.0 -0.39032
4350.0 5750.0 -0.32792
4450.0 5750.0 -0.18086
4550.0 5750.0 -0.07713
4650.0 5750.0 -0.12656
4750.0 5750.0 -0.33502
4850.0 5750.0 -0.55818
4950.0 5750.0 -0.69526
5050.0 5750.0 -0.71606
5150.0 5750.0 -0.64175
5250.0 5750.0 -0.53290
5350.0 5750.0 -0.46661
5450.0 5750.0 -0.50250
5550.0 5750.0 -0.63780
5650.0 5750.0 -0.73325
5750.0 5750.0 -0.58465
5850.0 5750.0 -0.18365
5950.0 5750.0 0.33619
6050.0 5750.0 0.79346
6150.0 5750.0 1.03584
6250.0 5750.0 0.99980
6350.0 5750.0 0.75317
50.0 5850.0 -0.70192
150.0 5850.0 -0.72498
250.0 5850.0 -0.77614
350.0 5850.0 -0.76397
450.0 5850.0 -0.62718
550.0 5850.0 -0.36168
650.0 5850.0 -0.01472
750.0 5850.0 0.35305
850.0 5850.0 0.62242
950.0 5850.0 0.62024
1050.0 5850.0 0.35649
1150.0 5850.0 -0.02894
1250.0 5850.0 -0.34853
1350.0 5850.0 -0.44217
1450.0 5850.0 -0.24489
1550.0 5850.0 0.15322
1650.0 5850.0 0.57839
1750.0 5850.0 0.93289
1850.0 5850.0 1.08702
1950.0 5850.0 0.96920
2050.0 5850.0 0.62550
2150.0 5850.0 0.20897
2250.0 5850.0 -0.10129
2350.0 5850.0 -0.25111
2450.0 5850.0 -0.43345
2550.0 5850.0 -0.75948
2650.0 5850.0 -1.12851
2750.0 5850.0 -1.38281
2850.0 5850.0 -1.41741
2950.0 5850.0 -1.22927
3050.0 5850.0 -0.90595
3150.0 5850.0 -0.55355
3250.0 5850.0 -0.11031
3350.0 5850.0 0.54954
3450.0 5850.0 1.25740
3550.0 5850.0 1.75555
3650.0 5850.0 1.88074
3750.0 5850.0 1.64342
3850.0 5850.0 1.20246
3950.0 5850.0 0.73545
4050.0 5850.0 0.28293
4150.0 5850.0 -0.10745
4250.0 5850.0 -0.35105
4350.0 5850.0 -0.40757
4450.0 5850.0 -0.31610
4550.0 5850.0 -0.18556
4650.0 5850.0 -0.14077
4750.0 5850.0 -0.22393
4850.0 5850.0 -0.32773
4950.0 5850.0 -0.39336
5050.0 5850.0 -0.41934
5150.0 5850.0 -0.42566
5250.0 5850.0 -0.44020
5350.0 5850.0 -0.48708
5450.0 5850.0 -0.57709
5550.0 5850.0 -0.69992
5650.0 5850.0 -0.77003
5750.0 5850.0 -0.60570
5850.0 5850.0 -0.19364
5950.0 5850.0 0.34264
6050.0 5850.0 0.82940
6150.0 5850.0 1.11590
6250.0 5850.0 1.13405
6350.0 5850.0 0.94475
50.0 5950.0 -1.08394
150.0 5950.0 -1.20959
250.0 5950.0 -1.25475
350.0 5950.0 -1.12142
450.0 5950.0 -0.79138
550.0 5950.0 -0.33835
650.0 5950.0 0.11773
750.0 5950.0 0.51330
850.0 5950.0 0.80390
950.0 5950.0 0.83401
1050.0 5950.0 0.60551
1150.0 5950.0 0.24638
1250.0 5950.0 -0.06360
1350.0 5950.0 -0.16434
1450.0 5950.0 0.01578
1550.0 5950.0 0.39435
1650.0 5950.0 0.76715
1750.0 5950.0 0.99676
1850.0 5950.0 0.99816
1950.0 5950.0 0.77259
2050.0 5950.0 0.41769
2150.0 5950.0 0.09354
2250.0 5950.0 -0.05570
2350.0 5950.0 -0.02414
2450.0 5950.0 -0.03154
2550.0 5950.0 -0.22793
2650.0 5950.0 -0.55788
2750.0 5950.0 -0.87850
2850.0 5950.0 -1.05467
2950.0 5950.0 -1.01741
3050.0 5950.0 -0.78551
3150.0 5950.0 -0.45021
3250.0 5950.0 -0.00673
3350.0 5950.0 0.66130
3450.0 5950.0 1.38478
3550.0 5950.0 1.90133
3650.0 5950.0 2.04204
3750.0 5950.0 1.81297
3850.0 5950.0 1.37163
3950.0 5950.0 0.89827
4050.0 5950.0 0.41570
4150.0 5950.0 -0.06661
4250.0 5950.0 -0.43070
4350.0 5950.0 -0.57379
4450.0 5950.0 -0.48798
4550.0 5950.0 -0.27291
4650.0 5950.0 -0.08135
4750.0 5950.0 0.00228
4850.0 5950.0 0.05618
4950.0 5950.0 0.09595
5050.0 5950.0 0.08705
5150.0 5950.0 0.00658
5250.0 5950.0 -0.13803
5350.0 5950.0 -0.30920
5450.0 5950.0 -0.45816
5550.0 5950.0 -0.56281
5650.0 5950.0 -0.60871
5750.0 5950.0 -0.46879
5850.0 5950.0 -0.12894
5950.0 5950.0 0.31616
6050.0 5950.0 0.72919
6150.0 5950.0 0.98765
6250.0 5950.0 1.03282
6350.0 5950.0 0.91008
50.0 6050.0 -1.25842
150.0 6050.0 -1.52025
250.0 6050.0 -1.61791
350.0 6050.0 -1.43500
450.0 6050.0 -0.97925
550.0 6050.0 -0.38667
650.0 6050.0 0.15732
750.0 6050.0 0.57824
850.0 6050.0 0.89068
950.0 6050.0 0.95558
1050.0 6050.0 0.76678
1150.0 6050.0 0.43945
1250.0 6050.0 0.14437
1350.0 6050.0 0.04037
1450.0 6050.0 0.20514
1550.0 6050.0 0.56446
1650.0 6050.0 0.88714
1750.0 6050.0 1.00042
1850.0 6050.0 0.86400
1950.0 6050.0 0.54878
2050.0 6050.0 0.19962
2150.0 6050.0 -0.02034
2250.0 6050.0 -0.00361
2350.0 6050.0 0.20932
2450.0 6050.0 0.37864
2550.0 6050.0 0.32173
2650.0 6050.0 0.04945
2750.0 6050.0 -0.31380
2850.0 6050.0 -0.60840
2950.0 6050.0 -0.70490
3050.0 6050.0 -0.55630
3150.0 6050.0 -0.23696
3250.0 6050.0 0.19958
3350.0 6050.0 0.84431
3450.0 6050.0 1.52568
3550.0 6050.0 1.98782
3650.0 6050.0 2.07334
3750.0 6050.0 1.80031
3850.0 6050.0 1.33356
3950.0 6050.0 0.85010
4050.0 6050.0 0.34194
4150.0 6050.0 -0.21188
4250.0 6050.0 -0.65865
4350.0 6050.0 -0.84039
4450.0 6050.0 -0.71364
4550.0 6050.0 -0.37962
4650.0 6050.0 -0.02489
4750.0 6050.0 0.22758
4850.0 6050.0 0.44089
4950.0 6050.0 0.59711
5050.0 6050.0 0.62698
5150.0 6050.0 0.50067
5250.0 6050.0 0.25417
5350.0 6050.0 -0.01990
5450.0 6050.0 -0.21715
5550.0 6050.0 -0.30192
5650.0 6050.0 -0.32938
5750.0 6050.0 -0.24299
5850.0 6050.0 -0.03148
5950.0 6050.0 0.24950
6050.0 6050.0 0.51608
6150.0 6050.0 0.69101
6250.0 6050.0 0.73480
6350.0 6050.0 0.67315
50.0 6150.0 -1.19207
150.0 6150.0 -1.59330
250.0 6150.0 -1.79229
350.0 6150.0 -1.64613
450.0 6150.0 -1.16463
550.0 6150.0 -0.51525
650.0 6150.0 0.07394
750.0 6150.0 0.51173
850.0 6150.0 0.84059
950.0 6150.0 0.93116
1050.0 6150.0 0.77115
1150.0 6150.0 0.46629
1250.0 6150.0 0.18089
1350.0 6150.0 0.07320
1450.0 6150.0 0.22573
1550.0 6150.0 0.57034
1650.0 6150.0 0.85670
1750.0 6150.0 0.88880
1850.0 6150.0 0.66058
1950.0 6150.0 0.29342
2050.0 6150.0 -0.03578
2150.0 6150.0 -0.16509
2250.0 6150.0 -0.01675
2350.0 6150.0 0.33503
2450.0 6150.0 0.64146
2550.0 6150.0 0.70127
2650.0 6150.0 0.49176
2750.0 6150.0 0.11960
2850.0 6150.0 -0.24252
2950.0 6150.0 -0.42434
3050.0 6150.0 -0.33140
3150.0 6150.0 -0.02313
3250.0 6150.0 0.40241
3350.0 6150.0 1.00436
3450.0 6150.0 1.60779
3550.0 6150.0 1.97061
3650.0 6150.0 1.95788
3750.0 6150.0 1.60986
3850.0 6150.0 1.10384
3950.0 6150.0 0.60967
4050.0 6150.0 0.08493
4150.0 6150.0 -0.50998
4250.0 6150.0 -0.99475
4350.0 6150.0 -1.17411
4450.0 6150.0 -0.98501
4550.0 6150.0 -0.53713
4650.0 6150.0 -0.04671
4750.0 6150.0 0.33621
4850.0 6150.0 0.67314
4950.0 6150.0 0.92871
5050.0 6150.0 1.00830
5150.0 6150.0 0.87304
5250.0 6150.0 0.57458
5350.0 6150.0 0.24147
5450.0 6150.0 0.01707
5550.0 6150.0 -0.05088
5650.0 6150.0 -0.06764
5750.0 6150.0 -0.03919
5850.0 6150.0 0.04139
5950.0 6150.0 0.15425
6050.0 6150.0 0.26635
6150.0 6150.0 0.34494
6250.0 6150.0 0.37105
6350.0 6150.0 0.35290
50.0 6250.0 -0.95228
150.0 6250.0 -1.46417
250.0 6250.0 -1.78307
350.0 6250.0 -1.73872
450.0 6250.0 -1.32219
550.0 6250.0 -0.69913
650.0 6250.0 -0.11123
750.0 6250.0 0.33241
850.0 6250.0 0.66846
950.0 6250.0 0.76771
1050.0 6250.0 0.61470
1150.0 6250.0 0.31188
1250.0 6250.0 0.02251
1350.0 6250.0 -0.09340
1450.0 6250.0 0.05004
1550.0 6250.0 0.38683
1650.0 6250.0 0.65657
1750.0 6250.0 0.65471
1850.0 6250.0 0.39280
1950.0 6250.0 0.01530
2050.0 6250.0 -0.28839
2150.0 6250.0 -0.36050
2250.0 6250.0 -0.14013
2350.0 6250.0 0.28294
2450.0 6250.0 0.66179
2550.0 6250.0 0.79219
2650.0 6250.0 0.63483
2750.0 6250.0 0.28344
2850.0 6250.0 -0.08865
2950.0 6250.0 -0.29604
3050.0 6250.0 -0.22304
3150.0 6250.0 0.08077
3250.0 6250.0 0.49610
3350.0 6250.0 1.05608
3450.0 6250.0 1.58283
3550.0 6250.0 1.84839
3650.0 6250.0 1.74028
3750.0 6250.0 1.32059
3850.0 6250.0 0.77851
3950.0 6250.0 0.27646
4050.0 6250.0 -0.25506
4150.0 6250.0 -0.86326
4250.0 6250.0 -1.35318
4350.0 6250.0 -1.51328
4450.0 6250.0 -1.27479
4550.0 6250.0 -0.75582
4650.0 6250.0 -0.18995
4750.0 6250.0 0.26036
4850.0 6250.0 0.66231
4950.0 6250.0 0.97893
5050.0 6250.0 1.10376
5150.0 6250.0 0.98963
5250.0 6250.0 0.69012
5350.0 6250.0 0.34611
5450.0 6250.0 0.11745
5550.0 6250.0 0.05970
5650.0 6250.0 0.04719
5750.0 6250.0 0.04001
5850.0 6250.0 0.04213
5950.0 6250.0 0.05406
6050.0 6250.0 0.07223
6150.0 6250.0 0.09012
6250.0 6250.0 0.10129
6350.0 6250.0 0.10416
50.0 6350.0 -0.65115
150.0 6350.0 -1.23537
250.0 6350.0 -1.66574
350.0 6350.0 -1.74878
450.0 6350.0 -1.44629
550.0 6350.0 -0.90029
650.0 6350.0 -0.34438
750.0 6350.0 0.09675
850.0 6350.0 0.43191
950.0 6350.0 0.52437
1050.0 6350.0 0.35798
1150.0 6350.0 0.03757
1250.0 6350.0 -0.26955
1350.0 6350.0 -0.39913
1450.0 6350.0 -0.26283
1550.0 6350.0 0.07187
1650.0 6350.0 0.34078
1750.0 6350.0 0.34154
1850.0 6350.0 0.08912
1950.0 6350.0 -0.27087
2050.0 6350.0 -0.55135
2150.0 6350.0 -0.59958
2250.0 6350.0 -0.35985
2350.0 6350.0 0.07711
2450.0 6350.0 0.47268
2550.0 6350.0 0.63038
2650.0 6350.0 0.50847
2750.0 6350.0 0.19324
2850.0 6350.0 -0.14951
2950.0 6350.0 -0.33881
3050.0 6350.0 -0.25877
3150.0 6350.0 0.04573
3250.0 6350.0 0.45450
3350.0 6350.0 0.98624
3450.0 6350.0 1.46130
3550.0 6350.0 1.66153
3650.0 6350.0 1.48980
3750.0 6350.0 1.02290
3850.0 6350.0 0.45787
3950.0 6350.0 -0.04810
4050.0 6350.0 -0.57993
4150.0 6350.0 -1.18626
4250.0 6350.0 -1.66912
4350.0 6350.0 -1.81547
4450.0 6350.0 -1.55793
4550.0 6350.0 -1.01846
4650.0 6350.0 -0.43512
4750.0 6350.0 0.02814
4850.0 6350.0 0.44463
4950.0 6350.0 0.78517
5050.0 6350.0 0.94245
5150.0 6350.0 0.86328
5250.0 6350.0 0.59428
5350.0 6350.0 0.27142
5450.0 6350.0 0.05353
5550.0 6350.0 -0.00036
5650.0 6350.0 -0.01172
5750.0 6350.0 -0.02348
5850.0 6350.0 -0.03198
5950.0 6350.0 -0.03367
6050.0 6350.0 -0.02785
6150.0 6350.0 -0.01738
6250.0 6350.0 -0.00707
6350.0 6350.0 0.00000
