50.0 50.0 0.00084
150.0 50.0 -0.10717
250.0 50.0 -0.17881
350.0 50.0 -0.19836
450.0 50.0 -0.16524
550.0 50.0 -0.09011
650.0 50.0 0.00898
750.0 50.0 0.11025
850.0 50.0 0.19173
950.0 50.0 0.23463
1050.0 50.0 0.22657
1150.0 50.0 0.16472
1250.0 50.0 0.05870
1350.0 50.0 -0.06740
1450.0 50.0 -0.19450
1550.0 50.0 -0.31401
1650.0 50.0 -0.41157
1750.0 50.0 -0.47273
1850.0 50.0 -0.48786
1950.0 50.0 -0.45522
2050.0 50.0 -0.38199
2150.0 50.0 -0.28340
2250.0 50.0 -0.17992
2350.0 50.0 -0.09241
2450.0 50.0 -0.03542
2550.0 50.0 -0.00849
2650.0 50.0 0.00467
2750.0 50.0 -0.00943
2850.0 50.0 -0.06158
2950.0 50.0 -0.14445
3050.0 50.0 -0.24077
3150.0 50.0 -0.32993
3250.0 50.0 -0.39312
3350.0 50.0 -0.41686
3450.0 50.0 -0.39512
3550.0 50.0 -0.32977
3650.0 50.0 -0.22965
3750.0 50.0 -0.10794
3850.0 50.0 0.02181
3950.0 50.0 0.14981
4050.0 50.0 0.26514
4150.0 50.0 0.35389
4250.0 50.0 0.40397
4350.0 50.0 0.40878
4450.0 50.0 0.36925
4550.0 50.0 0.29434
4650.0 50.0 0.19993
4750.0 50.0 0.10610
4850.0 50.0 0.03288
4950.0 50.0 -0.00566
5050.0 50.0 -0.00885
5150.0 50.0 0.00330
5250.0 50.0 0.01197
5350.0 50.0 0.01325
5450.0 50.0 0.00678
5550.0 50.0 -0.00565
5650.0 50.0 -0.02101
5750.0 50.0 -0.03585
5850.0 50.0 -0.04687
5950.0 50.0 -0.05150
6050.0 50.0 -0.04825
6150.0 50.0 -0.03697
6250.0 50.0 -0.01899
6350.0 50.0 0.00296
50.0 150.0 0.13230
150.0 150.0 0.02287
250.0 150.0 -0.05650
350.0 150.0 -0.09287
450.0 150.0 -0.08585
550.0 150.0 -0.04432
650.0 150.0 0.01676
750.0 150.0 0.07938
850.0 150.0 0.12545
950.0 150.0 0.13952
1050.0 150.0 0.11148
1150.0 150.0 0.03909
1250.0 150.0 -0.06966
1350.0 150.0 -0.19489
1450.0 150.0 -0.32032
1550.0 150.0 -0.43672
1650.0 150.0 -0.52955
1750.0 150.0 -0.58458
1850.0 150.0 -0.59274
1950.0 150.0 -0.55293
2050.0 150.0 -0.47304
2150.0 150.0 -0.36889
2250.0 150.0 -0.26135
2350.0 150.0 -0.17144
2450.0 150.0 -0.11356
2550.0 150.0 -0.08672
2650.0 150.0 -0.07400
2750.0 150.0 -0.08918
2850.0 150.0 -0.14345
2950.0 150.0 -0.22955
3050.0 150.0 -0.33002
3150.0 150.0 -0.42389
3250.0 150.0 -0.49191
3350.0 150.0 -0.52014
3450.0 150.0 -0.50214
3550.0 150.0 -0.43952
3650.0 150.0 -0.34099
3750.0 150.0 -0.21991
3850.0 150.0 -0.09023
3950.0 150.0 0.03809
4050.0 150.0 0.15484
4150.0 150.0 0.24654
4250.0 150.0 0.30113
4350.0 150.0 0.31171
4450.0 150.0 0.27873
4550.0 150.0 0.21051
4650.0 150.0 0.12230
4750.0 150.0 0.03360
4850.0 150.0 -0.03596
4950.0 150.0 -0.07240
5050.0 150.0 -0.07477
5150.0 150.0 -0.06216
5250.0 150.0 -0.05139
5350.0 150.0 -0.04469
5450.0 150.0 -0.04191
5550.0 150.0 -0.04164
5650.0 150.0 -0.04193
5750.0 150.0 -0.04074
5850.0 150.0 -0.03636
5950.0 150.0 -0.02771
6050.0 150.0 -0.01442
6150.0 150.0 0.00307
6250.0 150.0 0.02368
6350.0 150.0 0.04592
50.0 250.0 0.27149
150.0 250.0 0.16050
250.0 250.0 0.07244
350.0 250.0 0.01743
450.0 250.0 -0.00392
550.0 250.0 0.00189
650.0 250.0 0.02359
750.0 250.0 0.04742
850.0 250.0 0.05934
950.0 250.0 0.04722
1050.0 250.0 0.00290
1150.0 250.0 -0.07570
1250.0 250.0 -0.18265
1350.0 250.0 -0.30250
1450.0 250.0 -0.42167
1550.0 250.0 -0.53053
1650.0 250.0 -0.61487
1750.0 250.0 -0.66134
1850.0 250.0 -0.66184
1950.0 250.0 -0.61612
2050.0 250.0 -0.53253
2150.0 250.0 -0.42694
2250.0 250.0 -0.31984
2350.0 250.0 -0.23159
2450.0 250.0 -0.17580
2550.0 250.0 -0.15097
2650.0 250.0 -0.14024
2750.0 250.0 -0.15813
2850.0 250.0 -0.21617
2950.0 250.0 -0.30704
3050.0 250.0 -0.41294
3150.0 250.0 -0.51242
3250.0 250.0 -0.58573
3350.0 250.0 -0.61852
3450.0 250.0 -0.60404
3550.0 250.0 -0.54381
3650.0 250.0 -0.44660
3750.0 250.0 -0.32605
3850.0 250.0 -0.19651
3950.0 250.0 -0.06824
4050.0 250.0 0.04866
4150.0 250.0 0.14093
4250.0 250.0 0.19671
4350.0 250.0 0.20920
4450.0 250.0 0.17882
4550.0 250.0 0.11378
4650.0 250.0 0.02903
4750.0 250.0 -0.05621
4850.0 250.0 -0.12264
4950.0 250.0 -0.15652
5050.0 250.0 -0.15688
5150.0 250.0 -0.14236
5250.0 250.0 -0.12769
5350.0 250.0 -0.11315
5450.0 250.0 -0.09818
5550.0 250.0 -0.08208
5650.0 250.0 -0.06429
5750.0 250.0 -0.04453
5850.0 250.0 -0.02292
5950.0 250.0 0.00006
6050.0 250.0 0.02367
6150.0 250.0 0.04709
6250.0 250.0 0.06970
6350.0 250.0 0.09145
50.0 350.0 0.40726
150.0 350.0 0.29466
250.0 350.0 0.19715
350.0 350.0 0.12218
450.0 350.0 0.07122
550.0 350.0 0.04091
650.0 350.0 0.02433
750.0 350.0 0.01230
850.0 350.0 -0.00516
950.0 350.0 -0.03724
1050.0 350.0 -0.09075
1150.0 350.0 -0.16833
1250.0 350.0 -0.26658
1350.0 350.0 -0.37448
1450.0 350.0 -0.48077
1550.0 350.0 -0.57576
1650.0 350.0 -0.64643
1750.0 350.0 -0.68116
1850.0 350.0 -0.67349
1950.0 350.0 -0.62417
2050.0 350.0 -0.54167
2150.0 350.0 -0.44108
2250.0 350.0 -0.34133
2350.0 350.0 -0.26086
2450.0 350.0 -0.21164
2550.0 350.0 -0.19159
2650.0 350.0 -0.18511
2750.0 350.0 -0.20795
2850.0 350.0 -0.27187
2950.0 350.0 -0.36927
3050.0 350.0 -0.48178
3150.0 350.0 -0.58740
3250.0 350.0 -0.66585
3350.0 350.0 -0.70251
3450.0 350.0 -0.69060
3550.0 350.0 -0.63178
3650.0 350.0 -0.53521
3750.0 350.0 -0.41493
3850.0 350.0 -0.28560
3950.0 350.0 -0.15793
4050.0 350.0 -0.04267
4150.0 350.0 0.04686
4250.0 350.0 0.09922
4350.0 350.0 0.10826
4450.0 350.0 0.07506
4550.0 350.0 0.00834
4650.0 350.0 -0.07664
4750.0 350.0 -0.16064
4850.0 350.0 -0.22459
4950.0 350.0 -0.25512
5050.0 350.0 -0.25174
5150.0 350.0 -0.23323
5250.0 350.0 -0.21225
5350.0 350.0 -0.18709
5450.0 350.0 -0.15696
5550.0 350.0 -0.12223
5650.0 350.0 -0.08412
5750.0 350.0 -0.04440
5850.0 350.0 -0.00512
5950.0 350.0 0.03175
6050.0 350.0 0.06461
6150.0 350.0 0.09259
6250.0 350.0 0.11584
6350.0 350.0 0.13595
50.0 450.0 0.52000
150.0 450.0 0.40587
250.0 450.0 0.29893
350.0 450.0 0.20442
450.0 450.0 0.12536
550.0 450.0 0.06215
650.0 450.0 0.01252
750.0 450.0 -0.02815
850.0 450.0 -0.06619
950.0 450.0 -0.10860
1050.0 450.0 -0.16173
1150.0 450.0 -0.22955
1250.0 450.0 -0.31159
1350.0 450.0 -0.40074
1450.0 450.0 -0.48738
1550.0 450.0 -0.56216
1650.0 450.0 -0.61415
1750.0 450.0 -0.63438
1850.0 450.0 -0.61863
1950.0 450.0 -0.56878
2050.0 450.0 -0.49300
2150.0 450.0 -0.40464
2250.0 450.0 -0.31982
2350.0 450.0 -0.25376
2450.0 450.0 -0.21587
2550.0 450.0 -0.20350
2650.0 450.0 -0.20356
2750.0 450.0 -0.23351
2850.0 450.0 -0.30508
2950.0 450.0 -0.41014
3050.0 450.0 -0.52962
3150.0 450.0 -0.64085
3250.0 450.0 -0.72321
3350.0 450.0 -0.76201
3450.0 450.0 -0.75076
3550.0 450.0 -0.69171
3650.0 450.0 -0.59470
3750.0 450.0 -0.47428
3850.0 450.0 -0.34523
3950.0 450.0 -0.21867
4050.0 450.0 -0.10681
4150.0 450.0 -0.02327
4250.0 450.0 0.02119
4350.0 450.0 0.02161
4450.0 450.0 -0.01961
4550.0 450.0 -0.09261
4650.0 450.0 -0.18127
4750.0 450.0 -0.26604
4850.0 450.0 -0.32795
4950.0 450.0 -0.35424
5050.0 450.0 -0.34530
5150.0 450.0 -0.32066
5250.0 450.0 -0.29126
5350.0 450.0 -0.25354
5450.0 450.0 -0.20689
5550.0 450.0 -0.15303
5650.0 450.0 -0.09519
5750.0 450.0 -0.03718
5850.0 450.0 0.01724
5950.0 450.0 0.06495
6050.0 450.0 0.10398
6150.0 450.0 0.13386
6250.0 450.0 0.15582
6350.0 450.0 0.17296
50.0 550.0 0.59041
150.0 550.0 0.47500
250.0 550.0 0.35963
350.0 550.0 0.24807
450.0 550.0 0.14549
550.0 550.0 0.05632
650.0 550.0 -0.01715
750.0 550.0 -0.07548
850.0 550.0 -0.12220
950.0 550.0 -0.16318
1050.0 550.0 -0.20535
1150.0 550.0 -0.25474
1250.0 550.0 -0.31388
1350.0 550.0 -0.37866
1450.0 550.0 -0.44015
1550.0 550.0 -0.48975
1650.0 550.0 -0.51936
1750.0 550.0 -0.52343
1850.0 550.0 -0.50041
1950.0 550.0 -0.45337
2050.0 550.0 -0.38974
2150.0 550.0 -0.32027
2250.0 550.0 -0.25716
2350.0 550.0 -0.21133
2450.0 550.0 -0.18884
2550.0 550.0 -0.18657
2650.0 550.0 -0.19504
2750.0 550.0 -0.23368
2850.0 550.0 -0.31389
2950.0 550.0 -0.42675
3050.0 550.0 -0.55239
3150.0 550.0 -0.66759
3250.0 550.0 -0.75151
3350.0 550.0 -0.78978
3450.0 550.0 -0.77660
3550.0 550.0 -0.71520
3650.0 550.0 -0.61638
3750.0 550.0 -0.49531
3850.0 550.0 -0.36657
3950.0 550.0 -0.24152
4050.0 550.0 -0.13441
4150.0 550.0 -0.05930
4250.0 550.0 -0.02607
4350.0 550.0 -0.03811
4450.0 550.0 -0.09117
4550.0 550.0 -0.17374
4650.0 550.0 -0.26851
4750.0 550.0 -0.35532
4850.0 550.0 -0.41533
4950.0 550.0 -0.43652
5050.0 550.0 -0.42048
5150.0 550.0 -0.38799
5250.0 550.0 -0.34880
5350.0 550.0 -0.29813
5450.0 550.0 -0.23588
5550.0 550.0 -0.16536
5650.0 550.0 -0.09169
5750.0 550.0 -0.02043
5850.0 550.0 0.04345
5950.0 550.0 0.09638
6050.0 550.0 0.13667
6150.0 550.0 0.16475
6250.0 550.0 0.18316
6350.0 550.0 0.19615
50.0 650.0 0.60577
150.0 650.0 0.48948
250.0 650.0 0.36750
350.0 650.0 0.24309
450.0 650.0 0.12394
550.0 650.0 0.01844
650.0 650.0 -0.06710
750.0 650.0 -0.13011
850.0 650.0 -0.17246
950.0 650.0 -0.20004
1050.0 650.0 -0.22139
1150.0 650.0 -0.24519
1250.0 650.0 -0.27677
1350.0 650.0 -0.31372
1450.0 650.0 -0.34680
1550.0 650.0 -0.36848
1650.0 650.0 -0.37399
1750.0 650.0 -0.36163
1850.0 650.0 -0.33278
1950.0 650.0 -0.29160
2050.0 650.0 -0.24441
2150.0 650.0 -0.19878
2250.0 650.0 -0.16221
2350.0 650.0 -0.14059
2450.0 650.0 -0.13621
2550.0 650.0 -0.14558
2650.0 650.0 -0.16356
2750.0 650.0 -0.21161
2850.0 650.0 -0.30043
2950.0 650.0 -0.42018
3050.0 650.0 -0.55018
3150.0 650.0 -0.66675
3250.0 650.0 -0.74919
3350.0 650.0 -0.78374
3450.0 650.0 -0.76574
3550.0 650.0 -0.69972
3650.0 650.0 -0.59768
3750.0 650.0 -0.47544
3850.0 650.0 -0.34700
3950.0 650.0 -0.22369
4050.0 650.0 -0.12199
4150.0 650.0 -0.05651
4250.0 650.0 -0.03615
4350.0 650.0 -0.06244
4450.0 650.0 -0.12908
4550.0 650.0 -0.22263
4650.0 650.0 -0.32443
4750.0 650.0 -0.41364
4850.0 650.0 -0.47153
4950.0 650.0 -0.48692
5050.0 650.0 -0.46281
5150.0 650.0 -0.42144
5250.0 650.0 -0.37216
5350.0 650.0 -0.30973
5450.0 650.0 -0.23501
5550.0 650.0 -0.15290
5650.0 650.0 -0.07009
5750.0 650.0 0.00673
5850.0 650.0 0.07215
5950.0 650.0 0.12297
6050.0 650.0 0.15853
6150.0 650.0 0.18070
6250.0 650.0 0.19334
6350.0 650.0 0.20132
50.0 750.0 0.56362
150.0 750.0 0.44687
250.0 750.0 0.32061
350.0 750.0 0.18843
450.0 750.0 0.06074
550.0 750.0 -0.05058
650.0 750.0 -0.13606
750.0 750.0 -0.19115
850.0 750.0 -0.21725
950.0 750.0 -0.22143
1050.0 750.0 -0.21460
1150.0 750.0 -0.20838
1250.0 750.0 -0.21049
1350.0 750.0 -0.21889
1450.0 750.0 -0.22305
1550.0 750.0 -0.21670
1650.0 750.0 -0.19862
1750.0 750.0 -0.17099
1850.0 750.0 -0.13808
1950.0 750.0 -0.10498
2050.0 750.0 -0.07668
2150.0 750.0 -0.05728
2250.0 750.0 -0.04932
2350.0 750.0 -0.05343
2450.0 750.0 -0.06804
2550.0 750.0 -0.08942
2650.0 750.0 -0.11709
2750.0 750.0 -0.17429
2850.0 750.0 -0.27077
2950.0 750.0 -0.39564
3050.0 750.0 -0.52750
3150.0 750.0 -0.64245
3250.0 750.0 -0.72018
3350.0 750.0 -0.74793
3450.0 750.0 -0.72243
3550.0 750.0 -0.64979
3650.0 750.0 -0.54335
3750.0 750.0 -0.41946
3850.0 750.0 -0.29129
3950.0 750.0 -0.16970
4050.0 750.0 -0.07334
4150.0 750.0 -0.01730
4250.0 750.0 -0.00945
4350.0 750.0 -0.04952
4450.0 750.0 -0.12913
4550.0 750.0 -0.23300
4650.0 750.0 -0.34114
4750.0 750.0 -0.43212
4850.0 750.0 -0.48737
4950.0 750.0 -0.49659
5050.0 750.0 -0.46414
5150.0 750.0 -0.41374
5250.0 750.0 -0.35510
5350.0 750.0 -0.28346
5450.0 750.0 -0.20098
5550.0 750.0 -0.11399
5650.0 750.0 -0.03021
5750.0 750.0 0.04328
5850.0 750.0 0.10155
5950.0 750.0 0.14259
6050.0 750.0 0.16749
6150.0 750.0 0.17993
6250.0 750.0 0.18504
6350.0 750.0 0.18764
50.0 850.0 0.47270
150.0 850.0 0.35592
250.0 850.0 0.22771
350.0 850.0 0.09276
450.0 850.0 -0.03597
550.0 850.0 -0.14378
650.0 850.0 -0.21908
750.0 850.0 -0.25647
850.0 850.0 -0.25796
950.0 850.0 -0.23258
1050.0 850.0 -0.19410
1150.0 850.0 -0.15704
1250.0 850.0 -0.13088
1350.0 850.0 -0.11282
1450.0 850.0 -0.09037
1550.0 850.0 -0.05855
1650.0 850.0 -0.01947
1750.0 850.0 0.02109
1850.0 850.0 0.05631
1950.0 850.0 0.08036
2050.0 850.0 0.08962
2150.0 850.0 0.08339
2250.0 850.0 0.06381
2350.0 850.0 0.03520
2450.0 850.0 0.00269
2550.0 850.0 -0.02986
2650.0 850.0 -0.06644
2750.0 850.0 -0.13164
2850.0 850.0 -0.23406
2950.0 850.0 -0.36179
3050.0 850.0 -0.49284
3150.0 850.0 -0.60334
3250.0 850.0 -0.67362
3350.0 850.0 -0.69213
3450.0 850.0 -0.65721
3550.0 850.0 -0.57662
3650.0 850.0 -0.46501
3750.0 850.0 -0.33919
3850.0 850.0 -0.21122
3950.0 850.0 -0.09113
4050.0 850.0 0.00072
4150.0 850.0 0.04888
4250.0 850.0 0.04643
4350.0 850.0 -0.00475
4450.0 850.0 -0.09455
4550.0 850.0 -0.20614
4650.0 850.0 -0.31850
4750.0 850.0 -0.40978
4850.0 850.0 -0.46166
4950.0 850.0 -0.46468
5050.0 850.0 -0.42439
5150.0 850.0 -0.36570
5250.0 850.0 -0.29934
5350.0 850.0 -0.22188
5450.0 850.0 -0.13700
5550.0 850.0 -0.05212
5650.0 850.0 0.02456
5750.0 850.0 0.08640
5850.0 850.0 0.12974
5950.0 850.0 0.15450
6050.0 850.0 0.16402
6150.0 850.0 0.16397
6250.0 850.0 0.16059
6350.0 850.0 0.15793
50.0 950.0 0.35146
150.0 950.0 0.23494
250.0 950.0 0.10670
350.0 950.0 -0.02711
450.0 950.0 -0.15133
550.0 950.0 -0.24931
650.0 950.0 -0.30834
750.0 950.0 -0.32304
850.0 950.0 -0.29677
950.0 950.0 -0.24087
1050.0 950.0 -0.17194
1150.0 950.0 -0.10703
1250.0 950.0 -0.05679
1350.0 950.0 -0.01689
1450.0 950.0 0.02741
1550.0 950.0 0.07992
1650.0 950.0 0.13574
1750.0 950.0 0.18614
1850.0 950.0 0.22227
1950.0 950.0 0.23776
2050.0 950.0 0.23026
2150.0 950.0 0.20194
2250.0 950.0 0.15892
2350.0 950.0 0.10963
2450.0 950.0 0.06212
2550.0 950.0 0.02032
2650.0 950.0 -0.02354
2750.0 950.0 -0.09489
2850.0 950.0 -0.20109
2950.0 950.0 -0.32932
3050.0 950.0 -0.45723
3150.0 950.0 -0.56115
3250.0 950.0 -0.62225
3350.0 950.0 -0.63028
3450.0 950.0 -0.58515
3550.0 950.0 -0.49621
3650.0 950.0 -0.37928
3750.0 950.0 -0.25144
3850.0 950.0 -0.12360
3950.0 950.0 -0.00459
4050.0 950.0 0.08415
4150.0 950.0 0.12710
4250.0 950.0 0.11807
4350.0 950.0 0.06014
4450.0 950.0 -0.03535
4550.0 950.0 -0.15058
4650.0 950.0 -0.26393
4750.0 950.0 -0.35345
4850.0 950.0 -0.40119
4950.0 950.0 -0.39838
5050.0 950.0 -0.35141
5150.0 950.0 -0.28595
5250.0 950.0 -0.21411
5350.0 950.0 -0.13444
5450.0 950.0 -0.05212
5550.0 950.0 0.02466
5650.0 950.0 0.08786
5750.0 950.0 0.13191
5850.0 950.0 0.15501
5950.0 950.0 0.15944
6050.0 950.0 0.15098
6150.0 950.0 0.13732
6250.0 950.0 0.12545
6350.0 950.0 0.11823
50.0 1050.0 0.22378
150.0 1050.0 0.10766
250.0 1050.0 -0.01946
350.0 1050.0 -0.14996
450.0 1050.0 -0.26710
550.0 1050.0 -0.35308
650.0 1050.0 -0.39483
750.0 1050.0 -0.38761
850.0 1050.0 -0.33625
950.0 1050.0 -0.25426
1050.0 1050.0 -0.16060
1150.0 1050.0 -0.07422
1250.0 1050.0 -0.00636
1350.0 1050.0 0.04903
1450.0 1050.0 0.10873
1550.0 1050.0 0.17572
1650.0 1050.0 0.24308
1750.0 1050.0 0.30001
1850.0 1050.0 0.33623
1950.0 1050.0 0.34507
2050.0 1050.0 0.32512
2150.0 1050.0 0.28065
2250.0 1050.0 0.22064
2350.0 1050.0 0.15644
2450.0 1050.0 0.09820
2550.0 1050.0 0.04981
2650.0 1050.0 0.00085
2750.0 1050.0 -0.07439
2850.0 1050.0 -0.18212
2950.0 1050.0 -0.30884
3050.0 1050.0 -0.43200
3150.0 1050.0 -0.52833
3250.0 1050.0 -0.57984
3350.0 1050.0 -0.57752
3450.0 1050.0 -0.52269
3550.0 1050.0 -0.42601
3650.0 1050.0 -0.30423
3750.0 1050.0 -0.17455
3850.0 1050.0 -0.04675
3950.0 1050.0 0.07169
4050.0 1050.0 0.15912
4150.0 1050.0 0.20015
4250.0 1050.0 0.18914
4350.0 1050.0 0.12982
4450.0 1050.0 0.03410
4550.0 1050.0 -0.07988
4650.0 1050.0 -0.19046
4750.0 1050.0 -0.27594
4850.0 1050.0 -0.31882
4950.0 1050.0 -0.31087
5050.0 1050.0 -0.25890
5150.0 1050.0 -0.18870
5250.0 1050.0 -0.11386
5350.0 1050.0 -0.03516
5450.0 1050.0 0.04086
5550.0 1050.0 0.10565
5650.0 1050.0 0.15179
5750.0 1050.0 0.17517
5850.0 1050.0 0.17611
5950.0 1050.0 0.15933
6050.0 1050.0 0.13295
6150.0 1050.0 0.10635
6250.0 1050.0 0.08703
6350.0 1050.0 0.07634
50.0 1150.0 0.11220
150.0 1150.0 -0.00356
250.0 1150.0 -0.12927
350.0 1150.0 -0.25623
450.0 1150.0 -0.36678
550.0 1150.0 -0.44266
650.0 1150.0 -0.47093
750.0 1150.0 -0.44753
850.0 1150.0 -0.37856
950.0 1150.0 -0.27906
1050.0 1150.0 -0.16954
1150.0 1150.0 -0.07008
1250.0 1150.0 0.00793
1350.0 1150.0 0.07191
1450.0 1150.0 0.14014
1550.0 1150.0 0.21512
1650.0 1150.0 0.28881
1750.0 1150.0 0.34927
1850.0 1150.0 0.38545
1950.0 1150.0 0.39050
2050.0 1150.0 0.36356
2150.0 1150.0 0.31005
2250.0 1150.0 0.24055
2350.0 1150.0 0.16805
2450.0 1150.0 0.10384
2550.0 1150.0 0.05181
2650.0 1150.0 0.00009
2750.0 1150.0 -0.07680
2850.0 1150.0 -0.18412
2950.0 1150.0 -0.30791
3050.0 1150.0 -0.42566
3150.0 1150.0 -0.51451
3250.0 1150.0 -0.55730
3350.0 1150.0 -0.54601
3450.0 1150.0 -0.48306
3550.0 1150.0 -0.38007
3650.0 1150.0 -0.25440
3750.0 1150.0 -0.12323
3850.0 1150.0 0.00459
3950.0 1150.0 0.12301
4050.0 1150.0 0.21094
4150.0 1150.0 0.25340
4250.0 1150.0 0.24506
4350.0 1150.0 0.18973
4450.0 1150.0 0.09919
4550.0 1150.0 -0.00874
4650.0 1150.0 -0.11290
4750.0 1150.0 -0.19220
4850.0 1150.0 -0.22968
4950.0 1150.0 -0.21748
5050.0 1150.0 -0.16234
5150.0 1150.0 -0.08956
5250.0 1150.0 -0.01400
5350.0 1150.0 0.06141
5450.0 1150.0 0.12912
5550.0 1150.0 0.18054
5650.0 1150.0 0.20913
5750.0 1150.0 0.21238
5850.0 1150.0 0.19262
5950.0 1150.0 0.15675
6050.0 1150.0 0.11483
6150.0 1150.0 0.07754
6250.0 1150.0 0.05253
6350.0 1150.0 0.03965
50.0 1250.0 0.02848
150.0 1250.0 -0.08704
250.0 1250.0 -0.21172
350.0 1250.0 -0.33626
450.0 1250.0 -0.44270
550.0 1250.0 -0.51274
650.0 1250.0 -0.53370
750.0 1250.0 -0.50206
850.0 1250.0 -0.42459
950.0 1250.0 -0.31711
1050.0 1250.0 -0.20082
1150.0 1250.0 -0.09619
1250.0 1250.0 -0.01459
1350.0 1250.0 0.05222
1450.0 1250.0 0.12326
1550.0 1250.0 0.20093
1650.0 1250.0 0.27687
1750.0 1250.0 0.33873
1850.0 1250.0 0.37521
1950.0 1250.0 0.37937
2050.0 1250.0 0.35047
2150.0 1250.0 0.29431
2250.0 1250.0 0.22195
2350.0 1250.0 0.14690
2450.0 1250.0 0.08082
2550.0 1250.0 0.02761
2650.0 1250.0 -0.02494
2750.0 1250.0 -0.10171
2850.0 1250.0 -0.20729
2950.0 1250.0 -0.32748
3050.0 1250.0 -0.43990
3150.0 1250.0 -0.52216
3250.0 1250.0 -0.55774
3350.0 1250.0 -0.53940
3450.0 1250.0 -0.47029
3550.0 1250.0 -0.36267
3650.0 1250.0 -0.23420
3750.0 1250.0 -0.10195
3850.0 1250.0 0.02595
3950.0 1250.0 0.14477
4050.0 1250.0 0.23465
4150.0 1250.0 0.28122
4250.0 1250.0 0.27921
4350.0 1250.0 0.23210
4450.0 1250.0 0.15101
4550.0 1250.0 0.05286
4650.0 1250.0 -0.04212
4750.0 1250.0 -0.11367
4850.0 1250.0 -0.14546
4950.0 1250.0 -0.12980
5050.0 1250.0 -0.07305
5150.0 1250.0 0.00050
5250.0 1250.0 0.07511
5350.0 1250.0 0.14605
5450.0 1250.0 0.20502
5550.0 1250.0 0.24366
5650.0 1250.0 0.25642
5750.0 1250.0 0.24224
5850.0 1250.0 0.20521
5950.0 1250.0 0.15396
6050.0 1250.0 0.09997
6150.0 1250.0 0.05477
6250.0 1250.0 0.02595
6350.0 1250.0 0.01204
50.0 1350.0 -0.03707
150.0 1350.0 -0.15240
250.0 1350.0 -0.27635
350.0 1350.0 -0.39940
450.0 1350.0 -0.50353
550.0 1350.0 -0.57060
650.0 1350.0 -0.58816
750.0 1350.0 -0.55301
850.0 1350.0 -0.47227
950.0 1350.0 -0.36205
1050.0 1350.0 -0.24376
1150.0 1350.0 -0.13796
1250.0 1350.0 -0.05586
1350.0 1350.0 0.01112
1450.0 1350.0 0.08236
1550.0 1350.0 0.16034
1650.0 1350.0 0.23667
1750.0 1350.0 0.29902
1850.0 1350.0 0.33600
1950.0 1350.0 0.34062
2050.0 1350.0 0.31213
2150.0 1350.0 0.25627
2250.0 1350.0 0.18409
2350.0 1350.0 0.10912
2450.0 1350.0 0.04303
2550.0 1350.0 -0.01024
2650.0 1350.0 -0.06273
2750.0 1350.0 -0.13863
2850.0 1350.0 -0.24193
2950.0 1350.0 -0.35831
3050.0 1350.0 -0.46560
3150.0 1350.0 -0.54185
3250.0 1350.0 -0.57112
3350.0 1350.0 -0.54681
3450.0 1350.0 -0.47264
3550.0 1350.0 -0.36131
3650.0 1350.0 -0.23067
3750.0 1350.0 -0.09762
3850.0 1350.0 0.03031
3950.0 1350.0 0.14968
4050.0 1350.0 0.24212
4150.0 1350.0 0.29395
4250.0 1350.0 0.29990
4350.0 1350.0 0.26289
4450.0 1350.0 0.19312
4550.0 1350.0 0.10642
4650.0 1350.0 0.02186
4750.0 1350.0 -0.04125
4850.0 1350.0 -0.06724
4950.0 1350.0 -0.04854
5050.0 1350.0 0.00908
5150.0 1350.0 0.08255
5250.0 1350.0 0.15552
5350.0 1350.0 0.22167
5450.0 1350.0 0.27218
5550.0 1350.0 0.29902
5650.0 1350.0 0.29757
5750.0 1350.0 0.26814
5850.0 1350.0 0.21631
5950.0 1350.0 0.15215
6050.0 1350.0 0.08829
6150.0 1350.0 0.03686
6250.0 1350.0 0.00526
6350.0 1350.0 -0.00913
50.0 1450.0 -0.08861
150.0 1450.0 -0.20198
250.0 1450.0 -0.32371
350.0 1450.0 -0.44428
450.0 1450.0 -0.54584
550.0 1450.0 -0.61044
650.0 1450.0 -0.62584
750.0 1450.0 -0.58898
850.0 1450.0 -0.50701
950.0 1450.0 -0.39602
1050.0 1450.0 -0.27727
1150.0 1450.0 -0.17118
1250.0 1450.0 -0.08880
1350.0 1450.0 -0.02152
1450.0 1450.0 0.04987
1550.0 1450.0 0.12758
1650.0 1450.0 0.20306
1750.0 1450.0 0.26390
1850.0 1450.0 0.29879
1950.0 1450.0 0.30090
2050.0 1450.0 0.26967
2150.0 1450.0 0.21116
2250.0 1450.0 0.13665
2350.0 1450.0 0.05990
2450.0 1450.0 -0.00735
2550.0 1450.0 -0.06128
2650.0 1450.0 -0.11411
2750.0 1450.0 -0.18905
2850.0 1450.0 -0.28931
2950.0 1450.0 -0.40050
3050.0 1450.0 -0.50084
3150.0 1450.0 -0.56917
3250.0 1450.0 -0.59043
3350.0 1450.0 -0.55893
3450.0 1450.0 -0.47916
3550.0 1450.0 -0.36430
3650.0 1450.0 -0.23234
3750.0 1450.0 -0.09985
3850.0 1450.0 0.02650
3950.0 1450.0 0.14490
4050.0 1450.0 0.23876
4150.0 1450.0 0.29530
4250.0 1450.0 0.30931
4350.0 1450.0 0.28309
4450.0 1450.0 0.22578
4550.0 1450.0 0.15185
4650.0 1450.0 0.07899
4750.0 1450.0 0.02525
4850.0 1450.0 0.00547
4950.0 1450.0 0.02699
5050.0 1450.0 0.08471
5150.0 1450.0 0.15715
5250.0 1450.0 0.22788
5350.0 1450.0 0.28950
5450.0 1450.0 0.33288
5550.0 1450.0 0.35032
5650.0 1450.0 0.33799
5750.0 1450.0 0.29720
5850.0 1450.0 0.23461
5950.0 1450.0 0.16128
6050.0 1450.0 0.09055
6150.0 1450.0 0.03485
6250.0 1450.0 0.00139
6350.0 1450.0 -0.01333
50.0 1550.0 -0.11040
150.0 1550.0 -0.21752
250.0 1550.0 -0.33336
350.0 1550.0 -0.44895
450.0 1550.0 -0.54699
550.0 1550.0 -0.60991
650.0 1550.0 -0.62556
750.0 1550.0 -0.59059
850.0 1550.0 -0.51157
950.0 1550.0 -0.40377
1050.0 1550.0 -0.28761
1150.0 1550.0 -0.18281
1250.0 1550.0 -0.10026
1350.0 1550.0 -0.03201
1450.0 1550.0 0.03984
1550.0 1550.0 0.11657
1650.0 1550.0 0.18903
1750.0 1550.0 0.24465
1850.0 1550.0 0.27229
1950.0 1550.0 0.26568
2050.0 1550.0 0.22507
2150.0 1550.0 0.15744
2250.0 1550.0 0.07499
2350.0 1550.0 -0.00781
2450.0 1550.0 -0.07897
2550.0 1550.0 -0.13510
2650.0 1550.0 -0.18932
2750.0 1550.0 -0.26333
2850.0 1550.0 -0.35905
2950.0 1550.0 -0.46211
3050.0 1550.0 -0.55169
3150.0 1550.0 -0.60805
3250.0 1550.0 -0.61776
3350.0 1550.0 -0.57663
3450.0 1550.0 -0.49031
3550.0 1550.0 -0.37263
3650.0 1550.0 -0.24157
3750.0 1550.0 -0.11298
3850.0 1550.0 0.00792
3950.0 1550.0 0.12162
4050.0 1550.0 0.21395
4150.0 1550.0 0.27342
4250.0 1550.0 0.29502
4350.0 1550.0 0.28040
4450.0 1550.0 0.23732
4550.0 1550.0 0.17847
4650.0 1550.0 0.11958
4750.0 1550.0 0.07689
4850.0 1550.0 0.06393
4950.0 1550.0 0.08761
5050.0 1550.0 0.14362
5150.0 1550.0 0.21281
5250.0 1550.0 0.27995
5350.0 1550.0 0.33754
5450.0 1550.0 0.37667
5550.0 1550.0 0.39001
5650.0 1550.0 0.37410
5750.0 1550.0 0.33056
5850.0 1550.0 0.26617
5950.0 1550.0 0.19192
6050.0 1550.0 0.12092
6150.0 1550.0 0.06529
6250.0 1550.0 0.03193
6350.0 1550.0 0.01715
50.0 1650.0 -0.09745
150.0 1650.0 -0.19306
250.0 1650.0 -0.29849
350.0 1650.0 -0.40601
450.0 1650.0 -0.49939
550.0 1650.0 -0.56163
650.0 1650.0 -0.58049
750.0 1650.0 -0.55187
850.0 1650.0 -0.48096
950.0 1650.0 -0.38128
1050.0 1650.0 -0.27145
1150.0 1650.0 -0.16991
1250.0 1650.0 -0.08730
1350.0 1650.0 -0.01727
1450.0 1650.0 0.05561
1550.0 1650.0 0.13105
1650.0 1650.0 0.19891
1750.0 1650.0 0.24624
1850.0 1650.0 0.26219
1950.0 1650.0 0.24131
2050.0 1650.0 0.18515
2150.0 1650.0 0.10223
2250.0 1650.0 0.00634
2350.0 1650.0 -0.08686
2450.0 1650.0 -0.16486
2550.0 1650.0 -0.22501
2650.0 1650.0 -0.28192
2750.0 1650.0 -0.35521
2850.0 1650.0 -0.44496
2950.0 1650.0 -0.53701
3050.0 1650.0 -0.61207
3150.0 1650.0 -0.65260
3250.0 1650.0 -0.64756
3350.0 1650.0 -0.59489
3450.0 1650.0 -0.50181
3550.0 1650.0 -0.38286
3650.0 1650.0 -0.25584
3750.0 1650.0 -0.13543
3850.0 1650.0 -0.02478
3950.0 1650.0 0.07960
4050.0 1650.0 0.16649
4150.0 1650.0 0.22612
4250.0 1650.0 0.25393
4350.0 1650.0 0.25085
4450.0 1650.0 0.22302
4550.0 1650.0 0.18089
4650.0 1650.0 0.13770
4750.0 1650.0 0.10727
4850.0 1650.0 0.10131
4950.0 1650.0 0.12600
5050.0 1650.0 0.17799
5150.0 1650.0 0.24121
5250.0 1650.0 0.30300
5350.0 1650.0 0.35695
5450.0 1650.0 0.39497
5550.0 1650.0 0.41018
5650.0 1650.0 0.39905
5750.0 1650.0 0.36266
5850.0 1650.0 0.30679
5950.0 1650.0 0.24118
6050.0 1650.0 0.17760
6150.0 1650.0 0.12709
6250.0 1650.0 0.09610
6350.0 1650.0 0.08160
50.0 1750.0 -0.05416
150.0 1750.0 -0.13330
250.0 1750.0 -0.22407
350.0 1750.0 -0.32062
450.0 1750.0 -0.40827
550.0 1750.0 -0.47078
650.0 1750.0 -0.49570
750.0 1750.0 -0.47766
850.0 1750.0 -0.41975
950.0 1750.0 -0.33282
1050.0 1750.0 -0.23289
1150.0 1750.0 -0.13646
1250.0 1750.0 -0.05392
1350.0 1750.0 0.01868
1450.0 1750.0 0.09335
1550.0 1750.0 0.16792
1650.0 1750.0 0.23103
1750.0 1750.0 0.26913
1850.0 1750.0 0.27156
1950.0 1750.0 0.23375
2050.0 1750.0 0.15877
2150.0 1750.0 0.05703
2250.0 1750.0 -0.05573
2350.0 1750.0 -0.16226
2450.0 1750.0 -0.24934
2550.0 1750.0 -0.31510
2650.0 1750.0 -0.37598
2750.0 1750.0 -0.44895
2850.0 1750.0 -0.53192
2950.0 1750.0 -0.61113
3050.0 1750.0 -0.66929
3150.0 1750.0 -0.69174
3250.0 1750.0 -0.67041
3350.0 1750.0 -0.60580
3450.0 1750.0 -0.50690
3550.0 1750.0 -0.38902
3650.0 1750.0 -0.26952
3750.0 1750.0 -0.16153
3850.0 1750.0 -0.06565
3950.0 1750.0 0.02492
4050.0 1750.0 0.10235
4150.0 1750.0 0.15888
4250.0 1750.0 0.19055
4350.0 1750.0 0.19763
4450.0 1750.0 0.18456
4550.0 1750.0 0.15925
4650.0 1750.0 0.13204
4750.0 1750.0 0.11392
4850.0 1750.0 0.11438
4950.0 1750.0 0.13862
5050.0 1750.0 0.18431
5150.0 1750.0 0.23898
5250.0 1750.0 0.29366
5350.0 1750.0 0.34406
5450.0 1750.0 0.38345
5550.0 1750.0 0.40546
5650.0 1750.0 0.40616
5750.0 1750.0 0.38534
5850.0 1750.0 0.34688
5950.0 1750.0 0.29816
6050.0 1750.0 0.24867
6150.0 1750.0 0.20768
6250.0 1750.0 0.18106
6350.0 1750.0 0.16711
50.0 1850.0 0.00889
150.0 1850.0 -0.05006
250.0 1850.0 -0.12299
350.0 1850.0 -0.20643
450.0 1850.0 -0.28757
550.0 1850.0 -0.35109
650.0 1850.0 -0.38420
750.0 1850.0 -0.37994
850.0 1850.0 -0.33871
950.0 1850.0 -0.26805
1050.0 1850.0 -0.18068
1150.0 1850.0 -0.09075
1250.0 1850.0 -0.00838
1350.0 1850.0 0.06738
1450.0 1850.0 0.14466
1550.0 1850.0 0.21957
1650.0 1850.0 0.27942
1750.0 1850.0 0.30990
1850.0 1850.0 0.30027
1950.0 1850.0 0.24664
2050.0 1850.0 0.15345
2150.0 1850.0 0.03295
2250.0 1850.0 -0.09713
2350.0 1850.0 -0.21780
2450.0 1850.0 -0.31495
2550.0 1850.0 -0.38737
2650.0 1850.0 -0.45319
2750.0 1850.0 -0.52641
2850.0 1850.0 -0.60264
2950.0 1850.0 -0.66869
3050.0 1850.0 -0.70964
3150.0 1850.0 -0.71400
3250.0 1850.0 -0.67695
3350.0 1850.0 -0.60174
3450.0 1850.0 -0.49917
3550.0 1850.0 -0.38514
3650.0 1850.0 -0.27637
3750.0 1850.0 -0.18418
3850.0 1850.0 -0.10651
3950.0 1850.0 -0.03316
4050.0 1850.0 0.03140
4150.0 1850.0 0.08154
4250.0 1850.0 0.11408
4350.0 1850.0 0.12876
4450.0 1850.0 0.12831
4550.0 1850.0 0.11813
4650.0 1850.0 0.10552
4750.0 1850.0 0.09845
4850.0 1850.0 0.10400
4950.0 1850.0 0.12623
5050.0 1850.0 0.16378
5150.0 1850.0 0.20796
5250.0 1850.0 0.25410
5350.0 1850.0 0.30068
5450.0 1850.0 0.34269
5550.0 1850.0 0.37436
5650.0 1850.0 0.39114
5750.0 1850.0 0.39114
5850.0 1850.0 0.37567
5950.0 1850.0 0.34911
6050.0 1850.0 0.31800
6150.0 1850.0 0.28939
6250.0 1850.0 0.26843
6350.0 1850.0 0.25521
50.0 1950.0 0.07784
150.0 1950.0 0.04091
250.0 1950.0 -0.01262
350.0 1950.0 -0.08189
450.0 1950.0 -0.15616
550.0 1950.0 -0.22110
650.0 1950.0 -0.26351
750.0 1950.0 -0.27464
850.0 1950.0 -0.25194
950.0 1950.0 -0.19930
1050.0 1950.0 -0.12583
1150.0 1950.0 -0.04311
1250.0 1950.0 0.03905
1350.0 1950.0 0.11828
1450.0 1950.0 0.19891
1550.0 1950.0 0.27589
1650.0 1950.0 0.33537
1750.0 1950.0 0.36210
1850.0 1950.0 0.34491
1950.0 1950.0 0.28015
2050.0 1950.0 0.17311
2150.0 1950.0 0.03747
2250.0 1950.0 -0.10733
2350.0 1950.0 -0.24070
2450.0 1950.0 -0.34755
2550.0 1950.0 -0.42695
2650.0 1950.0 -0.49824
2750.0 1950.0 -0.57234
2850.0 1950.0 -0.64271
2950.0 1950.0 -0.69687
3050.0 1950.0 -0.72233
3150.0 1950.0 -0.71080
3250.0 1950.0 -0.66065
3350.0 1950.0 -0.57773
3450.0 1950.0 -0.47440
3550.0 1950.0 -0.36697
3650.0 1950.0 -0.27133
3750.0 1950.0 -0.19694
3850.0 1950.0 -0.13920
3950.0 1950.0 -0.08489
4050.0 1950.0 -0.03543
4150.0 1950.0 0.00562
4250.0 1950.0 0.03592
4350.0 1950.0 0.05483
4450.0 1950.0 0.06363
4550.0 1950.0 0.06539
4650.0 1950.0 0.06455
4750.0 1950.0 0.06620
4850.0 1950.0 0.07500
4950.0 1950.0 0.09384
5050.0 1950.0 0.12216
5150.0 1950.0 0.15487
5250.0 1950.0 0.19162
5350.0 1950.0 0.23378
5450.0 1950.0 0.27825
5550.0 1950.0 0.31988
5650.0 1950.0 0.35353
5750.0 1950.0 0.37550
5850.0 1950.0 0.38441
5950.0 1950.0 0.38141
6050.0 1950.0 0.36988
6150.0 1950.0 0.35447
6250.0 1950.0 0.33956
6350.0 1950.0 0.32711
50.0 2050.0 0.13816
150.0 2050.0 0.12292
250.0 2050.0 0.08849
350.0 2050.0 0.03316
450.0 2050.0 -0.03436
550.0 2050.0 -0.10070
650.0 2050.0 -0.15228
750.0 2050.0 -0.17859
850.0 2050.0 -0.17416
950.0 2050.0 -0.13929
1050.0 2050.0 -0.07952
1150.0 2050.0 -0.00391
1250.0 2050.0 0.07804
1350.0 2050.0 0.16070
1450.0 2050.0 0.24525
1550.0 2050.0 0.32624
1650.0 2050.0 0.38904
1750.0 2050.0 0.41737
1850.0 2050.0 0.39923
1950.0 2050.0 0.33058
2050.0 2050.0 0.21688
2150.0 2050.0 0.07252
2250.0 2050.0 -0.08194
2350.0 2050.0 -0.22465
2450.0 2050.0 -0.33954
2550.0 2050.0 -0.42550
2650.0 2050.0 -0.50224
2750.0 2050.0 -0.57779
2850.0 2050.0 -0.64382
2950.0 2050.0 -0.68864
3050.0 2050.0 -0.70203
3150.0 2050.0 -0.67858
3250.0 2050.0 -0.61944
3350.0 2050.0 -0.53260
3450.0 2050.0 -0.43166
3550.0 2050.0 -0.33304
3650.0 2050.0 -0.25171
3750.0 2050.0 -0.19539
3850.0 2050.0 -0.15733
3950.0 2050.0 -0.12198
4050.0 2050.0 -0.08828
4150.0 2050.0 -0.05799
4250.0 2050.0 -0.03260
4350.0 2050.0 -0.01294
4450.0 2050.0 0.00114
4550.0 2050.0 0.01081
4650.0 2050.0 0.01807
4750.0 2050.0 0.02547
4850.0 2050.0 0.03552
4950.0 2050.0 0.05000
5050.0 2050.0 0.06895
5150.0 2050.0 0.09034
5250.0 2050.0 0.11754
5350.0 2050.0 0.15452
5450.0 2050.0 0.19992
5550.0 2050.0 0.24929
5650.0 2050.0 0.29706
5750.0 2050.0 0.33800
5850.0 2050.0 0.36832
5950.0 2050.0 0.38626
6050.0 2050.0 0.39230
6150.0 2050.0 0.38880
6250.0 2050.0 0.37936
6350.0 2050.0 0.36759
50.0 2150.0 0.17690
150.0 2150.0 0.18090
250.0 2150.0 0.16348
350.0 2150.0 0.12064
450.0 2150.0 0.05930
550.0 2150.0 -0.00803
650.0 2150.0 -0.06746
750.0 2150.0 -0.10694
850.0 2150.0 -0.11844
950.0 2150.0 -0.09910
1050.0 2150.0 -0.05133
1150.0 2150.0 0.01807
1250.0 2150.0 0.09986
1350.0 2150.0 0.18560
1450.0 2150.0 0.27428
1550.0 2150.0 0.36107
1650.0 2150.0 0.43096
1750.0 2150.0 0.46667
1850.0 2150.0 0.45500
1950.0 2150.0 0.39088
2050.0 2150.0 0.27913
2150.0 2150.0 0.13401
2250.0 2150.0 -0.02355
2350.0 2150.0 -0.17098
2450.0 2150.0 -0.29130
2550.0 2150.0 -0.38270
2650.0 2150.0 -0.46435
2750.0 2150.0 -0.54175
2850.0 2150.0 -0.60532
2950.0 2150.0 -0.64414
3050.0 2150.0 -0.64991
3150.0 2150.0 -0.61948
3250.0 2150.0 -0.55612
3350.0 2150.0 -0.46938
3450.0 2150.0 -0.37358
3550.0 2150.0 -0.28500
3650.0 2150.0 -0.21768
3750.0 2150.0 -0.17790
3850.0 2150.0 -0.15735
3950.0 2150.0 -0.13899
4050.0 2150.0 -0.12000
4150.0 2150.0 -0.10073
4250.0 2150.0 -0.08195
4350.0 2150.0 -0.06446
4450.0 2150.0 -0.04886
4550.0 2150.0 -0.03539
4650.0 2150.0 -0.02386
4750.0 2150.0 -0.01371
4850.0 2150.0 -0.00416
4950.0 2150.0 0.00560
5050.0 2150.0 0.01601
5150.0 2150.0 0.02732
5250.0 2150.0 0.04557
5350.0 2150.0 0.07654
5450.0 2150.0 0.12028
5550.0 2150.0 0.17306
5650.0 2150.0 0.22919
5750.0 2150.0 0.28249
5850.0 2150.0 0.32748
5950.0 2150.0 0.36024
6050.0 2150.0 0.37896
6150.0 2150.0 0.38422
6250.0 2150.0 0.37883
6350.0 2150.0 0.36753
50.0 2250.0 0.18472
150.0 2250.0 0.20380
250.0 2250.0 0.19979
350.0 2250.0 0.16700
450.0 2250.0 0.11091
550.0 2250.0 0.04334
650.0 2250.0 -0.02162
750.0 2250.0 -0.07077
850.0 2250.0 -0.09415
950.0 2250.0 -0.08648
1050.0 2250.0 -0.04775
1150.0 2250.0 0.01697
1250.0 2250.0 0.09870
1350.0 2250.0 0.18688
1450.0 2250.0 0.27956
1550.0 2250.0 0.37341
1650.0 2250.0 0.45355
1750.0 2250.0 0.50179
1850.0 2250.0 0.50347
1950.0 2250.0 0.45194
2050.0 2250.0 0.35064
2150.0 2250.0 0.21283
2250.0 2250.0 0.05901
2350.0 2250.0 -0.08806
2450.0 2250.0 -0.21069
2550.0 2250.0 -0.30595
2650.0 2250.0 -0.39150
2750.0 2250.0 -0.47089
2850.0 2250.0 -0.53389
2950.0 2250.0 -0.57026
3050.0 2250.0 -0.57306
3150.0 2250.0 -0.54068
3250.0 2250.0 -0.47771
3350.0 2250.0 -0.39454
3450.0 2250.0 -0.30571
3550.0 2250.0 -0.22716
3650.0 2250.0 -0.17210
3750.0 2250.0 -0.14575
3850.0 2250.0 -0.13895
3950.0 2250.0 -0.13402
4050.0 2250.0 -0.12711
4150.0 2250.0 -0.11767
4250.0 2250.0 -0.10585
4350.0 2250.0 -0.09234
4450.0 2250.0 -0.07811
4550.0 2250.0 -0.06422
4650.0 2250.0 -0.05169
4750.0 2250.0 -0.04128
4850.0 2250.0 -0.03340
4950.0 2250.0 -0.02801
5050.0 2250.0 -0.02449
5150.0 2250.0 -0.02111
5250.0 2250.0 -0.01056
5350.0 2250.0 0.01370
5450.0 2250.0 0.05259
5550.0 2250.0 0.10308
5650.0 2250.0 0.15978
5750.0 2250.0 0.21634
5850.0 2250.0 0.26659
5950.0 2250.0 0.30553
6050.0 2250.0 0.33005
6150.0 2250.0 0.33954
6250.0 2250.0 0.33617
6350.0 2250.0 0.32505
50.0 2350.0 0.15757
150.0 2350.0 0.18655
250.0 2350.0 0.19153
350.0 2350.0 0.16574
450.0 2350.0 0.11377
550.0 2350.0 0.04693
650.0 2350.0 -0.02064
750.0 2350.0 -0.07510
850.0 2350.0 -0.10530
950.0 2350.0 -0.10447
1050.0 2350.0 -0.07111
1150.0 2350.0 -0.00913
1250.0 2350.0 0.07266
1350.0 2350.0 0.16246
1450.0 2350.0 0.25866
1550.0 2350.0 0.36014
1650.0 2350.0 0.45256
1750.0 2350.0 0.51701
1850.0 2350.0 0.53726
1950.0 2350.0 0.50470
2050.0 2350.0 0.42080
2150.0 2350.0 0.29714
2250.0 2350.0 0.15311
2350.0 2350.0 0.01107
2450.0 2350.0 -0.11078
2550.0 2350.0 -0.20808
2650.0 2350.0 -0.29625
2750.0 2350.0 -0.37751
2850.0 2350.0 -0.44154
2950.0 2350.0 -0.47861
3050.0 2350.0 -0.48256
3150.0 2350.0 -0.45252
3250.0 2350.0 -0.39360
3350.0 2350.0 -0.31634
3450.0 2350.0 -0.23513
3550.0 2350.0 -0.16538
3650.0 2350.0 -0.11967
3750.0 2350.0 -0.10263
3850.0 2350.0 -0.10487
3950.0 2350.0 -0.10884
4050.0 2350.0 -0.11031
4150.0 2350.0 -0.10822
4250.0 2350.0 -0.10237
4350.0 2350.0 -0.09324
4450.0 2350.0 -0.08189
4550.0 2350.0 -0.06974
4650.0 2350.0 -0.05838
4750.0 2350.0 -0.04926
4850.0 2350.0 -0.04350
4950.0 2350.0 -0.04150
5050.0 2350.0 -0.04263
5150.0 2350.0 -0.04451
5250.0 2350.0 -0.03996
5350.0 2350.0 -0.02289
5450.0 2350.0 0.00787
5550.0 2350.0 0.04995
5650.0 2350.0 0.09874
5750.0 2350.0 0.14853
5850.0 2350.0 0.19358
5950.0 2350.0 0.22904
6050.0 2350.0 0.25161
6150.0 2350.0 0.26025
6250.0 2350.0 0.25660
6350.0 2350.0 0.24533
50.0 2450.0 0.09807
150.0 2450.0 0.13183
250.0 2450.0 0.14140
350.0 2450.0 0.11962
450.0 2450.0 0.07067
550.0 2450.0 0.00553
650.0 2450.0 -0.06174
750.0 2450.0 -0.11714
850.0 2450.0 -0.14914
950.0 2450.0 -0.15037
1050.0 2450.0 -0.11871
1150.0 2450.0 -0.05758
1250.0 2450.0 0.02439
1350.0 2450.0 0.11503
1450.0 2450.0 0.21407
1550.0 2450.0 0.32304
1650.0 2450.0 0.42851
1750.0 2450.0 0.51100
1850.0 2450.0 0.55276
1950.0 2450.0 0.54307
2050.0 2450.0 0.48106
2150.0 2450.0 0.37623
2250.0 2450.0 0.24630
2350.0 2450.0 0.11284
2450.0 2450.0 -0.00571
2550.0 2450.0 -0.10335
2650.0 2450.0 -0.19285
2750.0 2450.0 -0.27565
2850.0 2450.0 -0.34177
2950.0 2450.0 -0.38183
3050.0 2450.0 -0.38990
3150.0 2450.0 -0.36514
3250.0 2450.0 -0.31251
3350.0 2450.0 -0.24222
3450.0 2450.0 -0.16814
3550.0 2450.0 -0.10518
3650.0 2450.0 -0.06546
3750.0 2450.0 -0.05346
3850.0 2450.0 -0.06008
3950.0 2450.0 -0.06838
4050.0 2450.0 -0.07422
4150.0 2450.0 -0.07642
4250.0 2450.0 -0.07457
4350.0 2450.0 -0.06900
4450.0 2450.0 -0.06067
4550.0 2450.0 -0.05101
4650.0 2450.0 -0.04171
4750.0 2450.0 -0.03443
4850.0 2450.0 -0.03052
4950.0 2450.0 -0.03057
5050.0 2450.0 -0.03403
5150.0 2450.0 -0.03852
5250.0 2450.0 -0.03821
5350.0 2450.0 -0.02855
5450.0 2450.0 -0.00868
5550.0 2450.0 0.01960
5650.0 2450.0 0.05283
5750.0 2450.0 0.08675
5850.0 2450.0 0.11708
5950.0 2450.0 0.14020
6050.0 2450.0 0.15369
6150.0 2450.0 0.15678
6250.0 2450.0 0.15072
6350.0 2450.0 0.13900
50.0 2550.0 0.01660
150.0 2550.0 0.05147
250.0 2550.0 0.06248
350.0 2550.0 0.04257
450.0 2550.0 -0.00416
550.0 2550.0 -0.06688
650.0 2550.0 -0.13175
750.0 2550.0 -0.18496
850.0 2550.0 -0.21512
950.0 2550.0 -0.21498
1050.0 2550.0 -0.18239
1150.0 2550.0 -0.12072
1250.0 2550.0 -0.03847
1350.0 2550.0 0.05241
1450.0 2550.0 0.15370
1550.0 2550.0 0.26970
1650.0 2550.0 0.38805
1750.0 2550.0 0.48891
1850.0 2550.0 0.55307
1950.0 2550.0 0.56768
2050.0 2550.0 0.52950
2150.0 2550.0 0.44565
2250.0 2550.0 0.33201
2350.0 2550.0 0.20907
2450.0 2550.0 0.09538
2550.0 2550.0 -0.00145
2650.0 2550.0 -0.09134
2750.0 2550.0 -0.17533
2850.0 2550.0 -0.24404
2950.0 2550.0 -0.28828
3050.0 2550.0 -0.30197
3150.0 2550.0 -0.28389
3250.0 2550.0 -0.23841
3350.0 2550.0 -0.17511
3450.0 2550.0 -0.10722
3550.0 2550.0 -0.04915
3650.0 2550.0 -0.01275
3750.0 2550.0 -0.00261
3850.0 2550.0 -0.01025
3950.0 2550.0 -0.01956
4050.0 2550.0 -0.02673
4150.0 2550.0 -0.03065
4250.0 2550.0 -0.03086
4350.0 2550.0 -0.02759
4450.0 2550.0 -0.02162
4550.0 2550.0 -0.01422
4650.0 2550.0 -0.00693
4750.0 2550.0 -0.00132
4850.0 2550.0 0.00133
4950.0 2550.0 0.00039
5050.0 2550.0 -0.00371
5150.0 2550.0 -0.00889
5250.0 2550.0 -0.01150
5350.0 2550.0 -0.00926
5450.0 2550.0 -0.00201
5550.0 2550.0 0.00895
5650.0 2550.0 0.02159
5750.0 2550.0 0.03357
5850.0 2550.0 0.04278
5950.0 2550.0 0.04761
6050.0 2550.0 0.04718
6150.0 2550.0 0.04154
6250.0 2550.0 0.03164
6350.0 2550.0 0.01927
50.0 2650.0 -0.06685
150.0 2650.0 -0.03227
250.0 2650.0 -0.02100
350.0 2650.0 -0.03986
450.0 2650.0 -0.08474
550.0 2650.0 -0.14498
650.0 2650.0 -0.20699
750.0 2650.0 -0.25730
850.0 2650.0 -0.28486
950.0 2650.0 -0.28268
1050.0 2650.0 -0.24884
1150.0 2650.0 -0.18672
1250.0 2650.0 -0.10471
1350.0 2650.0 -0.01429
1450.0 2650.0 0.08848
1550.0 2650.0 0.21071
1650.0 2650.0 0.34120
1750.0 2650.0 0.45986
1850.0 2650.0 0.54617
1950.0 2650.0 0.58522
2050.0 2650.0 0.57135
2150.0 2650.0 0.50928
2250.0 2650.0 0.41286
2350.0 2650.0 0.30136
2450.0 2650.0 0.19330
2550.0 2650.0 0.09790
2650.0 2650.0 0.00815
2750.0 2650.0 -0.07671
2850.0 2650.0 -0.14800
2950.0 2650.0 -0.19668
3050.0 2650.0 -0.21644
3150.0 2650.0 -0.20553
3250.0 2650.0 -0.16761
3350.0 2650.0 -0.11148
3450.0 2650.0 -0.04967
3550.0 2650.0 0.00396
3650.0 2650.0 0.03779
3750.0 2650.0 0.04704
3850.0 2650.0 0.03947
3950.0 2650.0 0.03020
4050.0 2650.0 0.02264
4150.0 2650.0 0.01774
4250.0 2650.0 0.01595
4350.0 2650.0 0.01717
4450.0 2650.0 0.02081
4550.0 2650.0 0.02584
4650.0 2650.0 0.03097
4750.0 2650.0 0.03486
4850.0 2650.0 0.03636
4950.0 2650.0 0.03487
5050.0 2650.0 0.03072
5150.0 2650.0 0.02549
5250.0 2650.0 0.02054
5350.0 2650.0 0.01575
5450.0 2650.0 0.01049
5550.0 2650.0 0.00395
5650.0 2650.0 -0.00452
5750.0 2650.0 -0.01521
5850.0 2650.0 -0.02800
5950.0 2650.0 -0.04237
6050.0 2650.0 -0.05745
6150.0 2650.0 -0.07233
6250.0 2650.0 -0.08630
6350.0 2650.0 -0.09931
50.0 2750.0 -0.12414
150.0 2750.0 -0.09274
250.0 2750.0 -0.08356
350.0 2750.0 -0.10299
450.0 2750.0 -0.14702
550.0 2750.0 -0.20533
650.0 2750.0 -0.26495
750.0 2750.0 -0.31302
850.0 2750.0 -0.33912
950.0 2750.0 -0.33673
1050.0 2750.0 -0.30418
1150.0 2750.0 -0.24487
1250.0 2750.0 -0.16683
1350.0 2750.0 -0.08084
1450.0 2750.0 0.01916
1550.0 2750.0 0.14300
1650.0 2750.0 0.28112
1750.0 2750.0 0.41382
1850.0 2750.0 0.51984
1950.0 2750.0 0.58258
2050.0 2750.0 0.59399
2150.0 2750.0 0.55608
2250.0 2750.0 0.48013
2350.0 2750.0 0.38345
2450.0 2750.0 0.28396
2550.0 2750.0 0.19222
2650.0 2750.0 0.10456
2750.0 2750.0 0.02035
2850.0 2750.0 -0.05271
2950.0 2750.0 -0.10591
3050.0 2750.0 -0.13264
3150.0 2750.0 -0.13047
3250.0 2750.0 -0.10204
3350.0 2750.0 -0.05501
3450.0 2750.0 -0.00086
3550.0 2750.0 0.04742
3650.0 2750.0 0.07861
3750.0 2750.0 0.08774
3850.0 2750.0 0.08147
3950.0 2750.0 0.07341
4050.0 2750.0 0.06610
4150.0 2750.0 0.06015
4250.0 2750.0 0.05597
4350.0 2750.0 0.05368
4450.0 2750.0 0.05311
4550.0 2750.0 0.05375
4650.0 2750.0 0.05490
4750.0 2750.0 0.05569
4850.0 2750.0 0.05534
4950.0 2750.0 0.05335
5050.0 2750.0 0.04980
5150.0 2750.0 0.04549
5250.0 2750.0 0.03972
5350.0 2750.0 0.03054
5450.0 2750.0 0.01663
5550.0 2750.0 -0.00250
5650.0 2750.0 -0.02647
5750.0 2750.0 -0.05408
5850.0 2750.0 -0.08346
5950.0 2750.0 -0.11239
6050.0 2750.0 -0.13863
6150.0 2750.0 -0.16050
6250.0 2750.0 -0.17741
6350.0 2750.0 -0.19064
50.0 2850.0 -0.13925
150.0 2850.0 -0.11582
250.0 2850.0 -0.11247
350.0 2850.0 -0.13481
450.0 2850.0 -0.17898
550.0 2850.0 -0.23552
650.0 2850.0 -0.29259
750.0 2850.0 -0.33861
850.0 2850.0 -0.36430
950.0 2850.0 -0.36401
1050.0 2850.0 -0.33653
1150.0 2850.0 -0.28518
1250.0 2850.0 -0.21731
1350.0 2850.0 -0.14240
1450.0 2850.0 -0.05244
1550.0 2850.0 0.06485
1650.0 2850.0 0.20219
1750.0 2850.0 0.34136
1850.0 2850.0 0.46146
1950.0 2850.0 0.54496
2050.0 2850.0 0.58166
2150.0 2850.0 0.57049
2250.0 2850.0 0.51930
2350.0 2850.0 0.44239
2450.0 2850.0 0.35598
2550.0 2850.0 0.27159
2650.0 2850.0 0.18928
2750.0 2850.0 0.10842
2850.0 2850.0 0.03520
2950.0 2850.0 -0.02218
3050.0 2850.0 -0.05681
3150.0 2850.0 -0.06527
3250.0 2850.0 -0.04880
3350.0 2850.0 -0.01341
3450.0 2850.0 0.03105
3550.0 2850.0 0.07288
3650.0 2850.0 0.10160
3750.0 2850.0 0.11196
3850.0 2850.0 0.10909
3950.0 2850.0 0.10418
4050.0 2850.0 0.09833
4150.0 2850.0 0.09146
4250.0 2850.0 0.08387
4350.0 2850.0 0.07608
4450.0 2850.0 0.06865
4550.0 2850.0 0.06204
4650.0 2850.0 0.05656
4750.0 2850.0 0.05232
4850.0 2850.0 0.04921
4950.0 2850.0 0.04695
5050.0 2850.0 0.04516
5150.0 2850.0 0.04335
5250.0 2850.0 0.03929
5350.0 2850.0 0.03008
5450.0 2850.0 0.01393
5550.0 2850.0 -0.00967
5650.0 2850.0 -0.03993
5750.0 2850.0 -0.07496
5850.0 2850.0 -0.11201
5950.0 2850.0 -0.14788
6050.0 2850.0 -0.17952
6150.0 2850.0 -0.20465
6250.0 2850.0 -0.22263
6350.0 2850.0 -0.23541
50.0 2950.0 -0.11061
150.0 2950.0 -0.10037
250.0 2950.0 -0.10667
350.0 2950.0 -0.13388
450.0 2950.0 -0.17843
550.0 2950.0 -0.23219
650.0 2950.0 -0.28521
750.0 2950.0 -0.32801
850.0 2950.0 -0.35318
950.0 2950.0 -0.35651
1050.0 2950.0 -0.33750
1150.0 2950.0 -0.29934
1250.0 2950.0 -0.24828
1350.0 2950.0 -0.19174
1450.0 2950.0 -0.11997
1550.0 2950.0 -0.01882
1650.0 2950.0 0.10729
1750.0 2950.0 0.24289
1850.0 2950.0 0.36877
1950.0 2950.0 0.46747
2050.0 2950.0 0.52711
2150.0 2950.0 0.54343
2250.0 2950.0 0.52010
2350.0 2950.0 0.46728
2450.0 2950.0 0.39841
2550.0 2950.0 0.32529
2650.0 2950.0 0.25194
2750.0 2950.0 0.17751
2850.0 2950.0 0.10629
2950.0 2950.0 0.04575
3050.0 2950.0 0.00311
3150.0 2950.0 -0.01705
3250.0 2950.0 -0.01418
3350.0 2950.0 0.00781
3450.0 2950.0 0.04120
3550.0 2950.0 0.07605
3650.0 2950.0 0.10282
3750.0 2950.0 0.11606
3850.0 2950.0 0.11890
3950.0 2950.0 0.11933
4050.0 2950.0 0.11641
4150.0 2950.0 0.10909
4250.0 2950.0 0.09749
4350.0 2950.0 0.08267
4450.0 2950.0 0.06619
4550.0 2950.0 0.04991
4650.0 2950.0 0.03560
4750.0 2950.0 0.02475
4850.0 2950.0 0.01824
4950.0 2950.0 0.01613
5050.0 2950.0 0.01742
5150.0 2950.0 0.01986
5250.0 2950.0 0.02026
5350.0 2950.0 0.01570
5450.0 2950.0 0.00416
5550.0 2950.0 -0.01519
5650.0 2950.0 -0.04188
5750.0 2950.0 -0.07418
5850.0 2950.0 -0.10936
5950.0 2950.0 -0.14406
6050.0 2950.0 -0.17493
6150.0 2950.0 -0.19936
6250.0 2950.0 -0.21642
6350.0 2950.0 -0.22798
50.0 3050.0 -0.04701
150.0 3050.0 -0.05439
250.0 3050.0 -0.07336
350.0 3050.0 -0.10644
450.0 3050.0 -0.15048
550.0 3050.0 -0.19917
650.0 3050.0 -0.24527
750.0 3050.0 -0.28220
850.0 3050.0 -0.30525
950.0 3050.0 -0.31225
1050.0 3050.0 -0.30377
1150.0 3050.0 -0.28285
1250.0 3050.0 -0.25419
1350.0 3050.0 -0.22232
1450.0 3050.0 -0.17604
1550.0 3050.0 -0.10016
1650.0 3050.0 0.00420
1750.0 3050.0 0.12542
1850.0 3050.0 0.24725
1950.0 3050.0 0.35347
2050.0 3050.0 0.43122
2150.0 3050.0 0.47318
2250.0 3050.0 0.47844
2350.0 3050.0 0.45218
2450.0 3050.0 0.40410
2550.0 3050.0 0.34551
2650.0 3050.0 0.28426
2750.0 3050.0 0.21914
2850.0 3050.0 0.15227
2950.0 3050.0 0.09023
3050.0 3050.0 0.04053
3150.0 3050.0 0.00899
3250.0 3050.0 -0.00187
3350.0 3050.0 0.00644
3450.0 3050.0 0.02860
3550.0 3050.0 0.05674
3650.0 3050.0 0.08251
3750.0 3050.0 0.10022
3850.0 3050.0 0.11078
3950.0 3050.0 0.11848
4050.0 3050.0 0.11998
4150.0 3050.0 0.11301
4250.0 3050.0 0.09751
4350.0 3050.0 0.07510
4450.0 3050.0 0.04857
4550.0 3050.0 0.02138
4650.0 3050.0 -0.00287
4750.0 3050.0 -0.02106
4850.0 3050.0 -0.03109
4950.0 3050.0 -0.03244
5050.0 3050.0 -0.02686
5150.0 3050.0 -0.01865
5250.0 3050.0 -0.01144
5350.0 3050.0 -0.00738
5450.0 3050.0 -0.00853
5550.0 3050.0 -0.01633
5650.0 3050.0 -0.03119
5750.0 3050.0 -0.05226
5850.0 3050.0 -0.07759
5950.0 3050.0 -0.10432
6050.0 3050.0 -0.12928
6150.0 3050.0 -0.14969
6250.0 3050.0 -0.16416
6350.0 3050.0 -0.17387
50.0 3150.0 0.03626
150.0 3150.0 0.00836
250.0 3150.0 -0.02487
350.0 3150.0 -0.06365
450.0 3150.0 -0.10525
550.0 3150.0 -0.14565
650.0 3150.0 -0.18095
750.0 3150.0 -0.20825
850.0 3150.0 -0.22626
950.0 3150.0 -0.23544
1050.0 3150.0 -0.23778
1150.0 3150.0 -0.23618
1250.0 3150.0 -0.23346
1350.0 3150.0 -0.23044
1450.0 3150.0 -0.21480
1550.0 3150.0 -0.17122
1650.0 3150.0 -0.09743
1750.0 3150.0 -0.00040
1850.0 3150.0 0.10767
1950.0 3150.0 0.21281
2050.0 3150.0 0.30201
2150.0 3150.0 0.36531
2250.0 3150.0 0.39725
2350.0 3150.0 0.39766
2450.0 3150.0 0.37177
2550.0 3150.0 0.32973
2650.0 3150.0 0.28269
2750.0 3150.0 0.22902
2850.0 3150.0 0.16864
2950.0 3150.0 0.10718
3050.0 3150.0 0.05234
3150.0 3150.0 0.01114
3250.0 3150.0 -0.01194
3350.0 3150.0 -0.01603
3450.0 3150.0 -0.00392
3550.0 3150.0 0.01864
3650.0 3150.0 0.04458
3750.0 3150.0 0.06803
3850.0 3150.0 0.08768
3950.0 3150.0 0.10399
4050.0 3150.0 0.11113
4150.0 3150.0 0.10557
4250.0 3150.0 0.08698
4350.0 3150.0 0.05755
4450.0 3150.0 0.02136
4550.0 3150.0 -0.01646
4650.0 3150.0 -0.05043
4750.0 3150.0 -0.07566
4850.0 3150.0 -0.08873
4950.0 3150.0 -0.08864
5050.0 3150.0 -0.07788
5150.0 3150.0 -0.06292
5250.0 3150.0 -0.04738
5350.0 3150.0 -0.03216
5450.0 3150.0 -0.01928
5550.0 3150.0 -0.01095
5650.0 3150.0 -0.00880
5750.0 3150.0 -0.01336
5850.0 3150.0 -0.02388
5950.0 3150.0 -0.03844
6050.0 3150.0 -0.05430
6150.0 3150.0 -0.06863
6250.0 3150.0 -0.07945
6350.0 3150.0 -0.08690
50.0 3250.0 0.12084
150.0 3250.0 0.07158
250.0 3250.0 0.02412
350.0 3250.0 -0.01905
450.0 3250.0 -0.05562
550.0 3250.0 -0.08414
650.0 3250.0 -0.10448
750.0 3250.0 -0.11795
850.0 3250.0 -0.12723
950.0 3250.0 -0.13586
1050.0 3250.0 -0.14754
1150.0 3250.0 -0.16509
1250.0 3250.0 -0.18918
1350.0 3250.0 -0.21643
1450.0 3250.0 -0.23356
1550.0 3250.0 -0.22606
1650.0 3250.0 -0.18844
1750.0 3250.0 -0.12272
1850.0 3250.0 -0.03636
1950.0 3250.0 0.05972
2050.0 3250.0 0.15311
2150.0 3250.0 0.23185
2250.0 3250.0 0.28634
2350.0 3250.0 0.31113
2450.0 3250.0 0.30682
2550.0 3250.0 0.28177
2650.0 3250.0 0.24968
2750.0 3250.0 0.20853
2850.0 3250.0 0.15621
2950.0 3250.0 0.09742
3050.0 3250.0 0.03998
3150.0 3250.0 -0.00809
3250.0 3250.0 -0.04058
3350.0 3250.0 -0.05442
3450.0 3250.0 -0.05011
3550.0 3250.0 -0.03139
3650.0 3250.0 -0.00408
3750.0 3250.0 0.02586
3850.0 3250.0 0.05509
3950.0 3250.0 0.08055
4050.0 3250.0 0.09410
4150.0 3250.0 0.09102
4250.0 3250.0 0.07071
4350.0 3250.0 0.03586
4450.0 3250.0 -0.00832
4550.0 3250.0 -0.05511
4650.0 3250.0 -0.09729
4750.0 3250.0 -0.12831
4850.0 3250.0 -0.14347
4950.0 3250.0 -0.14130
5050.0 3250.0 -0.12495
5150.0 3250.0 -0.10289
5250.0 3250.0 -0.07857
5350.0 3250.0 -0.05152
5450.0 3250.0 -0.02368
5550.0 3250.0 0.00190
5650.0 3250.0 0.02230
5750.0 3250.0 0.03550
5850.0 3250.0 0.04093
5950.0 3250.0 0.03952
6050.0 3250.0 0.03347
6150.0 3250.0 0.02570
6250.0 3250.0 0.01878
6350.0 3250.0 0.01373
50.0 3350.0 0.18852
150.0 3350.0 0.11918
250.0 3350.0 0.05914
350.0 3350.0 0.01373
450.0 3350.0 -0.01508
550.0 3350.0 -0.02845
650.0 3350.0 -0.03018
750.0 3350.0 -0.02603
850.0 3350.0 -0.02285
950.0 3350.0 -0.02750
1050.0 3350.0 -0.04557
1150.0 3350.0 -0.07990
1250.0 3350.0 -0.12894
1350.0 3350.0 -0.18484
1450.0 3350.0 -0.23356
1550.0 3350.0 -0.26200
1650.0 3350.0 -0.26193
1750.0 3350.0 -0.23058
1850.0 3350.0 -0.17059
1950.0 3350.0 -0.08944
2050.0 3350.0 0.00166
2150.0 3350.0 0.08949
2250.0 3350.0 0.16099
2350.0 3350.0 0.20604
2450.0 3350.0 0.22081
2550.0 3350.0 0.21156
2650.0 3350.0 0.19370
2750.0 3350.0 0.16485
2850.0 3350.0 0.12130
2950.0 3350.0 0.06692
3050.0 3350.0 0.00951
3150.0 3350.0 -0.04213
3250.0 3350.0 -0.08045
3350.0 3350.0 -0.10062
3450.0 3350.0 -0.10123
3550.0 3350.0 -0.08432
3650.0 3350.0 -0.05463
3750.0 3350.0 -0.01812
3850.0 3350.0 0.02021
3950.0 3350.0 0.05445
4050.0 3350.0 0.07459
4150.0 3350.0 0.07491
4250.0 3350.0 0.05452
4350.0 3350.0 0.01652
4450.0 3350.0 -0.03300
4550.0 3350.0 -0.08605
4650.0 3350.0 -0.13399
4750.0 3350.0 -0.16884
4850.0 3350.0 -0.18485
4950.0 3350.0 -0.18012
5050.0 3350.0 -0.15832
5150.0 3350.0 -0.12955
5250.0 3350.0 -0.09714
5350.0 3350.0 -0.05951
5450.0 3350.0 -0.01863
5550.0 3350.0 0.02173
5650.0 3350.0 0.05751
5750.0 3350.0 0.08551
5850.0 3350.0 0.10408
5950.0 3350.0 0.11341
6050.0 3350.0 0.11536
6150.0 3350.0 0.11297
6250.0 3350.0 0.10939
6350.0 3350.0 0.10653
50.0 3450.0 0.22395
150.0 3450.0 0.13779
250.0 3450.0 0.06811
350.0 3450.0 0.02308
450.0 3450.0 0.00439
550.0 3450.0 0.00845
650.0 3450.0 0.02771
750.0 3450.0 0.05215
850.0 3450.0 0.07084
950.0 3450.0 0.07365
1050.0 3450.0 0.05304
1150.0 3450.0 0.00608
1250.0 3450.0 -0.06361
1350.0 3450.0 -0.14379
1450.0 3450.0 -0.21970
1550.0 3450.0 -0.27996
1650.0 3450.0 -0.31423
1750.0 3450.0 -0.31562
1850.0 3450.0 -0.28240
1950.0 3450.0 -0.21872
2050.0 3450.0 -0.13429
2150.0 3450.0 -0.04296
2250.0 3450.0 0.03968
2350.0 3450.0 0.09977
2450.0 3450.0 0.12970
2550.0 3450.0 0.13362
2650.0 3450.0 0.12787
2750.0 3450.0 0.10987
2850.0 3450.0 0.07477
2950.0 3450.0 0.02580
3050.0 3450.0 -0.02932
3150.0 3450.0 -0.08136
3250.0 3450.0 -0.12187
3350.0 3450.0 -0.14479
3450.0 3450.0 -0.14736
3550.0 3450.0 -0.13035
3650.0 3450.0 -0.09768
3750.0 3450.0 -0.05523
3850.0 3450.0 -0.00913
3950.0 3450.0 0.03268
4050.0 3450.0 0.05892
4150.0 3450.0 0.06319
4250.0 3450.0 0.04437
4350.0 3450.0 0.00573
4450.0 3450.0 -0.04604
4550.0 3450.0 -0.10211
4650.0 3450.0 -0.15282
4750.0 3450.0 -0.18924
4850.0 3450.0 -0.20482
4950.0 3450.0 -0.19731
5050.0 3450.0 -0.17071
5150.0 3450.0 -0.13628
5250.0 3450.0 -0.09748
5350.0 3450.0 -0.05229
5450.0 3450.0 -0.00282
5550.0 3450.0 0.04663
5650.0 3450.0 0.09133
5750.0 3450.0 0.12744
5850.0 3450.0 0.15286
5950.0 3450.0 0.16754
6050.0 3450.0 0.17342
6150.0 3450.0 0.17378
6250.0 3450.0 0.17223
6350.0 3450.0 0.17111
50.0 3550.0 0.21716
150.0 3550.0 0.11884
250.0 3550.0 0.04329
350.0 3550.0 0.00125
450.0 3550.0 -0.00576
550.0 3550.0 0.01660
650.0 3550.0 0.05754
750.0 3550.0 0.10330
850.0 3550.0 0.13931
950.0 3550.0 0.15247
1050.0 3550.0 0.13343
1150.0 3550.0 0.07906
1250.0 3550.0 -0.00521
1350.0 3550.0 -0.10326
1450.0 3550.0 -0.19947
1550.0 3550.0 -0.28409
1650.0 3550.0 -0.34538
1750.0 3550.0 -0.37334
1850.0 3550.0 -0.36284
1950.0 3550.0 -0.31532
2050.0 3550.0 -0.23904
2150.0 3550.0 -0.14799
2250.0 3550.0 -0.05938
2350.0 3550.0 0.01032
2450.0 3550.0 0.05071
2550.0 3550.0 0.06419
2650.0 3550.0 0.06741
2750.0 3550.0 0.05777
2850.0 3550.0 0.02981
2950.0 3550.0 -0.01366
3050.0 3550.0 -0.06506
3150.0 3550.0 -0.11501
3250.0 3550.0 -0.15465
3350.0 3550.0 -0.17724
3450.0 3550.0 -0.17924
3550.0 3550.0 -0.16069
3650.0 3550.0 -0.12494
3750.0 3550.0 -0.07778
3850.0 3550.0 -0.02592
3950.0 3550.0 0.02160
4050.0 3550.0 0.05290
4150.0 3550.0 0.06122
4250.0 3550.0 0.04524
4350.0 3550.0 0.00830
4450.0 3550.0 -0.04271
4550.0 3550.0 -0.09856
4650.0 3550.0 -0.14910
4750.0 3550.0 -0.18488
4850.0 3550.0 -0.19891
4950.0 3550.0 -0.18871
5050.0 3550.0 -0.15840
5150.0 3550.0 -0.11984
5250.0 3550.0 -0.07712
5350.0 3550.0 -0.02861
5450.0 3550.0 0.02321
5550.0 3550.0 0.07379
5650.0 3550.0 0.11838
5750.0 3550.0 0.15329
5850.0 3550.0 0.17679
5950.0 3550.0 0.18936
6050.0 3550.0 0.19350
6150.0 3550.0 0.19297
6250.0 3550.0 0.19162
6350.0 3550.0 0.19157
50.0 3650.0 0.16566
150.0 3650.0 0.06040
250.0 3650.0 -0.01707
350.0 3650.0 -0.05394
450.0 3650.0 -0.04873
550.0 3650.0 -0.00865
650.0 3650.0 0.05297
750.0 3650.0 0.11939
850.0 3650.0 0.17307
950.0 3650.0 0.19845
1050.0 3650.0 0.18466
1150.0 3650.0 0.12828
1250.0 3650.0 0.03613
1350.0 3650.0 -0.07249
1450.0 3650.0 -0.18092
1550.0 3650.0 -0.28052
1650.0 3650.0 -0.35881
1750.0 3650.0 -0.40393
1850.0 3650.0 -0.40863
1950.0 3650.0 -0.37256
2050.0 3650.0 -0.30294
2150.0 3650.0 -0.21369
2250.0 3650.0 -0.12280
2350.0 3650.0 -0.04823
2450.0 3650.0 -0.00202
2550.0 3650.0 0.01706
2650.0 3650.0 0.02564
2750.0 3650.0 0.02132
2850.0 3650.0 -0.00151
2950.0 3650.0 -0.04026
3050.0 3650.0 -0.08749
3150.0 3650.0 -0.13393
3250.0 3650.0 -0.17065
3350.0 3650.0 -0.19078
3450.0 3650.0 -0.19053
3550.0 3650.0 -0.16964
3650.0 3650.0 -0.13122
3750.0 3650.0 -0.08094
3850.0 3650.0 -0.02563
3950.0 3650.0 0.02543
4050.0 3650.0 0.06037
4150.0 3650.0 0.07238
4250.0 3650.0 0.06005
4350.0 3650.0 0.02659
4450.0 3650.0 -0.02122
4550.0 3650.0 -0.07416
4650.0 3650.0 -0.12208
4750.0 3650.0 -0.15543
4850.0 3650.0 -0.16715
4950.0 3650.0 -0.15461
5050.0 3650.0 -0.12189
5150.0 3650.0 -0.08095
5250.0 3650.0 -0.03708
5350.0 3650.0 0.01002
5450.0 3650.0 0.05726
5550.0 3650.0 0.10020
5650.0 3650.0 0.13471
5750.0 3650.0 0.15816
5850.0 3650.0 0.17011
5950.0 3650.0 0.17236
6050.0 3650.0 0.16852
6150.0 3650.0 0.16310
6250.0 3650.0 0.15994
6350.0 3650.0 0.16020
50.0 3750.0 0.07621
150.0 3750.0 -0.03133
250.0 3750.0 -0.10743
350.0 3750.0 -0.13769
450.0 3750.0 -0.12055
550.0 3750.0 -0.06430
650.0 3750.0 0.01594
750.0 3750.0 0.10120
850.0 3750.0 0.17177
950.0 3750.0 0.21017
1050.0 3750.0 0.20428
1150.0 3750.0 0.15036
1250.0 3750.0 0.05622
1350.0 3750.0 -0.05644
1450.0 3750.0 -0.16965
1550.0 3750.0 -0.27525
1650.0 3750.0 -0.36049
1750.0 3750.0 -0.41278
1850.0 3750.0 -0.42402
1950.0 3750.0 -0.39308
2050.0 3750.0 -0.32675
2150.0 3750.0 -0.23882
2250.0 3750.0 -0.14754
2350.0 3750.0 -0.07140
2450.0 3750.0 -0.02309
2550.0 3750.0 -0.00188
2650.0 3750.0 0.00882
2750.0 3750.0 0.00696
2850.0 3750.0 -0.01291
2950.0 3750.0 -0.04820
3050.0 3750.0 -0.09166
3150.0 3750.0 -0.13419
3250.0 3750.0 -0.16711
3350.0 3750.0 -0.18376
3450.0 3750.0 -0.18049
3550.0 3750.0 -0.15713
3650.0 3750.0 -0.11674
3750.0 3750.0 -0.06488
3850.0 3750.0 -0.00820
3950.0 3750.0 0.04442
4050.0 3750.0 0.08159
4150.0 3750.0 0.09668
4250.0 3750.0 0.08825
4350.0 3750.0 0.05928
4450.0 3750.0 0.01625
4550.0 3750.0 -0.03202
4650.0 3750.0 -0.07569
4750.0 3750.0 -0.10550
4850.0 3750.0 -0.11452
4950.0 3750.0 -0.10015
5050.0 3750.0 -0.06623
5150.0 3750.0 -0.02448
5250.0 3750.0 0.01810
5350.0 3750.0 0.05962
5450.0 3750.0 0.09620
5550.0 3750.0 0.12378
5650.0 3750.0 0.13947
5750.0 3750.0 0.14249
5850.0 3750.0 0.13446
5950.0 3750.0 0.11919
6050.0 3750.0 0.10195
6150.0 3750.0 0.08812
6250.0 3750.0 0.08138
6350.0 3750.0 0.08128
50.0 3850.0 -0.03384
150.0 3850.0 -0.14105
250.0 3850.0 -0.21402
350.0 3850.0 -0.23706
450.0 3850.0 -0.20850
550.0 3850.0 -0.13739
650.0 3850.0 -0.04020
750.0 3850.0 0.06241
850.0 3850.0 0.14895
950.0 3850.0 0.20044
1050.0 3850.0 0.20367
1150.0 3850.0 0.15462
1250.0 3850.0 0.06179
1350.0 3850.0 -0.05121
1450.0 3850.0 -0.16491
1550.0 3850.0 -0.27117
1650.0 3850.0 -0.35719
1750.0 3850.0 -0.41033
1850.0 3850.0 -0.42237
1950.0 3850.0 -0.39212
2050.0 3850.0 -0.32628
2150.0 3850.0 -0.23861
2250.0 3850.0 -0.14741
2350.0 3850.0 -0.07117
2450.0 3850.0 -0.02268
2550.0 3850.0 -0.00126
2650.0 3850.0 0.00973
2750.0 3850.0 0.00865
2850.0 3850.0 -0.00964
2950.0 3850.0 -0.04246
3050.0 3850.0 -0.08268
3150.0 3850.0 -0.12149
3250.0 3850.0 -0.15054
3350.0 3850.0 -0.16353
3450.0 3850.0 -0.15715
3550.0 3850.0 -0.13147
3650.0 3850.0 -0.08965
3750.0 3850.0 -0.03716
3850.0 3850.0 0.01972
3950.0 3850.0 0.07277
4050.0 3850.0 0.11129
4150.0 3850.0 0.12900
4250.0 3850.0 0.12442
4350.0 3850.0 0.10027
4450.0 3850.0 0.06261
4550.0 3850.0 0.01974
4650.0 3850.0 -0.01902
4750.0 3850.0 -0.04487
4850.0 3850.0 -0.05115
4950.0 3850.0 -0.03529
5050.0 3850.0 -0.00089
5150.0 3850.0 0.04077
5250.0 3850.0 0.08068
5350.0 3850.0 0.11427
5450.0 3850.0 0.13681
5550.0 3850.0 0.14475
5650.0 3850.0 0.13680
5750.0 3850.0 0.11442
5850.0 3850.0 0.08175
5950.0 3850.0 0.04502
6050.0 3850.0 0.01137
6150.0 3850.0 -0.01279
6250.0 3850.0 -0.02408
6350.0 3850.0 -0.02491
50.0 3950.0 -0.15332
150.0 3950.0 -0.25968
250.0 3950.0 -0.32913
350.0 3950.0 -0.34469
450.0 3950.0 -0.30442
550.0 3950.0 -0.21794
650.0 3950.0 -0.10295
750.0 3950.0 0.01829
850.0 3950.0 0.12254
950.0 3950.0 0.18917
1050.0 3950.0 0.20378
1150.0 3950.0 0.16186
1250.0 3950.0 0.07252
1350.0 3950.0 -0.03869
1450.0 3950.0 -0.15074
1550.0 3950.0 -0.25547
1650.0 3950.0 -0.34026
1750.0 3950.0 -0.39261
1850.0 3950.0 -0.40440
1950.0 3950.0 -0.37441
2050.0 3950.0 -0.30924
2150.0 3950.0 -0.22249
2250.0 3950.0 -0.13219
2350.0 3950.0 -0.05663
2450.0 3950.0 -0.00844
2550.0 3950.0 0.01305
2650.0 3950.0 0.02426
2750.0 3950.0 0.02364
2850.0 3950.0 0.00624
2950.0 3950.0 -0.02522
3050.0 3950.0 -0.06370
3150.0 3950.0 -0.10049
3250.0 3950.0 -0.12744
3350.0 3950.0 -0.13843
3450.0 3950.0 -0.13033
3550.0 3950.0 -0.10334
3650.0 3950.0 -0.06067
3750.0 3950.0 -0.00774
3850.0 3950.0 0.04934
3950.0 3950.0 0.10290
4050.0 3950.0 0.14295
4150.0 3950.0 0.16344
4250.0 3950.0 0.16274
4350.0 3950.0 0.14314
4450.0 3950.0 0.11017
4550.0 3950.0 0.07159
4650.0 3950.0 0.03624
4750.0 3950.0 0.01265
4850.0 3950.0 0.00733
4950.0 3950.0 0.02297
5050.0 3950.0 0.05632
5150.0 3950.0 0.09648
5250.0 3950.0 0.13248
5350.0 3950.0 0.15742
5450.0 3950.0 0.16593
5550.0 3950.0 0.15518
5650.0 3950.0 0.12548
5750.0 3950.0 0.08039
5850.0 3950.0 0.02627
5950.0 3950.0 -0.02865
6050.0 3950.0 -0.07574
6150.0 3950.0 -0.10795
6250.0 3950.0 -0.12235
6350.0 3950.0 -0.12312
50.0 4050.0 -0.28784
150.0 4050.0 -0.39261
250.0 4050.0 -0.45830
350.0 4050.0 -0.46647
450.0 4050.0 -0.41446
550.0 4050.0 -0.31191
650.0 4050.0 -0.17732
750.0 4050.0 -0.03431
850.0 4050.0 0.09209
950.0 4050.0 0.17933
1050.0 4050.0 0.21134
1150.0 4050.0 0.18265
1250.0 4050.0 0.10257
1350.0 4050.0 -0.00135
1450.0 4050.0 -0.10630
1550.0 4050.0 -0.20448
1650.0 4050.0 -0.28397
1750.0 4050.0 -0.33288
1850.0 4050.0 -0.34345
1950.0 4050.0 -0.31446
2050.0 4050.0 -0.25208
2150.0 4050.0 -0.16912
2250.0 4050.0 -0.08263
2350.0 4050.0 -0.00990
2450.0 4050.0 0.03707
2550.0 4050.0 0.05885
2650.0 4050.0 0.07075
2750.0 4050.0 0.07032
2850.0 4050.0 0.05228
2950.0 4050.0 0.01923
3050.0 4050.0 -0.02163
3150.0 4050.0 -0.06134
3250.0 4050.0 -0.09140
3350.0 4050.0 -0.10530
3450.0 4050.0 -0.09955
3550.0 4050.0 -0.07410
3650.0 4050.0 -0.03204
3750.0 4050.0 0.02112
3850.0 4050.0 0.07890
3950.0 4050.0 0.13368
4050.0 4050.0 0.17627
4150.0 4050.0 0.20053
4250.0 4050.0 0.20413
4350.0 4050.0 0.18848
4450.0 4050.0 0.15822
4550.0 4050.0 0.12049
4650.0 4050.0 0.08391
4750.0 4050.0 0.05710
4850.0 4050.0 0.04708
4950.0 4050.0 0.05720
5050.0 4050.0 0.08482
5150.0 4050.0 0.11914
5250.0 4050.0 0.14767
5350.0 4050.0 0.16233
5450.0 4050.0 0.15804
5550.0 4050.0 0.13315
5650.0 4050.0 0.08952
5750.0 4050.0 0.03218
5850.0 4050.0 -0.03140
5950.0 4050.0 -0.09239
6050.0 4050.0 -0.14218
6150.0 4050.0 -0.17430
6250.0 4050.0 -0.18675
6350.0 4050.0 -0.18476
50.0 4150.0 -0.42609
150.0 4150.0 -0.52844
250.0 4150.0 -0.59072
350.0 4150.0 -0.59313
450.0 4150.0 -0.53167
550.0 4150.0 -0.41518
650.0 4150.0 -0.26202
750.0 4150.0 -0.09656
850.0 4150.0 0.05470
950.0 4150.0 0.16722
1050.0 4150.0 0.22285
1150.0 4150.0 0.21451
1250.0 4150.0 0.15114
1350.0 4150.0 0.06194
1450.0 4150.0 -0.02863
1550.0 4150.0 -0.11363
1650.0 4150.0 -0.18253
1750.0 4150.0 -0.22474
1850.0 4150.0 -0.23320
1950.0 4150.0 -0.20663
2050.0 4150.0 -0.15030
2150.0 4150.0 -0.07539
2250.0 4150.0 0.00311
2350.0 4150.0 0.06990
2450.0 4150.0 0.11429
2550.0 4150.0 0.13665
2650.0 4150.0 0.14992
2750.0 4150.0 0.14948
2850.0 4150.0 0.12911
2950.0 4150.0 0.09121
3050.0 4150.0 0.04330
3150.0 4150.0 -0.00495
3250.0 4150.0 -0.04402
3350.0 4150.0 -0.06639
3450.0 4150.0 -0.06761
3550.0 4150.0 -0.04688
3650.0 4150.0 -0.00702
3750.0 4150.0 0.04622
3850.0 4150.0 0.10539
3950.0 4150.0 0.16243
4050.0 4150.0 0.20909
4150.0 4150.0 0.23882
4250.0 4150.0 0.24794
4350.0 4150.0 0.23618
4450.0 4150.0 0.20680
4550.0 4150.0 0.16616
4650.0 4150.0 0.12280
4750.0 4150.0 0.08606
4850.0 4150.0 0.06415
4950.0 4150.0 0.06182
5050.0 4150.0 0.07741
5150.0 4150.0 0.10006
5250.0 4150.0 0.11628
5350.0 4150.0 0.11830
5450.0 4150.0 0.10260
5550.0 4150.0 0.06936
5650.0 4150.0 0.02191
5750.0 4150.0 -0.03405
5850.0 4150.0 -0.09135
5950.0 4150.0 -0.14247
6050.0 4150.0 -0.18080
6150.0 4150.0 -0.20202
6250.0 4150.0 -0.20579
6350.0 4150.0 -0.19741
50.0 4250.0 -0.54668
150.0 4250.0 -0.64592
250.0 4250.0 -0.70605
350.0 4250.0 -0.70627
450.0 4250.0 -0.64070
550.0 4250.0 -0.51628
650.0 4250.0 -0.35008
750.0 4250.0 -0.16608
850.0 4250.0 0.00848
950.0 4250.0 0.14741
1050.0 4250.0 0.23036
1150.0 4250.0 0.24809
1250.0 4250.0 0.20837
1350.0 4250.0 0.14124
1450.0 4250.0 0.07224
1550.0 4250.0 0.00688
1650.0 4250.0 -0.04649
1750.0 4250.0 -0.07916
1850.0 4250.0 -0.08512
1950.0 4250.0 -0.06294
2050.0 4250.0 -0.01644
2150.0 4250.0 0.04572
2250.0 4250.0 0.11168
2350.0 4250.0 0.16919
2450.0 4250.0 0.20956
2550.0 4250.0 0.23274
2650.0 4250.0 0.24807
2750.0 4250.0 0.24764
2850.0 4250.0 0.22382
2950.0 4250.0 0.17867
3050.0 4250.0 0.12022
3150.0 4250.0 0.05925
3250.0 4250.0 0.00670
3350.0 4250.0 -0.02832
3450.0 4250.0 -0.03992
3550.0 4250.0 -0.02625
3650.0 4250.0 0.01036
3750.0 4250.0 0.06374
3850.0 4250.0 0.12499
3950.0 4250.0 0.18535
4050.0 4250.0 0.23788
4150.0 4250.0 0.27531
4250.0 4250.0 0.29189
4350.0 4250.0 0.28494
4450.0 4250.0 0.25573
4550.0 4250.0 0.20953
4650.0 4250.0 0.15492
4750.0 4250.0 0.10235
4850.0 4250.0 0.06197
4950.0 4250.0 0.04058
5050.0 4250.0 0.03801
5150.0 4250.0 0.04318
5250.0 4250.0 0.04220
5350.0 4250.0 0.02907
5450.0 4250.0 0.00300
5550.0 4250.0 -0.03333
5650.0 4250.0 -0.07512
5750.0 4250.0 -0.11674
5850.0 4250.0 -0.15273
5950.0 4250.0 -0.17867
6050.0 4250.0 -0.19184
6150.0 4250.0 -0.19169
6250.0 4250.0 -0.18018
6350.0 4250.0 -0.16181
50.0 4350.0 -0.62772
150.0 4350.0 -0.72354
250.0 4350.0 -0.78356
350.0 4350.0 -0.78674
450.0 4350.0 -0.72493
550.0 4350.0 -0.60208
650.0 4350.0 -0.43255
750.0 4350.0 -0.23861
850.0 4350.0 -0.04706
950.0 4350.0 0.11501
1050.0 4350.0 0.22523
1150.0 4350.0 0.27192
1250.0 4350.0 0.26082
1350.0 4350.0 0.22154
1450.0 4350.0 0.17977
1550.0 4350.0 0.13897
1650.0 4350.0 0.10472
1750.0 4350.0 0.08333
1850.0 4350.0 0.07956
1950.0 4350.0 0.09515
2050.0 4350.0 0.12817
2150.0 4350.0 0.17327
2250.0 4350.0 0.22265
2350.0 4350.0 0.26797
2450.0 4350.0 0.30300
2550.0 4350.0 0.32719
2650.0 4350.0 0.34516
2750.0 4350.0 0.34499
2850.0 4350.0 0.31744
2950.0 4350.0 0.26419
3050.0 4350.0 0.19385
3150.0 4350.0 0.11846
3250.0 4350.0 0.05063
3350.0 4350.0 0.00128
3450.0 4350.0 -0.02206
3550.0 4350.0 -0.01627
3650.0 4350.0 0.01682
3750.0 4350.0 0.07064
3850.0 4350.0 0.13454
3950.0 4350.0 0.19915
4050.0 4350.0 0.25926
4150.0 4350.0 0.30676
4250.0 4350.0 0.33327
4350.0 4350.0 0.33303
4450.0 4350.0 0.30473
4550.0 4350.0 0.25219
4650.0 4350.0 0.18397
4750.0 4350.0 0.11190
4850.0 4350.0 0.04847
4950.0 4350.0 0.00316
5050.0 4350.0 -0.02235
5150.0 4350.0 -0.03926
5250.0 4350.0 -0.06140
5350.0 4350.0 -0.09190
5450.0 4350.0 -0.12792
5550.0 4350.0 -0.16371
5650.0 4350.0 -0.19300
5750.0 4350.0 -0.21076
5850.0 4350.0 -0.21424
5950.0 4350.0 -0.20347
6050.0 4350.0 -0.18111
6150.0 4350.0 -0.15159
6250.0 4350.0 -0.11970
6350.0 4350.0 -0.08853
50.0 4450.0 -0.65374
150.0 4450.0 -0.74620
250.0 4450.0 -0.80865
350.0 4450.0 -0.82068
450.0 4450.0 -0.77172
550.0 4450.0 -0.66181
650.0 4450.0 -0.50132
750.0 4450.0 -0.30931
850.0 4450.0 -0.11082
950.0 4450.0 0.06717
1050.0 4450.0 0.20086
1150.0 4450.0 0.27605
1250.0 4450.0 0.29569
1350.0 4450.0 0.28751
1450.0 4450.0 0.27608
1550.0 4450.0 0.26239
1650.0 4450.0 0.24885
1750.0 4450.0 0.23911
1850.0 4450.0 0.23660
1950.0 4450.0 0.24349
2050.0 4450.0 0.26015
2150.0 4450.0 0.28502
2250.0 4450.0 0.31495
2350.0 4450.0 0.34603
2450.0 4450.0 0.37483
2550.0 4450.0 0.40008
2650.0 4450.0 0.42105
2750.0 4450.0 0.42163
2850.0 4450.0 0.39100
2950.0 4450.0 0.33051
3050.0 4450.0 0.24928
3150.0 4450.0 0.16059
3250.0 4450.0 0.07863
3350.0 4450.0 0.01605
3450.0 4450.0 -0.01802
3550.0 4450.0 -0.01930
3650.0 4450.0 0.01092
3750.0 4450.0 0.06561
3850.0 4450.0 0.13253
3950.0 4450.0 0.20199
4050.0 4450.0 0.27105
4150.0 4450.0 0.33074
4250.0 4450.0 0.36976
4350.0 4450.0 0.37881
4450.0 4450.0 0.35350
4550.0 4450.0 0.29585
4650.0 4450.0 0.21422
4750.0 4450.0 0.12180
4850.0 4450.0 0.03360
4950.0 4450.0 -0.03794
5050.0 4450.0 -0.08897
5150.0 4450.0 -0.13058
5250.0 4450.0 -0.17619
5350.0 4450.0 -0.22562
5450.0 4450.0 -0.27186
5550.0 4450.0 -0.30579
5650.0 4450.0 -0.31959
5750.0 4450.0 -0.30901
5850.0 4450.0 -0.27453
5950.0 4450.0 -0.22132
6050.0 4450.0 -0.15815
6150.0 4450.0 -0.09510
6250.0 4450.0 -0.04014
6350.0 4450.0 0.00541
50.0 4550.0 -0.61973
150.0 4550.0 -0.70928
250.0 4550.0 -0.77668
350.0 4550.0 -0.80312
450.0 4550.0 -0.77563
550.0 4550.0 -0.68982
650.0 4550.0 -0.55102
750.0 4550.0 -0.37385
850.0 4550.0 -0.18027
950.0 4550.0 0.00395
1050.0 4550.0 0.15435
1150.0 4550.0 0.25441
1250.0 4550.0 0.30379
1350.0 4550.0 0.32688
1450.0 4550.0 0.34590
1550.0 4550.0 0.35911
1650.0 4550.0 0.36565
1750.0 4550.0 0.36652
1850.0 4550.0 0.36387
1950.0 4550.0 0.36048
2050.0 4550.0 0.35914
2150.0 4550.0 0.36228
2250.0 4550.0 0.37156
2350.0 4550.0 0.38762
2450.0 4550.0 0.40979
2550.0 4550.0 0.43605
2650.0 4550.0 0.46012
2750.0 4550.0 0.46203
2850.0 4550.0 0.42976
2950.0 4550.0 0.36435
3050.0 4550.0 0.27537
3150.0 4550.0 0.17702
3250.0 4550.0 0.08476
3350.0 4550.0 0.01258
3450.0 4550.0 -0.02916
3550.0 4550.0 -0.03522
3650.0 4550.0 -0.00653
3750.0 4550.0 0.04958
3850.0 4550.0 0.11960
3950.0 4550.0 0.19412
4050.0 4550.0 0.27288
4150.0 4550.0 0.34627
4250.0 4550.0 0.40002
4350.0 4550.0 0.42108
4450.0 4550.0 0.40179
4550.0 4550.0 0.34202
4650.0 4550.0 0.24961
4750.0 4550.0 0.13888
4850.0 4550.0 0.02723
4950.0 4550.0 -0.06996
5050.0 4550.0 -0.14649
5150.0 4550.0 -0.21299
5250.0 4550.0 -0.28243
5350.0 4550.0 -0.35140
5450.0 4550.0 -0.40875
5550.0 4550.0 -0.44195
5650.0 4550.0 -0.44150
5750.0 4550.0 -0.40384
5850.0 4550.0 -0.33252
5950.0 4550.0 -0.23778
6050.0 4550.0 -0.13443
6150.0 4550.0 -0.03818
6250.0 4550.0 0.03978
6350.0 4550.0 0.09977
50.0 4650.0 -0.53252
150.0 4650.0 -0.61987
250.0 4650.0 -0.69425
350.0 4650.0 -0.73920
450.0 4650.0 -0.73967
550.0 4650.0 -0.68669
650.0 4650.0 -0.58004
750.0 4650.0 -0.42909
850.0 4650.0 -0.25176
950.0 4650.0 -0.07157
1050.0 4650.0 0.08715
1150.0 4650.0 0.20603
1250.0 4650.0 0.28120
1350.0 4650.0 0.33267
1450.0 4650.0 0.37924
1550.0 4650.0 0.41642
1650.0 4650.0 0.44033
1750.0 4650.0 0.44954
1850.0 4650.0 0.44520
1950.0 4650.0 0.43073
2050.0 4650.0 0.41133
2150.0 4650.0 0.39320
2250.0 4650.0 0.38254
2350.0 4650.0 0.38416
2450.0 4650.0 0.39995
2550.0 4650.0 0.42705
2650.0 4650.0 0.45402
2750.0 4650.0 0.45786
2850.0 4650.0 0.42585
2950.0 4650.0 0.35888
3050.0 4650.0 0.26677
3150.0 4650.0 0.16422
3250.0 4650.0 0.06738
3350.0 4650.0 -0.00899
3450.0 4650.0 -0.05383
3550.0 4650.0 -0.06142
3650.0 4650.0 -0.03242
3750.0 4650.0 0.02563
3850.0 4650.0 0.09854
3950.0 4650.0 0.17786
4050.0 4650.0 0.26634
4150.0 4650.0 0.35402
4250.0 4650.0 0.42390
4350.0 4650.0 0.45938
4450.0 4650.0 0.44944
4550.0 4650.0 0.39166
4650.0 4650.0 0.29303
4750.0 4650.0 0.16853
4850.0 4650.0 0.03754
4950.0 4650.0 -0.08194
5050.0 4650.0 -0.18137
5150.0 4650.0 -0.27052
5250.0 4650.0 -0.36209
5350.0 4650.0 -0.45016
5450.0 4650.0 -0.51999
5550.0 4650.0 -0.55580
5650.0 4650.0 -0.54635
5750.0 4650.0 -0.48830
5850.0 4650.0 -0.38760
5950.0 4650.0 -0.25866
6050.0 4650.0 -0.12152
6150.0 4650.0 0.00320
6250.0 4650.0 0.10131
6350.0 4650.0 0.17431
50.0 4750.0 -0.40925
150.0 4750.0 -0.49530
250.0 4750.0 -0.57778
350.0 4750.0 -0.64306
450.0 4750.0 -0.67453
550.0 4750.0 -0.65896
650.0 4750.0 -0.59067
750.0 4750.0 -0.47359
850.0 4750.0 -0.32113
950.0 4750.0 -0.15389
1050.0 4750.0 0.00470
1150.0 4750.0 0.13498
1250.0 4750.0 0.22975
1350.0 4750.0 0.30404
1450.0 4750.0 0.37269
1550.0 4750.0 0.42870
1650.0 4750.0 0.46562
1750.0 4750.0 0.48013
1850.0 4750.0 0.47265
1950.0 4750.0 0.44729
2050.0 4750.0 0.41139
2150.0 4750.0 0.37441
2250.0 4750.0 0.34631
2350.0 4750.0 0.33541
2450.0 4750.0 0.34564
2550.0 4750.0 0.37331
2650.0 4750.0 0.40274
2750.0 4750.0 0.40898
2850.0 4750.0 0.37930
2950.0 4750.0 0.31456
3050.0 4750.0 0.22458
3150.0 4750.0 0.12410
3250.0 4750.0 0.02930
3350.0 4750.0 -0.04503
3450.0 4750.0 -0.08780
3550.0 4750.0 -0.09322
3650.0 4750.0 -0.06196
3750.0 4750.0 -0.00157
3850.0 4750.0 0.07376
3950.0 4750.0 0.15723
4050.0 4750.0 0.25467
4150.0 4750.0 0.35616
4250.0 4750.0 0.44250
4350.0 4750.0 0.49396
4450.0 4750.0 0.49643
4550.0 4750.0 0.44515
4650.0 4750.0 0.34593
4750.0 4750.0 0.21391
4850.0 4750.0 0.06977
4950.0 4750.0 -0.06642
5050.0 4750.0 -0.18396
5150.0 4750.0 -0.29145
5250.0 4750.0 -0.40167
5350.0 4750.0 -0.50740
5450.0 4750.0 -0.59124
5550.0 4750.0 -0.63469
5650.0 4750.0 -0.62459
5750.0 4750.0 -0.55720
5850.0 4750.0 -0.43967
5950.0 4750.0 -0.28914
6050.0 4750.0 -0.12929
6150.0 4750.0 0.01551
6250.0 4750.0 0.12861
6350.0 4750.0 0.21190
50.0 4850.0 -0.27321
150.0 4850.0 -0.35885
250.0 4850.0 -0.44948
350.0 4850.0 -0.53434
450.0 4850.0 -0.59586
550.0 4850.0 -0.61732
650.0 4850.0 -0.58830
750.0 4850.0 -0.50773
850.0 4850.0 -0.38458
950.0 4850.0 -0.23632
1050.0 4850.0 -0.08496
1150.0 4850.0 0.04919
1250.0 4850.0 0.15612
1350.0 4850.0 0.24602
1450.0 4850.0 0.32964
1550.0 4850.0 0.39794
1650.0 4850.0 0.44262
1750.0 4850.0 0.45908
1850.0 4850.0 0.44737
1950.0 4850.0 0.41227
2050.0 4850.0 0.36282
2150.0 4850.0 0.31092
2250.0 4850.0 0.26930
2350.0 4850.0 0.24879
2450.0 4850.0 0.25471
2550.0 4850.0 0.28269
2650.0 4850.0 0.31392
2750.0 4850.0 0.32286
2850.0 4850.0 0.29736
2950.0 4850.0 0.23840
3050.0 4850.0 0.15560
3150.0 4850.0 0.06322
3250.0 4850.0 -0.02319
3350.0 4850.0 -0.08949
3450.0 4850.0 -0.12520
3550.0 4850.0 -0.12500
3650.0 4850.0 -0.08973
3750.0 4850.0 -0.02677
3850.0 4850.0 0.05031
3950.0 4850.0 0.13696
4050.0 4850.0 0.24198
4150.0 4850.0 0.35583
4250.0 4850.0 0.45780
4350.0 4850.0 0.52570
4450.0 4850.0 0.54282
4550.0 4850.0 0.50219
4650.0 4850.0 0.40819
4750.0 4850.0 0.27553
4850.0 4850.0 0.12548
4950.0 4850.0 -0.02055
5050.0 4850.0 -0.15008
5150.0 4850.0 -0.27023
5250.0 4850.0 -0.39439
5350.0 4850.0 -0.51559
5450.0 4850.0 -0.61495
5550.0 4850.0 -0.67185
5650.0 4850.0 -0.67118
5750.0 4850.0 -0.60797
5850.0 4850.0 -0.48916
5950.0 4850.0 -0.33274
6050.0 4850.0 -0.16415
6150.0 4850.0 -0.00987
6250.0 4850.0 0.11162
6350.0 4850.0 0.20166
50.0 4950.0 -0.14683
150.0 4950.0 -0.23279
250.0 4950.0 -0.33064
350.0 4950.0 -0.43222
450.0 4950.0 -0.51953
550.0 4950.0 -0.57341
650.0 4950.0 -0.57979
750.0 4950.0 -0.53352
850.0 4950.0 -0.43977
950.0 4950.0 -0.31303
1050.0 4950.0 -0.17365
1150.0 4950.0 -0.04200
1250.0 4950.0 0.06982
1350.0 4950.0 0.16781
1450.0 4950.0 0.25904
1550.0 4950.0 0.33298
1650.0 4950.0 0.38024
1750.0 4950.0 0.39560
1850.0 4950.0 0.37906
1950.0 4950.0 0.33603
2050.0 4950.0 0.27667
2150.0 4950.0 0.21446
2250.0 4950.0 0.16382
2350.0 4950.0 0.13700
2450.0 4950.0 0.14006
2550.0 4950.0 0.16806
2650.0 4950.0 0.20041
2750.0 4950.0 0.21212
2850.0 4950.0 0.19215
2950.0 4950.0 0.14176
3050.0 4950.0 0.07015
3150.0 4950.0 -0.00930
3250.0 4950.0 -0.08220
3350.0 4950.0 -0.13568
3450.0 4950.0 -0.16038
3550.0 4950.0 -0.15185
3650.0 4950.0 -0.11128
3750.0 4950.0 -0.04574
3850.0 4950.0 0.03239
3950.0 4950.0 0.12115
4050.0 4950.0 0.23202
4150.0 4950.0 0.35615
4250.0 4950.0 0.47206
4350.0 4950.0 0.55586
4450.0 4950.0 0.58879
4550.0 4950.0 0.56193
4650.0 4950.0 0.47813
4750.0 4950.0 0.35116
4850.0 4950.0 0.20215
4950.0 4950.0 0.05313
5050.0 4950.0 -0.08207
5150.0 4950.0 -0.20895
5250.0 4950.0 -0.34210
5350.0 4950.0 -0.47626
5450.0 4950.0 -0.59234
5550.0 4950.0 -0.66825
5650.0 4950.0 -0.68692
5750.0 4950.0 -0.64136
5850.0 4950.0 -0.53685
5950.0 4950.0 -0.39041
6050.0 4950.0 -0.22721
6150.0 4950.0 -0.07425
6250.0 4950.0 0.04885
6350.0 4950.0 0.14197
50.0 5050.0 -0.04188
150.0 5050.0 -0.12866
250.0 5050.0 -0.23242
350.0 5050.0 -0.34717
450.0 5050.0 -0.45495
550.0 5050.0 -0.53506
650.0 5050.0 -0.57088
750.0 5050.0 -0.55421
850.0 5050.0 -0.48718
950.0 5050.0 -0.38169
1050.0 5050.0 -0.25645
1150.0 5050.0 -0.13146
1250.0 5050.0 -0.02021
1350.0 5050.0 0.07994
1450.0 5050.0 0.17297
1550.0 5050.0 0.24740
1650.0 5050.0 0.29334
1750.0 5050.0 0.30545
1850.0 5050.0 0.28394
1950.0 5050.0 0.23473
2050.0 5050.0 0.16871
2150.0 5050.0 0.10016
2250.0 5050.0 0.04429
2350.0 5050.0 0.01393
2450.0 5050.0 0.01535
2550.0 5050.0 0.04318
2650.0 5050.0 0.07608
2750.0 5050.0 0.09047
2850.0 5050.0 0.07678
2950.0 5050.0 0.03660
3050.0 5050.0 -0.02141
3150.0 5050.0 -0.08500
3250.0 5050.0 -0.14128
3350.0 5050.0 -0.17900
3450.0 5050.0 -0.19032
3550.0 5050.0 -0.17185
3650.0 5050.0 -0.12529
3750.0 5050.0 -0.05729
3850.0 5050.0 0.02133
3950.0 5050.0 0.11130
4050.0 5050.0 0.22649
4150.0 5050.0 0.35896
4250.0 5050.0 0.48696
4350.0 5050.0 0.58558
4450.0 5050.0 0.63453
4550.0 5050.0 0.62322
4650.0 5050.0 0.55290
4750.0 5050.0 0.43610
4850.0 5050.0 0.29326
4950.0 5050.0 0.14649
5050.0 5050.0 0.01056
5150.0 5050.0 -0.11835
5250.0 5050.0 -0.25653
5350.0 5050.0 -0.40156
5450.0 5050.0 -0.53507
5550.0 5050.0 -0.63411
5650.0 5050.0 -0.67959
5750.0 5050.0 -0.66192
5850.0 5050.0 -0.58368
5950.0 5050.0 -0.45941
6050.0 5050.0 -0.31252
6150.0 5050.0 -0.16927
6250.0 5050.0 -0.04984
6350.0 5050.0 0.04346
50.0 5150.0 0.05162
150.0 5150.0 -0.03614
250.0 5150.0 -0.14515
350.0 5150.0 -0.27138
450.0 5150.0 -0.39706
550.0 5150.0 -0.50037
650.0 5150.0 -0.56263
750.0 5150.0 -0.57305
850.0 5150.0 -0.53109
950.0 5150.0 -0.44630
1050.0 5150.0 -0.33573
1150.0 5150.0 -0.21890
1250.0 5150.0 -0.11035
1350.0 5150.0 -0.01041
1450.0 5150.0 0.08213
1550.0 5150.0 0.15506
1650.0 5150.0 0.19827
1750.0 5150.0 0.20648
1850.0 5150.0 0.18021
1950.0 5150.0 0.12581
2050.0 5150.0 0.05468
2150.0 5150.0 -0.01840
2250.0 5150.0 -0.07781
2350.0 5150.0 -0.11050
2450.0 5150.0 -0.11022
2550.0 5150.0 -0.08266
2650.0 5150.0 -0.04949
2750.0 5150.0 -0.03254
2850.0 5150.0 -0.03986
2950.0 5150.0 -0.06951
3050.0 5150.0 -0.11339
3150.0 5150.0 -0.16046
3250.0 5150.0 -0.19943
3350.0 5150.0 -0.22079
3450.0 5150.0 -0.21825
3550.0 5150.0 -0.18961
3650.0 5150.0 -0.13706
3750.0 5150.0 -0.06679
3850.0 5150.0 0.01198
3950.0 5150.0 0.10272
4050.0 5150.0 0.22153
4150.0 5150.0 0.36146
4250.0 5150.0 0.50077
4350.0 5150.0 0.61375
4450.0 5150.0 0.67884
4550.0 5150.0 0.68383
4650.0 5150.0 0.62838
4750.0 5150.0 0.52364
4850.0 5150.0 0.38912
4950.0 5150.0 0.24674
5050.0 5150.0 0.11211
5150.0 5150.0 -0.01694
5250.0 5150.0 -0.15853
5350.0 5150.0 -0.31358
5450.0 5150.0 -0.46484
5550.0 5150.0 -0.58866
5650.0 5150.0 -0.66396
5750.0 5150.0 -0.67832
5850.0 5150.0 -0.63113
5950.0 5150.0 -0.53391
6050.0 5150.0 -0.40769
6150.0 5150.0 -0.27745
6250.0 5150.0 -0.16375
6350.0 5150.0 -0.07137
50.0 5250.0 0.14919
150.0 5250.0 0.06050
250.0 5250.0 -0.05351
350.0 5250.0 -0.19078
450.0 5250.0 -0.33392
550.0 5250.0 -0.46018
650.0 5250.0 -0.54900
750.0 5250.0 -0.58712
850.0 5250.0 -0.57135
950.0 5250.0 -0.50877
1050.0 5250.0 -0.41465
1150.0 5250.0 -0.30783
1250.0 5250.0 -0.20378
1350.0 5250.0 -0.10576
1450.0 5250.0 -0.01515
1550.0 5250.0 0.05559
1650.0 5250.0 0.09635
1750.0 5250.0 0.10202
1850.0 5250.0 0.07326
1950.0 5250.0 0.01659
2050.0 5250.0 -0.05648
2150.0 5250.0 -0.13112
2250.0 5250.0 -0.19175
2350.0 5250.0 -0.22536
2450.0 5250.0 -0.22584
2550.0 5250.0 -0.19898
2650.0 5250.0 -0.16622
2750.0 5250.0 -0.14765
2850.0 5250.0 -0.14998
2950.0 5250.0 -0.17104
3050.0 5250.0 -0.20330
3150.0 5250.0 -0.23688
3250.0 5250.0 -0.26192
3350.0 5250.0 -0.27038
3450.0 5250.0 -0.25729
3550.0 5250.0 -0.22141
3650.0 5250.0 -0.16524
3750.0 5250.0 -0.09455
3850.0 5250.0 -0.01712
3950.0 5250.0 0.07297
4050.0 5250.0 0.19417
4150.0 5250.0 0.34088
4250.0 5250.0 0.49168
4350.0 5250.0 0.62028
4450.0 5250.0 0.70385
4550.0 5250.0 0.72845
4650.0 5250.0 0.69176
4750.0 5250.0 0.60307
4850.0 5250.0 0.48048
4950.0 5250.0 0.34538
5050.0 5250.0 0.21410
5150.0 5250.0 0.08660
5250.0 5250.0 -0.05712
5350.0 5250.0 -0.22173
5450.0 5250.0 -0.39141
5550.0 5250.0 -0.54188
5650.0 5250.0 -0.64990
5750.0 5250.0 -0.69991
5850.0 5250.0 -0.68769
5950.0 5250.0 -0.62122
6050.0 5250.0 -0.51865
6150.0 5250.0 -0.40336
6250.0 5250.0 -0.29618
6350.0 5250.0 -0.20467
50.0 5350.0 0.24795
150.0 5350.0 0.15849
250.0 5350.0 0.04040
350.0 5350.0 -0.10618
450.0 5350.0 -0.26452
550.0 5350.0 -0.41145
650.0 5350.0 -0.52504
750.0 5350.0 -0.58999
850.0 5350.0 -0.60065
950.0 5350.0 -0.56169
1050.0 5350.0 -0.48639
1150.0 5350.0 -0.39261
1250.0 5350.0 -0.29638
1350.0 5350.0 -0.20364
1450.0 5350.0 -0.11776
1550.0 5350.0 -0.05063
1650.0 5350.0 -0.01181
1750.0 5350.0 -0.00618
1850.0 5350.0 -0.03315
1950.0 5350.0 -0.08658
2050.0 5350.0 -0.15560
2150.0 5350.0 -0.22619
2250.0 5350.0 -0.28359
2350.0 5350.0 -0.31550
2450.0 5350.0 -0.31608
2550.0 5350.0 -0.29081
2650.0 5350.0 -0.25983
2750.0 5350.0 -0.24144
2850.0 5350.0 -0.24145
2950.0 5350.0 -0.25767
3050.0 5350.0 -0.28321
3150.0 5350.0 -0.30917
3250.0 5350.0 -0.32678
3350.0 5350.0 -0.32909
3450.0 5350.0 -0.31195
3550.0 5350.0 -0.27458
3650.0 5350.0 -0.21953
3750.0 5350.0 -0.15209
3850.0 5350.0 -0.07901
3950.0 5350.0 0.00744
4050.0 5350.0 0.12811
4150.0 5350.0 0.27927
4250.0 5350.0 0.44045
4350.0 5350.0 0.58533
4450.0 5350.0 0.69005
4550.0 5350.0 0.73877
4650.0 5350.0 0.72672
4750.0 5350.0 0.66054
4850.0 5350.0 0.55606
4950.0 5350.0 0.43338
5050.0 5350.0 0.30939
5150.0 5350.0 0.18676
5250.0 5350.0 0.04381
5350.0 5350.0 -0.12852
5450.0 5350.0 -0.31622
5550.0 5350.0 -0.49458
5650.0 5350.0 -0.63815
5750.0 5350.0 -0.72784
5850.0 5350.0 -0.75525
5950.0 5350.0 -0.72411
6050.0 5350.0 -0.64901
6150.0 5350.0 -0.55114
6250.0 5350.0 -0.45139
6350.0 5350.0 -0.36051
50.0 5450.0 0.33579
150.0 5450.0 0.24590
250.0 5450.0 0.12548
350.0 5450.0 -0.02685
450.0 5450.0 -0.19539
550.0 5450.0 -0.35727
650.0 5450.0 -0.49007
750.0 5450.0 -0.57725
850.0 5450.0 -0.61134
950.0 5450.0 -0.59493
1050.0 5450.0 -0.53931
1150.0 5450.0 -0.46104
1250.0 5450.0 -0.37616
1350.0 5450.0 -0.29260
1450.0 5450.0 -0.21479
1550.0 5450.0 -0.15307
1650.0 5450.0 -0.11591
1750.0 5450.0 -0.10781
1850.0 5450.0 -0.12848
1950.0 5450.0 -0.17276
2050.0 5450.0 -0.23127
2150.0 5450.0 -0.29173
2250.0 5450.0 -0.34112
2350.0 5450.0 -0.36848
2450.0 5450.0 -0.36852
2550.0 5450.0 -0.34588
2650.0 5450.0 -0.31829
2750.0 5450.0 -0.30213
2850.0 5450.0 -0.30274
2950.0 5450.0 -0.31819
3050.0 5450.0 -0.34228
3150.0 5450.0 -0.36694
3250.0 5450.0 -0.38423
3350.0 5450.0 -0.38776
3450.0 5450.0 -0.37372
3550.0 5450.0 -0.34129
3650.0 5450.0 -0.29270
3750.0 5450.0 -0.23271
3850.0 5450.0 -0.16750
3950.0 5450.0 -0.08838
4050.0 5450.0 0.02757
4150.0 5450.0 0.17887
4250.0 5450.0 0.34678
4350.0 5450.0 0.50574
4450.0 5450.0 0.63138
4550.0 5450.0 0.70614
4650.0 5450.0 0.72253
4750.0 5450.0 0.68394
4850.0 5450.0 0.60307
4950.0 5450.0 0.49795
5050.0 5450.0 0.38561
5150.0 5450.0 0.27177
5250.0 5450.0 0.13350
5350.0 5450.0 -0.04282
5450.0 5450.0 -0.24534
5550.0 5450.0 -0.44924
5650.0 5450.0 -0.62705
5750.0 5450.0 -0.75620
5850.0 5450.0 -0.82391
5950.0 5450.0 -0.82933
6050.0 5450.0 -0.78297
6150.0 5450.0 -0.70340
6250.0 5450.0 -0.61128
6350.0 5450.0 -0.52061
50.0 5550.0 0.39860
150.0 5550.0 0.30873
250.0 5550.0 0.18844
350.0 5550.0 0.03546
450.0 5550.0 -0.13583
550.0 5550.0 -0.30370
650.0 5550.0 -0.44636
750.0 5550.0 -0.54720
850.0 5550.0 -0.59796
950.0 5550.0 -0.59977
1050.0 5550.0 -0.56225
1150.0 5550.0 -0.50044
1250.0 5550.0 -0.42970
1350.0 5550.0 -0.35886
1450.0 5550.0 -0.29221
1550.0 5550.0 -0.23774
1650.0 5550.0 -0.20233
1750.0 5550.0 -0.18996
1850.0 5550.0 -0.20086
1950.0 5550.0 -0.23131
2050.0 5550.0 -0.27409
2150.0 5550.0 -0.31947
2250.0 5550.0 -0.35694
2350.0 5550.0 -0.37748
2450.0 5550.0 -0.37653
2550.0 5550.0 -0.35753
2650.0 5550.0 -0.33476
2750.0 5550.0 -0.32260
2850.0 5550.0 -0.32622
2950.0 5550.0 -0.34420
3050.0 5550.0 -0.37110
3150.0 5550.0 -0.39962
3250.0 5550.0 -0.42238
3350.0 5550.0 -0.43325
3450.0 5550.0 -0.42828
3550.0 5550.0 -0.40624
3650.0 5550.0 -0.36875
3750.0 5550.0 -0.31998
3850.0 5550.0 -0.26582
3950.0 5550.0 -0.19759
4050.0 5550.0 -0.09114
4150.0 5550.0 0.05445
4250.0 5550.0 0.22288
4350.0 5550.0 0.39023
4450.0 5550.0 0.53246
4550.0 5550.0 0.63086
4650.0 5550.0 0.67541
4750.0 5550.0 0.66599
4850.0 5550.0 0.61166
4950.0 5550.0 0.52770
5050.0 5550.0 0.43065
5150.0 5550.0 0.32922
5250.0 5550.0 0.19983
5350.0 5550.0 0.02483
5450.0 5550.0 -0.18623
5550.0 5550.0 -0.40883
5650.0 5550.0 -0.61405
5750.0 5550.0 -0.77640
5850.0 5550.0 -0.87916
5950.0 5550.0 -0.91711
6050.0 5550.0 -0.89675
6150.0 5550.0 -0.83382
6250.0 5550.0 -0.74842
6350.0 5550.0 -0.65737
50.0 5650.0 0.42532
150.0 5650.0 0.33599
250.0 5650.0 0.21862
350.0 5650.0 0.07085
450.0 5650.0 -0.09436
550.0 5650.0 -0.25728
650.0 5650.0 -0.39797
750.0 5650.0 -0.50108
850.0 5650.0 -0.55877
950.0 5650.0 -0.57171
1050.0 5650.0 -0.54831
1150.0 5650.0 -0.50205
1250.0 5650.0 -0.44694
1350.0 5650.0 -0.39131
1450.0 5650.0 -0.33810
1550.0 5650.0 -0.29242
1650.0 5650.0 -0.25926
1750.0 5650.0 -0.24196
1850.0 5650.0 -0.24135
1950.0 5650.0 -0.25545
2050.0 5650.0 -0.27958
2150.0 5650.0 -0.30706
2250.0 5650.0 -0.33038
2350.0 5650.0 -0.34283
2450.0 5650.0 -0.34075
2550.0 5650.0 -0.32613
2650.0 5650.0 -0.30920
2750.0 5650.0 -0.30219
2850.0 5650.0 -0.31027
2950.0 5650.0 -0.33265
3050.0 5650.0 -0.36475
3150.0 5650.0 -0.40006
3250.0 5650.0 -0.43164
3350.0 5650.0 -0.45345
3450.0 5650.0 -0.46119
3550.0 5650.0 -0.45297
3650.0 5650.0 -0.42961
3750.0 5650.0 -0.39462
3850.0 5650.0 -0.35380
3950.0 5650.0 -0.29929
4050.0 5650.0 -0.20688
4150.0 5650.0 -0.07350
4250.0 5650.0 0.08750
4350.0 5650.0 0.25475
4450.0 5650.0 0.40554
4550.0 5650.0 0.52088
4650.0 5650.0 0.58883
4750.0 5650.0 0.60606
4850.0 5650.0 0.57785
4950.0 5650.0 0.51628
5050.0 5650.0 0.43678
5150.0 5650.0 0.35037
5250.0 5650.0 0.23369
5350.0 5650.0 0.06607
5450.0 5650.0 -0.14497
5550.0 5650.0 -0.37573
5650.0 5650.0 -0.59668
5750.0 5650.0 -0.78045
5850.0 5650.0 -0.90742
5950.0 5650.0 -0.96888
6050.0 5650.0 -0.96784
6150.0 5650.0 -0.91740
6250.0 5650.0 -0.83673
6350.0 5650.0 -0.74470
50.0 5750.0 0.41126
150.0 5750.0 0.32295
250.0 5750.0 0.21112
350.0 5750.0 0.07423
450.0 5750.0 -0.07625
550.0 5750.0 -0.22322
650.0 5750.0 -0.34969
750.0 5750.0 -0.44285
850.0 5750.0 -0.49651
950.0 5750.0 -0.51193
1050.0 5750.0 -0.49700
1150.0 5750.0 -0.46374
1250.0 5750.0 -0.42419
1350.0 5750.0 -0.38484
1450.0 5750.0 -0.34616
1550.0 5750.0 -0.31026
1650.0 5750.0 -0.28015
1750.0 5750.0 -0.25847
1850.0 5750.0 -0.24663
1950.0 5750.0 -0.24439
2050.0 5750.0 -0.24971
2150.0 5750.0 -0.25905
2250.0 5750.0 -0.26802
2350.0 5750.0 -0.27234
2450.0 5750.0 -0.26931
2550.0 5750.0 -0.25944
2650.0 5750.0 -0.24878
2750.0 5750.0 -0.24724
2850.0 5750.0 -0.26000
2950.0 5750.0 -0.28694
3050.0 5750.0 -0.32441
3150.0 5750.0 -0.36672
3250.0 5750.0 -0.40750
3350.0 5750.0 -0.44079
3450.0 5750.0 -0.46195
3550.0 5750.0 -0.46840
3650.0 5750.0 -0.46011
3750.0 5750.0 -0.43989
3850.0 5750.0 -0.41337
3950.0 5750.0 -0.37417
4050.0 5750.0 -0.29938
4150.0 5750.0 -0.18424
4250.0 5750.0 -0.03894
4350.0 5750.0 0.11841
4450.0 5750.0 0.26745
4550.0 5750.0 0.38995
4650.0 5750.0 0.47298
4750.0 5750.0 0.51071
4850.0 5750.0 0.50497
4950.0 5750.0 0.46453
5050.0 5750.0 0.40304
5150.0 5750.0 0.33285
5250.0 5750.0 0.23163
5350.0 5750.0 0.07723
5450.0 5750.0 -0.12450
5550.0 5750.0 -0.35103
5650.0 5750.0 -0.57325
5750.0 5750.0 -0.76326
5850.0 5750.0 -0.89997
5950.0 5750.0 -0.97251
6050.0 5750.0 -0.98140
6150.0 5750.0 -0.93754
6250.0 5750.0 -0.85896
6350.0 5750.0 -0.76535
50.0 5850.0 0.35954
150.0 5850.0 0.27264
250.0 5850.0 0.16832
350.0 5850.0 0.04666
450.0 5850.0 -0.08222
550.0 5850.0 -0.20427
650.0 5850.0 -0.30618
750.0 5850.0 -0.37863
850.0 5850.0 -0.41818
950.0 5850.0 -0.42760
1050.0 5850.0 -0.41492
1150.0 5850.0 -0.39096
1250.0 5850.0 -0.36542
1350.0 5850.0 -0.34179
1450.0 5850.0 -0.31737
1550.0 5850.0 -0.29151
1650.0 5850.0 -0.26540
1750.0 5850.0 -0.24097
1850.0 5850.0 -0.22010
1950.0 5850.0 -0.20403
2050.0 5850.0 -0.19309
2150.0 5850.0 -0.18661
2250.0 5850.0 -0.18303
2350.0 5850.0 -0.18037
2450.0 5850.0 -0.17684
2550.0 5850.0 -0.17168
2650.0 5850.0 -0.16705
2750.0 5850.0 -0.17048
2850.0 5850.0 -0.18691
2950.0 5850.0 -0.21686
3050.0 5850.0 -0.25763
3150.0 5850.0 -0.30453
3250.0 5850.0 -0.35189
3350.0 5850.0 -0.39410
3450.0 5850.0 -0.42641
3550.0 5850.0 -0.44571
3650.0 5850.0 -0.45121
3750.0 5850.0 -0.44498
3850.0 5850.0 -0.43231
3950.0 5850.0 -0.40853
4050.0 5850.0 -0.35326
4150.0 5850.0 -0.26081
4250.0 5850.0 -0.13824
4350.0 5850.0 0.00000
4450.0 5850.0 0.13669
4550.0 5850.0 0.25539
4650.0 5850.0 0.34329
4750.0 5850.0 0.39301
4850.0 5850.0 0.40366
4950.0 5850.0 0.38086
5050.0 5850.0 0.33603
5150.0 5850.0 0.28167
5250.0 5850.0 0.19711
5350.0 5850.0 0.06037
5450.0 5850.0 -0.12374
5550.0 5850.0 -0.33420
5650.0 5850.0 -0.54327
5750.0 5850.0 -0.72388
5850.0 5850.0 -0.85507
5950.0 5850.0 -0.92530
6050.0 5850.0 -0.93386
6150.0 5850.0 -0.89009
6250.0 5850.0 -0.81075
6350.0 5850.0 -0.71516
50.0 5950.0 0.28076
150.0 5950.0 0.19543
250.0 5950.0 0.09957
350.0 5950.0 -0.00467
450.0 5950.0 -0.10827
550.0 5950.0 -0.20023
650.0 5950.0 -0.27119
750.0 5950.0 -0.31584
850.0 5950.0 -0.33405
950.0 5950.0 -0.33079
1050.0 5950.0 -0.31481
1150.0 5950.0 -0.29602
1250.0 5950.0 -0.28174
1350.0 5950.0 -0.27176
1450.0 5950.0 -0.26000
1550.0 5950.0 -0.24366
1650.0 5950.0 -0.22246
1750.0 5950.0 -0.19770
1850.0 5950.0 -0.17146
1950.0 5950.0 -0.14610
2050.0 5950.0 -0.12372
2150.0 5950.0 -0.10584
2250.0 5950.0 -0.09322
2350.0 5950.0 -0.08571
2450.0 5950.0 -0.08233
2550.0 5950.0 -0.08140
2650.0 5950.0 -0.08194
2750.0 5950.0 -0.08906
2850.0 5950.0 -0.10714
2950.0 5950.0 -0.13711
3050.0 5950.0 -0.17729
3150.0 5950.0 -0.22411
3250.0 5950.0 -0.27296
3350.0 5950.0 -0.31891
3450.0 5950.0 -0.35751
3550.0 5950.0 -0.38548
3650.0 5950.0 -0.40150
3750.0 5950.0 -0.40688
3850.0 5950.0 -0.40622
3950.0 5950.0 -0.39644
4050.0 5950.0 -0.36058
4150.0 5950.0 -0.29275
4250.0 5950.0 -0.19732
4350.0 5950.0 -0.08499
4450.0 5950.0 0.03056
4550.0 5950.0 0.13550
4650.0 5950.0 0.21813
4750.0 5950.0 0.27064
4850.0 5950.0 0.29028
4950.0 5950.0 0.28009
5050.0 5950.0 0.24900
5150.0 5950.0 0.20850
5250.0 5950.0 0.14001
5350.0 5950.0 0.02314
5450.0 5950.0 -0.13773
5550.0 5950.0 -0.32317
5650.0 5950.0 -0.50753
5750.0 5950.0 -0.66573
5850.0 5950.0 -0.77831
5950.0 5950.0 -0.83453
6050.0 5950.0 -0.83361
6150.0 5950.0 -0.78414
6250.0 5950.0 -0.70157
6350.0 5950.0 -0.60384
50.0 6050.0 0.19077
150.0 6050.0 0.10696
250.0 6050.0 0.01923
350.0 6050.0 -0.06803
450.0 6050.0 -0.14660
550.0 6050.0 -0.20816
650.0 6050.0 -0.24706
750.0 6050.0 -0.26184
850.0 6050.0 -0.25577
950.0 6050.0 -0.23625
1050.0 6050.0 -0.21308
1150.0 6050.0 -0.19568
1250.0 6050.0 -0.18915
1350.0 6050.0 -0.18958
1450.0 6050.0 -0.18779
1550.0 6050.0 -0.17972
1650.0 6050.0 -0.16415
1750.0 6050.0 -0.14182
1850.0 6050.0 -0.11479
1950.0 6050.0 -0.08592
2050.0 6050.0 -0.05833
2150.0 6050.0 -0.03489
2250.0 6050.0 -0.01782
2350.0 6050.0 -0.00821
2450.0 6050.0 -0.00572
2550.0 6050.0 -0.00817
2650.0 6050.0 -0.01256
2750.0 6050.0 -0.02154
2850.0 6050.0 -0.03851
2950.0 6050.0 -0.06462
3050.0 6050.0 -0.09912
3150.0 6050.0 -0.13978
3250.0 6050.0 -0.18336
3350.0 6050.0 -0.22612
3450.0 6050.0 -0.26438
3550.0 6050.0 -0.29519
3650.0 6050.0 -0.31700
3750.0 6050.0 -0.33039
3850.0 6050.0 -0.33881
3950.0 6050.0 -0.34028
4050.0 6050.0 -0.32163
4150.0 6050.0 -0.27745
4250.0 6050.0 -0.21002
4350.0 6050.0 -0.12670
4450.0 6050.0 -0.03759
4550.0 6050.0 0.04646
4650.0 6050.0 0.11563
4750.0 6050.0 0.16263
4850.0 6050.0 0.18391
4950.0 6050.0 0.18062
5050.0 6050.0 0.15925
5150.0 6050.0 0.12942
5250.0 6050.0 0.07465
5350.0 6050.0 -0.02289
5450.0 6050.0 -0.15865
5550.0 6050.0 -0.31473
5650.0 6050.0 -0.46789
5750.0 6050.0 -0.59575
5850.0 6050.0 -0.68130
5950.0 6050.0 -0.71564
6050.0 6050.0 -0.69896
6150.0 6050.0 -0.63975
6250.0 6050.0 -0.55234
6350.0 6050.0 -0.45257
50.0 6150.0 0.10670
150.0 6150.0 0.02413
250.0 6150.0 -0.05693
350.0 6150.0 -0.13013
450.0 6150.0 -0.18768
550.0 6150.0 -0.22330
650.0 6150.0 -0.23426
750.0 6150.0 -0.22229
850.0 6150.0 -0.19361
950.0 6150.0 -0.15780
1050.0 6150.0 -0.12584
1150.0 6150.0 -0.10694
1250.0 6150.0 -0.10454
1350.0 6150.0 -0.11151
1450.0 6150.0 -0.11640
1550.0 6150.0 -0.11488
1650.0 6150.0 -0.10534
1750.0 6150.0 -0.08809
1850.0 6150.0 -0.06492
1950.0 6150.0 -0.03861
2050.0 6150.0 -0.01242
2150.0 6150.0 0.01036
2250.0 6150.0 0.02698
2350.0 6150.0 0.03578
2450.0 6150.0 0.03671
2550.0 6150.0 0.03190
2650.0 6150.0 0.02526
2750.0 6150.0 0.01646
2850.0 6150.0 0.00356
2950.0 6150.0 -0.01452
3050.0 6150.0 -0.03795
3150.0 6150.0 -0.06597
3250.0 6150.0 -0.09705
3350.0 6150.0 -0.12910
3450.0 6150.0 -0.15978
3550.0 6150.0 -0.18695
3650.0 6150.0 -0.20919
3750.0 6150.0 -0.22637
3850.0 6150.0 -0.24040
3950.0 6150.0 -0.24956
4050.0 6150.0 -0.24426
4150.0 6150.0 -0.22010
4250.0 6150.0 -0.17801
4350.0 6150.0 -0.12269
4450.0 6150.0 -0.06112
4550.0 6150.0 -0.00120
4650.0 6150.0 0.04952
4750.0 6150.0 0.08500
4850.0 6150.0 0.10180
4950.0 6150.0 0.09996
5050.0 6150.0 0.08391
5150.0 6150.0 0.06089
5250.0 6150.0 0.01617
5350.0 6150.0 -0.06510
5450.0 6150.0 -0.17783
5550.0 6150.0 -0.30537
5650.0 6150.0 -0.42679
5750.0 6150.0 -0.52257
5850.0 6150.0 -0.57852
5950.0 6150.0 -0.58813
6050.0 6150.0 -0.55315
6150.0 6150.0 -0.48254
6250.0 6150.0 -0.38974
6350.0 6150.0 -0.28830
50.0 6250.0 0.04107
150.0 6250.0 -0.04065
250.0 6250.0 -0.11716
350.0 6250.0 -0.18065
450.0 6250.0 -0.22346
550.0 6250.0 -0.24056
650.0 6250.0 -0.23114
750.0 6250.0 -0.19913
850.0 6250.0 -0.15284
950.0 6250.0 -0.10357
1050.0 6250.0 -0.06328
1150.0 6250.0 -0.04127
1250.0 6250.0 -0.03989
1350.0 6250.0 -0.04972
1450.0 6250.0 -0.05813
1550.0 6250.0 -0.06135
1650.0 6250.0 -0.05791
1750.0 6250.0 -0.04785
1850.0 6250.0 -0.03245
1950.0 6250.0 -0.01388
2050.0 6250.0 0.00516
2150.0 6250.0 0.02187
2250.0 6250.0 0.03378
2350.0 6250.0 0.03927
2450.0 6250.0 0.03808
2550.0 6250.0 0.03194
2650.0 6250.0 0.02454
2750.0 6250.0 0.01781
2850.0 6250.0 0.01161
2950.0 6250.0 0.00516
3050.0 6250.0 -0.00252
3150.0 6250.0 -0.01226
3250.0 6250.0 -0.02451
3350.0 6250.0 -0.03923
3450.0 6250.0 -0.05587
3550.0 6250.0 -0.07356
3650.0 6250.0 -0.09131
3750.0 6250.0 -0.10837
3850.0 6250.0 -0.12469
3950.0 6250.0 -0.13794
4050.0 6250.0 -0.14154
4150.0 6250.0 -0.13229
4250.0 6250.0 -0.11053
4350.0 6250.0 -0.07914
4450.0 6250.0 -0.04268
4550.0 6250.0 -0.00646
4650.0 6250.0 0.02425
4750.0 6250.0 0.04508
4850.0 6250.0 0.05332
4950.0 6250.0 0.04869
5050.0 6250.0 0.03402
5150.0 6250.0 0.01408
5250.0 6250.0 -0.02462
5350.0 6250.0 -0.09416
5450.0 6250.0 -0.18871
5550.0 6250.0 -0.29246
5650.0 6250.0 -0.38643
5750.0 6250.0 -0.45360
5850.0 6250.0 -0.48250
5950.0 6250.0 -0.46900
6050.0 6250.0 -0.41663
6150.0 6250.0 -0.33510
6250.0 6250.0 -0.23734
6350.0 6250.0 -0.13473
50.0 6350.0 -0.00582
150.0 6350.0 -0.08703
250.0 6350.0 -0.16076
350.0 6350.0 -0.21823
450.0 6350.0 -0.25170
550.0 6350.0 -0.25682
650.0 6350.0 -0.23386
750.0 6350.0 -0.18812
850.0 6350.0 -0.12930
950.0 6350.0 -0.06987
1050.0 6350.0 -0.02259
1150.0 6350.0 0.00305
1250.0 6350.0 0.00527
1350.0 6350.0 -0.00501
1450.0 6350.0 -0.01482
1550.0 6350.0 -0.02151
1650.0 6350.0 -0.02407
1750.0 6350.0 -0.02237
1850.0 6350.0 -0.01704
1950.0 6350.0 -0.00935
2050.0 6350.0 -0.00094
2150.0 6350.0 0.00638
2250.0 6350.0 0.01096
2350.0 6350.0 0.01160
2450.0 6350.0 0.00802
2550.0 6350.0 0.00121
2650.0 6350.0 -0.00595
2750.0 6350.0 -0.00942
2850.0 6350.0 -0.00729
2950.0 6350.0 0.00011
3050.0 6350.0 0.01103
3150.0 6350.0 0.02302
3250.0 6350.0 0.03350
3350.0 6350.0 0.04023
3450.0 6350.0 0.04165
3550.0 6350.0 0.03713
3650.0 6350.0 0.02701
3750.0 6350.0 0.01264
3850.0 6350.0 -0.00379
3950.0 6350.0 -0.01867
4050.0 6350.0 -0.02780
4150.0 6350.0 -0.02926
4250.0 6350.0 -0.02327
4350.0 6350.0 -0.01154
4450.0 6350.0 0.00321
4550.0 6350.0 0.01781
4650.0 6350.0 0.02912
4750.0 6350.0 0.03453
4850.0 6350.0 0.03244
4950.0 6350.0 0.02266
5050.0 6350.0 0.00691
5150.0 6350.0 -0.01241
5250.0 6350.0 -0.04806
5350.0 6350.0 -0.10969
5450.0 6350.0 -0.19071
5550.0 6350.0 -0.27585
5650.0 6350.0 -0.34762
5750.0 6350.0 -0.39113
5850.0 6350.0 -0.39719
5950.0 6350.0 -0.36387
6050.0 6350.0 -0.29640
6150.0 6350.0 -0.20536
6250.0 6350.0 -0.10337
6350.0 6350.0 0.00000
