50.0 50.0 0.02790
150.0 50.0 -0.63016
250.0 50.0 -1.30934
350.0 50.0 -1.79166
450.0 50.0 -1.86810
550.0 50.0 -1.50926
650.0 50.0 -0.89814
750.0 50.0 -0.32481
850.0 50.0 0.05653
950.0 50.0 0.33945
1050.0 50.0 0.43968
1150.0 50.0 0.33114
1250.0 50.0 0.08946
1350.0 50.0 -0.15304
1450.0 50.0 -0.26130
1550.0 50.0 -0.16049
1650.0 50.0 0.09260
1750.0 50.0 0.31856
1850.0 50.0 0.40752
1950.0 50.0 0.33756
2050.0 50.0 0.15844
2150.0 50.0 -0.03266
2250.0 50.0 -0.13007
2350.0 50.0 -0.07321
2450.0 50.0 0.09067
2550.0 50.0 0.33120
2650.0 50.0 0.64311
2750.0 50.0 0.89531
2850.0 50.0 0.96160
2950.0 50.0 0.80551
3050.0 50.0 0.49623
3150.0 50.0 0.15576
3250.0 50.0 -0.15333
3350.0 50.0 -0.37458
3450.0 50.0 -0.41932
3550.0 50.0 -0.28982
3650.0 50.0 -0.06533
3750.0 50.0 0.13300
3850.0 50.0 0.19195
3950.0 50.0 0.07083
4050.0 50.0 -0.11716
4150.0 50.0 -0.12433
4250.0 50.0 0.10678
4350.0 50.0 0.44608
4450.0 50.0 0.70886
4550.0 50.0 0.75125
4650.0 50.0 0.52644
4750.0 50.0 0.10165
4850.0 50.0 -0.35145
4950.0 50.0 -0.58451
5050.0 50.0 -0.49804
5150.0 50.0 -0.17069
5250.0 50.0 0.21349
5350.0 50.0 0.44564
5450.0 50.0 0.38014
5550.0 50.0 0.02998
5650.0 50.0 -0.36818
5750.0 50.0 -0.57975
5850.0 50.0 -0.52895
5950.0 50.0 -0.26986
6050.0 50.0 0.05363
6150.0 50.0 0.26664
6250.0 50.0 0.24094
6350.0 50.0 -0.00880
50.0 150.0 -0.68199
150.0 150.0 -1.32357
250.0 150.0 -1.95968
350.0 150.0 -2.37137
450.0 150.0 -2.36478
550.0 150.0 -1.93089
650.0 150.0 -1.26924
750.0 150.0 -0.67590
850.0 150.0 -0.29575
950.0 150.0 -0.02227
1050.0 150.0 0.05217
1150.0 150.0 -0.09894
1250.0 150.0 -0.39158
1350.0 150.0 -0.68157
1450.0 150.0 -0.82350
1550.0 150.0 -0.73825
1650.0 150.0 -0.48860
1750.0 150.0 -0.26373
1850.0 150.0 -0.17312
1950.0 150.0 -0.23845
2050.0 150.0 -0.41103
2150.0 150.0 -0.59561
2250.0 150.0 -0.68849
2350.0 150.0 -0.63011
2450.0 150.0 -0.46620
2550.0 150.0 -0.20879
2650.0 150.0 0.15676
2750.0 150.0 0.49475
2850.0 150.0 0.65890
2950.0 150.0 0.58782
3050.0 150.0 0.33111
3150.0 150.0 0.00619
3250.0 150.0 -0.30611
3350.0 150.0 -0.52999
3450.0 150.0 -0.57189
3550.0 150.0 -0.43084
3650.0 150.0 -0.18632
3750.0 150.0 0.03631
3850.0 150.0 0.11747
3950.0 150.0 0.01195
4050.0 150.0 -0.16361
4150.0 150.0 -0.15053
4250.0 150.0 0.11215
4350.0 150.0 0.48985
4450.0 150.0 0.79017
4550.0 150.0 0.86212
4650.0 150.0 0.65522
4750.0 150.0 0.23838
4850.0 150.0 -0.21011
4950.0 150.0 -0.43897
5050.0 150.0 -0.34625
5150.0 150.0 -0.00773
5250.0 150.0 0.39334
5350.0 150.0 0.64620
5450.0 150.0 0.60149
5550.0 150.0 0.26952
5650.0 150.0 -0.11465
5750.0 150.0 -0.33118
5850.0 150.0 -0.31387
5950.0 150.0 -0.11319
6050.0 150.0 0.14134
6150.0 150.0 0.29434
6250.0 150.0 0.23331
6350.0 150.0 -0.02699
50.0 250.0 -1.22068
150.0 250.0 -1.79791
250.0 250.0 -2.35464
350.0 250.0 -2.68897
450.0 250.0 -2.63149
550.0 250.0 -2.18575
650.0 250.0 -1.54489
750.0 250.0 -0.98460
850.0 250.0 -0.63266
950.0 250.0 -0.38618
1050.0 250.0 -0.33991
1150.0 250.0 -0.51697
1250.0 250.0 -0.82999
1350.0 250.0 -1.13393
1450.0 250.0 -1.28568
1550.0 250.0 -1.21006
1650.0 250.0 -0.97188
1750.0 250.0 -0.75558
1850.0 250.0 -0.66365
1950.0 250.0 -0.71595
2050.0 250.0 -0.86724
2150.0 250.0 -1.02929
2250.0 250.0 -1.10623
2350.0 250.0 -1.04311
2450.0 250.0 -0.88187
2550.0 250.0 -0.61840
2650.0 250.0 -0.22956
2750.0 250.0 0.14198
2850.0 250.0 0.33713
2950.0 250.0 0.28325
3050.0 250.0 0.02500
3150.0 250.0 -0.31723
3250.0 250.0 -0.65427
3350.0 250.0 -0.91865
3450.0 250.0 -1.01347
3550.0 250.0 -0.91145
3650.0 250.0 -0.66901
3750.0 250.0 -0.40644
3850.0 250.0 -0.25797
3950.0 250.0 -0.29172
4050.0 250.0 -0.39868
4150.0 250.0 -0.30772
4250.0 250.0 0.04022
4350.0 250.0 0.49801
4450.0 250.0 0.86216
4550.0 250.0 0.97859
4650.0 250.0 0.80259
4750.0 250.0 0.41283
4850.0 250.0 -0.01390
4950.0 250.0 -0.26034
5050.0 250.0 -0.22542
5150.0 250.0 0.04697
5250.0 250.0 0.40986
5350.0 250.0 0.67475
5450.0 250.0 0.69252
5550.0 250.0 0.45377
5650.0 250.0 0.17014
5750.0 250.0 0.04874
5850.0 250.0 0.12605
5950.0 250.0 0.32675
6050.0 250.0 0.52239
6150.0 250.0 0.58732
6250.0 250.0 0.45183
6350.0 250.0 0.15261
50.0 350.0 -1.41407
150.0 350.0 -1.87026
250.0 350.0 -2.30761
350.0 350.0 -2.56334
450.0 350.0 -2.50231
550.0 350.0 -2.12913
650.0 350.0 -1.60090
750.0 350.0 -1.14026
850.0 350.0 -0.84937
950.0 350.0 -0.65018
1050.0 350.0 -0.63158
1150.0 350.0 -0.80872
1250.0 350.0 -1.09799
1350.0 350.0 -1.36860
1450.0 350.0 -1.49657
1550.0 350.0 -1.42128
1650.0 350.0 -1.20398
1750.0 350.0 -1.00607
1850.0 350.0 -0.91638
1950.0 350.0 -0.95107
2050.0 350.0 -1.06994
2150.0 350.0 -1.19628
2250.0 350.0 -1.24765
2350.0 350.0 -1.17755
2450.0 350.0 -1.02228
2550.0 350.0 -0.76451
2650.0 350.0 -0.38487
2750.0 350.0 -0.03609
2850.0 350.0 0.11715
2950.0 350.0 0.00566
3050.0 350.0 -0.31486
3150.0 350.0 -0.71232
3250.0 350.0 -1.09984
3350.0 350.0 -1.45061
3450.0 350.0 -1.66658
3550.0 350.0 -1.66632
3650.0 350.0 -1.45484
3750.0 350.0 -1.13568
3850.0 350.0 -0.86713
3950.0 350.0 -0.76220
4050.0 350.0 -0.73421
4150.0 350.0 -0.50788
4250.0 350.0 -0.03878
4350.0 350.0 0.50761
4450.0 350.0 0.92244
4550.0 350.0 1.06443
4650.0 350.0 0.91370
4750.0 350.0 0.56842
4850.0 350.0 0.18405
4950.0 350.0 -0.10526
5050.0 350.0 -0.20304
5150.0 350.0 -0.08681
5250.0 350.0 0.17457
5350.0 350.0 0.44322
5450.0 350.0 0.57454
5550.0 350.0 0.51913
5650.0 350.0 0.43923
5750.0 350.0 0.52968
5850.0 350.0 0.77249
5950.0 350.0 1.03455
6050.0 350.0 1.17465
6150.0 350.0 1.11126
6250.0 350.0 0.85107
6350.0 350.0 0.47841
50.0 450.0 -1.20958
150.0 450.0 -1.51019
250.0 450.0 -1.80773
350.0 450.0 -1.99298
450.0 450.0 -1.96942
550.0 450.0 -1.73281
650.0 450.0 -1.38291
750.0 450.0 -1.06747
850.0 450.0 -0.85868
950.0 450.0 -0.71845
1050.0 450.0 -0.72295
1150.0 450.0 -0.87618
1250.0 450.0 -1.10445
1350.0 450.0 -1.30297
1450.0 450.0 -1.37963
1550.0 450.0 -1.29602
1650.0 450.0 -1.10516
1750.0 450.0 -0.93293
1850.0 450.0 -0.85185
1950.0 450.0 -0.87316
2050.0 450.0 -0.96115
2150.0 450.0 -1.05136
2250.0 450.0 -1.07646
2350.0 450.0 -1.00004
2450.0 450.0 -0.85292
2550.0 450.0 -0.60656
2650.0 450.0 -0.25139
2750.0 450.0 0.04756
2850.0 450.0 0.12276
2950.0 450.0 -0.08476
3050.0 450.0 -0.50010
3150.0 450.0 -0.97458
3250.0 450.0 -1.42861
3350.0 450.0 -1.89508
3450.0 450.0 -2.27660
3550.0 450.0 -2.42009
3650.0 450.0 -2.26071
3750.0 450.0 -1.87725
3850.0 450.0 -1.45731
3950.0 450.0 -1.17242
4050.0 450.0 -0.96932
4150.0 450.0 -0.58670
4250.0 450.0 -0.01102
4350.0 450.0 0.57546
4450.0 450.0 0.97475
4550.0 450.0 1.08261
4650.0 450.0 0.92608
4750.0 450.0 0.62896
4850.0 450.0 0.29989
4950.0 450.0 -0.04702
5050.0 450.0 -0.32187
5150.0 450.0 -0.41468
5250.0 450.0 -0.29093
5350.0 450.0 -0.02093
5450.0 450.0 0.25730
5550.0 450.0 0.44180
5650.0 450.0 0.62942
5750.0 450.0 1.00047
5850.0 450.0 1.46621
5950.0 450.0 1.81668
6050.0 450.0 1.89198
6150.0 450.0 1.66648
6250.0 450.0 1.24593
6350.0 450.0 0.77750
50.0 550.0 -0.72756
150.0 550.0 -0.87494
250.0 550.0 -1.04050
350.0 550.0 -1.16909
450.0 550.0 -1.20003
550.0 550.0 -1.11602
650.0 550.0 -0.95580
750.0 550.0 -0.79053
850.0 550.0 -0.66412
950.0 550.0 -0.58096
1050.0 550.0 -0.60187
1150.0 550.0 -0.71952
1250.0 550.0 -0.87246
1350.0 550.0 -0.98536
1450.0 550.0 -1.00113
1550.0 550.0 -0.90492
1650.0 550.0 -0.73990
1750.0 550.0 -0.59493
1850.0 550.0 -0.52886
1950.0 550.0 -0.54790
2050.0 550.0 -0.61846
2150.0 550.0 -0.68492
2250.0 550.0 -0.69215
2350.0 550.0 -0.61269
2450.0 550.0 -0.47382
2550.0 550.0 -0.23617
2650.0 550.0 0.10295
2750.0 550.0 0.36570
2850.0 550.0 0.37879
2950.0 550.0 0.08953
3050.0 550.0 -0.41120
3150.0 550.0 -0.95909
3250.0 550.0 -1.47907
3350.0 550.0 -2.06145
3450.0 550.0 -2.61011
3550.0 550.0 -2.90056
3650.0 550.0 -2.79764
3750.0 550.0 -2.35434
3850.0 550.0 -1.78652
3950.0 550.0 -1.32369
4050.0 550.0 -0.94859
4150.0 550.0 -0.43410
4250.0 550.0 0.18998
4350.0 550.0 0.73258
4450.0 550.0 1.02620
4550.0 550.0 1.02576
4650.0 550.0 0.82066
4750.0 550.0 0.56021
4850.0 550.0 0.28617
4950.0 550.0 -0.11622
5050.0 550.0 -0.56308
5150.0 550.0 -0.85814
5250.0 550.0 -0.86546
5350.0 550.0 -0.58971
5450.0 550.0 -0.16321
5550.0 550.0 0.26004
5650.0 550.0 0.71230
5750.0 550.0 1.35542
5850.0 550.0 2.02902
5950.0 550.0 2.44925
6050.0 550.0 2.44206
6150.0 550.0 2.04175
6250.0 550.0 1.45499
6350.0 550.0 0.89028
50.0 650.0 -0.22403
150.0 650.0 -0.25636
250.0 650.0 -0.32226
350.0 650.0 -0.40702
450.0 650.0 -0.47710
550.0 650.0 -0.50585
650.0 650.0 -0.48663
750.0 650.0 -0.43338
850.0 650.0 -0.36866
950.0 650.0 -0.32798
1050.0 650.0 -0.35979
1150.0 650.0 -0.44819
1250.0 650.0 -0.54145
1350.0 650.0 -0.58712
1450.0 650.0 -0.55507
1550.0 650.0 -0.44848
1650.0 650.0 -0.30276
1750.0 650.0 -0.18018
1850.0 650.0 -0.13241
1950.0 650.0 -0.16179
2050.0 650.0 -0.23371
2150.0 650.0 -0.29562
2250.0 650.0 -0.29842
2350.0 650.0 -0.22021
2450.0 650.0 -0.08757
2550.0 650.0 0.15122
2650.0 650.0 0.50234
2750.0 650.0 0.77668
2850.0 650.0 0.78798
2950.0 650.0 0.47715
3050.0 650.0 -0.06203
3150.0 650.0 -0.65600
3250.0 650.0 -1.22506
3350.0 650.0 -1.89424
3450.0 650.0 -2.56797
3550.0 650.0 -2.96816
3650.0 650.0 -2.90706
3750.0 650.0 -2.41844
3850.0 650.0 -1.73945
3950.0 650.0 -1.14307
4050.0 650.0 -0.64102
4150.0 650.0 -0.05257
4250.0 650.0 0.54636
4350.0 650.0 0.96651
4450.0 650.0 1.08438
4550.0 650.0 0.92311
4650.0 650.0 0.63579
4750.0 650.0 0.39088
4850.0 650.0 0.15850
4950.0 650.0 -0.28141
5050.0 650.0 -0.84809
5150.0 650.0 -1.28207
5250.0 650.0 -1.37441
5350.0 650.0 -1.08380
5450.0 650.0 -0.54041
5550.0 650.0 0.06314
5650.0 650.0 0.71173
5750.0 650.0 1.54509
5850.0 650.0 2.34615
5950.0 650.0 2.78081
6050.0 650.0 2.67358
6150.0 650.0 2.11304
6250.0 650.0 1.38702
6350.0 650.0 0.74758
50.0 750.0 0.03533
150.0 750.0 0.06048
250.0 750.0 0.05137
350.0 750.0 0.00415
450.0 750.0 -0.06394
550.0 750.0 -0.12683
650.0 750.0 -0.16085
750.0 750.0 -0.15480
850.0 750.0 -0.11904
950.0 750.0 -0.09984
1050.0 750.0 -0.14059
1150.0 750.0 -0.22139
1250.0 750.0 -0.29387
1350.0 750.0 -0.31468
1450.0 750.0 -0.26494
1550.0 750.0 -0.15572
1650.0 750.0 -0.01966
1750.0 750.0 0.08980
1850.0 750.0 0.12048
1950.0 750.0 0.07212
2050.0 750.0 -0.01721
2150.0 750.0 -0.09229
2250.0 750.0 -0.10334
2350.0 750.0 -0.02983
2450.0 750.0 0.09985
2550.0 750.0 0.35252
2650.0 750.0 0.75121
2750.0 750.0 1.09850
2850.0 750.0 1.18675
2950.0 750.0 0.93445
3050.0 750.0 0.42103
3150.0 750.0 -0.17978
3250.0 750.0 -0.77194
3350.0 750.0 -1.48209
3450.0 750.0 -2.21320
3550.0 750.0 -2.66154
3650.0 750.0 -2.61494
3750.0 750.0 -2.09930
3850.0 750.0 -1.36322
3950.0 750.0 -0.70099
4050.0 750.0 -0.13950
4150.0 750.0 0.45647
4250.0 750.0 0.97308
4350.0 750.0 1.23161
4450.0 750.0 1.15395
4550.0 750.0 0.82371
4650.0 750.0 0.44418
4750.0 750.0 0.19321
4850.0 750.0 -0.01823
4950.0 750.0 -0.46957
5050.0 750.0 -1.07929
5150.0 750.0 -1.55962
5250.0 750.0 -1.67122
5350.0 750.0 -1.35585
5450.0 750.0 -0.74618
5550.0 750.0 -0.05294
5650.0 750.0 0.68768
5750.0 750.0 1.59137
5850.0 750.0 2.40882
5950.0 750.0 2.78971
6050.0 750.0 2.57265
6150.0 750.0 1.88753
6250.0 750.0 1.07036
6350.0 750.0 0.39056
50.0 850.0 -0.01022
150.0 850.0 0.02684
250.0 850.0 0.04296
350.0 850.0 0.03359
450.0 850.0 0.00732
550.0 850.0 -0.02005
650.0 850.0 -0.03208
750.0 850.0 -0.01898
850.0 850.0 0.01434
950.0 850.0 0.02825
1050.0 850.0 -0.02246
1150.0 850.0 -0.11767
1250.0 850.0 -0.20634
1350.0 850.0 -0.24174
1450.0 850.0 -0.20233
1550.0 850.0 -0.09838
1650.0 850.0 0.03556
1750.0 850.0 0.13998
1850.0 850.0 0.15705
1950.0 850.0 0.08701
2050.0 850.0 -0.02748
2150.0 850.0 -0.12523
2250.0 850.0 -0.15153
2350.0 850.0 -0.08425
2450.0 850.0 0.04516
2550.0 850.0 0.32094
2650.0 850.0 0.79265
2750.0 850.0 1.25708
2850.0 850.0 1.47966
2950.0 850.0 1.34498
3050.0 850.0 0.90548
3150.0 850.0 0.32813
3250.0 850.0 -0.26638
3350.0 850.0 -0.98042
3450.0 850.0 -1.71371
3550.0 850.0 -2.15924
3650.0 850.0 -2.10345
3750.0 850.0 -1.57385
3850.0 850.0 -0.82297
3950.0 850.0 -0.14872
4050.0 850.0 0.41893
4150.0 850.0 0.97831
4250.0 850.0 1.38913
4350.0 850.0 1.48710
4450.0 850.0 1.23308
4550.0 850.0 0.75619
4650.0 850.0 0.29305
4750.0 850.0 0.02306
4850.0 850.0 -0.18405
4950.0 850.0 -0.62661
5050.0 850.0 -1.21939
5150.0 850.0 -1.67404
5250.0 850.0 -1.75440
5350.0 850.0 -1.40803
5450.0 850.0 -0.77345
5550.0 850.0 -0.06317
5650.0 850.0 0.68643
5750.0 850.0 1.56701
5850.0 850.0 2.31708
5950.0 850.0 2.59643
6050.0 850.0 2.26850
6150.0 850.0 1.49248
6250.0 850.0 0.62525
6350.0 850.0 -0.06697
50.0 950.0 -0.02808
150.0 950.0 0.00230
250.0 950.0 0.03146
350.0 950.0 0.05879
450.0 950.0 0.08446
550.0 950.0 0.10939
650.0 950.0 0.13483
750.0 950.0 0.16183
850.0 950.0 0.19029
950.0 950.0 0.19373
1050.0 950.0 0.12604
1150.0 950.0 0.01021
1250.0 950.0 -0.09685
1350.0 950.0 -0.14371
1450.0 950.0 -0.10745
1550.0 950.0 -0.00043
1650.0 950.0 0.13887
1750.0 950.0 0.23977
1850.0 950.0 0.22793
1950.0 950.0 0.10205
2050.0 950.0 -0.08401
2150.0 950.0 -0.25121
2250.0 950.0 -0.32747
2350.0 950.0 -0.28241
2450.0 950.0 -0.15685
2550.0 950.0 0.14101
2650.0 950.0 0.69294
2750.0 950.0 1.29688
2850.0 950.0 1.69246
2950.0 950.0 1.72404
3050.0 950.0 1.40567
3150.0 950.0 0.88806
3250.0 950.0 0.31915
3350.0 950.0 -0.37309
3450.0 950.0 -1.09411
3550.0 950.0 -1.54352
3650.0 950.0 -1.50797
3750.0 950.0 -1.00753
3850.0 950.0 -0.28279
3950.0 950.0 0.37715
4050.0 950.0 0.93467
4150.0 950.0 1.45074
4250.0 950.0 1.76697
4350.0 950.0 1.73364
4450.0 950.0 1.34291
4550.0 950.0 0.75705
4650.0 950.0 0.23409
4750.0 950.0 -0.04894
4850.0 950.0 -0.25203
4950.0 950.0 -0.68265
5050.0 950.0 -1.25478
5150.0 950.0 -1.68566
5250.0 950.0 -1.74620
5350.0 950.0 -1.38901
5450.0 950.0 -0.75375
5550.0 950.0 -0.04974
5650.0 950.0 0.68423
5750.0 950.0 1.50798
5850.0 950.0 2.15295
5950.0 950.0 2.30013
6050.0 950.0 1.84580
6150.0 950.0 0.97912
6250.0 950.0 0.07160
6350.0 950.0 -0.62164
50.0 1050.0 0.23516
150.0 1050.0 0.22107
250.0 1050.0 0.23783
350.0 1050.0 0.29331
450.0 1050.0 0.37593
550.0 1050.0 0.46249
650.0 1050.0 0.52771
750.0 1050.0 0.55560
850.0 1050.0 0.55243
950.0 1050.0 0.51577
1050.0 1050.0 0.40637
1150.0 1050.0 0.26233
1250.0 1050.0 0.15387
1350.0 1050.0 0.13354
1450.0 1050.0 0.21177
1550.0 1050.0 0.35768
1650.0 1050.0 0.52460
1750.0 1050.0 0.62742
1850.0 1050.0 0.54784
1950.0 1050.0 0.27630
2050.0 1050.0 -0.10585
2150.0 1050.0 -0.47031
2250.0 1050.0 -0.69384
2350.0 1050.0 -0.71857
2450.0 1050.0 -0.61123
2550.0 1050.0 -0.30975
2650.0 1050.0 0.30488
2750.0 1050.0 1.05704
2850.0 1050.0 1.67820
2950.0 1050.0 1.96939
3050.0 1050.0 1.88348
3150.0 1050.0 1.52750
3250.0 1050.0 1.07195
3350.0 1050.0 0.47430
3450.0 1050.0 -0.20786
3550.0 1050.0 -0.70284
3650.0 1050.0 -0.79196
3750.0 1050.0 -0.45311
3850.0 1050.0 0.13426
3950.0 1050.0 0.72291
4050.0 1050.0 1.24631
4150.0 1050.0 1.72046
4250.0 1050.0 1.98968
4350.0 1050.0 1.91801
4450.0 1050.0 1.50843
4550.0 1050.0 0.92451
4650.0 1050.0 0.41603
4750.0 1050.0 0.14870
4850.0 1050.0 -0.04006
4950.0 1050.0 -0.45687
5050.0 1050.0 -1.02636
5150.0 1050.0 -1.47663
5250.0 1050.0 -1.58026
5350.0 1050.0 -1.28010
5450.0 1050.0 -0.69949
5550.0 1050.0 -0.03704
5650.0 1050.0 0.64872
5750.0 1050.0 1.36578
5850.0 1050.0 1.84596
5950.0 1050.0 1.81038
6050.0 1050.0 1.20312
6150.0 1050.0 0.24653
6250.0 1050.0 -0.68195
6350.0 1050.0 -1.35142
50.0 1150.0 0.68110
150.0 1150.0 0.58100
250.0 1150.0 0.55546
350.0 1150.0 0.62548
450.0 1150.0 0.76491
550.0 1150.0 0.91777
650.0 1150.0 1.02123
750.0 1150.0 1.03390
850.0 1150.0 0.96969
950.0 1150.0 0.86031
1050.0 1150.0 0.68079
1150.0 1150.0 0.49749
1250.0 1150.0 0.40271
1350.0 1150.0 0.44706
1450.0 1150.0 0.61406
1550.0 1150.0 0.83684
1650.0 1150.0 1.05564
1750.0 1150.0 1.17712
1850.0 1150.0 1.02707
1950.0 1150.0 0.57956
2050.0 1150.0 -0.05330
2150.0 1150.0 -0.67986
2250.0 1150.0 -1.10628
2350.0 1150.0 -1.23282
2450.0 1150.0 -1.15839
2550.0 1150.0 -0.89087
2650.0 1150.0 -0.28742
2750.0 1150.0 0.53409
2850.0 1150.0 1.33595
2950.0 1150.0 1.89780
3050.0 1150.0 2.10719
3150.0 1150.0 2.00333
3250.0 1150.0 1.75621
3350.0 1150.0 1.34042
3450.0 1150.0 0.74824
3550.0 1150.0 0.19618
3650.0 1150.0 -0.09346
3750.0 1150.0 -0.02802
3850.0 1150.0 0.32064
3950.0 1150.0 0.78203
4050.0 1150.0 1.24525
4150.0 1150.0 1.67836
4250.0 1150.0 1.95080
4350.0 1150.0 1.93968
4450.0 1150.0 1.63707
4550.0 1150.0 1.17382
4650.0 1150.0 0.75954
4750.0 1150.0 0.53887
4850.0 1150.0 0.37650
4950.0 1150.0 -0.01746
5050.0 1150.0 -0.58818
5150.0 1150.0 -1.08293
5250.0 1150.0 -1.27535
5350.0 1150.0 -1.08796
5450.0 1150.0 -0.61249
5550.0 1150.0 -0.02793
5650.0 1150.0 0.57765
5750.0 1150.0 1.15632
5850.0 1150.0 1.45319
5950.0 1150.0 1.24169
6050.0 1150.0 0.51498
6150.0 1150.0 -0.48313
6250.0 1150.0 -1.38764
6350.0 1150.0 -2.00223
50.0 1250.0 1.07164
150.0 1250.0 0.86160
250.0 1250.0 0.77406
350.0 1250.0 0.84542
450.0 1250.0 1.03440
550.0 1250.0 1.24918
650.0 1250.0 1.38477
750.0 1250.0 1.37066
850.0 1250.0 1.22847
950.0 1250.0 1.02756
1050.0 1250.0 0.75995
1150.0 1250.0 0.52766
1250.0 1250.0 0.45067
1350.0 1250.0 0.57701
1450.0 1250.0 0.85621
1550.0 1250.0 1.17599
1650.0 1250.0 1.46035
1750.0 1250.0 1.62384
1850.0 1250.0 1.45254
1950.0 1250.0 0.89863
2050.0 1250.0 0.08820
2150.0 1250.0 -0.74158
2250.0 1250.0 -1.33764
2350.0 1250.0 -1.55862
2450.0 1250.0 -1.52417
2550.0 1250.0 -1.33427
2650.0 1250.0 -0.85399
2750.0 1250.0 -0.12100
2850.0 1250.0 0.70507
2950.0 1250.0 1.42751
3050.0 1250.0 1.89270
3150.0 1250.0 2.06571
3250.0 1250.0 2.07997
3350.0 1250.0 1.90559
3450.0 1250.0 1.46064
3550.0 1250.0 0.88853
3650.0 1250.0 0.40418
3750.0 1250.0 0.17473
3850.0 1250.0 0.25294
3950.0 1250.0 0.56325
4050.0 1250.0 0.95173
4150.0 1250.0 1.34346
4250.0 1250.0 1.64542
4350.0 1250.0 1.74764
4450.0 1250.0 1.61974
4550.0 1250.0 1.34145
4650.0 1250.0 1.06480
4750.0 1250.0 0.90785
4850.0 1250.0 0.77971
4950.0 1250.0 0.42273
5050.0 1250.0 -0.13122
5150.0 1250.0 -0.65648
5250.0 1250.0 -0.93415
5350.0 1250.0 -0.86772
5450.0 1250.0 -0.51331
5550.0 1250.0 -0.02440
5650.0 1250.0 0.48747
5750.0 1250.0 0.93888
5850.0 1250.0 1.10162
5950.0 1250.0 0.79760
6050.0 1250.0 0.05038
6150.0 1250.0 -0.90090
6250.0 1250.0 -1.72544
6350.0 1250.0 -2.26234
50.0 1350.0 1.19894
150.0 1350.0 0.88270
250.0 1350.0 0.73207
350.0 1350.0 0.79777
450.0 1350.0 1.02532
550.0 1350.0 1.29066
650.0 1350.0 1.45054
750.0 1350.0 1.40762
850.0 1350.0 1.19012
950.0 1350.0 0.90058
1050.0 1350.0 0.54501
1150.0 1350.0 0.25953
1250.0 1350.0 0.19193
1350.0 1350.0 0.38967
1450.0 1350.0 0.77141
1550.0 1350.0 1.18203
1650.0 1350.0 1.52932
1750.0 1350.0 1.75436
1850.0 1350.0 1.64007
1950.0 1350.0 1.11616
2050.0 1350.0 0.29375
2150.0 1350.0 -0.58558
2250.0 1350.0 -1.24597
2350.0 1350.0 -1.51884
2450.0 1350.0 -1.52090
2550.0 1350.0 -1.43898
2650.0 1350.0 -1.18184
2750.0 1350.0 -0.70294
2850.0 1350.0 -0.04917
2950.0 1350.0 0.65398
3050.0 1350.0 1.25305
3150.0 1350.0 1.65269
3250.0 1350.0 1.91695
3350.0 1350.0 1.99027
3450.0 1350.0 1.73065
3550.0 1350.0 1.20658
3650.0 1350.0 0.61042
3750.0 1350.0 0.16217
3850.0 1350.0 0.01997
3950.0 1350.0 0.19727
4050.0 1350.0 0.51401
4150.0 1350.0 0.86301
4250.0 1350.0 1.18587
4350.0 1350.0 1.38607
4450.0 1350.0 1.41420
4550.0 1350.0 1.30383
4650.0 1350.0 1.15375
4750.0 1350.0 1.05651
4850.0 1350.0 0.96289
4950.0 1350.0 0.65575
5050.0 1350.0 0.15002
5150.0 1350.0 -0.35984
5250.0 1350.0 -0.67278
5350.0 1350.0 -0.68550
5450.0 1350.0 -0.42735
5550.0 1350.0 -0.02595
5650.0 1350.0 0.40260
5750.0 1350.0 0.77475
5850.0 1350.0 0.89701
5950.0 1350.0 0.62183
6050.0 1350.0 -0.02657
6150.0 1350.0 -0.84251
6250.0 1350.0 -1.54491
6350.0 1350.0 -1.99944
50.0 1450.0 0.98083
150.0 1450.0 0.58839
250.0 1450.0 0.39301
350.0 1450.0 0.45575
450.0 1450.0 0.71245
550.0 1450.0 1.01554
650.0 1450.0 1.19392
750.0 1450.0 1.13079
850.0 1450.0 0.85926
950.0 1450.0 0.50458
1050.0 1450.0 0.07949
1150.0 1450.0 -0.25572
1250.0 1450.0 -0.33091
1350.0 1450.0 -0.09548
1450.0 1450.0 0.35025
1550.0 1450.0 0.82195
1650.0 1450.0 1.21427
1750.0 1450.0 1.50698
1850.0 1450.0 1.51914
1950.0 1450.0 1.16276
2050.0 1450.0 0.50680
2150.0 1450.0 -0.24738
2250.0 1450.0 -0.84517
2350.0 1450.0 -1.11252
2450.0 1450.0 -1.13862
2550.0 1450.0 -1.16675
2650.0 1450.0 -1.17163
2750.0 1450.0 -1.03924
2850.0 1450.0 -0.69888
2950.0 1450.0 -0.17770
3050.0 1450.0 0.40926
3150.0 1450.0 0.93379
3250.0 1450.0 1.37698
3350.0 1450.0 1.64723
3450.0 1450.0 1.57296
3550.0 1450.0 1.16324
3650.0 1450.0 0.57585
3750.0 1450.0 0.04664
3850.0 1450.0 -0.20739
3950.0 1450.0 -0.11141
4050.0 1450.0 0.15298
4150.0 1450.0 0.45751
4250.0 1450.0 0.76146
4350.0 1450.0 0.98263
4450.0 1450.0 1.06959
4550.0 1450.0 1.03592
4650.0 1450.0 0.95150
4750.0 1450.0 0.89058
4850.0 1450.0 0.82394
4950.0 1450.0 0.57195
5050.0 1450.0 0.14413
5150.0 1450.0 -0.29444
5250.0 1450.0 -0.56999
5350.0 1450.0 -0.58977
5450.0 1450.0 -0.37392
5550.0 1450.0 -0.02961
5650.0 1450.0 0.34522
5750.0 1450.0 0.70008
5850.0 1450.0 0.87476
5950.0 1450.0 0.72902
6050.0 1450.0 0.26108
6150.0 1450.0 -0.37410
6250.0 1450.0 -0.94681
6350.0 1450.0 -1.33497
50.0 1550.0 0.48190
150.0 1550.0 0.05631
250.0 1550.0 -0.15423
350.0 1550.0 -0.08340
450.0 1550.0 0.19851
550.0 1550.0 0.53045
650.0 1550.0 0.72597
750.0 1550.0 0.65804
850.0 1550.0 0.36295
950.0 1550.0 -0.02309
1050.0 1550.0 -0.48915
1150.0 1550.0 -0.86459
1250.0 1550.0 -0.96559
1350.0 1550.0 -0.73465
1450.0 1550.0 -0.27544
1550.0 1550.0 0.21697
1650.0 1550.0 0.62901
1750.0 1550.0 0.97985
1850.0 1550.0 1.15022
1950.0 1550.0 1.04234
2050.0 1550.0 0.66900
2150.0 1550.0 0.16197
2250.0 1550.0 -0.27838
2350.0 1550.0 -0.49233
2450.0 1550.0 -0.52645
2550.0 1550.0 -0.63821
2650.0 1550.0 -0.86809
2750.0 1550.0 -1.06455
2850.0 1550.0 -1.06544
2950.0 1550.0 -0.80402
3050.0 1550.0 -0.33739
3150.0 1550.0 0.20265
3250.0 1550.0 0.72525
3350.0 1550.0 1.10724
3450.0 1550.0 1.18118
3550.0 1550.0 0.92260
3650.0 1550.0 0.45079
3750.0 1550.0 -0.01905
3850.0 1550.0 -0.26473
3950.0 1550.0 -0.18724
4050.0 1550.0 0.05204
4150.0 1550.0 0.31072
4250.0 1550.0 0.54219
4350.0 1550.0 0.67947
4450.0 1550.0 0.69216
4550.0 1550.0 0.60984
4650.0 1550.0 0.50703
4750.0 1550.0 0.44989
4850.0 1550.0 0.39826
4950.0 1550.0 0.19710
5050.0 1550.0 -0.13726
5150.0 1550.0 -0.46235
5250.0 1550.0 -0.63615
5350.0 1550.0 -0.59158
5450.0 1550.0 -0.35822
5550.0 1550.0 -0.03156
5650.0 1550.0 0.32547
5750.0 1550.0 0.71261
5850.0 1550.0 0.99303
5950.0 1550.0 1.01486
6050.0 1550.0 0.73805
6150.0 1550.0 0.26794
6250.0 1550.0 -0.20452
6350.0 1550.0 -0.55573
50.0 1650.0 -0.14091
150.0 1650.0 -0.56850
250.0 1650.0 -0.77143
350.0 1650.0 -0.68153
450.0 1650.0 -0.37330
550.0 1650.0 -0.01505
650.0 1650.0 0.19944
750.0 1650.0 0.13901
850.0 1650.0 -0.15763
950.0 1650.0 -0.55071
1050.0 1650.0 -1.03648
1150.0 1650.0 -1.44384
1250.0 1650.0 -1.58183
1350.0 1650.0 -1.38377
1450.0 1650.0 -0.94600
1550.0 1650.0 -0.46126
1650.0 1650.0 -0.04768
1750.0 1650.0 0.34761
1850.0 1650.0 0.67416
1950.0 1650.0 0.83048
2050.0 1650.0 0.77224
2150.0 1650.0 0.55312
2250.0 1650.0 0.30649
2350.0 1650.0 0.16772
2450.0 1650.0 0.13635
2550.0 1650.0 -0.02924
2650.0 1650.0 -0.42329
2750.0 1650.0 -0.88047
2850.0 1650.0 -1.17835
2950.0 1650.0 -1.17539
3050.0 1650.0 -0.86986
3150.0 1650.0 -0.37971
3250.0 1650.0 0.15134
3350.0 1650.0 0.57903
3450.0 1650.0 0.76061
3550.0 1650.0 0.65799
3650.0 1650.0 0.35411
3750.0 1650.0 0.02336
3850.0 1650.0 -0.14077
3950.0 1650.0 -0.04089
4050.0 1650.0 0.19249
4150.0 1650.0 0.40460
4250.0 1650.0 0.52635
4350.0 1650.0 0.50647
4450.0 1650.0 0.35174
4550.0 1650.0 0.13288
4650.0 1650.0 -0.04732
4750.0 1650.0 -0.12362
4850.0 1650.0 -0.16926
4950.0 1650.0 -0.32701
5050.0 1650.0 -0.56665
5150.0 1650.0 -0.76188
5250.0 1650.0 -0.80236
5350.0 1650.0 -0.65389
5450.0 1650.0 -0.36653
5550.0 1650.0 -0.03077
5650.0 1650.0 0.33183
5750.0 1650.0 0.77231
5850.0 1650.0 1.16712
5950.0 1650.0 1.34468
6050.0 1650.0 1.22741
6150.0 1650.0 0.88135
6250.0 1650.0 0.47332
6350.0 1650.0 0.13563
50.0 1750.0 -0.85164
150.0 1750.0 -1.25536
250.0 1750.0 -1.41352
350.0 1750.0 -1.25800
450.0 1750.0 -0.87595
550.0 1750.0 -0.45174
650.0 1750.0 -0.19145
750.0 1750.0 -0.22986
850.0 1750.0 -0.52036
950.0 1750.0 -0.91542
1050.0 1750.0 -1.42466
1150.0 1750.0 -1.88250
1250.0 1750.0 -2.09114
1350.0 1750.0 -1.96832
1450.0 1750.0 -1.59232
1550.0 1750.0 -1.14397
1650.0 1750.0 -0.74630
1750.0 1750.0 -0.31715
1850.0 1750.0 0.17008
1950.0 1750.0 0.61131
2050.0 1750.0 0.89855
2150.0 1750.0 0.99676
2250.0 1750.0 0.96185
2350.0 1750.0 0.89968
2450.0 1750.0 0.86215
2550.0 1750.0 0.64351
2650.0 1750.0 0.10508
2750.0 1750.0 -0.58241
2850.0 1750.0 -1.15096
2950.0 1750.0 -1.39651
3050.0 1750.0 -1.26337
3150.0 1750.0 -0.85155
3250.0 1750.0 -0.34705
3350.0 1750.0 0.09243
3450.0 1750.0 0.35236
3550.0 1750.0 0.38343
3650.0 1750.0 0.23173
3750.0 1750.0 0.02736
3850.0 1750.0 -0.06992
3950.0 1750.0 0.03218
4050.0 1750.0 0.23663
4150.0 1750.0 0.38446
4250.0 1750.0 0.39271
4350.0 1750.0 0.23013
4450.0 1750.0 -0.06265
4550.0 1750.0 -0.38407
4650.0 1750.0 -0.61590
4750.0 1750.0 -0.70060
4850.0 1750.0 -0.73601
4950.0 1750.0 -0.84623
5050.0 1750.0 -0.98899
5150.0 1750.0 -1.05616
5250.0 1750.0 -0.96940
5350.0 1750.0 -0.72565
5450.0 1750.0 -0.39254
5550.0 1750.0 -0.05359
5650.0 1750.0 0.30631
5750.0 1750.0 0.77675
5850.0 1750.0 1.25014
5950.0 1750.0 1.54802
6050.0 1750.0 1.56793
6150.0 1750.0 1.34289
6250.0 1750.0 1.01346
6350.0 1750.0 0.71230
50.0 1850.0 -1.62228
150.0 1850.0 -1.94310
250.0 1850.0 -1.97622
350.0 1850.0 -1.65989
450.0 1850.0 -1.11247
550.0 1850.0 -0.55104
650.0 1850.0 -0.20085
750.0 1850.0 -0.19549
850.0 1850.0 -0.46824
950.0 1850.0 -0.85651
1050.0 1850.0 -1.39278
1150.0 1850.0 -1.92979
1250.0 1850.0 -2.26684
1350.0 1850.0 -2.29715
1450.0 1850.0 -2.06192
1550.0 1850.0 -1.71131
1650.0 1850.0 -1.37164
1750.0 1850.0 -0.94130
1850.0 1850.0 -0.30698
1950.0 1850.0 0.42593
2050.0 1850.0 1.07752
2150.0 1850.0 1.51063
2250.0 1850.0 1.69053
2350.0 1850.0 1.68719
2450.0 1850.0 1.61320
2550.0 1850.0 1.33844
2650.0 1850.0 0.70788
2750.0 1850.0 -0.11876
2850.0 1850.0 -0.86483
2950.0 1850.0 -1.30037
3050.0 1850.0 -1.33687
3150.0 1850.0 -1.05324
3250.0 1850.0 -0.64829
3350.0 1850.0 -0.26747
3450.0 1850.0 0.00683
3550.0 1850.0 0.11287
3650.0 1850.0 0.05633
3750.0 1850.0 -0.08131
3850.0 1850.0 -0.17723
3950.0 1850.0 -0.14468
4050.0 1850.0 -0.04195
4150.0 1850.0 -0.00672
4250.0 1850.0 -0.10385
4350.0 1850.0 -0.33313
4450.0 1850.0 -0.63728
4550.0 1850.0 -0.92481
4650.0 1850.0 -1.10880
4750.0 1850.0 -1.16161
4850.0 1850.0 -1.17177
4950.0 1850.0 -1.22406
5050.0 1850.0 -1.27363
5150.0 1850.0 -1.23707
5250.0 1850.0 -1.06590
5350.0 1850.0 -0.77718
5450.0 1850.0 -0.44139
5550.0 1850.0 -0.12747
5650.0 1850.0 0.19703
5750.0 1850.0 0.62055
5850.0 1850.0 1.06244
5950.0 1850.0 1.37790
6050.0 1850.0 1.47692
6150.0 1850.0 1.37501
6250.0 1850.0 1.17576
6350.0 1850.0 0.98524
50.0 1950.0 -2.16804
150.0 1950.0 -2.35258
250.0 1950.0 -2.21078
350.0 1950.0 -1.69758
450.0 1950.0 -0.96975
550.0 1950.0 -0.27504
650.0 1950.0 0.15345
750.0 1950.0 0.19789
850.0 1950.0 -0.04928
950.0 1950.0 -0.41577
1050.0 1950.0 -0.95548
1150.0 1950.0 -1.55087
1250.0 1950.0 -2.01246
1350.0 1950.0 -2.21515
1450.0 1950.0 -2.15811
1550.0 1950.0 -1.94846
1650.0 1950.0 -1.70709
1750.0 1950.0 -1.32384
1850.0 1950.0 -0.61325
1950.0 1950.0 0.32038
2050.0 1950.0 1.23799
2150.0 1950.0 1.91593
2250.0 1950.0 2.24090
2350.0 1950.0 2.24998
2450.0 1950.0 2.10763
2550.0 1950.0 1.78809
2650.0 1950.0 1.16269
2750.0 1950.0 0.36071
2850.0 1950.0 -0.38575
2950.0 1950.0 -0.87822
3050.0 1950.0 -1.03356
3150.0 1950.0 -0.91103
3250.0 1950.0 -0.67773
3350.0 1950.0 -0.42484
3450.0 1950.0 -0.19709
3550.0 1950.0 -0.07012
3650.0 1950.0 -0.08337
3750.0 1950.0 -0.20952
3850.0 1950.0 -0.36684
3950.0 1950.0 -0.47468
4050.0 1950.0 -0.54600
4150.0 1950.0 -0.66792
4250.0 1950.0 -0.85316
4350.0 1950.0 -1.05993
4450.0 1950.0 -1.23463
4550.0 1950.0 -1.34017
4650.0 1950.0 -1.37021
4750.0 1950.0 -1.34913
4850.0 1950.0 -1.32006
4950.0 1950.0 -1.31306
5050.0 1950.0 -1.29332
5150.0 1950.0 -1.20542
5250.0 1950.0 -1.02185
5350.0 1950.0 -0.76161
5450.0 1950.0 -0.47869
5550.0 1950.0 -0.22066
5650.0 1950.0 0.03439
5750.0 1950.0 0.32529
5850.0 1950.0 0.60735
5950.0 1950.0 0.81327
6050.0 1950.0 0.90871
6150.0 1950.0 0.91315
6250.0 1950.0 0.88611
6350.0 1950.0 0.87858
50.0 2050.0 -2.23602
150.0 2050.0 -2.26474
250.0 2050.0 -1.96187
350.0 2050.0 -1.30940
450.0 2050.0 -0.49160
550.0 2050.0 0.23808
650.0 2050.0 0.66772
750.0 2050.0 0.71500
850.0 2050.0 0.49249
950.0 2050.0 0.16325
1050.0 2050.0 -0.33320
1150.0 2050.0 -0.91317
1250.0 2050.0 -1.41842
1350.0 2050.0 -1.72809
1450.0 2050.0 -1.81475
1550.0 2050.0 -1.74454
1650.0 2050.0 -1.61940
1750.0 2050.0 -1.32755
1850.0 2050.0 -0.64954
1950.0 2050.0 0.31395
2050.0 2050.0 1.29804
2150.0 2050.0 2.03768
2250.0 2050.0 2.37937
2350.0 2050.0 2.34088
2450.0 2050.0 2.11205
2550.0 2050.0 1.77192
2650.0 2050.0 1.25828
2750.0 2050.0 0.65629
2850.0 2050.0 0.10604
2950.0 2050.0 -0.28103
3050.0 2050.0 -0.46815
3150.0 2050.0 -0.50158
3250.0 2050.0 -0.47497
3350.0 2050.0 -0.38329
3450.0 2050.0 -0.22877
3550.0 2050.0 -0.10211
3650.0 2050.0 -0.09154
3750.0 2050.0 -0.22827
3850.0 2050.0 -0.47501
3950.0 2050.0 -0.75764
4050.0 2050.0 -1.03882
4150.0 2050.0 -1.33540
4250.0 2050.0 -1.58837
4350.0 2050.0 -1.71091
4450.0 2050.0 -1.66725
4550.0 2050.0 -1.50150
4650.0 2050.0 -1.31575
4750.0 2050.0 -1.19746
4850.0 2050.0 -1.12352
4950.0 2050.0 -1.06811
5050.0 2050.0 -1.01688
5150.0 2050.0 -0.93990
5250.0 2050.0 -0.81753
5350.0 2050.0 -0.65230
5450.0 2050.0 -0.46612
5550.0 2050.0 -0.28290
5650.0 2050.0 -0.11611
5750.0 2050.0 -0.01221
5850.0 2050.0 0.02218
5950.0 2050.0 0.02344
6050.0 2050.0 0.04219
6150.0 2050.0 0.12039
6250.0 2050.0 0.27444
6350.0 2050.0 0.48402
50.0 2150.0 -1.79538
150.0 2150.0 -1.69019
250.0 2150.0 -1.29555
350.0 2150.0 -0.62620
450.0 2150.0 0.12955
550.0 2150.0 0.74862
650.0 2150.0 1.07336
750.0 2150.0 1.07295
850.0 2150.0 0.86615
950.0 2150.0 0.58319
1050.0 2150.0 0.17812
1150.0 2150.0 -0.29439
1250.0 2150.0 -0.72410
1350.0 2150.0 -1.02273
1450.0 2150.0 -1.16450
1550.0 2150.0 -1.18964
1650.0 2150.0 -1.16904
1750.0 2150.0 -0.98919
1850.0 2150.0 -0.44071
1950.0 2150.0 0.38092
2050.0 2150.0 1.22336
2150.0 2150.0 1.83352
2250.0 2150.0 2.06432
2350.0 2150.0 1.93198
2450.0 2150.0 1.62001
2550.0 2150.0 1.28502
2650.0 2150.0 0.95105
2750.0 2150.0 0.65709
2850.0 2150.0 0.43053
2950.0 2150.0 0.26686
3050.0 2150.0 0.13119
3150.0 2150.0 -0.01855
3250.0 2150.0 -0.18219
3350.0 2150.0 -0.23531
3450.0 2150.0 -0.13566
3550.0 2150.0 0.01070
3650.0 2150.0 0.06567
3750.0 2150.0 -0.06180
3850.0 2150.0 -0.37983
3950.0 2150.0 -0.82104
4050.0 2150.0 -1.29650
4150.0 2150.0 -1.75130
4250.0 2150.0 -2.05774
4350.0 2150.0 -2.08849
4450.0 2150.0 -1.82756
4550.0 2150.0 -1.39802
4650.0 2150.0 -1.00511
4750.0 2150.0 -0.79484
4850.0 2150.0 -0.68091
4950.0 2150.0 -0.59495
5050.0 2150.0 -0.54667
5150.0 2150.0 -0.52454
5250.0 2150.0 -0.50553
5350.0 2150.0 -0.46545
5450.0 2150.0 -0.38895
5550.0 2150.0 -0.27943
5650.0 2150.0 -0.19658
5750.0 2150.0 -0.27942
5850.0 2150.0 -0.50208
5950.0 2150.0 -0.72709
6050.0 2150.0 -0.81617
6150.0 2150.0 -0.69751
6250.0 2150.0 -0.38952
6350.0 2150.0 0.01904
50.0 2250.0 -1.06230
150.0 2250.0 -0.87691
250.0 2250.0 -0.48284
350.0 2250.0 0.07420
450.0 2250.0 0.62686
550.0 2250.0 1.01222
650.0 2250.0 1.14804
750.0 2250.0 1.05942
850.0 2250.0 0.85548
950.0 2250.0 0.61683
1050.0 2250.0 0.32928
1150.0 2250.0 0.03014
1250.0 2250.0 -0.22366
1350.0 2250.0 -0.39682
1450.0 2250.0 -0.49281
1550.0 2250.0 -0.54704
1650.0 2250.0 -0.59459
1750.0 2250.0 -0.51306
1850.0 2250.0 -0.13164
1950.0 2250.0 0.45921
2050.0 2250.0 1.04442
2150.0 2250.0 1.41879
2250.0 2250.0 1.47401
2350.0 2250.0 1.23811
2450.0 2250.0 0.86671
2550.0 2250.0 0.55170
2650.0 2250.0 0.39257
2750.0 2250.0 0.39311
2850.0 2250.0 0.48478
2950.0 2250.0 0.55962
3050.0 2250.0 0.51411
3150.0 2250.0 0.30373
3250.0 2250.0 0.01106
3350.0 2250.0 -0.12751
3450.0 2250.0 -0.02716
3550.0 2250.0 0.19143
3650.0 2250.0 0.34238
3750.0 2250.0 0.27733
3850.0 2250.0 -0.05544
3950.0 2250.0 -0.59504
4050.0 2250.0 -1.20415
4150.0 2250.0 -1.77394
4250.0 2250.0 -2.13278
4350.0 2250.0 -2.12339
4450.0 2250.0 -1.73797
4550.0 2250.0 -1.14768
4650.0 2250.0 -0.62425
4750.0 2250.0 -0.35389
4850.0 2250.0 -0.21331
4950.0 2250.0 -0.11313
5050.0 2250.0 -0.08192
5150.0 2250.0 -0.11842
5250.0 2250.0 -0.19222
5350.0 2250.0 -0.25539
5450.0 2250.0 -0.26355
5550.0 2250.0 -0.20663
5650.0 2250.0 -0.18178
5750.0 2250.0 -0.39526
5850.0 2250.0 -0.79941
5950.0 2250.0 -1.18644
6050.0 2250.0 -1.35628
6150.0 2250.0 -1.21501
6250.0 2250.0 -0.80392
6350.0 2250.0 -0.25921
50.0 2350.0 -0.35965
150.0 2350.0 -0.15588
250.0 2350.0 0.16112
350.0 2350.0 0.52286
450.0 2350.0 0.79918
550.0 2350.0 0.89901
650.0 2350.0 0.81692
750.0 2350.0 0.62543
850.0 2350.0 0.41309
950.0 2350.0 0.20720
1050.0 2350.0 0.03196
1150.0 2350.0 -0.07936
1250.0 2350.0 -0.11549
1350.0 2350.0 -0.09871
1450.0 2350.0 -0.07753
1550.0 2350.0 -0.10069
1650.0 2350.0 -0.17157
1750.0 2350.0 -0.14789
1850.0 2350.0 0.10026
1950.0 2350.0 0.48566
2050.0 2350.0 0.83241
2150.0 2350.0 0.98797
2250.0 2350.0 0.88860
2350.0 2350.0 0.57789
2450.0 2350.0 0.18029
2550.0 2350.0 -0.11625
2650.0 2350.0 -0.17197
2750.0 2350.0 0.00041
2850.0 2350.0 0.28174
2950.0 2350.0 0.50704
3050.0 2350.0 0.53268
3150.0 2350.0 0.30981
3250.0 2350.0 -0.03339
3350.0 2350.0 -0.18178
3450.0 2350.0 -0.01268
3550.0 2350.0 0.33992
3650.0 2350.0 0.64669
3750.0 2350.0 0.70696
3850.0 2350.0 0.42923
3950.0 2350.0 -0.13162
4050.0 2350.0 -0.79597
4150.0 2350.0 -1.42985
4250.0 2350.0 -1.85291
4350.0 2350.0 -1.88982
4450.0 2350.0 -1.52135
4550.0 2350.0 -0.92147
4650.0 2350.0 -0.37710
4750.0 2350.0 -0.09071
4850.0 2350.0 0.06065
4950.0 2350.0 0.16687
5050.0 2350.0 0.19171
5150.0 2350.0 0.13221
5250.0 2350.0 0.02158
5350.0 2350.0 -0.08282
5450.0 2350.0 -0.12498
5550.0 2350.0 -0.08933
5650.0 2350.0 -0.08673
5750.0 2350.0 -0.34493
5850.0 2350.0 -0.80566
5950.0 2350.0 -1.23569
6050.0 2350.0 -1.41540
6150.0 2350.0 -1.24747
6250.0 2350.0 -0.78578
6350.0 2350.0 -0.18431
50.0 2450.0 0.18043
150.0 2450.0 0.36649
250.0 2450.0 0.57313
350.0 2450.0 0.71618
450.0 2450.0 0.70746
550.0 2450.0 0.52607
650.0 2450.0 0.23533
750.0 2450.0 -0.05496
850.0 2450.0 -0.28058
950.0 2450.0 -0.46355
1050.0 2450.0 -0.54241
1150.0 2450.0 -0.48030
1250.0 2450.0 -0.30213
1350.0 2450.0 -0.08337
1450.0 2450.0 0.07935
1550.0 2450.0 0.11587
1650.0 2450.0 0.04859
1750.0 2450.0 0.04737
1850.0 2450.0 0.21197
1950.0 2450.0 0.45694
2050.0 2450.0 0.63617
2150.0 2450.0 0.63813
2250.0 2450.0 0.43441
2350.0 2450.0 0.08165
2450.0 2450.0 -0.32029
2550.0 2450.0 -0.60663
2650.0 2450.0 -0.62705
2750.0 2450.0 -0.39747
2850.0 2450.0 -0.05085
2950.0 2450.0 0.23085
3050.0 2450.0 0.29067
3150.0 2450.0 0.07672
3250.0 2450.0 -0.26821
3350.0 2450.0 -0.37942
3450.0 2450.0 -0.09996
3550.0 2450.0 0.42406
3650.0 2450.0 0.92302
3750.0 2450.0 1.14750
3850.0 2450.0 0.96872
3950.0 2450.0 0.43567
4050.0 2450.0 -0.23404
4150.0 2450.0 -0.90096
4250.0 2450.0 -1.39933
4350.0 2450.0 -1.54297
4450.0 2450.0 -1.28758
4550.0 2450.0 -0.77964
4650.0 2450.0 -0.28743
4750.0 2450.0 -0.01430
4850.0 2450.0 0.13772
4950.0 2450.0 0.24844
5050.0 2450.0 0.28278
5150.0 2450.0 0.23599
5250.0 2450.0 0.13808
5350.0 2450.0 0.04324
5450.0 2450.0 0.00567
5550.0 2450.0 0.04159
5650.0 2450.0 0.04556
5750.0 2450.0 -0.19852
5850.0 2450.0 -0.62816
5950.0 2450.0 -1.01478
6050.0 2450.0 -1.14868
6150.0 2450.0 -0.94365
6250.0 2450.0 -0.46092
6350.0 2450.0 0.14730
50.0 2550.0 0.56658
150.0 2550.0 0.73025
250.0 2550.0 0.81741
350.0 2550.0 0.73167
450.0 2550.0 0.43251
550.0 2550.0 -0.02715
650.0 2550.0 -0.51573
750.0 2550.0 -0.88992
850.0 2550.0 -1.11381
950.0 2550.0 -1.25566
1050.0 2550.0 -1.21172
1150.0 2550.0 -0.94762
1250.0 2550.0 -0.53379
1350.0 2550.0 -0.10486
1450.0 2550.0 0.19482
1550.0 2550.0 0.27937
1650.0 2550.0 0.20309
1750.0 2550.0 0.17195
1850.0 2550.0 0.27113
1950.0 2550.0 0.42169
2050.0 2550.0 0.49980
2150.0 2550.0 0.41843
2250.0 2550.0 0.16574
2350.0 2550.0 -0.20012
2450.0 2550.0 -0.59629
2550.0 2550.0 -0.88081
2650.0 2550.0 -0.91237
2750.0 2550.0 -0.70760
2850.0 2550.0 -0.39402
2950.0 2550.0 -0.14459
3050.0 2550.0 -0.10731
3150.0 2550.0 -0.32997
3250.0 2550.0 -0.67372
3350.0 2550.0 -0.74387
3450.0 2550.0 -0.34347
3550.0 2550.0 0.37811
3650.0 2550.0 1.11391
3750.0 2550.0 1.55996
3850.0 2550.0 1.53815
3950.0 2550.0 1.08129
4050.0 2550.0 0.44869
4150.0 2550.0 -0.20469
4250.0 2550.0 -0.73863
4350.0 2550.0 -0.97386
4450.0 2550.0 -0.84919
4550.0 2550.0 -0.47602
4650.0 2550.0 -0.08450
4750.0 2550.0 0.13858
4850.0 2550.0 0.26068
4950.0 2550.0 0.33928
5050.0 2550.0 0.34878
5150.0 2550.0 0.29670
5250.0 2550.0 0.21717
5350.0 2550.0 0.15706
5450.0 2550.0 0.15571
5550.0 2550.0 0.21811
5650.0 2550.0 0.24853
5750.0 2550.0 0.04856
5850.0 2550.0 -0.32900
5950.0 2550.0 -0.67679
6050.0 2550.0 -0.80065
6150.0 2550.0 -0.61580
6250.0 2550.0 -0.17175
6350.0 2550.0 0.39437
50.0 2650.0 0.63230
150.0 2650.0 0.77364
250.0 2650.0 0.74603
350.0 2650.0 0.44981
450.0 2650.0 -0.10258
550.0 2650.0 -0.78746
650.0 2650.0 -1.41573
750.0 2650.0 -1.82352
850.0 2650.0 -2.00744
950.0 2650.0 -2.06885
1050.0 2650.0 -1.85931
1150.0 2650.0 -1.36359
1250.0 2650.0 -0.71330
1350.0 2650.0 -0.10465
1450.0 2650.0 0.28304
1550.0 2650.0 0.36817
1650.0 2650.0 0.24650
1750.0 2650.0 0.16532
1850.0 2650.0 0.22468
1950.0 2650.0 0.36374
2050.0 2650.0 0.46757
2150.0 2650.0 0.44099
2250.0 2650.0 0.24965
2350.0 2650.0 -0.07192
2450.0 2650.0 -0.44331
2550.0 2650.0 -0.73548
2650.0 2650.0 -0.84597
2750.0 2650.0 -0.79077
2850.0 2650.0 -0.66439
2950.0 2650.0 -0.59063
3050.0 2650.0 -0.67226
3150.0 2650.0 -0.93922
3250.0 2650.0 -1.28550
3350.0 2650.0 -1.33086
3450.0 2650.0 -0.83640
3550.0 2650.0 0.07013
3650.0 2650.0 1.06569
3750.0 2650.0 1.79580
3850.0 2650.0 2.01847
3950.0 2650.0 1.72835
4050.0 2650.0 1.22145
4150.0 2650.0 0.68939
4250.0 2650.0 0.22911
4350.0 2650.0 -0.02871
4450.0 2650.0 -0.03289
4550.0 2650.0 0.14591
4650.0 2650.0 0.35001
4750.0 2650.0 0.44648
4850.0 2650.0 0.46979
4950.0 2650.0 0.43201
5050.0 2650.0 0.33481
5150.0 2650.0 0.22981
5250.0 2650.0 0.17322
5350.0 2650.0 0.19716
5450.0 2650.0 0.29825
5550.0 2650.0 0.44371
5650.0 2650.0 0.55466
5750.0 2650.0 0.46061
5850.0 2650.0 0.17481
5950.0 2650.0 -0.15073
6050.0 2650.0 -0.34705
6150.0 2650.0 -0.30849
6250.0 2650.0 -0.03112
6350.0 2650.0 0.39050
50.0 2750.0 0.38360
150.0 2750.0 0.50887
250.0 2750.0 0.40445
350.0 2750.0 -0.01984
450.0 2750.0 -0.70629
550.0 2750.0 -1.48406
650.0 2750.0 -2.13666
750.0 2750.0 -2.50237
850.0 2750.0 -2.60696
950.0 2750.0 -2.56043
1050.0 2750.0 -2.18392
1150.0 2750.0 -1.49844
1250.0 2750.0 -0.69700
1350.0 2750.0 -0.01847
1450.0 2750.0 0.35413
1550.0 2750.0 0.37094
1650.0 2750.0 0.16773
1750.0 2750.0 0.01658
1850.0 2750.0 0.05466
1950.0 2750.0 0.24994
2050.0 2750.0 0.48594
2150.0 2750.0 0.63182
2250.0 2750.0 0.59697
2350.0 2750.0 0.37000
2450.0 2750.0 0.04104
2550.0 2750.0 -0.25520
2650.0 2750.0 -0.46851
2750.0 2750.0 -0.61569
2850.0 2750.0 -0.74664
2950.0 2750.0 -0.91695
3050.0 2750.0 -1.16519
3150.0 2750.0 -1.49486
3250.0 2750.0 -1.84776
3350.0 2750.0 -1.90882
3450.0 2750.0 -1.41525
3550.0 2750.0 -0.44278
3650.0 2750.0 0.71381
3750.0 2750.0 1.68295
3850.0 2750.0 2.16805
3950.0 2750.0 2.10888
4050.0 2750.0 1.80958
4150.0 2750.0 1.50738
4250.0 2750.0 1.24441
4350.0 2750.0 1.06113
4450.0 2750.0 0.96604
4550.0 2750.0 0.92553
4650.0 2750.0 0.87958
4750.0 2750.0 0.78344
4850.0 2750.0 0.64479
4950.0 2750.0 0.41469
5050.0 2750.0 0.13907
5150.0 2750.0 -0.05764
5250.0 2750.0 -0.08180
5350.0 2750.0 0.07574
5450.0 2750.0 0.34249
5550.0 2750.0 0.62360
5650.0 2750.0 0.86606
5750.0 2750.0 0.94274
5850.0 2750.0 0.80138
5950.0 2750.0 0.50445
6050.0 2750.0 0.18146
6150.0 2750.0 -0.02574
6250.0 2750.0 -0.02456
6350.0 2750.0 0.15977
50.0 2850.0 -0.02638
150.0 2850.0 0.09357
250.0 2850.0 -0.02765
350.0 2850.0 -0.45942
450.0 2850.0 -1.11839
550.0 2850.0 -1.82362
650.0 2850.0 -2.37052
750.0 2850.0 -2.62336
850.0 2850.0 -2.62616
950.0 2850.0 -2.47106
1050.0 2850.0 -1.97624
1150.0 2850.0 -1.20864
1250.0 2850.0 -0.40450
1350.0 2850.0 0.19038
1450.0 2850.0 0.42813
1550.0 2850.0 0.31413
1650.0 2850.0 0.01025
1750.0 2850.0 -0.22126
1850.0 2850.0 -0.20298
1950.0 2850.0 0.06670
2050.0 2850.0 0.46758
2150.0 2850.0 0.82456
2250.0 2850.0 0.97908
2350.0 2850.0 0.86521
2450.0 2850.0 0.58652
2550.0 2850.0 0.30368
2650.0 2850.0 0.02706
2750.0 2850.0 -0.26495
2850.0 2850.0 -0.59063
2950.0 2850.0 -0.95216
3050.0 2850.0 -1.33457
3150.0 2850.0 -1.71631
3250.0 2850.0 -2.07849
3350.0 2850.0 -2.20579
3450.0 2850.0 -1.84517
3550.0 2850.0 -0.99736
3650.0 2850.0 0.12227
3750.0 2850.0 1.17809
3850.0 2850.0 1.85232
3950.0 2850.0 2.02706
4050.0 2850.0 1.97123
4150.0 2850.0 1.95801
4250.0 2850.0 1.97575
4350.0 2850.0 1.95258
4450.0 2850.0 1.82998
4550.0 2850.0 1.59808
4650.0 2850.0 1.29725
4750.0 2850.0 0.98577
4850.0 2850.0 0.65810
4950.0 2850.0 0.20494
5050.0 2850.0 -0.27544
5150.0 2850.0 -0.57407
5250.0 2850.0 -0.55488
5350.0 2850.0 -0.23687
5450.0 2850.0 0.22581
5550.0 2850.0 0.66596
5650.0 2850.0 1.06358
5750.0 2850.0 1.34921
5850.0 2850.0 1.39610
5950.0 2850.0 1.15851
6050.0 2850.0 0.71356
6150.0 2850.0 0.23904
6250.0 2850.0 -0.07254
6350.0 2850.0 -0.16382
50.0 2950.0 -0.37636
150.0 2950.0 -0.25156
250.0 2950.0 -0.33568
350.0 2950.0 -0.67253
450.0 2950.0 -1.17521
550.0 2950.0 -1.68602
650.0 2950.0 -2.04232
750.0 2950.0 -2.14852
850.0 2950.0 -2.05362
950.0 2950.0 -1.81553
1050.0 2950.0 -1.27714
1150.0 2950.0 -0.54946
1250.0 2950.0 0.11576
1350.0 2950.0 0.50138
1450.0 2950.0 0.52305
1550.0 2950.0 0.25040
1650.0 2950.0 -0.14808
1750.0 2950.0 -0.45645
1850.0 2950.0 -0.47358
1950.0 2950.0 -0.16743
2050.0 2950.0 0.34499
2150.0 2950.0 0.85786
2250.0 2950.0 1.15955
2350.0 2950.0 1.13818
2450.0 2950.0 0.90457
2550.0 2950.0 0.65802
2650.0 2950.0 0.40077
2750.0 2950.0 0.10167
2850.0 2950.0 -0.25663
2950.0 2950.0 -0.66370
3050.0 2950.0 -1.08532
3150.0 2950.0 -1.48532
3250.0 2950.0 -1.85684
3350.0 2950.0 -2.08761
3450.0 2950.0 -1.96751
3550.0 2950.0 -1.41713
3650.0 2950.0 -0.53790
3750.0 2950.0 0.41823
3850.0 2950.0 1.15369
3950.0 2950.0 1.50487
4050.0 2950.0 1.66765
4150.0 2950.0 1.92786
4250.0 2950.0 2.23285
4350.0 2950.0 2.40522
4450.0 2950.0 2.31410
4550.0 2950.0 1.95701
4650.0 2950.0 1.45444
4750.0 2950.0 0.95697
4850.0 2950.0 0.46042
4950.0 2950.0 -0.18896
5050.0 2950.0 -0.84463
5150.0 2950.0 -1.22320
5250.0 2950.0 -1.15332
5350.0 2950.0 -0.68212
5450.0 2950.0 -0.03881
5550.0 2950.0 0.54493
5650.0 2950.0 1.08419
5750.0 2950.0 1.57398
5850.0 2950.0 1.82432
5950.0 2950.0 1.68631
6050.0 2950.0 1.17882
6150.0 2950.0 0.50043
6250.0 2950.0 -0.07350
6350.0 2950.0 -0.40864
50.0 3050.0 -0.46682
150.0 3050.0 -0.33251
250.0 3050.0 -0.35795
350.0 3050.0 -0.56566
450.0 3050.0 -0.87927
550.0 3050.0 -1.17753
650.0 3050.0 -1.34594
750.0 3050.0 -1.32620
850.0 3050.0 -1.16316
950.0 3050.0 -0.88237
1050.0 3050.0 -0.36599
1150.0 3050.0 0.24379
1250.0 3050.0 0.70386
1350.0 3050.0 0.84402
1450.0 3050.0 0.64737
1550.0 3050.0 0.23750
1650.0 3050.0 -0.22648
1750.0 3050.0 -0.59552
1850.0 3050.0 -0.67381
1950.0 3050.0 -0.40872
2050.0 3050.0 0.09878
2150.0 3050.0 0.64211
2250.0 3050.0 0.99163
2350.0 3050.0 1.01169
2450.0 3050.0 0.80701
2550.0 3050.0 0.61421
2650.0 3050.0 0.46366
2750.0 3050.0 0.31152
2850.0 3050.0 0.10720
2950.0 3050.0 -0.17419
3050.0 3050.0 -0.52131
3150.0 3050.0 -0.89816
3250.0 3050.0 -1.27638
3350.0 3050.0 -1.61609
3450.0 3050.0 -1.76695
3550.0 3050.0 -1.58493
3650.0 3050.0 -1.05696
3750.0 3050.0 -0.33210
3850.0 3050.0 0.34204
3950.0 3050.0 0.77756
4050.0 3050.0 1.08335
4150.0 3050.0 1.53185
4250.0 3050.0 2.04813
4350.0 3050.0 2.38256
4450.0 3050.0 2.34891
4550.0 3050.0 1.94040
4650.0 3050.0 1.32345
4750.0 3050.0 0.70895
4850.0 3050.0 0.10265
4950.0 3050.0 -0.66957
5050.0 3050.0 -1.42766
5150.0 3050.0 -1.84156
5250.0 3050.0 -1.72088
5350.0 3050.0 -1.13552
5450.0 3050.0 -0.36655
5550.0 3050.0 0.31269
5650.0 3050.0 0.94823
5750.0 3050.0 1.59522
5850.0 3050.0 2.02741
5950.0 3050.0 2.01959
6050.0 3050.0 1.53676
6150.0 3050.0 0.77510
6250.0 3050.0 0.05476
6350.0 3050.0 -0.43550
50.0 3150.0 -0.22087
150.0 3150.0 -0.07918
250.0 3150.0 -0.06210
350.0 3150.0 -0.18157
450.0 3150.0 -0.37297
550.0 3150.0 -0.54138
650.0 3150.0 -0.60254
750.0 3150.0 -0.51855
850.0 3150.0 -0.32813
950.0 3150.0 -0.04219
1050.0 3150.0 0.42092
1150.0 3150.0 0.90554
1250.0 3150.0 1.18857
1350.0 3150.0 1.14213
1450.0 3150.0 0.79708
1550.0 3150.0 0.30731
1650.0 3150.0 -0.18382
1750.0 3150.0 -0.59233
1850.0 3150.0 -0.75646
1950.0 3150.0 -0.61489
2050.0 3150.0 -0.23942
2150.0 3150.0 0.19536
2250.0 3150.0 0.48129
2350.0 3150.0 0.48454
2450.0 3150.0 0.28918
2550.0 3150.0 0.15574
2650.0 3150.0 0.16871
2750.0 3150.0 0.27112
2850.0 3150.0 0.35535
2950.0 3150.0 0.32590
3050.0 3150.0 0.13868
3150.0 3150.0 -0.18320
3250.0 3150.0 -0.56408
3350.0 3150.0 -0.98740
3450.0 3150.0 -1.35792
3550.0 3150.0 -1.49515
3650.0 3150.0 -1.30176
3750.0 3150.0 -0.83801
3850.0 3150.0 -0.29423
3950.0 3150.0 0.13884
4050.0 3150.0 0.49632
4150.0 3150.0 1.01902
4250.0 3150.0 1.62637
4350.0 3150.0 2.04053
4450.0 3150.0 2.05024
4550.0 3150.0 1.64160
4650.0 3150.0 0.99378
4750.0 3150.0 0.33955
4850.0 3150.0 -0.30567
4950.0 3150.0 -1.11453
5050.0 3150.0 -1.89199
5150.0 3150.0 -2.29389
5250.0 3150.0 -2.12888
5350.0 3150.0 -1.48152
5450.0 3150.0 -0.65584
5550.0 3150.0 0.06048
5650.0 3150.0 0.73623
5750.0 3150.0 1.47412
5850.0 3150.0 2.04188
5950.0 3150.0 2.17404
6050.0 3150.0 1.79352
6150.0 3150.0 1.07282
6250.0 3150.0 0.33505
6350.0 3150.0 -0.20542
50.0 3250.0 0.21949
150.0 3250.0 0.36623
250.0 3250.0 0.40615
350.0 3250.0 0.32983
450.0 3250.0 0.19342
550.0 3250.0 0.07835
650.0 3250.0 0.05610
750.0 3250.0 0.15807
850.0 3250.0 0.35049
950.0 3250.0 0.62279
1050.0 3250.0 1.02839
1150.0 3250.0 1.40907
1250.0 3250.0 1.56297
1350.0 3250.0 1.39396
1450.0 3250.0 0.96202
1550.0 3250.0 0.43437
1650.0 3250.0 -0.06124
1750.0 3250.0 -0.49632
1850.0 3250.0 -0.75677
1950.0 3250.0 -0.77943
2050.0 3250.0 -0.60082
2150.0 3250.0 -0.34677
2250.0 3250.0 -0.18318
2350.0 3250.0 -0.22811
2450.0 3250.0 -0.42548
2550.0 3250.0 -0.50300
2650.0 3250.0 -0.31429
2750.0 3250.0 0.07217
2850.0 3250.0 0.48580
2950.0 3250.0 0.74954
3050.0 3250.0 0.75236
3150.0 3250.0 0.49861
3250.0 3250.0 0.11971
3350.0 3250.0 -0.36081
3450.0 3250.0 -0.89253
3550.0 3250.0 -1.27738
3650.0 3250.0 -1.36052
3750.0 3250.0 -1.13300
3850.0 3250.0 -0.73241
3950.0 3250.0 -0.34154
4050.0 3250.0 0.01775
4150.0 3250.0 0.54821
4250.0 3250.0 1.17063
4350.0 3250.0 1.60466
4450.0 3250.0 1.63428
4550.0 3250.0 1.24095
4650.0 3250.0 0.60113
4750.0 3250.0 -0.05165
4850.0 3250.0 -0.69636
4950.0 3250.0 -1.49543
5050.0 3250.0 -2.24958
5150.0 3250.0 -2.61797
5250.0 3250.0 -2.41702
5350.0 3250.0 -1.74010
5450.0 3250.0 -0.89744
5550.0 3250.0 -0.17618
5650.0 3250.0 0.50903
5750.0 3250.0 1.29918
5850.0 3250.0 1.97197
5950.0 3250.0 2.24243
6050.0 3250.0 1.99961
6150.0 3250.0 1.38257
6250.0 3250.0 0.69550
6350.0 3250.0 0.16218
50.0 3350.0 0.74059
150.0 3350.0 0.91794
250.0 3350.0 1.01638
350.0 3350.0 1.01699
450.0 3350.0 0.95044
550.0 3350.0 0.87616
650.0 3350.0 0.85771
750.0 3350.0 0.93441
850.0 3350.0 1.08937
950.0 3350.0 1.30943
1050.0 3350.0 1.62376
1150.0 3350.0 1.88558
1250.0 3350.0 1.92319
1350.0 3350.0 1.66868
1450.0 3350.0 1.19569
1550.0 3350.0 0.66620
1650.0 3350.0 0.18743
1750.0 3350.0 -0.25220
1850.0 3350.0 -0.58366
1950.0 3350.0 -0.75014
2050.0 3350.0 -0.76070
2150.0 3350.0 -0.69424
2250.0 3350.0 -0.66924
2350.0 3350.0 -0.77935
2450.0 3350.0 -0.99331
2550.0 3350.0 -1.05539
2650.0 3350.0 -0.77929
2750.0 3350.0 -0.22455
2850.0 3350.0 0.41171
2950.0 3350.0 0.90190
3050.0 3350.0 1.08092
3150.0 3350.0 0.92487
3250.0 3350.0 0.59573
3350.0 3350.0 0.12597
3450.0 3350.0 -0.47279
3550.0 3350.0 -1.00415
3650.0 3350.0 -1.28008
3750.0 3350.0 -1.23786
3850.0 3350.0 -0.96292
3950.0 3350.0 -0.61748
4050.0 3350.0 -0.26663
4150.0 3350.0 0.24327
4250.0 3350.0 0.83120
4350.0 3350.0 1.22966
4450.0 3350.0 1.23674
4550.0 3350.0 0.84147
4650.0 3350.0 0.21862
4750.0 3350.0 -0.40696
4850.0 3350.0 -1.02303
4950.0 3350.0 -1.79891
5050.0 3350.0 -2.54343
5150.0 3350.0 -2.91972
5250.0 3350.0 -2.74078
5350.0 3350.0 -2.08980
5450.0 3350.0 -1.26478
5550.0 3350.0 -0.54741
5650.0 3350.0 0.14588
5750.0 3350.0 0.98581
5850.0 3350.0 1.76549
5950.0 3350.0 2.18639
6050.0 3350.0 2.10526
6150.0 3350.0 1.62342
6250.0 3350.0 1.01859
6350.0 3350.0 0.51906
50.0 3450.0 1.25809
150.0 3450.0 1.51523
250.0 3450.0 1.73973
350.0 3450.0 1.88004
450.0 3450.0 1.90950
550.0 3450.0 1.85005
650.0 3450.0 1.76717
750.0 3450.0 1.73605
850.0 3450.0 1.77905
950.0 3450.0 1.87579
1050.0 3450.0 2.04245
1150.0 3450.0 2.16999
1250.0 3450.0 2.13096
1350.0 3450.0 1.87502
1450.0 3450.0 1.45691
1550.0 3450.0 0.99695
1650.0 3450.0 0.57469
1750.0 3450.0 0.17687
1850.0 3450.0 -0.15743
1950.0 3450.0 -0.39319
2050.0 3450.0 -0.53446
2150.0 3450.0 -0.62765
2250.0 3450.0 -0.74382
2350.0 3450.0 -0.93989
2450.0 3450.0 -1.19704
2550.0 3450.0 -1.32449
2650.0 3450.0 -1.14188
2750.0 3450.0 -0.65978
2850.0 3450.0 -0.02750
2950.0 3450.0 0.54201
3050.0 3450.0 0.85872
3150.0 3450.0 0.85354
3250.0 3450.0 0.66637
3350.0 3450.0 0.33596
3450.0 3450.0 -0.15504
3550.0 3450.0 -0.64695
3650.0 3450.0 -0.96239
3750.0 3450.0 -1.01206
3850.0 3450.0 -0.82903
3950.0 3450.0 -0.53164
4050.0 3450.0 -0.20351
4150.0 3450.0 0.24243
4250.0 3450.0 0.71886
4350.0 3450.0 0.99678
4450.0 3450.0 0.91902
4550.0 3450.0 0.50130
4650.0 3450.0 -0.08288
4750.0 3450.0 -0.63339
4850.0 3450.0 -1.16967
4950.0 3450.0 -1.89600
5050.0 3450.0 -2.65014
5150.0 3450.0 -3.10067
5250.0 3450.0 -3.03838
5350.0 3450.0 -2.50414
5450.0 3450.0 -1.75253
5550.0 3450.0 -1.05121
5650.0 3450.0 -0.35186
5750.0 3450.0 0.52053
5850.0 3450.0 1.37980
5950.0 3450.0 1.92943
6050.0 3450.0 2.00699
6150.0 3450.0 1.68009
6250.0 3450.0 1.19402
6350.0 3450.0 0.77097
50.0 3550.0 1.56072
150.0 3550.0 1.93820
250.0 3550.0 2.33916
350.0 3550.0 2.65885
450.0 3550.0 2.78873
550.0 3550.0 2.70446
650.0 3550.0 2.48610
750.0 3550.0 2.27074
850.0 3550.0 2.13751
950.0 3550.0 2.05379
1050.0 3550.0 2.03927
1150.0 3550.0 2.04583
1250.0 3550.0 1.99679
1350.0 3550.0 1.84217
1450.0 3550.0 1.58270
1550.0 3550.0 1.26264
1650.0 3550.0 0.93177
1750.0 3550.0 0.62270
1850.0 3550.0 0.37088
1950.0 3550.0 0.17588
2050.0 3550.0 0.00957
2150.0 3550.0 -0.16816
2250.0 3550.0 -0.39293
2350.0 3550.0 -0.67894
2450.0 3550.0 -1.00102
2550.0 3550.0 -1.26686
2650.0 3550.0 -1.34493
2750.0 3550.0 -1.16184
2850.0 3550.0 -0.75106
2950.0 3550.0 -0.24935
3050.0 3550.0 0.15818
3150.0 3550.0 0.34416
3250.0 3550.0 0.37719
3350.0 3550.0 0.29531
3450.0 3550.0 0.06018
3550.0 3550.0 -0.23508
3650.0 3550.0 -0.46077
3750.0 3550.0 -0.52379
3850.0 3550.0 -0.40457
3950.0 3550.0 -0.15761
4050.0 3550.0 0.13619
4150.0 3550.0 0.48786
4250.0 3550.0 0.80363
4350.0 3550.0 0.91256
4450.0 3550.0 0.72267
4550.0 3550.0 0.28625
4650.0 3550.0 -0.22858
4750.0 3550.0 -0.66012
4850.0 3550.0 -1.07214
4950.0 3550.0 -1.71850
5050.0 3550.0 -2.48085
5150.0 3550.0 -3.03726
5250.0 3550.0 -3.14633
5350.0 3550.0 -2.78561
5450.0 3550.0 -2.14380
5550.0 3550.0 -1.46651
5650.0 3550.0 -0.76673
5750.0 3550.0 0.09792
5850.0 3550.0 0.96117
5950.0 3550.0 1.55125
6050.0 3550.0 1.71464
6150.0 3550.0 1.50582
6250.0 3550.0 1.14266
6350.0 3550.0 0.82781
50.0 3650.0 1.50629
150.0 3650.0 2.01693
250.0 3650.0 2.60309
350.0 3650.0 3.09816
450.0 3650.0 3.30647
550.0 3650.0 3.15998
650.0 3650.0 2.76349
750.0 3650.0 2.32832
850.0 3650.0 1.99466
950.0 3650.0 1.71438
1050.0 3650.0 1.52587
1150.0 3650.0 1.45109
1250.0 3650.0 1.45938
1350.0 3650.0 1.48425
1450.0 3650.0 1.44992
1550.0 3650.0 1.30774
1650.0 3650.0 1.08220
1750.0 3650.0 0.88862
1850.0 3650.0 0.78598
1950.0 3650.0 0.73287
2050.0 3650.0 0.65334
2150.0 3650.0 0.48592
2250.0 3650.0 0.21018
2350.0 3650.0 -0.14913
2450.0 3650.0 -0.54280
2550.0 3650.0 -0.97880
2650.0 3650.0 -1.39503
2750.0 3650.0 -1.62037
2850.0 3650.0 -1.54178
2950.0 3650.0 -1.18958
3050.0 3650.0 -0.72670
3150.0 3650.0 -0.34165
3250.0 3650.0 -0.06066
3350.0 3650.0 0.14481
3450.0 3650.0 0.21777
3550.0 3650.0 0.17420
3650.0 3650.0 0.08313
3750.0 3650.0 0.03361
3850.0 3650.0 0.09833
3950.0 3650.0 0.29374
4050.0 3650.0 0.54976
4150.0 3650.0 0.80510
4250.0 3650.0 0.96423
4350.0 3650.0 0.91833
4450.0 3650.0 0.64051
4550.0 3650.0 0.21477
4650.0 3650.0 -0.20358
4750.0 3650.0 -0.49618
4850.0 3650.0 -0.76675
4950.0 3650.0 -1.31172
5050.0 3650.0 -2.05821
5150.0 3650.0 -2.69908
5250.0 3650.0 -2.96497
5350.0 3650.0 -2.77102
5450.0 3650.0 -2.23744
5550.0 3650.0 -1.58389
5650.0 3650.0 -0.89091
5750.0 3650.0 -0.08209
5850.0 3650.0 0.68882
5950.0 3650.0 1.19537
6050.0 3650.0 1.32552
6150.0 3650.0 1.15064
6250.0 3650.0 0.87629
6350.0 3650.0 0.67488
50.0 3750.0 1.12329
150.0 3750.0 1.74713
250.0 3750.0 2.48286
350.0 3750.0 3.10900
450.0 3750.0 3.35843
550.0 3750.0 3.13187
650.0 3750.0 2.56188
750.0 3750.0 1.92738
850.0 3750.0 1.41908
950.0 3750.0 0.97331
1050.0 3750.0 0.65399
1150.0 3750.0 0.54460
1250.0 3750.0 0.64697
1350.0 3750.0 0.86933
1450.0 3750.0 1.05969
1550.0 3750.0 1.08437
1650.0 3750.0 0.95142
1750.0 3750.0 0.86809
1850.0 3750.0 0.93233
1950.0 3750.0 1.06657
2050.0 3750.0 1.13961
2150.0 3750.0 1.05229
2250.0 3750.0 0.78069
2350.0 3750.0 0.37694
2450.0 3750.0 -0.07727
2550.0 3750.0 -0.66056
2650.0 3750.0 -1.36966
2750.0 3750.0 -1.94891
2850.0 3750.0 -2.15839
2950.0 3750.0 -1.93622
3050.0 3750.0 -1.42593
3150.0 3750.0 -0.86889
3250.0 3750.0 -0.37390
3350.0 3750.0 0.07168
3450.0 3750.0 0.38797
3550.0 3750.0 0.52672
3650.0 3750.0 0.51263
3750.0 3750.0 0.44106
3850.0 3750.0 0.43805
3950.0 3750.0 0.58259
4050.0 3750.0 0.80686
4150.0 3750.0 0.99203
4250.0 3750.0 1.04810
4350.0 3750.0 0.91550
4450.0 3750.0 0.61250
4550.0 3750.0 0.23796
4650.0 3750.0 -0.07282
4750.0 3750.0 -0.23897
4850.0 3750.0 -0.38525
4950.0 3750.0 -0.82604
5050.0 3750.0 -1.52191
5150.0 3750.0 -2.18445
5250.0 3750.0 -2.53244
5350.0 3750.0 -2.44022
5450.0 3750.0 -1.97731
5550.0 3750.0 -1.33935
5650.0 3750.0 -0.65859
5750.0 3750.0 0.06107
5850.0 3750.0 0.66803
5950.0 3750.0 0.99021
6050.0 3750.0 0.97870
6150.0 3750.0 0.74704
6250.0 3750.0 0.50624
6350.0 3750.0 0.39550
50.0 3850.0 0.59745
150.0 3850.0 1.29006
250.0 3850.0 2.11071
350.0 3850.0 2.80283
450.0 3850.0 3.05793
550.0 3850.0 2.76221
650.0 3850.0 2.07016
750.0 3850.0 1.30518
850.0 3850.0 0.68757
950.0 3850.0 0.14152
1050.0 3850.0 -0.24867
1150.0 3850.0 -0.36083
1250.0 3850.0 -0.17683
1350.0 3850.0 0.19016
1450.0 3850.0 0.53557
1550.0 3850.0 0.67057
1650.0 3850.0 0.59583
1750.0 3850.0 0.58687
1850.0 3850.0 0.77648
1950.0 3850.0 1.06423
2050.0 3850.0 1.27667
2150.0 3850.0 1.28013
2250.0 3850.0 1.03890
2350.0 3850.0 0.61854
2450.0 3850.0 0.12792
2550.0 3850.0 -0.53403
2650.0 3850.0 -1.38500
2750.0 3850.0 -2.11963
2850.0 3850.0 -2.43363
2950.0 3850.0 -2.22633
3050.0 3850.0 -1.64428
3150.0 3850.0 -0.96572
3250.0 3850.0 -0.33853
3350.0 3850.0 0.23316
3450.0 3850.0 0.63757
3550.0 3850.0 0.79334
3650.0 3850.0 0.71977
3750.0 3850.0 0.54276
3850.0 3850.0 0.44175
3950.0 3850.0 0.53759
4050.0 3850.0 0.74313
4150.0 3850.0 0.90114
4250.0 3850.0 0.93361
4350.0 3850.0 0.80597
4450.0 3850.0 0.55068
4550.0 3850.0 0.26012
4650.0 3850.0 0.04611
4750.0 3850.0 -0.03377
4850.0 3850.0 -0.10037
4950.0 3850.0 -0.45486
5050.0 3850.0 -1.07077
5150.0 3850.0 -1.67916
5250.0 3850.0 -2.00767
5350.0 3850.0 -1.92265
5450.0 3850.0 -1.47344
5550.0 3850.0 -0.83864
5650.0 3850.0 -0.17104
5750.0 3850.0 0.45725
5850.0 3850.0 0.88832
5950.0 3850.0 0.99722
6050.0 3850.0 0.79822
6150.0 3850.0 0.45534
6250.0 3850.0 0.19719
6350.0 3850.0 0.13613
50.0 3950.0 0.14321
150.0 3950.0 0.85659
250.0 3950.0 1.69796
350.0 3950.0 2.39867
450.0 3950.0 2.63943
550.0 3950.0 2.30576
650.0 3950.0 1.56298
750.0 3950.0 0.75076
850.0 3950.0 0.09746
950.0 3950.0 -0.48001
1050.0 3950.0 -0.89017
1150.0 3950.0 -0.99842
1250.0 3950.0 -0.78239
1350.0 3950.0 -0.36356
1450.0 3950.0 0.03538
1550.0 3950.0 0.20735
1650.0 3950.0 0.15140
1750.0 3950.0 0.16878
1850.0 3950.0 0.40788
1950.0 3950.0 0.76081
2050.0 3950.0 1.03713
2150.0 3950.0 1.08737
2250.0 3950.0 0.86789
2350.0 3950.0 0.44697
2450.0 3950.0 -0.05417
2550.0 3950.0 -0.71387
2650.0 3950.0 -1.52439
2750.0 3950.0 -2.17040
2850.0 3950.0 -2.35794
2950.0 3950.0 -2.01365
3050.0 3950.0 -1.31741
3150.0 3950.0 -0.56806
3250.0 3950.0 0.10064
3350.0 3950.0 0.67195
3450.0 3950.0 0.99262
3550.0 3950.0 0.98269
3650.0 3950.0 0.69915
3750.0 3950.0 0.32506
3850.0 3950.0 0.09304
3950.0 3950.0 0.14282
4050.0 3950.0 0.34350
4150.0 3950.0 0.51494
4250.0 3950.0 0.59435
4350.0 3950.0 0.54764
4450.0 3950.0 0.39312
4550.0 3950.0 0.19992
4650.0 3950.0 0.05740
4750.0 3950.0 0.01565
4850.0 3950.0 -0.02194
4950.0 3950.0 -0.31864
5050.0 3950.0 -0.84135
5150.0 3950.0 -1.33826
5250.0 3950.0 -1.56243
5350.0 3950.0 -1.40182
5450.0 3950.0 -0.91496
5550.0 3950.0 -0.27212
5650.0 3950.0 0.38557
5750.0 3950.0 0.94772
5850.0 3950.0 1.24659
5950.0 3950.0 1.18601
6050.0 3950.0 0.82505
6150.0 3950.0 0.36878
6250.0 3950.0 0.06599
6350.0 3950.0 0.01407
50.0 4050.0 -0.22959
150.0 4050.0 0.48040
250.0 4050.0 1.31305
350.0 4050.0 1.99912
450.0 4050.0 2.22202
550.0 4050.0 1.87135
650.0 4050.0 1.11607
750.0 4050.0 0.29759
850.0 4050.0 -0.35735
950.0 4050.0 -0.93599
1050.0 4050.0 -1.34766
1150.0 4050.0 -1.45670
1250.0 4050.0 -1.23968
1350.0 4050.0 -0.81781
1450.0 4050.0 -0.41455
1550.0 4050.0 -0.23821
1650.0 4050.0 -0.29039
1750.0 4050.0 -0.26751
1850.0 4050.0 -0.01853
1950.0 4050.0 0.34760
2050.0 4050.0 0.63753
2150.0 4050.0 0.69877
2250.0 4050.0 0.48585
2350.0 4050.0 0.06716
2450.0 4050.0 -0.43280
2550.0 4050.0 -1.05144
2650.0 4050.0 -1.73315
2750.0 4050.0 -2.17149
2850.0 4050.0 -2.11896
2950.0 4050.0 -1.56194
3050.0 4050.0 -0.72886
3150.0 4050.0 0.06817
3250.0 4050.0 0.73558
3350.0 4050.0 1.24767
3450.0 4050.0 1.40557
3550.0 4050.0 1.14628
3650.0 4050.0 0.58366
3750.0 4050.0 -0.03021
3850.0 4050.0 -0.40979
3950.0 4050.0 -0.40685
4050.0 4050.0 -0.20709
4150.0 4050.0 -0.00910
4250.0 4050.0 0.14003
4350.0 4050.0 0.19754
4450.0 4050.0 0.15764
4550.0 4050.0 0.06099
4650.0 4050.0 -0.02410
4750.0 4050.0 -0.04881
4850.0 4050.0 -0.07855
4950.0 4050.0 -0.32845
5050.0 4050.0 -0.75073
5150.0 4050.0 -1.11072
5250.0 4050.0 -1.19472
5350.0 4050.0 -0.92502
5450.0 4050.0 -0.38135
5550.0 4050.0 0.27144
5650.0 4050.0 0.91909
5750.0 4050.0 1.43179
5850.0 4050.0 1.63285
5950.0 4050.0 1.44426
6050.0 4050.0 0.95625
6150.0 4050.0 0.40452
6250.0 4050.0 0.05497
6350.0 4050.0 -0.00385
50.0 4150.0 -0.68882
150.0 4150.0 -0.01681
250.0 4150.0 0.77921
350.0 4150.0 1.43889
450.0 4150.0 1.65281
550.0 4150.0 1.31004
650.0 4150.0 0.57081
750.0 4150.0 -0.23570
850.0 4150.0 -0.88818
950.0 4150.0 -1.47053
1050.0 4150.0 -1.89394
1150.0 4150.0 -2.01270
1250.0 4150.0 -1.79079
1350.0 4150.0 -1.34367
1450.0 4150.0 -0.89883
1550.0 4150.0 -0.67534
1650.0 4150.0 -0.68265
1750.0 4150.0 -0.61482
1850.0 4150.0 -0.32487
1950.0 4150.0 0.06807
2050.0 4150.0 0.36474
2150.0 4150.0 0.41600
2250.0 4150.0 0.18793
2350.0 4150.0 -0.23822
2450.0 4150.0 -0.73498
2550.0 4150.0 -1.30519
2650.0 4150.0 -1.84521
2750.0 4150.0 -2.06422
2850.0 4150.0 -1.76852
2950.0 4150.0 -1.00733
3050.0 4150.0 -0.05532
3150.0 4150.0 0.76798
3250.0 4150.0 1.41343
3350.0 4150.0 1.85351
3450.0 4150.0 1.84925
3550.0 4150.0 1.35071
3650.0 4150.0 0.52019
3750.0 4150.0 -0.32993
3850.0 4150.0 -0.86657
3950.0 4150.0 -0.93244
4050.0 4150.0 -0.76230
4150.0 4150.0 -0.58276
4250.0 4150.0 -0.42497
4350.0 4150.0 -0.32293
4450.0 4150.0 -0.28858
4550.0 4150.0 -0.30142
4650.0 4150.0 -0.31841
4750.0 4150.0 -0.30434
4850.0 4150.0 -0.29960
4950.0 4150.0 -0.45434
5050.0 4150.0 -0.70966
5150.0 4150.0 -0.86994
5250.0 4150.0 -0.77549
5350.0 4150.0 -0.39168
5450.0 4150.0 0.18664
5550.0 4150.0 0.81505
5650.0 4150.0 1.41832
5750.0 4150.0 1.85894
5850.0 4150.0 1.96408
5950.0 4150.0 1.67829
6050.0 4150.0 1.11487
6150.0 4150.0 0.52192
6250.0 4150.0 0.16291
6350.0 4150.0 0.11193
50.0 4250.0 -1.15748
150.0 4250.0 -0.57968
250.0 4250.0 0.13595
350.0 4250.0 0.75329
450.0 4250.0 0.97640
550.0 4250.0 0.68522
650.0 4250.0 0.01008
750.0 4250.0 -0.75492
850.0 4250.0 -1.39957
950.0 4250.0 -1.99290
1050.0 4250.0 -2.45291
1150.0 4250.0 -2.60871
1250.0 4250.0 -2.38976
1350.0 4250.0 -1.89303
1450.0 4250.0 -1.35290
1550.0 4250.0 -1.01403
1650.0 4250.0 -0.90782
1750.0 4250.0 -0.72948
1850.0 4250.0 -0.34900
1950.0 4250.0 0.08880
2050.0 4250.0 0.37471
2150.0 4250.0 0.37498
2250.0 4250.0 0.09108
2350.0 4250.0 -0.36083
2450.0 4250.0 -0.85202
2550.0 4250.0 -1.37273
2650.0 4250.0 -1.78309
2750.0 4250.0 -1.81623
2850.0 4250.0 -1.33217
2950.0 4250.0 -0.43309
3050.0 4250.0 0.57581
3150.0 4250.0 1.37986
3250.0 4250.0 1.97129
3350.0 4250.0 2.33628
3450.0 4250.0 2.21696
3550.0 4250.0 1.56478
3650.0 4250.0 0.56055
3750.0 4250.0 -0.45604
3850.0 4250.0 -1.12701
3950.0 4250.0 -1.28672
4050.0 4250.0 -1.19395
4150.0 4250.0 -1.10871
4250.0 4250.0 -1.04579
4350.0 4250.0 -1.00077
4450.0 4250.0 -0.96121
4550.0 4250.0 -0.91239
4650.0 4250.0 -0.84337
4750.0 4250.0 -0.75346
4850.0 4250.0 -0.67092
4950.0 4250.0 -0.66719
5050.0 4250.0 -0.68487
5150.0 4250.0 -0.59735
5250.0 4250.0 -0.32008
5350.0 4250.0 0.13887
5450.0 4250.0 0.68934
5550.0 4250.0 1.23082
5650.0 4250.0 1.73327
5750.0 4250.0 2.06818
5850.0 4250.0 2.08898
5950.0 4250.0 1.76874
6050.0 4250.0 1.22774
6150.0 4250.0 0.69333
6250.0 4250.0 0.39227
6350.0 4250.0 0.37529
50.0 4350.0 -1.43309
150.0 4350.0 -0.99338
250.0 4350.0 -0.39067
350.0 4350.0 0.17551
450.0 4350.0 0.42696
550.0 4350.0 0.22648
650.0 4350.0 -0.34323
750.0 4350.0 -1.04181
850.0 4350.0 -1.67415
950.0 4350.0 -2.28651
1050.0 4350.0 -2.81284
1150.0 4350.0 -3.04559
1250.0 4350.0 -2.85872
1350.0 4350.0 -2.31504
1450.0 4350.0 -1.65280
1550.0 4350.0 -1.15163
1650.0 4350.0 -0.87861
1750.0 4350.0 -0.53988
1850.0 4350.0 -0.03609
1950.0 4350.0 0.45019
2050.0 4350.0 0.69886
2150.0 4350.0 0.60422
2250.0 4350.0 0.22458
2350.0 4350.0 -0.27061
2450.0 4350.0 -0.75495
2550.0 4350.0 -1.23865
2650.0 4350.0 -1.57061
2750.0 4350.0 -1.51157
2850.0 4350.0 -0.96015
2950.0 4350.0 -0.04442
3050.0 4350.0 0.92806
3150.0 4350.0 1.66146
3250.0 4350.0 2.17411
3350.0 4350.0 2.48359
3450.0 4350.0 2.34693
3550.0 4350.0 1.70123
3650.0 4350.0 0.70094
3750.0 4350.0 -0.33863
3850.0 4350.0 -1.07200
3950.0 4350.0 -1.32869
4050.0 4350.0 -1.35053
4150.0 4350.0 -1.41976
4250.0 4350.0 -1.53436
4350.0 4350.0 -1.62803
4450.0 4350.0 -1.63949
4550.0 4350.0 -1.54802
4650.0 4350.0 -1.37981
4750.0 4350.0 -1.18512
4850.0 4350.0 -0.99368
4950.0 4350.0 -0.80719
5050.0 4350.0 -0.58871
5150.0 4350.0 -0.29508
5250.0 4350.0 0.08568
5350.0 4350.0 0.52335
5450.0 4350.0 0.96135
5550.0 4350.0 1.35904
5650.0 4350.0 1.71740
5750.0 4350.0 1.92742
5850.0 4350.0 1.88794
5950.0 4350.0 1.60257
6050.0 4350.0 1.18102
6150.0 4350.0 0.79898
6250.0 4350.0 0.61659
6350.0 4350.0 0.65553
50.0 4450.0 -1.38204
150.0 4450.0 -1.09201
250.0 4450.0 -0.60856
350.0 4450.0 -0.09088
450.0 4450.0 0.20076
550.0 4450.0 0.10827
650.0 4450.0 -0.33983
750.0 4450.0 -0.96285
850.0 4450.0 -1.58134
950.0 4450.0 -2.21810
1050.0 4450.0 -2.83277
1150.0 4450.0 -3.17860
1250.0 4450.0 -3.06314
1350.0 4450.0 -2.50301
1450.0 4450.0 -1.73238
1550.0 4450.0 -1.06515
1650.0 4450.0 -0.61163
1750.0 4450.0 -0.10108
1850.0 4450.0 0.52657
1950.0 4450.0 1.04788
2050.0 4450.0 1.23468
2150.0 4450.0 1.01712
2250.0 4450.0 0.51996
2350.0 4450.0 -0.02757
2450.0 4450.0 -0.50551
2550.0 4450.0 -0.97384
2650.0 4450.0 -1.29853
2750.0 4450.0 -1.26502
2850.0 4450.0 -0.78586
2950.0 4450.0 0.01889
3050.0 4450.0 0.86855
3150.0 4450.0 1.49587
3250.0 4450.0 1.92353
3350.0 4450.0 2.21296
3450.0 4450.0 2.16861
3550.0 4450.0 1.70007
3650.0 4450.0 0.89390
3750.0 4450.0 -0.00824
3850.0 4450.0 -0.71044
3950.0 4450.0 -1.04241
4050.0 4450.0 -1.18866
4150.0 4450.0 -1.42962
4250.0 4450.0 -1.74618
4350.0 4450.0 -2.00346
4450.0 4450.0 -2.08403
4550.0 4450.0 -1.95730
4650.0 4450.0 -1.68750
4750.0 4450.0 -1.38039
4850.0 4450.0 -1.07552
4950.0 4450.0 -0.73439
5050.0 4450.0 -0.35808
5150.0 4450.0 0.02176
5250.0 4450.0 0.37117
5350.0 4450.0 0.67134
5450.0 4450.0 0.92518
5550.0 4450.0 1.15299
5650.0 4450.0 1.35685
5750.0 4450.0 1.44662
5850.0 4450.0 1.37389
5950.0 4450.0 1.16969
6050.0 4450.0 0.92174
6150.0 4450.0 0.73882
6250.0 4450.0 0.70232
6350.0 4450.0 0.80501
50.0 4550.0 -1.02882
150.0 4550.0 -0.86318
250.0 4550.0 -0.47685
350.0 4550.0 0.00492
450.0 4550.0 0.33593
550.0 4550.0 0.33923
650.0 4550.0 -0.00320
750.0 4550.0 -0.56118
850.0 4550.0 -1.16785
950.0 4550.0 -1.82926
1050.0 4550.0 -2.53636
1150.0 4550.0 -3.01063
1250.0 4550.0 -2.99724
1350.0 4550.0 -2.46380
1450.0 4550.0 -1.63146
1550.0 4550.0 -0.83823
1650.0 4550.0 -0.23555
1750.0 4550.0 0.41539
1850.0 4550.0 1.13585
1950.0 4550.0 1.66847
2050.0 4550.0 1.78224
2150.0 4550.0 1.44247
2250.0 4550.0 0.83399
2350.0 4550.0 0.23757
2450.0 4550.0 -0.23592
2550.0 4550.0 -0.70917
2650.0 4550.0 -1.08341
2750.0 4550.0 -1.16082
2850.0 4550.0 -0.84557
2950.0 4550.0 -0.22528
3050.0 4550.0 0.46276
3150.0 4550.0 0.98089
3250.0 4550.0 1.33836
3350.0 4550.0 1.64186
3450.0 4550.0 1.75922
3550.0 4550.0 1.56801
3650.0 4550.0 1.06836
3750.0 4550.0 0.40460
3850.0 4550.0 -0.19607
3950.0 4550.0 -0.56768
4050.0 4550.0 -0.81683
4150.0 4550.0 -1.19683
4250.0 4550.0 -1.67153
4350.0 4550.0 -2.05031
4450.0 4550.0 -2.17242
4550.0 4550.0 -2.00300
4650.0 4550.0 -1.64087
4750.0 4550.0 -1.23802
4850.0 4550.0 -0.84321
4950.0 4550.0 -0.41326
5050.0 4550.0 0.00483
5150.0 4550.0 0.33153
5250.0 4550.0 0.52457
5350.0 4550.0 0.60669
5450.0 4550.0 0.65120
5550.0 4550.0 0.72534
5650.0 4550.0 0.80124
5750.0 4550.0 0.79639
5850.0 4550.0 0.70755
5950.0 4550.0 0.58652
6050.0 4550.0 0.49891
6150.0 4550.0 0.49391
6250.0 4550.0 0.58505
6350.0 4550.0 0.74192
50.0 4650.0 -0.53955
150.0 4650.0 -0.44657
250.0 4650.0 -0.11605
350.0 4650.0 0.34679
450.0 4650.0 0.70360
550.0 4650.0 0.76569
650.0 4650.0 0.48715
750.0 4650.0 -0.03179
850.0 4650.0 -0.63140
950.0 4650.0 -1.31227
1050.0 4650.0 -2.09546
1150.0 4650.0 -2.68487
1250.0 4650.0 -2.78096
1350.0 4650.0 -2.31037
1450.0 4650.0 -1.47536
1550.0 4650.0 -0.62289
1650.0 4650.0 0.06559
1750.0 4650.0 0.79576
1850.0 4650.0 1.55970
1950.0 4650.0 2.08035
2050.0 4650.0 2.12904
2150.0 4650.0 1.69721
2250.0 4650.0 1.00967
2350.0 4650.0 0.37916
2450.0 4650.0 -0.09243
2550.0 4650.0 -0.58009
2650.0 4650.0 -1.01938
2750.0 4650.0 -1.21988
2850.0 4650.0 -1.06784
2950.0 4650.0 -0.61519
3050.0 4650.0 -0.06019
3150.0 4650.0 0.38053
3250.0 4650.0 0.69747
3350.0 4650.0 1.03185
3450.0 4650.0 1.30633
3550.0 4650.0 1.37298
3650.0 4650.0 1.15937
3750.0 4650.0 0.72635
3850.0 4650.0 0.24076
3950.0 4650.0 -0.13705
4050.0 4650.0 -0.44515
4150.0 4650.0 -0.89500
4250.0 4650.0 -1.43379
4350.0 4650.0 -1.84216
4450.0 4650.0 -1.94378
4550.0 4650.0 -1.71239
4650.0 4650.0 -1.27490
4750.0 4650.0 -0.81043
4850.0 4650.0 -0.36724
4950.0 4650.0 0.07732
5050.0 4650.0 0.43614
5150.0 4650.0 0.61515
5250.0 4650.0 0.59516
5350.0 4650.0 0.45316
5450.0 4650.0 0.32307
5550.0 4650.0 0.29599
5650.0 4650.0 0.29635
5750.0 4650.0 0.23230
5850.0 4650.0 0.12626
5950.0 4650.0 0.04359
6050.0 4650.0 0.03946
6150.0 4650.0 0.13072
6250.0 4650.0 0.29262
6350.0 4650.0 0.48054
50.0 4750.0 -0.09969
150.0 4750.0 -0.02661
250.0 4750.0 0.28869
350.0 4750.0 0.74652
450.0 4750.0 1.11063
550.0 4750.0 1.18906
650.0 4750.0 0.92821
750.0 4750.0 0.42004
850.0 4750.0 -0.17763
950.0 4750.0 -0.87045
1050.0 4750.0 -1.70339
1150.0 4750.0 -2.37690
1250.0 4750.0 -2.56842
1350.0 4750.0 -2.17724
1450.0 4750.0 -1.38559
1550.0 4750.0 -0.53605
1650.0 4750.0 0.17390
1750.0 4750.0 0.92218
1850.0 4750.0 1.68480
1950.0 4750.0 2.17959
2050.0 4750.0 2.18334
2150.0 4750.0 1.70140
2250.0 4750.0 0.97533
2350.0 4750.0 0.32885
2450.0 4750.0 -0.14291
2550.0 4750.0 -0.64210
2650.0 4750.0 -1.12298
2750.0 4750.0 -1.39554
2850.0 4750.0 -1.33253
2950.0 4750.0 -0.96513
3050.0 4750.0 -0.47190
3150.0 4750.0 -0.06127
3250.0 4750.0 0.24514
3350.0 4750.0 0.60693
3450.0 4750.0 0.97659
3550.0 4750.0 1.19365
3650.0 4750.0 1.14743
3750.0 4750.0 0.85380
3850.0 4750.0 0.44621
3950.0 4750.0 0.08092
4050.0 4750.0 -0.24134
4150.0 4750.0 -0.68959
4250.0 4750.0 -1.19479
4350.0 4750.0 -1.53675
4450.0 4750.0 -1.55241
4550.0 4750.0 -1.23778
4650.0 4750.0 -0.74150
4750.0 4750.0 -0.25019
4850.0 4750.0 0.20153
4950.0 4750.0 0.60859
5050.0 4750.0 0.85828
5150.0 4750.0 0.86752
5250.0 4750.0 0.65445
5350.0 4750.0 0.34408
5450.0 4750.0 0.10844
5550.0 4750.0 0.04117
5650.0 4750.0 0.01873
5750.0 4750.0 -0.07503
5850.0 4750.0 -0.21350
5950.0 4750.0 -0.32260
6050.0 4750.0 -0.34104
6150.0 4750.0 -0.25178
6250.0 4750.0 -0.08473
6350.0 4750.0 0.10926
50.0 4850.0 0.28203
150.0 4850.0 0.35557
250.0 4850.0 0.67029
350.0 4850.0 1.12616
450.0 4850.0 1.48726
550.0 4850.0 1.56239
650.0 4850.0 1.29887
750.0 4850.0 0.78931
850.0 4850.0 0.19133
950.0 4850.0 -0.50990
1050.0 4850.0 -1.37967
1150.0 4850.0 -2.12065
1250.0 4850.0 -2.39704
1350.0 4850.0 -2.08756
1450.0 4850.0 -1.35507
1550.0 4850.0 -0.53277
1650.0 4850.0 0.17218
1750.0 4850.0 0.91422
1850.0 4850.0 1.66067
1950.0 4850.0 2.13041
2050.0 4850.0 2.10587
2150.0 4850.0 1.59929
2250.0 4850.0 0.85757
2350.0 4850.0 0.20572
2450.0 4850.0 -0.26573
2550.0 4850.0 -0.76976
2650.0 4850.0 -1.26905
2750.0 4850.0 -1.57418
2850.0 4850.0 -1.55218
2950.0 4850.0 -1.22481
3050.0 4850.0 -0.76137
3150.0 4850.0 -0.36611
3250.0 4850.0 -0.06588
3350.0 4850.0 0.30996
3450.0 4850.0 0.73246
3550.0 4850.0 1.03769
3650.0 4850.0 1.09563
3750.0 4850.0 0.89592
3850.0 4850.0 0.54965
3950.0 4850.0 0.20705
4050.0 4850.0 -0.10796
4150.0 4850.0 -0.52689
4250.0 4850.0 -0.96775
4350.0 4850.0 -1.21964
4450.0 4850.0 -1.14045
4550.0 4850.0 -0.74890
4650.0 4850.0 -0.20883
4750.0 4850.0 0.29414
4850.0 4850.0 0.74031
4950.0 4850.0 1.09501
5050.0 4850.0 1.22716
5150.0 4850.0 1.07314
5250.0 4850.0 0.69063
5350.0 4850.0 0.24664
5450.0 4850.0 -0.05991
5550.0 4850.0 -0.14082
5650.0 4850.0 -0.16387
5750.0 4850.0 -0.27297
5850.0 4850.0 -0.44612
5950.0 4850.0 -0.60358
6050.0 4850.0 -0.67253
6150.0 4850.0 -0.62335
6250.0 4850.0 -0.47786
6350.0 4850.0 -0.28921
50.0 4950.0 0.63238
150.0 4950.0 0.71293
250.0 4950.0 1.02729
350.0 4950.0 1.47207
450.0 4950.0 1.81282
550.0 4950.0 1.86380
650.0 4950.0 1.57969
750.0 4950.0 1.05889
850.0 4950.0 0.45847
950.0 4950.0 -0.24819
1050.0 4950.0 -1.14187
1150.0 4950.0 -1.93201
1250.0 4950.0 -2.27857
1350.0 4950.0 -2.04689
1450.0 4950.0 -1.38245
1550.0 4950.0 -0.60574
1650.0 4950.0 0.07242
1750.0 4950.0 0.79165
1850.0 4950.0 1.52421
1950.0 4950.0 1.99690
2050.0 4950.0 1.99391
2150.0 4950.0 1.52081
2250.0 4950.0 0.81183
2350.0 4950.0 0.18050
2450.0 4950.0 -0.28110
2550.0 4950.0 -0.76476
2650.0 4950.0 -1.22997
2750.0 4950.0 -1.50727
2850.0 4950.0 -1.48417
2950.0 4950.0 -1.18994
3050.0 4950.0 -0.78519
3150.0 4950.0 -0.45634
3250.0 4950.0 -0.21979
3350.0 4950.0 0.10312
3450.0 4950.0 0.51185
3550.0 4950.0 0.86541
3650.0 4950.0 1.03181
3750.0 4950.0 0.97070
3850.0 4950.0 0.74782
3950.0 4950.0 0.48129
4050.0 4950.0 0.21407
4150.0 4950.0 -0.16479
4250.0 4950.0 -0.58524
4350.0 4950.0 -0.84380
4450.0 4950.0 -0.79455
4550.0 4950.0 -0.44143
4650.0 4950.0 0.07093
4750.0 4950.0 0.56775
4850.0 4950.0 1.01078
4950.0 4950.0 1.31302
5050.0 4950.0 1.32726
5150.0 4950.0 1.01402
5250.0 4950.0 0.47349
5350.0 4950.0 -0.08601
5450.0 4950.0 -0.44235
5550.0 4950.0 -0.51659
5650.0 4950.0 -0.51708
5750.0 4950.0 -0.60208
5850.0 4950.0 -0.75807
5950.0 4950.0 -0.91452
6050.0 4950.0 -1.00081
6150.0 4950.0 -0.98062
6250.0 4950.0 -0.86387
6350.0 4950.0 -0.69619
50.0 5050.0 0.85193
150.0 5050.0 0.94940
250.0 5050.0 1.26717
350.0 5050.0 1.69474
450.0 5050.0 1.99942
550.0 5050.0 2.00544
650.0 5050.0 1.68180
750.0 5050.0 1.13886
850.0 5050.0 0.53338
950.0 5050.0 -0.17218
1050.0 5050.0 -1.06146
1150.0 5050.0 -1.85671
1250.0 5050.0 -2.23023
1350.0 5050.0 -2.04970
1450.0 5050.0 -1.45118
1550.0 5050.0 -0.73989
1650.0 5050.0 -0.11915
1750.0 5050.0 0.55133
1850.0 5050.0 1.26539
1950.0 5050.0 1.76784
2050.0 5050.0 1.84196
2150.0 5050.0 1.47113
2250.0 5050.0 0.85458
2350.0 5050.0 0.27717
2450.0 5050.0 -0.16103
2550.0 5050.0 -0.58748
2650.0 5050.0 -0.94191
2750.0 5050.0 -1.10295
2850.0 5050.0 -1.01688
2950.0 5050.0 -0.74526
3050.0 5050.0 -0.44093
3150.0 5050.0 -0.25268
3250.0 5050.0 -0.16377
3350.0 5050.0 0.00371
3450.0 5050.0 0.28804
3550.0 5050.0 0.61082
3650.0 5050.0 0.86824
3750.0 5050.0 0.99030
3850.0 5050.0 0.96845
3950.0 5050.0 0.85153
4050.0 5050.0 0.69120
4150.0 5050.0 0.37470
4250.0 5050.0 -0.07217
4350.0 5050.0 -0.45294
4450.0 5050.0 -0.58775
4550.0 5050.0 -0.41803
4650.0 5050.0 -0.02406
4750.0 5050.0 0.44435
4850.0 5050.0 0.88926
4950.0 5050.0 1.15016
5050.0 5050.0 1.07072
5150.0 5050.0 0.63837
5250.0 5050.0 -0.00820
5350.0 5050.0 -0.62903
5450.0 5050.0 -0.98968
5550.0 5050.0 -1.02484
5650.0 5050.0 -0.96995
5750.0 5050.0 -0.97694
5850.0 5050.0 -1.04704
5950.0 5050.0 -1.13924
6050.0 5050.0 -1.20306
6150.0 5050.0 -1.20195
6250.0 5050.0 -1.12741
6350.0 5050.0 -1.00383
50.0 5150.0 0.85828
150.0 5150.0 0.98080
250.0 5150.0 1.30978
350.0 5150.0 1.72555
450.0 5150.0 1.99554
550.0 5150.0 1.95402
650.0 5150.0 1.58641
750.0 5150.0 1.01784
850.0 5150.0 0.40603
950.0 5150.0 -0.29062
1050.0 5150.0 -1.14164
1150.0 5150.0 -1.88582
1250.0 5150.0 -2.22477
1350.0 5150.0 -2.04739
1450.0 5150.0 -1.49289
1550.0 5150.0 -0.85257
1650.0 5150.0 -0.31058
1750.0 5150.0 0.28927
1850.0 5150.0 0.97037
1950.0 5150.0 1.50304
2050.0 5150.0 1.67181
2150.0 5150.0 1.43228
2250.0 5150.0 0.93730
2350.0 5150.0 0.43249
2450.0 5150.0 0.02713
2550.0 5150.0 -0.31501
2650.0 5150.0 -0.50188
2750.0 5150.0 -0.48064
2850.0 5150.0 -0.28460
2950.0 5150.0 -0.02608
3050.0 5150.0 0.14874
3150.0 5150.0 0.14296
3250.0 5150.0 0.02293
3350.0 5150.0 -0.04663
3450.0 5150.0 0.01303
3550.0 5150.0 0.21710
3650.0 5150.0 0.51882
3750.0 5150.0 0.82727
3850.0 5150.0 1.04501
3950.0 5150.0 1.12563
4050.0 5150.0 1.11577
4150.0 5150.0 0.88753
4250.0 5150.0 0.40422
4350.0 5150.0 -0.14768
4450.0 5150.0 -0.54076
4550.0 5150.0 -0.62859
4650.0 5150.0 -0.40096
4750.0 5150.0 0.02756
4850.0 5150.0 0.47977
4950.0 5150.0 0.72253
5050.0 5150.0 0.60088
5150.0 5150.0 0.12567
5250.0 5150.0 -0.54012
5350.0 5150.0 -1.14397
5450.0 5150.0 -1.45489
5550.0 5150.0 -1.42292
5650.0 5150.0 -1.28951
5750.0 5150.0 -1.18384
5850.0 5150.0 -1.12735
5950.0 5150.0 -1.12166
6050.0 5150.0 -1.14646
6150.0 5150.0 -1.16665
6250.0 5150.0 -1.14881
6350.0 5150.0 -1.08695
50.0 5250.0 0.65783
150.0 5250.0 0.80818
250.0 5250.0 1.15698
350.0 5250.0 1.57597
450.0 5250.0 1.82970
550.0 5250.0 1.75808
650.0 5250.0 1.35895
750.0 5250.0 0.77040
850.0 5250.0 0.15296
950.0 5250.0 -0.52905
1050.0 5250.0 -1.31675
1150.0 5250.0 -1.96523
1250.0 5250.0 -2.21557
1350.0 5250.0 -1.99187
1450.0 5250.0 -1.44850
1550.0 5250.0 -0.86756
1650.0 5250.0 -0.40685
1750.0 5250.0 0.11409
1850.0 5250.0 0.74377
1950.0 5250.0 1.27969
2050.0 5250.0 1.51381
2150.0 5250.0 1.38097
2250.0 5250.0 0.99263
2350.0 5250.0 0.55584
2450.0 5250.0 0.18447
2550.0 5250.0 -0.06799
2650.0 5250.0 -0.07548
2750.0 5250.0 0.14248
2850.0 5250.0 0.45993
2950.0 5250.0 0.70972
3050.0 5250.0 0.75151
3150.0 5250.0 0.54271
3250.0 5250.0 0.20222
3350.0 5250.0 -0.12938
3450.0 5250.0 -0.34082
3550.0 5250.0 -0.31474
3650.0 5250.0 -0.02563
3750.0 5250.0 0.42827
3850.0 5250.0 0.86718
3950.0 5250.0 1.14620
4050.0 5250.0 1.29558
4150.0 5250.0 1.17413
4250.0 5250.0 0.68675
4350.0 5250.0 0.00469
4450.0 5250.0 -0.60632
4550.0 5250.0 -0.92077
4650.0 5250.0 -0.84262
4750.0 5250.0 -0.44942
4850.0 5250.0 0.01363
4950.0 5250.0 0.26398
5050.0 5250.0 0.15761
5150.0 5250.0 -0.27959
5250.0 5250.0 -0.87904
5350.0 5250.0 -1.39630
5450.0 5250.0 -1.61781
5550.0 5250.0 -1.50721
5650.0 5250.0 -1.29211
5750.0 5250.0 -1.07392
5850.0 5250.0 -0.89663
5950.0 5250.0 -0.80447
6050.0 5250.0 -0.80485
6150.0 5250.0 -0.86015
6250.0 5250.0 -0.90836
6350.0 5250.0 -0.91253
50.0 5350.0 0.35617
150.0 5350.0 0.53056
250.0 5350.0 0.90444
350.0 5350.0 1.34390
450.0 5350.0 1.60773
550.0 5350.0 1.53471
650.0 5350.0 1.12713
750.0 5350.0 0.53056
850.0 5350.0 -0.09026
950.0 5350.0 -0.75666
1050.0 5350.0 -1.47664
1150.0 5350.0 -2.01764
1250.0 5350.0 -2.15864
1350.0 5350.0 -1.86145
1450.0 5350.0 -1.30129
1550.0 5350.0 -0.75684
1650.0 5350.0 -0.36029
1750.0 5350.0 0.09081
1850.0 5350.0 0.65557
1950.0 5350.0 1.15374
2050.0 5350.0 1.39194
2150.0 5350.0 1.30034
2250.0 5350.0 0.96755
2350.0 5350.0 0.57353
2450.0 5350.0 0.22857
2550.0 5350.0 0.04725
2650.0 5350.0 0.18107
2750.0 5350.0 0.55259
2850.0 5350.0 0.96245
2950.0 5350.0 1.20071
3050.0 5350.0 1.13279
3150.0 5350.0 0.75995
3250.0 5350.0 0.24193
3350.0 5350.0 -0.30902
3450.0 5350.0 -0.76281
3550.0 5350.0 -0.91736
3650.0 5350.0 -0.68048
3750.0 5350.0 -0.14582
3850.0 5350.0 0.44871
3950.0 5350.0 0.88030
4050.0 5350.0 1.15931
4150.0 5350.0 1.14701
4250.0 5350.0 0.71403
4350.0 5350.0 0.01149
4450.0 5350.0 -0.68394
4550.0 5350.0 -1.10565
4650.0 5350.0 -1.10455
4750.0 5350.0 -0.72850
4850.0 5350.0 -0.25466
4950.0 5350.0 0.01915
5050.0 5350.0 -0.03611
5150.0 5350.0 -0.38874
5250.0 5350.0 -0.87859
5350.0 5350.0 -1.28162
5450.0 5350.0 -1.40723
5550.0 5350.0 -1.22829
5650.0 5350.0 -0.94946
5750.0 5350.0 -0.65303
5850.0 5350.0 -0.40363
5950.0 5350.0 -0.27520
6050.0 5350.0 -0.28939
6150.0 5350.0 -0.39838
6250.0 5350.0 -0.51241
6350.0 5350.0 -0.57180
50.0 5450.0 0.10786
150.0 5450.0 0.29746
250.0 5450.0 0.69586
350.0 5450.0 1.16749
450.0 5450.0 1.46396
550.0 5450.0 1.41679
650.0 5450.0 1.02429
750.0 5450.0 0.43267
850.0 5450.0 -0.18866
950.0 5450.0 -0.84382
1050.0 5450.0 -1.51496
1150.0 5450.0 -1.97577
1250.0 5450.0 -2.03039
1350.0 5450.0 -1.66785
1450.0 5450.0 -1.08076
1550.0 5450.0 -0.54869
1650.0 5450.0 -0.18672
1750.0 5450.0 0.21732
1850.0 5450.0 0.71488
1950.0 5450.0 1.13852
2050.0 5450.0 1.31448
2150.0 5450.0 1.18635
2250.0 5450.0 0.84402
2350.0 5450.0 0.45776
2450.0 5450.0 0.12612
2550.0 5450.0 -0.01878
2650.0 5450.0 0.18427
2750.0 5450.0 0.62654
2850.0 5450.0 1.07138
2950.0 5450.0 1.28924
3050.0 5450.0 1.15191
3150.0 5450.0 0.68566
3250.0 5450.0 0.06955
3350.0 5450.0 -0.60789
3450.0 5450.0 -1.21099
3550.0 5450.0 -1.48938
3650.0 5450.0 -1.30853
3750.0 5450.0 -0.75283
3850.0 5450.0 -0.08697
3950.0 5450.0 0.42418
4050.0 5450.0 0.77717
4150.0 5450.0 0.85868
4250.0 5450.0 0.53889
4350.0 5450.0 -0.05365
4450.0 5450.0 -0.66479
4550.0 5450.0 -1.03768
4650.0 5450.0 -1.01692
4750.0 5450.0 -0.63412
4850.0 5450.0 -0.15317
4950.0 5450.0 0.14258
5050.0 5450.0 0.13571
5150.0 5450.0 -0.14222
5250.0 5450.0 -0.54241
5350.0 5450.0 -0.85928
5450.0 5450.0 -0.91956
5550.0 5450.0 -0.70032
5650.0 5450.0 -0.38932
5750.0 5450.0 -0.06843
5850.0 5450.0 0.18239
5950.0 5450.0 0.27975
6050.0 5450.0 0.20662
6150.0 5450.0 0.02891
6250.0 5450.0 -0.14100
6350.0 5450.0 -0.23415
50.0 5550.0 0.00570
150.0 5550.0 0.20141
250.0 5550.0 0.61972
350.0 5550.0 1.12655
450.0 5550.0 1.46656
550.0 5550.0 1.46078
650.0 5550.0 1.09801
750.0 5550.0 0.52000
850.0 5550.0 -0.09967
950.0 5550.0 -0.75018
1050.0 5550.0 -1.40108
1150.0 5550.0 -1.82706
1250.0 5550.0 -1.84140
1350.0 5550.0 -1.44439
1450.0 5550.0 -0.83731
1550.0 5550.0 -0.30207
1650.0 5550.0 0.05250
1750.0 5550.0 0.43344
1850.0 5550.0 0.87066
1950.0 5550.0 1.20047
2050.0 5550.0 1.27011
2150.0 5550.0 1.04907
2250.0 5550.0 0.64733
2350.0 5550.0 0.24032
2450.0 5550.0 -0.09003
2550.0 5550.0 -0.23155
2650.0 5550.0 -0.02816
2750.0 5550.0 0.40533
2850.0 5550.0 0.82929
2950.0 5550.0 1.01687
3050.0 5550.0 0.84716
3150.0 5550.0 0.35377
3250.0 5550.0 -0.28525
3350.0 5550.0 -0.99572
3450.0 5550.0 -1.64424
3550.0 5550.0 -1.96820
3650.0 5550.0 -1.81940
3750.0 5550.0 -1.27533
3850.0 5550.0 -0.60319
3950.0 5550.0 -0.07691
4050.0 5550.0 0.29700
4150.0 5550.0 0.45000
4250.0 5550.0 0.27937
4350.0 5550.0 -0.10844
4450.0 5550.0 -0.50671
4550.0 5550.0 -0.70877
4650.0 5550.0 -0.59166
4750.0 5550.0 -0.18335
4850.0 5550.0 0.29979
4950.0 5550.0 0.60381
5050.0 5550.0 0.61527
5150.0 5550.0 0.36458
5250.0 5550.0 -0.00456
5350.0 5550.0 -0.29334
5450.0 5550.0 -0.33415
5550.0 5550.0 -0.10472
5650.0 5550.0 0.20927
5750.0 5550.0 0.50749
5850.0 5550.0 0.70052
5950.0 5550.0 0.71329
6050.0 5550.0 0.54863
6150.0 5550.0 0.29568
6250.0 5550.0 0.08310
6350.0 5550.0 -0.02291
50.0 5650.0 -0.03435
150.0 5650.0 0.16719
250.0 5650.0 0.60092
350.0 5650.0 1.13498
450.0 5650.0 1.51022
550.0 5650.0 1.54046
650.0 5650.0 1.20683
750.0 5650.0 0.64643
850.0 5650.0 0.03497
950.0 5650.0 -0.60792
1050.0 5650.0 -1.24807
1150.0 5650.0 -1.66065
1250.0 5650.0 -1.66108
1350.0 5650.0 -1.25189
1450.0 5650.0 -0.63583
1550.0 5650.0 -0.09488
1650.0 5650.0 0.26337
1750.0 5650.0 0.63307
1850.0 5650.0 1.02066
1950.0 5650.0 1.26528
2050.0 5650.0 1.23496
2150.0 5650.0 0.92594
2250.0 5650.0 0.46983
2350.0 5650.0 0.04867
2450.0 5650.0 -0.27276
2550.0 5650.0 -0.41425
2650.0 5650.0 -0.23605
2750.0 5650.0 0.14666
2850.0 5650.0 0.50552
2950.0 5650.0 0.63115
3050.0 5650.0 0.41913
3150.0 5650.0 -0.08997
3250.0 5650.0 -0.73000
3350.0 5650.0 -1.44098
3450.0 5650.0 -2.09037
3550.0 5650.0 -2.41537
3650.0 5650.0 -2.26756
3750.0 5650.0 -1.72420
3850.0 5650.0 -1.05238
3950.0 5650.0 -0.52613
4050.0 5650.0 -0.14733
4150.0 5650.0 0.06441
4250.0 5650.0 0.03786
4350.0 5650.0 -0.14109
4450.0 5650.0 -0.31549
4550.0 5650.0 -0.33436
4650.0 5650.0 -0.11352
4750.0 5650.0 0.31965
4850.0 5650.0 0.80173
4950.0 5650.0 1.11570
5050.0 5650.0 1.15105
5150.0 5650.0 0.93165
5250.0 5650.0 0.59139
5350.0 5650.0 0.32053
5450.0 5650.0 0.28285
5550.0 5650.0 0.50374
5650.0 5650.0 0.80068
5750.0 5650.0 1.05181
5850.0 5650.0 1.16105
5950.0 5650.0 1.06736
6050.0 5650.0 0.79736
6150.0 5650.0 0.46337
6250.0 5650.0 0.20683
6350.0 5650.0 0.08707
50.0 5750.0 -0.05522
150.0 5750.0 0.16743
250.0 5750.0 0.60245
350.0 5750.0 1.11931
450.0 5750.0 1.47207
550.0 5750.0 1.48983
650.0 5750.0 1.16424
750.0 5750.0 0.63405
850.0 5750.0 0.06659
950.0 5750.0 -0.53638
1050.0 5750.0 -1.15975
1150.0 5750.0 -1.58498
1250.0 5750.0 -1.62036
1350.0 5750.0 -1.25165
1450.0 5750.0 -0.66183
1550.0 5750.0 -0.11969
1650.0 5750.0 0.26135
1750.0 5750.0 0.64394
1850.0 5750.0 1.01797
1950.0 5750.0 1.23598
2050.0 5750.0 1.18914
2150.0 5750.0 0.89150
2250.0 5750.0 0.47939
2350.0 5750.0 0.12609
2450.0 5750.0 -0.11978
2550.0 5750.0 -0.21730
2650.0 5750.0 -0.07804
2750.0 5750.0 0.17094
2850.0 5750.0 0.33072
2950.0 5750.0 0.25031
3050.0 5750.0 -0.11099
3150.0 5750.0 -0.67840
3250.0 5750.0 -1.32174
3350.0 5750.0 -2.01425
3450.0 5750.0 -2.60944
3550.0 5750.0 -2.84999
3650.0 5750.0 -2.60685
3750.0 5750.0 -1.98113
3850.0 5750.0 -1.25852
3950.0 5750.0 -0.71635
4050.0 5750.0 -0.33430
4150.0 5750.0 -0.09241
4250.0 5750.0 -0.04934
4350.0 5750.0 -0.13384
4450.0 5750.0 -0.21524
4550.0 5750.0 -0.16749
4650.0 5750.0 0.07999
4750.0 5750.0 0.50474
4850.0 5750.0 0.97577
4950.0 5750.0 1.33989
5050.0 5750.0 1.49859
5150.0 5750.0 1.43736
5250.0 5750.0 1.23578
5350.0 5750.0 1.03995
5450.0 5750.0 0.99707
5550.0 5750.0 1.15225
5650.0 5750.0 1.36482
5750.0 5750.0 1.51208
5850.0 5750.0 1.49921
5950.0 5750.0 1.27957
6050.0 5750.0 0.89583
6150.0 5750.0 0.47038
6250.0 5750.0 0.14508
6350.0 5750.0 -0.02969
50.0 5850.0 -0.04925
150.0 5850.0 0.21445
250.0 5850.0 0.63365
350.0 5850.0 1.07821
450.0 5850.0 1.33686
550.0 5850.0 1.28237
650.0 5850.0 0.93965
750.0 5850.0 0.45691
850.0 5850.0 -0.02017
950.0 5850.0 -0.54075
1050.0 5850.0 -1.13617
1150.0 5850.0 -1.60146
1250.0 5850.0 -1.72715
1350.0 5850.0 -1.45959
1450.0 5850.0 -0.93630
1550.0 5850.0 -0.39654
1650.0 5850.0 0.03211
1750.0 5850.0 0.45406
1850.0 5850.0 0.84404
1950.0 5850.0 1.08199
2050.0 5850.0 1.09151
2150.0 5850.0 0.90152
2250.0 5850.0 0.63876
2350.0 5850.0 0.45069
2450.0 5850.0 0.36614
2550.0 5850.0 0.38171
2650.0 5850.0 0.50305
2750.0 5850.0 0.57373
2850.0 5850.0 0.43374
2950.0 5850.0 0.02534
3050.0 5850.0 -0.58212
3150.0 5850.0 -1.24841
3250.0 5850.0 -1.89800
3350.0 5850.0 -2.55776
3450.0 5850.0 -3.05577
3550.0 5850.0 -3.14440
3650.0 5850.0 -2.72943
3750.0 5850.0 -1.95502
3850.0 5850.0 -1.14058
3950.0 5850.0 -0.56952
4050.0 5850.0 -0.18637
4150.0 5850.0 0.04937
4250.0 5850.0 0.06748
4350.0 5850.0 -0.06806
4450.0 5850.0 -0.22304
4550.0 5850.0 -0.25724
4650.0 5850.0 -0.08153
4750.0 5850.0 0.29212
4850.0 5850.0 0.73749
4950.0 5850.0 1.18865
5050.0 5850.0 1.56560
5150.0 5850.0 1.77963
5250.0 5850.0 1.80982
5350.0 5850.0 1.72415
5450.0 5850.0 1.64450
5550.0 5850.0 1.65571
5650.0 5850.0 1.70057
5750.0 5850.0 1.69370
5850.0 5850.0 1.55654
5950.0 5850.0 1.24885
6050.0 5850.0 0.80402
6150.0 5850.0 0.32209
6250.0 5850.0 -0.07968
6350.0 5850.0 -0.35858
50.0 5950.0 -0.02243
150.0 5950.0 0.29587
250.0 5950.0 0.68938
350.0 5950.0 1.02784
450.0 5950.0 1.14846
550.0 5950.0 0.98564
650.0 5950.0 0.61179
750.0 5950.0 0.18931
850.0 5950.0 -0.16631
950.0 5950.0 -0.57518
1050.0 5950.0 -1.13072
1150.0 5950.0 -1.64619
1250.0 5950.0 -1.88897
1350.0 5950.0 -1.75333
1450.0 5950.0 -1.31660
1550.0 5950.0 -0.77862
1650.0 5950.0 -0.28557
1750.0 5950.0 0.18720
1850.0 5950.0 0.59027
1950.0 5950.0 0.84078
2050.0 5950.0 0.90912
2150.0 5950.0 0.84863
2250.0 5950.0 0.77676
2350.0 5950.0 0.80750
2450.0 5950.0 0.94108
2550.0 5950.0 1.13211
2650.0 5950.0 1.30075
2750.0 5950.0 1.24597
2850.0 5950.0 0.83455
2950.0 5950.0 0.10158
3050.0 5950.0 -0.76209
3150.0 5950.0 -1.53520
3250.0 5950.0 -2.19283
3350.0 5950.0 -2.82379
3450.0 5950.0 -3.23299
3550.0 5950.0 -3.18135
3650.0 5950.0 -2.60678
3750.0 5950.0 -1.69358
3850.0 5950.0 -0.79293
3950.0 5950.0 -0.19443
4050.0 5950.0 0.18821
4150.0 5950.0 0.39445
4250.0 5950.0 0.32663
4350.0 5950.0 0.04608
4450.0 5950.0 -0.29026
4550.0 5950.0 -0.50273
4650.0 5950.0 -0.46286
4750.0 5950.0 -0.16834
4850.0 5950.0 0.23934
4950.0 5950.0 0.78229
5050.0 5950.0 1.39630
5150.0 5950.0 1.90183
5250.0 5950.0 2.16148
5350.0 5950.0 2.15826
5450.0 5950.0 1.99325
5550.0 5950.0 1.80241
5650.0 5950.0 1.62873
5750.0 5950.0 1.46461
5850.0 5950.0 1.26421
5950.0 5950.0 0.97702
6050.0 5950.0 0.59007
6150.0 5950.0 0.13897
6250.0 5950.0 -0.31228
6350.0 5950.0 -0.72251
50.0 6050.0 0.01024
150.0 6050.0 0.38446
250.0 6050.0 0.75390
350.0 6050.0 0.98846
450.0 6050.0 0.97389
550.0 6050.0 0.70601
650.0 6050.0 0.30428
750.0 6050.0 -0.05511
850.0 6050.0 -0.28693
950.0 6050.0 -0.58063
1050.0 6050.0 -1.08876
1150.0 6050.0 -1.64280
1250.0 6050.0 -1.98914
1350.0 6050.0 -1.97293
1450.0 6050.0 -1.61376
1550.0 6050.0 -1.07306
1650.0 6050.0 -0.51413
1750.0 6050.0 0.00091
1850.0 6050.0 0.38294
1950.0 6050.0 0.58755
2050.0 6050.0 0.64535
2150.0 6050.0 0.65196
2250.0 6050.0 0.73049
2350.0 6050.0 0.96659
2450.0 6050.0 1.32148
2550.0 6050.0 1.71675
2650.0 6050.0 2.01423
2750.0 6050.0 1.96200
2850.0 6050.0 1.42505
2950.0 6050.0 0.49543
3050.0 6050.0 -0.54287
3150.0 6050.0 -1.39449
3250.0 6050.0 -2.06007
3350.0 6050.0 -2.68276
3450.0 6050.0 -3.05957
3550.0 6050.0 -2.95385
3650.0 6050.0 -2.31582
3750.0 6050.0 -1.34605
3850.0 6050.0 -0.40935
3950.0 6050.0 0.20124
4050.0 6050.0 0.58305
4150.0 6050.0 0.75950
4250.0 6050.0 0.60480
4350.0 6050.0 0.17754
4450.0 6050.0 -0.34243
4550.0 6050.0 -0.73554
4650.0 6050.0 -0.83341
4750.0 6050.0 -0.61928
4850.0 6050.0 -0.25356
4950.0 6050.0 0.35157
5050.0 6050.0 1.13692
5150.0 6050.0 1.84180
5250.0 6050.0 2.23363
5350.0 6050.0 2.23397
5450.0 6050.0 1.93881
5550.0 6050.0 1.53313
5650.0 6050.0 1.14466
5750.0 6050.0 0.86891
5850.0 6050.0 0.70355
5950.0 6050.0 0.56971
6050.0 6050.0 0.37507
6150.0 6050.0 0.05710
6250.0 6050.0 -0.39338
6350.0 6050.0 -0.92839
50.0 6150.0 0.03101
150.0 6150.0 0.44965
250.0 6150.0 0.80729
350.0 6150.0 0.97486
450.0 6150.0 0.87305
550.0 6150.0 0.54088
650.0 6150.0 0.13011
750.0 6150.0 -0.17466
850.0 6150.0 -0.31006
950.0 6150.0 -0.51247
1050.0 6150.0 -0.97366
1150.0 6150.0 -1.53870
1250.0 6150.0 -1.94160
1350.0 6150.0 -1.99536
1450.0 6150.0 -1.68032
1550.0 6150.0 -1.13065
1650.0 6150.0 -0.52030
1750.0 6150.0 0.01271
1850.0 6150.0 0.32502
1950.0 6150.0 0.40288
2050.0 6150.0 0.34305
2150.0 6150.0 0.30091
2250.0 6150.0 0.42748
2350.0 6150.0 0.79533
2450.0 6150.0 1.31992
2550.0 6150.0 1.90083
2650.0 6150.0 2.38534
2750.0 6150.0 2.47629
2850.0 6150.0 2.00568
2950.0 6150.0 1.06903
3050.0 6150.0 -0.01082
3150.0 6150.0 -0.89038
3250.0 6150.0 -1.56196
3350.0 6150.0 -2.20347
3450.0 6150.0 -2.62463
3550.0 6150.0 -2.58328
3650.0 6150.0 -2.01469
3750.0 6150.0 -1.10260
3850.0 6150.0 -0.19991
3950.0 6150.0 0.40110
4050.0 6150.0 0.78314
4150.0 6150.0 0.95258
4250.0 6150.0 0.77020
4350.0 6150.0 0.28706
4450.0 6150.0 -0.31283
4550.0 6150.0 -0.79438
4650.0 6150.0 -0.96924
4750.0 6150.0 -0.80951
4850.0 6150.0 -0.48021
4950.0 6150.0 0.13771
5050.0 6150.0 0.97652
5150.0 6150.0 1.72560
5250.0 6150.0 2.10520
5350.0 6150.0 2.01755
5450.0 6150.0 1.57298
5550.0 6150.0 0.99089
5650.0 6150.0 0.44379
5750.0 6150.0 0.12836
5850.0 6150.0 0.08565
5950.0 6150.0 0.19769
6050.0 6150.0 0.27988
6150.0 6150.0 0.16262
6250.0 6150.0 -0.23810
6350.0 6150.0 -0.86099
50.0 6250.0 0.02712
150.0 6250.0 0.47076
250.0 6250.0 0.83425
350.0 6250.0 0.99068
450.0 6250.0 0.87419
550.0 6250.0 0.53863
650.0 6250.0 0.14513
750.0 6250.0 -0.12121
850.0 6250.0 -0.20564
950.0 6250.0 -0.35790
1050.0 6250.0 -0.78057
1150.0 6250.0 -1.32500
1250.0 6250.0 -1.72421
1350.0 6250.0 -1.78281
1450.0 6250.0 -1.46836
1550.0 6250.0 -0.90451
1650.0 6250.0 -0.26699
1750.0 6250.0 0.25443
1850.0 6250.0 0.45506
1950.0 6250.0 0.33832
2050.0 6250.0 0.06274
2150.0 6250.0 -0.14712
2250.0 6250.0 -0.09249
2350.0 6250.0 0.30496
2450.0 6250.0 0.91478
2550.0 6250.0 1.62282
2650.0 6250.0 2.30318
2750.0 6250.0 2.62860
2850.0 6250.0 2.37823
2950.0 6250.0 1.60310
3050.0 6250.0 0.60825
3150.0 6250.0 -0.24837
3250.0 6250.0 -0.92300
3350.0 6250.0 -1.60509
3450.0 6250.0 -2.13415
3550.0 6250.0 -2.25605
3650.0 6250.0 -1.86843
3750.0 6250.0 -1.11030
3850.0 6250.0 -0.30095
3950.0 6250.0 0.27191
4050.0 6250.0 0.65622
4150.0 6250.0 0.85477
4250.0 6250.0 0.73882
4350.0 6250.0 0.34445
4450.0 6250.0 -0.16983
4550.0 6250.0 -0.59233
4650.0 6250.0 -0.74661
4750.0 6250.0 -0.59912
4850.0 6250.0 -0.29321
4950.0 6250.0 0.28984
5050.0 6250.0 1.06332
5150.0 6250.0 1.70599
5250.0 6250.0 1.94483
5350.0 6250.0 1.70527
5450.0 6250.0 1.12645
5550.0 6250.0 0.44143
5650.0 6250.0 -0.17972
5750.0 6250.0 -0.46796
5850.0 6250.0 -0.34991
5950.0 6250.0 0.01872
6050.0 6250.0 0.37430
6150.0 6250.0 0.46023
6250.0 6250.0 0.13535
6350.0 6250.0 -0.52399
50.0 6350.0 0.00000
150.0 6350.0 0.45173
250.0 6350.0 0.83525
350.0 6350.0 1.02652
450.0 6350.0 0.95512
550.0 6350.0 0.66592
650.0 6350.0 0.31042
750.0 6350.0 0.06770
850.0 6350.0 -0.00496
950.0 6350.0 -0.14314
1050.0 6350.0 -0.53758
1150.0 6350.0 -1.03980
1250.0 6350.0 -1.39051
1350.0 6350.0 -1.40454
1450.0 6350.0 -1.05797
1550.0 6350.0 -0.47749
1650.0 6350.0 0.16619
1750.0 6350.0 0.65484
1850.0 6350.0 0.72318
1950.0 6350.0 0.37985
2050.0 6350.0 -0.16422
2150.0 6350.0 -0.61502
2250.0 6350.0 -0.71582
2350.0 6350.0 -0.36885
2450.0 6350.0 0.25382
2550.0 6350.0 1.02750
2650.0 6350.0 1.87617
2750.0 6350.0 2.45794
2850.0 6350.0 2.49462
2950.0 6350.0 1.96779
3050.0 6350.0 1.12937
3150.0 6350.0 0.32630
3250.0 6350.0 -0.34892
3350.0 6350.0 -1.08108
3450.0 6350.0 -1.74726
3550.0 6350.0 -2.07859
3650.0 6350.0 -1.92447
3750.0 6350.0 -1.36598
3850.0 6350.0 -0.67834
3950.0 6350.0 -0.14266
4050.0 6350.0 0.24578
4150.0 6350.0 0.50394
4250.0 6350.0 0.53391
4350.0 6350.0 0.35062
4450.0 6350.0 0.06203
4550.0 6350.0 -0.17646
4650.0 6350.0 -0.22734
4750.0 6350.0 -0.05612
4850.0 6350.0 0.23919
4950.0 6350.0 0.75999
5050.0 6350.0 1.39651
5150.0 6350.0 1.84568
5250.0 6350.0 1.87742
5350.0 6350.0 1.46604
5450.0 6350.0 0.78490
5550.0 6350.0 0.06417
5650.0 6350.0 -0.56153
5750.0 6350.0 -0.78593
5850.0 6350.0 -0.51722
5950.0 6350.0 0.06007
6050.0 6350.0 0.62854
6150.0 6350.0 0.87589
6250.0 6350.0 0.62721
6350.0 6350.0 -0.02816
