50.0 50.0 -0.01173
150.0 50.0 0.41564
250.0 50.0 0.76619
350.0 50.0 0.86734
450.0 50.0 0.58534
550.0 50.0 -0.00065
650.0 50.0 -0.69310
750.0 50.0 -1.26273
850.0 50.0 -1.52362
950.0 50.0 -1.39669
1050.0 50.0 -0.96167
1150.0 50.0 -0.49182
1250.0 50.0 -0.29812
1350.0 50.0 -0.46217
1450.0 50.0 -0.87902
1550.0 50.0 -1.34972
1650.0 50.0 -1.66179
1750.0 50.0 -1.65761
1850.0 50.0 -1.29081
1950.0 50.0 -0.67052
2050.0 50.0 -0.05444
2150.0 50.0 0.33820
2250.0 50.0 0.40809
2350.0 50.0 0.17622
2450.0 50.0 -0.23237
2550.0 50.0 -0.62803
2650.0 50.0 -0.81899
2750.0 50.0 -0.69685
2850.0 50.0 -0.34306
2950.0 50.0 0.10551
3050.0 50.0 0.66450
3150.0 50.0 1.20583
3250.0 50.0 1.56198
3350.0 50.0 1.63120
3450.0 50.0 1.42485
3550.0 50.0 1.05688
3650.0 50.0 0.67533
3750.0 50.0 0.34485
3850.0 50.0 0.15126
3950.0 50.0 0.21551
4050.0 50.0 0.48944
4150.0 50.0 0.83044
4250.0 50.0 1.07612
4350.0 50.0 1.10121
4450.0 50.0 0.85661
4550.0 50.0 0.39054
4650.0 50.0 -0.16563
4750.0 50.0 -0.78506
4850.0 50.0 -1.40232
4950.0 50.0 -1.85919
5050.0 50.0 -2.03256
5150.0 50.0 -1.90620
5250.0 50.0 -1.58183
5350.0 50.0 -1.22960
5450.0 50.0 -0.97795
5550.0 50.0 -0.79145
5650.0 50.0 -0.67652
5750.0 50.0 -0.66872
5850.0 50.0 -0.75339
5950.0 50.0 -0.88239
6050.0 50.0 -0.99280
6150.0 50.0 -1.02717
6250.0 50.0 -0.95513
6350.0 50.0 -0.79661
50.0 150.0 -0.38173
150.0 150.0 0.02862
250.0 150.0 0.38677
350.0 150.0 0.54060
450.0 150.0 0.38498
550.0 150.0 -0.00929
650.0 150.0 -0.47739
750.0 150.0 -0.83350
850.0 150.0 -0.93184
950.0 150.0 -0.71575
1050.0 150.0 -0.25487
1150.0 150.0 0.22083
1250.0 150.0 0.40678
1350.0 150.0 0.21695
1450.0 150.0 -0.23909
1550.0 150.0 -0.75284
1650.0 150.0 -1.10114
1750.0 150.0 -1.11802
1850.0 150.0 -0.75411
1950.0 150.0 -0.12361
2050.0 150.0 0.50171
2150.0 150.0 0.88935
2250.0 150.0 0.93513
2350.0 150.0 0.66293
2450.0 150.0 0.20624
2550.0 150.0 -0.23403
2650.0 150.0 -0.45575
2750.0 150.0 -0.34562
2850.0 150.0 0.00911
2950.0 150.0 0.44362
3050.0 150.0 0.94132
3150.0 150.0 1.36984
3250.0 150.0 1.57891
3350.0 150.0 1.49577
3450.0 150.0 1.16244
3550.0 150.0 0.71519
3650.0 150.0 0.30591
3750.0 150.0 -0.02446
3850.0 150.0 -0.20999
3950.0 150.0 -0.12418
4050.0 150.0 0.18477
4150.0 150.0 0.56886
4250.0 150.0 0.85762
4350.0 150.0 0.91768
4450.0 150.0 0.69454
4550.0 150.0 0.23658
4650.0 150.0 -0.31455
4750.0 150.0 -0.89595
4850.0 150.0 -1.41656
4950.0 150.0 -1.72259
5050.0 150.0 -1.71578
5150.0 150.0 -1.41448
5250.0 150.0 -0.95353
5350.0 150.0 -0.52300
5450.0 150.0 -0.24579
5550.0 150.0 -0.05177
5650.0 150.0 0.06161
5750.0 150.0 0.05442
5850.0 150.0 -0.05674
5950.0 150.0 -0.21760
6050.0 150.0 -0.35735
6150.0 150.0 -0.41139
6250.0 150.0 -0.34565
6350.0 150.0 -0.18264
50.0 250.0 -0.82765
150.0 250.0 -0.44792
250.0 250.0 -0.08673
350.0 250.0 0.11757
450.0 250.0 0.08903
550.0 250.0 -0.11111
650.0 250.0 -0.35276
750.0 250.0 -0.49539
850.0 250.0 -0.43436
950.0 250.0 -0.13538
1050.0 250.0 0.34314
1150.0 250.0 0.81795
1250.0 250.0 1.00089
1350.0 250.0 0.80483
1450.0 250.0 0.33953
1550.0 250.0 -0.18526
1650.0 250.0 -0.54449
1750.0 250.0 -0.57028
1850.0 250.0 -0.21212
1950.0 250.0 0.41526
2050.0 250.0 1.03459
2150.0 250.0 1.40280
2250.0 250.0 1.41326
2350.0 250.0 1.09461
2450.0 250.0 0.58907
2550.0 250.0 0.10694
2650.0 250.0 -0.14257
2750.0 250.0 -0.04422
2850.0 250.0 0.30869
2950.0 250.0 0.72666
3050.0 250.0 1.16338
3150.0 250.0 1.48358
3250.0 250.0 1.55434
3350.0 250.0 1.33043
3450.0 250.0 0.88208
3550.0 250.0 0.36516
3650.0 250.0 -0.06620
3750.0 250.0 -0.39329
3850.0 250.0 -0.56649
3950.0 250.0 -0.45279
4050.0 250.0 -0.10164
4150.0 250.0 0.33175
4250.0 250.0 0.66742
4350.0 250.0 0.76340
4450.0 250.0 0.56034
4550.0 250.0 0.10790
4650.0 250.0 -0.44096
4750.0 250.0 -0.98736
4850.0 250.0 -1.41582
4950.0 250.0 -1.57840
5050.0 250.0 -1.40225
5150.0 250.0 -0.93960
5250.0 250.0 -0.35661
5350.0 250.0 0.13886
5450.0 250.0 0.43058
5550.0 250.0 0.62295
5650.0 250.0 0.73246
5750.0 250.0 0.71805
5850.0 250.0 0.59666
5950.0 250.0 0.42394
6050.0 250.0 0.27265
6150.0 250.0 0.20928
6250.0 250.0 0.26898
6350.0 250.0 0.42872
50.0 350.0 -1.23654
150.0 350.0 -0.89675
250.0 350.0 -0.54538
350.0 350.0 -0.31117
450.0 350.0 -0.24497
550.0 350.0 -0.29260
650.0 350.0 -0.35257
750.0 350.0 -0.32257
850.0 350.0 -0.13345
950.0 350.0 0.22910
1050.0 350.0 0.71534
1150.0 350.0 1.18480
1250.0 350.0 1.37664
1350.0 350.0 1.20538
1450.0 350.0 0.77244
1550.0 350.0 0.27613
1650.0 350.0 -0.06815
1750.0 350.0 -0.09720
1850.0 350.0 0.24104
1950.0 350.0 0.83894
2050.0 350.0 1.42808
2150.0 350.0 1.77143
2250.0 350.0 1.76799
2350.0 350.0 1.44925
2450.0 350.0 0.95559
2550.0 350.0 0.49091
2650.0 350.0 0.25569
2750.0 350.0 0.35824
2850.0 350.0 0.70604
2950.0 350.0 1.09309
3050.0 350.0 1.43513
3150.0 350.0 1.60224
3250.0 350.0 1.49508
3350.0 350.0 1.11027
3450.0 350.0 0.55275
3550.0 350.0 -0.00490
3650.0 350.0 -0.41603
3750.0 350.0 -0.69446
3850.0 350.0 -0.81748
3950.0 350.0 -0.66101
4050.0 350.0 -0.28583
4150.0 350.0 0.14622
4250.0 350.0 0.45765
4350.0 350.0 0.51802
4450.0 350.0 0.28384
4550.0 350.0 -0.18431
4650.0 350.0 -0.73588
4750.0 350.0 -1.24012
4850.0 350.0 -1.55041
4950.0 350.0 -1.52871
5050.0 350.0 -1.13768
5150.0 350.0 -0.47485
5250.0 350.0 0.25333
5350.0 350.0 0.81765
5450.0 350.0 1.11243
5550.0 350.0 1.28964
5650.0 350.0 1.39832
5750.0 350.0 1.40207
5850.0 350.0 1.31157
5950.0 350.0 1.17133
6050.0 350.0 1.04274
6150.0 350.0 0.98442
6250.0 350.0 1.02977
6350.0 350.0 1.16170
50.0 450.0 -1.50569
150.0 450.0 -1.21829
250.0 450.0 -0.89796
350.0 450.0 -0.67141
450.0 450.0 -0.57334
550.0 450.0 -0.55176
650.0 450.0 -0.52101
750.0 450.0 -0.40185
850.0 450.0 -0.14813
950.0 450.0 0.24005
1050.0 450.0 0.71665
1150.0 450.0 1.17327
1250.0 450.0 1.39069
1350.0 450.0 1.28867
1450.0 450.0 0.94711
1550.0 450.0 0.53377
1650.0 450.0 0.23772
1750.0 450.0 0.20848
1850.0 450.0 0.50097
1950.0 450.0 1.02625
2050.0 450.0 1.54531
2150.0 450.0 1.85110
2250.0 450.0 1.86079
2350.0 450.0 1.60660
2450.0 450.0 1.21197
2550.0 450.0 0.85110
2650.0 450.0 0.69180
2750.0 450.0 0.82169
2850.0 450.0 1.15885
2950.0 450.0 1.49502
3050.0 450.0 1.70066
3150.0 450.0 1.66543
3250.0 450.0 1.34647
3350.0 450.0 0.79959
3450.0 450.0 0.16879
3550.0 450.0 -0.36581
3650.0 450.0 -0.68177
3750.0 450.0 -0.83713
3850.0 450.0 -0.84643
3950.0 450.0 -0.61733
4050.0 450.0 -0.23843
4150.0 450.0 0.12117
4250.0 450.0 0.30379
4350.0 450.0 0.22107
4450.0 450.0 -0.12235
4550.0 450.0 -0.63916
4650.0 450.0 -1.20222
4750.0 450.0 -1.66282
4850.0 450.0 -1.83915
4950.0 450.0 -1.60810
5050.0 450.0 -0.97691
5150.0 450.0 -0.09729
5250.0 450.0 0.77842
5350.0 450.0 1.39898
5450.0 450.0 1.67380
5550.0 450.0 1.81369
5650.0 450.0 1.92408
5750.0 450.0 1.98143
5850.0 450.0 1.98018
5950.0 450.0 1.93480
6050.0 450.0 1.87560
6150.0 450.0 1.83924
6250.0 450.0 1.85357
6350.0 450.0 1.91726
50.0 550.0 -1.54320
150.0 550.0 -1.31570
250.0 550.0 -1.04540
350.0 550.0 -0.86511
450.0 550.0 -0.80448
550.0 550.0 -0.80835
650.0 550.0 -0.79180
750.0 550.0 -0.68040
850.0 550.0 -0.43548
950.0 550.0 -0.06415
1050.0 550.0 0.38557
1150.0 550.0 0.82231
1250.0 550.0 1.07624
1350.0 550.0 1.07426
1450.0 550.0 0.86409
1550.0 550.0 0.56848
1650.0 550.0 0.33811
1750.0 550.0 0.30310
1850.0 550.0 0.52340
1950.0 550.0 0.93777
2050.0 550.0 1.35071
2150.0 550.0 1.60192
2250.0 550.0 1.63670
2350.0 550.0 1.48766
2450.0 550.0 1.25117
2550.0 550.0 1.05471
2650.0 550.0 1.01525
2750.0 550.0 1.18858
2850.0 550.0 1.50987
2950.0 550.0 1.78269
3050.0 550.0 1.83444
3150.0 550.0 1.58799
3250.0 550.0 1.07176
3350.0 550.0 0.40733
3450.0 550.0 -0.22742
3550.0 550.0 -0.65947
3650.0 550.0 -0.80614
3750.0 550.0 -0.77282
3850.0 550.0 -0.61028
3950.0 550.0 -0.27439
4050.0 550.0 0.10397
4150.0 550.0 0.34566
4250.0 550.0 0.32468
4350.0 550.0 0.01815
4450.0 550.0 -0.49502
4550.0 550.0 -1.08696
4650.0 550.0 -1.67021
4750.0 550.0 -2.10046
4850.0 550.0 -2.16725
4950.0 550.0 -1.76436
5050.0 550.0 -0.94119
5150.0 550.0 0.10261
5250.0 550.0 1.07690
5350.0 550.0 1.71523
5450.0 550.0 1.94338
5550.0 550.0 2.02615
5650.0 550.0 2.13692
5750.0 550.0 2.27078
5850.0 550.0 2.39792
5950.0 550.0 2.48845
6050.0 550.0 2.52715
6150.0 550.0 2.51861
6250.0 550.0 2.48301
6350.0 550.0 2.44238
50.0 650.0 -1.32890
150.0 650.0 -1.16056
250.0 650.0 -0.95000
350.0 650.0 -0.84194
450.0 650.0 -0.87046
550.0 650.0 -0.97330
650.0 650.0 -1.05401
750.0 650.0 -1.02770
850.0 650.0 -0.84979
950.0 650.0 -0.52771
1050.0 650.0 -0.11573
1150.0 650.0 0.29706
1250.0 650.0 0.58802
1350.0 650.0 0.69057
1450.0 650.0 0.61624
1550.0 650.0 0.43855
1650.0 650.0 0.26727
1750.0 650.0 0.21324
1850.0 650.0 0.34367
1950.0 650.0 0.62798
2050.0 650.0 0.91598
2150.0 650.0 1.09686
2250.0 650.0 1.14747
2350.0 650.0 1.10269
2450.0 650.0 1.03083
2550.0 650.0 1.00886
2650.0 650.0 1.09761
2750.0 650.0 1.31675
2850.0 650.0 1.61918
2950.0 650.0 1.82906
3050.0 650.0 1.74284
3150.0 650.0 1.32470
3250.0 650.0 0.67485
3350.0 650.0 -0.02727
3450.0 650.0 -0.58399
3550.0 650.0 -0.84473
3650.0 650.0 -0.77549
3750.0 650.0 -0.52125
3850.0 650.0 -0.15562
3950.0 650.0 0.31385
4050.0 650.0 0.70693
4150.0 650.0 0.83029
4250.0 650.0 0.59105
4350.0 650.0 0.03892
4450.0 650.0 -0.66317
4550.0 650.0 -1.33994
4650.0 650.0 -1.94884
4750.0 650.0 -2.37391
4850.0 650.0 -2.39188
4950.0 650.0 -1.91145
5050.0 650.0 -1.00960
5150.0 650.0 0.08699
5250.0 650.0 1.07090
5350.0 650.0 1.67329
5450.0 650.0 1.83349
5550.0 650.0 1.84903
5650.0 650.0 1.95500
5750.0 650.0 2.16599
5850.0 650.0 2.42511
5950.0 650.0 2.65408
6050.0 650.0 2.78852
6150.0 650.0 2.79922
6250.0 650.0 2.69903
6350.0 650.0 2.53577
50.0 750.0 -0.93526
150.0 750.0 -0.81767
250.0 750.0 -0.66408
350.0 750.0 -0.63252
450.0 750.0 -0.76609
550.0 750.0 -0.99418
650.0 750.0 -1.20382
750.0 750.0 -1.29282
850.0 750.0 -1.20427
950.0 750.0 -0.94227
1050.0 750.0 -0.56883
1150.0 750.0 -0.17967
1250.0 750.0 0.13867
1350.0 750.0 0.32321
1450.0 750.0 0.35323
1550.0 750.0 0.26023
1650.0 750.0 0.12073
1750.0 750.0 0.03186
1850.0 750.0 0.06964
1950.0 750.0 0.23016
2050.0 750.0 0.39788
2150.0 750.0 0.49962
2250.0 750.0 0.53976
2350.0 750.0 0.55869
2450.0 750.0 0.60486
2550.0 750.0 0.71506
2650.0 750.0 0.90304
2750.0 750.0 1.15633
2850.0 750.0 1.44014
2950.0 750.0 1.59974
3050.0 750.0 1.41787
3150.0 750.0 0.89983
3250.0 750.0 0.20409
3350.0 750.0 -0.45094
3450.0 750.0 -0.86535
3550.0 750.0 -0.92154
3650.0 750.0 -0.63326
3750.0 750.0 -0.16977
3850.0 750.0 0.39289
3950.0 750.0 1.00581
4050.0 750.0 1.44214
4150.0 750.0 1.49030
4250.0 750.0 1.08148
4350.0 750.0 0.32669
4450.0 750.0 -0.53658
4550.0 750.0 -1.28819
4650.0 750.0 -1.92315
4750.0 750.0 -2.37040
4850.0 750.0 -2.41314
4950.0 750.0 -1.96977
5050.0 750.0 -1.12397
5150.0 750.0 -0.10200
5250.0 750.0 0.79650
5350.0 750.0 1.31415
5450.0 750.0 1.39811
5550.0 750.0 1.34937
5650.0 750.0 1.44353
5750.0 750.0 1.71057
5850.0 750.0 2.06970
5950.0 750.0 2.40149
6050.0 750.0 2.60081
6150.0 750.0 2.61134
6250.0 750.0 2.44134
6350.0 750.0 2.16096
50.0 850.0 -0.50695
150.0 850.0 -0.42717
250.0 850.0 -0.31610
350.0 850.0 -0.34152
450.0 850.0 -0.55313
550.0 850.0 -0.87418
650.0 850.0 -1.17942
750.0 850.0 -1.35389
850.0 850.0 -1.33160
950.0 850.0 -1.11420
1050.0 850.0 -0.76949
1150.0 850.0 -0.39929
1250.0 850.0 -0.06987
1350.0 850.0 0.15543
1450.0 850.0 0.23399
1550.0 850.0 0.17140
1650.0 850.0 0.02592
1750.0 850.0 -0.11002
1850.0 850.0 -0.15134
1950.0 850.0 -0.08481
2050.0 850.0 -0.01055
2150.0 850.0 0.01381
2250.0 850.0 0.01011
2350.0 850.0 0.02763
2450.0 850.0 0.10934
2550.0 850.0 0.27251
2650.0 850.0 0.50400
2750.0 850.0 0.76998
2850.0 850.0 1.03863
2950.0 850.0 1.16815
3050.0 850.0 0.94327
3150.0 850.0 0.40182
3250.0 850.0 -0.26200
3350.0 850.0 -0.81355
3450.0 850.0 -1.06478
3550.0 850.0 -0.93252
3650.0 850.0 -0.46777
3750.0 850.0 0.15300
3850.0 850.0 0.87088
3950.0 850.0 1.61598
4050.0 850.0 2.12639
4150.0 850.0 2.17002
4250.0 850.0 1.68585
4350.0 850.0 0.82060
4450.0 850.0 -0.13914
4550.0 850.0 -0.93941
4650.0 850.0 -1.59546
4750.0 850.0 -2.08378
4850.0 850.0 -2.20901
4950.0 850.0 -1.89294
5050.0 850.0 -1.20676
5150.0 850.0 -0.35298
5250.0 850.0 0.39625
5350.0 850.0 0.80460
5450.0 850.0 0.82058
5550.0 850.0 0.72268
5650.0 850.0 0.79894
5750.0 850.0 1.08705
5850.0 850.0 1.49046
5950.0 850.0 1.86456
6050.0 850.0 2.08067
6150.0 850.0 2.06822
6250.0 850.0 1.83492
6350.0 850.0 1.46508
50.0 950.0 -0.19915
150.0 950.0 -0.14413
250.0 950.0 -0.05449
350.0 950.0 -0.10039
450.0 950.0 -0.32978
550.0 950.0 -0.66442
650.0 950.0 -0.97889
750.0 950.0 -1.15965
850.0 950.0 -1.14334
950.0 950.0 -0.93430
1050.0 950.0 -0.60133
1150.0 950.0 -0.24271
1250.0 950.0 0.08049
1350.0 950.0 0.30078
1450.0 950.0 0.36699
1550.0 950.0 0.27818
1650.0 950.0 0.09147
1750.0 950.0 -0.09602
1850.0 950.0 -0.19134
1950.0 950.0 -0.17584
2050.0 950.0 -0.15540
2150.0 950.0 -0.19677
2250.0 950.0 -0.27334
2350.0 950.0 -0.32451
2450.0 950.0 -0.29723
2550.0 950.0 -0.16985
2650.0 950.0 0.04191
2750.0 950.0 0.29674
2850.0 950.0 0.55569
2950.0 950.0 0.67593
3050.0 950.0 0.45297
3150.0 950.0 -0.05682
3250.0 950.0 -0.64724
3350.0 950.0 -1.08622
3450.0 950.0 -1.20353
3550.0 950.0 -0.94234
3650.0 950.0 -0.37445
3750.0 950.0 0.32941
3850.0 950.0 1.13954
3950.0 950.0 1.98841
4050.0 950.0 2.59553
4150.0 950.0 2.70851
4250.0 950.0 2.25626
4350.0 950.0 1.39013
4450.0 950.0 0.41323
4550.0 950.0 -0.40240
4650.0 950.0 -1.07094
4750.0 950.0 -1.60434
4850.0 950.0 -1.83446
4950.0 950.0 -1.68103
5050.0 950.0 -1.19188
5150.0 950.0 -0.53452
5250.0 950.0 0.05427
5350.0 950.0 0.36114
5450.0 950.0 0.33096
5550.0 950.0 0.20594
5650.0 950.0 0.26116
5750.0 950.0 0.53354
5850.0 950.0 0.92093
5950.0 950.0 1.27274
6050.0 950.0 1.45689
6150.0 950.0 1.40305
6250.0 950.0 1.12231
6350.0 950.0 0.70325
50.0 1050.0 -0.07436
150.0 1050.0 -0.03550
250.0 1050.0 0.05104
350.0 1050.0 0.02002
450.0 1050.0 -0.16524
550.0 1050.0 -0.42977
650.0 1050.0 -0.66116
750.0 1050.0 -0.76314
850.0 1050.0 -0.68829
950.0 1050.0 -0.44987
1050.0 1050.0 -0.11264
1150.0 1050.0 0.24106
1250.0 1050.0 0.54599
1350.0 1050.0 0.72815
1450.0 1050.0 0.73854
1550.0 1050.0 0.58463
1650.0 1050.0 0.33517
1750.0 1050.0 0.09836
1850.0 1050.0 -0.02670
1950.0 1050.0 -0.02517
2050.0 1050.0 -0.02391
2150.0 1050.0 -0.11674
2250.0 1050.0 -0.28236
2350.0 1050.0 -0.44794
2450.0 1050.0 -0.53930
2550.0 1050.0 -0.51252
2650.0 1050.0 -0.36712
2750.0 1050.0 -0.14071
2850.0 1050.0 0.11348
2950.0 1050.0 0.23849
3050.0 1050.0 0.04187
3150.0 1050.0 -0.41432
3250.0 1050.0 -0.92833
3350.0 1050.0 -1.28039
3450.0 1050.0 -1.31654
3550.0 1050.0 -0.99462
3650.0 1050.0 -0.39242
3750.0 1050.0 0.33084
3850.0 1050.0 1.17762
3950.0 1050.0 2.10014
4050.0 1050.0 2.81336
4150.0 1050.0 3.04644
4250.0 1050.0 2.70541
4350.0 1050.0 1.92217
4450.0 1050.0 0.99006
4550.0 1050.0 0.18576
4650.0 1050.0 -0.48722
4750.0 1050.0 -1.05842
4850.0 1050.0 -1.38449
4950.0 1050.0 -1.38028
5050.0 1050.0 -1.06856
5150.0 1050.0 -0.58248
5250.0 1050.0 -0.12628
5350.0 1050.0 0.10589
5450.0 1050.0 0.05301
5550.0 1050.0 -0.08001
5650.0 1050.0 -0.04591
5750.0 1050.0 0.18530
5850.0 1050.0 0.51393
5950.0 1050.0 0.79824
6050.0 1050.0 0.91788
6150.0 1050.0 0.81346
6250.0 1050.0 0.50202
6350.0 1050.0 0.06859
50.0 1150.0 -0.04583
150.0 1150.0 -0.02404
250.0 1150.0 0.06318
350.0 1150.0 0.05739
450.0 1150.0 -0.06287
550.0 1150.0 -0.22755
650.0 1150.0 -0.34220
750.0 1150.0 -0.33401
850.0 1150.0 -0.17699
950.0 1150.0 0.10396
1050.0 1150.0 0.44980
1150.0 1150.0 0.79957
1250.0 1150.0 1.08215
1350.0 1150.0 1.21730
1450.0 1150.0 1.16202
1550.0 1150.0 0.93665
1650.0 1150.0 0.62454
1750.0 1150.0 0.34550
1850.0 1150.0 0.20305
1950.0 1150.0 0.20522
2050.0 1150.0 0.19997
2150.0 1150.0 0.05871
2250.0 1150.0 -0.20630
2350.0 1150.0 -0.50859
2450.0 1150.0 -0.74724
2550.0 1150.0 -0.84822
2650.0 1150.0 -0.78727
2750.0 1150.0 -0.59428
2850.0 1150.0 -0.34043
2950.0 1150.0 -0.20312
3050.0 1150.0 -0.36345
3150.0 1150.0 -0.75911
3250.0 1150.0 -1.19890
3350.0 1150.0 -1.47822
3450.0 1150.0 -1.45754
3550.0 1150.0 -1.10372
3650.0 1150.0 -0.49430
3750.0 1150.0 0.22454
3850.0 1150.0 1.08912
3950.0 1150.0 2.07995
4050.0 1150.0 2.91258
4150.0 1150.0 3.29668
4250.0 1150.0 3.10815
4350.0 1150.0 2.44815
4450.0 1150.0 1.58900
4550.0 1150.0 0.80716
4650.0 1150.0 0.13220
4750.0 1150.0 -0.47579
4850.0 1150.0 -0.89791
4950.0 1150.0 -1.04256
5050.0 1150.0 -0.90579
5150.0 1150.0 -0.58560
5250.0 1150.0 -0.25401
5350.0 1150.0 -0.08717
5450.0 1150.0 -0.15331
5550.0 1150.0 -0.28556
5650.0 1150.0 -0.26694
5750.0 1150.0 -0.07528
5850.0 1150.0 0.19368
5950.0 1150.0 0.40947
6050.0 1150.0 0.46593
6150.0 1150.0 0.31616
6250.0 1150.0 -0.01662
6350.0 1150.0 -0.45231
50.0 1250.0 -0.18101
150.0 1250.0 -0.19176
250.0 1250.0 -0.11256
350.0 1250.0 -0.09703
450.0 1250.0 -0.14808
550.0 1250.0 -0.20075
650.0 1250.0 -0.18162
750.0 1250.0 -0.04611
850.0 1250.0 0.20549
950.0 1250.0 0.53337
1050.0 1250.0 0.88482
1150.0 1250.0 1.22498
1250.0 1250.0 1.47861
1350.0 1250.0 1.56373
1450.0 1250.0 1.44926
1550.0 1250.0 1.17131
1650.0 1250.0 0.82601
1750.0 1250.0 0.53884
1850.0 1250.0 0.41043
1950.0 1250.0 0.43892
2050.0 1250.0 0.44593
2150.0 1250.0 0.25317
2250.0 1250.0 -0.14148
2350.0 1250.0 -0.63136
2450.0 1250.0 -1.07509
2550.0 1250.0 -1.35249
2650.0 1250.0 -1.40233
2750.0 1250.0 -1.24205
2850.0 1250.0 -0.96995
2950.0 1250.0 -0.79529
3050.0 1250.0 -0.88819
3150.0 1250.0 -1.19662
3250.0 1250.0 -1.55236
3350.0 1250.0 -1.77250
3450.0 1250.0 -1.72921
3550.0 1250.0 -1.38789
3650.0 1250.0 -0.81373
3750.0 1250.0 -0.13604
3850.0 1250.0 0.72348
3950.0 1250.0 1.79359
4050.0 1250.0 2.79765
4150.0 1250.0 3.41863
4250.0 1250.0 3.48336
4350.0 1250.0 3.03732
4450.0 1250.0 2.31000
4550.0 1250.0 1.57075
4650.0 1250.0 0.89458
4750.0 1250.0 0.23754
4850.0 1250.0 -0.31213
4950.0 1250.0 -0.65073
5050.0 1250.0 -0.73621
5150.0 1250.0 -0.61956
5250.0 1250.0 -0.43236
5350.0 1250.0 -0.33071
5450.0 1250.0 -0.39525
5550.0 1250.0 -0.50639
5650.0 1250.0 -0.47317
5750.0 1250.0 -0.27792
5850.0 1250.0 -0.01631
5950.0 1250.0 0.18508
6050.0 1250.0 0.22648
6150.0 1250.0 0.06782
6250.0 1250.0 -0.26314
6350.0 1250.0 -0.68738
50.0 1350.0 -0.46872
150.0 1350.0 -0.52820
250.0 1350.0 -0.46958
350.0 1350.0 -0.44518
450.0 1350.0 -0.43852
550.0 1350.0 -0.38875
650.0 1350.0 -0.24299
750.0 1350.0 0.01465
850.0 1350.0 0.35638
950.0 1350.0 0.72601
1050.0 1350.0 1.07643
1150.0 1350.0 1.39928
1250.0 1350.0 1.61568
1350.0 1350.0 1.64863
1450.0 1350.0 1.48679
1550.0 1350.0 1.18560
1650.0 1350.0 0.85084
1750.0 1350.0 0.60478
1850.0 1350.0 0.53494
1950.0 1350.0 0.62543
2050.0 1350.0 0.67412
2150.0 1350.0 0.44265
2250.0 1350.0 -0.08988
2350.0 1350.0 -0.79207
2450.0 1350.0 -1.47179
2550.0 1350.0 -1.95027
2650.0 1350.0 -2.11885
2750.0 1350.0 -1.97831
2850.0 1350.0 -1.66095
2950.0 1350.0 -1.41544
3050.0 1350.0 -1.40224
3150.0 1350.0 -1.59446
3250.0 1350.0 -1.86295
3350.0 1350.0 -2.05339
3450.0 1350.0 -2.04377
3550.0 1350.0 -1.78204
3650.0 1350.0 -1.30398
3750.0 1350.0 -0.71878
3850.0 1350.0 0.09327
3950.0 1350.0 1.22456
4050.0 1350.0 2.41665
4150.0 1350.0 3.32494
4250.0 1350.0 3.71440
4350.0 1350.0 3.55376
4450.0 1350.0 3.00807
4550.0 1350.0 2.32972
4650.0 1350.0 1.65402
4750.0 1350.0 0.94235
4850.0 1350.0 0.25125
4950.0 1350.0 -0.29749
5050.0 1350.0 -0.61600
5150.0 1350.0 -0.70274
5250.0 1350.0 -0.64762
5350.0 1350.0 -0.58957
5450.0 1350.0 -0.62682
5550.0 1350.0 -0.68914
5650.0 1350.0 -0.60372
5750.0 1350.0 -0.35443
5850.0 1350.0 -0.04131
5950.0 1350.0 0.20522
6050.0 1350.0 0.28406
6150.0 1350.0 0.15676
6250.0 1350.0 -0.14530
6350.0 1350.0 -0.54002
50.0 1450.0 -0.77955
150.0 1450.0 -0.89372
250.0 1450.0 -0.86648
350.0 1450.0 -0.85244
450.0 1450.0 -0.82038
550.0 1450.0 -0.71093
650.0 1450.0 -0.48519
750.0 1450.0 -0.14811
850.0 1450.0 0.25140
950.0 1450.0 0.64364
1050.0 1450.0 0.98446
1150.0 1450.0 1.28397
1250.0 1450.0 1.45776
1350.0 1450.0 1.43945
1450.0 1450.0 1.24351
1550.0 1450.0 0.94680
1650.0 1450.0 0.66139
1750.0 1450.0 0.49854
1850.0 1450.0 0.52416
1950.0 1450.0 0.70539
2050.0 1450.0 0.82384
2150.0 1450.0 0.58668
2250.0 1450.0 -0.04543
2350.0 1450.0 -0.91870
2450.0 1450.0 -1.79362
2550.0 1450.0 -2.43599
2650.0 1450.0 -2.69158
2750.0 1450.0 -2.54447
2850.0 1450.0 -2.15861
2950.0 1450.0 -1.81702
3050.0 1450.0 -1.67272
3150.0 1450.0 -1.73631
3250.0 1450.0 -1.92883
3350.0 1450.0 -2.12746
3450.0 1450.0 -2.20847
3550.0 1450.0 -2.08746
3650.0 1450.0 -1.75686
3750.0 1450.0 -1.30588
3850.0 1450.0 -0.58960
3950.0 1450.0 0.54401
4050.0 1450.0 1.86343
4150.0 1450.0 3.00798
4250.0 1450.0 3.68859
4350.0 1450.0 3.79816
4450.0 1450.0 3.43170
4550.0 1450.0 2.81613
4650.0 1450.0 2.14303
4750.0 1450.0 1.38747
4850.0 1450.0 0.58354
4950.0 1450.0 -0.12649
5050.0 1450.0 -0.61357
5150.0 1450.0 -0.83383
5250.0 1450.0 -0.84789
5350.0 1450.0 -0.78762
5450.0 1450.0 -0.77016
5550.0 1450.0 -0.76215
5650.0 1450.0 -0.59990
5750.0 1450.0 -0.26862
5850.0 1450.0 0.12491
5950.0 1450.0 0.44361
6050.0 1450.0 0.58294
6150.0 1450.0 0.50554
6250.0 1450.0 0.24734
6350.0 1450.0 -0.10461
50.0 1550.0 -0.96814
150.0 1550.0 -1.13002
250.0 1550.0 -1.13931
350.0 1550.0 -1.15544
450.0 1550.0 -1.14116
550.0 1550.0 -1.03527
650.0 1550.0 -0.80195
750.0 1550.0 -0.45315
850.0 1550.0 -0.04659
950.0 1550.0 0.34090
1050.0 1550.0 0.66445
1150.0 1550.0 0.93852
1250.0 1550.0 1.06921
1350.0 1550.0 1.00352
1450.0 1550.0 0.78365
1550.0 1550.0 0.50781
1650.0 1550.0 0.29189
1750.0 1550.0 0.23221
1850.0 1550.0 0.36929
1950.0 1550.0 0.65267
2050.0 1550.0 0.85783
2150.0 1550.0 0.65803
2250.0 1550.0 0.00077
2350.0 1550.0 -0.94661
2450.0 1550.0 -1.91397
2550.0 1550.0 -2.63023
2650.0 1550.0 -2.90996
2750.0 1550.0 -2.72492
2850.0 1550.0 -2.25935
2950.0 1550.0 -1.81396
3050.0 1550.0 -1.53678
3150.0 1550.0 -1.48115
3250.0 1550.0 -1.62049
3350.0 1550.0 -1.86100
3450.0 1550.0 -2.07056
3550.0 1550.0 -2.12393
3650.0 1550.0 -1.96431
3750.0 1550.0 -1.66463
3850.0 1550.0 -1.08194
3950.0 1550.0 -0.02775
4050.0 1550.0 1.29723
4150.0 1550.0 2.53697
4250.0 1550.0 3.37525
4350.0 1550.0 3.65318
4450.0 1550.0 3.40894
4550.0 1550.0 2.83991
4650.0 1550.0 2.17132
4750.0 1550.0 1.39620
4850.0 1550.0 0.54325
4950.0 1550.0 -0.22709
5050.0 1550.0 -0.76077
5150.0 1550.0 -0.99480
5250.0 1550.0 -0.98328
5350.0 1550.0 -0.86511
5450.0 1550.0 -0.77319
5550.0 1550.0 -0.68735
5650.0 1550.0 -0.44592
5750.0 1550.0 -0.03831
5850.0 1550.0 0.42274
5950.0 1550.0 0.79672
6050.0 1550.0 0.98038
6150.0 1550.0 0.94194
6250.0 1550.0 0.72452
6350.0 1550.0 0.41889
50.0 1650.0 -0.93976
150.0 1650.0 -1.13248
250.0 1650.0 -1.17607
350.0 1650.0 -1.23530
450.0 1650.0 -1.27632
550.0 1650.0 -1.23332
650.0 1650.0 -1.06260
750.0 1650.0 -0.76864
850.0 1650.0 -0.40456
950.0 1650.0 -0.04686
1050.0 1650.0 0.25549
1150.0 1650.0 0.50657
1250.0 1650.0 0.59860
1350.0 1650.0 0.49080
1450.0 1650.0 0.25040
1550.0 1650.0 -0.00528
1650.0 1650.0 -0.15713
1750.0 1650.0 -0.12259
1850.0 1650.0 0.11579
1950.0 1650.0 0.49173
2050.0 1650.0 0.78344
2150.0 1650.0 0.65759
2250.0 1650.0 0.05666
2350.0 1650.0 -0.85029
2450.0 1650.0 -1.78590
2550.0 1650.0 -2.46871
2650.0 1650.0 -2.70319
2750.0 1650.0 -2.45569
2850.0 1650.0 -1.91505
2950.0 1650.0 -1.37798
3050.0 1650.0 -0.98921
3150.0 1650.0 -0.84135
3250.0 1650.0 -0.95288
3350.0 1650.0 -1.25231
3450.0 1650.0 -1.59573
3550.0 1650.0 -1.81795
3650.0 1650.0 -1.81712
3750.0 1650.0 -1.65558
3850.0 1650.0 -1.22002
3950.0 1650.0 -0.31852
4050.0 1650.0 0.87687
4150.0 1650.0 2.03651
4250.0 1650.0 2.85243
4350.0 1650.0 3.15122
4450.0 1650.0 2.94074
4550.0 1650.0 2.39060
4650.0 1650.0 1.72748
4750.0 1650.0 0.96117
4850.0 1650.0 0.13313
4950.0 1650.0 -0.58396
5050.0 1650.0 -1.03236
5150.0 1650.0 -1.15707
5250.0 1650.0 -1.02984
5350.0 1650.0 -0.80942
5450.0 1650.0 -0.63811
5550.0 1650.0 -0.48328
5650.0 1650.0 -0.18277
5750.0 1650.0 0.26519
5850.0 1650.0 0.74526
5950.0 1650.0 1.12156
6050.0 1650.0 1.30152
6150.0 1650.0 1.26668
6250.0 1650.0 1.07068
6350.0 1650.0 0.80422
50.0 1750.0 -0.68107
150.0 1750.0 -0.88412
250.0 1750.0 -0.95304
350.0 1750.0 -1.05619
450.0 1750.0 -1.16957
550.0 1750.0 -1.22165
650.0 1750.0 -1.15411
750.0 1750.0 -0.95442
850.0 1750.0 -0.66181
950.0 1750.0 -0.34679
1050.0 1750.0 -0.06416
1150.0 1750.0 0.17013
1250.0 1750.0 0.23130
1350.0 1750.0 0.08605
1450.0 1750.0 -0.17980
1550.0 1750.0 -0.43340
1650.0 1750.0 -0.55090
1750.0 1750.0 -0.45745
1850.0 1750.0 -0.15099
1950.0 1750.0 0.28993
2050.0 1750.0 0.65042
2150.0 1750.0 0.61425
2250.0 1750.0 0.12668
2350.0 1750.0 -0.65177
2450.0 1750.0 -1.45768
2550.0 1750.0 -2.02361
2650.0 1750.0 -2.16369
2750.0 1750.0 -1.84585
2850.0 1750.0 -1.24932
2950.0 1750.0 -0.64842
3050.0 1750.0 -0.18492
3150.0 1750.0 0.02053
3250.0 1750.0 -0.08133
3350.0 1750.0 -0.43286
3450.0 1750.0 -0.87976
3550.0 1750.0 -1.22702
3650.0 1750.0 -1.34063
3750.0 1750.0 -1.27800
3850.0 1750.0 -0.97275
3950.0 1750.0 -0.25991
4050.0 1750.0 0.70951
4150.0 1750.0 1.64673
4250.0 1750.0 2.28226
4350.0 1750.0 2.46471
4450.0 1750.0 2.20156
4550.0 1750.0 1.64163
4650.0 1750.0 0.98359
4750.0 1750.0 0.24757
4850.0 1750.0 -0.49996
4950.0 1750.0 -1.08148
5050.0 1750.0 -1.35381
5150.0 1750.0 -1.29061
5250.0 1750.0 -0.99745
5350.0 1750.0 -0.65939
5450.0 1750.0 -0.42097
5550.0 1750.0 -0.21945
5650.0 1750.0 0.10472
5750.0 1750.0 0.53973
5850.0 1750.0 0.97246
5950.0 1750.0 1.28147
6050.0 1750.0 1.39549
6150.0 1750.0 1.31749
6250.0 1750.0 1.11427
6350.0 1750.0 0.87155
50.0 1850.0 -0.25514
150.0 1850.0 -0.45130
250.0 1850.0 -0.53307
350.0 1850.0 -0.66909
450.0 1850.0 -0.84679
550.0 1850.0 -0.98963
650.0 1850.0 -1.02423
750.0 1850.0 -0.91938
850.0 1850.0 -0.69808
950.0 1850.0 -0.42281
1050.0 1850.0 -0.15377
1150.0 1850.0 0.07148
1250.0 1850.0 0.11022
1350.0 1850.0 -0.06991
1450.0 1850.0 -0.37248
1550.0 1850.0 -0.65270
1650.0 1850.0 -0.77899
1750.0 1850.0 -0.67544
1850.0 1850.0 -0.34523
1950.0 1850.0 0.12504
2050.0 1850.0 0.52558
2150.0 1850.0 0.56969
2250.0 1850.0 0.21042
2350.0 1850.0 -0.40572
2450.0 1850.0 -1.04124
2550.0 1850.0 -1.45712
2650.0 1850.0 -1.48918
2750.0 1850.0 -1.11157
2850.0 1850.0 -0.48590
2950.0 1850.0 0.14509
3050.0 1850.0 0.64378
3150.0 1850.0 0.87625
3250.0 1850.0 0.77877
3350.0 1850.0 0.40247
3450.0 1850.0 -0.09340
3550.0 1850.0 -0.49975
3650.0 1850.0 -0.66739
3750.0 1850.0 -0.65244
3850.0 1850.0 -0.43725
3950.0 1850.0 0.09838
4050.0 1850.0 0.81419
4150.0 1850.0 1.46494
4250.0 1850.0 1.83507
4350.0 1850.0 1.81900
4450.0 1850.0 1.44705
4550.0 1850.0 0.85712
4650.0 1850.0 0.20261
4750.0 1850.0 -0.49525
4850.0 1850.0 -1.14247
4950.0 1850.0 -1.56303
5050.0 1850.0 -1.63761
5150.0 1850.0 -1.37621
5250.0 1850.0 -0.92153
5350.0 1850.0 -0.48313
5450.0 1850.0 -0.20227
5550.0 1850.0 0.01816
5650.0 1850.0 0.32759
5750.0 1850.0 0.69735
5850.0 1850.0 1.02119
5950.0 1850.0 1.20030
6050.0 1850.0 1.19309
6150.0 1850.0 1.02964
6250.0 1850.0 0.79112
6350.0 1850.0 0.55391
50.0 1950.0 0.23944
150.0 1950.0 0.05910
250.0 1950.0 -0.02573
350.0 1950.0 -0.18094
450.0 1950.0 -0.40354
550.0 1950.0 -0.61359
650.0 1950.0 -0.72589
750.0 1950.0 -0.69401
850.0 1950.0 -0.52728
950.0 1950.0 -0.28087
1050.0 1950.0 -0.01890
1150.0 1950.0 0.20303
1250.0 1950.0 0.22499
1350.0 1950.0 0.01035
1450.0 1950.0 -0.33959
1550.0 1950.0 -0.67049
1650.0 1950.0 -0.84024
1750.0 1950.0 -0.76490
1850.0 1950.0 -0.44499
1950.0 1950.0 0.02769
2050.0 1950.0 0.44404
2150.0 1950.0 0.54819
2250.0 1950.0 0.30251
2350.0 1950.0 -0.16114
2450.0 1950.0 -0.63356
2550.0 1950.0 -0.90735
2650.0 1950.0 -0.84317
2750.0 1950.0 -0.42296
2850.0 1950.0 0.21078
2950.0 1950.0 0.84739
3050.0 1950.0 1.35496
3150.0 1950.0 1.59768
3250.0 1950.0 1.50862
3350.0 1950.0 1.13639
3450.0 1950.0 0.63944
3550.0 1950.0 0.22793
3650.0 1950.0 0.05327
3750.0 1950.0 0.05945
3850.0 1950.0 0.22318
3950.0 1950.0 0.61588
4050.0 1950.0 1.10007
4150.0 1950.0 1.46899
4250.0 1950.0 1.56225
4350.0 1950.0 1.32761
4450.0 1950.0 0.82909
4550.0 1950.0 0.20135
4650.0 1950.0 -0.45125
4750.0 1950.0 -1.11385
4850.0 1950.0 -1.66880
4950.0 1950.0 -1.94502
5050.0 1950.0 -1.84779
5150.0 1950.0 -1.42080
5250.0 1950.0 -0.83856
5350.0 1950.0 -0.32937
5450.0 1950.0 -0.02860
5550.0 1950.0 0.19020
5650.0 1950.0 0.45915
5750.0 1950.0 0.73151
5850.0 1950.0 0.91064
5950.0 1950.0 0.92467
6050.0 1950.0 0.76555
6150.0 1950.0 0.49274
6250.0 1950.0 0.20168
6350.0 1950.0 -0.04305
50.0 2050.0 0.76163
150.0 2050.0 0.59191
250.0 2050.0 0.49733
350.0 2050.0 0.32008
450.0 2050.0 0.05684
550.0 2050.0 -0.20868
650.0 2050.0 -0.38177
750.0 2050.0 -0.40491
850.0 2050.0 -0.27833
950.0 2050.0 -0.05328
1050.0 2050.0 0.20232
1150.0 2050.0 0.41937
1250.0 2050.0 0.42133
1350.0 2050.0 0.16626
1450.0 2050.0 -0.23982
1550.0 2050.0 -0.63206
1650.0 2050.0 -0.85627
1750.0 2050.0 -0.81872
1850.0 2050.0 -0.51606
1950.0 2050.0 -0.04555
2050.0 2050.0 0.38198
2150.0 2050.0 0.53927
2250.0 2050.0 0.39717
2350.0 2050.0 0.07328
2450.0 2050.0 -0.25014
2550.0 2050.0 -0.39553
2650.0 2050.0 -0.24662
2750.0 2050.0 0.20771
2850.0 2050.0 0.84321
2950.0 2050.0 1.48218
3050.0 2050.0 2.00346
3150.0 2050.0 2.27060
3250.0 2050.0 2.21093
3350.0 2050.0 1.86566
3450.0 2050.0 1.38687
3550.0 2050.0 0.98142
3650.0 2050.0 0.80173
3750.0 2050.0 0.79606
3850.0 2050.0 0.90602
3950.0 2050.0 1.15773
4050.0 2050.0 1.41927
4150.0 2050.0 1.52308
4250.0 2050.0 1.36186
4350.0 2050.0 0.93242
4450.0 2050.0 0.32760
4550.0 2050.0 -0.32391
4650.0 2050.0 -0.96424
4750.0 2050.0 -1.58662
4850.0 2050.0 -2.05556
4950.0 2050.0 -2.20662
5050.0 2050.0 -1.96702
5150.0 2050.0 -1.40780
5250.0 2050.0 -0.72732
5350.0 2050.0 -0.16600
5450.0 2050.0 0.14769
5550.0 2050.0 0.36079
5650.0 2050.0 0.57722
5750.0 2050.0 0.73010
5850.0 2050.0 0.73644
5950.0 2050.0 0.55774
6050.0 2050.0 0.22552
6150.0 2050.0 -0.16768
6250.0 2050.0 -0.51193
6350.0 2050.0 -0.75811
50.0 2150.0 1.30870
150.0 2150.0 1.12142
250.0 2150.0 0.98293
350.0 2150.0 0.76025
450.0 2150.0 0.45473
550.0 2150.0 0.15663
650.0 2150.0 -0.03545
750.0 2150.0 -0.06519
850.0 2150.0 0.06105
950.0 2150.0 0.28384
1050.0 2150.0 0.53044
1150.0 2150.0 0.73250
1250.0 2150.0 0.70074
1350.0 2150.0 0.38849
1450.0 2150.0 -0.09023
1550.0 2150.0 -0.55670
1650.0 2150.0 -0.84276
1750.0 2150.0 -0.84505
1850.0 2150.0 -0.55828
1950.0 2150.0 -0.08756
2050.0 2150.0 0.35129
2150.0 2150.0 0.55190
2250.0 2150.0 0.48958
2350.0 2150.0 0.26899
2450.0 2150.0 0.05113
2550.0 2150.0 -0.00802
2650.0 2150.0 0.19278
2750.0 2150.0 0.66203
2850.0 2150.0 1.29011
2950.0 2150.0 1.93513
3050.0 2150.0 2.50326
3150.0 2150.0 2.85331
3250.0 2150.0 2.88989
3350.0 2150.0 2.62711
3450.0 2150.0 2.19563
3550.0 2150.0 1.79320
3650.0 2150.0 1.57856
3750.0 2150.0 1.51929
3850.0 2150.0 1.53641
3950.0 2150.0 1.62617
4050.0 2150.0 1.67941
4150.0 2150.0 1.57514
4250.0 2150.0 1.25127
4350.0 2150.0 0.73206
4450.0 2150.0 0.11228
4550.0 2150.0 -0.50182
4650.0 2150.0 -1.08714
4750.0 2150.0 -1.64434
4850.0 2150.0 -2.03832
4950.0 2150.0 -2.11625
5050.0 2150.0 -1.81802
5150.0 2150.0 -1.22164
5250.0 2150.0 -0.52410
5350.0 2150.0 0.04249
5450.0 2150.0 0.35942
5550.0 2150.0 0.56673
5650.0 2150.0 0.70851
5750.0 2150.0 0.69322
5850.0 2150.0 0.46391
5950.0 2150.0 0.03382
6050.0 2150.0 -0.50978
6150.0 2150.0 -1.03263
6250.0 2150.0 -1.41159
6350.0 2150.0 -1.62374
50.0 2250.0 1.76512
150.0 2250.0 1.52098
250.0 2250.0 1.29713
350.0 2250.0 1.00194
450.0 2250.0 0.65529
550.0 2250.0 0.35719
650.0 2250.0 0.20245
750.0 2250.0 0.23012
850.0 2250.0 0.40827
950.0 2250.0 0.65403
1050.0 2250.0 0.88886
1150.0 2250.0 1.06456
1250.0 2250.0 0.98872
1350.0 2250.0 0.61274
1450.0 2250.0 0.06111
1550.0 2250.0 -0.47319
1650.0 2250.0 -0.81010
1750.0 2250.0 -0.84058
1850.0 2250.0 -0.56139
1950.0 2250.0 -0.08651
2050.0 2250.0 0.36259
2150.0 2250.0 0.58839
2250.0 2250.0 0.56463
2350.0 2250.0 0.38632
2450.0 2250.0 0.20334
2550.0 2250.0 0.16364
2650.0 2250.0 0.36603
2750.0 2250.0 0.82255
2850.0 2250.0 1.43156
2950.0 2250.0 2.08470
3050.0 2250.0 2.73065
3150.0 2250.0 3.21793
3250.0 2250.0 3.41038
3350.0 2250.0 3.27524
3450.0 2250.0 2.90791
3550.0 2250.0 2.49319
3650.0 2250.0 2.20306
3750.0 2250.0 2.03951
3850.0 2250.0 1.92169
3950.0 2250.0 1.84049
4050.0 2250.0 1.73020
4150.0 2250.0 1.52085
4250.0 2250.0 1.17934
4350.0 2250.0 0.72452
4450.0 2250.0 0.21629
4550.0 2250.0 -0.28149
4650.0 2250.0 -0.75991
4750.0 2250.0 -1.22322
4850.0 2250.0 -1.55973
4950.0 2250.0 -1.63403
5050.0 2250.0 -1.38630
5150.0 2250.0 -0.87530
5250.0 2250.0 -0.26467
5350.0 2250.0 0.24740
5450.0 2250.0 0.55514
5550.0 2250.0 0.75859
5650.0 2250.0 0.81558
5750.0 2250.0 0.61112
5850.0 2250.0 0.12568
5950.0 2250.0 -0.56374
6050.0 2250.0 -1.30710
6150.0 2250.0 -1.92888
6250.0 2250.0 -2.29954
6350.0 2250.0 -2.43094
50.0 2350.0 2.00026
150.0 2350.0 1.66400
250.0 2350.0 1.32461
350.0 2350.0 0.93878
450.0 2350.0 0.55590
550.0 2350.0 0.28774
650.0 2350.0 0.21862
750.0 2350.0 0.35716
850.0 2350.0 0.63039
950.0 2350.0 0.92015
1050.0 2350.0 1.14178
1150.0 2350.0 1.28398
1250.0 2350.0 1.16457
1350.0 2350.0 0.73775
1450.0 2350.0 0.13833
1550.0 2350.0 -0.43082
1650.0 2350.0 -0.78491
1750.0 2350.0 -0.81692
1850.0 2350.0 -0.53067
1950.0 2350.0 -0.04740
2050.0 2350.0 0.40958
2150.0 2350.0 0.63928
2250.0 2350.0 0.60821
2350.0 2350.0 0.40618
2450.0 2350.0 0.18342
2550.0 2350.0 0.09438
2650.0 2350.0 0.24825
2750.0 2350.0 0.66622
2850.0 2350.0 1.24707
2950.0 2350.0 1.90672
3050.0 2350.0 2.64121
3150.0 2350.0 3.28400
3250.0 2350.0 3.64815
3350.0 2350.0 3.64506
3450.0 2350.0 3.33040
3550.0 2350.0 2.87729
3650.0 2350.0 2.47670
3750.0 2350.0 2.17181
3850.0 2350.0 1.89518
3950.0 2350.0 1.65750
4050.0 2350.0 1.45149
4150.0 2350.0 1.25561
4250.0 2350.0 1.04532
4350.0 2350.0 0.80171
4450.0 2350.0 0.51736
4550.0 2350.0 0.19955
4650.0 2350.0 -0.13412
4750.0 2350.0 -0.48459
4850.0 2350.0 -0.78166
4950.0 2350.0 -0.91116
5050.0 2350.0 -0.80320
5150.0 2350.0 -0.47621
5250.0 2350.0 -0.03534
5350.0 2350.0 0.37484
5450.0 2350.0 0.66338
5550.0 2350.0 0.86701
5650.0 2350.0 0.85323
5750.0 2350.0 0.49324
5850.0 2350.0 -0.19167
5950.0 2350.0 -1.06498
6050.0 2350.0 -1.92504
6150.0 2350.0 -2.56950
6250.0 2350.0 -2.87410
6350.0 2350.0 -2.88595
50.0 2450.0 1.95698
150.0 2450.0 1.50960
250.0 2450.0 1.04631
350.0 2450.0 0.56707
450.0 2450.0 0.15498
550.0 2450.0 -0.06627
650.0 2450.0 -0.02627
750.0 2450.0 0.24751
850.0 2450.0 0.63492
950.0 2450.0 0.97823
1050.0 2450.0 1.18705
1150.0 2450.0 1.29536
1250.0 2450.0 1.14378
1350.0 2450.0 0.69439
1450.0 2450.0 0.08958
1550.0 2450.0 -0.46566
1650.0 2450.0 -0.79174
1750.0 2450.0 -0.79248
1850.0 2450.0 -0.48313
1950.0 2450.0 0.01161
2050.0 2450.0 0.47355
2150.0 2450.0 0.69002
2250.0 2450.0 0.61674
2350.0 2450.0 0.34256
2450.0 2450.0 0.02697
2550.0 2450.0 -0.15862
2650.0 2450.0 -0.08598
2750.0 2450.0 0.27841
2850.0 2450.0 0.82768
2950.0 2450.0 1.48904
3050.0 2450.0 2.29850
3150.0 2450.0 3.07203
3250.0 2450.0 3.57370
3350.0 2450.0 3.66402
3450.0 2450.0 3.36562
3550.0 2450.0 2.84601
3650.0 2450.0 2.31765
3750.0 2450.0 1.86098
3850.0 2450.0 1.42843
3950.0 2450.0 1.06776
4050.0 2450.0 0.83401
4150.0 2450.0 0.74525
4250.0 2450.0 0.76788
4350.0 2450.0 0.82436
4450.0 2450.0 0.82324
4550.0 2450.0 0.71163
4650.0 2450.0 0.53326
4750.0 2450.0 0.29810
4850.0 2450.0 0.02813
4950.0 2450.0 -0.18439
5050.0 2450.0 -0.25457
5150.0 2450.0 -0.15194
5250.0 2450.0 0.08629
5350.0 2450.0 0.37608
5450.0 2450.0 0.64139
5550.0 2450.0 0.84997
5650.0 2450.0 0.79928
5750.0 2450.0 0.36146
5850.0 2450.0 -0.40705
5950.0 2450.0 -1.32980
6050.0 2450.0 -2.17924
6150.0 2450.0 -2.74988
6250.0 2450.0 -2.93549
6350.0 2450.0 -2.81038
50.0 2550.0 1.68626
150.0 2550.0 1.13188
250.0 2550.0 0.56083
350.0 2550.0 0.00144
450.0 2550.0 -0.43344
550.0 2550.0 -0.60997
650.0 2550.0 -0.47053
750.0 2550.0 -0.07487
850.0 2550.0 0.41502
950.0 2550.0 0.80656
1050.0 2550.0 1.00462
1150.0 2550.0 1.08537
1250.0 2550.0 0.91931
1350.0 2550.0 0.47979
1450.0 2550.0 -0.08742
1550.0 2550.0 -0.58332
1650.0 2550.0 -0.84226
1750.0 2550.0 -0.78551
1850.0 2550.0 -0.44178
1950.0 2550.0 0.06517
2050.0 2550.0 0.52978
2150.0 2550.0 0.72645
2250.0 2550.0 0.60019
2350.0 2550.0 0.24111
2450.0 2550.0 -0.17898
2550.0 2550.0 -0.46918
2650.0 2550.0 -0.48100
2750.0 2550.0 -0.16898
2850.0 2550.0 0.35219
2950.0 2550.0 1.00919
3050.0 2550.0 1.86153
3150.0 2550.0 2.70859
3250.0 2550.0 3.27789
3350.0 2550.0 3.39583
3450.0 2550.0 3.06691
3550.0 2550.0 2.46147
3650.0 2550.0 1.81193
3750.0 2550.0 1.22299
3850.0 2550.0 0.66238
3950.0 2550.0 0.21791
4050.0 2550.0 -0.00147
4150.0 2550.0 0.05039
4250.0 2550.0 0.32267
4350.0 2550.0 0.67759
4450.0 2550.0 0.94461
4550.0 2550.0 1.01886
4650.0 2550.0 0.97569
4750.0 2550.0 0.84131
4850.0 2550.0 0.59636
4950.0 2550.0 0.31393
5050.0 2550.0 0.09159
5150.0 2550.0 0.00175
5250.0 2550.0 0.06578
5350.0 2550.0 0.25199
5450.0 2550.0 0.49735
5550.0 2550.0 0.71458
5650.0 2550.0 0.66717
5750.0 2550.0 0.24248
5850.0 2550.0 -0.48049
5950.0 2550.0 -1.31216
6050.0 2550.0 -2.02927
6150.0 2550.0 -2.44686
6250.0 2550.0 -2.48549
6350.0 2550.0 -2.23356
50.0 2650.0 1.32773
150.0 2650.0 0.69289
250.0 2650.0 0.04946
350.0 2650.0 -0.56523
450.0 2650.0 -1.01957
550.0 2650.0 -1.17261
650.0 2650.0 -0.97411
750.0 2650.0 -0.50396
850.0 2650.0 0.04922
950.0 2650.0 0.47028
1050.0 2650.0 0.66056
1150.0 2650.0 0.72466
1250.0 2650.0 0.56154
1350.0 2650.0 0.15626
1450.0 2650.0 -0.34613
1550.0 2650.0 -0.75802
1650.0 2650.0 -0.93193
1750.0 2650.0 -0.80830
1850.0 2650.0 -0.42816
1950.0 2650.0 0.08908
2050.0 2650.0 0.55554
2150.0 2650.0 0.73938
2250.0 2650.0 0.57843
2350.0 2650.0 0.16361
2450.0 2650.0 -0.32526
2550.0 2650.0 -0.68447
2650.0 2650.0 -0.75213
2750.0 2650.0 -0.47487
2850.0 2650.0 0.02747
2950.0 2650.0 0.67504
3050.0 2650.0 1.53123
3150.0 2650.0 2.38273
3250.0 2650.0 2.93941
3350.0 2650.0 3.01609
3450.0 2650.0 2.61699
3550.0 2650.0 1.92291
3650.0 2650.0 1.18098
3750.0 2650.0 0.50294
3850.0 2650.0 -0.14255
3950.0 2650.0 -0.64071
4050.0 2650.0 -0.84652
4150.0 2650.0 -0.69571
4250.0 2650.0 -0.25159
4350.0 2650.0 0.30683
4450.0 2650.0 0.75547
4550.0 2650.0 0.95473
4650.0 2650.0 1.00251
4750.0 2650.0 0.94229
4850.0 2650.0 0.73169
4950.0 2650.0 0.42993
5050.0 2650.0 0.13823
5150.0 2650.0 -0.04938
5250.0 2650.0 -0.07832
5350.0 2650.0 0.05127
5450.0 2650.0 0.28632
5550.0 2650.0 0.51333
5650.0 2650.0 0.50068
5750.0 2650.0 0.15908
5850.0 2650.0 -0.42464
5950.0 2650.0 -1.07205
6050.0 2650.0 -1.58739
6150.0 2650.0 -1.82082
6250.0 2650.0 -1.72107
6350.0 2650.0 -1.37715
50.0 2750.0 1.03627
150.0 2750.0 0.35932
250.0 2750.0 -0.31498
350.0 2750.0 -0.95760
450.0 2750.0 -1.43193
550.0 2750.0 -1.59315
650.0 2750.0 -1.39092
750.0 2750.0 -0.90935
850.0 2750.0 -0.34443
950.0 2750.0 0.08130
1050.0 2750.0 0.26663
1150.0 2750.0 0.32565
1250.0 2750.0 0.17708
1350.0 2750.0 -0.18469
1450.0 2750.0 -0.61811
1550.0 2750.0 -0.94807
1650.0 2750.0 -1.04406
1750.0 2750.0 -0.86244
1850.0 2750.0 -0.45290
1950.0 2750.0 0.07089
2050.0 2750.0 0.54002
2150.0 2750.0 0.72796
2250.0 2750.0 0.57119
2350.0 2750.0 0.15843
2450.0 2750.0 -0.33196
2550.0 2750.0 -0.69635
2650.0 2750.0 -0.77153
2750.0 2750.0 -0.50219
2850.0 2750.0 -0.00713
2950.0 2750.0 0.62846
3050.0 2750.0 1.45569
3150.0 2750.0 2.25397
3250.0 2750.0 2.73410
3350.0 2750.0 2.71992
3450.0 2750.0 2.23015
3550.0 2750.0 1.46048
3650.0 2750.0 0.66593
3750.0 2750.0 -0.05046
3850.0 2750.0 -0.73764
3950.0 2750.0 -1.27722
4050.0 2750.0 -1.50894
4150.0 2750.0 -1.35570
4250.0 2750.0 -0.87836
4350.0 2750.0 -0.26560
4450.0 2750.0 0.24107
4550.0 2750.0 0.48722
4650.0 2750.0 0.57399
4750.0 2750.0 0.55886
4850.0 2750.0 0.39933
4950.0 2750.0 0.14658
5050.0 2750.0 -0.10665
5150.0 2750.0 -0.27071
5250.0 2750.0 -0.28960
5350.0 2750.0 -0.15733
5450.0 2750.0 0.07976
5550.0 2750.0 0.31501
5650.0 2750.0 0.35054
5750.0 2750.0 0.12053
5850.0 2750.0 -0.29246
5950.0 2750.0 -0.73527
6050.0 2750.0 -1.04907
6150.0 2750.0 -1.12086
6250.0 2750.0 -0.92176
6350.0 2750.0 -0.53192
50.0 2850.0 0.85568
150.0 2850.0 0.16449
250.0 2850.0 -0.51367
350.0 2850.0 -1.16705
450.0 2850.0 -1.66340
550.0 2850.0 -1.85606
650.0 2850.0 -1.68925
750.0 2850.0 -1.24041
850.0 2850.0 -0.69973
950.0 2850.0 -0.28694
1050.0 2850.0 -0.10521
1150.0 2850.0 -0.04448
1250.0 2850.0 -0.17453
1350.0 2850.0 -0.49436
1450.0 2850.0 -0.86687
1550.0 2850.0 -1.12826
1650.0 2850.0 -1.16183
1750.0 2850.0 -0.93580
1850.0 2850.0 -0.50525
1950.0 2850.0 0.02183
2050.0 2850.0 0.49464
2150.0 2850.0 0.70105
2250.0 2850.0 0.58056
2350.0 2850.0 0.21689
2450.0 2850.0 -0.22112
2550.0 2850.0 -0.54033
2650.0 2850.0 -0.58574
2750.0 2850.0 -0.30448
2850.0 2850.0 0.19094
2950.0 2850.0 0.81412
3050.0 2850.0 1.59617
3150.0 2850.0 2.31308
3250.0 2850.0 2.68725
3350.0 2850.0 2.56252
3450.0 2850.0 1.97914
3550.0 2850.0 1.14882
3650.0 2850.0 0.32971
3750.0 2850.0 -0.39219
3850.0 2850.0 -1.09606
3950.0 2850.0 -1.67817
4050.0 2850.0 -1.97631
4150.0 2850.0 -1.90151
4250.0 2850.0 -1.49886
4350.0 2850.0 -0.94269
4450.0 2850.0 -0.46633
4550.0 2850.0 -0.22625
4650.0 2850.0 -0.13396
4750.0 2850.0 -0.12180
4850.0 2850.0 -0.21708
4950.0 2850.0 -0.37310
5050.0 2850.0 -0.51408
5150.0 2850.0 -0.57237
5250.0 2850.0 -0.51176
5350.0 2850.0 -0.33704
5450.0 2850.0 -0.08970
5550.0 2850.0 0.15154
5650.0 2850.0 0.23440
5750.0 2850.0 0.11277
5850.0 2850.0 -0.14072
5950.0 2850.0 -0.40153
6050.0 2850.0 -0.54677
6150.0 2850.0 -0.49519
6250.0 2850.0 -0.23359
6350.0 2850.0 0.17028
50.0 2950.0 0.71348
150.0 2950.0 0.03652
250.0 2950.0 -0.61754
350.0 2950.0 -1.25765
450.0 2950.0 -1.76535
550.0 2950.0 -2.00038
650.0 2950.0 -1.90306
750.0 2950.0 -1.53713
850.0 2950.0 -1.07353
950.0 2950.0 -0.71489
1050.0 2950.0 -0.56079
1150.0 2950.0 -0.51430
1250.0 2950.0 -0.62976
1350.0 2950.0 -0.89639
1450.0 2950.0 -1.18662
1550.0 2950.0 -1.35683
1650.0 2950.0 -1.31314
1750.0 2950.0 -1.04194
1850.0 2950.0 -0.60506
1950.0 2950.0 -0.09985
2050.0 2950.0 0.35362
2150.0 2950.0 0.57274
2250.0 2950.0 0.50660
2350.0 2950.0 0.23122
2450.0 2950.0 -0.10413
2550.0 2950.0 -0.33085
2650.0 2950.0 -0.31553
2750.0 2950.0 -0.01471
2850.0 2950.0 0.47202
2950.0 2950.0 1.06938
3050.0 2950.0 1.78843
3150.0 2950.0 2.40525
3250.0 2950.0 2.65906
3350.0 2950.0 2.41734
3450.0 2950.0 1.74241
3550.0 2950.0 0.85936
3650.0 2950.0 0.02542
3750.0 2950.0 -0.69276
3850.0 2950.0 -1.40260
3950.0 2950.0 -2.01410
4050.0 2950.0 -2.36465
4150.0 2950.0 -2.35570
4250.0 2950.0 -2.01827
4350.0 2950.0 -1.51283
4450.0 2950.0 -1.06374
4550.0 2950.0 -0.82797
4650.0 2950.0 -0.72822
4750.0 2950.0 -0.68304
4850.0 2950.0 -0.70374
4950.0 2950.0 -0.75144
5050.0 2950.0 -0.77162
5150.0 2950.0 -0.72165
5250.0 2950.0 -0.58586
5350.0 2950.0 -0.37814
5450.0 2950.0 -0.13228
5550.0 2950.0 0.10171
5650.0 2950.0 0.20994
5750.0 2950.0 0.16181
5850.0 2950.0 0.02211
5950.0 2950.0 -0.10719
6050.0 2950.0 -0.13155
6150.0 2950.0 0.00526
6250.0 2950.0 0.30407
6350.0 2950.0 0.70694
50.0 3050.0 0.61781
150.0 3050.0 0.02748
250.0 3050.0 -0.53149
350.0 3050.0 -1.09002
450.0 3050.0 -1.56392
550.0 3050.0 -1.84316
650.0 3050.0 -1.87400
750.0 3050.0 -1.69530
850.0 3050.0 -1.42931
950.0 3050.0 -1.22687
1050.0 3050.0 -1.16708
1150.0 3050.0 -1.18276
1250.0 3050.0 -1.29870
1350.0 3050.0 -1.48554
1450.0 3050.0 -1.63857
1550.0 3050.0 -1.65836
1650.0 3050.0 -1.49868
1750.0 3050.0 -1.18169
1850.0 3050.0 -0.78032
1950.0 3050.0 -0.36780
2050.0 3050.0 -0.00121
2150.0 3050.0 0.20055
2250.0 3050.0 0.21187
2350.0 3050.0 0.09654
2450.0 3050.0 -0.03692
2550.0 3050.0 -0.07575
2650.0 3050.0 0.06090
2750.0 3050.0 0.39015
2850.0 3050.0 0.83936
2950.0 3050.0 1.37496
3050.0 3050.0 1.99336
3150.0 3050.0 2.47991
3250.0 3050.0 2.59985
3350.0 3050.0 2.24768
3450.0 3050.0 1.50325
3550.0 3050.0 0.59466
3650.0 3050.0 -0.23232
3750.0 3050.0 -0.93120
3850.0 3050.0 -1.62529
3950.0 3050.0 -2.22991
4050.0 3050.0 -2.58204
4150.0 3050.0 -2.57932
4250.0 3050.0 -2.24738
4350.0 3050.0 -1.74162
4450.0 3050.0 -1.28327
4550.0 3050.0 -1.02973
4650.0 3050.0 -0.90616
4750.0 3050.0 -0.80849
4850.0 3050.0 -0.73666
4950.0 3050.0 -0.66982
5050.0 3050.0 -0.58222
5150.0 3050.0 -0.45652
5250.0 3050.0 -0.29013
5350.0 3050.0 -0.09448
5450.0 3050.0 0.11265
5550.0 3050.0 0.30318
5650.0 3050.0 0.37960
5750.0 3050.0 0.31828
5850.0 3050.0 0.18282
5950.0 3050.0 0.06785
6050.0 3050.0 0.05706
6150.0 3050.0 0.19581
6250.0 3050.0 0.47829
6350.0 3050.0 0.84910
50.0 3150.0 0.54867
150.0 3150.0 0.12579
250.0 3150.0 -0.26000
350.0 3150.0 -0.65272
450.0 3150.0 -1.01897
550.0 3150.0 -1.30666
650.0 3150.0 -1.48551
750.0 3150.0 -1.56604
850.0 3150.0 -1.59775
950.0 3150.0 -1.64627
1050.0 3150.0 -1.74976
1150.0 3150.0 -1.88054
1250.0 3150.0 -2.01934
1350.0 3150.0 -2.11053
1450.0 3150.0 -2.08541
1550.0 3150.0 -1.91132
1650.0 3150.0 -1.61248
1750.0 3150.0 -1.26247
1850.0 3150.0 -0.94838
1950.0 3150.0 -0.70655
2050.0 3150.0 -0.50319
2150.0 3150.0 -0.36636
2250.0 3150.0 -0.28182
2350.0 3150.0 -0.19891
2450.0 3150.0 -0.06546
2550.0 3150.0 0.15007
2650.0 3150.0 0.44904
2750.0 3150.0 0.80596
2850.0 3150.0 1.18525
2950.0 3150.0 1.62405
3050.0 3150.0 2.11620
3150.0 3150.0 2.46726
3250.0 3150.0 2.47435
3350.0 3150.0 2.05565
3450.0 3150.0 1.29639
3550.0 3150.0 0.41102
3650.0 3150.0 -0.37831
3750.0 3150.0 -1.04061
3850.0 3150.0 -1.69715
3950.0 3150.0 -2.26099
4050.0 3150.0 -2.56868
4150.0 3150.0 -2.51877
4250.0 3150.0 -2.13874
4350.0 3150.0 -1.58620
4450.0 3150.0 -1.08416
4550.0 3150.0 -0.79045
4650.0 3150.0 -0.62563
4750.0 3150.0 -0.45885
4850.0 3150.0 -0.28680
4950.0 3150.0 -0.11708
5050.0 3150.0 0.04239
5150.0 3150.0 0.18770
5250.0 3150.0 0.32045
5350.0 3150.0 0.44657
5450.0 3150.0 0.57244
5550.0 3150.0 0.68083
5650.0 3150.0 0.66910
5750.0 3150.0 0.51359
5850.0 3150.0 0.28270
5950.0 3150.0 0.07666
6050.0 3150.0 -0.01703
6150.0 3150.0 0.04772
6250.0 3150.0 0.26280
6350.0 3150.0 0.56908
50.0 3250.0 0.46672
150.0 3250.0 0.26735
250.0 3250.0 0.10743
350.0 3250.0 -0.05134
450.0 3250.0 -0.22996
550.0 3250.0 -0.45497
650.0 3250.0 -0.73954
750.0 3250.0 -1.07464
850.0 3250.0 -1.43111
950.0 3250.0 -1.77282
1050.0 3250.0 -2.08063
1150.0 3250.0 -2.36249
1250.0 3250.0 -2.54643
1350.0 3250.0 -2.54798
1450.0 3250.0 -2.34129
1550.0 3250.0 -1.97103
1650.0 3250.0 -1.54163
1750.0 3250.0 -1.18395
1850.0 3250.0 -0.99929
1950.0 3250.0 -0.98083
2050.0 3250.0 -0.99484
2150.0 3250.0 -0.97308
2250.0 3250.0 -0.85507
2350.0 3250.0 -0.59900
2450.0 3250.0 -0.20967
2550.0 3250.0 0.25718
2650.0 3250.0 0.71415
2750.0 3250.0 1.08510
2850.0 3250.0 1.37179
2950.0 3250.0 1.69574
3050.0 3250.0 2.06403
3150.0 3250.0 2.31095
3250.0 3250.0 2.26401
3350.0 3250.0 1.85420
3450.0 3250.0 1.15486
3550.0 3250.0 0.34918
3650.0 3250.0 -0.37349
3750.0 3250.0 -0.98736
3850.0 3250.0 -1.59422
3950.0 3250.0 -2.10190
4050.0 3250.0 -2.34643
4150.0 3250.0 -2.22845
4250.0 3250.0 -1.77923
4350.0 3250.0 -1.16061
4450.0 3250.0 -0.59883
4550.0 3250.0 -0.25216
4650.0 3250.0 -0.03507
4750.0 3250.0 0.20607
4850.0 3250.0 0.46853
4950.0 3250.0 0.71023
5050.0 3250.0 0.89046
5150.0 3250.0 0.99217
5250.0 3250.0 1.02898
5350.0 3250.0 1.03693
5450.0 3250.0 1.05091
5550.0 3250.0 1.05252
5650.0 3250.0 0.92279
5750.0 3250.0 0.63633
5850.0 3250.0 0.26864
5950.0 3250.0 -0.07032
6050.0 3250.0 -0.28512
6150.0 3250.0 -0.32613
6250.0 3250.0 -0.20313
6350.0 3250.0 0.01880
50.0 3350.0 0.33744
150.0 3350.0 0.37370
250.0 3350.0 0.44896
350.0 3350.0 0.55277
450.0 3350.0 0.62012
550.0 3350.0 0.53934
650.0 3350.0 0.23819
750.0 3350.0 -0.27250
850.0 3350.0 -0.89917
950.0 3350.0 -1.50961
1050.0 3350.0 -2.02097
1150.0 3350.0 -2.46063
1250.0 3350.0 -2.70418
1350.0 3350.0 -2.64165
1450.0 3350.0 -2.28833
1550.0 3350.0 -1.76116
1650.0 3350.0 -1.23828
1750.0 3350.0 -0.90194
1850.0 3350.0 -0.86471
1950.0 3350.0 -1.07907
2050.0 3350.0 -1.32382
2150.0 3350.0 -1.45245
2250.0 3350.0 -1.36213
2350.0 3350.0 -1.01189
2450.0 3350.0 -0.44922
2550.0 3350.0 0.19814
2650.0 3350.0 0.76541
2750.0 3350.0 1.12874
2850.0 3350.0 1.31761
2950.0 3350.0 1.53172
3050.0 3350.0 1.80548
3150.0 3350.0 2.00490
3250.0 3350.0 1.97986
3350.0 3350.0 1.65943
3450.0 3350.0 1.08874
3550.0 3350.0 0.40726
3650.0 3350.0 -0.23139
3750.0 3350.0 -0.79449
3850.0 3350.0 -1.35332
3950.0 3350.0 -1.81311
4050.0 3350.0 -2.00924
4150.0 3350.0 -1.84175
4250.0 3350.0 -1.34173
4350.0 3350.0 -0.67133
4450.0 3350.0 -0.05746
4550.0 3350.0 0.34097
4650.0 3350.0 0.61119
4750.0 3350.0 0.91889
4850.0 3350.0 1.24797
4950.0 3350.0 1.52242
5050.0 3350.0 1.67494
5150.0 3350.0 1.68469
5250.0 3350.0 1.58677
5350.0 3350.0 1.45352
5450.0 3350.0 1.34735
5550.0 3350.0 1.24000
5650.0 3350.0 0.99895
5750.0 3350.0 0.60131
5850.0 3350.0 0.12755
5950.0 3350.0 -0.30878
6050.0 3350.0 -0.61201
6150.0 3350.0 -0.73578
6250.0 3350.0 -0.69490
6350.0 3350.0 -0.55776
50.0 3450.0 0.14519
150.0 3450.0 0.38108
250.0 3450.0 0.65432
350.0 3450.0 0.99915
450.0 3450.0 1.32669
550.0 3450.0 1.45015
650.0 3450.0 1.23313
750.0 3450.0 0.66840
850.0 3450.0 -0.11449
950.0 3450.0 -0.91288
1050.0 3450.0 -1.58600
1150.0 3450.0 -2.15868
1250.0 3450.0 -2.46294
1350.0 3450.0 -2.37124
1450.0 3450.0 -1.93050
1550.0 3450.0 -1.31143
1650.0 3450.0 -0.74581
1750.0 3450.0 -0.45215
1850.0 3450.0 -0.54950
1950.0 3450.0 -0.95967
2050.0 3450.0 -1.40306
2150.0 3450.0 -1.68900
2250.0 3450.0 -1.68483
2350.0 3450.0 -1.34188
2450.0 3450.0 -0.72687
2550.0 3450.0 -0.00913
2650.0 3450.0 0.59651
2750.0 3450.0 0.93106
2850.0 3450.0 1.03618
2950.0 3450.0 1.16632
3050.0 3450.0 1.39001
3150.0 3450.0 1.60154
3250.0 3450.0 1.66157
3350.0 3450.0 1.48460
3450.0 3450.0 1.07859
3550.0 3450.0 0.53667
3650.0 3450.0 -0.01891
3750.0 3450.0 -0.53917
3850.0 3450.0 -1.06461
3950.0 3450.0 -1.50492
4050.0 3450.0 -1.69476
4150.0 3450.0 -1.52806
4250.0 3450.0 -1.02745
4350.0 3450.0 -0.34717
4450.0 3450.0 0.29067
4550.0 3450.0 0.72634
4650.0 3450.0 1.04020
4750.0 3450.0 1.39678
4850.0 3450.0 1.76419
4950.0 3450.0 2.03922
5050.0 3450.0 2.13707
5150.0 3450.0 2.04003
5250.0 3450.0 1.80695
5350.0 3450.0 1.54371
5450.0 3450.0 1.33448
5550.0 3450.0 1.13899
5650.0 3450.0 0.82681
5750.0 3450.0 0.38590
5850.0 3450.0 -0.10399
5950.0 3450.0 -0.53953
6050.0 3450.0 -0.84123
6150.0 3450.0 -0.97962
6250.0 3450.0 -0.98055
6350.0 3450.0 -0.90928
50.0 3550.0 -0.10285
150.0 3550.0 0.26018
250.0 3550.0 0.65990
350.0 3550.0 1.18025
450.0 3550.0 1.73126
550.0 3550.0 2.07450
650.0 3550.0 2.01690
750.0 3550.0 1.51870
850.0 3550.0 0.71275
950.0 3550.0 -0.16451
1050.0 3550.0 -0.93061
1150.0 3550.0 -1.58812
1250.0 3550.0 -1.93998
1350.0 3550.0 -1.85075
1450.0 3550.0 -1.38496
1550.0 3550.0 -0.74152
1650.0 3550.0 -0.17924
1750.0 3550.0 0.06628
1850.0 3550.0 -0.12562
1950.0 3550.0 -0.66029
2050.0 3550.0 -1.23508
2150.0 3550.0 -1.65327
2250.0 3550.0 -1.76924
2350.0 3550.0 -1.52067
2450.0 3550.0 -0.96923
2550.0 3550.0 -0.29113
2650.0 3550.0 0.28253
2750.0 3550.0 0.57555
2850.0 3550.0 0.62571
2950.0 3550.0 0.70972
3050.0 3550.0 0.92698
3150.0 3550.0 1.19115
3250.0 3550.0 1.36285
3350.0 3550.0 1.33609
3450.0 3550.0 1.08355
3550.0 3550.0 0.66068
3650.0 3550.0 0.16862
3750.0 3550.0 -0.32444
3850.0 3550.0 -0.83911
3950.0 3550.0 -1.29865
4050.0 3550.0 -1.53699
4150.0 3550.0 -1.43554
4250.0 3550.0 -0.99887
4350.0 3550.0 -0.36363
4450.0 3550.0 0.25930
4550.0 3550.0 0.70930
4650.0 3550.0 1.05009
4750.0 3550.0 1.43421
4850.0 3550.0 1.81750
4950.0 3550.0 2.08014
5050.0 3550.0 2.12862
5150.0 3550.0 1.95017
5250.0 3550.0 1.62133
5350.0 3550.0 1.27061
5450.0 3550.0 0.99529
5550.0 3550.0 0.74856
5650.0 3550.0 0.42521
5750.0 3550.0 0.03355
5850.0 3550.0 -0.35459
5950.0 3550.0 -0.66281
6050.0 3550.0 -0.84707
6150.0 3550.0 -0.91054
6250.0 3550.0 -0.89651
6350.0 3550.0 -0.85922
50.0 3650.0 -0.38291
150.0 3650.0 0.02684
250.0 3650.0 0.47509
350.0 3650.0 1.08890
450.0 3650.0 1.79508
550.0 3650.0 2.33086
650.0 3650.0 2.46253
750.0 3650.0 2.11232
850.0 3650.0 1.39052
950.0 3650.0 0.53294
1050.0 3650.0 -0.25631
1150.0 3650.0 -0.94585
1250.0 3650.0 -1.32428
1350.0 3650.0 -1.25635
1450.0 3650.0 -0.81076
1550.0 3650.0 -0.19120
1650.0 3650.0 0.34026
1750.0 3650.0 0.54735
1850.0 3650.0 0.31131
1950.0 3650.0 -0.27002
2050.0 3650.0 -0.90043
2150.0 3650.0 -1.40665
2250.0 3650.0 -1.64519
2350.0 3650.0 -1.53825
2450.0 3650.0 -1.12520
2550.0 3650.0 -0.56173
2650.0 3650.0 -0.06673
2750.0 3650.0 0.18316
2850.0 3650.0 0.21056
2950.0 3650.0 0.28442
3050.0 3650.0 0.52437
3150.0 3650.0 0.85267
3250.0 3650.0 1.12310
3350.0 3650.0 1.21092
3450.0 3650.0 1.06411
3550.0 3650.0 0.71583
3650.0 3650.0 0.25818
3750.0 3650.0 -0.22490
3850.0 3650.0 -0.75105
3950.0 3650.0 -1.26502
4050.0 3650.0 -1.60000
4150.0 3650.0 -1.61986
4250.0 3650.0 -1.30336
4350.0 3650.0 -0.76172
4450.0 3650.0 -0.18935
4550.0 3650.0 0.25218
4650.0 3650.0 0.60238
4750.0 3650.0 0.99638
4850.0 3650.0 1.38516
4950.0 3650.0 1.64290
5050.0 3650.0 1.67302
5150.0 3650.0 1.46462
5250.0 3650.0 1.10074
5350.0 3650.0 0.71815
5450.0 3650.0 0.41884
5550.0 3650.0 0.15975
5650.0 3650.0 -0.11706
5750.0 3650.0 -0.37537
5850.0 3650.0 -0.55757
5950.0 3650.0 -0.62798
6050.0 3650.0 -0.59366
6150.0 3650.0 -0.50287
6250.0 3650.0 -0.42114
6350.0 3650.0 -0.38503
50.0 3750.0 -0.67509
150.0 3750.0 -0.26243
250.0 3750.0 0.19235
350.0 3750.0 0.85162
450.0 3750.0 1.66623
550.0 3750.0 2.36474
650.0 3750.0 2.68430
750.0 3750.0 2.50984
850.0 3750.0 1.91835
950.0 3750.0 1.12810
1050.0 3750.0 0.35300
1150.0 3750.0 -0.33872
1250.0 3750.0 -0.72911
1350.0 3750.0 -0.68686
1450.0 3750.0 -0.27816
1550.0 3750.0 0.29982
1650.0 3750.0 0.79309
1750.0 3750.0 0.97241
1850.0 3750.0 0.72226
1950.0 3750.0 0.13725
2050.0 3750.0 -0.50608
2150.0 3750.0 -1.07006
2250.0 3750.0 -1.42083
2350.0 3750.0 -1.46594
2450.0 3750.0 -1.21617
2550.0 3750.0 -0.79501
2650.0 3750.0 -0.39595
2750.0 3750.0 -0.18746
2850.0 3750.0 -0.16615
2950.0 3750.0 -0.08552
3050.0 3750.0 0.18630
3150.0 3750.0 0.57421
3250.0 3750.0 0.92314
3350.0 3750.0 1.09304
3450.0 3750.0 1.01536
3550.0 3750.0 0.71100
3650.0 3750.0 0.26959
3750.0 3750.0 -0.21302
3850.0 3750.0 -0.76174
3950.0 3750.0 -1.34604
4050.0 3750.0 -1.79844
4150.0 3750.0 -1.96332
4250.0 3750.0 -1.79077
4350.0 3750.0 -1.36368
4450.0 3750.0 -0.85800
4550.0 3750.0 -0.43628
4650.0 3750.0 -0.08595
4750.0 3750.0 0.31000
4850.0 3750.0 0.70271
4950.0 3750.0 0.96575
5050.0 3750.0 1.00132
5150.0 3750.0 0.79730
5250.0 3750.0 0.43589
5350.0 3750.0 0.05371
5450.0 3750.0 -0.24669
5550.0 3750.0 -0.49786
5650.0 3750.0 -0.69918
5750.0 3750.0 -0.78326
5850.0 3750.0 -0.70972
5950.0 3750.0 -0.48999
6050.0 3750.0 -0.18936
6150.0 3750.0 0.09330
6250.0 3750.0 0.26823
6350.0 3750.0 0.31972
50.0 3850.0 -1.05894
150.0 3850.0 -0.64650
250.0 3850.0 -0.18699
350.0 3850.0 0.50468
450.0 3850.0 1.40217
550.0 3850.0 2.23542
650.0 3850.0 2.72457
750.0 3850.0 2.72543
850.0 3850.0 2.28296
950.0 3850.0 1.59267
1050.0 3850.0 0.87003
1150.0 3850.0 0.21367
1250.0 3850.0 -0.15969
1350.0 3850.0 -0.12714
1450.0 3850.0 0.24867
1550.0 3850.0 0.78232
1650.0 3850.0 1.23550
1750.0 3850.0 1.39348
1850.0 3850.0 1.14844
1950.0 3850.0 0.58949
2050.0 3850.0 -0.03452
2150.0 3850.0 -0.62697
2250.0 3850.0 -1.07400
2350.0 3850.0 -1.27745
2450.0 3850.0 -1.22092
2550.0 3850.0 -0.98805
2650.0 3850.0 -0.73287
2750.0 3850.0 -0.60228
2850.0 3850.0 -0.61073
2950.0 3850.0 -0.54343
3050.0 3850.0 -0.25328
3150.0 3850.0 0.19091
3250.0 3850.0 0.62558
3350.0 3850.0 0.89209
3450.0 3850.0 0.89929
3550.0 3850.0 0.64901
3650.0 3850.0 0.22451
3750.0 3850.0 -0.26297
3850.0 3850.0 -0.83240
3950.0 3850.0 -1.46820
4050.0 3850.0 -2.00163
4150.0 3850.0 -2.26386
4250.0 3850.0 -2.18636
4350.0 3850.0 -1.83425
4450.0 3850.0 -1.37253
4550.0 3850.0 -0.96510
4650.0 3850.0 -0.61691
4750.0 3850.0 -0.22512
4850.0 3850.0 0.15841
4950.0 3850.0 0.40639
5050.0 3850.0 0.42214
5150.0 3850.0 0.19637
5250.0 3850.0 -0.18510
5350.0 3850.0 -0.58260
5450.0 3850.0 -0.89302
5550.0 3850.0 -1.14122
5650.0 3850.0 -1.26043
5750.0 3850.0 -1.14799
5850.0 3850.0 -0.78538
5950.0 3850.0 -0.23991
6050.0 3850.0 0.35558
6150.0 3850.0 0.84478
6250.0 3850.0 1.11169
6350.0 3850.0 1.16599
50.0 3950.0 -1.54470
150.0 3950.0 -1.13388
250.0 3950.0 -0.66845
350.0 3950.0 0.02725
450.0 3950.0 0.94235
550.0 3950.0 1.82904
650.0 3950.0 2.41958
750.0 3950.0 2.56395
850.0 3950.0 2.28460
950.0 3950.0 1.74803
1050.0 3950.0 1.15353
1150.0 3950.0 0.60948
1250.0 3950.0 0.31153
1350.0 3950.0 0.36418
1450.0 3950.0 0.71018
1550.0 3950.0 1.18719
1650.0 3950.0 1.58921
1750.0 3950.0 1.73276
1850.0 3950.0 1.52776
1950.0 3950.0 1.05307
2050.0 3950.0 0.51503
2150.0 3950.0 -0.03374
2250.0 3950.0 -0.51871
2350.0 3950.0 -0.85855
2450.0 3950.0 -1.02020
2550.0 3950.0 -1.03969
2650.0 3950.0 -1.00866
2750.0 3950.0 -1.02644
2850.0 3950.0 -1.11732
2950.0 3950.0 -1.11064
3050.0 3950.0 -0.83794
3150.0 3950.0 -0.35345
3250.0 3950.0 0.17330
3350.0 3950.0 0.55984
3450.0 3950.0 0.68055
3550.0 3950.0 0.50406
3650.0 3950.0 0.09798
3750.0 3950.0 -0.40479
3850.0 3950.0 -0.98998
3950.0 3950.0 -1.63605
4050.0 3950.0 -2.17180
4150.0 3950.0 -2.42848
4250.0 3950.0 -2.34044
4350.0 3950.0 -1.97764
4450.0 3950.0 -1.51007
4550.0 3950.0 -1.10400
4650.0 3950.0 -0.76135
4750.0 3950.0 -0.38259
4850.0 3950.0 -0.02783
4950.0 3950.0 0.17292
5050.0 3950.0 0.12664
5150.0 3950.0 -0.16710
5250.0 3950.0 -0.61110
5350.0 3950.0 -1.05621
5450.0 3950.0 -1.39765
5550.0 3950.0 -1.65822
5650.0 3950.0 -1.69975
5750.0 3950.0 -1.38221
5850.0 3950.0 -0.71496
5950.0 3950.0 0.16973
6050.0 3950.0 1.06352
6150.0 3950.0 1.74843
6250.0 3950.0 2.08284
6350.0 3950.0 2.10712
50.0 4050.0 -1.97811
150.0 4050.0 -1.57144
250.0 4050.0 -1.09990
350.0 4050.0 -0.43901
450.0 4050.0 0.40233
550.0 4050.0 1.22118
650.0 4050.0 1.79798
750.0 4050.0 2.00944
850.0 4050.0 1.87345
950.0 4050.0 1.52606
1050.0 4050.0 1.13050
1150.0 4050.0 0.77413
1250.0 4050.0 0.60548
1350.0 4050.0 0.69950
1450.0 4050.0 1.00715
1550.0 4050.0 1.40240
1650.0 4050.0 1.73060
1750.0 4050.0 1.85821
1850.0 4050.0 1.72375
1950.0 4050.0 1.39010
2050.0 4050.0 1.00798
2150.0 4050.0 0.59506
2250.0 4050.0 0.17105
2350.0 4050.0 -0.22728
2450.0 4050.0 -0.57129
2550.0 4050.0 -0.85385
2650.0 4050.0 -1.09102
2750.0 4050.0 -1.31193
2850.0 4050.0 -1.53570
2950.0 4050.0 -1.63862
3050.0 4050.0 -1.42769
3150.0 4050.0 -0.93489
3250.0 4050.0 -0.33078
3350.0 4050.0 0.17721
3450.0 4050.0 0.42164
3550.0 4050.0 0.32702
3650.0 4050.0 -0.06322
3750.0 4050.0 -0.59186
3850.0 4050.0 -1.18877
3950.0 4050.0 -1.80705
4050.0 4050.0 -2.27183
4150.0 4050.0 -2.42687
4250.0 4050.0 -2.22949
4350.0 4050.0 -1.77573
4450.0 4050.0 -1.25569
4550.0 4050.0 -0.83895
4650.0 4050.0 -0.50483
4750.0 4050.0 -0.14237
4850.0 4050.0 0.17853
4950.0 4050.0 0.32254
5050.0 4050.0 0.19884
5150.0 4050.0 -0.18338
5250.0 4050.0 -0.71276
5350.0 4050.0 -1.22707
5450.0 4050.0 -1.61777
5550.0 4050.0 -1.90879
5650.0 4050.0 -1.90111
5750.0 4050.0 -1.42492
5850.0 4050.0 -0.51815
5950.0 4050.0 0.62782
6050.0 4050.0 1.73955
6150.0 4050.0 2.54899
6250.0 4050.0 2.89713
6350.0 4050.0 2.85373
50.0 4150.0 -2.18853
150.0 4150.0 -1.78890
250.0 4150.0 -1.31239
350.0 4150.0 -0.72281
450.0 4150.0 -0.04285
550.0 4150.0 0.58523
650.0 4150.0 1.02050
750.0 4150.0 1.19745
850.0 4150.0 1.15089
950.0 4150.0 0.99142
1050.0 4150.0 0.83158
1150.0 4150.0 0.70649
1250.0 4150.0 0.69414
1350.0 4150.0 0.83185
1450.0 4150.0 1.08153
1550.0 4150.0 1.36394
1650.0 4150.0 1.59024
1750.0 4150.0 1.69054
1850.0 4150.0 1.63961
1950.0 4150.0 1.47958
2050.0 4150.0 1.29977
2150.0 4150.0 1.10323
2250.0 4150.0 0.85034
2350.0 4150.0 0.51003
2450.0 4150.0 0.08067
2550.0 4150.0 -0.40520
2650.0 4150.0 -0.89228
2750.0 4150.0 -1.33000
2850.0 4150.0 -1.71439
2950.0 4150.0 -1.95866
3050.0 4150.0 -1.84685
3150.0 4150.0 -1.38493
3250.0 4150.0 -0.73853
3350.0 4150.0 -0.13551
3450.0 4150.0 0.21594
3550.0 4150.0 0.19369
3650.0 4150.0 -0.18742
3750.0 4150.0 -0.74845
3850.0 4150.0 -1.35577
3950.0 4150.0 -1.92720
4050.0 4150.0 -2.28344
4150.0 4150.0 -2.28712
4250.0 4150.0 -1.92906
4350.0 4150.0 -1.34255
4450.0 4150.0 -0.74577
4550.0 4150.0 -0.31224
4650.0 4150.0 0.01208
4750.0 4150.0 0.36317
4850.0 4150.0 0.66517
4950.0 4150.0 0.77475
5050.0 4150.0 0.59758
5150.0 4150.0 0.14636
5250.0 4150.0 -0.45788
5350.0 4150.0 -1.04117
5450.0 4150.0 -1.48875
5550.0 4150.0 -1.82451
5650.0 4150.0 -1.81463
5750.0 4150.0 -1.27621
5850.0 4150.0 -0.26934
5950.0 4150.0 0.97742
6050.0 4150.0 2.15452
6150.0 4150.0 2.97060
6250.0 4150.0 3.26361
6350.0 4150.0 3.12375
50.0 4250.0 -2.08866
150.0 4250.0 -1.69830
250.0 4250.0 -1.21887
350.0 4250.0 -0.72192
450.0 4250.0 -0.25643
550.0 4250.0 0.09975
650.0 4250.0 0.29845
750.0 4250.0 0.35068
850.0 4250.0 0.32541
950.0 4250.0 0.31735
1050.0 4250.0 0.38393
1150.0 4250.0 0.48745
1250.0 4250.0 0.62271
1350.0 4250.0 0.78718
1450.0 4250.0 0.95541
1550.0 4250.0 1.09908
1650.0 4250.0 1.20002
1750.0 4250.0 1.25610
1850.0 4250.0 1.28005
1950.0 4250.0 1.29118
2050.0 4250.0 1.32075
2150.0 4250.0 1.38143
2250.0 4250.0 1.38188
2350.0 4250.0 1.21255
2450.0 4250.0 0.82014
2550.0 4250.0 0.23815
2650.0 4250.0 -0.42636
2750.0 4250.0 -1.04978
2850.0 4250.0 -1.59064
2950.0 4250.0 -1.98004
3050.0 4250.0 -1.98476
3150.0 4250.0 -1.58610
3250.0 4250.0 -0.93985
3350.0 4250.0 -0.28597
3450.0 4250.0 0.13549
3550.0 4250.0 0.16236
3650.0 4250.0 -0.21791
3750.0 4250.0 -0.81169
3850.0 4250.0 -1.43122
3950.0 4250.0 -1.96192
4050.0 4250.0 -2.22000
4150.0 4250.0 -2.08530
4250.0 4250.0 -1.57953
4350.0 4250.0 -0.87062
4450.0 4250.0 -0.20313
4550.0 4250.0 0.24539
4650.0 4250.0 0.56076
4750.0 4250.0 0.91168
4850.0 4250.0 1.22393
4950.0 4250.0 1.34449
5050.0 4250.0 1.16762
5150.0 4250.0 0.69888
5250.0 4250.0 0.05907
5350.0 4250.0 -0.57185
5450.0 4250.0 -1.07089
5550.0 4250.0 -1.45699
5650.0 4250.0 -1.49334
5750.0 4250.0 -1.00368
5850.0 4250.0 -0.05924
5950.0 4250.0 1.10415
6050.0 4250.0 2.17767
6150.0 4250.0 2.87866
6250.0 4250.0 3.05731
6350.0 4250.0 2.81101
50.0 4350.0 -1.71321
150.0 4350.0 -1.33282
250.0 4350.0 -0.85260
350.0 4350.0 -0.44601
450.0 4350.0 -0.19250
550.0 4350.0 -0.11550
650.0 4350.0 -0.17813
750.0 4350.0 -0.29388
850.0 4350.0 -0.35340
950.0 4350.0 -0.26754
1050.0 4350.0 -0.02637
1150.0 4350.0 0.25772
1250.0 4350.0 0.49957
1350.0 4350.0 0.66121
1450.0 4350.0 0.72991
1550.0 4350.0 0.72434
1650.0 4350.0 0.69035
1750.0 4350.0 0.68637
1850.0 4350.0 0.75828
1950.0 4350.0 0.90393
2050.0 4350.0 1.10779
2150.0 4350.0 1.41063
2250.0 4350.0 1.68623
2350.0 4350.0 1.75278
2450.0 4350.0 1.49680
2550.0 4350.0 0.93120
2650.0 4350.0 0.18752
2750.0 4350.0 -0.55781
2850.0 4350.0 -1.22066
2950.0 4350.0 -1.72944
3050.0 4350.0 -1.84124
3150.0 4350.0 -1.51864
3250.0 4350.0 -0.90568
3350.0 4350.0 -0.24552
3450.0 4350.0 0.20321
3550.0 4350.0 0.25131
3650.0 4350.0 -0.13480
3750.0 4350.0 -0.75527
3850.0 4350.0 -1.39125
3950.0 4350.0 -1.91017
4050.0 4350.0 -2.12454
4150.0 4350.0 -1.92216
4250.0 4350.0 -1.34097
4350.0 4350.0 -0.56823
4450.0 4350.0 0.13590
4550.0 4350.0 0.59042
4650.0 4350.0 0.89948
4750.0 4350.0 1.26327
4850.0 4350.0 1.61769
4950.0 4350.0 1.79991
5050.0 4350.0 1.68583
5150.0 4350.0 1.26288
5250.0 4350.0 0.64013
5350.0 4350.0 -0.00430
5450.0 4350.0 -0.53847
5550.0 4350.0 -0.96958
5650.0 4350.0 -1.08296
5750.0 4350.0 -0.72391
5850.0 4350.0 0.03645
5950.0 4350.0 0.98110
6050.0 4350.0 1.83223
6150.0 4350.0 2.34052
6250.0 4350.0 2.37858
6350.0 4350.0 2.03862
50.0 4450.0 -1.19641
150.0 4450.0 -0.82484
250.0 4450.0 -0.34528
350.0 4450.0 -0.00346
450.0 4450.0 0.09649
550.0 4450.0 -0.03483
650.0 4450.0 -0.30277
750.0 4450.0 -0.56624
850.0 4450.0 -0.68279
950.0 4450.0 -0.56134
1050.0 4450.0 -0.22237
1150.0 4450.0 0.16509
1250.0 4450.0 0.45411
1350.0 4450.0 0.58101
1450.0 4450.0 0.54408
1550.0 4450.0 0.39826
1650.0 4450.0 0.23741
1750.0 4450.0 0.16432
1850.0 4450.0 0.24819
1950.0 4450.0 0.46992
2050.0 4450.0 0.78238
2150.0 4450.0 1.26052
2250.0 4450.0 1.76352
2350.0 4450.0 2.05843
2450.0 4450.0 1.97937
2550.0 4450.0 1.50786
2650.0 4450.0 0.77443
2750.0 4450.0 -0.01847
2850.0 4450.0 -0.75018
2950.0 4450.0 -1.33158
3050.0 4450.0 -1.51694
3150.0 4450.0 -1.25855
3250.0 4450.0 -0.69063
3350.0 4450.0 -0.05322
3450.0 4450.0 0.38943
3550.0 4450.0 0.43613
3650.0 4450.0 0.04162
3750.0 4450.0 -0.59518
3850.0 4450.0 -1.25277
3950.0 4450.0 -1.80188
4050.0 4450.0 -2.05249
4150.0 4450.0 -1.88686
4250.0 4450.0 -1.33737
4350.0 4450.0 -0.58771
4450.0 4450.0 0.10255
4550.0 4450.0 0.54990
4650.0 4450.0 0.85617
4750.0 4450.0 1.24310
4850.0 4450.0 1.66299
4950.0 4450.0 1.94479
5050.0 4450.0 1.94252
5150.0 4450.0 1.61809
5250.0 4450.0 1.05983
5350.0 4450.0 0.43688
5450.0 4450.0 -0.11076
5550.0 4450.0 -0.57227
5650.0 4450.0 -0.76440
5750.0 4450.0 -0.55872
5850.0 4450.0 -0.01871
5950.0 4450.0 0.67025
6050.0 4450.0 1.27401
6150.0 4450.0 1.58490
6250.0 4450.0 1.49927
6350.0 4450.0 1.09715
50.0 4550.0 -0.68834
150.0 4550.0 -0.32342
250.0 4550.0 0.15502
350.0 4550.0 0.46767
450.0 4550.0 0.49739
550.0 4550.0 0.26685
650.0 4550.0 -0.10535
750.0 4550.0 -0.45321
850.0 4550.0 -0.61666
950.0 4550.0 -0.49992
1050.0 4550.0 -0.13475
1150.0 4550.0 0.28088
1250.0 4550.0 0.56235
1350.0 4550.0 0.63102
1450.0 4550.0 0.49369
1550.0 4550.0 0.22895
1650.0 4550.0 -0.03953
1750.0 4550.0 -0.18259
1850.0 4550.0 -0.11825
1950.0 4550.0 0.12283
2050.0 4550.0 0.47544
2150.0 4550.0 1.04307
2250.0 4550.0 1.68671
2350.0 4550.0 2.14838
2450.0 4550.0 2.22773
2550.0 4550.0 1.87584
2650.0 4550.0 1.20650
2750.0 4550.0 0.42476
2850.0 4550.0 -0.32513
2950.0 4550.0 -0.93106
3050.0 4550.0 -1.14841
3150.0 4550.0 -0.92699
3250.0 4550.0 -0.39538
3350.0 4550.0 0.21172
3450.0 4550.0 0.63300
3550.0 4550.0 0.66701
3650.0 4550.0 0.26552
3750.0 4550.0 -0.37716
3850.0 4550.0 -1.06063
3950.0 4550.0 -1.67856
4050.0 4550.0 -2.03961
4150.0 4550.0 -2.00796
4250.0 4550.0 -1.59009
4350.0 4550.0 -0.94463
4450.0 4550.0 -0.31538
4550.0 4550.0 0.11263
4650.0 4550.0 0.41918
4750.0 4550.0 0.83407
4850.0 4550.0 1.32854
4950.0 4550.0 1.72569
5050.0 4550.0 1.85801
5150.0 4550.0 1.65963
5250.0 4550.0 1.19403
5350.0 4550.0 0.61696
5450.0 4550.0 0.07472
5550.0 4550.0 -0.40003
5650.0 4550.0 -0.64941
5750.0 4550.0 -0.56642
5850.0 4550.0 -0.20475
5950.0 4550.0 0.28024
6050.0 4550.0 0.69287
6150.0 4550.0 0.86008
6250.0 4550.0 0.69590
6350.0 4550.0 0.26763
50.0 4650.0 -0.20795
150.0 4650.0 0.15357
250.0 4650.0 0.63120
350.0 4650.0 0.93168
450.0 4650.0 0.93053
550.0 4650.0 0.65267
650.0 4650.0 0.22508
750.0 4650.0 -0.17517
850.0 4650.0 -0.37791
950.0 4650.0 -0.28180
1050.0 4650.0 0.07871
1150.0 4650.0 0.48986
1250.0 4650.0 0.74095
1350.0 4650.0 0.74346
1450.0 4650.0 0.51156
1550.0 4650.0 0.14149
1650.0 4650.0 -0.22199
1750.0 4650.0 -0.43196
1850.0 4650.0 -0.39875
1950.0 4650.0 -0.16199
2050.0 4650.0 0.20036
2150.0 4650.0 0.81408
2250.0 4650.0 1.54837
2350.0 4650.0 2.13377
2450.0 4650.0 2.34685
2550.0 4650.0 2.11240
2650.0 4650.0 1.52311
2750.0 4650.0 0.77689
2850.0 4650.0 0.03350
2950.0 4650.0 -0.57200
3050.0 4650.0 -0.79686
3150.0 4650.0 -0.59216
3250.0 4650.0 -0.08409
3350.0 4650.0 0.49740
3450.0 4650.0 0.89647
3550.0 4650.0 0.91611
3650.0 4650.0 0.50932
3750.0 4650.0 -0.13456
3850.0 4650.0 -0.84579
3950.0 4650.0 -1.54982
4050.0 4650.0 -2.05478
4150.0 4650.0 -2.20134
4250.0 4650.0 -1.96100
4350.0 4650.0 -1.45761
4450.0 4650.0 -0.91205
4550.0 4650.0 -0.51025
4650.0 4650.0 -0.20342
4750.0 4650.0 0.23896
4850.0 4650.0 0.80756
4950.0 4650.0 1.32134
5050.0 4650.0 1.59253
5150.0 4650.0 1.52769
5250.0 4650.0 1.16434
5350.0 4650.0 0.64304
5450.0 4650.0 0.11500
5550.0 4650.0 -0.36372
5650.0 4650.0 -0.65314
5750.0 4650.0 -0.66301
5850.0 4650.0 -0.43802
5950.0 4650.0 -0.10850
6050.0 4650.0 0.16100
6150.0 4650.0 0.22461
6250.0 4650.0 0.00957
6350.0 4650.0 -0.42784
50.0 4750.0 0.40049
150.0 4750.0 0.78267
250.0 4750.0 1.26312
350.0 4750.0 1.54524
450.0 4750.0 1.48883
550.0 4750.0 1.11956
650.0 4750.0 0.57817
750.0 4750.0 0.06314
850.0 4750.0 -0.23307
950.0 4750.0 -0.19430
1050.0 4750.0 0.14257
1150.0 4750.0 0.53636
1250.0 4750.0 0.74941
1350.0 4750.0 0.68760
1450.0 4750.0 0.37354
1550.0 4750.0 -0.08140
1650.0 4750.0 -0.51679
1750.0 4750.0 -0.77463
1850.0 4750.0 -0.76253
1950.0 4750.0 -0.52860
2050.0 4750.0 -0.16282
2150.0 4750.0 0.47070
2250.0 4750.0 1.25360
2350.0 4750.0 1.92008
2450.0 4750.0 2.23933
2550.0 4750.0 2.11926
2650.0 4750.0 1.63200
2750.0 4750.0 0.96069
2850.0 4750.0 0.26979
2950.0 4750.0 -0.28520
3050.0 4750.0 -0.46179
3150.0 4750.0 -0.22021
3250.0 4750.0 0.30596
3350.0 4750.0 0.88596
3450.0 4750.0 1.27079
3550.0 4750.0 1.27523
3650.0 4750.0 0.86262
3750.0 4750.0 0.22025
3850.0 4750.0 -0.51965
3950.0 4750.0 -1.32154
4050.0 4750.0 -1.99649
4150.0 4750.0 -2.36032
4250.0 4750.0 -2.34366
4350.0 4750.0 -2.02688
4450.0 4750.0 -1.59965
4550.0 4750.0 -1.24546
4650.0 4750.0 -0.95345
4750.0 4750.0 -0.49978
4850.0 4750.0 0.12882
4950.0 4750.0 0.75322
5050.0 4750.0 1.16937
5150.0 4750.0 1.25570
5250.0 4750.0 1.01866
5350.0 4750.0 0.57632
5450.0 4750.0 0.07994
5550.0 4750.0 -0.38654
5650.0 4750.0 -0.68978
5750.0 4750.0 -0.75330
5850.0 4750.0 -0.61735
5950.0 4750.0 -0.39510
6050.0 4750.0 -0.22775
6150.0 4750.0 -0.23918
6250.0 4750.0 -0.48985
6350.0 4750.0 -0.93022
50.0 4850.0 1.07484
150.0 4850.0 1.51545
250.0 4850.0 2.00585
350.0 4850.0 2.26757
450.0 4850.0 2.13533
550.0 4850.0 1.63150
650.0 4850.0 0.91416
750.0 4850.0 0.21360
850.0 4850.0 -0.24143
950.0 4850.0 -0.30793
1050.0 4850.0 -0.02313
1150.0 4850.0 0.33273
1250.0 4850.0 0.49874
1350.0 4850.0 0.38345
1450.0 4850.0 0.01906
1550.0 4850.0 -0.47395
1650.0 4850.0 -0.93098
1750.0 4850.0 -1.19608
1850.0 4850.0 -1.18357
1950.0 4850.0 -0.94826
2050.0 4850.0 -0.59006
2150.0 4850.0 0.01269
2250.0 4850.0 0.75998
2350.0 4850.0 1.41730
2450.0 4850.0 1.77659
2550.0 4850.0 1.74913
2650.0 4850.0 1.39045
2750.0 4850.0 0.85715
2850.0 4850.0 0.29740
2950.0 4850.0 -0.12306
3050.0 4850.0 -0.16389
3150.0 4850.0 0.19142
3250.0 4850.0 0.78739
3350.0 4850.0 1.38673
3450.0 4850.0 1.75369
3550.0 4850.0 1.73055
3650.0 4850.0 1.30710
3750.0 4850.0 0.67086
3850.0 4850.0 -0.09046
3950.0 4850.0 -0.98286
4050.0 4850.0 -1.82667
4150.0 4850.0 -2.41821
4250.0 4850.0 -2.64838
4350.0 4850.0 -2.55017
4450.0 4850.0 -2.27493
4550.0 4850.0 -1.99760
4650.0 4850.0 -1.74704
4750.0 4850.0 -1.31655
4850.0 4850.0 -0.66881
4950.0 4850.0 0.03041
5050.0 4850.0 0.57209
5150.0 4850.0 0.81150
5250.0 4850.0 0.72072
5350.0 4850.0 0.38571
5450.0 4850.0 -0.05173
5550.0 4850.0 -0.47809
5650.0 4850.0 -0.75006
5750.0 4850.0 -0.79995
5850.0 4850.0 -0.67148
5950.0 4850.0 -0.47419
6050.0 4850.0 -0.33931
6150.0 4850.0 -0.37750
6250.0 4850.0 -0.63832
6350.0 4850.0 -1.07160
50.0 4950.0 1.57604
150.0 4950.0 2.10317
250.0 4950.0 2.61112
350.0 4950.0 2.86461
450.0 4950.0 2.67273
550.0 4950.0 2.04836
650.0 4950.0 1.16066
750.0 4950.0 0.26883
850.0 4950.0 -0.36061
950.0 4950.0 -0.55298
1050.0 4950.0 -0.34094
1150.0 4950.0 -0.04085
1250.0 4950.0 0.07487
1350.0 4950.0 -0.07346
1450.0 4950.0 -0.44418
1550.0 4950.0 -0.91601
1650.0 4950.0 -1.33388
1750.0 4950.0 -1.55868
1850.0 4950.0 -1.52118
1950.0 4950.0 -1.27988
2050.0 4950.0 -0.94115
2150.0 4950.0 -0.42461
2250.0 4950.0 0.19181
2350.0 4950.0 0.73228
2450.0 4950.0 1.04375
2550.0 4950.0 1.06469
2650.0 4950.0 0.84211
2750.0 4950.0 0.49677
2850.0 4950.0 0.13831
2950.0 4950.0 -0.07523
3050.0 4950.0 0.08588
3150.0 4950.0 0.60139
3250.0 4950.0 1.28421
3350.0 4950.0 1.89116
3450.0 4950.0 2.21159
3550.0 4950.0 2.13378
3650.0 4950.0 1.68921
3750.0 4950.0 1.06336
3850.0 4950.0 0.29996
3950.0 4950.0 -0.63689
4050.0 4950.0 -1.58280
4150.0 4950.0 -2.33024
4250.0 4950.0 -2.74745
4350.0 4950.0 -2.83235
4450.0 4950.0 -2.70188
4550.0 4950.0 -2.51642
4650.0 4950.0 -2.33172
4750.0 4950.0 -1.96456
4850.0 4950.0 -1.35826
4950.0 4950.0 -0.65344
5050.0 4950.0 -0.04745
5150.0 4950.0 0.30506
5250.0 4950.0 0.34678
5350.0 4950.0 0.12756
5450.0 4950.0 -0.23044
5550.0 4950.0 -0.59153
5650.0 4950.0 -0.79125
5750.0 4950.0 -0.76608
5850.0 4950.0 -0.57042
5950.0 4950.0 -0.32261
6050.0 4950.0 -0.15619
6150.0 4950.0 -0.17676
6250.0 4950.0 -0.42435
6350.0 4950.0 -0.84141
50.0 5050.0 1.69282
150.0 5050.0 2.31326
250.0 5050.0 2.84410
350.0 5050.0 3.11338
450.0 5050.0 2.91441
550.0 5050.0 2.24398
650.0 5050.0 1.26721
750.0 5050.0 0.25509
850.0 5050.0 -0.50153
950.0 5050.0 -0.80150
1050.0 5050.0 -0.66648
1150.0 5050.0 -0.43036
1250.0 5050.0 -0.36038
1350.0 5050.0 -0.51776
1450.0 5050.0 -0.85290
1550.0 5050.0 -1.25159
1650.0 5050.0 -1.57960
1750.0 5050.0 -1.72592
1850.0 5050.0 -1.64432
1950.0 5050.0 -1.39364
2050.0 5050.0 -1.08294
2150.0 5050.0 -0.69336
2250.0 5050.0 -0.28104
2350.0 5050.0 0.05418
2450.0 5050.0 0.23705
2550.0 5050.0 0.25254
2650.0 5050.0 0.14895
2750.0 5050.0 0.00825
2850.0 5050.0 -0.11414
2950.0 5050.0 -0.08811
3050.0 5050.0 0.29253
3150.0 5050.0 0.96283
3250.0 5050.0 1.70358
3350.0 5050.0 2.27336
3450.0 5050.0 2.50030
3550.0 5050.0 2.33372
3650.0 5050.0 1.85543
3750.0 5050.0 1.24228
3850.0 5050.0 0.50292
3950.0 5050.0 -0.40465
4050.0 5050.0 -1.33488
4150.0 5050.0 -2.09825
4250.0 5050.0 -2.56930
4350.0 5050.0 -2.73741
4450.0 5050.0 -2.70022
4550.0 5050.0 -2.59982
4650.0 5050.0 -2.49389
4750.0 5050.0 -2.22210
4850.0 5050.0 -1.71834
4950.0 5050.0 -1.09027
5050.0 5050.0 -0.50679
5150.0 5050.0 -0.11473
5250.0 5050.0 0.01208
5350.0 5050.0 -0.10876
5450.0 5050.0 -0.38214
5550.0 5050.0 -0.66510
5650.0 5050.0 -0.77126
5750.0 5050.0 -0.63873
5850.0 5050.0 -0.33637
5950.0 5050.0 0.00208
6050.0 5050.0 0.23417
6150.0 5050.0 0.25494
6250.0 5050.0 0.03304
6350.0 5050.0 -0.36305
50.0 5150.0 1.36042
150.0 5150.0 2.05788
250.0 5150.0 2.61287
350.0 5150.0 2.92474
450.0 5150.0 2.78723
550.0 5150.0 2.17666
650.0 5150.0 1.23574
750.0 5150.0 0.22264
850.0 5150.0 -0.57040
950.0 5150.0 -0.92879
1050.0 5150.0 -0.85766
1150.0 5150.0 -0.68146
1250.0 5150.0 -0.64678
1350.0 5150.0 -0.79445
1450.0 5150.0 -1.06930
1550.0 5150.0 -1.36870
1650.0 5150.0 -1.58427
1750.0 5150.0 -1.63673
1850.0 5150.0 -1.50412
1950.0 5150.0 -1.24308
2050.0 5150.0 -0.96266
2150.0 5150.0 -0.71192
2250.0 5150.0 -0.52916
2350.0 5150.0 -0.43703
2450.0 5150.0 -0.42751
2550.0 5150.0 -0.46110
2650.0 5150.0 -0.48039
2750.0 5150.0 -0.43789
2850.0 5150.0 -0.33613
2950.0 5150.0 -0.08804
3050.0 5150.0 0.47645
3150.0 5150.0 1.24806
3250.0 5150.0 1.98395
3350.0 5150.0 2.45604
3450.0 5150.0 2.54188
3550.0 5150.0 2.25800
3650.0 5150.0 1.73573
3750.0 5150.0 1.13488
3850.0 5150.0 0.44280
3950.0 5150.0 -0.36176
4050.0 5150.0 -1.15195
4150.0 5150.0 -1.77605
4250.0 5150.0 -2.14515
4350.0 5150.0 -2.27052
4450.0 5150.0 -2.25101
4550.0 5150.0 -2.21025
4650.0 5150.0 -2.18029
4750.0 5150.0 -2.01648
4850.0 5150.0 -1.65479
4950.0 5150.0 -1.16869
5050.0 5150.0 -0.68787
5150.0 5150.0 -0.33555
5250.0 5150.0 -0.18638
5350.0 5150.0 -0.24497
5450.0 5150.0 -0.44512
5550.0 5150.0 -0.65364
5650.0 5150.0 -0.67160
5750.0 5150.0 -0.43919
5850.0 5150.0 -0.03884
5950.0 5150.0 0.38174
6050.0 5150.0 0.67250
6150.0 5150.0 0.72980
6250.0 5150.0 0.53100
6350.0 5150.0 0.15467
50.0 5250.0 0.69012
150.0 5250.0 1.43133
250.0 5250.0 2.00708
350.0 5250.0 2.38054
450.0 5250.0 2.36234
550.0 5250.0 1.90771
650.0 5250.0 1.12268
750.0 5250.0 0.23001
850.0 5250.0 -0.50024
950.0 5250.0 -0.85584
1050.0 5250.0 -0.82297
1150.0 5250.0 -0.69173
1250.0 5250.0 -0.68007
1350.0 5250.0 -0.81202
1450.0 5250.0 -1.02907
1550.0 5250.0 -1.23963
1650.0 5250.0 -1.35762
1750.0 5250.0 -1.33019
1850.0 5250.0 -1.15475
1950.0 5250.0 -0.88519
2050.0 5250.0 -0.63003
2150.0 5250.0 -0.49594
2250.0 5250.0 -0.50957
2350.0 5250.0 -0.63201
2450.0 5250.0 -0.78625
2550.0 5250.0 -0.88498
2650.0 5250.0 -0.85885
2750.0 5250.0 -0.68494
2850.0 5250.0 -0.41374
2950.0 5250.0 -0.00520
3050.0 5250.0 0.66738
3150.0 5250.0 1.45902
3250.0 5250.0 2.11752
3350.0 5250.0 2.43932
3450.0 5250.0 2.35457
3550.0 5250.0 1.94177
3650.0 5250.0 1.37167
3750.0 5250.0 0.78012
3850.0 5250.0 0.14645
3950.0 5250.0 -0.51045
4050.0 5250.0 -1.07856
4150.0 5250.0 -1.45401
4250.0 5250.0 -1.60378
4350.0 5250.0 -1.58365
4450.0 5250.0 -1.51153
4550.0 5250.0 -1.49613
4650.0 5250.0 -1.52443
4750.0 5250.0 -1.45648
4850.0 5250.0 -1.23884
4950.0 5250.0 -0.91677
5050.0 5250.0 -0.58035
5150.0 5250.0 -0.32165
5250.0 5250.0 -0.20366
5350.0 5250.0 -0.24091
5450.0 5250.0 -0.39165
5550.0 5250.0 -0.54476
5650.0 5250.0 -0.50490
5750.0 5250.0 -0.21762
5850.0 5250.0 0.22643
5950.0 5250.0 0.67453
6050.0 5250.0 0.97782
6150.0 5250.0 1.03975
6250.0 5250.0 0.84716
6350.0 5250.0 0.48383
50.0 5350.0 -0.09003
150.0 5350.0 0.65607
250.0 5350.0 1.24570
350.0 5350.0 1.68544
450.0 5350.0 1.81367
550.0 5350.0 1.56810
650.0 5350.0 1.01265
750.0 5350.0 0.32203
850.0 5350.0 -0.27197
950.0 5350.0 -0.57264
1050.0 5350.0 -0.54872
1150.0 5350.0 -0.44178
1250.0 5350.0 -0.44322
1350.0 5350.0 -0.56824
1450.0 5350.0 -0.75637
1550.0 5350.0 -0.92158
1650.0 5350.0 -0.98926
1750.0 5350.0 -0.92039
1850.0 5350.0 -0.72264
1950.0 5350.0 -0.44861
2050.0 5350.0 -0.20808
2150.0 5350.0 -0.14200
2250.0 5350.0 -0.27162
2350.0 5350.0 -0.52352
2450.0 5350.0 -0.78087
2550.0 5350.0 -0.92766
2650.0 5350.0 -0.88574
2750.0 5350.0 -0.64470
2850.0 5350.0 -0.28274
2950.0 5350.0 0.20174
3050.0 5350.0 0.89266
3150.0 5350.0 1.62325
3250.0 5350.0 2.14718
3350.0 5350.0 2.29211
3450.0 5350.0 2.03558
3550.0 5350.0 1.50320
3650.0 5350.0 0.88918
3750.0 5350.0 0.30234
3850.0 5350.0 -0.27774
3950.0 5350.0 -0.78683
4050.0 5350.0 -1.12153
4150.0 5350.0 -1.22252
4250.0 5350.0 -1.11458
4350.0 5350.0 -0.90486
4450.0 5350.0 -0.73942
4550.0 5350.0 -0.71803
4650.0 5350.0 -0.77806
4750.0 5350.0 -0.77329
4850.0 5350.0 -0.66339
4950.0 5350.0 -0.47663
5050.0 5350.0 -0.27348
5150.0 5350.0 -0.11822
5250.0 5350.0 -0.05733
5350.0 5350.0 -0.10478
5450.0 5350.0 -0.23414
5550.0 5350.0 -0.35966
5650.0 5350.0 -0.30694
5750.0 5350.0 -0.03181
5850.0 5350.0 0.37472
5950.0 5350.0 0.76842
6050.0 5350.0 1.01489
6150.0 5350.0 1.03341
6250.0 5350.0 0.82167
6350.0 5350.0 0.46133
50.0 5450.0 -0.78371
150.0 5450.0 -0.06243
250.0 5450.0 0.53403
350.0 5450.0 1.03312
450.0 5450.0 1.30437
550.0 5450.0 1.27311
650.0 5450.0 0.96389
750.0 5450.0 0.50181
850.0 5450.0 0.07491
950.0 5450.0 -0.14247
1050.0 5450.0 -0.10541
1150.0 5450.0 -0.00500
1250.0 5450.0 -0.01460
1350.0 5450.0 -0.14893
1450.0 5450.0 -0.34586
1550.0 5450.0 -0.51775
1650.0 5450.0 -0.58926
1750.0 5450.0 -0.52172
1850.0 5450.0 -0.32393
1950.0 5450.0 -0.04967
2050.0 5450.0 0.18719
2150.0 5450.0 0.23616
2250.0 5450.0 0.07715
2350.0 5450.0 -0.20792
2450.0 5450.0 -0.49227
2550.0 5450.0 -0.65254
2650.0 5450.0 -0.60811
2750.0 5450.0 -0.35147
2850.0 5450.0 0.03211
2950.0 5450.0 0.52023
3050.0 5450.0 1.15994
3150.0 5450.0 1.77567
3250.0 5450.0 2.13766
3350.0 5450.0 2.10628
3450.0 5450.0 1.69700
3550.0 5450.0 1.06592
3650.0 5450.0 0.41600
3750.0 5450.0 -0.17027
3850.0 5450.0 -0.71116
3950.0 5450.0 -1.10351
4050.0 5450.0 -1.24673
4150.0 5450.0 -1.11458
4250.0 5450.0 -0.77868
4350.0 5450.0 -0.39111
4450.0 5450.0 -0.12594
4550.0 5450.0 -0.07972
4650.0 5450.0 -0.14768
4750.0 5450.0 -0.16991
4850.0 5450.0 -0.11680
4950.0 5450.0 -0.01064
5050.0 5450.0 0.10363
5150.0 5450.0 0.17974
5250.0 5450.0 0.18564
5350.0 5450.0 0.11352
5450.0 5450.0 -0.01604
5550.0 5450.0 -0.13868
5650.0 5450.0 -0.11320
5750.0 5450.0 0.08973
5850.0 5450.0 0.38582
5950.0 5450.0 0.65147
6050.0 5450.0 0.77869
6150.0 5450.0 0.71053
6250.0 5450.0 0.45684
6350.0 5450.0 0.09054
50.0 5550.0 -1.43596
150.0 5550.0 -0.74791
250.0 5550.0 -0.14656
350.0 5550.0 0.40727
450.0 5550.0 0.81353
550.0 5550.0 0.98723
650.0 5550.0 0.91629
750.0 5550.0 0.67837
850.0 5550.0 0.41857
950.0 5550.0 0.28812
1050.0 5550.0 0.34390
1150.0 5550.0 0.44397
1250.0 5550.0 0.43310
1350.0 5550.0 0.29543
1450.0 5550.0 0.09240
1550.0 5550.0 -0.08814
1650.0 5550.0 -0.16969
1750.0 5550.0 -0.11181
1850.0 5550.0 0.07821
1950.0 5550.0 0.34678
2050.0 5550.0 0.57852
2150.0 5550.0 0.62276
2250.0 5550.0 0.45919
2350.0 5550.0 0.16938
2450.0 5550.0 -0.12023
2550.0 5550.0 -0.28640
2650.0 5550.0 -0.24838
2750.0 5550.0 0.00161
2850.0 5550.0 0.37833
2950.0 5550.0 0.84051
3050.0 5550.0 1.40164
3150.0 5550.0 1.88433
3250.0 5550.0 2.08080
3350.0 5550.0 1.88446
3450.0 5550.0 1.34316
3550.0 5550.0 0.63433
3650.0 5550.0 -0.03819
3750.0 5550.0 -0.61751
3850.0 5550.0 -1.11894
3950.0 5550.0 -1.40609
4050.0 5550.0 -1.38065
4150.0 5550.0 -1.04421
4250.0 5550.0 -0.50810
4350.0 5550.0 0.03744
4450.0 5550.0 0.39441
4550.0 5550.0 0.46882
4650.0 5550.0 0.40139
4750.0 5550.0 0.36500
4850.0 5550.0 0.37955
4950.0 5550.0 0.42516
5050.0 5550.0 0.46771
5150.0 5550.0 0.47538
5250.0 5550.0 0.42954
5350.0 5550.0 0.33005
5450.0 5550.0 0.19472
5550.0 5550.0 0.06837
5650.0 5550.0 0.05654
5750.0 5550.0 0.17343
5850.0 5550.0 0.34389
5950.0 5550.0 0.46802
6050.0 5550.0 0.46660
6150.0 5550.0 0.30724
6250.0 5550.0 0.01114
6350.0 5550.0 -0.35951
50.0 5650.0 -2.16856
150.0 5650.0 -1.51105
250.0 5650.0 -0.90193
350.0 5650.0 -0.29856
450.0 5650.0 0.22347
550.0 5650.0 0.56945
650.0 5650.0 0.69617
750.0 5650.0 0.64200
850.0 5650.0 0.51741
950.0 5650.0 0.45581
1050.0 5650.0 0.52486
1150.0 5650.0 0.62895
1250.0 5650.0 0.65604
1350.0 5650.0 0.59654
1450.0 5650.0 0.49471
1550.0 5650.0 0.41220
1650.0 5650.0 0.40137
1750.0 5650.0 0.48837
1850.0 5650.0 0.66595
1950.0 5650.0 0.89610
2050.0 5650.0 1.08651
2150.0 5650.0 1.09391
2250.0 5650.0 0.89672
2350.0 5650.0 0.57272
2450.0 5650.0 0.24471
2550.0 5650.0 0.03399
2650.0 5650.0 0.02163
2750.0 5650.0 0.21759
2850.0 5650.0 0.53893
2950.0 5650.0 0.92324
3050.0 5650.0 1.35547
3150.0 5650.0 1.67635
3250.0 5650.0 1.71776
3350.0 5650.0 1.41001
3450.0 5650.0 0.82041
3550.0 5650.0 0.12310
3650.0 5650.0 -0.49984
3750.0 5650.0 -1.01704
3850.0 5650.0 -1.43291
3950.0 5650.0 -1.59152
4050.0 5650.0 -1.40599
4150.0 5650.0 -0.90457
4250.0 5650.0 -0.22621
4350.0 5650.0 0.42004
4450.0 5650.0 0.83190
4550.0 5650.0 0.92671
4650.0 5650.0 0.86632
4750.0 5650.0 0.81813
4850.0 5650.0 0.78851
4950.0 5650.0 0.76079
5050.0 5650.0 0.71515
5150.0 5650.0 0.63894
5250.0 5650.0 0.53137
5350.0 5650.0 0.40246
5450.0 5650.0 0.26636
5550.0 5650.0 0.14469
5650.0 5650.0 0.11337
5750.0 5650.0 0.17919
5850.0 5650.0 0.27770
5950.0 5650.0 0.32783
6050.0 5650.0 0.26930
6150.0 5650.0 0.08261
6250.0 5650.0 -0.20848
6350.0 5650.0 -0.55187
50.0 5750.0 -2.84494
150.0 5750.0 -2.20831
250.0 5750.0 -1.58777
350.0 5750.0 -0.94962
450.0 5750.0 -0.35777
550.0 5750.0 0.08557
650.0 5750.0 0.31891
750.0 5750.0 0.35961
850.0 5750.0 0.30130
950.0 5750.0 0.27046
1050.0 5750.0 0.34224
1150.0 5750.0 0.45512
1250.0 5750.0 0.56644
1350.0 5750.0 0.68007
1450.0 5750.0 0.80164
1550.0 5750.0 0.93441
1650.0 5750.0 1.07731
1750.0 5750.0 1.22530
1850.0 5750.0 1.37190
1950.0 5750.0 1.51391
2050.0 5750.0 1.61236
2150.0 5750.0 1.54773
2250.0 5750.0 1.29752
2350.0 5750.0 0.92774
2450.0 5750.0 0.54672
2550.0 5750.0 0.26440
2650.0 5750.0 0.15718
2750.0 5750.0 0.23821
2850.0 5750.0 0.43424
2950.0 5750.0 0.66669
3050.0 5750.0 0.90329
3150.0 5750.0 1.03251
3250.0 5750.0 0.94981
3350.0 5750.0 0.62510
3450.0 5750.0 0.12299
3550.0 5750.0 -0.42388
3650.0 5750.0 -0.88865
3750.0 5750.0 -1.26306
3850.0 5750.0 -1.53110
3950.0 5750.0 -1.54288
4050.0 5750.0 -1.23624
4150.0 5750.0 -0.65995
4250.0 5750.0 0.04340
4350.0 5750.0 0.68078
4450.0 5750.0 1.07838
4550.0 5750.0 1.17754
4650.0 5750.0 1.13388
4750.0 5750.0 1.08136
4850.0 5750.0 1.00995
4950.0 5750.0 0.90670
5050.0 5750.0 0.76835
5150.0 5750.0 0.60445
5250.0 5750.0 0.43481
5350.0 5750.0 0.28121
5450.0 5750.0 0.15356
5550.0 5750.0 0.04857
5650.0 5750.0 0.02152
5750.0 5750.0 0.08209
5850.0 5750.0 0.17929
5950.0 5750.0 0.24522
6050.0 5750.0 0.22598
6150.0 5750.0 0.09943
6250.0 5750.0 -0.12018
6350.0 5750.0 -0.39061
50.0 5850.0 -3.23807
150.0 5850.0 -2.60672
250.0 5850.0 -1.97247
350.0 5850.0 -1.32154
450.0 5850.0 -0.72209
550.0 5850.0 -0.28019
650.0 5850.0 -0.05844
750.0 5850.0 -0.03680
850.0 5850.0 -0.11599
950.0 5850.0 -0.16332
1050.0 5850.0 -0.10096
1150.0 5850.0 0.02252
1250.0 5850.0 0.24119
1350.0 5850.0 0.57335
1450.0 5850.0 0.97190
1550.0 5850.0 1.36385
1650.0 5850.0 1.68113
1750.0 5850.0 1.88253
1850.0 5850.0 1.96684
1950.0 5850.0 1.97715
2050.0 5850.0 1.94508
2150.0 5850.0 1.79545
2250.0 5850.0 1.50792
2350.0 5850.0 1.12591
2450.0 5850.0 0.72609
2550.0 5850.0 0.39007
2650.0 5850.0 0.17817
2750.0 5850.0 0.10529
2850.0 5850.0 0.11950
2950.0 5850.0 0.14140
3050.0 5850.0 0.13644
3150.0 5850.0 0.06581
3250.0 5850.0 -0.09414
3350.0 5850.0 -0.33588
3450.0 5850.0 -0.62012
3550.0 5850.0 -0.89039
3650.0 5850.0 -1.10321
3750.0 5850.0 -1.26825
3850.0 5850.0 -1.34409
3950.0 5850.0 -1.21565
4050.0 5850.0 -0.85627
4150.0 5850.0 -0.32420
4250.0 5850.0 0.26298
4350.0 5850.0 0.76565
4450.0 5850.0 1.07129
4550.0 5850.0 1.15531
4650.0 5850.0 1.13661
4750.0 5850.0 1.09149
4850.0 5850.0 0.99484
4950.0 5850.0 0.83695
5050.0 5850.0 0.62898
5150.0 5850.0 0.39986
5250.0 5850.0 0.18732
5350.0 5850.0 0.02342
5450.0 5850.0 -0.08565
5550.0 5850.0 -0.16443
5650.0 5850.0 -0.17085
5750.0 5850.0 -0.08514
5850.0 5850.0 0.05819
5950.0 5850.0 0.20174
6050.0 5850.0 0.29006
6150.0 5850.0 0.28766
6250.0 5850.0 0.19038
6350.0 5850.0 0.02992
50.0 5950.0 -3.20157
150.0 5950.0 -2.55884
250.0 5950.0 -1.91094
350.0 5950.0 -1.26931
450.0 5950.0 -0.72034
550.0 5950.0 -0.37003
650.0 5950.0 -0.26614
750.0 5950.0 -0.36477
850.0 5950.0 -0.54130
950.0 5950.0 -0.64573
1050.0 5950.0 -0.60243
1150.0 5950.0 -0.47039
1250.0 5950.0 -0.15432
1350.0 5950.0 0.37236
1450.0 5950.0 1.00856
1550.0 5950.0 1.60904
1650.0 5950.0 2.04677
1750.0 5950.0 2.25398
1850.0 5950.0 2.24184
1950.0 5950.0 2.09877
2050.0 5950.0 1.92413
2150.0 5950.0 1.70509
2250.0 5950.0 1.42838
2350.0 5950.0 1.10471
2450.0 5950.0 0.76113
2550.0 5950.0 0.43163
2650.0 5950.0 0.14613
2750.0 5950.0 -0.08237
2850.0 5950.0 -0.27227
2950.0 5950.0 -0.48255
3050.0 5950.0 -0.73649
3150.0 5950.0 -0.98887
3250.0 5950.0 -1.17841
3350.0 5950.0 -1.26623
3450.0 5950.0 -1.25356
3550.0 5950.0 -1.17895
3650.0 5950.0 -1.09477
3750.0 5950.0 -1.02234
3850.0 5950.0 -0.89648
3950.0 5950.0 -0.65903
4050.0 5950.0 -0.32316
4150.0 5950.0 0.05590
4250.0 5950.0 0.40920
4350.0 5950.0 0.67774
4450.0 5950.0 0.83154
4550.0 5950.0 0.88403
4650.0 5950.0 0.89410
4750.0 5950.0 0.86865
4850.0 5950.0 0.77283
4950.0 5950.0 0.59880
5050.0 5950.0 0.36610
5150.0 5950.0 0.11477
5250.0 5950.0 -0.10708
5350.0 5950.0 -0.26148
5450.0 5950.0 -0.34439
5550.0 5950.0 -0.39344
5650.0 5950.0 -0.37657
5750.0 5950.0 -0.26263
5850.0 5950.0 -0.06737
5950.0 5950.0 0.16378
6050.0 5950.0 0.37364
6150.0 5950.0 0.51173
6250.0 5950.0 0.55302
6350.0 5950.0 0.51721
50.0 6050.0 -2.75363
150.0 6050.0 -2.08808
250.0 6050.0 -1.42879
350.0 6050.0 -0.81045
450.0 6050.0 -0.34451
550.0 6050.0 -0.13407
650.0 6050.0 -0.20337
750.0 6050.0 -0.47362
850.0 6050.0 -0.78522
950.0 6050.0 -0.96591
1050.0 6050.0 -0.94531
1150.0 6050.0 -0.80971
1250.0 6050.0 -0.43444
1350.0 6050.0 0.20469
1450.0 6050.0 0.96420
1550.0 6050.0 1.65008
1650.0 6050.0 2.10237
1750.0 6050.0 2.24688
1850.0 6050.0 2.11407
1950.0 6050.0 1.82506
2050.0 6050.0 1.52584
2150.0 6050.0 1.27476
2250.0 6050.0 1.07045
2350.0 6050.0 0.88526
2450.0 6050.0 0.68448
2550.0 6050.0 0.44021
2650.0 6050.0 0.14011
2750.0 6050.0 -0.20911
2850.0 6050.0 -0.58410
2950.0 6050.0 -1.00441
3050.0 6050.0 -1.47485
3150.0 6050.0 -1.87223
3250.0 6050.0 -2.06063
3350.0 6050.0 -1.97784
3450.0 6050.0 -1.66816
3550.0 6050.0 -1.26152
3650.0 6050.0 -0.89907
3750.0 6050.0 -0.60863
3850.0 6050.0 -0.30870
3950.0 6050.0 -0.00564
4050.0 6050.0 0.25117
4150.0 6050.0 0.41875
4250.0 6050.0 0.48680
4350.0 6050.0 0.48417
4450.0 6050.0 0.46571
4550.0 6050.0 0.47930
4650.0 6050.0 0.51629
4750.0 6050.0 0.51871
4850.0 6050.0 0.44931
4950.0 6050.0 0.30040
5050.0 6050.0 0.09216
5150.0 6050.0 -0.13447
5250.0 6050.0 -0.33060
5350.0 6050.0 -0.45783
5450.0 6050.0 -0.51228
5550.0 6050.0 -0.53520
5650.0 6050.0 -0.50661
5750.0 6050.0 -0.38879
5850.0 6050.0 -0.17813
5950.0 6050.0 0.09684
6050.0 6050.0 0.38471
6150.0 6050.0 0.62754
6250.0 6050.0 0.78418
6350.0 6050.0 0.86071
50.0 6150.0 -2.07402
150.0 6150.0 -1.38405
250.0 6150.0 -0.71700
350.0 6150.0 -0.12216
450.0 6150.0 0.26727
550.0 6150.0 0.35149
650.0 6150.0 0.12779
750.0 6150.0 -0.29406
850.0 6150.0 -0.72383
950.0 6150.0 -0.97036
1050.0 6150.0 -0.96850
1150.0 6150.0 -0.83540
1250.0 6150.0 -0.45322
1350.0 6150.0 0.18864
1450.0 6150.0 0.92464
1550.0 6150.0 1.54642
1650.0 6150.0 1.89535
1750.0 6150.0 1.91391
1850.0 6150.0 1.65589
1950.0 6150.0 1.25550
2050.0 6150.0 0.87356
2150.0 6150.0 0.63560
2250.0 6150.0 0.55499
2350.0 6150.0 0.56688
2450.0 6150.0 0.57345
2550.0 6150.0 0.48132
2650.0 6150.0 0.23128
2750.0 6150.0 -0.17973
2850.0 6150.0 -0.68574
2950.0 6150.0 -1.25753
3050.0 6150.0 -1.88361
3150.0 6150.0 -2.38445
3250.0 6150.0 -2.57040
3350.0 6150.0 -2.36274
3450.0 6150.0 -1.83718
3550.0 6150.0 -1.18990
3650.0 6150.0 -0.62618
3750.0 6150.0 -0.17853
3850.0 6150.0 0.24040
3950.0 6150.0 0.57016
4050.0 6150.0 0.73541
4150.0 6150.0 0.70771
4250.0 6150.0 0.52748
4350.0 6150.0 0.29534
4450.0 6150.0 0.13281
4550.0 6150.0 0.11236
4650.0 6150.0 0.16927
4750.0 6150.0 0.20040
4850.0 6150.0 0.17248
4950.0 6150.0 0.07659
5050.0 6150.0 -0.07273
5150.0 6150.0 -0.24214
5250.0 6150.0 -0.38977
5350.0 6150.0 -0.48126
5450.0 6150.0 -0.51129
5550.0 6150.0 -0.51757
5650.0 6150.0 -0.49893
5750.0 6150.0 -0.42034
5850.0 6150.0 -0.26008
5950.0 6150.0 -0.02322
6050.0 6150.0 0.25693
6150.0 6150.0 0.52913
6250.0 6150.0 0.74640
6350.0 6150.0 0.90002
50.0 6250.0 -1.41399
150.0 6250.0 -0.70804
250.0 6250.0 -0.03700
350.0 6250.0 0.54758
450.0 6250.0 0.90265
550.0 6250.0 0.92978
650.0 6250.0 0.63597
750.0 6250.0 0.14507
850.0 6250.0 -0.33871
950.0 6250.0 -0.61547
1050.0 6250.0 -0.62235
1150.0 6250.0 -0.49685
1250.0 6250.0 -0.15632
1350.0 6250.0 0.38832
1450.0 6250.0 0.97141
1550.0 6250.0 1.40379
1650.0 6250.0 1.55904
1750.0 6250.0 1.41455
1850.0 6250.0 1.04739
1950.0 6250.0 0.58489
2050.0 6250.0 0.17131
2150.0 6250.0 -0.01588
2250.0 6250.0 0.05148
2350.0 6250.0 0.27870
2450.0 6250.0 0.51437
2550.0 6250.0 0.60761
2650.0 6250.0 0.45625
2750.0 6250.0 0.04600
2850.0 6250.0 -0.52097
2950.0 6250.0 -1.16995
3050.0 6250.0 -1.88360
3150.0 6250.0 -2.45552
3250.0 6250.0 -2.66667
3350.0 6250.0 -2.42509
3450.0 6250.0 -1.81647
3550.0 6250.0 -1.06557
3650.0 6250.0 -0.40842
3750.0 6250.0 0.11586
3850.0 6250.0 0.59047
3950.0 6250.0 0.92530
4050.0 6250.0 1.03234
4150.0 6250.0 0.89248
4250.0 6250.0 0.57425
4350.0 6250.0 0.21664
4450.0 6250.0 -0.02410
4550.0 6250.0 -0.06352
4650.0 6250.0 0.00368
4750.0 6250.0 0.05692
4850.0 6250.0 0.07037
4950.0 6250.0 0.03319
5050.0 6250.0 -0.04857
5150.0 6250.0 -0.15297
5250.0 6250.0 -0.24875
5350.0 6250.0 -0.30760
5450.0 6250.0 -0.32203
5550.0 6250.0 -0.32373
5650.0 6250.0 -0.33928
5750.0 6250.0 -0.34683
5850.0 6250.0 -0.30923
5950.0 6250.0 -0.20211
6050.0 6250.0 -0.02775
6150.0 6250.0 0.18518
6250.0 6250.0 0.39607
6350.0 6250.0 0.58100
50.0 6350.0 -0.91911
150.0 6350.0 -0.20868
250.0 6350.0 0.46383
350.0 6350.0 1.05479
450.0 6350.0 1.42410
550.0 6350.0 1.47205
650.0 6350.0 1.20181
750.0 6350.0 0.73260
850.0 6350.0 0.26457
950.0 6350.0 -0.00434
1050.0 6350.0 -0.00990
1150.0 6350.0 0.10533
1250.0 6350.0 0.37545
1350.0 6350.0 0.76486
1450.0 6350.0 1.12290
1550.0 6350.0 1.30047
1650.0 6350.0 1.22106
1750.0 6350.0 0.90572
1850.0 6350.0 0.45219
1950.0 6350.0 -0.03197
2050.0 6350.0 -0.43894
2150.0 6350.0 -0.55584
2250.0 6350.0 -0.34139
2350.0 6350.0 0.08827
2450.0 6350.0 0.54094
2550.0 6350.0 0.82034
2650.0 6350.0 0.78897
2750.0 6350.0 0.42173
2850.0 6350.0 -0.15174
2950.0 6350.0 -0.82081
3050.0 6350.0 -1.57412
3150.0 6350.0 -2.20200
3250.0 6350.0 -2.47361
3350.0 6350.0 -2.28373
3450.0 6350.0 -1.70840
3550.0 6350.0 -0.96919
3650.0 6350.0 -0.30628
3750.0 6350.0 0.23105
3850.0 6350.0 0.71589
3950.0 6350.0 1.05245
4050.0 6350.0 1.15047
4150.0 6350.0 0.99226
4250.0 6350.0 0.65106
4350.0 6350.0 0.27236
4450.0 6350.0 0.01844
4550.0 6350.0 -0.02414
4650.0 6350.0 0.04561
4750.0 6350.0 0.11224
4850.0 6350.0 0.15773
4950.0 6350.0 0.16942
5050.0 6350.0 0.14508
5150.0 6350.0 0.09563
5250.0 6350.0 0.04204
5350.0 6350.0 0.00676
5450.0 6350.0 -0.00063
5550.0 6350.0 -0.00702
5650.0 6350.0 -0.07381
5750.0 6350.0 -0.19981
5850.0 6350.0 -0.33499
5950.0 6350.0 -0.42209
6050.0 6350.0 -0.42370
6150.0 6350.0 -0.33478
6250.0 6350.0 -0.18059
6350.0 6350.0 0.00000
