50.0 50.0 -0.09947
150.0 50.0 -0.13911
250.0 50.0 -0.10994
350.0 50.0 -0.01914
450.0 50.0 0.07355
550.0 50.0 0.05900
650.0 50.0 -0.07867
750.0 50.0 -0.27377
850.0 50.0 -0.43570
950.0 50.0 -0.48997
1050.0 50.0 -0.40342
1150.0 50.0 -0.19375
1250.0 50.0 0.07685
1350.0 50.0 0.32878
1450.0 50.0 0.49200
1550.0 50.0 0.52165
1650.0 50.0 0.41852
1750.0 50.0 0.23275
1850.0 50.0 0.04900
1950.0 50.0 -0.04706
2050.0 50.0 -0.02077
2150.0 50.0 0.07047
2250.0 50.0 0.24537
2350.0 50.0 0.48780
2450.0 50.0 0.70200
2550.0 50.0 0.79442
2650.0 50.0 0.72289
2750.0 50.0 0.51154
2850.0 50.0 0.23156
2950.0 50.0 -0.05214
3050.0 50.0 -0.31180
3150.0 50.0 -0.48418
3250.0 50.0 -0.52160
3350.0 50.0 -0.42278
3450.0 50.0 -0.23667
3550.0 50.0 -0.04810
3650.0 50.0 0.05468
3750.0 50.0 0.03061
3850.0 50.0 -0.06164
3950.0 50.0 -0.19546
4050.0 50.0 -0.35763
4150.0 50.0 -0.48801
4250.0 50.0 -0.53131
4350.0 50.0 -0.46822
4450.0 50.0 -0.32311
4550.0 50.0 -0.14838
4650.0 50.0 0.01462
4750.0 50.0 0.14071
4850.0 50.0 0.15553
4950.0 50.0 0.05365
5050.0 50.0 -0.11106
5150.0 50.0 -0.26165
5250.0 50.0 -0.32813
5350.0 50.0 -0.27118
5450.0 50.0 -0.09959
5550.0 50.0 0.11944
5650.0 50.0 0.28871
5750.0 50.0 0.34813
5850.0 50.0 0.28826
5950.0 50.0 0.14462
6050.0 50.0 -0.01625
6150.0 50.0 -0.11920
6250.0 50.0 -0.11111
6350.0 50.0 0.00000
50.0 150.0 0.06451
150.0 150.0 0.01579
250.0 150.0 0.03774
350.0 150.0 0.12386
450.0 150.0 0.21003
550.0 150.0 0.16989
650.0 150.0 -0.02045
750.0 150.0 -0.28952
850.0 150.0 -0.53276
950.0 150.0 -0.65921
1050.0 150.0 -0.62241
1150.0 150.0 -0.43552
1250.0 150.0 -0.17037
1350.0 150.0 0.08039
1450.0 150.0 0.24951
1550.0 150.0 0.29355
1650.0 150.0 0.21135
1750.0 150.0 0.04872
1850.0 150.0 -0.11495
1950.0 150.0 -0.19819
2050.0 150.0 -0.16704
2150.0 150.0 -0.07267
2250.0 150.0 0.11810
2350.0 150.0 0.39656
2450.0 150.0 0.66410
2550.0 150.0 0.81762
2650.0 150.0 0.80267
2750.0 150.0 0.63257
2850.0 150.0 0.37361
2950.0 150.0 0.09649
3050.0 150.0 -0.15855
3150.0 150.0 -0.32625
3250.0 150.0 -0.35945
3350.0 150.0 -0.25739
3450.0 150.0 -0.06916
3550.0 150.0 0.12074
3650.0 150.0 0.22468
3750.0 150.0 0.20219
3850.0 150.0 0.11222
3950.0 150.0 -0.01481
4050.0 150.0 -0.16340
4150.0 150.0 -0.27553
4250.0 150.0 -0.30004
4350.0 150.0 -0.22181
4450.0 150.0 -0.06800
4550.0 150.0 0.10856
4650.0 150.0 0.26894
4750.0 150.0 0.38859
4850.0 150.0 0.38511
4950.0 150.0 0.25064
5050.0 150.0 0.04306
5150.0 150.0 -0.15294
5250.0 150.0 -0.25868
5350.0 150.0 -0.22828
5450.0 150.0 -0.06934
5550.0 150.0 0.14363
5650.0 150.0 0.30419
5750.0 150.0 0.35028
5850.0 150.0 0.27416
5950.0 150.0 0.11448
6050.0 150.0 -0.05931
6150.0 150.0 -0.17036
6250.0 150.0 -0.16563
6350.0 150.0 -0.05494
50.0 250.0 0.16011
150.0 250.0 0.08567
250.0 250.0 0.08092
350.0 250.0 0.14421
450.0 250.0 0.20844
550.0 250.0 0.13813
650.0 250.0 -0.09393
750.0 250.0 -0.41362
850.0 250.0 -0.71033
950.0 250.0 -0.88608
1050.0 250.0 -0.88885
1150.0 250.0 -0.73001
1250.0 250.0 -0.48555
1350.0 250.0 -0.24864
1450.0 250.0 -0.07359
1550.0 250.0 0.00315
1650.0 250.0 -0.02239
1750.0 250.0 -0.11605
1850.0 250.0 -0.21522
1950.0 250.0 -0.25388
2050.0 250.0 -0.20294
2150.0 250.0 -0.09868
2250.0 250.0 0.10646
2350.0 250.0 0.40906
2450.0 250.0 0.71243
2550.0 250.0 0.91126
2650.0 250.0 0.94520
2750.0 250.0 0.81999
2850.0 250.0 0.59618
2950.0 250.0 0.34550
3050.0 250.0 0.11356
3150.0 250.0 -0.03879
3250.0 250.0 -0.06813
3350.0 250.0 0.02664
3450.0 250.0 0.20088
3550.0 250.0 0.37726
3650.0 250.0 0.47541
3750.0 250.0 0.45794
3850.0 250.0 0.37837
3950.0 250.0 0.26065
4050.0 250.0 0.11471
4150.0 250.0 -0.00714
4250.0 250.0 -0.05547
4350.0 250.0 -0.01128
4450.0 250.0 0.10645
4550.0 250.0 0.25355
4650.0 250.0 0.39343
4750.0 250.0 0.49837
4850.0 250.0 0.49317
4950.0 250.0 0.36966
5050.0 250.0 0.17852
5150.0 250.0 -0.00478
5250.0 250.0 -0.10910
5350.0 250.0 -0.09190
5450.0 250.0 0.04130
5550.0 250.0 0.22308
5650.0 250.0 0.34826
5750.0 250.0 0.35619
5850.0 250.0 0.24649
5950.0 250.0 0.06453
6050.0 250.0 -0.11809
6150.0 250.0 -0.22797
6250.0 250.0 -0.21900
6350.0 250.0 -0.10649
50.0 350.0 0.18149
150.0 350.0 0.06551
250.0 350.0 0.01250
350.0 350.0 0.03107
450.0 350.0 0.05476
550.0 350.0 -0.04691
650.0 350.0 -0.29705
750.0 350.0 -0.62400
850.0 350.0 -0.92371
950.0 350.0 -1.10629
1050.0 350.0 -1.12652
1150.0 350.0 -0.99836
1250.0 350.0 -0.79315
1350.0 350.0 -0.58853
1450.0 350.0 -0.41744
1550.0 350.0 -0.30274
1650.0 350.0 -0.24928
1750.0 350.0 -0.23904
1850.0 350.0 -0.23595
1950.0 350.0 -0.20047
2050.0 350.0 -0.11385
2150.0 350.0 0.00828
2250.0 350.0 0.22218
2350.0 350.0 0.52514
2450.0 350.0 0.82932
2550.0 350.0 1.03885
2650.0 350.0 1.09858
2750.0 350.0 1.01339
2850.0 350.0 0.83811
2950.0 350.0 0.63799
3050.0 350.0 0.45203
3150.0 350.0 0.32807
3250.0 350.0 0.30180
3350.0 350.0 0.37576
3450.0 350.0 0.51554
3550.0 350.0 0.65964
3650.0 350.0 0.74311
3750.0 350.0 0.73488
3850.0 350.0 0.67605
3950.0 350.0 0.57434
4050.0 350.0 0.42662
4150.0 350.0 0.27425
4250.0 350.0 0.16533
4350.0 350.0 0.12924
4450.0 350.0 0.16592
4550.0 350.0 0.24969
4650.0 350.0 0.34763
4750.0 350.0 0.42710
4850.0 350.0 0.43845
4950.0 350.0 0.37548
5050.0 350.0 0.26846
5150.0 350.0 0.16383
5250.0 350.0 0.10634
5350.0 350.0 0.12375
5450.0 350.0 0.21395
5550.0 350.0 0.33342
5650.0 350.0 0.39223
5750.0 350.0 0.33706
5850.0 350.0 0.18153
5950.0 350.0 -0.01950
6050.0 350.0 -0.19561
6150.0 350.0 -0.28523
6250.0 350.0 -0.25888
6350.0 350.0 -0.14111
50.0 450.0 0.16337
150.0 450.0 0.00076
250.0 450.0 -0.11260
350.0 450.0 -0.15365
450.0 450.0 -0.18310
550.0 450.0 -0.31119
650.0 450.0 -0.54944
750.0 450.0 -0.83386
850.0 450.0 -1.07974
950.0 450.0 -1.22045
1050.0 450.0 -1.22999
1150.0 450.0 -1.12931
1250.0 450.0 -0.97622
1350.0 450.0 -0.82066
1450.0 450.0 -0.67347
1550.0 450.0 -0.53961
1650.0 450.0 -0.41963
1750.0 450.0 -0.30891
1850.0 450.0 -0.19897
1950.0 450.0 -0.08084
2050.0 450.0 0.04943
2150.0 450.0 0.19460
2250.0 450.0 0.40836
2350.0 450.0 0.68299
2450.0 450.0 0.94562
2550.0 450.0 1.12155
2650.0 450.0 1.17293
2750.0 450.0 1.11209
2850.0 450.0 0.98954
2950.0 450.0 0.85663
3050.0 450.0 0.73301
3150.0 450.0 0.64656
3250.0 450.0 0.62233
3350.0 450.0 0.66519
3450.0 450.0 0.75521
3550.0 450.0 0.85305
3650.0 450.0 0.91519
3750.0 450.0 0.91916
3850.0 450.0 0.88884
3950.0 450.0 0.81256
4050.0 450.0 0.67170
4150.0 450.0 0.49196
4250.0 450.0 0.31685
4350.0 450.0 0.18651
4450.0 450.0 0.12358
4550.0 450.0 0.12614
4650.0 450.0 0.16772
4750.0 450.0 0.21338
4850.0 450.0 0.25136
4950.0 450.0 0.27873
5050.0 450.0 0.29677
5150.0 450.0 0.31017
5250.0 450.0 0.32548
5350.0 450.0 0.34871
5450.0 450.0 0.38218
5550.0 450.0 0.41710
5650.0 450.0 0.39004
5750.0 450.0 0.26148
5850.0 450.0 0.06334
5950.0 450.0 -0.14032
6050.0 450.0 -0.28556
6150.0 450.0 -0.33146
6250.0 450.0 -0.27343
6350.0 450.0 -0.14704
50.0 550.0 0.15552
150.0 550.0 -0.04606
250.0 550.0 -0.21779
350.0 550.0 -0.32083
450.0 550.0 -0.40533
550.0 550.0 -0.55046
650.0 550.0 -0.75138
750.0 550.0 -0.95511
850.0 550.0 -1.10456
950.0 550.0 -1.16615
1050.0 550.0 -1.14101
1150.0 550.0 -1.05982
1250.0 550.0 -0.96123
1350.0 550.0 -0.86365
1450.0 550.0 -0.76328
1550.0 550.0 -0.64671
1650.0 550.0 -0.50355
1750.0 550.0 -0.33351
1850.0 550.0 -0.14753
1950.0 550.0 0.03720
2050.0 550.0 0.20813
2150.0 550.0 0.37681
2250.0 550.0 0.58142
2350.0 550.0 0.80447
2450.0 550.0 0.99117
2550.0 550.0 1.09552
2650.0 550.0 1.10565
2750.0 550.0 1.04821
2850.0 550.0 0.97172
2950.0 550.0 0.90901
3050.0 550.0 0.85149
3150.0 550.0 0.80434
3250.0 550.0 0.78126
3350.0 550.0 0.78975
3450.0 550.0 0.82558
3550.0 550.0 0.87319
3650.0 550.0 0.91203
3750.0 550.0 0.92876
3850.0 550.0 0.92929
3950.0 550.0 0.88720
4050.0 550.0 0.77198
4150.0 550.0 0.59119
4250.0 550.0 0.37811
4350.0 550.0 0.17744
4450.0 550.0 0.02997
4550.0 550.0 -0.04374
4650.0 550.0 -0.06053
4750.0 550.0 -0.05155
4850.0 550.0 0.01117
4950.0 550.0 0.12770
5050.0 550.0 0.26954
5150.0 550.0 0.39893
5250.0 550.0 0.48378
5350.0 550.0 0.50840
5450.0 550.0 0.48001
5550.0 550.0 0.42531
5650.0 550.0 0.31168
5750.0 550.0 0.11809
5850.0 550.0 -0.10491
5950.0 550.0 -0.28725
6050.0 550.0 -0.37701
6150.0 550.0 -0.35979
6250.0 550.0 -0.25984
6350.0 550.0 -0.12282
50.0 650.0 0.20241
150.0 650.0 -0.02109
250.0 650.0 -0.23628
350.0 650.0 -0.39042
450.0 650.0 -0.52066
550.0 650.0 -0.67293
650.0 650.0 -0.82586
750.0 650.0 -0.93775
850.0 650.0 -0.97954
950.0 650.0 -0.95115
1050.0 650.0 -0.88119
1150.0 650.0 -0.81012
1250.0 650.0 -0.75718
1350.0 650.0 -0.71519
1450.0 650.0 -0.67806
1550.0 650.0 -0.61760
1650.0 650.0 -0.50709
1750.0 650.0 -0.33901
1850.0 650.0 -0.12986
1950.0 650.0 0.08795
2050.0 650.0 0.28703
2150.0 650.0 0.47488
2250.0 650.0 0.66492
2350.0 650.0 0.82797
2450.0 650.0 0.92624
2550.0 650.0 0.94273
2650.0 650.0 0.89336
2750.0 650.0 0.82178
2850.0 650.0 0.77679
2950.0 650.0 0.77262
3050.0 650.0 0.77110
3150.0 650.0 0.75714
3250.0 650.0 0.73483
3350.0 650.0 0.71393
3450.0 650.0 0.70354
3550.0 650.0 0.70835
3650.0 650.0 0.72731
3750.0 650.0 0.75481
3850.0 650.0 0.78225
3950.0 650.0 0.77888
4050.0 650.0 0.71035
4150.0 650.0 0.56676
4250.0 650.0 0.36546
4350.0 650.0 0.14571
4450.0 650.0 -0.04448
4550.0 650.0 -0.16924
4650.0 650.0 -0.23345
4750.0 650.0 -0.25746
4850.0 650.0 -0.18285
4950.0 650.0 -0.00820
5050.0 650.0 0.21545
5150.0 650.0 0.41907
5250.0 650.0 0.54291
5350.0 650.0 0.55653
5450.0 650.0 0.47166
5550.0 650.0 0.34111
5650.0 650.0 0.15893
5750.0 650.0 -0.07651
5850.0 650.0 -0.29962
5950.0 650.0 -0.43917
6050.0 650.0 -0.45862
6150.0 650.0 -0.37083
6250.0 650.0 -0.22688
6350.0 650.0 -0.07932
50.0 750.0 0.32833
150.0 750.0 0.10283
250.0 750.0 -0.13343
350.0 750.0 -0.31839
450.0 750.0 -0.47710
550.0 750.0 -0.63005
650.0 750.0 -0.74395
750.0 750.0 -0.78527
850.0 750.0 -0.74517
950.0 750.0 -0.64769
1050.0 750.0 -0.54120
1150.0 750.0 -0.47314
1250.0 750.0 -0.44887
1350.0 750.0 -0.44931
1450.0 750.0 -0.47860
1550.0 750.0 -0.50002
1650.0 750.0 -0.46865
1750.0 750.0 -0.36019
1850.0 750.0 -0.18250
1950.0 750.0 0.03015
2050.0 750.0 0.24002
2150.0 750.0 0.43944
2250.0 750.0 0.61536
2350.0 750.0 0.72875
2450.0 750.0 0.75375
2550.0 750.0 0.69510
2650.0 750.0 0.59047
2750.0 750.0 0.49773
2850.0 750.0 0.46728
2950.0 750.0 0.49954
3050.0 750.0 0.53356
3150.0 750.0 0.54093
3250.0 750.0 0.51967
3350.0 750.0 0.48087
3450.0 750.0 0.44195
3550.0 750.0 0.42025
3650.0 750.0 0.42697
3750.0 750.0 0.46141
3850.0 750.0 0.50686
3950.0 750.0 0.54055
4050.0 750.0 0.53368
4150.0 750.0 0.46265
4250.0 750.0 0.32536
4350.0 750.0 0.14563
4450.0 750.0 -0.03440
4550.0 750.0 -0.17400
4650.0 750.0 -0.26562
4750.0 750.0 -0.31363
4850.0 750.0 -0.24621
4950.0 750.0 -0.06302
5050.0 750.0 0.17494
5150.0 750.0 0.38655
5250.0 750.0 0.50275
5350.0 750.0 0.48962
5450.0 750.0 0.36241
5550.0 750.0 0.18386
5650.0 750.0 -0.03670
5750.0 750.0 -0.28467
5850.0 750.0 -0.48578
5950.0 750.0 -0.57218
6050.0 750.0 -0.52260
6150.0 750.0 -0.37211
6250.0 750.0 -0.19137
6350.0 750.0 -0.03553
50.0 850.0 0.52764
150.0 850.0 0.31591
250.0 850.0 0.07989
350.0 850.0 -0.11436
450.0 850.0 -0.28324
550.0 850.0 -0.43551
650.0 850.0 -0.53325
750.0 850.0 -0.54610
850.0 850.0 -0.47313
950.0 850.0 -0.34779
1050.0 850.0 -0.22614
1150.0 850.0 -0.15838
1250.0 850.0 -0.14451
1350.0 850.0 -0.16933
1450.0 850.0 -0.25569
1550.0 850.0 -0.36484
1650.0 850.0 -0.43542
1750.0 850.0 -0.42177
1850.0 850.0 -0.31334
1950.0 850.0 -0.13531
2050.0 850.0 0.06962
2150.0 850.0 0.27275
2250.0 850.0 0.43993
2350.0 850.0 0.52669
2450.0 850.0 0.51236
2550.0 850.0 0.41204
2650.0 850.0 0.27434
2750.0 850.0 0.16486
2850.0 850.0 0.13565
2950.0 850.0 0.18058
3050.0 850.0 0.22764
3150.0 850.0 0.24351
3250.0 850.0 0.22407
3350.0 850.0 0.18066
3450.0 850.0 0.13332
3550.0 850.0 0.10357
3650.0 850.0 0.10677
3750.0 850.0 0.14398
3850.0 850.0 0.19729
3950.0 850.0 0.26160
4050.0 850.0 0.32109
4150.0 850.0 0.34359
4250.0 850.0 0.30711
4350.0 850.0 0.21344
4450.0 850.0 0.08821
4550.0 850.0 -0.03275
4650.0 850.0 -0.13064
4750.0 850.0 -0.19211
4850.0 850.0 -0.14993
4950.0 850.0 -0.00712
5050.0 850.0 0.17834
5150.0 850.0 0.33283
5250.0 850.0 0.39654
5350.0 850.0 0.34333
5450.0 850.0 0.19074
5550.0 850.0 -0.00521
5650.0 850.0 -0.23359
5750.0 850.0 -0.46934
5850.0 850.0 -0.63605
5950.0 850.0 -0.67203
6050.0 850.0 -0.56812
6150.0 850.0 -0.37340
6250.0 850.0 -0.16868
6350.0 850.0 -0.00791
50.0 950.0 0.75997
150.0 950.0 0.56760
250.0 950.0 0.34177
350.0 950.0 0.14958
450.0 950.0 -0.01971
550.0 950.0 -0.17198
650.0 950.0 -0.26922
750.0 950.0 -0.28130
850.0 950.0 -0.20762
950.0 950.0 -0.08193
1050.0 950.0 0.03953
1150.0 950.0 0.10662
1250.0 950.0 0.11939
1350.0 950.0 0.08085
1450.0 950.0 -0.05301
1550.0 950.0 -0.24480
1650.0 950.0 -0.41918
1750.0 950.0 -0.50896
1850.0 950.0 -0.48219
1950.0 950.0 -0.35047
2050.0 950.0 -0.15830
2150.0 950.0 0.04382
2250.0 950.0 0.20595
2350.0 950.0 0.28138
2450.0 950.0 0.25074
2550.0 950.0 0.13242
2650.0 950.0 -0.02114
2750.0 950.0 -0.14127
2850.0 950.0 -0.17482
2950.0 950.0 -0.12994
3050.0 950.0 -0.08201
3150.0 950.0 -0.06432
3250.0 950.0 -0.08096
3350.0 950.0 -0.12108
3450.0 950.0 -0.16526
3550.0 950.0 -0.19256
3650.0 950.0 -0.18795
3750.0 950.0 -0.15027
3850.0 950.0 -0.09490
3950.0 950.0 -0.00516
4050.0 950.0 0.11917
4150.0 950.0 0.24045
4250.0 950.0 0.31766
4350.0 950.0 0.32847
4450.0 950.0 0.27753
4550.0 950.0 0.19108
4650.0 950.0 0.09784
4750.0 950.0 0.02877
4850.0 950.0 0.03718
4950.0 950.0 0.11566
5050.0 950.0 0.21593
5150.0 950.0 0.28168
5250.0 950.0 0.27166
5350.0 950.0 0.17299
5450.0 950.0 0.00474
5550.0 950.0 -0.19216
5650.0 950.0 -0.41301
5750.0 950.0 -0.62627
5850.0 950.0 -0.75669
5950.0 950.0 -0.74929
6050.0 950.0 -0.60414
6150.0 950.0 -0.37882
6250.0 950.0 -0.15871
6350.0 950.0 0.00504
50.0 1050.0 0.94503
150.0 1050.0 0.75445
250.0 1050.0 0.53251
350.0 1050.0 0.34514
450.0 1050.0 0.18173
550.0 1050.0 0.04087
650.0 1050.0 -0.03950
750.0 1050.0 -0.03362
850.0 1050.0 0.05406
950.0 1050.0 0.18649
1050.0 1050.0 0.30699
1150.0 1050.0 0.36764
1250.0 1050.0 0.37180
1350.0 1050.0 0.31770
1450.0 1050.0 0.14876
1550.0 1050.0 -0.10043
1650.0 1050.0 -0.34825
1750.0 1050.0 -0.51537
1850.0 1050.0 -0.55611
1950.0 1050.0 -0.47172
2050.0 1050.0 -0.30582
2150.0 1050.0 -0.12242
2250.0 1050.0 0.01691
2350.0 1050.0 0.06497
2450.0 1050.0 0.00583
2550.0 1050.0 -0.13799
2650.0 1050.0 -0.31124
2750.0 1050.0 -0.44474
2850.0 1050.0 -0.48706
2950.0 1050.0 -0.44910
3050.0 1050.0 -0.40546
3150.0 1050.0 -0.38420
3250.0 1050.0 -0.38859
3350.0 1050.0 -0.41078
3450.0 1050.0 -0.43646
3550.0 1050.0 -0.44997
3650.0 1050.0 -0.43989
3750.0 1050.0 -0.40513
3850.0 1050.0 -0.35436
3950.0 1050.0 -0.24675
4050.0 1050.0 -0.06552
4150.0 1050.0 0.14769
4250.0 1050.0 0.33415
4350.0 1050.0 0.44766
4450.0 1050.0 0.47109
4550.0 1050.0 0.41963
4650.0 1050.0 0.33099
4750.0 1050.0 0.25474
4850.0 1050.0 0.23292
4950.0 1050.0 0.25517
5050.0 1050.0 0.28263
5150.0 1050.0 0.27451
5250.0 1050.0 0.20527
5350.0 1050.0 0.07255
5450.0 1050.0 -0.10435
5550.0 1050.0 -0.29792
5650.0 1050.0 -0.51254
5750.0 1050.0 -0.71476
5850.0 1050.0 -0.82940
5950.0 1050.0 -0.80342
6050.0 1050.0 -0.63983
6150.0 1050.0 -0.39916
6250.0 1050.0 -0.16858
6350.0 1050.0 0.00145
50.0 1150.0 1.00847
150.0 1150.0 0.79015
250.0 1150.0 0.56199
350.0 1150.0 0.38488
450.0 1150.0 0.23903
550.0 1150.0 0.13155
650.0 1150.0 0.09983
750.0 1150.0 0.15664
850.0 1150.0 0.28298
950.0 1150.0 0.43262
1050.0 1150.0 0.54811
1150.0 1150.0 0.58845
1250.0 1150.0 0.56695
1350.0 1150.0 0.49290
1450.0 1150.0 0.31687
1550.0 1150.0 0.06809
1650.0 1150.0 -0.18228
1750.0 1150.0 -0.36402
1850.0 1150.0 -0.43552
1950.0 1150.0 -0.39609
2050.0 1150.0 -0.28304
2150.0 1150.0 -0.15462
2250.0 1150.0 -0.07255
2350.0 1150.0 -0.07953
2450.0 1150.0 -0.18398
2550.0 1150.0 -0.35880
2650.0 1150.0 -0.55001
2750.0 1150.0 -0.69508
2850.0 1150.0 -0.75111
2950.0 1150.0 -0.73247
3050.0 1150.0 -0.70300
3150.0 1150.0 -0.67612
3250.0 1150.0 -0.65296
3350.0 1150.0 -0.63330
3450.0 1150.0 -0.61561
3550.0 1150.0 -0.59757
3650.0 1150.0 -0.57693
3750.0 1150.0 -0.55277
3850.0 1150.0 -0.52012
3950.0 1150.0 -0.41308
4050.0 1150.0 -0.19968
4150.0 1150.0 0.07793
4250.0 1150.0 0.34819
4350.0 1150.0 0.54501
4450.0 1150.0 0.63098
4550.0 1150.0 0.60907
4650.0 1150.0 0.52281
4750.0 1150.0 0.44003
4850.0 1150.0 0.39853
4950.0 1150.0 0.38848
5050.0 1150.0 0.37850
5150.0 1150.0 0.33714
5250.0 1150.0 0.24638
5350.0 1150.0 0.10696
5450.0 1150.0 -0.06415
5550.0 1150.0 -0.24738
5650.0 1150.0 -0.45954
5750.0 1150.0 -0.67361
5850.0 1150.0 -0.81193
5950.0 1150.0 -0.81399
6050.0 1150.0 -0.67393
6150.0 1150.0 -0.44507
6250.0 1150.0 -0.21171
6350.0 1150.0 -0.02794
50.0 1250.0 0.92725
150.0 1250.0 0.66557
250.0 1250.0 0.42832
350.0 1250.0 0.26824
450.0 1250.0 0.15063
550.0 1250.0 0.09402
650.0 1250.0 0.13347
750.0 1250.0 0.26153
850.0 1250.0 0.43780
950.0 1250.0 0.60382
1050.0 1250.0 0.70322
1150.0 1250.0 0.70706
1250.0 1250.0 0.64340
1350.0 1250.0 0.54670
1450.0 1250.0 0.39550
1550.0 1250.0 0.21142
1650.0 1250.0 0.03768
1750.0 1250.0 -0.08725
1850.0 1250.0 -0.14528
1950.0 1250.0 -0.14328
2050.0 1250.0 -0.10691
2150.0 1250.0 -0.06738
2250.0 1250.0 -0.06994
2350.0 1250.0 -0.14547
2450.0 1250.0 -0.29222
2550.0 1250.0 -0.48184
2650.0 1250.0 -0.67001
2750.0 1250.0 -0.81153
2850.0 1250.0 -0.88001
2950.0 1250.0 -0.89174
3050.0 1250.0 -0.88675
3150.0 1250.0 -0.85612
3250.0 1250.0 -0.79789
3350.0 1250.0 -0.72266
3450.0 1250.0 -0.64719
3550.0 1250.0 -0.58820
3650.0 1250.0 -0.55655
3750.0 1250.0 -0.55162
3850.0 1250.0 -0.55038
3950.0 1250.0 -0.46665
4050.0 1250.0 -0.25789
4150.0 1250.0 0.03758
4250.0 1250.0 0.34400
4350.0 1250.0 0.58405
4450.0 1250.0 0.70587
4550.0 1250.0 0.70108
4650.0 1250.0 0.61402
4750.0 1250.0 0.52598
4850.0 1250.0 0.47818
4950.0 1250.0 0.46499
5050.0 1250.0 0.45966
5150.0 1250.0 0.43253
5250.0 1250.0 0.36336
5350.0 1250.0 0.24774
5450.0 1250.0 0.09761
5550.0 1250.0 -0.06851
5650.0 1250.0 -0.28049
5750.0 1250.0 -0.52456
5850.0 1250.0 -0.71842
5950.0 1250.0 -0.78619
6050.0 1250.0 -0.70326
6150.0 1250.0 -0.50742
6250.0 1250.0 -0.27631
6350.0 1250.0 -0.07128
50.0 1350.0 0.73210
150.0 1350.0 0.43453
250.0 1350.0 0.19523
350.0 1350.0 0.05782
450.0 1350.0 -0.02639
550.0 1350.0 -0.02717
650.0 1350.0 0.08570
750.0 1350.0 0.28187
850.0 1350.0 0.49862
950.0 1350.0 0.66693
1050.0 1350.0 0.73514
1150.0 1350.0 0.69003
1250.0 1350.0 0.57506
1350.0 1350.0 0.45611
1450.0 1350.0 0.35351
1550.0 1350.0 0.28025
1650.0 1350.0 0.24031
1750.0 1350.0 0.22518
1850.0 1350.0 0.21601
1950.0 1350.0 0.19127
2050.0 1350.0 0.14007
2150.0 1350.0 0.07336
2250.0 1350.0 -0.02161
2350.0 1350.0 -0.15657
2450.0 1350.0 -0.31994
2550.0 1350.0 -0.48854
2650.0 1350.0 -0.63794
2750.0 1350.0 -0.75083
2850.0 1350.0 -0.82355
2950.0 1350.0 -0.87059
3050.0 1350.0 -0.89677
3150.0 1350.0 -0.86823
3250.0 1350.0 -0.77979
3350.0 1350.0 -0.65318
3450.0 1350.0 -0.52396
3550.0 1350.0 -0.42849
3650.0 1350.0 -0.39117
3750.0 1350.0 -0.41173
3850.0 1350.0 -0.44955
3950.0 1350.0 -0.40783
4050.0 1350.0 -0.24023
4150.0 1350.0 0.02252
4250.0 1350.0 0.30991
4350.0 1350.0 0.54440
4450.0 1350.0 0.66823
4550.0 1350.0 0.66474
4650.0 1350.0 0.57378
4750.0 1350.0 0.48208
4850.0 1350.0 0.43931
4950.0 1350.0 0.44663
5050.0 1350.0 0.47914
5150.0 1350.0 0.50271
5250.0 1350.0 0.48739
5350.0 1350.0 0.41750
5450.0 1350.0 0.29832
5550.0 1350.0 0.15310
5650.0 1350.0 -0.05827
5750.0 1350.0 -0.33750
5850.0 1350.0 -0.59670
5950.0 1350.0 -0.74177
6050.0 1350.0 -0.72593
6150.0 1350.0 -0.56856
6250.0 1350.0 -0.33950
6350.0 1350.0 -0.10869
50.0 1450.0 0.49606
150.0 1450.0 0.18956
250.0 1450.0 -0.03788
350.0 1450.0 -0.15018
450.0 1450.0 -0.20316
550.0 1450.0 -0.15714
650.0 1450.0 0.01097
750.0 1450.0 0.25059
850.0 1450.0 0.48191
950.0 1450.0 0.63096
1050.0 1450.0 0.65474
1150.0 1450.0 0.55659
1250.0 1450.0 0.39176
1350.0 1450.0 0.25382
1450.0 1450.0 0.20664
1550.0 1450.0 0.25523
1650.0 1450.0 0.36321
1750.0 1450.0 0.47294
1850.0 1450.0 0.52600
1950.0 1450.0 0.48423
2050.0 1450.0 0.35121
2150.0 1450.0 0.18350
2250.0 1450.0 0.01029
2350.0 1450.0 -0.15666
2450.0 1450.0 -0.29879
2550.0 1450.0 -0.40519
2650.0 1450.0 -0.47943
2750.0 1450.0 -0.53850
2850.0 1450.0 -0.60363
2950.0 1450.0 -0.68318
3050.0 1450.0 -0.74112
3150.0 1450.0 -0.72213
3250.0 1450.0 -0.61849
3350.0 1450.0 -0.46040
3450.0 1450.0 -0.29776
3550.0 1450.0 -0.18199
3650.0 1450.0 -0.14791
3750.0 1450.0 -0.19558
3850.0 1450.0 -0.27171
3950.0 1450.0 -0.27973
4050.0 1450.0 -0.17562
4150.0 1450.0 0.01911
4250.0 1450.0 0.24602
4350.0 1450.0 0.43625
4450.0 1450.0 0.53425
4550.0 1450.0 0.51894
4650.0 1450.0 0.42227
4750.0 1450.0 0.32816
4850.0 1450.0 0.29550
4950.0 1450.0 0.33265
5050.0 1450.0 0.41496
5150.0 1450.0 0.50124
5250.0 1450.0 0.54926
5350.0 1450.0 0.53038
5450.0 1450.0 0.44330
5550.0 1450.0 0.31841
5650.0 1450.0 0.11052
5750.0 1450.0 -0.19445
5850.0 1450.0 -0.50374
5950.0 1450.0 -0.70811
6050.0 1450.0 -0.74264
6150.0 1450.0 -0.61189
6250.0 1450.0 -0.37966
6350.0 1450.0 -0.12315
50.0 1550.0 0.31033
150.0 1550.0 0.03035
250.0 1550.0 -0.17009
350.0 1550.0 -0.25919
450.0 1550.0 -0.28961
550.0 1550.0 -0.21622
650.0 1550.0 -0.02420
750.0 1550.0 0.22270
850.0 1550.0 0.43686
950.0 1550.0 0.54652
1050.0 1550.0 0.52005
1150.0 1550.0 0.37496
1250.0 1550.0 0.17186
1350.0 1550.0 0.01973
1450.0 1550.0 0.01476
1550.0 1550.0 0.15596
1650.0 1550.0 0.37643
1750.0 1550.0 0.58125
1850.0 1550.0 0.68198
1950.0 1550.0 0.62780
2050.0 1550.0 0.43322
2150.0 1550.0 0.19050
2250.0 1550.0 -0.03049
2350.0 1550.0 -0.19479
2450.0 1550.0 -0.28133
2550.0 1550.0 -0.29613
2650.0 1550.0 -0.27338
2750.0 1550.0 -0.26387
2850.0 1550.0 -0.31088
2950.0 1550.0 -0.41342
3050.0 1550.0 -0.49732
3150.0 1550.0 -0.49385
3250.0 1550.0 -0.39403
3350.0 1550.0 -0.23196
3450.0 1550.0 -0.06427
3550.0 1550.0 0.05050
3650.0 1550.0 0.07253
3750.0 1550.0 0.00153
3850.0 1550.0 -0.10398
3950.0 1550.0 -0.15505
4050.0 1550.0 -0.11304
4150.0 1550.0 0.00866
4250.0 1550.0 0.16489
4350.0 1550.0 0.29863
4450.0 1550.0 0.36062
4550.0 1550.0 0.32865
4650.0 1550.0 0.22650
4750.0 1550.0 0.13038
4850.0 1550.0 0.10443
4950.0 1550.0 0.16231
5050.0 1550.0 0.27984
5150.0 1550.0 0.41096
5250.0 1550.0 0.50471
5350.0 1550.0 0.52306
5450.0 1550.0 0.45977
5550.0 1550.0 0.35048
5650.0 1550.0 0.15025
5750.0 1550.0 -0.16021
5850.0 1550.0 -0.48530
5950.0 1550.0 -0.70848
6050.0 1550.0 -0.75659
6150.0 1550.0 -0.62800
6250.0 1550.0 -0.38450
6350.0 1550.0 -0.10702
50.0 1650.0 0.24766
150.0 1650.0 0.02518
250.0 1650.0 -0.13753
350.0 1650.0 -0.20889
450.0 1650.0 -0.22876
550.0 1650.0 -0.15074
650.0 1650.0 0.03218
750.0 1650.0 0.25192
850.0 1650.0 0.42295
950.0 1650.0 0.48188
1050.0 1650.0 0.40891
1150.0 1650.0 0.23092
1250.0 1650.0 0.00704
1350.0 1650.0 -0.15472
1450.0 1650.0 -0.14586
1550.0 1650.0 0.02922
1650.0 1650.0 0.29016
1750.0 1650.0 0.52642
1850.0 1650.0 0.63769
1950.0 1650.0 0.56896
2050.0 1650.0 0.34014
2150.0 1650.0 0.05963
2250.0 1650.0 -0.17352
2350.0 1650.0 -0.30606
2450.0 1650.0 -0.31870
2550.0 1650.0 -0.23505
2650.0 1650.0 -0.11599
2750.0 1650.0 -0.03899
2850.0 1650.0 -0.06249
2950.0 1650.0 -0.17526
3050.0 1650.0 -0.27504
3150.0 1650.0 -0.28941
3250.0 1650.0 -0.20948
3350.0 1650.0 -0.06849
3450.0 1650.0 0.07824
3550.0 1650.0 0.17339
3650.0 1650.0 0.17790
3750.0 1650.0 0.09136
3850.0 1650.0 -0.02969
3950.0 1650.0 -0.10519
4050.0 1650.0 -0.10071
4150.0 1650.0 -0.02494
4250.0 1650.0 0.08536
4350.0 1650.0 0.18128
4450.0 1650.0 0.21852
4550.0 1650.0 0.17506
4650.0 1650.0 0.06962
4750.0 1650.0 -0.02911
4850.0 1650.0 -0.05899
4950.0 1650.0 -0.00456
5050.0 1650.0 0.11240
5150.0 1650.0 0.24721
5250.0 1650.0 0.34848
5350.0 1650.0 0.37625
5450.0 1650.0 0.32204
5550.0 1650.0 0.22117
5650.0 1650.0 0.03254
5750.0 1650.0 -0.25976
5850.0 1650.0 -0.55988
5950.0 1650.0 -0.75367
6050.0 1650.0 -0.77198
6150.0 1650.0 -0.61745
6250.0 1650.0 -0.35468
6350.0 1650.0 -0.06385
50.0 1750.0 0.31296
150.0 1750.0 0.16492
250.0 1750.0 0.04395
350.0 1750.0 -0.01561
450.0 1750.0 -0.03490
550.0 1750.0 0.03091
650.0 1750.0 0.18235
750.0 1750.0 0.35394
850.0 1750.0 0.46898
950.0 1750.0 0.47580
1050.0 1750.0 0.36513
1150.0 1750.0 0.16861
1250.0 1750.0 -0.06085
1350.0 1750.0 -0.22944
1450.0 1750.0 -0.23522
1550.0 1750.0 -0.08385
1650.0 1750.0 0.14669
1750.0 1750.0 0.35069
1850.0 1750.0 0.43345
1950.0 1750.0 0.34427
2050.0 1750.0 0.10353
2150.0 1750.0 -0.18330
2250.0 1750.0 -0.40221
2350.0 1750.0 -0.48795
2450.0 1750.0 -0.42568
2550.0 1750.0 -0.25429
2650.0 1750.0 -0.05446
2750.0 1750.0 0.07872
2850.0 1750.0 0.07878
2950.0 1750.0 -0.03387
3050.0 1750.0 -0.14018
3150.0 1750.0 -0.17142
3250.0 1750.0 -0.11975
3350.0 1750.0 -0.01430
3450.0 1750.0 0.09629
3550.0 1750.0 0.16162
3650.0 1750.0 0.14731
3750.0 1750.0 0.05295
3850.0 1750.0 -0.07143
3950.0 1750.0 -0.15139
4050.0 1750.0 -0.15304
4150.0 1750.0 -0.08423
4250.0 1750.0 0.01952
4350.0 1750.0 0.11035
4450.0 1750.0 0.14444
4550.0 1750.0 0.09952
4650.0 1750.0 -0.00646
4750.0 1750.0 -0.10887
4850.0 1750.0 -0.15436
4950.0 1750.0 -0.12907
5050.0 1750.0 -0.04991
5150.0 1750.0 0.04645
5250.0 1750.0 0.11681
5350.0 1750.0 0.12670
5450.0 1750.0 0.06781
5550.0 1750.0 -0.03088
5650.0 1750.0 -0.20555
5750.0 1750.0 -0.46216
5850.0 1750.0 -0.70671
5950.0 1750.0 -0.83495
6050.0 1750.0 -0.79113
6150.0 1750.0 -0.59013
6250.0 1750.0 -0.30296
6350.0 1750.0 -0.00566
50.0 1850.0 0.42248
150.0 1850.0 0.35577
250.0 1850.0 0.27812
350.0 1850.0 0.22720
450.0 1850.0 0.20346
550.0 1850.0 0.24973
650.0 1850.0 0.36109
750.0 1850.0 0.47752
850.0 1850.0 0.53365
950.0 1850.0 0.49028
1050.0 1850.0 0.34752
1150.0 1850.0 0.13939
1250.0 1850.0 -0.08914
1350.0 1850.0 -0.26260
1450.0 1850.0 -0.29238
1550.0 1850.0 -0.18482
1650.0 1850.0 -0.00988
1750.0 1850.0 0.13891
1850.0 1850.0 0.17893
1950.0 1850.0 0.06704
2050.0 1850.0 -0.17748
2150.0 1850.0 -0.45936
2250.0 1850.0 -0.65658
2350.0 1850.0 -0.69472
2450.0 1850.0 -0.56313
2550.0 1850.0 -0.31335
2650.0 1850.0 -0.04186
2750.0 1850.0 0.14273
2850.0 1850.0 0.16821
2950.0 1850.0 0.06266
3050.0 1850.0 -0.04378
3150.0 1850.0 -0.08985
3250.0 1850.0 -0.06928
3350.0 1850.0 -0.00563
3450.0 1850.0 0.06200
3550.0 1850.0 0.09311
3650.0 1850.0 0.06014
3750.0 1850.0 -0.03716
3850.0 1850.0 -0.15779
3950.0 1850.0 -0.23369
4050.0 1850.0 -0.23137
4150.0 1850.0 -0.15923
4250.0 1850.0 -0.05315
4350.0 1850.0 0.03905
4450.0 1850.0 0.07399
4550.0 1850.0 0.03001
4650.0 1850.0 -0.07464
4750.0 1850.0 -0.17952
4850.0 1850.0 -0.24219
4950.0 1850.0 -0.25126
5050.0 1850.0 -0.21821
5150.0 1850.0 -0.16996
5250.0 1850.0 -0.13930
5350.0 1850.0 -0.15322
5450.0 1850.0 -0.21916
5550.0 1850.0 -0.31594
5650.0 1850.0 -0.47258
5750.0 1850.0 -0.68263
5850.0 1850.0 -0.85635
5950.0 1850.0 -0.90387
6050.0 1850.0 -0.78711
6150.0 1850.0 -0.53575
6250.0 1850.0 -0.22728
6350.0 1850.0 0.06900
50.0 1950.0 0.55254
150.0 1950.0 0.58075
250.0 1950.0 0.54939
350.0 1950.0 0.49840
450.0 1950.0 0.45674
550.0 1950.0 0.46694
650.0 1950.0 0.52194
750.0 1950.0 0.57334
850.0 1950.0 0.57126
950.0 1950.0 0.48876
1050.0 1950.0 0.33084
1150.0 1950.0 0.12785
1250.0 1950.0 -0.08597
1350.0 1950.0 -0.25563
1450.0 1950.0 -0.31268
1550.0 1950.0 -0.26371
1650.0 1950.0 -0.16497
1750.0 1950.0 -0.09002
1850.0 1950.0 -0.10250
1950.0 1950.0 -0.23426
2050.0 1950.0 -0.46863
2150.0 1950.0 -0.72917
2250.0 1950.0 -0.90046
2350.0 1950.0 -0.90425
2450.0 1950.0 -0.72927
2550.0 1950.0 -0.42974
2650.0 1950.0 -0.10724
2750.0 1950.0 0.12383
2850.0 1950.0 0.18736
2950.0 1950.0 0.11287
3050.0 1950.0 0.02791
3150.0 1950.0 -0.02388
3250.0 1950.0 -0.03989
3350.0 1950.0 -0.03380
3450.0 1950.0 -0.02727
3550.0 1950.0 -0.04197
3650.0 1950.0 -0.09202
3750.0 1950.0 -0.17669
3850.0 1950.0 -0.27241
3950.0 1950.0 -0.32942
4050.0 1950.0 -0.32145
4150.0 1950.0 -0.25879
4250.0 1950.0 -0.17367
4350.0 1950.0 -0.10595
4450.0 1950.0 -0.08933
4550.0 1950.0 -0.13834
4650.0 1950.0 -0.23579
4750.0 1950.0 -0.33432
4850.0 1950.0 -0.40289
4950.0 1950.0 -0.43238
5050.0 1950.0 -0.42994
5150.0 1950.0 -0.41442
5250.0 1950.0 -0.40980
5350.0 1950.0 -0.43657
5450.0 1950.0 -0.50122
5550.0 1950.0 -0.58817
5650.0 1950.0 -0.70853
5750.0 1950.0 -0.84028
5850.0 1950.0 -0.90806
5950.0 1950.0 -0.84940
6050.0 1950.0 -0.65277
6150.0 1950.0 -0.36400
6250.0 1950.0 -0.06119
6350.0 1950.0 0.20189
50.0 2050.0 0.67081
150.0 2050.0 0.79275
250.0 2050.0 0.80120
350.0 2050.0 0.73607
450.0 2050.0 0.65911
550.0 2050.0 0.61527
650.0 2050.0 0.60126
750.0 2050.0 0.58741
850.0 2050.0 0.54227
950.0 2050.0 0.44789
1050.0 2050.0 0.30582
1150.0 2050.0 0.13376
1250.0 2050.0 -0.04666
1350.0 2050.0 -0.19902
1450.0 2050.0 -0.28037
1550.0 2050.0 -0.29677
1650.0 2050.0 -0.28536
1750.0 2050.0 -0.29282
1850.0 2050.0 -0.35797
1950.0 2050.0 -0.49857
2050.0 2050.0 -0.70229
2150.0 2050.0 -0.92010
2250.0 2050.0 -1.06368
2350.0 2050.0 -1.05997
2450.0 2050.0 -0.88973
2550.0 2050.0 -0.59393
2650.0 2050.0 -0.26179
2750.0 2050.0 -0.00045
2850.0 2050.0 0.11368
2950.0 2050.0 0.10156
3050.0 2050.0 0.06769
3150.0 2050.0 0.02586
3250.0 2050.0 -0.02738
3350.0 2050.0 -0.09131
3450.0 2050.0 -0.16126
3550.0 2050.0 -0.23012
3650.0 2050.0 -0.29099
3750.0 2050.0 -0.34108
3850.0 2050.0 -0.38365
3950.0 2050.0 -0.40117
4050.0 2050.0 -0.38301
4150.0 2050.0 -0.34331
4250.0 2050.0 -0.30605
4350.0 2050.0 -0.29340
4450.0 2050.0 -0.31792
4550.0 2050.0 -0.37862
4650.0 2050.0 -0.46090
4750.0 2050.0 -0.54124
4850.0 2050.0 -0.60018
4950.0 2050.0 -0.63052
5050.0 2050.0 -0.63671
5150.0 2050.0 -0.63204
5250.0 2050.0 -0.63410
5350.0 2050.0 -0.65842
5450.0 2050.0 -0.71041
5550.0 2050.0 -0.77729
5650.0 2050.0 -0.84180
5750.0 2050.0 -0.86597
5850.0 2050.0 -0.80147
5950.0 2050.0 -0.62685
6050.0 2050.0 -0.36381
6150.0 2050.0 -0.07144
6250.0 2050.0 0.18163
6350.0 2050.0 0.36725
50.0 2150.0 0.72869
150.0 2150.0 0.91802
250.0 2150.0 0.94761
350.0 2150.0 0.85444
450.0 2150.0 0.72970
550.0 2150.0 0.62355
650.0 2150.0 0.54284
750.0 2150.0 0.48059
850.0 2150.0 0.42264
950.0 2150.0 0.35355
1050.0 2150.0 0.26189
1150.0 2150.0 0.14487
1250.0 2150.0 0.01245
1350.0 2150.0 -0.10978
1450.0 2150.0 -0.20353
1550.0 2150.0 -0.27346
1650.0 2150.0 -0.33637
1750.0 2150.0 -0.41132
1850.0 2150.0 -0.51236
1950.0 2150.0 -0.64393
2050.0 2150.0 -0.79897
2150.0 2150.0 -0.95837
2250.0 2150.0 -1.07800
2350.0 2150.0 -1.09925
2450.0 2150.0 -0.98807
2550.0 2150.0 -0.75672
2650.0 2150.0 -0.46452
2750.0 2150.0 -0.19788
2850.0 2150.0 -0.02934
2950.0 2150.0 0.04383
3050.0 2150.0 0.08455
3150.0 2150.0 0.06926
3250.0 2150.0 -0.01298
3350.0 2150.0 -0.14502
3450.0 2150.0 -0.29158
3550.0 2150.0 -0.41160
3650.0 2150.0 -0.47308
3750.0 2150.0 -0.47038
3850.0 2150.0 -0.43838
3950.0 2150.0 -0.39966
4050.0 2150.0 -0.36482
4150.0 2150.0 -0.35358
4250.0 2150.0 -0.37908
4350.0 2150.0 -0.43962
4450.0 2150.0 -0.51894
4550.0 2150.0 -0.59469
4650.0 2150.0 -0.65554
4750.0 2150.0 -0.70860
4850.0 2150.0 -0.74548
4950.0 2150.0 -0.76054
5050.0 2150.0 -0.75697
5150.0 2150.0 -0.74475
5250.0 2150.0 -0.73733
5350.0 2150.0 -0.74669
5450.0 2150.0 -0.77715
5550.0 2150.0 -0.81655
5650.0 2150.0 -0.81659
5750.0 2150.0 -0.72811
5850.0 2150.0 -0.53839
5950.0 2150.0 -0.27216
6050.0 2150.0 0.01729
6150.0 2150.0 0.26580
6250.0 2150.0 0.42499
6350.0 2150.0 0.49780
50.0 2250.0 0.69780
150.0 2250.0 0.91176
250.0 2250.0 0.93799
350.0 2250.0 0.80811
450.0 2250.0 0.63280
550.0 2250.0 0.46916
650.0 2250.0 0.33871
750.0 2250.0 0.25644
850.0 2250.0 0.22052
950.0 2250.0 0.21061
1050.0 2250.0 0.19501
1150.0 2250.0 0.14658
1250.0 2250.0 0.06716
1350.0 2250.0 -0.01748
1450.0 2250.0 -0.10684
1550.0 2250.0 -0.20344
1650.0 2250.0 -0.30737
1750.0 2250.0 -0.41600
1850.0 2250.0 -0.52472
1950.0 2250.0 -0.62880
2050.0 2250.0 -0.72625
2150.0 2250.0 -0.82325
2250.0 2250.0 -0.92707
2350.0 2250.0 -0.99966
2450.0 2250.0 -0.98848
2550.0 2250.0 -0.86760
2650.0 2250.0 -0.65533
2750.0 2250.0 -0.40834
2850.0 2250.0 -0.19202
2950.0 2250.0 -0.02767
3050.0 2250.0 0.09620
3150.0 2250.0 0.11891
3250.0 2250.0 0.02211
3350.0 2250.0 -0.16199
3450.0 2250.0 -0.36939
3550.0 2250.0 -0.52688
3650.0 2250.0 -0.57840
3750.0 2250.0 -0.51523
3850.0 2250.0 -0.40210
3950.0 2250.0 -0.30052
4050.0 2250.0 -0.24288
4150.0 2250.0 -0.25531
4250.0 2250.0 -0.34057
4350.0 2250.0 -0.47287
4450.0 2250.0 -0.60615
4550.0 2250.0 -0.69567
4650.0 2250.0 -0.73288
4750.0 2250.0 -0.75576
4850.0 2250.0 -0.76591
4950.0 2250.0 -0.75902
5050.0 2250.0 -0.73772
5150.0 2250.0 -0.70990
5250.0 2250.0 -0.68605
5350.0 2250.0 -0.67542
5450.0 2250.0 -0.68128
5550.0 2250.0 -0.69146
5650.0 2250.0 -0.63295
5750.0 2250.0 -0.45373
5850.0 2250.0 -0.17785
5950.0 2250.0 0.12913
6050.0 2250.0 0.39203
6150.0 2250.0 0.55244
6250.0 2250.0 0.58969
6350.0 2250.0 0.53648
50.0 2350.0 0.58645
150.0 2350.0 0.78357
250.0 2350.0 0.78617
350.0 2350.0 0.61956
450.0 2350.0 0.40141
550.0 2350.0 0.19586
650.0 2350.0 0.04006
750.0 2350.0 -0.03408
850.0 2350.0 -0.02277
950.0 2350.0 0.04347
1050.0 2350.0 0.11052
1150.0 2350.0 0.12848
1250.0 2350.0 0.09573
1350.0 2350.0 0.04786
1450.0 2350.0 -0.02231
1550.0 2350.0 -0.11502
1650.0 2350.0 -0.22041
1750.0 2350.0 -0.32417
1850.0 2350.0 -0.41264
1950.0 2350.0 -0.47767
2050.0 2350.0 -0.52111
2150.0 2350.0 -0.56471
2250.0 2350.0 -0.66180
2350.0 2350.0 -0.79556
2450.0 2350.0 -0.89571
2550.0 2350.0 -0.89842
2650.0 2350.0 -0.78056
2750.0 2350.0 -0.56804
2850.0 2350.0 -0.31805
2950.0 2350.0 -0.07565
3050.0 2350.0 0.12195
3150.0 2350.0 0.18452
3250.0 2350.0 0.08778
3350.0 2350.0 -0.12502
3450.0 2350.0 -0.36841
3550.0 2350.0 -0.54482
3650.0 2350.0 -0.57974
3750.0 2350.0 -0.46177
3850.0 2350.0 -0.27809
3950.0 2350.0 -0.11956
4050.0 2350.0 -0.03579
4150.0 2350.0 -0.05904
4250.0 2350.0 -0.18488
4350.0 2350.0 -0.36903
4450.0 2350.0 -0.54171
4550.0 2350.0 -0.63969
4650.0 2350.0 -0.65589
4750.0 2350.0 -0.65286
4850.0 2350.0 -0.64105
4950.0 2350.0 -0.61745
5050.0 2350.0 -0.58385
5150.0 2350.0 -0.54569
5250.0 2350.0 -0.51024
5350.0 2350.0 -0.48391
5450.0 2350.0 -0.46898
5550.0 2350.0 -0.45441
5650.0 2350.0 -0.35499
5750.0 2350.0 -0.12433
5850.0 2350.0 0.18328
5950.0 2350.0 0.47493
6050.0 2350.0 0.66717
6150.0 2350.0 0.71623
6250.0 2350.0 0.63047
6350.0 2350.0 0.46494
50.0 2450.0 0.43582
150.0 2450.0 0.59276
250.0 2450.0 0.56409
350.0 2450.0 0.36965
450.0 2450.0 0.12419
550.0 2450.0 -0.10279
650.0 2450.0 -0.26177
750.0 2450.0 -0.31129
850.0 2450.0 -0.24771
950.0 2450.0 -0.11277
1050.0 2450.0 0.02109
1150.0 2450.0 0.08781
1250.0 2450.0 0.08619
1350.0 2450.0 0.06604
1450.0 2450.0 0.02174
1550.0 2450.0 -0.04499
1650.0 2450.0 -0.12180
1750.0 2450.0 -0.19286
1850.0 2450.0 -0.24475
1950.0 2450.0 -0.27100
2050.0 2450.0 -0.27552
2150.0 2450.0 -0.28451
2250.0 2450.0 -0.38130
2350.0 2450.0 -0.56489
2450.0 2450.0 -0.75241
2550.0 2450.0 -0.85239
2650.0 2450.0 -0.81109
2750.0 2450.0 -0.63137
2850.0 2450.0 -0.36386
2950.0 2450.0 -0.07090
3050.0 2450.0 0.17617
3150.0 2450.0 0.26970
3250.0 2450.0 0.18195
3350.0 2450.0 -0.03809
3450.0 2450.0 -0.29326
3550.0 2450.0 -0.47253
3650.0 2450.0 -0.49096
3750.0 2450.0 -0.33541
3850.0 2450.0 -0.10524
3950.0 2450.0 0.09373
4050.0 2450.0 0.20266
4150.0 2450.0 0.18464
4250.0 2450.0 0.04642
4350.0 2450.0 -0.15860
4450.0 2450.0 -0.34772
4550.0 2450.0 -0.44685
4650.0 2450.0 -0.44864
4750.0 2450.0 -0.42971
4850.0 2450.0 -0.40856
4950.0 2450.0 -0.38370
5050.0 2450.0 -0.35490
5150.0 2450.0 -0.32336
5250.0 2450.0 -0.29139
5350.0 2450.0 -0.26155
5450.0 2450.0 -0.23526
5550.0 2450.0 -0.20506
5650.0 2450.0 -0.08740
5750.0 2450.0 0.15328
5850.0 2450.0 0.44431
5950.0 2450.0 0.68183
6050.0 2450.0 0.78629
6150.0 2450.0 0.73197
6250.0 2450.0 0.55056
6350.0 2450.0 0.30874
50.0 2550.0 0.29600
150.0 2550.0 0.41350
250.0 2550.0 0.35975
350.0 2550.0 0.15137
450.0 2550.0 -0.10416
550.0 2550.0 -0.33470
650.0 2550.0 -0.48411
750.0 2550.0 -0.50850
850.0 2550.0 -0.40736
950.0 2550.0 -0.23044
1050.0 2550.0 -0.06028
1150.0 2550.0 0.02973
1250.0 2550.0 0.04072
1350.0 2550.0 0.03496
1450.0 2550.0 0.01375
1550.0 2550.0 -0.02000
1650.0 2550.0 -0.05683
1750.0 2550.0 -0.08636
1850.0 2550.0 -0.10121
1950.0 2550.0 -0.09946
2050.0 2550.0 -0.08529
2150.0 2550.0 -0.08089
2250.0 2550.0 -0.17923
2350.0 2550.0 -0.38625
2450.0 2550.0 -0.61377
2550.0 2550.0 -0.75837
2650.0 2550.0 -0.75296
2750.0 2550.0 -0.59021
2850.0 2550.0 -0.31770
2950.0 2550.0 -0.00520
3050.0 2550.0 0.26201
3150.0 2550.0 0.37106
3250.0 2550.0 0.29309
3350.0 2550.0 0.07833
3450.0 2550.0 -0.17319
3550.0 2550.0 -0.34689
3650.0 2550.0 -0.35493
3750.0 2550.0 -0.18352
3850.0 2550.0 0.06517
3950.0 2550.0 0.28419
4050.0 2550.0 0.41385
4150.0 2550.0 0.41450
4250.0 2550.0 0.29062
4350.0 2550.0 0.09514
4450.0 2550.0 -0.08778
4550.0 2550.0 -0.18143
4650.0 2550.0 -0.17669
4750.0 2550.0 -0.15358
4850.0 2550.0 -0.13847
4950.0 2550.0 -0.13173
5050.0 2550.0 -0.12948
5150.0 2550.0 -0.12619
5250.0 2550.0 -0.11686
5350.0 2550.0 -0.09866
5450.0 2550.0 -0.07224
5550.0 2550.0 -0.03657
5650.0 2550.0 0.07983
5750.0 2550.0 0.30123
5850.0 2550.0 0.54915
5950.0 2550.0 0.72231
6050.0 2550.0 0.75182
6150.0 2550.0 0.62725
6250.0 2550.0 0.39367
6350.0 2550.0 0.11939
50.0 2650.0 0.18292
150.0 2650.0 0.27106
250.0 2650.0 0.20120
350.0 2650.0 -0.01148
450.0 2650.0 -0.26692
550.0 2650.0 -0.49236
650.0 2650.0 -0.62929
750.0 2650.0 -0.63506
850.0 2650.0 -0.51269
950.0 2650.0 -0.31642
1050.0 2650.0 -0.13264
1150.0 2650.0 -0.03637
1250.0 2650.0 -0.02391
1350.0 2650.0 -0.02418
1450.0 2650.0 -0.02761
1550.0 2650.0 -0.03074
1650.0 2650.0 -0.02913
1750.0 2650.0 -0.02021
1850.0 2650.0 -0.00445
1950.0 2650.0 0.01507
2050.0 2650.0 0.03475
2150.0 2650.0 0.04000
2250.0 2650.0 -0.05898
2350.0 2650.0 -0.26885
2450.0 2650.0 -0.50097
2550.0 2650.0 -0.65076
2650.0 2650.0 -0.64982
2750.0 2650.0 -0.48971
2850.0 2650.0 -0.21764
2950.0 2650.0 0.09593
3050.0 2650.0 0.36516
3150.0 2650.0 0.47854
3250.0 2650.0 0.40740
3350.0 2650.0 0.20100
3450.0 2650.0 -0.04211
3550.0 2650.0 -0.20887
3650.0 2650.0 -0.21246
3750.0 2650.0 -0.03899
3850.0 2650.0 0.21124
3950.0 2650.0 0.43758
4050.0 2650.0 0.58427
4150.0 2650.0 0.61019
4250.0 2650.0 0.51509
4350.0 2650.0 0.34592
4450.0 2650.0 0.18177
4550.0 2650.0 0.09708
4650.0 2650.0 0.10350
4750.0 2650.0 0.12364
4850.0 2650.0 0.12324
4950.0 2650.0 0.09983
5050.0 2650.0 0.06194
5150.0 2650.0 0.02343
5250.0 2650.0 -0.00182
5350.0 2650.0 -0.00464
5450.0 2650.0 0.01505
5550.0 2650.0 0.05019
5650.0 2650.0 0.15598
5750.0 2650.0 0.34704
5850.0 2650.0 0.54631
5950.0 2650.0 0.66120
6050.0 2650.0 0.63495
6150.0 2650.0 0.46848
6250.0 2650.0 0.21301
6350.0 2650.0 -0.06669
50.0 2750.0 0.08956
150.0 2750.0 0.14048
250.0 2750.0 0.05435
350.0 2750.0 -0.15487
450.0 2750.0 -0.40025
550.0 2750.0 -0.61408
650.0 2750.0 -0.73902
750.0 2750.0 -0.73488
850.0 2750.0 -0.60652
950.0 2750.0 -0.40839
1050.0 2750.0 -0.22545
1150.0 2750.0 -0.13042
1250.0 2750.0 -0.11832
1350.0 2750.0 -0.11309
1450.0 2750.0 -0.09664
1550.0 2750.0 -0.06657
1650.0 2750.0 -0.02580
1750.0 2750.0 0.01882
1850.0 2750.0 0.05882
1950.0 2750.0 0.08733
2050.0 2750.0 0.10308
2150.0 2750.0 0.10089
2250.0 2750.0 0.00151
2350.0 2750.0 -0.19931
2450.0 2750.0 -0.41664
2550.0 2750.0 -0.55207
2650.0 2750.0 -0.54297
2750.0 2750.0 -0.38434
2850.0 2750.0 -0.12326
2950.0 2750.0 0.17379
3050.0 2750.0 0.42885
3150.0 2750.0 0.53760
3250.0 2750.0 0.47228
3350.0 2750.0 0.27840
3450.0 2750.0 0.04829
3550.0 2750.0 -0.11133
3650.0 2750.0 -0.11789
3750.0 2750.0 0.04249
3850.0 2750.0 0.27642
3950.0 2750.0 0.49920
4050.0 2750.0 0.66581
4150.0 2750.0 0.73452
4250.0 2750.0 0.69573
4350.0 2750.0 0.58209
4450.0 2750.0 0.45833
4550.0 2750.0 0.39037
4650.0 2750.0 0.39418
4750.0 2750.0 0.40516
4850.0 2750.0 0.38471
4950.0 2750.0 0.32882
5050.0 2750.0 0.25035
5150.0 2750.0 0.17044
5250.0 2750.0 0.11051
5350.0 2750.0 0.08486
5450.0 2750.0 0.09384
5550.0 2750.0 0.12306
5650.0 2750.0 0.20885
5750.0 2750.0 0.35620
5850.0 2750.0 0.49488
5950.0 2750.0 0.54680
6050.0 2750.0 0.47009
6150.0 2750.0 0.27566
6250.0 2750.0 0.01648
6350.0 2750.0 -0.25056
50.0 2850.0 0.04138
150.0 2850.0 0.03893
250.0 2850.0 -0.06313
350.0 2850.0 -0.25182
450.0 2850.0 -0.46529
550.0 2850.0 -0.65280
650.0 2850.0 -0.76533
750.0 2850.0 -0.76763
850.0 2850.0 -0.66291
950.0 2850.0 -0.49711
1050.0 2850.0 -0.34282
1150.0 2850.0 -0.26269
1250.0 2850.0 -0.25298
1350.0 2850.0 -0.24077
1450.0 2850.0 -0.19955
1550.0 2850.0 -0.13172
1650.0 2850.0 -0.05239
1750.0 2850.0 0.01939
1850.0 2850.0 0.06769
1950.0 2850.0 0.08518
2050.0 2850.0 0.07683
2150.0 2850.0 0.04980
2250.0 2850.0 -0.05049
2350.0 2850.0 -0.22020
2450.0 2850.0 -0.38685
2550.0 2850.0 -0.47283
2650.0 2850.0 -0.43512
2750.0 2850.0 -0.28032
2850.0 2850.0 -0.05525
2950.0 2850.0 0.18698
3050.0 2850.0 0.39342
3150.0 2850.0 0.48045
3250.0 2850.0 0.42288
3350.0 2850.0 0.25556
3450.0 2850.0 0.05338
3550.0 2850.0 -0.09486
3650.0 2850.0 -0.11863
3750.0 2850.0 -0.00393
3850.0 2850.0 0.17438
3950.0 2850.0 0.36698
4050.0 2850.0 0.55282
4150.0 2850.0 0.69201
4250.0 2850.0 0.75755
4350.0 2850.0 0.75216
4450.0 2850.0 0.70811
4550.0 2850.0 0.67015
4650.0 2850.0 0.66140
4750.0 2850.0 0.65059
4850.0 2850.0 0.60441
4950.0 2850.0 0.51915
5050.0 2850.0 0.41002
5150.0 2850.0 0.30098
5250.0 2850.0 0.21562
5350.0 2850.0 0.16901
5450.0 2850.0 0.16066
5550.0 2850.0 0.17246
5650.0 2850.0 0.21911
5750.0 2850.0 0.29684
5850.0 2850.0 0.35356
5950.0 2850.0 0.33706
6050.0 2850.0 0.22519
6150.0 2850.0 0.03515
6250.0 2850.0 -0.18813
6350.0 2850.0 -0.40440
50.0 2950.0 0.04790
150.0 2950.0 -0.01467
250.0 2950.0 -0.12724
350.0 2950.0 -0.27713
450.0 2950.0 -0.43671
550.0 2950.0 -0.58203
650.0 2950.0 -0.67902
750.0 2950.0 -0.70024
850.0 2950.0 -0.64447
950.0 2950.0 -0.54134
1050.0 2950.0 -0.44094
1150.0 2950.0 -0.38827
1250.0 2950.0 -0.38289
1350.0 2950.0 -0.36294
1450.0 2950.0 -0.29469
1550.0 2950.0 -0.18920
1650.0 2950.0 -0.07776
1750.0 2950.0 0.00680
1850.0 2950.0 0.04287
1950.0 2950.0 0.02675
2050.0 2950.0 -0.02655
2150.0 2950.0 -0.09587
2250.0 2950.0 -0.19872
2350.0 2950.0 -0.31803
2450.0 2950.0 -0.40221
2550.0 2950.0 -0.40827
2650.0 2950.0 -0.32559
2750.0 2950.0 -0.17983
2850.0 2950.0 -0.01703
2950.0 2950.0 0.13200
3050.0 2950.0 0.25618
3150.0 2950.0 0.30743
3250.0 2950.0 0.26508
3350.0 2950.0 0.14554
3450.0 2950.0 -0.00652
3550.0 2950.0 -0.13326
3650.0 2950.0 -0.18493
3750.0 2950.0 -0.14739
3850.0 2950.0 -0.06437
3950.0 2950.0 0.06602
4050.0 2950.0 0.25642
4150.0 2950.0 0.47234
4250.0 2950.0 0.66550
4350.0 2950.0 0.79822
4450.0 2950.0 0.85692
4550.0 2950.0 0.85456
4650.0 2950.0 0.82221
4750.0 2950.0 0.77809
4850.0 2950.0 0.70583
4950.0 2950.0 0.60449
5050.0 2950.0 0.48811
5150.0 2950.0 0.37627
5250.0 2950.0 0.28638
5350.0 2950.0 0.22782
5450.0 2950.0 0.19786
5550.0 2950.0 0.18100
5650.0 2950.0 0.17211
5750.0 2950.0 0.16175
5850.0 2950.0 0.12687
5950.0 2950.0 0.05031
6050.0 2950.0 -0.06843
6150.0 2950.0 -0.21227
6250.0 2950.0 -0.35537
6350.0 2950.0 -0.48198
50.0 3050.0 0.09784
150.0 3050.0 -0.01683
250.0 3050.0 -0.13038
350.0 3050.0 -0.22946
450.0 3050.0 -0.32238
550.0 3050.0 -0.41488
650.0 3050.0 -0.49116
750.0 3050.0 -0.53356
850.0 3050.0 -0.53583
950.0 3050.0 -0.50798
1050.0 3050.0 -0.47270
1150.0 3050.0 -0.45336
1250.0 3050.0 -0.45330
1350.0 3050.0 -0.42609
1450.0 3050.0 -0.33286
1550.0 3050.0 -0.19563
1650.0 3050.0 -0.06316
1750.0 3050.0 0.01858
1850.0 3050.0 0.02482
1950.0 3050.0 -0.04116
2050.0 3050.0 -0.15222
2150.0 3050.0 -0.27401
2250.0 3050.0 -0.38179
2350.0 3050.0 -0.44309
2450.0 3050.0 -0.43168
2550.0 3050.0 -0.34611
2650.0 3050.0 -0.21428
2750.0 3050.0 -0.08413
2850.0 3050.0 -0.00022
2950.0 3050.0 0.03342
3050.0 3050.0 0.05698
3150.0 3050.0 0.06825
3250.0 3050.0 0.05240
3350.0 3050.0 0.00183
3450.0 3050.0 -0.07816
3550.0 3050.0 -0.17011
3650.0 3050.0 -0.25141
3750.0 3050.0 -0.30775
3850.0 3050.0 -0.34323
3950.0 3050.0 -0.30031
4050.0 3050.0 -0.13145
4150.0 3050.0 0.13778
4250.0 3050.0 0.44073
4350.0 3050.0 0.69996
4450.0 3050.0 0.85408
4550.0 3050.0 0.88090
4650.0 3050.0 0.81713
4750.0 3050.0 0.73455
4850.0 3050.0 0.64271
4950.0 3050.0 0.54577
5050.0 3050.0 0.45265
5150.0 3050.0 0.37086
5250.0 3050.0 0.30315
5350.0 3050.0 0.24681
5450.0 3050.0 0.19578
5550.0 3050.0 0.14414
5650.0 3050.0 0.07368
5750.0 3050.0 -0.02598
5850.0 3050.0 -0.14319
5950.0 3050.0 -0.25758
6050.0 3050.0 -0.35059
6150.0 3050.0 -0.41220
6250.0 3050.0 -0.44381
6350.0 3050.0 -0.45739
50.0 3150.0 0.16398
150.0 3150.0 0.01653
250.0 3150.0 -0.08805
350.0 3150.0 -0.13492
450.0 3150.0 -0.16213
550.0 3150.0 -0.20030
650.0 3150.0 -0.25061
750.0 3150.0 -0.30567
850.0 3150.0 -0.35591
950.0 3150.0 -0.39398
1050.0 3150.0 -0.41726
1150.0 3150.0 -0.42838
1250.0 3150.0 -0.43335
1350.0 3150.0 -0.40038
1450.0 3150.0 -0.28762
1550.0 3150.0 -0.12798
1650.0 3150.0 0.01407
1750.0 3150.0 0.08204
1850.0 3150.0 0.05030
1950.0 3150.0 -0.06950
2050.0 3150.0 -0.23856
2150.0 3150.0 -0.41205
2250.0 3150.0 -0.52698
2350.0 3150.0 -0.53686
2450.0 3150.0 -0.43980
2550.0 3150.0 -0.27350
2650.0 3150.0 -0.10175
2750.0 3150.0 0.00736
2850.0 3150.0 0.01134
2950.0 3150.0 -0.06851
3050.0 3150.0 -0.14216
3150.0 3150.0 -0.16397
3250.0 3150.0 -0.14257
3350.0 3150.0 -0.11093
3450.0 3150.0 -0.10538
3550.0 3150.0 -0.15119
3650.0 3150.0 -0.25449
3750.0 3150.0 -0.40078
3850.0 3150.0 -0.55328
3950.0 3150.0 -0.60702
4050.0 3150.0 -0.48709
4150.0 3150.0 -0.20801
4250.0 3150.0 0.15364
4350.0 3150.0 0.49181
4450.0 3150.0 0.70727
4550.0 3150.0 0.74756
4650.0 3150.0 0.65071
4750.0 3150.0 0.53256
4850.0 3150.0 0.43187
4950.0 3150.0 0.35914
5050.0 3150.0 0.31521
5150.0 3150.0 0.29035
5250.0 3150.0 0.26713
5350.0 3150.0 0.22687
5450.0 3150.0 0.15979
5550.0 3150.0 0.07449
5650.0 3150.0 -0.05118
5750.0 3150.0 -0.22414
5850.0 3150.0 -0.39953
5950.0 3150.0 -0.52438
6050.0 3150.0 -0.56708
6150.0 3150.0 -0.52963
6250.0 3150.0 -0.44275
6350.0 3150.0 -0.34384
50.0 3250.0 0.21210
150.0 3250.0 0.05450
250.0 3250.0 -0.03488
350.0 3250.0 -0.03942
450.0 3250.0 -0.01528
550.0 3250.0 -0.00742
650.0 3250.0 -0.02865
750.0 3250.0 -0.08056
850.0 3250.0 -0.15359
950.0 3250.0 -0.23001
1050.0 3250.0 -0.29006
1150.0 3250.0 -0.32122
1250.0 3250.0 -0.32973
1350.0 3250.0 -0.29290
1450.0 3250.0 -0.16721
1550.0 3250.0 0.00592
1650.0 3250.0 0.15057
1750.0 3250.0 0.20307
1850.0 3250.0 0.13816
1950.0 3250.0 -0.02542
2050.0 3250.0 -0.23991
2150.0 3250.0 -0.45367
2250.0 3250.0 -0.57684
2350.0 3250.0 -0.55345
2450.0 3250.0 -0.39977
2550.0 3250.0 -0.18190
2650.0 3250.0 0.01094
2750.0 3250.0 0.09697
2850.0 3250.0 0.03612
2950.0 3250.0 -0.13185
3050.0 3250.0 -0.27881
3150.0 3250.0 -0.31848
3250.0 3250.0 -0.25410
3350.0 3250.0 -0.14056
3450.0 3250.0 -0.05019
3550.0 3250.0 -0.04520
3650.0 3250.0 -0.15660
3750.0 3250.0 -0.36977
3850.0 3250.0 -0.61357
3950.0 3250.0 -0.75313
4050.0 3250.0 -0.69936
4150.0 3250.0 -0.45592
4250.0 3250.0 -0.09880
4350.0 3250.0 0.25442
4450.0 3250.0 0.48445
4550.0 3250.0 0.51973
4650.0 3250.0 0.39495
4750.0 3250.0 0.25111
4850.0 3250.0 0.15206
4950.0 3250.0 0.11435
5050.0 3250.0 0.13008
5150.0 3250.0 0.17176
5250.0 3250.0 0.20159
5350.0 3250.0 0.18517
5450.0 3250.0 0.10947
5550.0 3250.0 -0.00151
5650.0 3250.0 -0.16625
5750.0 3250.0 -0.38585
5850.0 3250.0 -0.59037
5950.0 3250.0 -0.70460
6050.0 3250.0 -0.69077
6150.0 3250.0 -0.56378
6250.0 3250.0 -0.37887
6350.0 3250.0 -0.19180
50.0 3350.0 0.21428
150.0 3350.0 0.06410
250.0 3350.0 -0.00997
350.0 3350.0 0.01024
450.0 3350.0 0.06310
550.0 3350.0 0.10188
650.0 3350.0 0.10955
750.0 3350.0 0.07807
850.0 3350.0 0.01330
950.0 3350.0 -0.06574
1050.0 3350.0 -0.13354
1150.0 3350.0 -0.17050
1250.0 3350.0 -0.18043
1350.0 3350.0 -0.14134
1450.0 3350.0 -0.00803
1550.0 3350.0 0.17348
1650.0 3350.0 0.32082
1750.0 3350.0 0.36617
1850.0 3350.0 0.28418
1950.0 3350.0 0.09732
2050.0 3350.0 -0.14178
2150.0 3350.0 -0.37783
2250.0 3350.0 -0.50882
2350.0 3350.0 -0.47524
2450.0 3350.0 -0.30244
2550.0 3350.0 -0.06973
2650.0 3350.0 0.12263
2750.0 3350.0 0.18778
2850.0 3350.0 0.08792
2950.0 3350.0 -0.12854
3050.0 3350.0 -0.31307
3150.0 3350.0 -0.35264
3250.0 3350.0 -0.24679
3350.0 3350.0 -0.06527
3450.0 3350.0 0.09513
3550.0 3350.0 0.14707
3650.0 3350.0 0.04260
3750.0 3350.0 -0.20361
3850.0 3350.0 -0.49803
3950.0 3350.0 -0.69634
4050.0 3350.0 -0.70926
4150.0 3350.0 -0.53203
4250.0 3350.0 -0.23135
4350.0 3350.0 0.08031
4450.0 3350.0 0.28276
4550.0 3350.0 0.29861
4650.0 3350.0 0.15609
4750.0 3350.0 -0.00027
4850.0 3350.0 -0.09133
4950.0 3350.0 -0.09631
5050.0 3350.0 -0.02998
5150.0 3350.0 0.06677
5250.0 3350.0 0.14111
5350.0 3350.0 0.14722
5450.0 3350.0 0.06997
5550.0 3350.0 -0.05475
5650.0 3350.0 -0.23851
5750.0 3350.0 -0.47725
5850.0 3350.0 -0.68773
5950.0 3350.0 -0.78447
6050.0 3350.0 -0.72883
6150.0 3350.0 -0.54495
6250.0 3350.0 -0.30258
6350.0 3350.0 -0.06674
50.0 3450.0 0.16647
150.0 3450.0 0.03155
250.0 3450.0 -0.03152
350.0 3450.0 -0.00358
450.0 3450.0 0.05735
550.0 3450.0 0.11226
650.0 3450.0 0.14633
750.0 3450.0 0.14764
850.0 3450.0 0.11565
950.0 3450.0 0.06315
1050.0 3450.0 0.01179
1150.0 3450.0 -0.01898
1250.0 3450.0 -0.02849
1350.0 3450.0 0.01203
1450.0 3450.0 0.15044
1550.0 3450.0 0.33967
1650.0 3450.0 0.49486
1750.0 3450.0 0.54565
1850.0 3450.0 0.46521
1950.0 3450.0 0.27592
2050.0 3450.0 0.03172
2150.0 3450.0 -0.21017
2250.0 3450.0 -0.34761
2350.0 3450.0 -0.32244
2450.0 3450.0 -0.16111
2550.0 3450.0 0.05702
2650.0 3450.0 0.23286
2750.0 3450.0 0.28156
2850.0 3450.0 0.16721
2950.0 3450.0 -0.06159
3050.0 3450.0 -0.25189
3150.0 3450.0 -0.27766
3250.0 3450.0 -0.13649
3350.0 3450.0 0.09418
3450.0 3450.0 0.30486
3550.0 3450.0 0.39514
3650.0 3450.0 0.30823
3750.0 3450.0 0.05880
3850.0 3450.0 -0.24894
3950.0 3450.0 -0.47669
4050.0 3450.0 -0.54470
4150.0 3450.0 -0.44295
4250.0 3450.0 -0.22455
4350.0 3450.0 0.01381
4450.0 3450.0 0.16441
4550.0 3450.0 0.15434
4650.0 3450.0 0.00432
4750.0 3450.0 -0.15355
4850.0 3450.0 -0.23544
4950.0 3450.0 -0.21860
5050.0 3450.0 -0.12159
5150.0 3450.0 0.00768
5250.0 3450.0 0.10869
5350.0 3450.0 0.12997
5450.0 3450.0 0.05558
5550.0 3450.0 -0.07227
5650.0 3450.0 -0.25917
5750.0 3450.0 -0.49849
5850.0 3450.0 -0.70400
5950.0 3450.0 -0.78894
6050.0 3450.0 -0.71605
6150.0 3450.0 -0.51316
6250.0 3450.0 -0.25429
6350.0 3450.0 -0.00617
50.0 3550.0 0.09911
150.0 3550.0 -0.01403
250.0 3550.0 -0.06472
350.0 3550.0 -0.03328
450.0 3550.0 0.02970
550.0 3550.0 0.09626
650.0 3550.0 0.15520
750.0 3550.0 0.19130
850.0 3550.0 0.19686
950.0 3550.0 0.17661
1050.0 3550.0 0.14603
1150.0 3550.0 0.12286
1250.0 3550.0 0.11270
1350.0 3550.0 0.15250
1450.0 3550.0 0.29293
1550.0 3550.0 0.48810
1650.0 3550.0 0.65296
1750.0 3550.0 0.71556
1850.0 3550.0 0.64661
1950.0 3550.0 0.46606
2050.0 3550.0 0.22700
2150.0 3550.0 -0.01186
2250.0 3550.0 -0.15139
2350.0 3550.0 -0.13668
2450.0 3550.0 0.00659
2550.0 3550.0 0.20272
2650.0 3550.0 0.35773
2750.0 3550.0 0.39153
2850.0 3550.0 0.27067
2950.0 3550.0 0.04159
3050.0 3550.0 -0.14456
3150.0 3550.0 -0.15476
3250.0 3550.0 0.01527
3350.0 3550.0 0.28423
3450.0 3550.0 0.53535
3550.0 3550.0 0.66012
3650.0 3550.0 0.59567
3750.0 3550.0 0.35595
3850.0 3550.0 0.05084
3950.0 3550.0 -0.19263
4050.0 3550.0 -0.30753
4150.0 3550.0 -0.28022
4250.0 3550.0 -0.14927
4350.0 3550.0 0.00770
4450.0 3550.0 0.10005
4550.0 3550.0 0.06320
4650.0 3550.0 -0.08957
4750.0 3550.0 -0.24433
4850.0 3550.0 -0.31734
4950.0 3550.0 -0.28507
5050.0 3550.0 -0.16841
5150.0 3550.0 -0.01914
5250.0 3550.0 0.09827
5350.0 3550.0 0.12966
5450.0 3550.0 0.05898
5550.0 3550.0 -0.06809
5650.0 3550.0 -0.25340
5750.0 3550.0 -0.48943
5850.0 3550.0 -0.69023
5950.0 3550.0 -0.76985
6050.0 3550.0 -0.69208
6150.0 3550.0 -0.48565
6250.0 3550.0 -0.22495
6350.0 3550.0 0.02369
50.0 3650.0 0.01963
150.0 3650.0 -0.03831
250.0 3650.0 -0.05448
350.0 3650.0 -0.01063
450.0 3650.0 0.05862
550.0 3650.0 0.13959
650.0 3650.0 0.22155
750.0 3650.0 0.28337
850.0 3650.0 0.31007
950.0 3650.0 0.30122
1050.0 3650.0 0.27091
1150.0 3650.0 0.23937
1250.0 3650.0 0.21712
1350.0 3650.0 0.24166
1450.0 3650.0 0.36404
1550.0 3650.0 0.54693
1650.0 3650.0 0.71392
1750.0 3650.0 0.79619
1850.0 3650.0 0.76024
1950.0 3650.0 0.61669
2050.0 3650.0 0.41021
2150.0 3650.0 0.20016
2250.0 3650.0 0.08465
2350.0 3650.0 0.11211
2450.0 3650.0 0.25328
2550.0 3650.0 0.43415
2650.0 3650.0 0.56752
2750.0 3650.0 0.58297
2850.0 3650.0 0.45502
2950.0 3650.0 0.22957
3050.0 3650.0 0.04674
3150.0 3650.0 0.03646
3250.0 3650.0 0.20823
3350.0 3650.0 0.48723
3450.0 3650.0 0.75998
3550.0 3650.0 0.91646
3650.0 3650.0 0.88835
3750.0 3650.0 0.68369
3850.0 3650.0 0.40993
3950.0 3650.0 0.17681
4050.0 3650.0 0.03359
4150.0 3650.0 -0.00548
4250.0 3650.0 0.03613
4350.0 3650.0 0.10427
4450.0 3650.0 0.13227
4550.0 3650.0 0.07001
4650.0 3650.0 -0.07610
4750.0 3650.0 -0.21850
4850.0 3650.0 -0.28097
4950.0 3650.0 -0.24181
5050.0 3650.0 -0.12264
5150.0 3650.0 0.02559
5250.0 3650.0 0.14070
5350.0 3650.0 0.17142
5450.0 3650.0 0.10351
5550.0 3650.0 -0.01874
5650.0 3650.0 -0.20125
5750.0 3650.0 -0.43899
5850.0 3650.0 -0.64637
5950.0 3650.0 -0.73599
6050.0 3650.0 -0.66893
6150.0 3650.0 -0.47083
6250.0 3650.0 -0.21392
6350.0 3650.0 0.03515
50.0 3750.0 -0.06995
150.0 3750.0 -0.04008
250.0 3750.0 0.00171
350.0 3750.0 0.06884
450.0 3750.0 0.15042
550.0 3750.0 0.24996
650.0 3750.0 0.35256
750.0 3750.0 0.42743
850.0 3750.0 0.45218
950.0 3750.0 0.42517
1050.0 3750.0 0.36588
1150.0 3750.0 0.30320
1250.0 3750.0 0.25242
1350.0 3750.0 0.24015
1450.0 3750.0 0.31324
1550.0 3750.0 0.45333
1650.0 3750.0 0.60612
1750.0 3750.0 0.71380
1850.0 3750.0 0.73733
1950.0 3750.0 0.66877
2050.0 3750.0 0.53354
2150.0 3750.0 0.38909
2250.0 3750.0 0.33390
2350.0 3750.0 0.40468
2450.0 3750.0 0.56271
2550.0 3750.0 0.73346
2650.0 3750.0 0.83997
2750.0 3750.0 0.82925
2850.0 3750.0 0.69203
2950.0 3750.0 0.47558
3050.0 3750.0 0.29433
3150.0 3750.0 0.25932
3250.0 3750.0 0.39004
3350.0 3750.0 0.63349
3450.0 3750.0 0.89574
3550.0 3750.0 1.07577
3650.0 3750.0 1.10137
3750.0 3750.0 0.96733
3850.0 3750.0 0.76625
3950.0 3750.0 0.58359
4050.0 3750.0 0.44592
4150.0 3750.0 0.36311
4250.0 3750.0 0.32544
4350.0 3750.0 0.30592
4450.0 3750.0 0.26926
4550.0 3750.0 0.18747
4650.0 3750.0 0.06212
4750.0 3750.0 -0.05454
4850.0 3750.0 -0.10348
4950.0 3750.0 -0.06842
5050.0 3750.0 0.03031
5150.0 3750.0 0.14903
5250.0 3750.0 0.23647
5350.0 3750.0 0.25190
5450.0 3750.0 0.18571
5550.0 3750.0 0.07410
5650.0 3750.0 -0.10295
5750.0 3750.0 -0.34687
5850.0 3750.0 -0.57281
5950.0 3750.0 -0.68939
6050.0 3750.0 -0.65061
6150.0 3750.0 -0.47433
6250.0 3750.0 -0.22746
6350.0 3750.0 0.02230
50.0 3850.0 -0.15782
150.0 3850.0 -0.03507
250.0 3850.0 0.07199
350.0 3850.0 0.16831
450.0 3850.0 0.26706
550.0 3850.0 0.38861
650.0 3850.0 0.51034
750.0 3850.0 0.58879
850.0 3850.0 0.59388
950.0 3850.0 0.52583
1050.0 3850.0 0.41477
1150.0 3850.0 0.30305
1250.0 3850.0 0.21071
1350.0 3850.0 0.14368
1450.0 3850.0 0.13939
1550.0 3850.0 0.20661
1650.0 3850.0 0.32482
1750.0 3850.0 0.45501
1850.0 3850.0 0.55311
1950.0 3850.0 0.58632
2050.0 3850.0 0.55204
2150.0 3850.0 0.50215
2250.0 3850.0 0.53448
2350.0 3850.0 0.66913
2450.0 3850.0 0.85353
2550.0 3850.0 1.01209
2650.0 3850.0 1.08203
2750.0 3850.0 1.03510
2850.0 3850.0 0.88518
2950.0 3850.0 0.68177
3050.0 3850.0 0.50000
3150.0 3850.0 0.41784
3250.0 3850.0 0.46827
3350.0 3850.0 0.63316
3450.0 3850.0 0.85243
3550.0 3850.0 1.04385
3650.0 3850.0 1.13356
3750.0 3850.0 1.09728
3850.0 3850.0 1.00188
3950.0 3850.0 0.90529
4050.0 3850.0 0.80979
4150.0 3850.0 0.71614
4250.0 3850.0 0.62448
4350.0 3850.0 0.53417
4450.0 3850.0 0.44398
4550.0 3850.0 0.35271
4650.0 3850.0 0.26008
4750.0 3850.0 0.17993
4850.0 3850.0 0.14772
4950.0 3850.0 0.17158
5050.0 3850.0 0.23384
5150.0 3850.0 0.30273
5250.0 3850.0 0.34425
5350.0 3850.0 0.33396
5450.0 3850.0 0.26900
5550.0 3850.0 0.17274
5650.0 3850.0 0.00458
5750.0 3850.0 -0.24546
5850.0 3850.0 -0.49372
5950.0 3850.0 -0.64392
6050.0 3850.0 -0.64098
6150.0 3850.0 -0.49256
6250.0 3850.0 -0.25837
6350.0 3850.0 -0.00729
50.0 3950.0 -0.23211
150.0 3950.0 -0.04247
250.0 3950.0 0.11737
350.0 3950.0 0.24138
450.0 3950.0 0.35901
550.0 3950.0 0.50401
650.0 3950.0 0.64484
750.0 3950.0 0.72425
850.0 3950.0 0.70423
950.0 3950.0 0.58775
1050.0 3950.0 0.41734
1150.0 3950.0 0.25045
1250.0 3950.0 0.11197
1350.0 3950.0 -0.01740
1450.0 3950.0 -0.11351
1550.0 3950.0 -0.13769
1650.0 3950.0 -0.07122
1750.0 3950.0 0.07047
1850.0 3950.0 0.24060
1950.0 3950.0 0.38057
2050.0 3950.0 0.45655
2150.0 3950.0 0.51124
2250.0 3950.0 0.63862
2350.0 3950.0 0.83944
2450.0 3950.0 1.04627
2550.0 3950.0 1.18365
2650.0 3950.0 1.20613
2750.0 3950.0 1.11426
2850.0 3950.0 0.94814
2950.0 3950.0 0.75891
3050.0 3950.0 0.57494
3150.0 3950.0 0.43380
3250.0 3950.0 0.38291
3350.0 3950.0 0.44481
3450.0 3950.0 0.60017
3550.0 3950.0 0.79103
3650.0 3950.0 0.94403
3750.0 3950.0 1.01374
3850.0 3950.0 1.03605
3950.0 3950.0 1.04325
4050.0 3950.0 1.01603
4150.0 3950.0 0.94326
4250.0 3950.0 0.82973
4350.0 3950.0 0.69595
4450.0 3950.0 0.57144
4550.0 3950.0 0.48139
4650.0 3950.0 0.42679
4750.0 3950.0 0.38719
4850.0 3950.0 0.37398
4950.0 3950.0 0.38630
5050.0 3950.0 0.40928
5150.0 3950.0 0.42415
5250.0 3950.0 0.41576
5350.0 3950.0 0.37758
5450.0 3950.0 0.31418
5550.0 3950.0 0.23505
5650.0 3950.0 0.07874
5750.0 3950.0 -0.17253
5850.0 3950.0 -0.43678
5950.0 3950.0 -0.61392
6050.0 3950.0 -0.64098
6150.0 3950.0 -0.51627
6250.0 3950.0 -0.29261
6350.0 3950.0 -0.03942
50.0 4050.0 -0.28672
150.0 4050.0 -0.07591
250.0 4050.0 0.11005
350.0 4050.0 0.25366
450.0 4050.0 0.38820
550.0 4050.0 0.55558
650.0 4050.0 0.71691
750.0 4050.0 0.80234
850.0 4050.0 0.76578
950.0 4050.0 0.61146
1050.0 4050.0 0.39189
1150.0 4050.0 0.17756
1250.0 4050.0 -0.00167
1350.0 4050.0 -0.18788
1450.0 4050.0 -0.37122
1550.0 4050.0 -0.48675
1650.0 4050.0 -0.47925
1750.0 4050.0 -0.34047
1850.0 4050.0 -0.11693
1950.0 4050.0 0.11173
2050.0 4050.0 0.28377
2150.0 4050.0 0.43069
2250.0 4050.0 0.63861
2350.0 4050.0 0.88934
2450.0 4050.0 1.10318
2550.0 4050.0 1.20727
2650.0 4050.0 1.17464
2750.0 4050.0 1.03387
2850.0 4050.0 0.84938
2950.0 4050.0 0.67220
3050.0 4050.0 0.48541
3150.0 4050.0 0.28846
3250.0 4050.0 0.14128
3350.0 4050.0 0.10345
3450.0 4050.0 0.19355
3550.0 4050.0 0.37691
3650.0 4050.0 0.58182
3750.0 4050.0 0.74417
3850.0 4050.0 0.87109
3950.0 4050.0 0.97539
4050.0 4050.0 1.02192
4150.0 4050.0 0.98792
4250.0 4050.0 0.87841
4350.0 4050.0 0.72771
4450.0 4050.0 0.58821
4550.0 4050.0 0.50647
4650.0 4050.0 0.48664
4750.0 4050.0 0.48351
4850.0 4050.0 0.48973
4950.0 4050.0 0.49683
5050.0 4050.0 0.49167
5150.0 4050.0 0.46562
5250.0 4050.0 0.41876
5350.0 4050.0 0.35937
5450.0 4050.0 0.29852
5550.0 4050.0 0.23476
5650.0 4050.0 0.09163
5750.0 4050.0 -0.15328
5850.0 4050.0 -0.41993
5950.0 4050.0 -0.60705
6050.0 4050.0 -0.64762
6150.0 4050.0 -0.53435
6250.0 4050.0 -0.31525
6350.0 4050.0 -0.05934
50.0 4150.0 -0.32342
150.0 4150.0 -0.13883
250.0 4150.0 0.04280
350.0 4150.0 0.19443
450.0 4150.0 0.34088
550.0 4150.0 0.52739
650.0 4150.0 0.71157
750.0 4150.0 0.81395
850.0 4150.0 0.78046
950.0 4150.0 0.61315
1050.0 4150.0 0.36884
1150.0 4150.0 0.12596
1250.0 4150.0 -0.08048
1350.0 4150.0 -0.30672
1450.0 4150.0 -0.55490
1550.0 4150.0 -0.74251
1650.0 4150.0 -0.78792
1750.0 4150.0 -0.66415
1850.0 4150.0 -0.41480
1950.0 4150.0 -0.13203
2050.0 4150.0 0.10336
2150.0 4150.0 0.31206
2250.0 4150.0 0.56911
2350.0 4150.0 0.84092
2450.0 4150.0 1.04078
2550.0 4150.0 1.10124
2650.0 4150.0 1.01227
2750.0 4150.0 0.82522
2850.0 4150.0 0.62244
2950.0 4150.0 0.45269
3050.0 4150.0 0.26382
3150.0 4150.0 0.02845
3250.0 4150.0 -0.18509
3350.0 4150.0 -0.29198
3450.0 4150.0 -0.24767
3550.0 4150.0 -0.07074
3650.0 4150.0 0.16845
3750.0 4150.0 0.39316
3850.0 4150.0 0.59094
3950.0 4150.0 0.76313
4050.0 4150.0 0.86527
4150.0 4150.0 0.86627
4250.0 4150.0 0.76965
4350.0 4150.0 0.61687
4450.0 4150.0 0.47392
4550.0 4150.0 0.40094
4650.0 4150.0 0.40510
4750.0 4150.0 0.42759
4850.0 4150.0 0.45161
4950.0 4150.0 0.46414
5050.0 4150.0 0.45185
5150.0 4150.0 0.41050
5250.0 4150.0 0.34789
5350.0 4150.0 0.28044
5450.0 4150.0 0.22339
5550.0 4150.0 0.17029
5650.0 4150.0 0.03944
5750.0 4150.0 -0.19183
5850.0 4150.0 -0.44535
5950.0 4150.0 -0.62181
6050.0 4150.0 -0.65514
6150.0 4150.0 -0.53756
6250.0 4150.0 -0.31559
6350.0 4150.0 -0.05676
50.0 4250.0 -0.34994
150.0 4250.0 -0.22431
250.0 4250.0 -0.07050
350.0 4250.0 0.07829
450.0 4250.0 0.23059
550.0 4250.0 0.43210
650.0 4250.0 0.64150
750.0 4250.0 0.77345
850.0 4250.0 0.76609
950.0 4250.0 0.61527
1050.0 4250.0 0.37536
1150.0 4250.0 0.12666
1250.0 4250.0 -0.09060
1350.0 4250.0 -0.33540
1450.0 4250.0 -0.61729
1550.0 4250.0 -0.84663
1650.0 4250.0 -0.92873
1750.0 4250.0 -0.82576
1850.0 4250.0 -0.57708
1950.0 4250.0 -0.27812
2050.0 4250.0 -0.01795
2150.0 4250.0 0.21584
2250.0 4250.0 0.48580
2350.0 4250.0 0.74816
2450.0 4250.0 0.91510
2550.0 4250.0 0.92672
2650.0 4250.0 0.78657
2750.0 4250.0 0.56099
2850.0 4250.0 0.34208
2950.0 4250.0 0.17439
3050.0 4250.0 -0.01482
3150.0 4250.0 -0.26406
3250.0 4250.0 -0.50135
3350.0 4250.0 -0.63190
3450.0 4250.0 -0.60142
3550.0 4250.0 -0.42286
3650.0 4250.0 -0.16675
3750.0 4250.0 0.08485
3850.0 4250.0 0.31231
3950.0 4250.0 0.51241
4050.0 4250.0 0.63649
4150.0 4250.0 0.65010
4250.0 4250.0 0.55649
4350.0 4250.0 0.40065
4450.0 4250.0 0.25468
4550.0 4250.0 0.18464
4650.0 4250.0 0.19873
4750.0 4250.0 0.23351
4850.0 4250.0 0.27236
4950.0 4250.0 0.30130
5050.0 4250.0 0.30478
5150.0 4250.0 0.27655
5250.0 4250.0 0.22351
5350.0 4250.0 0.16257
5450.0 4250.0 0.11040
5550.0 4250.0 0.06214
5650.0 4250.0 -0.05906
5750.0 4250.0 -0.27218
5850.0 4250.0 -0.50057
5950.0 4250.0 -0.64940
6050.0 4250.0 -0.65789
6150.0 4250.0 -0.52250
6250.0 4250.0 -0.29139
6350.0 4250.0 -0.02992
50.0 4350.0 -0.37426
150.0 4350.0 -0.31909
250.0 4350.0 -0.20304
350.0 4350.0 -0.06284
450.0 4350.0 0.09141
550.0 4350.0 0.30508
650.0 4350.0 0.54085
750.0 4350.0 0.71001
850.0 4350.0 0.74314
950.0 4350.0 0.62748
1050.0 4350.0 0.41062
1150.0 4350.0 0.17082
1250.0 4350.0 -0.04651
1350.0 4350.0 -0.29536
1450.0 4350.0 -0.58905
1550.0 4350.0 -0.83748
1650.0 4350.0 -0.94215
1750.0 4350.0 -0.86017
1850.0 4350.0 -0.62651
1950.0 4350.0 -0.33440
2050.0 4350.0 -0.07401
2150.0 4350.0 0.16117
2250.0 4350.0 0.42127
2350.0 4350.0 0.65597
2450.0 4350.0 0.78010
2550.0 4350.0 0.74217
2650.0 4350.0 0.55660
2750.0 4350.0 0.29918
2850.0 4350.0 0.06624
2950.0 4350.0 -0.10277
3050.0 4350.0 -0.29082
3150.0 4350.0 -0.53658
3250.0 4350.0 -0.76733
3350.0 4350.0 -0.88877
3450.0 4350.0 -0.84801
3550.0 4350.0 -0.65991
3650.0 4350.0 -0.39665
3750.0 4350.0 -0.14081
3850.0 4350.0 0.08933
3950.0 4350.0 0.28953
4050.0 4350.0 0.40910
4150.0 4350.0 0.41381
4250.0 4350.0 0.30882
4350.0 4350.0 0.14190
4450.0 4350.0 -0.01206
4550.0 4350.0 -0.08546
4650.0 4350.0 -0.07099
4750.0 4350.0 -0.03275
4850.0 4350.0 0.01848
4950.0 4350.0 0.07011
5050.0 4350.0 0.10317
5150.0 4350.0 0.10547
5250.0 4350.0 0.07766
5350.0 4350.0 0.03228
5450.0 4350.0 -0.01440
5550.0 4350.0 -0.06153
5650.0 4350.0 -0.17529
5750.0 4350.0 -0.36889
5850.0 4350.0 -0.56692
5950.0 4350.0 -0.68024
6050.0 4350.0 -0.65550
6150.0 4350.0 -0.49585
6250.0 4350.0 -0.25276
6350.0 4350.0 0.01087
50.0 4450.0 -0.39405
150.0 4450.0 -0.39351
250.0 4450.0 -0.30517
350.0 4450.0 -0.16876
450.0 4450.0 -0.01082
550.0 4450.0 0.20793
650.0 4450.0 0.45225
750.0 4450.0 0.63477
850.0 4450.0 0.68576
950.0 4450.0 0.59029
1050.0 4450.0 0.39282
1150.0 4450.0 0.16897
1250.0 4450.0 -0.03556
1350.0 4450.0 -0.27275
1450.0 4450.0 -0.55818
1550.0 4450.0 -0.80434
1650.0 4450.0 -0.91346
1750.0 4450.0 -0.84086
1850.0 4450.0 -0.61765
1950.0 4450.0 -0.33273
2050.0 4450.0 -0.07413
2150.0 4450.0 0.16025
2250.0 4450.0 0.40616
2350.0 4450.0 0.60578
2450.0 4450.0 0.67727
2550.0 4450.0 0.57936
2650.0 4450.0 0.33917
2750.0 4450.0 0.04344
2850.0 4450.0 -0.20684
2950.0 4450.0 -0.37841
3050.0 4450.0 -0.56269
3150.0 4450.0 -0.79276
3250.0 4450.0 -0.99734
3350.0 4450.0 -1.08923
3450.0 4450.0 -1.02381
3550.0 4450.0 -0.82206
3650.0 4450.0 -0.55829
3750.0 4450.0 -0.31228
3850.0 4450.0 -0.09580
3950.0 4450.0 0.08879
4050.0 4450.0 0.19050
4150.0 4450.0 0.17666
4250.0 4450.0 0.05447
4350.0 4450.0 -0.12685
4450.0 4450.0 -0.29213
4550.0 4450.0 -0.37455
4650.0 4450.0 -0.36812
4750.0 4450.0 -0.33620
4850.0 4450.0 -0.28365
4950.0 4450.0 -0.21869
5050.0 4450.0 -0.16015
5150.0 4450.0 -0.12454
5250.0 4450.0 -0.11868
5350.0 4450.0 -0.13792
5450.0 4450.0 -0.16998
5550.0 4450.0 -0.20852
5650.0 4450.0 -0.30590
5750.0 4450.0 -0.47073
5850.0 4450.0 -0.63282
5950.0 4450.0 -0.71187
6050.0 4450.0 -0.66240
6150.0 4450.0 -0.49162
6250.0 4450.0 -0.25014
6350.0 4450.0 0.00442
50.0 4550.0 -0.40485
150.0 4550.0 -0.41423
250.0 4550.0 -0.32418
350.0 4550.0 -0.17696
450.0 4550.0 -0.00912
550.0 4550.0 0.19773
650.0 4550.0 0.40490
750.0 4550.0 0.53814
850.0 4550.0 0.54602
950.0 4550.0 0.42891
1050.0 4550.0 0.23832
1150.0 4550.0 0.04659
1250.0 4550.0 -0.11306
1350.0 4550.0 -0.30121
1450.0 4550.0 -0.53472
1550.0 4550.0 -0.73501
1650.0 4550.0 -0.81332
1750.0 4550.0 -0.72823
1850.0 4550.0 -0.50643
1950.0 4550.0 -0.22707
2050.0 4550.0 0.03063
2150.0 4550.0 0.26582
2250.0 4550.0 0.49604
2350.0 4550.0 0.65364
2450.0 4550.0 0.66035
2550.0 4550.0 0.48718
2650.0 4550.0 0.17731
2750.0 4550.0 -0.16827
2850.0 4550.0 -0.44203
2950.0 4550.0 -0.61808
3050.0 4550.0 -0.79260
3150.0 4550.0 -0.98200
3250.0 4550.0 -1.12170
3350.0 4550.0 -1.14559
3450.0 4550.0 -1.03101
3550.0 4550.0 -0.81297
3650.0 4550.0 -0.56745
3750.0 4550.0 -0.36397
3850.0 4550.0 -0.19747
3950.0 4550.0 -0.06044
4050.0 4550.0 0.00135
4150.0 4550.0 -0.04107
4250.0 4550.0 -0.18065
4350.0 4550.0 -0.37268
4450.0 4550.0 -0.54941
4550.0 4550.0 -0.65088
4650.0 4550.0 -0.67211
4750.0 4550.0 -0.67089
4850.0 4550.0 -0.64792
4950.0 4550.0 -0.59973
5050.0 4550.0 -0.53457
5150.0 4550.0 -0.46690
5250.0 4550.0 -0.41199
5350.0 4550.0 -0.38064
5450.0 4550.0 -0.37388
5550.0 4550.0 -0.38223
5650.0 4550.0 -0.43832
5750.0 4550.0 -0.55024
5850.0 4550.0 -0.66390
5950.0 4550.0 -0.71593
6050.0 4550.0 -0.66894
6150.0 4550.0 -0.52606
6250.0 4550.0 -0.32480
6350.0 4550.0 -0.11006
50.0 4650.0 -0.41224
150.0 4650.0 -0.38573
250.0 4650.0 -0.26370
350.0 4650.0 -0.09048
450.0 4650.0 0.09414
550.0 4650.0 0.27398
650.0 4650.0 0.40213
750.0 4650.0 0.42904
850.0 4650.0 0.33951
950.0 4650.0 0.16541
1050.0 4650.0 -0.02567
1150.0 4650.0 -0.16590
1250.0 4650.0 -0.24676
1350.0 4650.0 -0.34865
1450.0 4650.0 -0.49190
1550.0 4650.0 -0.61370
1650.0 4650.0 -0.64085
1750.0 4650.0 -0.53693
1850.0 4650.0 -0.32021
1950.0 4650.0 -0.05211
2050.0 4650.0 0.20358
2150.0 4650.0 0.44189
2250.0 4650.0 0.66084
2350.0 4650.0 0.78352
2450.0 4650.0 0.73390
2550.0 4650.0 0.49345
2650.0 4650.0 0.11972
2750.0 4650.0 -0.27284
2850.0 4650.0 -0.56986
2950.0 4650.0 -0.75156
3050.0 4650.0 -0.91128
3150.0 4650.0 -1.03888
3250.0 4650.0 -1.08241
3350.0 4650.0 -1.01001
3450.0 4650.0 -0.83293
3550.0 4650.0 -0.60578
3650.0 4650.0 -0.40413
3750.0 4650.0 -0.27929
3850.0 4650.0 -0.20066
3950.0 4650.0 -0.14088
4050.0 4650.0 -0.13227
4150.0 4650.0 -0.19868
4250.0 4650.0 -0.33840
4350.0 4650.0 -0.52115
4450.0 4650.0 -0.69795
4550.0 4650.0 -0.82365
4650.0 4650.0 -0.89233
4750.0 4650.0 -0.94793
4850.0 4650.0 -0.98942
4950.0 4650.0 -0.99433
5050.0 4650.0 -0.94856
5150.0 4650.0 -0.85656
5250.0 4650.0 -0.74178
5350.0 4650.0 -0.63743
5450.0 4650.0 -0.56753
5550.0 4650.0 -0.52310
5650.0 4650.0 -0.51239
5750.0 4650.0 -0.54788
5850.0 4650.0 -0.60294
5950.0 4650.0 -0.63905
6050.0 4650.0 -0.62636
6150.0 4650.0 -0.55478
6250.0 4650.0 -0.43547
6350.0 4650.0 -0.29305
50.0 4750.0 -0.42522
150.0 4750.0 -0.33625
250.0 4750.0 -0.16451
350.0 4750.0 0.04384
450.0 4750.0 0.24985
550.0 4750.0 0.39691
650.0 4750.0 0.42815
750.0 4750.0 0.32500
850.0 4750.0 0.11713
950.0 4750.0 -0.12476
1050.0 4750.0 -0.31352
1150.0 4750.0 -0.38736
1250.0 4750.0 -0.36846
1350.0 4750.0 -0.36393
1450.0 4750.0 -0.40295
1550.0 4750.0 -0.44302
1650.0 4750.0 -0.42760
1750.0 4750.0 -0.32202
1850.0 4750.0 -0.12922
1950.0 4750.0 0.11473
2050.0 4750.0 0.36521
2150.0 4750.0 0.60876
2250.0 4750.0 0.82677
2350.0 4750.0 0.93699
2450.0 4750.0 0.86308
2550.0 4750.0 0.59052
2650.0 4750.0 0.18384
2750.0 4750.0 -0.23494
2850.0 4750.0 -0.54667
2950.0 4750.0 -0.73372
3050.0 4750.0 -0.87712
3150.0 4750.0 -0.93646
3250.0 4750.0 -0.87652
3350.0 4750.0 -0.70585
3450.0 4750.0 -0.47370
3550.0 4750.0 -0.25450
3650.0 4750.0 -0.11981
3750.0 4750.0 -0.09791
3850.0 4750.0 -0.12999
3950.0 4750.0 -0.16072
4050.0 4750.0 -0.20088
4150.0 4750.0 -0.26936
4250.0 4750.0 -0.37659
4350.0 4750.0 -0.51751
4450.0 4750.0 -0.67291
4550.0 4750.0 -0.81915
4650.0 4750.0 -0.94635
4750.0 4750.0 -1.07538
4850.0 4750.0 -1.20575
4950.0 4750.0 -1.29185
5050.0 4750.0 -1.28921
5150.0 4750.0 -1.18579
5250.0 4750.0 -1.01129
5350.0 4750.0 -0.82436
5450.0 4750.0 -0.67781
5550.0 4750.0 -0.56688
5650.0 4750.0 -0.47464
5750.0 4750.0 -0.42169
5850.0 4750.0 -0.41561
5950.0 4750.0 -0.44695
6050.0 4750.0 -0.49216
6150.0 4750.0 -0.52140
6250.0 4750.0 -0.51107
6350.0 4750.0 -0.46111
50.0 4850.0 -0.45052
150.0 4850.0 -0.30122
250.0 4850.0 -0.08090
350.0 4850.0 0.16231
450.0 4850.0 0.39046
550.0 4850.0 0.51022
650.0 4850.0 0.45685
750.0 4850.0 0.24127
850.0 4850.0 -0.06540
950.0 4850.0 -0.35776
1050.0 4850.0 -0.53250
1150.0 4850.0 -0.53500
1250.0 4850.0 -0.41578
1350.0 4850.0 -0.30887
1450.0 4850.0 -0.25880
1550.0 4850.0 -0.24384
1650.0 4850.0 -0.21962
1750.0 4850.0 -0.14616
1850.0 4850.0 -0.00400
1950.0 4850.0 0.20065
2050.0 4850.0 0.44183
2150.0 4850.0 0.69183
2250.0 4850.0 0.92112
2350.0 4850.0 1.04810
2450.0 4850.0 0.99308
2550.0 4850.0 0.73718
2650.0 4850.0 0.34157
2750.0 4850.0 -0.07290
2850.0 4850.0 -0.38583
2950.0 4850.0 -0.57657
3050.0 4850.0 -0.70614
3150.0 4850.0 -0.70752
3250.0 4850.0 -0.56303
3350.0 4850.0 -0.31860
3450.0 4850.0 -0.05643
3550.0 4850.0 0.13450
3650.0 4850.0 0.19016
3750.0 4850.0 0.10537
3850.0 4850.0 -0.03702
3950.0 4850.0 -0.15051
4050.0 4850.0 -0.21934
4150.0 4850.0 -0.25912
4250.0 4850.0 -0.29832
4350.0 4850.0 -0.36463
4450.0 4850.0 -0.47523
4550.0 4850.0 -0.63107
4650.0 4850.0 -0.81519
4750.0 4850.0 -1.01880
4850.0 4850.0 -1.24312
4950.0 4850.0 -1.42004
5050.0 4850.0 -1.47322
5150.0 4850.0 -1.37152
5250.0 4850.0 -1.14813
5350.0 4850.0 -0.88519
5450.0 4850.0 -0.66411
5550.0 4850.0 -0.48675
5650.0 4850.0 -0.31425
5750.0 4850.0 -0.17654
5850.0 4850.0 -0.11526
5950.0 4850.0 -0.14889
6050.0 4850.0 -0.25872
6150.0 4850.0 -0.39381
6250.0 4850.0 -0.49501
6350.0 4850.0 -0.53807
50.0 4950.0 -0.48971
150.0 4950.0 -0.31003
250.0 4950.0 -0.06067
350.0 4950.0 0.20794
450.0 4950.0 0.45473
550.0 4950.0 0.56168
650.0 4950.0 0.46099
750.0 4950.0 0.18465
850.0 4950.0 -0.16899
950.0 4950.0 -0.47367
1050.0 4950.0 -0.61865
1150.0 4950.0 -0.55686
1250.0 4950.0 -0.35744
1350.0 4950.0 -0.17469
1450.0 4950.0 -0.07338
1550.0 4950.0 -0.04891
1650.0 4950.0 -0.06074
1750.0 4950.0 -0.05571
1850.0 4950.0 0.01234
1950.0 4950.0 0.16663
2050.0 4950.0 0.39526
2150.0 4950.0 0.65147
2250.0 4950.0 0.90111
2350.0 4950.0 1.06857
2450.0 4950.0 1.06880
2550.0 4950.0 0.87157
2650.0 4950.0 0.52576
2750.0 4950.0 0.14318
2850.0 4950.0 -0.15807
2950.0 4950.0 -0.35020
3050.0 4950.0 -0.47141
3150.0 4950.0 -0.43758
3250.0 4950.0 -0.24578
3350.0 4950.0 0.03164
3450.0 4950.0 0.29163
3550.0 4950.0 0.43913
3650.0 4950.0 0.41978
3750.0 4950.0 0.24670
3850.0 4950.0 0.01743
3950.0 4950.0 -0.15327
4050.0 4950.0 -0.22341
4150.0 4950.0 -0.20773
4250.0 4950.0 -0.15526
4350.0 4950.0 -0.12763
4450.0 4950.0 -0.17787
4550.0 4950.0 -0.32964
4650.0 4950.0 -0.55712
4750.0 4950.0 -0.82050
4850.0 4950.0 -1.12239
4950.0 4950.0 -1.37730
5050.0 4950.0 -1.48266
5150.0 4950.0 -1.39058
5250.0 4950.0 -1.13528
5350.0 4950.0 -0.81628
5450.0 4950.0 -0.53750
5550.0 4950.0 -0.30757
5650.0 4950.0 -0.07155
5750.0 4950.0 0.13306
5850.0 4950.0 0.23767
5950.0 4950.0 0.20170
6050.0 4950.0 0.04015
6150.0 4950.0 -0.17919
6250.0 4950.0 -0.36897
6350.0 4950.0 -0.48579
50.0 5050.0 -0.53914
150.0 5050.0 -0.37607
250.0 5050.0 -0.12856
350.0 5050.0 0.15010
450.0 5050.0 0.40909
550.0 5050.0 0.52137
650.0 5050.0 0.42206
750.0 5050.0 0.15177
850.0 5050.0 -0.18368
950.0 5050.0 -0.45573
1050.0 5050.0 -0.55708
1150.0 5050.0 -0.44764
1250.0 5050.0 -0.20159
1350.0 5050.0 0.01755
1450.0 5050.0 0.12335
1550.0 5050.0 0.10990
1650.0 5050.0 0.02290
1750.0 5050.0 -0.06559
1850.0 5050.0 -0.08283
1950.0 5050.0 0.01839
2050.0 5050.0 0.23329
2150.0 5050.0 0.49408
2250.0 5050.0 0.76644
2350.0 5050.0 0.98352
2450.0 5050.0 1.05453
2550.0 5050.0 0.93511
2650.0 5050.0 0.65771
2750.0 5050.0 0.32110
2850.0 5050.0 0.03882
2950.0 5050.0 -0.15258
3050.0 5050.0 -0.27185
3150.0 5050.0 -0.22967
3250.0 5050.0 -0.03235
3350.0 5050.0 0.23617
3450.0 5050.0 0.46672
3550.0 5050.0 0.56668
3650.0 5050.0 0.49122
3750.0 5050.0 0.26389
3850.0 5050.0 -0.01417
3950.0 5050.0 -0.20810
4050.0 5050.0 -0.25513
4150.0 5050.0 -0.17148
4250.0 5050.0 -0.02485
4350.0 5050.0 0.09494
4450.0 5050.0 0.10670
4550.0 5050.0 -0.02976
4650.0 5050.0 -0.27994
4750.0 5050.0 -0.57760
4850.0 5050.0 -0.92502
4950.0 5050.0 -1.22695
5050.0 5050.0 -1.36554
5150.0 5050.0 -1.28264
5250.0 5050.0 -1.01225
5350.0 5050.0 -0.66325
5450.0 5050.0 -0.35228
5550.0 5050.0 -0.09239
5650.0 5050.0 0.18095
5750.0 5050.0 0.42691
5850.0 5050.0 0.56137
5950.0 5050.0 0.53022
6050.0 5050.0 0.34505
6150.0 5050.0 0.08204
6250.0 5050.0 -0.15601
6350.0 5050.0 -0.31440
50.0 5150.0 -0.59254
150.0 5150.0 -0.49001
250.0 5150.0 -0.27337
350.0 5150.0 0.00081
450.0 5150.0 0.26547
550.0 5150.0 0.39785
650.0 5150.0 0.34068
750.0 5150.0 0.13201
850.0 5150.0 -0.13220
950.0 5150.0 -0.33677
1050.0 5150.0 -0.38676
1150.0 5150.0 -0.24790
1250.0 5150.0 0.01239
1350.0 5150.0 0.23211
1450.0 5150.0 0.30484
1550.0 5150.0 0.22072
1650.0 5150.0 0.03708
1750.0 5150.0 -0.15297
1850.0 5150.0 -0.25360
1950.0 5150.0 -0.20088
2050.0 5150.0 0.00110
2150.0 5150.0 0.26435
2250.0 5150.0 0.55591
2350.0 5150.0 0.81757
2450.0 5150.0 0.95381
2550.0 5150.0 0.90747
2650.0 5150.0 0.69554
2750.0 5150.0 0.40394
2850.0 5150.0 0.14123
2950.0 5150.0 -0.04822
3050.0 5150.0 -0.17053
3150.0 5150.0 -0.14079
3250.0 5150.0 0.03100
3350.0 5150.0 0.26213
3450.0 5150.0 0.44899
3550.0 5150.0 0.50710
3650.0 5150.0 0.39929
3750.0 5150.0 0.15200
3850.0 5150.0 -0.13859
3950.0 5150.0 -0.32690
4050.0 5150.0 -0.33696
4150.0 5150.0 -0.18792
4250.0 5150.0 0.03848
4350.0 5150.0 0.23327
4450.0 5150.0 0.29755
4550.0 5150.0 0.18198
4650.0 5150.0 -0.07189
4750.0 5150.0 -0.37893
4850.0 5150.0 -0.73881
4950.0 5150.0 -1.05363
5050.0 5150.0 -1.20135
5150.0 5150.0 -1.12099
5250.0 5150.0 -0.84649
5350.0 5150.0 -0.48929
5450.0 5150.0 -0.16952
5550.0 5150.0 0.09872
5650.0 5150.0 0.38492
5750.0 5150.0 0.64954
5850.0 5150.0 0.80377
5950.0 5150.0 0.78762
6050.0 5150.0 0.60887
6150.0 5150.0 0.34336
6250.0 5150.0 0.09679
6350.0 5150.0 -0.07213
50.0 5250.0 -0.64397
150.0 5250.0 -0.61617
250.0 5250.0 -0.43999
350.0 5250.0 -0.17556
450.0 5250.0 0.09210
550.0 5250.0 0.24967
650.0 5250.0 0.24903
750.0 5250.0 0.12145
850.0 5250.0 -0.05334
950.0 5250.0 -0.17918
1050.0 5250.0 -0.17651
1150.0 5250.0 -0.01621
1250.0 5250.0 0.24539
1350.0 5250.0 0.45245
1450.0 5250.0 0.48062
1550.0 5250.0 0.31833
1650.0 5250.0 0.03580
1750.0 5250.0 -0.25359
1850.0 5250.0 -0.43353
1950.0 5250.0 -0.42677
2050.0 5250.0 -0.23874
2150.0 5250.0 0.02381
2250.0 5250.0 0.32842
2350.0 5250.0 0.62472
2450.0 5250.0 0.81423
2550.0 5250.0 0.82966
2650.0 5250.0 0.67487
2750.0 5250.0 0.42411
2850.0 5250.0 0.18060
2950.0 5250.0 -0.00518
3050.0 5250.0 -0.13035
3150.0 5250.0 -0.11715
3250.0 5250.0 0.02283
3350.0 5250.0 0.21202
3450.0 5250.0 0.35563
3550.0 5250.0 0.37850
3650.0 5250.0 0.24992
3750.0 5250.0 -0.00340
3850.0 5250.0 -0.29257
3950.0 5250.0 -0.46504
4050.0 5250.0 -0.43507
4150.0 5250.0 -0.22502
4250.0 5250.0 0.07184
4350.0 5250.0 0.33174
4450.0 5250.0 0.44278
4550.0 5250.0 0.34956
4650.0 5250.0 0.09965
4750.0 5250.0 -0.20658
4850.0 5250.0 -0.56517
4950.0 5250.0 -0.87830
5050.0 5250.0 -1.02424
5150.0 5250.0 -0.94236
5250.0 5250.0 -0.66685
5350.0 5250.0 -0.30918
5450.0 5250.0 0.01066
5550.0 5250.0 0.27894
5650.0 5250.0 0.56720
5750.0 5250.0 0.83796
5850.0 5250.0 1.00252
5950.0 5250.0 0.99939
6050.0 5250.0 0.83385
6150.0 5250.0 0.57911
6250.0 5250.0 0.33916
6350.0 5250.0 0.17320
50.0 5350.0 -0.67719
150.0 5350.0 -0.70338
250.0 5350.0 -0.55612
350.0 5350.0 -0.30000
450.0 5350.0 -0.03106
550.0 5350.0 0.15172
650.0 5350.0 0.20908
750.0 5350.0 0.16376
850.0 5350.0 0.07754
950.0 5350.0 0.02664
1050.0 5350.0 0.07559
1150.0 5350.0 0.24946
1250.0 5350.0 0.50430
1350.0 5350.0 0.69592
1450.0 5350.0 0.68970
1550.0 5350.0 0.47068
1650.0 5350.0 0.11462
1750.0 5350.0 -0.25341
1850.0 5350.0 -0.50328
1950.0 5350.0 -0.54694
2050.0 5350.0 -0.38833
2150.0 5350.0 -0.14700
2250.0 5350.0 0.13850
2350.0 5350.0 0.42486
2450.0 5350.0 0.62039
2550.0 5350.0 0.65925
2650.0 5350.0 0.53983
2750.0 5350.0 0.32578
2850.0 5350.0 0.10987
2950.0 5350.0 -0.05906
3050.0 5350.0 -0.17125
3150.0 5350.0 -0.15236
3250.0 5350.0 -0.01666
3350.0 5350.0 0.15941
3450.0 5350.0 0.28542
3550.0 5350.0 0.29240
3650.0 5350.0 0.15536
3750.0 5350.0 -0.09699
3850.0 5350.0 -0.37974
3950.0 5350.0 -0.53437
4050.0 5350.0 -0.46702
4150.0 5350.0 -0.20218
4250.0 5350.0 0.15794
4350.0 5350.0 0.47761
4450.0 5350.0 0.63414
4550.0 5350.0 0.56670
4650.0 5350.0 0.32742
4750.0 5350.0 0.02970
4850.0 5350.0 -0.31915
4950.0 5350.0 -0.62298
5050.0 5350.0 -0.76238
5150.0 5350.0 -0.67800
5250.0 5350.0 -0.40364
5350.0 5350.0 -0.04893
5450.0 5350.0 0.26829
5550.0 5350.0 0.53399
5650.0 5350.0 0.80831
5750.0 5350.0 1.04746
5850.0 5350.0 1.16986
5950.0 5350.0 1.12642
6050.0 5350.0 0.93366
6150.0 5350.0 0.67080
6250.0 5350.0 0.44089
6350.0 5350.0 0.29582
50.0 5450.0 -0.68650
150.0 5450.0 -0.72405
250.0 5450.0 -0.58210
350.0 5450.0 -0.33067
450.0 5450.0 -0.06369
550.0 5450.0 0.13961
650.0 5450.0 0.24664
750.0 5450.0 0.27016
850.0 5450.0 0.25435
950.0 5450.0 0.25776
1050.0 5450.0 0.33318
1150.0 5450.0 0.50445
1250.0 5450.0 0.73979
1350.0 5450.0 0.91382
1450.0 5450.0 0.89627
1550.0 5450.0 0.66632
1650.0 5450.0 0.29178
1750.0 5450.0 -0.10722
1850.0 5450.0 -0.40031
1950.0 5450.0 -0.49450
2050.0 5450.0 -0.38757
2150.0 5450.0 -0.19929
2250.0 5450.0 0.01867
2350.0 5450.0 0.22965
2450.0 5450.0 0.36353
2550.0 5450.0 0.37282
2650.0 5450.0 0.26092
2750.0 5450.0 0.08136
2850.0 5450.0 -0.09196
2950.0 5450.0 -0.22327
3050.0 5450.0 -0.29853
3150.0 5450.0 -0.24256
3250.0 5450.0 -0.07418
3350.0 5450.0 0.12588
3450.0 5450.0 0.26620
3550.0 5450.0 0.28080
3650.0 5450.0 0.15039
3750.0 5450.0 -0.09147
3850.0 5450.0 -0.36058
3950.0 5450.0 -0.49759
4050.0 5450.0 -0.40515
4150.0 5450.0 -0.10747
4250.0 5450.0 0.29061
4350.0 5450.0 0.64883
4450.0 5450.0 0.83957
4550.0 5450.0 0.79883
4650.0 5450.0 0.57981
4750.0 5450.0 0.30217
4850.0 5450.0 -0.02497
4950.0 5450.0 -0.30983
5050.0 5450.0 -0.43797
5150.0 5450.0 -0.35225
5250.0 5450.0 -0.08453
5350.0 5450.0 0.26071
5450.0 5450.0 0.57080
5550.0 5450.0 0.83018
5650.0 5450.0 1.06934
5750.0 5450.0 1.22794
5850.0 5450.0 1.24186
5950.0 5450.0 1.09312
6050.0 5450.0 0.82703
6150.0 5450.0 0.53888
6250.0 5450.0 0.33026
6350.0 5450.0 0.23496
50.0 5550.0 -0.68225
150.0 5550.0 -0.68189
250.0 5550.0 -0.51812
350.0 5550.0 -0.26658
450.0 5550.0 -0.00505
550.0 5550.0 0.20843
650.0 5550.0 0.34374
750.0 5550.0 0.40419
850.0 5550.0 0.42076
950.0 5550.0 0.44106
1050.0 5550.0 0.51288
1150.0 5550.0 0.66244
1250.0 5550.0 0.86719
1350.0 5550.0 1.02449
1450.0 5550.0 1.02447
1550.0 5550.0 0.83866
1650.0 5550.0 0.51287
1750.0 5550.0 0.14397
1850.0 5550.0 -0.15315
1950.0 5550.0 -0.28838
2050.0 5550.0 -0.24902
2150.0 5550.0 -0.13992
2250.0 5550.0 -0.02740
2350.0 5550.0 0.05936
2450.0 5550.0 0.08355
2550.0 5550.0 0.02844
2650.0 5550.0 -0.09077
2750.0 5550.0 -0.23192
2850.0 5550.0 -0.34768
2950.0 5550.0 -0.42382
3050.0 5550.0 -0.44342
3150.0 5550.0 -0.32895
3250.0 5550.0 -0.10580
3350.0 5550.0 0.13797
3450.0 5550.0 0.30776
3550.0 5550.0 0.34035
3650.0 5550.0 0.22373
3750.0 5550.0 -0.00138
3850.0 5550.0 -0.25123
3950.0 5550.0 -0.37523
4050.0 5550.0 -0.27919
4150.0 5550.0 0.01587
4250.0 5550.0 0.41101
4350.0 5550.0 0.77178
4450.0 5550.0 0.97430
4550.0 5550.0 0.95486
4650.0 5550.0 0.76317
4750.0 5550.0 0.51494
4850.0 5550.0 0.21803
4950.0 5550.0 -0.04243
5050.0 5550.0 -0.15889
5150.0 5550.0 -0.07642
5250.0 5550.0 0.17711
5350.0 5550.0 0.50560
5450.0 5550.0 0.80425
5550.0 5550.0 1.05445
5650.0 5550.0 1.24578
5750.0 5550.0 1.29687
5850.0 5550.0 1.16879
5950.0 5550.0 0.88623
6050.0 5550.0 0.53246
6150.0 5550.0 0.22233
6250.0 5550.0 0.05308
6350.0 5550.0 0.03308
50.0 5650.0 -0.68073
150.0 5650.0 -0.60431
250.0 5650.0 -0.39787
350.0 5650.0 -0.14191
450.0 5650.0 0.11168
550.0 5650.0 0.32268
650.0 5650.0 0.45863
750.0 5650.0 0.51581
850.0 5650.0 0.51924
950.0 5650.0 0.51467
1050.0 5650.0 0.55278
1150.0 5650.0 0.66545
1250.0 5650.0 0.83444
1350.0 5650.0 0.97884
1450.0 5650.0 1.02077
1550.0 5650.0 0.92380
1650.0 5650.0 0.70223
1750.0 5650.0 0.41636
1850.0 5650.0 0.15336
1950.0 5650.0 -0.00642
2050.0 5650.0 -0.03764
2150.0 5650.0 -0.01796
2250.0 5650.0 -0.02319
2350.0 5650.0 -0.07318
2450.0 5650.0 -0.16745
2550.0 5650.0 -0.28900
2650.0 5650.0 -0.41064
2750.0 5650.0 -0.50425
2850.0 5650.0 -0.55306
2950.0 5650.0 -0.56653
3050.0 5650.0 -0.52436
3150.0 5650.0 -0.34889
3250.0 5650.0 -0.07328
3350.0 5650.0 0.20761
3450.0 5650.0 0.39816
3550.0 5650.0 0.44092
3650.0 5650.0 0.33389
3750.0 5650.0 0.12594
3850.0 5650.0 -0.10287
3950.0 5650.0 -0.22151
4050.0 5650.0 -0.14539
4150.0 5650.0 0.11004
4250.0 5650.0 0.45954
4350.0 5650.0 0.78423
4450.0 5650.0 0.97223
4550.0 5650.0 0.96383
4650.0 5650.0 0.80109
4750.0 5650.0 0.58567
4850.0 5650.0 0.32066
4950.0 5650.0 0.08333
5050.0 5650.0 -0.02586
5150.0 5650.0 0.04675
5250.0 5650.0 0.27907
5350.0 5650.0 0.58548
5450.0 5650.0 0.87013
5550.0 5650.0 1.11034
5650.0 5650.0 1.25519
5750.0 5650.0 1.20578
5850.0 5650.0 0.95045
5950.0 5650.0 0.55592
6050.0 5650.0 0.14011
6150.0 5650.0 -0.16758
6250.0 5650.0 -0.27873
6350.0 5650.0 -0.21104
50.0 5750.0 -0.69661
150.0 5750.0 -0.53176
250.0 5750.0 -0.27608
350.0 5750.0 -0.01359
450.0 5750.0 0.23154
550.0 5750.0 0.43015
650.0 5750.0 0.54395
750.0 5750.0 0.56557
850.0 5750.0 0.52106
950.0 5750.0 0.46215
1050.0 5750.0 0.44831
1150.0 5750.0 0.51870
1250.0 5750.0 0.65452
1350.0 5750.0 0.79122
1450.0 5750.0 0.88558
1550.0 5750.0 0.89447
1650.0 5750.0 0.79932
1750.0 5750.0 0.62068
1850.0 5750.0 0.41393
1950.0 5750.0 0.24630
2050.0 5750.0 0.15508
2150.0 5750.0 0.09452
2250.0 5750.0 -0.01121
2350.0 5750.0 -0.17051
2450.0 5750.0 -0.35061
2550.0 5750.0 -0.50818
2650.0 5750.0 -0.61028
2750.0 5750.0 -0.64580
2850.0 5750.0 -0.62735
2950.0 5750.0 -0.58329
3050.0 5750.0 -0.48789
3150.0 5750.0 -0.26811
3250.0 5750.0 0.03497
3350.0 5750.0 0.32361
3450.0 5750.0 0.50660
3550.0 5750.0 0.53723
3650.0 5750.0 0.42631
3750.0 5750.0 0.23011
3850.0 5750.0 0.01969
3950.0 5750.0 -0.10117
4050.0 5750.0 -0.06117
4150.0 5750.0 0.13076
4250.0 5750.0 0.40707
4350.0 5750.0 0.66971
4450.0 5750.0 0.82357
4550.0 5750.0 0.81528
4650.0 5750.0 0.67726
4750.0 5750.0 0.49096
4850.0 5750.0 0.25222
4950.0 5750.0 0.03081
5050.0 5750.0 -0.07843
5150.0 5750.0 -0.02166
5250.0 5750.0 0.18575
5350.0 5750.0 0.46868
5450.0 5750.0 0.73951
5550.0 5750.0 0.97118
5650.0 5750.0 1.08392
5750.0 5750.0 0.97107
5850.0 5750.0 0.64401
5950.0 5750.0 0.19936
6050.0 5750.0 -0.22440
6150.0 5750.0 -0.49450
6250.0 5750.0 -0.53555
6350.0 5750.0 -0.38536
50.0 5850.0 -0.73783
150.0 5850.0 -0.50392
250.0 5850.0 -0.20990
350.0 5850.0 0.05811
450.0 5850.0 0.29650
550.0 5850.0 0.47977
650.0 5850.0 0.56309
750.0 5850.0 0.53832
850.0 5850.0 0.43653
950.0 5850.0 0.31867
1050.0 5850.0 0.25444
1150.0 5850.0 0.28948
1250.0 5850.0 0.40163
1350.0 5850.0 0.53507
1450.0 5850.0 0.67367
1550.0 5850.0 0.76983
1650.0 5850.0 0.77982
1750.0 5850.0 0.69294
1850.0 5850.0 0.53885
1950.0 5850.0 0.37338
2050.0 5850.0 0.24244
2150.0 5850.0 0.12705
2250.0 5850.0 -0.03854
2350.0 5850.0 -0.24978
2450.0 5850.0 -0.45387
2550.0 5850.0 -0.59611
2650.0 5850.0 -0.64813
2750.0 5850.0 -0.61789
2850.0 5850.0 -0.54137
2950.0 5850.0 -0.45588
3050.0 5850.0 -0.32733
3150.0 5850.0 -0.09288
3250.0 5850.0 0.19962
3350.0 5850.0 0.45525
3450.0 5850.0 0.59381
3550.0 5850.0 0.58429
3650.0 5850.0 0.45200
3750.0 5850.0 0.25836
3850.0 5850.0 0.06024
3950.0 5850.0 -0.06722
4050.0 5850.0 -0.06531
4150.0 5850.0 0.06268
4250.0 5850.0 0.26525
4350.0 5850.0 0.46369
4450.0 5850.0 0.57879
4550.0 5850.0 0.56355
4650.0 5850.0 0.44167
4750.0 5850.0 0.27505
4850.0 5850.0 0.05172
4950.0 5850.0 -0.16413
5050.0 5850.0 -0.28076
5150.0 5850.0 -0.24265
5250.0 5850.0 -0.05891
5350.0 5850.0 0.20380
5450.0 5850.0 0.46371
5550.0 5850.0 0.69008
5650.0 5850.0 0.79257
5750.0 5850.0 0.66903
5850.0 5850.0 0.34487
5950.0 5850.0 -0.07230
6050.0 5850.0 -0.44288
6150.0 5850.0 -0.64370
6250.0 5850.0 -0.61456
6350.0 5850.0 -0.40307
50.0 5950.0 -0.80310
150.0 5950.0 -0.54275
250.0 5950.0 -0.23400
350.0 5950.0 0.03590
450.0 5950.0 0.27079
550.0 5950.0 0.44334
650.0 5950.0 0.50439
750.0 5950.0 0.44646
850.0 5950.0 0.30534
950.0 5950.0 0.14901
1050.0 5950.0 0.05412
1150.0 5950.0 0.06997
1250.0 5950.0 0.17124
1350.0 5950.0 0.30362
1450.0 5950.0 0.46340
1550.0 5950.0 0.60106
1650.0 5950.0 0.66120
1750.0 5950.0 0.61847
1850.0 5950.0 0.49043
1950.0 5950.0 0.32736
2050.0 5950.0 0.17908
2150.0 5950.0 0.04077
2250.0 5950.0 -0.13604
2350.0 5950.0 -0.33348
2450.0 5950.0 -0.49355
2550.0 5950.0 -0.56716
2650.0 5950.0 -0.54107
2750.0 5950.0 -0.44277
2850.0 5950.0 -0.32319
2950.0 5950.0 -0.21712
3050.0 5950.0 -0.07944
3150.0 5950.0 0.13809
3250.0 5950.0 0.38283
3350.0 5950.0 0.56807
3450.0 5950.0 0.63007
3550.0 5950.0 0.55670
3650.0 5950.0 0.38782
3750.0 5950.0 0.18718
3850.0 5950.0 -0.00591
3950.0 5950.0 -0.13979
4050.0 5950.0 -0.16376
4150.0 5950.0 -0.07789
4250.0 5950.0 0.07611
4350.0 5950.0 0.23147
4450.0 5950.0 0.31895
4550.0 5950.0 0.29576
4650.0 5950.0 0.18035
4750.0 5950.0 0.02179
4850.0 5950.0 -0.19814
4950.0 5950.0 -0.41818
5050.0 5950.0 -0.54695
5150.0 5950.0 -0.52639
5250.0 5950.0 -0.36085
5350.0 5950.0 -0.11184
5450.0 5950.0 0.14166
5550.0 5950.0 0.36648
5650.0 5950.0 0.48006
5750.0 5950.0 0.39509
5850.0 5950.0 0.14066
5950.0 5950.0 -0.18351
6050.0 5950.0 -0.45437
6150.0 5950.0 -0.56848
6250.0 5950.0 -0.48036
6350.0 5950.0 -0.23652
50.0 6050.0 -0.88178
150.0 6050.0 -0.63245
250.0 6050.0 -0.32963
350.0 6050.0 -0.06137
450.0 6050.0 0.17272
550.0 6050.0 0.34124
650.0 6050.0 0.39351
750.0 6050.0 0.32283
850.0 6050.0 0.16728
950.0 6050.0 -0.00228
1050.0 6050.0 -0.10671
1150.0 6050.0 -0.09565
1250.0 6050.0 0.00396
1350.0 6050.0 0.13537
1450.0 6050.0 0.29489
1550.0 6050.0 0.43267
1650.0 6050.0 0.49271
1750.0 6050.0 0.44916
1850.0 6050.0 0.31937
1950.0 6050.0 0.15377
2050.0 6050.0 0.00255
2150.0 6050.0 -0.13629
2250.0 6050.0 -0.29129
2350.0 6050.0 -0.43156
2450.0 6050.0 -0.50409
2550.0 6050.0 -0.47646
2650.0 6050.0 -0.35697
2750.0 6050.0 -0.19211
2850.0 6050.0 -0.04141
2950.0 6050.0 0.07040
3050.0 6050.0 0.20086
3150.0 6050.0 0.38172
3250.0 6050.0 0.55706
3350.0 6050.0 0.65149
3450.0 6050.0 0.62031
3550.0 6050.0 0.47131
3650.0 6050.0 0.25803
3750.0 6050.0 0.04457
3850.0 6050.0 -0.14836
3950.0 6050.0 -0.28614
4050.0 6050.0 -0.32135
4150.0 6050.0 -0.25301
4250.0 6050.0 -0.11924
4350.0 6050.0 0.01768
4450.0 6050.0 0.09240
4550.0 6050.0 0.06387
4650.0 6050.0 -0.05134
4750.0 6050.0 -0.20986
4850.0 6050.0 -0.43408
4950.0 6050.0 -0.66377
5050.0 6050.0 -0.80620
5150.0 6050.0 -0.80048
5250.0 6050.0 -0.64773
5350.0 6050.0 -0.40688
5450.0 6050.0 -0.15634
5550.0 6050.0 0.06944
5650.0 6050.0 0.20652
5750.0 6050.0 0.18757
5850.0 6050.0 0.03848
5950.0 6050.0 -0.16004
6050.0 6050.0 -0.31111
6150.0 6050.0 -0.33556
6250.0 6050.0 -0.20100
6350.0 6050.0 0.05394
50.0 6150.0 -0.91636
150.0 6150.0 -0.69035
250.0 6150.0 -0.40447
350.0 6150.0 -0.14458
450.0 6150.0 0.08424
550.0 6150.0 0.24682
650.0 6150.0 0.29151
750.0 6150.0 0.21111
850.0 6150.0 0.04393
950.0 6150.0 -0.13816
1050.0 6150.0 -0.25463
1150.0 6150.0 -0.25400
1250.0 6150.0 -0.16342
1350.0 6150.0 -0.04315
1450.0 6150.0 0.10110
1550.0 6150.0 0.22272
1650.0 6150.0 0.27046
1750.0 6150.0 0.22162
1850.0 6150.0 0.09382
1950.0 6150.0 -0.06504
2050.0 6150.0 -0.20824
2150.0 6150.0 -0.33670
2250.0 6150.0 -0.45857
2350.0 6150.0 -0.53227
2450.0 6150.0 -0.51292
2550.0 6150.0 -0.38634
2650.0 6150.0 -0.18124
2750.0 6150.0 0.04031
2850.0 6150.0 0.21413
2950.0 6150.0 0.32681
3050.0 6150.0 0.44405
3150.0 6150.0 0.57830
3250.0 6150.0 0.67276
3350.0 6150.0 0.66741
3450.0 6150.0 0.53969
3550.0 6150.0 0.31804
3650.0 6150.0 0.06800
3750.0 6150.0 -0.14890
3850.0 6150.0 -0.33233
3950.0 6150.0 -0.46542
4050.0 6150.0 -0.50496
4150.0 6150.0 -0.44926
4250.0 6150.0 -0.33254
4350.0 6150.0 -0.21158
4450.0 6150.0 -0.14651
4550.0 6150.0 -0.17562
4650.0 6150.0 -0.28425
4750.0 6150.0 -0.43606
4850.0 6150.0 -0.65918
4950.0 6150.0 -0.89658
5050.0 6150.0 -1.05566
5150.0 6150.0 -1.07241
5250.0 6150.0 -0.94242
5350.0 6150.0 -0.71883
5450.0 6150.0 -0.47710
5550.0 6150.0 -0.25356
5650.0 6150.0 -0.08953
5750.0 6150.0 -0.02801
5850.0 6150.0 -0.04923
5950.0 6150.0 -0.09803
6050.0 6150.0 -0.11061
6150.0 6150.0 -0.03689
6250.0 6150.0 0.14140
6350.0 6150.0 0.39695
50.0 6250.0 -0.80747
150.0 6250.0 -0.62515
250.0 6250.0 -0.38095
350.0 6250.0 -0.14921
450.0 6250.0 0.05893
550.0 6250.0 0.20727
650.0 6250.0 0.24415
750.0 6250.0 0.15737
850.0 6250.0 -0.02056
950.0 6250.0 -0.22166
1050.0 6250.0 -0.36602
1150.0 6250.0 -0.39972
1250.0 6250.0 -0.34609
1350.0 6250.0 -0.26904
1450.0 6250.0 -0.17617
1550.0 6250.0 -0.09989
1650.0 6250.0 -0.07553
1750.0 6250.0 -0.11833
1850.0 6250.0 -0.21551
1950.0 6250.0 -0.33341
2050.0 6250.0 -0.43960
2150.0 6250.0 -0.53327
2250.0 6250.0 -0.60333
2350.0 6250.0 -0.60577
2450.0 6250.0 -0.50872
2550.0 6250.0 -0.31455
2650.0 6250.0 -0.06395
2750.0 6250.0 0.17778
2850.0 6250.0 0.35216
2950.0 6250.0 0.45671
3050.0 6250.0 0.55013
3150.0 6250.0 0.61945
3250.0 6250.0 0.61424
3350.0 6250.0 0.50014
3450.0 6250.0 0.28333
3550.0 6250.0 0.01259
3650.0 6250.0 -0.24104
3750.0 6250.0 -0.42702
3850.0 6250.0 -0.56878
3950.0 6250.0 -0.67188
4050.0 6250.0 -0.70312
4150.0 6250.0 -0.66014
4250.0 6250.0 -0.56838
4350.0 6250.0 -0.47143
4450.0 6250.0 -0.41624
4550.0 6250.0 -0.43336
4650.0 6250.0 -0.51220
4750.0 6250.0 -0.63187
4850.0 6250.0 -0.83118
4950.0 6250.0 -1.06413
5050.0 6250.0 -1.24429
5150.0 6250.0 -1.30445
5250.0 6250.0 -1.22787
5350.0 6250.0 -1.05100
5450.0 6250.0 -0.83768
5550.0 6250.0 -0.62806
5650.0 6250.0 -0.43621
5750.0 6250.0 -0.27292
5850.0 6250.0 -0.12999
5950.0 6250.0 0.01001
6050.0 6250.0 0.16500
6150.0 6250.0 0.34706
6250.0 6250.0 0.55833
6350.0 6250.0 0.78935
50.0 6350.0 -0.54610
150.0 6350.0 -0.43045
250.0 6350.0 -0.25558
350.0 6350.0 -0.07395
450.0 6350.0 0.09685
550.0 6350.0 0.22527
650.0 6350.0 0.26195
750.0 6350.0 0.18382
850.0 6350.0 0.00861
950.0 6350.0 -0.20761
1050.0 6350.0 -0.39000
1150.0 6350.0 -0.48146
1250.0 6350.0 -0.49539
1350.0 6350.0 -0.49677
1450.0 6350.0 -0.49382
1550.0 6350.0 -0.49271
1650.0 6350.0 -0.50077
1750.0 6350.0 -0.52175
1850.0 6350.0 -0.55401
1950.0 6350.0 -0.59159
2050.0 6350.0 -0.62820
2150.0 6350.0 -0.66052
2250.0 6350.0 -0.66280
2350.0 6350.0 -0.60012
2450.0 6350.0 -0.45792
2550.0 6350.0 -0.24991
2650.0 6350.0 -0.01538
2750.0 6350.0 0.19416
2850.0 6350.0 0.33884
2950.0 6350.0 0.42463
3050.0 6350.0 0.48475
3150.0 6350.0 0.47824
3250.0 6350.0 0.36972
3350.0 6350.0 0.15919
3450.0 6350.0 -0.11577
3550.0 6350.0 -0.39110
3650.0 6350.0 -0.60074
3750.0 6350.0 -0.71445
3850.0 6350.0 -0.77886
3950.0 6350.0 -0.82481
4050.0 6350.0 -0.83609
4150.0 6350.0 -0.80941
4250.0 6350.0 -0.75547
4350.0 6350.0 -0.69522
4450.0 6350.0 -0.65283
4550.0 6350.0 -0.64529
4650.0 6350.0 -0.66880
4750.0 6350.0 -0.72734
4850.0 6350.0 -0.87397
4950.0 6350.0 -1.08191
5050.0 6350.0 -1.27863
5150.0 6350.0 -1.39566
5250.0 6350.0 -1.39837
5350.0 6350.0 -1.29590
5450.0 6350.0 -1.13111
5550.0 6350.0 -0.94881
5650.0 6350.0 -0.73785
5750.0 6350.0 -0.47587
5850.0 6350.0 -0.17074
5950.0 6350.0 0.15164
6050.0 6350.0 0.45962
6150.0 6350.0 0.72690
6250.0 6350.0 0.94221
6350.0 6350.0 1.11777
