50.0 50.0 -0.30490
150.0 50.0 -0.29564
250.0 50.0 -0.33753
350.0 50.0 -0.43838
450.0 50.0 -0.57639
550.0 50.0 -0.71636
650.0 50.0 -0.82231
750.0 50.0 -0.86645
850.0 50.0 -0.83465
950.0 50.0 -0.72832
1050.0 50.0 -0.56265
1150.0 50.0 -0.36131
1250.0 50.0 -0.14757
1350.0 50.0 0.06570
1450.0 50.0 0.26013
1550.0 50.0 0.40089
1650.0 50.0 0.45308
1750.0 50.0 0.39514
1850.0 50.0 0.22668
1950.0 50.0 -0.02943
2050.0 50.0 -0.33052
2150.0 50.0 -0.62327
2250.0 50.0 -0.85852
2350.0 50.0 -1.01168
2450.0 50.0 -1.10758
2550.0 50.0 -1.15248
2650.0 50.0 -1.07360
2750.0 50.0 -0.84886
2850.0 50.0 -0.50255
2950.0 50.0 -0.08733
3050.0 50.0 0.33158
3150.0 50.0 0.68988
3250.0 50.0 0.93559
3350.0 50.0 1.03814
3450.0 50.0 0.99527
3550.0 50.0 0.83772
3650.0 50.0 0.62886
3750.0 50.0 0.39071
3850.0 50.0 0.10959
3950.0 50.0 -0.18943
4050.0 50.0 -0.46271
4150.0 50.0 -0.66759
4250.0 50.0 -0.77571
4350.0 50.0 -0.78032
4450.0 50.0 -0.69733
4550.0 50.0 -0.56037
4650.0 50.0 -0.40965
4750.0 50.0 -0.27467
4850.0 50.0 -0.15534
4950.0 50.0 -0.06246
5050.0 50.0 -0.01323
5150.0 50.0 -0.00038
5250.0 50.0 -0.00280
5350.0 50.0 0.00502
5450.0 50.0 0.04587
5550.0 50.0 0.13490
5650.0 50.0 0.27721
5750.0 50.0 0.46756
5850.0 50.0 0.69253
5950.0 50.0 0.93494
6050.0 50.0 1.18236
6150.0 50.0 1.43232
6250.0 50.0 1.65623
6350.0 50.0 1.80748
50.0 150.0 -0.33568
150.0 150.0 -0.34454
250.0 150.0 -0.41171
350.0 150.0 -0.54344
450.0 150.0 -0.71129
550.0 150.0 -0.87222
650.0 150.0 -0.98399
750.0 150.0 -1.01589
850.0 150.0 -0.95492
950.0 150.0 -0.80718
1050.0 150.0 -0.59468
1150.0 150.0 -0.34755
1250.0 150.0 -0.09147
1350.0 150.0 0.16566
1450.0 150.0 0.41012
1550.0 150.0 0.60486
1650.0 150.0 0.70906
1750.0 150.0 0.69469
1850.0 150.0 0.55648
1950.0 150.0 0.31539
2050.0 150.0 0.01558
2150.0 150.0 -0.28530
2250.0 150.0 -0.53221
2350.0 150.0 -0.69549
2450.0 150.0 -0.79876
2550.0 150.0 -0.85328
2650.0 150.0 -0.79217
2750.0 150.0 -0.59671
2850.0 150.0 -0.29184
2950.0 150.0 0.07154
3050.0 150.0 0.43195
3150.0 150.0 0.73018
3250.0 150.0 0.91976
3350.0 150.0 0.97499
3450.0 150.0 0.89651
3550.0 150.0 0.71450
3650.0 150.0 0.48661
3750.0 150.0 0.22669
3850.0 150.0 -0.08054
3950.0 150.0 -0.40584
4050.0 150.0 -0.69935
4150.0 150.0 -0.91275
4250.0 150.0 -1.01449
4350.0 150.0 -0.99787
4450.0 150.0 -0.88219
4550.0 150.0 -0.70677
4650.0 150.0 -0.51801
4750.0 150.0 -0.34936
4850.0 150.0 -0.19982
4950.0 150.0 -0.08610
5050.0 150.0 -0.03511
5150.0 150.0 -0.04294
5250.0 150.0 -0.08636
5350.0 150.0 -0.13364
5450.0 150.0 -0.15316
5550.0 150.0 -0.11989
5650.0 150.0 -0.01962
5750.0 150.0 0.14899
5850.0 150.0 0.37451
5950.0 150.0 0.63506
6050.0 150.0 0.90726
6150.0 150.0 1.18972
6250.0 150.0 1.45708
6350.0 150.0 1.65999
50.0 250.0 -0.27770
150.0 250.0 -0.29774
250.0 250.0 -0.38179
350.0 250.0 -0.53587
450.0 250.0 -0.72755
550.0 250.0 -0.90862
650.0 250.0 -1.03229
750.0 250.0 -1.06519
850.0 250.0 -0.99402
950.0 250.0 -0.82697
1050.0 250.0 -0.58980
1150.0 250.0 -0.31657
1250.0 250.0 -0.03521
1350.0 250.0 0.24914
1450.0 250.0 0.52767
1550.0 250.0 0.76317
1650.0 250.0 0.91112
1750.0 250.0 0.93854
1850.0 250.0 0.83558
1950.0 250.0 0.62017
2050.0 250.0 0.33549
2150.0 250.0 0.04041
2250.0 250.0 -0.20721
2350.0 250.0 -0.37421
2450.0 250.0 -0.48175
2550.0 250.0 -0.54475
2650.0 250.0 -0.50470
2750.0 250.0 -0.34699
2850.0 250.0 -0.09633
2950.0 250.0 0.20009
3050.0 250.0 0.48686
3150.0 250.0 0.71214
3250.0 250.0 0.83679
3350.0 250.0 0.84103
3450.0 250.0 0.72845
3550.0 250.0 0.52753
3650.0 250.0 0.28808
3750.0 250.0 0.01776
3850.0 250.0 -0.29633
3950.0 250.0 -0.62123
4050.0 250.0 -0.90408
4150.0 250.0 -1.09530
4250.0 250.0 -1.16437
4350.0 250.0 -1.10787
4450.0 250.0 -0.95005
4550.0 250.0 -0.73574
4650.0 250.0 -0.51569
4750.0 250.0 -0.32438
4850.0 250.0 -0.15685
4950.0 250.0 -0.03414
5050.0 250.0 0.00769
5150.0 250.0 -0.03035
5250.0 250.0 -0.12275
5350.0 250.0 -0.23169
5450.0 250.0 -0.31710
5550.0 250.0 -0.34472
5650.0 250.0 -0.29191
5750.0 250.0 -0.15145
5850.0 250.0 0.06680
5950.0 250.0 0.33642
6050.0 250.0 0.62373
6150.0 250.0 0.92811
6250.0 250.0 1.22774
6350.0 250.0 1.47194
50.0 350.0 -0.13853
150.0 350.0 -0.16338
250.0 350.0 -0.25682
350.0 350.0 -0.42588
450.0 350.0 -0.63665
550.0 350.0 -0.83812
650.0 350.0 -0.98045
750.0 350.0 -1.02765
850.0 350.0 -0.96479
950.0 350.0 -0.79961
1050.0 350.0 -0.55863
1150.0 350.0 -0.27765
1250.0 350.0 0.01321
1350.0 350.0 0.30910
1450.0 350.0 0.60549
1550.0 350.0 0.86638
1650.0 350.0 1.04572
1750.0 350.0 1.10737
1850.0 350.0 1.03781
1950.0 350.0 0.85158
2050.0 350.0 0.58937
2150.0 350.0 0.30886
2250.0 350.0 0.06825
2350.0 350.0 -0.09747
2450.0 350.0 -0.20648
2550.0 350.0 -0.27608
2650.0 350.0 -0.25699
2750.0 350.0 -0.13875
2850.0 350.0 0.05481
2950.0 350.0 0.28114
3050.0 350.0 0.49195
3150.0 350.0 0.64354
3250.0 350.0 0.70460
3350.0 350.0 0.66130
3450.0 350.0 0.51985
3550.0 350.0 0.30641
3650.0 350.0 0.06234
3750.0 350.0 -0.20819
3850.0 350.0 -0.51239
3950.0 350.0 -0.81413
4050.0 350.0 -1.06042
4150.0 350.0 -1.20425
4250.0 350.0 -1.21968
4350.0 350.0 -1.10918
4450.0 350.0 -0.90308
4550.0 350.0 -0.65126
4650.0 350.0 -0.40710
4750.0 350.0 -0.20356
4850.0 350.0 -0.02927
4950.0 350.0 0.09228
5050.0 350.0 0.11720
5150.0 350.0 0.04416
5250.0 350.0 -0.09912
5350.0 350.0 -0.26934
5450.0 350.0 -0.41909
5550.0 350.0 -0.50616
5650.0 350.0 -0.50083
5750.0 350.0 -0.39105
5850.0 350.0 -0.18555
5950.0 350.0 0.08517
6050.0 350.0 0.37857
6150.0 350.0 0.69398
6250.0 350.0 1.01265
6350.0 350.0 1.28371
50.0 450.0 0.04638
150.0 450.0 0.02034
250.0 450.0 -0.07829
350.0 450.0 -0.25832
450.0 450.0 -0.48576
550.0 450.0 -0.70818
650.0 450.0 -0.87344
750.0 450.0 -0.94297
850.0 450.0 -0.89935
950.0 450.0 -0.74842
1050.0 450.0 -0.51575
1150.0 450.0 -0.23760
1250.0 450.0 0.05373
1350.0 450.0 0.35205
1450.0 450.0 0.65635
1550.0 450.0 0.93253
1650.0 450.0 1.13419
1750.0 450.0 1.22325
1850.0 450.0 1.18329
1950.0 450.0 1.02558
2050.0 450.0 0.78773
2150.0 450.0 0.52511
2250.0 450.0 0.29493
2350.0 450.0 0.13296
2450.0 450.0 0.02405
2550.0 450.0 -0.05076
2650.0 450.0 -0.05123
2750.0 450.0 0.02914
2850.0 450.0 0.16770
2950.0 450.0 0.32677
3050.0 450.0 0.46522
3150.0 450.0 0.54745
3250.0 450.0 0.54968
3350.0 450.0 0.46372
3450.0 450.0 0.29803
3550.0 450.0 0.07628
3650.0 450.0 -0.16841
3750.0 450.0 -0.43345
3850.0 450.0 -0.71861
3950.0 450.0 -0.98496
4050.0 450.0 -1.18100
4150.0 450.0 -1.26435
4250.0 450.0 -1.21559
4350.0 450.0 -1.04436
4450.0 450.0 -0.78756
4550.0 450.0 -0.49984
4650.0 450.0 -0.23611
4750.0 450.0 -0.02643
4850.0 450.0 0.14822
4950.0 450.0 0.26314
5050.0 450.0 0.26767
5150.0 450.0 0.15857
5250.0 450.0 -0.03433
5350.0 450.0 -0.26290
5450.0 450.0 -0.47323
5550.0 450.0 -0.61628
5650.0 450.0 -0.65630
5750.0 450.0 -0.57718
5850.0 450.0 -0.38683
5950.0 450.0 -0.11936
6050.0 450.0 0.17495
6150.0 450.0 0.49470
6250.0 450.0 0.82361
6350.0 450.0 1.11125
50.0 550.0 0.21157
150.0 550.0 0.18504
250.0 550.0 0.08374
350.0 550.0 -0.10261
450.0 550.0 -0.34064
550.0 550.0 -0.57766
650.0 550.0 -0.76052
750.0 550.0 -0.84902
850.0 550.0 -0.82384
950.0 550.0 -0.68893
1050.0 550.0 -0.46851
1150.0 550.0 -0.19850
1250.0 550.0 0.08745
1350.0 550.0 0.38226
1450.0 550.0 0.68863
1550.0 550.0 0.97496
1650.0 550.0 1.19520
1750.0 550.0 1.30985
1850.0 550.0 1.29976
1950.0 550.0 1.17261
2050.0 550.0 0.96225
2150.0 550.0 0.72080
2250.0 550.0 0.50354
2350.0 550.0 0.34652
2450.0 550.0 0.23798
2550.0 550.0 0.15803
2650.0 550.0 0.13783
2750.0 550.0 0.18020
2850.0 550.0 0.26398
2950.0 550.0 0.35666
3050.0 550.0 0.42449
3150.0 550.0 0.43990
3250.0 550.0 0.38648
3350.0 550.0 0.26134
3450.0 550.0 0.07486
3550.0 550.0 -0.15206
3650.0 550.0 -0.39441
3750.0 550.0 -0.65036
3850.0 550.0 -0.91172
3950.0 550.0 -1.13732
4050.0 550.0 -1.27818
4150.0 550.0 -1.29753
4250.0 550.0 -1.18321
4350.0 550.0 -0.95227
4450.0 550.0 -0.64793
4550.0 550.0 -0.32883
4650.0 550.0 -0.05059
4750.0 550.0 0.16038
4850.0 550.0 0.33080
4950.0 550.0 0.43505
5050.0 550.0 0.41645
5150.0 550.0 0.27043
5250.0 550.0 0.02911
5350.0 550.0 -0.25467
5450.0 550.0 -0.52109
5550.0 550.0 -0.71510
5650.0 550.0 -0.79586
5750.0 550.0 -0.74416
5850.0 550.0 -0.56760
5950.0 550.0 -0.30373
6050.0 550.0 -0.00954
6150.0 550.0 0.31310
6250.0 550.0 0.65027
6350.0 550.0 0.95220
50.0 650.0 0.29984
150.0 650.0 0.27380
250.0 650.0 0.17628
350.0 650.0 -0.00318
450.0 650.0 -0.23351
550.0 650.0 -0.46501
650.0 650.0 -0.64716
750.0 650.0 -0.74130
850.0 650.0 -0.72823
950.0 650.0 -0.61067
1050.0 650.0 -0.41067
1150.0 650.0 -0.16186
1250.0 650.0 0.10341
1350.0 650.0 0.37910
1450.0 650.0 0.67246
1550.0 650.0 0.95596
1650.0 650.0 1.18573
1750.0 650.0 1.32210
1850.0 650.0 1.34340
1950.0 650.0 1.25287
2050.0 650.0 1.07867
2150.0 650.0 0.86718
2250.0 650.0 0.66932
2350.0 650.0 0.52012
2450.0 650.0 0.41222
2550.0 650.0 0.32688
2650.0 650.0 0.28651
2750.0 650.0 0.29088
2850.0 650.0 0.32127
2950.0 650.0 0.35111
3050.0 650.0 0.35434
3150.0 650.0 0.31125
3250.0 650.0 0.21208
3350.0 650.0 0.05817
3450.0 650.0 -0.13926
3550.0 650.0 -0.36268
3650.0 650.0 -0.59477
3750.0 650.0 -0.83251
3850.0 650.0 -1.05928
3950.0 650.0 -1.23332
4050.0 650.0 -1.31071
4150.0 650.0 -1.26260
4250.0 650.0 -1.08533
4350.0 650.0 -0.80330
4450.0 650.0 -0.46466
4550.0 650.0 -0.12973
4650.0 650.0 0.14775
4750.0 650.0 0.34655
4850.0 650.0 0.50056
4950.0 650.0 0.58352
5050.0 650.0 0.53499
5150.0 650.0 0.35074
5250.0 650.0 0.06588
5350.0 650.0 -0.26250
5450.0 650.0 -0.57029
5550.0 650.0 -0.79888
5650.0 650.0 -0.90527
5750.0 650.0 -0.86981
5850.0 650.0 -0.70144
5950.0 650.0 -0.44065
6050.0 650.0 -0.14793
6150.0 650.0 0.17522
6250.0 650.0 0.51705
6350.0 650.0 0.82910
50.0 750.0 0.29063
150.0 750.0 0.26634
250.0 750.0 0.18092
350.0 750.0 0.02541
450.0 750.0 -0.17363
550.0 750.0 -0.37373
650.0 750.0 -0.53169
750.0 750.0 -0.61444
850.0 750.0 -0.60554
950.0 750.0 -0.50731
1050.0 750.0 -0.33856
1150.0 750.0 -0.12803
1250.0 750.0 0.09661
1350.0 750.0 0.33273
1450.0 750.0 0.59285
1550.0 750.0 0.85549
1650.0 750.0 1.08128
1750.0 750.0 1.23217
1850.0 750.0 1.28456
1950.0 750.0 1.23630
2050.0 750.0 1.10764
2150.0 750.0 0.93609
2250.0 750.0 0.76521
2350.0 750.0 0.62724
2450.0 750.0 0.52032
2550.0 750.0 0.42971
2650.0 750.0 0.37008
2750.0 750.0 0.33939
2850.0 750.0 0.32248
2950.0 750.0 0.29934
3050.0 750.0 0.25146
3150.0 750.0 0.16610
3250.0 750.0 0.03861
3350.0 750.0 -0.12722
3450.0 750.0 -0.32090
3550.0 750.0 -0.52891
3650.0 750.0 -0.74039
3750.0 750.0 -0.94868
3850.0 750.0 -1.12881
3950.0 750.0 -1.24097
4050.0 750.0 -1.24939
4150.0 750.0 -1.13561
4250.0 750.0 -0.90547
4350.0 750.0 -0.58991
4450.0 750.0 -0.23946
4550.0 750.0 0.08740
4650.0 750.0 0.34223
4750.0 750.0 0.51076
4850.0 750.0 0.63250
4950.0 750.0 0.68088
5050.0 750.0 0.59515
5150.0 750.0 0.37378
5250.0 750.0 0.05560
5350.0 750.0 -0.29908
5450.0 750.0 -0.62438
5550.0 750.0 -0.86189
5650.0 750.0 -0.97071
5750.0 750.0 -0.93455
5850.0 750.0 -0.76588
5950.0 750.0 -0.50718
6050.0 750.0 -0.21778
6150.0 750.0 0.10232
6250.0 750.0 0.44292
6350.0 750.0 0.75757
50.0 850.0 0.19258
150.0 850.0 0.17122
250.0 850.0 0.10570
350.0 850.0 -0.00989
450.0 850.0 -0.15562
550.0 850.0 -0.30020
650.0 850.0 -0.41219
750.0 850.0 -0.46789
850.0 850.0 -0.45608
950.0 850.0 -0.37936
1050.0 850.0 -0.25232
1150.0 850.0 -0.09636
1250.0 850.0 0.06873
1350.0 850.0 0.24573
1450.0 850.0 0.45275
1550.0 850.0 0.67598
1650.0 850.0 0.88283
1750.0 850.0 1.03873
1850.0 850.0 1.11893
1950.0 850.0 1.11539
2050.0 850.0 1.03865
2150.0 850.0 0.91469
2250.0 850.0 0.77689
2350.0 850.0 0.65296
2450.0 850.0 0.54731
2550.0 850.0 0.45202
2650.0 850.0 0.37595
2750.0 850.0 0.31676
2850.0 850.0 0.26380
2950.0 850.0 0.20371
3050.0 850.0 0.12470
3150.0 850.0 0.01934
3250.0 850.0 -0.11408
3350.0 850.0 -0.27164
3450.0 850.0 -0.44527
3550.0 850.0 -0.62579
3650.0 850.0 -0.80684
3750.0 850.0 -0.97581
3850.0 850.0 -1.10051
3950.0 850.0 -1.14579
4050.0 850.0 -1.08681
4150.0 850.0 -0.91718
4250.0 850.0 -0.65230
4350.0 850.0 -0.32787
4450.0 850.0 0.00639
4550.0 850.0 0.29783
4650.0 850.0 0.50675
4750.0 850.0 0.62713
4850.0 850.0 0.70158
4950.0 850.0 0.70350
5050.0 850.0 0.57574
5150.0 850.0 0.32187
5250.0 850.0 -0.01506
5350.0 850.0 -0.37291
5450.0 850.0 -0.68713
5550.0 850.0 -0.90374
5650.0 850.0 -0.98852
5750.0 850.0 -0.93256
5850.0 850.0 -0.75400
5950.0 850.0 -0.49608
6050.0 850.0 -0.21181
6150.0 850.0 0.10126
6250.0 850.0 0.43344
6350.0 850.0 0.74099
50.0 950.0 0.03433
150.0 950.0 0.01673
250.0 950.0 -0.02334
350.0 950.0 -0.08768
450.0 950.0 -0.16451
550.0 950.0 -0.23658
650.0 950.0 -0.28734
750.0 950.0 -0.30519
850.0 950.0 -0.28582
950.0 950.0 -0.23260
1050.0 950.0 -0.15509
1150.0 950.0 -0.06562
1250.0 950.0 0.02614
1350.0 950.0 0.12965
1450.0 950.0 0.26829
1550.0 950.0 0.43690
1650.0 950.0 0.61132
1750.0 950.0 0.76202
1850.0 950.0 0.86409
1950.0 950.0 0.90359
2050.0 950.0 0.88039
2150.0 950.0 0.80731
2250.0 950.0 0.70570
2350.0 950.0 0.59737
2450.0 950.0 0.49317
2550.0 950.0 0.39425
2650.0 950.0 0.30611
2750.0 950.0 0.22774
2850.0 950.0 0.15352
2950.0 950.0 0.07620
3050.0 950.0 -0.01074
3150.0 950.0 -0.11160
3250.0 950.0 -0.22768
3350.0 950.0 -0.35720
3450.0 950.0 -0.49608
3550.0 950.0 -0.63938
3650.0 950.0 -0.78285
3750.0 950.0 -0.90630
3850.0 950.0 -0.97235
3950.0 950.0 -0.95293
4050.0 950.0 -0.83586
4150.0 950.0 -0.62730
4250.0 950.0 -0.35117
4350.0 950.0 -0.04553
4450.0 950.0 0.24415
4550.0 950.0 0.47463
4650.0 950.0 0.61775
4750.0 950.0 0.67612
4850.0 950.0 0.69240
4950.0 950.0 0.64008
5050.0 950.0 0.46928
5150.0 950.0 0.19059
5250.0 950.0 -0.14858
5350.0 950.0 -0.48588
5450.0 950.0 -0.76106
5550.0 950.0 -0.92843
5650.0 950.0 -0.96454
5750.0 950.0 -0.87123
5850.0 950.0 -0.67397
5950.0 950.0 -0.41545
6050.0 950.0 -0.13768
6150.0 950.0 0.16473
6250.0 950.0 0.48140
6350.0 950.0 0.77161
50.0 1050.0 -0.14418
150.0 1050.0 -0.15769
250.0 1050.0 -0.17006
350.0 1050.0 -0.17857
450.0 1050.0 -0.18027
550.0 1050.0 -0.17316
650.0 1050.0 -0.15686
750.0 1050.0 -0.13295
850.0 1050.0 -0.10468
950.0 1050.0 -0.07635
1050.0 1050.0 -0.05212
1150.0 1050.0 -0.03446
1250.0 1050.0 -0.02201
1350.0 1050.0 0.00151
1450.0 1050.0 0.06399
1550.0 1050.0 0.16898
1650.0 1050.0 0.30155
1750.0 1050.0 0.43817
1850.0 1050.0 0.55463
1950.0 1050.0 0.63166
2050.0 1050.0 0.65861
2150.0 1050.0 0.63480
2250.0 1050.0 0.56892
2350.0 1050.0 0.47620
2450.0 1050.0 0.37348
2550.0 1050.0 0.27221
2650.0 1050.0 0.17710
2750.0 1050.0 0.08981
2850.0 1050.0 0.00975
2950.0 1050.0 -0.06521
3050.0 1050.0 -0.13816
3150.0 1050.0 -0.21255
3250.0 1050.0 -0.29156
3350.0 1050.0 -0.37753
3450.0 1050.0 -0.47135
3550.0 1050.0 -0.57191
3650.0 1050.0 -0.67467
3750.0 1050.0 -0.75122
3850.0 1050.0 -0.76154
3950.0 1050.0 -0.68628
4050.0 1050.0 -0.52630
4150.0 1050.0 -0.29950
4250.0 1050.0 -0.03643
4350.0 1050.0 0.22516
4450.0 1050.0 0.44692
4550.0 1050.0 0.59766
4650.0 1050.0 0.66219
4750.0 1050.0 0.65134
4850.0 1050.0 0.60478
4950.0 1050.0 0.49602
5050.0 1050.0 0.28510
5150.0 1050.0 -0.00916
5250.0 1050.0 -0.33534
5350.0 1050.0 -0.63231
5450.0 1050.0 -0.84648
5550.0 1050.0 -0.94322
5650.0 1050.0 -0.91260
5750.0 1050.0 -0.76932
5850.0 1050.0 -0.54701
5950.0 1050.0 -0.28668
6050.0 1050.0 -0.01610
6150.0 1050.0 0.27306
6250.0 1050.0 0.56854
6350.0 1050.0 0.83269
50.0 1150.0 -0.29984
150.0 1150.0 -0.30948
250.0 1150.0 -0.29558
350.0 1150.0 -0.25124
450.0 1150.0 -0.18202
550.0 1150.0 -0.10048
650.0 1150.0 -0.02168
750.0 1150.0 0.04038
850.0 1150.0 0.07536
950.0 1150.0 0.07829
1050.0 1150.0 0.05030
1150.0 1150.0 -0.00161
1250.0 1150.0 -0.06566
1350.0 1150.0 -0.11958
1450.0 1150.0 -0.13212
1550.0 1150.0 -0.09176
1650.0 1150.0 -0.00454
1750.0 1150.0 0.11227
1850.0 1150.0 0.23576
1950.0 1150.0 0.34233
2050.0 1150.0 0.41186
2150.0 1150.0 0.43126
2250.0 1150.0 0.39730
2350.0 1150.0 0.31868
2450.0 1150.0 0.21733
2550.0 1150.0 0.11494
2650.0 1150.0 0.01758
2750.0 1150.0 -0.06967
2850.0 1150.0 -0.14277
2950.0 1150.0 -0.20008
3050.0 1150.0 -0.24303
3150.0 1150.0 -0.27608
3250.0 1150.0 -0.30597
3350.0 1150.0 -0.34029
3450.0 1150.0 -0.38523
3550.0 1150.0 -0.44279
3650.0 1150.0 -0.50628
3750.0 1150.0 -0.53952
3850.0 1150.0 -0.50237
3950.0 1150.0 -0.38473
4050.0 1150.0 -0.19953
4150.0 1150.0 0.02555
4250.0 1150.0 0.25566
4350.0 1150.0 0.45561
4450.0 1150.0 0.59602
4550.0 1150.0 0.65873
4650.0 1150.0 0.64156
4750.0 1150.0 0.56228
4850.0 1150.0 0.45520
4950.0 1150.0 0.29368
5050.0 1150.0 0.04881
5150.0 1150.0 -0.25225
5250.0 1150.0 -0.55465
5350.0 1150.0 -0.79957
5450.0 1150.0 -0.94125
5550.0 1150.0 -0.95729
5650.0 1150.0 -0.85209
5750.0 1150.0 -0.65368
5850.0 1150.0 -0.40372
5950.0 1150.0 -0.14078
6050.0 1150.0 0.12272
6150.0 1150.0 0.39762
6250.0 1150.0 0.66885
6350.0 1150.0 0.90148
50.0 1250.0 -0.39394
150.0 1250.0 -0.40044
250.0 1250.0 -0.36512
350.0 1250.0 -0.27790
450.0 1250.0 -0.15162
550.0 1250.0 -0.01100
650.0 1250.0 0.11622
750.0 1250.0 0.20597
850.0 1250.0 0.24241
950.0 1250.0 0.22043
1050.0 1250.0 0.14589
1150.0 1250.0 0.03381
1250.0 1250.0 -0.09559
1350.0 1250.0 -0.21578
1450.0 1250.0 -0.29338
1550.0 1250.0 -0.31037
1650.0 1250.0 -0.26516
1750.0 1250.0 -0.16942
1850.0 1250.0 -0.04448
1950.0 1250.0 0.08282
2050.0 1250.0 0.18483
2150.0 1250.0 0.23824
2250.0 1250.0 0.22982
2350.0 1250.0 0.16260
2450.0 1250.0 0.06236
2550.0 1250.0 -0.04021
2650.0 1250.0 -0.13656
2750.0 1250.0 -0.21809
2850.0 1250.0 -0.27698
2950.0 1250.0 -0.30912
3050.0 1250.0 -0.31560
3150.0 1250.0 -0.30299
3250.0 1250.0 -0.28219
3350.0 1250.0 -0.26608
3450.0 1250.0 -0.26574
3550.0 1250.0 -0.28544
3650.0 1250.0 -0.31543
3750.0 1250.0 -0.31321
3850.0 1250.0 -0.24042
3950.0 1250.0 -0.09555
4050.0 1250.0 0.09859
4150.0 1250.0 0.30718
4250.0 1250.0 0.49331
4350.0 1250.0 0.62576
4450.0 1250.0 0.68440
4550.0 1250.0 0.66335
4650.0 1250.0 0.57186
4750.0 1250.0 0.43288
4850.0 1250.0 0.27422
4950.0 1250.0 0.06877
5050.0 1250.0 -0.20199
5150.0 1250.0 -0.50350
5250.0 1250.0 -0.77828
5350.0 1250.0 -0.97020
5450.0 1250.0 -1.04115
5550.0 1250.0 -0.98010
5650.0 1250.0 -0.80461
5750.0 1250.0 -0.55463
5850.0 1250.0 -0.27880
5950.0 1250.0 -0.01309
6050.0 1250.0 0.24426
6150.0 1250.0 0.50571
6250.0 1250.0 0.75292
6350.0 1250.0 0.95315
50.0 1350.0 -0.39922
150.0 1350.0 -0.40370
250.0 1350.0 -0.35433
350.0 1350.0 -0.23939
450.0 1350.0 -0.07702
550.0 1350.0 0.09962
650.0 1350.0 0.25425
750.0 1350.0 0.35632
850.0 1350.0 0.38687
950.0 1350.0 0.34139
1050.0 1350.0 0.22957
1150.0 1350.0 0.07220
1250.0 1350.0 -0.10510
1350.0 1350.0 -0.27382
1450.0 1350.0 -0.39947
1550.0 1350.0 -0.45946
1650.0 1350.0 -0.44659
1750.0 1350.0 -0.36830
1850.0 1350.0 -0.24458
1950.0 1350.0 -0.10433
2050.0 1350.0 0.01950
2150.0 1350.0 0.09634
2250.0 1350.0 0.10573
2350.0 1350.0 0.04653
2450.0 1350.0 -0.05291
2550.0 1350.0 -0.15526
2650.0 1350.0 -0.24949
2750.0 1350.0 -0.32415
2850.0 1350.0 -0.36876
2950.0 1350.0 -0.37774
3050.0 1350.0 -0.35246
3150.0 1350.0 -0.30158
3250.0 1350.0 -0.23959
3350.0 1350.0 -0.18364
3450.0 1350.0 -0.14854
3550.0 1350.0 -0.14002
3650.0 1350.0 -0.14554
3750.0 1350.0 -0.11850
3850.0 1350.0 -0.02319
3950.0 1350.0 0.13512
4050.0 1350.0 0.32672
4150.0 1350.0 0.51238
4250.0 1350.0 0.65491
4350.0 1350.0 0.72725
4450.0 1350.0 0.71721
4550.0 1350.0 0.62869
4650.0 1350.0 0.47955
4750.0 1350.0 0.29601
4850.0 1350.0 0.09968
4950.0 1350.0 -0.13738
5050.0 1350.0 -0.42564
5150.0 1350.0 -0.72502
5250.0 1350.0 -0.97628
5350.0 1350.0 -1.12555
5450.0 1350.0 -1.14074
5550.0 1350.0 -1.01962
5650.0 1350.0 -0.78971
5750.0 1350.0 -0.49998
5850.0 1350.0 -0.20421
5950.0 1350.0 0.06378
6050.0 1350.0 0.31652
6150.0 1350.0 0.56704
6250.0 1350.0 0.79386
6350.0 1350.0 0.96567
50.0 1450.0 -0.30637
150.0 1450.0 -0.31009
250.0 1450.0 -0.25509
350.0 1450.0 -0.12963
450.0 1450.0 0.04505
550.0 1450.0 0.23159
650.0 1450.0 0.38994
750.0 1450.0 0.48719
850.0 1450.0 0.50389
950.0 1450.0 0.43692
1050.0 1450.0 0.29878
1150.0 1450.0 0.11338
1250.0 1450.0 -0.09168
1350.0 1450.0 -0.28825
1450.0 1450.0 -0.44146
1550.0 1450.0 -0.52608
1650.0 1450.0 -0.53171
1750.0 1450.0 -0.46338
1850.0 1450.0 -0.34026
1950.0 1450.0 -0.19251
2050.0 1450.0 -0.05609
2150.0 1450.0 0.03425
2250.0 1450.0 0.05390
2350.0 1450.0 -0.00069
2450.0 1450.0 -0.09967
2550.0 1450.0 -0.20195
2650.0 1450.0 -0.29517
2750.0 1450.0 -0.36627
2850.0 1450.0 -0.40327
2950.0 1450.0 -0.39967
3050.0 1450.0 -0.35692
3150.0 1450.0 -0.28479
3250.0 1450.0 -0.19978
3350.0 1450.0 -0.12141
3450.0 1450.0 -0.06660
3550.0 1450.0 -0.04197
3650.0 1450.0 -0.03348
3750.0 1450.0 0.00711
3850.0 1450.0 0.11301
3950.0 1450.0 0.27477
4050.0 1450.0 0.45890
4150.0 1450.0 0.62422
4250.0 1450.0 0.73412
4350.0 1450.0 0.76481
4450.0 1450.0 0.70943
4550.0 1450.0 0.57803
4650.0 1450.0 0.39359
4750.0 1450.0 0.18382
4850.0 1450.0 -0.03416
4950.0 1450.0 -0.28947
5050.0 1450.0 -0.58808
5150.0 1450.0 -0.88678
5250.0 1450.0 -1.12527
5350.0 1450.0 -1.25094
5450.0 1450.0 -1.23502
5550.0 1450.0 -1.08025
5650.0 1450.0 -0.81979
5750.0 1450.0 -0.50769
5850.0 1450.0 -0.20070
5950.0 1450.0 0.06854
6050.0 1450.0 0.31853
6150.0 1450.0 0.56177
6250.0 1450.0 0.77431
6350.0 1450.0 0.92552
50.0 1550.0 -0.12996
150.0 1550.0 -0.13403
250.0 1550.0 -0.08071
350.0 1550.0 0.04029
450.0 1550.0 0.20660
550.0 1550.0 0.38042
650.0 1550.0 0.52205
750.0 1550.0 0.59975
850.0 1550.0 0.59591
950.0 1550.0 0.50949
1050.0 1550.0 0.35480
1150.0 1550.0 0.15662
1250.0 1550.0 -0.05845
1350.0 1550.0 -0.26458
1450.0 1550.0 -0.42680
1550.0 1550.0 -0.51881
1650.0 1550.0 -0.52912
1750.0 1550.0 -0.46205
1850.0 1550.0 -0.33676
1950.0 1550.0 -0.18406
2050.0 1550.0 -0.04125
2150.0 1550.0 0.05527
2250.0 1550.0 0.07937
2350.0 1550.0 0.02671
2450.0 1550.0 -0.07209
2550.0 1550.0 -0.17481
2650.0 1550.0 -0.26948
2750.0 1550.0 -0.34285
2850.0 1550.0 -0.38228
2950.0 1550.0 -0.38051
3050.0 1550.0 -0.33837
3150.0 1550.0 -0.26525
3250.0 1550.0 -0.17764
3350.0 1550.0 -0.09539
3450.0 1550.0 -0.03595
3550.0 1550.0 -0.00645
3650.0 1550.0 0.00685
3750.0 1550.0 0.05167
3850.0 1550.0 0.15969
3950.0 1550.0 0.31980
4050.0 1550.0 0.49732
4150.0 1550.0 0.65075
4250.0 1550.0 0.74423
4350.0 1550.0 0.75569
4450.0 1550.0 0.68059
4550.0 1550.0 0.53152
4650.0 1550.0 0.33333
4750.0 1550.0 0.11403
4850.0 1550.0 -0.11153
4950.0 1550.0 -0.37388
5050.0 1550.0 -0.67814
5150.0 1550.0 -0.98017
5250.0 1550.0 -1.21912
5350.0 1550.0 -1.34231
5450.0 1550.0 -1.32154
5550.0 1550.0 -1.16057
5650.0 1550.0 -0.89395
5750.0 1550.0 -0.57712
5850.0 1550.0 -0.26776
5950.0 1550.0 0.00154
6050.0 1550.0 0.25047
6150.0 1550.0 0.49013
6250.0 1550.0 0.69496
6350.0 1550.0 0.83444
50.0 1650.0 0.08734
150.0 1650.0 0.08243
250.0 1650.0 0.13050
350.0 1650.0 0.23970
450.0 1650.0 0.38752
550.0 1650.0 0.53753
650.0 1650.0 0.65246
750.0 1650.0 0.70351
850.0 1650.0 0.67601
950.0 1650.0 0.57132
1050.0 1650.0 0.40510
1150.0 1650.0 0.20182
1250.0 1650.0 -0.01436
1350.0 1650.0 -0.22081
1450.0 1650.0 -0.38255
1550.0 1650.0 -0.47295
1650.0 1650.0 -0.48046
1750.0 1650.0 -0.40964
1850.0 1650.0 -0.28004
1950.0 1650.0 -0.12300
2050.0 1650.0 0.02368
2150.0 1650.0 0.12314
2250.0 1650.0 0.14901
2350.0 1650.0 0.09702
2450.0 1650.0 -0.00175
2550.0 1650.0 -0.10534
2650.0 1650.0 -0.20328
2750.0 1650.0 -0.28294
2850.0 1650.0 -0.33143
2950.0 1650.0 -0.34066
3050.0 1650.0 -0.31020
3150.0 1650.0 -0.24817
3250.0 1650.0 -0.16980
3350.0 1650.0 -0.09407
3450.0 1650.0 -0.03811
3550.0 1650.0 -0.00952
3650.0 1650.0 0.00406
3750.0 1650.0 0.04874
3850.0 1650.0 0.15542
3950.0 1650.0 0.31268
4050.0 1650.0 0.48588
4150.0 1650.0 0.63388
4250.0 1650.0 0.72139
4350.0 1650.0 0.72697
4450.0 1650.0 0.64678
4550.0 1650.0 0.49391
4650.0 1650.0 0.29344
4750.0 1650.0 0.07316
4850.0 1650.0 -0.15291
4950.0 1650.0 -0.41687
5050.0 1650.0 -0.72495
5150.0 1650.0 -1.03329
5250.0 1650.0 -1.28067
5350.0 1650.0 -1.41364
5450.0 1650.0 -1.40292
5550.0 1650.0 -1.25121
5650.0 1650.0 -0.99210
5750.0 1650.0 -0.68043
5850.0 1650.0 -0.37376
5950.0 1650.0 -0.10527
6050.0 1650.0 0.14328
6150.0 1650.0 0.38119
6250.0 1650.0 0.58191
6350.0 1650.0 0.71474
50.0 1750.0 0.31507
150.0 1750.0 0.31107
250.0 1750.0 0.35537
350.0 1750.0 0.45397
450.0 1750.0 0.58440
550.0 1750.0 0.71193
650.0 1750.0 0.80191
750.0 1750.0 0.82862
850.0 1750.0 0.78033
950.0 1750.0 0.66072
1050.0 1750.0 0.48658
1150.0 1750.0 0.28190
1250.0 1750.0 0.06824
1350.0 1750.0 -0.13501
1450.0 1750.0 -0.29324
1550.0 1750.0 -0.38005
1650.0 1750.0 -0.38435
1750.0 1750.0 -0.31117
1850.0 1750.0 -0.18033
1950.0 1750.0 -0.02323
2050.0 1750.0 0.12257
2150.0 1750.0 0.22062
2250.0 1750.0 0.24504
2350.0 1750.0 0.19194
2450.0 1750.0 0.09237
2550.0 1750.0 -0.01321
2650.0 1750.0 -0.11661
2750.0 1750.0 -0.20589
2850.0 1750.0 -0.26756
2950.0 1750.0 -0.29213
3050.0 1750.0 -0.27738
3150.0 1750.0 -0.22957
3250.0 1750.0 -0.16241
3350.0 1750.0 -0.09391
3450.0 1750.0 -0.04102
3550.0 1750.0 -0.01215
3650.0 1750.0 0.00318
3750.0 1750.0 0.04892
3850.0 1750.0 0.15492
3950.0 1750.0 0.30944
4050.0 1750.0 0.47815
4150.0 1750.0 0.62056
4250.0 1750.0 0.70224
4350.0 1750.0 0.70264
4450.0 1750.0 0.61870
4550.0 1750.0 0.46401
4650.0 1750.0 0.26375
4750.0 1750.0 0.04530
4850.0 1750.0 -0.17839
4950.0 1750.0 -0.44100
5050.0 1750.0 -0.75040
5150.0 1750.0 -1.06407
5250.0 1750.0 -1.32137
5350.0 1750.0 -1.46858
5450.0 1750.0 -1.47534
5550.0 1750.0 -1.34254
5650.0 1750.0 -1.10162
5750.0 1750.0 -0.80536
5850.0 1750.0 -0.51006
5950.0 1750.0 -0.24920
6050.0 1750.0 -0.00707
6150.0 1750.0 0.22361
6250.0 1750.0 0.41608
6350.0 1750.0 0.54027
50.0 1850.0 0.54459
150.0 1850.0 0.54606
250.0 1850.0 0.59092
350.0 1850.0 0.68316
450.0 1850.0 0.80075
550.0 1850.0 0.91093
650.0 1850.0 0.98198
750.0 1850.0 0.99130
850.0 1850.0 0.92995
950.0 1850.0 0.80359
1050.0 1850.0 0.62977
1150.0 1850.0 0.43165
1250.0 1850.0 0.22818
1350.0 1850.0 0.03555
1450.0 1850.0 -0.11293
1550.0 1850.0 -0.19240
1650.0 1850.0 -0.19328
1750.0 1850.0 -0.12150
1850.0 1850.0 0.00311
1950.0 1850.0 0.15020
2050.0 1850.0 0.28407
2150.0 1850.0 0.37062
2250.0 1850.0 0.38611
2350.0 1850.0 0.32770
2450.0 1850.0 0.22529
2550.0 1850.0 0.11507
2650.0 1850.0 0.00153
2750.0 1850.0 -0.10401
2850.0 1850.0 -0.18657
2950.0 1850.0 -0.23399
3050.0 1850.0 -0.24104
3150.0 1850.0 -0.21128
3250.0 1850.0 -0.15653
3350.0 1850.0 -0.09395
3450.0 1850.0 -0.04094
3550.0 1850.0 -0.00751
3650.0 1850.0 0.01411
3750.0 1850.0 0.06474
3850.0 1850.0 0.17220
3950.0 1850.0 0.32429
4050.0 1850.0 0.48734
4150.0 1850.0 0.62221
4250.0 1850.0 0.69619
4350.0 1850.0 0.69043
4450.0 1850.0 0.60326
4550.0 1850.0 0.44912
4650.0 1850.0 0.25327
4750.0 1850.0 0.04221
4850.0 1850.0 -0.17293
4950.0 1850.0 -0.42710
5050.0 1850.0 -0.73044
5150.0 1850.0 -1.04393
5250.0 1850.0 -1.31012
5350.0 1850.0 -1.47689
5450.0 1850.0 -1.51331
5550.0 1850.0 -1.41752
5650.0 1850.0 -1.21649
5750.0 1850.0 -0.95796
5850.0 1850.0 -0.69420
5950.0 1850.0 -0.45792
6050.0 1850.0 -0.23772
6150.0 1850.0 -0.02860
6250.0 1850.0 0.14452
6350.0 1850.0 0.25404
50.0 1950.0 0.74561
150.0 1950.0 0.75813
250.0 1950.0 0.80878
350.0 1950.0 0.89973
450.0 1950.0 1.00978
550.0 1950.0 1.10864
650.0 1950.0 1.16780
750.0 1950.0 1.16791
850.0 1950.0 1.10267
950.0 1950.0 0.97935
1050.0 1950.0 0.81579
1150.0 1950.0 0.63396
1250.0 1950.0 0.45007
1350.0 1950.0 0.27720
1450.0 1950.0 0.14642
1550.0 1950.0 0.07958
1650.0 1950.0 0.08343
1750.0 1950.0 0.15048
1850.0 1950.0 0.26114
1950.0 1950.0 0.38723
2050.0 1950.0 0.49682
2150.0 1950.0 0.56040
2250.0 1950.0 0.55831
2350.0 1950.0 0.48966
2450.0 1950.0 0.38191
2550.0 1950.0 0.26405
2650.0 1950.0 0.13553
2750.0 1950.0 0.00733
2850.0 1950.0 -0.10300
2950.0 1950.0 -0.17933
3050.0 1950.0 -0.21231
3150.0 1950.0 -0.20212
3250.0 1950.0 -0.15853
3350.0 1950.0 -0.09833
3450.0 1950.0 -0.04015
3550.0 1950.0 0.00343
3650.0 1950.0 0.03693
3750.0 1950.0 0.09710
3850.0 1950.0 0.20857
3950.0 1950.0 0.35845
4050.0 1950.0 0.51419
4150.0 1950.0 0.63891
4250.0 1950.0 0.70263
4350.0 1950.0 0.68924
4450.0 1950.0 0.59927
4550.0 1950.0 0.44845
4650.0 1950.0 0.26208
4750.0 1950.0 0.06521
4850.0 1950.0 -0.13378
4950.0 1950.0 -0.37003
5050.0 1950.0 -0.65587
5150.0 1950.0 -0.95839
5250.0 1950.0 -1.22663
5350.0 1950.0 -1.41290
5450.0 1950.0 -1.48710
5550.0 1950.0 -1.44418
5650.0 1950.0 -1.30454
5750.0 1950.0 -1.10760
5850.0 1950.0 -0.89835
5950.0 1950.0 -0.70700
6050.0 1950.0 -0.52771
6150.0 1950.0 -0.35765
6250.0 1950.0 -0.21743
6350.0 1950.0 -0.12977
50.0 2050.0 0.88220
150.0 2050.0 0.91083
250.0 2050.0 0.97197
350.0 2050.0 1.06607
450.0 2050.0 1.17313
550.0 2050.0 1.26579
650.0 2050.0 1.31908
750.0 2050.0 1.31703
850.0 2050.0 1.25590
950.0 2050.0 1.14430
1050.0 2050.0 0.99992
1150.0 2050.0 0.84317
1250.0 2050.0 0.68742
1350.0 2050.0 0.54274
1450.0 2050.0 0.43734
1550.0 2050.0 0.38880
1650.0 2050.0 0.39987
1750.0 2050.0 0.46076
1850.0 2050.0 0.55217
1950.0 2050.0 0.64895
2050.0 2050.0 0.72450
2150.0 2050.0 0.75572
2250.0 2050.0 0.72883
2350.0 2050.0 0.64566
2450.0 2050.0 0.53033
2550.0 2050.0 0.40237
2650.0 2050.0 0.25560
2750.0 2050.0 0.10111
2850.0 2050.0 -0.04009
2950.0 2050.0 -0.14699
3050.0 2050.0 -0.20549
3150.0 2050.0 -0.21222
3250.0 2050.0 -0.17526
3350.0 2050.0 -0.11175
3450.0 2050.0 -0.04244
3550.0 2050.0 0.01685
3650.0 2050.0 0.06736
3750.0 2050.0 0.14128
3850.0 2050.0 0.25899
3950.0 2050.0 0.40669
4050.0 2050.0 0.55335
4150.0 2050.0 0.66521
4250.0 2050.0 0.71602
4350.0 2050.0 0.69336
4450.0 2050.0 0.60073
4550.0 2050.0 0.45556
4650.0 2050.0 0.28320
4750.0 2050.0 0.10670
4850.0 2050.0 -0.06913
4950.0 2050.0 -0.27779
5050.0 2050.0 -0.53279
5150.0 2050.0 -0.80935
5250.0 2050.0 -1.06639
5350.0 2050.0 -1.26390
5450.0 2050.0 -1.37478
5550.0 2050.0 -1.39134
5650.0 2050.0 -1.32631
5750.0 2050.0 -1.20840
5850.0 2050.0 -1.07244
5950.0 2050.0 -0.94406
6050.0 2050.0 -0.82299
6150.0 2050.0 -0.70791
6250.0 2050.0 -0.61283
6350.0 2050.0 -0.55344
50.0 2150.0 0.92755
150.0 2150.0 0.97578
250.0 2150.0 1.05056
350.0 2150.0 1.15064
450.0 2150.0 1.25752
550.0 2150.0 1.34706
650.0 2150.0 1.39815
750.0 2150.0 1.39833
850.0 2150.0 1.34642
950.0 2150.0 1.25218
1050.0 2150.0 1.13295
1150.0 2150.0 1.00727
1250.0 2150.0 0.88557
1350.0 2150.0 0.77503
1450.0 2150.0 0.70081
1550.0 2150.0 0.67554
1650.0 2150.0 0.69710
1750.0 2150.0 0.75280
1850.0 2150.0 0.82345
1950.0 2150.0 0.88728
2050.0 2150.0 0.92381
2150.0 2150.0 0.91755
2250.0 2150.0 0.86163
2350.0 2150.0 0.76129
2450.0 2150.0 0.63685
2550.0 2150.0 0.49745
2650.0 2150.0 0.33154
2750.0 2150.0 0.15089
2850.0 2150.0 -0.01945
2950.0 2150.0 -0.15333
3050.0 2150.0 -0.23197
3150.0 2150.0 -0.24894
3250.0 2150.0 -0.21136
3350.0 2150.0 -0.13762
3450.0 2150.0 -0.05138
3550.0 2150.0 0.02804
3650.0 2150.0 0.09913
3750.0 2150.0 0.18967
3850.0 2150.0 0.31504
3950.0 2150.0 0.46033
4050.0 2150.0 0.59640
4150.0 2150.0 0.69314
4250.0 2150.0 0.72881
4350.0 2150.0 0.69537
4450.0 2150.0 0.59986
4550.0 2150.0 0.46175
4650.0 2150.0 0.30642
4750.0 2150.0 0.15452
4850.0 2150.0 0.00678
4950.0 2150.0 -0.16637
5050.0 2150.0 -0.37772
5150.0 2150.0 -0.61176
5250.0 2150.0 -0.83995
5350.0 2150.0 -1.03302
5450.0 2150.0 -1.16946
5550.0 2150.0 -1.24052
5650.0 2150.0 -1.25149
5750.0 2150.0 -1.21940
5850.0 2150.0 -1.16705
5950.0 2150.0 -1.11346
6050.0 2150.0 -1.06258
6150.0 2150.0 -1.01346
6250.0 2150.0 -0.97185
6350.0 2150.0 -0.94492
50.0 2250.0 0.87313
150.0 2250.0 0.94223
250.0 2250.0 1.03166
350.0 2250.0 1.13846
450.0 2250.0 1.24569
550.0 2250.0 1.33262
650.0 2250.0 1.38214
750.0 2250.0 1.38546
850.0 2250.0 1.34402
950.0 2250.0 1.26876
1050.0 2250.0 1.17657
1150.0 2250.0 1.08405
1250.0 2250.0 0.99856
1350.0 2250.0 0.92449
1450.0 2250.0 0.88431
1550.0 2250.0 0.88562
1650.0 2250.0 0.92110
1750.0 2250.0 0.97474
1850.0 2250.0 1.02709
1950.0 2250.0 1.05958
2050.0 2250.0 1.05782
2150.0 2250.0 1.01409
2250.0 2250.0 0.92872
2350.0 2250.0 0.81065
2450.0 2250.0 0.67658
2550.0 2250.0 0.52576
2650.0 2250.0 0.34232
2750.0 2250.0 0.13935
2850.0 2250.0 -0.05402
2950.0 2250.0 -0.20685
3050.0 2250.0 -0.29645
3150.0 2250.0 -0.31429
3250.0 2250.0 -0.26759
3350.0 2250.0 -0.17686
3450.0 2250.0 -0.06916
3550.0 2250.0 0.03278
3650.0 2250.0 0.12581
3750.0 2250.0 0.23399
3850.0 2250.0 0.36736
3950.0 2250.0 0.50986
4050.0 2250.0 0.63431
4150.0 2250.0 0.71457
4250.0 2250.0 0.73371
4350.0 2250.0 0.68841
4450.0 2250.0 0.58949
4550.0 2250.0 0.45865
4650.0 2250.0 0.32128
4750.0 2250.0 0.19551
4850.0 2250.0 0.07777
4950.0 2250.0 -0.05519
5050.0 2250.0 -0.21313
5150.0 2250.0 -0.38973
5250.0 2250.0 -0.57052
5350.0 2250.0 -0.73925
5450.0 2250.0 -0.88250
5550.0 2250.0 -0.99267
5650.0 2250.0 -1.06915
5750.0 2250.0 -1.11789
5850.0 2250.0 -1.14919
5950.0 2250.0 -1.17383
6050.0 2250.0 -1.19752
6150.0 2250.0 -1.21832
6250.0 2250.0 -1.23306
6350.0 2250.0 -1.23983
50.0 2350.0 0.73215
150.0 2350.0 0.82091
250.0 2350.0 0.92372
350.0 2350.0 1.03574
450.0 2350.0 1.14152
550.0 2350.0 1.22370
650.0 2350.0 1.26921
750.0 2350.0 1.27299
850.0 2350.0 1.23926
950.0 2350.0 1.18029
1050.0 2350.0 1.11268
1150.0 2350.0 1.05113
1250.0 2350.0 0.99988
1350.0 2350.0 0.96059
1450.0 2350.0 0.95381
1550.0 2350.0 0.98266
1650.0 2350.0 1.03488
1750.0 2350.0 1.09103
1850.0 2350.0 1.13094
1950.0 2350.0 1.13848
2050.0 2350.0 1.10457
2150.0 2350.0 1.02840
2250.0 2350.0 0.91693
2350.0 2350.0 0.78274
2450.0 2350.0 0.63962
2550.0 2350.0 0.47870
2650.0 2350.0 0.28145
2750.0 2350.0 0.06276
2850.0 2350.0 -0.14454
2950.0 2350.0 -0.30568
3050.0 2350.0 -0.39533
3150.0 2350.0 -0.40408
3250.0 2350.0 -0.34035
3350.0 2350.0 -0.22746
3450.0 2350.0 -0.09604
3550.0 2350.0 0.02838
3650.0 2350.0 0.14223
3750.0 2350.0 0.26701
3850.0 2350.0 0.40762
3950.0 2350.0 0.54683
4050.0 2350.0 0.65938
4150.0 2350.0 0.72297
4250.0 2350.0 0.72531
4350.0 2350.0 0.66771
4450.0 2350.0 0.56469
4550.0 2350.0 0.44011
4650.0 2350.0 0.31942
4750.0 2350.0 0.21828
4850.0 2350.0 0.12913
4950.0 2350.0 0.03685
5050.0 2350.0 -0.06299
5150.0 2350.0 -0.17209
5250.0 2350.0 -0.29005
5350.0 2350.0 -0.41468
5450.0 2350.0 -0.54257
5550.0 2350.0 -0.66961
5650.0 2350.0 -0.79179
5750.0 2350.0 -0.90597
5850.0 2350.0 -1.01091
5950.0 2350.0 -1.10829
6050.0 2350.0 -1.20260
6150.0 2350.0 -1.28957
6250.0 2350.0 -1.35759
6350.0 2350.0 -1.39613
50.0 2450.0 0.53724
150.0 2450.0 0.64225
250.0 2450.0 0.75508
350.0 2450.0 0.86888
450.0 2450.0 0.96944
550.0 2450.0 1.04252
650.0 2450.0 1.07895
750.0 2450.0 1.07744
850.0 2450.0 1.04516
950.0 2450.0 0.99599
1050.0 2450.0 0.94655
1150.0 2450.0 0.90992
1250.0 2450.0 0.88716
1350.0 2450.0 0.87724
1450.0 2450.0 0.89975
1550.0 2450.0 0.95451
1650.0 2450.0 1.02508
1750.0 2450.0 1.08875
1850.0 2450.0 1.12420
1950.0 2450.0 1.11671
2050.0 2450.0 1.06093
2150.0 2450.0 0.96136
2250.0 2450.0 0.83029
2350.0 2450.0 0.68344
2450.0 2450.0 0.53285
2550.0 2450.0 0.36421
2650.0 2450.0 0.15819
2750.0 2450.0 -0.06826
2850.0 2450.0 -0.27936
2950.0 2450.0 -0.43790
3050.0 2450.0 -0.51729
3150.0 2450.0 -0.50860
3250.0 2450.0 -0.42230
3350.0 2450.0 -0.28489
3450.0 2450.0 -0.13024
3550.0 2450.0 0.01408
3650.0 2450.0 0.14539
3750.0 2450.0 0.28387
3850.0 2450.0 0.42997
3950.0 2450.0 0.56541
4050.0 2450.0 0.66660
4150.0 2450.0 0.71452
4250.0 2450.0 0.70103
4350.0 2450.0 0.63143
4450.0 2450.0 0.52357
4550.0 2450.0 0.40323
4650.0 2450.0 0.29596
4750.0 2450.0 0.21526
4850.0 2450.0 0.15017
4950.0 2450.0 0.09467
5050.0 2450.0 0.05141
5150.0 2450.0 0.01269
5250.0 2450.0 -0.03362
5350.0 2450.0 -0.09897
5450.0 2450.0 -0.19073
5550.0 2450.0 -0.31035
5650.0 2450.0 -0.45324
5750.0 2450.0 -0.61024
5850.0 2450.0 -0.77074
5950.0 2450.0 -0.92746
6050.0 2450.0 -1.08077
6150.0 2450.0 -1.22316
6250.0 2450.0 -1.33599
6350.0 2450.0 -1.40155
50.0 2550.0 0.33260
150.0 2550.0 0.44883
250.0 2550.0 0.56687
350.0 2550.0 0.67772
450.0 2550.0 0.76802
550.0 2550.0 0.82624
650.0 2550.0 0.84685
750.0 2550.0 0.83231
850.0 2550.0 0.79288
950.0 2550.0 0.74444
1050.0 2550.0 0.70406
1150.0 2550.0 0.68354
1250.0 2550.0 0.68080
1350.0 2550.0 0.69208
1450.0 2550.0 0.73709
1550.0 2550.0 0.81380
1650.0 2550.0 0.90271
1750.0 2550.0 0.97840
1850.0 2550.0 1.01799
1950.0 2550.0 1.00692
2050.0 2550.0 0.94176
2150.0 2550.0 0.83015
2250.0 2550.0 0.68786
2350.0 2550.0 0.53304
2450.0 2550.0 0.37723
2550.0 2550.0 0.20386
2650.0 2550.0 -0.00554
2750.0 2550.0 -0.23196
2850.0 2550.0 -0.43774
2950.0 2550.0 -0.58459
3050.0 2550.0 -0.64615
3150.0 2550.0 -0.61498
3250.0 2550.0 -0.50412
3350.0 2550.0 -0.34311
3450.0 2550.0 -0.16850
3550.0 2550.0 -0.00890
3650.0 2550.0 0.13486
3750.0 2550.0 0.28281
3850.0 2550.0 0.43202
3950.0 2550.0 0.56332
4050.0 2550.0 0.65438
4150.0 2550.0 0.68873
4250.0 2550.0 0.66139
4350.0 2550.0 0.58084
4450.0 2550.0 0.46751
4550.0 2550.0 0.34876
4650.0 2550.0 0.25024
4750.0 2550.0 0.18383
4850.0 2550.0 0.13601
4950.0 2550.0 0.10968
5050.0 2550.0 0.11542
5150.0 2550.0 0.14206
5250.0 2550.0 0.16769
5350.0 2550.0 0.16914
5450.0 2550.0 0.12867
5550.0 2550.0 0.03802
5650.0 2550.0 -0.10035
5750.0 2550.0 -0.27467
5850.0 2550.0 -0.46802
5950.0 2550.0 -0.66527
6050.0 2550.0 -0.86047
6150.0 2550.0 -1.04246
6250.0 2550.0 -1.18780
6350.0 2550.0 -1.27373
50.0 2650.0 0.16031
150.0 2650.0 0.28217
250.0 2650.0 0.40019
350.0 2650.0 0.50305
450.0 2650.0 0.57778
550.0 2650.0 0.61516
650.0 2650.0 0.61295
750.0 2650.0 0.57722
850.0 2650.0 0.52150
950.0 2650.0 0.46400
1050.0 2650.0 0.42273
1150.0 2650.0 0.40858
1250.0 2650.0 0.41646
1350.0 2650.0 0.43979
1450.0 2650.0 0.49929
1550.0 2650.0 0.59256
1650.0 2650.0 0.69839
1750.0 2650.0 0.78926
1850.0 2650.0 0.84055
1950.0 2650.0 0.83675
2050.0 2650.0 0.77443
2150.0 2650.0 0.66215
2250.0 2650.0 0.51724
2350.0 2650.0 0.35936
2450.0 2650.0 0.20084
2550.0 2650.0 0.02571
2650.0 2650.0 -0.18234
2750.0 2650.0 -0.40255
2850.0 2650.0 -0.59642
2950.0 2650.0 -0.72590
3050.0 2650.0 -0.76590
3150.0 2650.0 -0.71115
3250.0 2650.0 -0.57730
3350.0 2650.0 -0.39649
3450.0 2650.0 -0.20709
3550.0 2650.0 -0.03786
3650.0 2650.0 0.11274
3750.0 2650.0 0.26552
3850.0 2650.0 0.41528
3950.0 2650.0 0.54224
4050.0 2650.0 0.62484
4150.0 2650.0 0.64828
4250.0 2650.0 0.60968
4350.0 2650.0 0.51967
4450.0 2650.0 0.40047
4550.0 2650.0 0.28055
4650.0 2650.0 0.18572
4750.0 2650.0 0.12679
4850.0 2650.0 0.08863
4950.0 2650.0 0.08187
5050.0 2650.0 0.12488
5150.0 2650.0 0.20554
5250.0 2650.0 0.29556
5350.0 2650.0 0.36294
5450.0 2650.0 0.38105
5550.0 2650.0 0.33449
5650.0 2650.0 0.22154
5750.0 2650.0 0.05337
5850.0 2650.0 -0.15006
5950.0 2650.0 -0.36750
6050.0 2650.0 -0.58558
6150.0 2650.0 -0.78965
6250.0 2650.0 -0.95395
6350.0 2650.0 -1.05304
50.0 2750.0 0.04105
150.0 2750.0 0.16390
250.0 2750.0 0.27758
350.0 2750.0 0.36835
450.0 2750.0 0.42331
550.0 2750.0 0.43509
650.0 2750.0 0.40449
750.0 2750.0 0.34104
850.0 2750.0 0.26164
950.0 2750.0 0.18711
1050.0 2750.0 0.13675
1150.0 2750.0 0.12092
1250.0 2750.0 0.13159
1350.0 2750.0 0.15924
1450.0 2750.0 0.22627
1550.0 2750.0 0.33103
1650.0 2750.0 0.45171
1750.0 2750.0 0.55933
1850.0 2750.0 0.62745
1950.0 2750.0 0.63877
2050.0 2750.0 0.58847
2150.0 2750.0 0.48428
2250.0 2750.0 0.34347
2350.0 2750.0 0.18650
2450.0 2750.0 0.02732
2550.0 2750.0 -0.14728
2650.0 2750.0 -0.35080
2750.0 2750.0 -0.56112
2850.0 2750.0 -0.73975
2950.0 2750.0 -0.84974
3050.0 2750.0 -0.86792
3150.0 2750.0 -0.79137
3250.0 2750.0 -0.63816
3350.0 2750.0 -0.44238
3450.0 2750.0 -0.24344
3550.0 2750.0 -0.06961
3650.0 2750.0 0.08314
3750.0 2750.0 0.23688
3850.0 2750.0 0.38514
3950.0 2750.0 0.50773
4050.0 2750.0 0.58343
4150.0 2750.0 0.59839
4250.0 2750.0 0.55092
4350.0 2750.0 0.45289
4450.0 2750.0 0.32766
4550.0 2750.0 0.20440
4650.0 2750.0 0.10911
4750.0 2750.0 0.05199
4850.0 2750.0 0.01708
4950.0 2750.0 0.02119
5050.0 2750.0 0.08970
5150.0 2750.0 0.21146
5250.0 2750.0 0.35484
5350.0 2750.0 0.48187
5450.0 2750.0 0.55887
5550.0 2750.0 0.56367
5650.0 2750.0 0.48924
5750.0 2750.0 0.34387
5850.0 2750.0 0.14790
5950.0 2750.0 -0.07314
6050.0 2750.0 -0.29824
6150.0 2750.0 -0.50979
6250.0 2750.0 -0.68183
6350.0 2750.0 -0.78819
50.0 2850.0 -0.04731
150.0 2850.0 0.07428
250.0 2850.0 0.18157
350.0 2850.0 0.25836
450.0 2850.0 0.29172
550.0 2850.0 0.27599
650.0 2850.0 0.21479
750.0 2850.0 0.12108
850.0 2850.0 0.01508
950.0 2850.0 -0.07971
1050.0 2850.0 -0.14255
1150.0 2850.0 -0.16352
1250.0 2850.0 -0.15351
1350.0 2850.0 -0.12494
1450.0 2850.0 -0.05354
1550.0 2850.0 0.06030
1650.0 2850.0 0.19462
1750.0 2850.0 0.31928
1850.0 2850.0 0.40607
1950.0 2850.0 0.43558
2050.0 2850.0 0.40098
2150.0 2850.0 0.30846
2250.0 2850.0 0.17453
2350.0 2850.0 0.02012
2450.0 2850.0 -0.13883
2550.0 2850.0 -0.31194
2650.0 2850.0 -0.50971
2750.0 2850.0 -0.70885
2850.0 2850.0 -0.87120
2950.0 2850.0 -0.96127
3050.0 2850.0 -0.95803
3150.0 2850.0 -0.86096
3250.0 2850.0 -0.69036
3350.0 2850.0 -0.48200
3450.0 2850.0 -0.27596
3550.0 2850.0 -0.09976
3650.0 2850.0 0.05313
3750.0 2850.0 0.20614
3850.0 2850.0 0.35194
3950.0 2850.0 0.47001
4050.0 2850.0 0.53938
4150.0 2850.0 0.54680
4250.0 2850.0 0.49143
4350.0 2850.0 0.38604
4450.0 2850.0 0.25477
4550.0 2850.0 0.12738
4650.0 2850.0 0.03000
4750.0 2850.0 -0.02755
4850.0 2850.0 -0.06181
4950.0 2850.0 -0.05069
5050.0 2850.0 0.03757
5150.0 2850.0 0.19356
5250.0 2850.0 0.38371
5350.0 2850.0 0.56551
5450.0 2850.0 0.69931
5550.0 2850.0 0.75661
5650.0 2850.0 0.72479
5750.0 2850.0 0.60844
5850.0 2850.0 0.42714
5950.0 2850.0 0.20979
6050.0 2850.0 -0.01520
6150.0 2850.0 -0.22756
6250.0 2850.0 -0.40199
6350.0 2850.0 -0.51252
50.0 2950.0 -0.12174
150.0 2950.0 -0.00673
250.0 2950.0 0.08966
350.0 2950.0 0.14942
450.0 2950.0 0.15990
550.0 2950.0 0.11714
650.0 2950.0 0.02731
750.0 2950.0 -0.09388
850.0 2950.0 -0.22367
950.0 2950.0 -0.33673
1050.0 2950.0 -0.41157
1150.0 2950.0 -0.43891
1250.0 2950.0 -0.43198
1350.0 2950.0 -0.40510
1450.0 2950.0 -0.33189
1550.0 2950.0 -0.21119
1650.0 2950.0 -0.06476
1750.0 2950.0 0.07636
1850.0 2950.0 0.18219
1950.0 2950.0 0.23112
2050.0 2950.0 0.21395
2150.0 2950.0 0.13489
2250.0 2950.0 0.00925
2350.0 2950.0 -0.14182
2450.0 2950.0 -0.30021
2550.0 2950.0 -0.47115
2650.0 2950.0 -0.66134
2750.0 2950.0 -0.84613
2850.0 2950.0 -0.98795
2950.0 2950.0 -1.05322
3050.0 2950.0 -1.02366
3150.0 2950.0 -0.90170
3250.0 2950.0 -0.71039
3350.0 2950.0 -0.48742
3450.0 2950.0 -0.27358
3550.0 2950.0 -0.09534
3650.0 2950.0 0.05686
3750.0 2950.0 0.20791
3850.0 2950.0 0.34929
3950.0 2950.0 0.46033
4050.0 2950.0 0.52074
4150.0 2950.0 0.51838
4250.0 2950.0 0.45367
4350.0 2950.0 0.34054
4450.0 2950.0 0.20394
4550.0 2950.0 0.07396
4650.0 2950.0 -0.02344
4750.0 2950.0 -0.07917
4850.0 2950.0 -0.11067
4950.0 2950.0 -0.09249
5050.0 2950.0 0.01183
5150.0 2950.0 0.19471
5250.0 2950.0 0.42184
5350.0 2950.0 0.64796
5450.0 2950.0 0.82931
5550.0 2950.0 0.93259
5650.0 2950.0 0.94064
5750.0 2950.0 0.85461
5850.0 2950.0 0.69286
5950.0 2950.0 0.48639
6050.0 2950.0 0.26954
6150.0 2950.0 0.06582
6250.0 2950.0 -0.09999
6350.0 2950.0 -0.20325
50.0 3050.0 -0.16755
150.0 3050.0 -0.07019
250.0 3050.0 0.00637
350.0 3050.0 0.04389
450.0 3050.0 0.03075
550.0 3050.0 -0.03539
650.0 3050.0 -0.14681
750.0 3050.0 -0.28666
850.0 3050.0 -0.43168
950.0 3050.0 -0.55674
1050.0 3050.0 -0.64116
1150.0 3050.0 -0.67677
1250.0 3050.0 -0.67775
1350.0 3050.0 -0.65796
1450.0 3050.0 -0.58843
1550.0 3050.0 -0.46600
1650.0 3050.0 -0.31154
1750.0 3050.0 -0.15642
1850.0 3050.0 -0.03211
1950.0 3050.0 0.03739
2050.0 3050.0 0.04003
2150.0 3050.0 -0.02282
2250.0 3050.0 -0.13782
2350.0 3050.0 -0.28419
2450.0 3050.0 -0.44140
2550.0 3050.0 -0.60899
2650.0 3050.0 -0.78873
2750.0 3050.0 -0.95434
2850.0 3050.0 -1.06919
2950.0 3050.0 -1.10244
3050.0 3050.0 -1.03942
3150.0 3050.0 -0.88643
3250.0 3050.0 -0.66988
3350.0 3050.0 -0.42979
3450.0 3050.0 -0.20757
3550.0 3050.0 -0.02824
3650.0 3050.0 0.12168
3750.0 3050.0 0.26837
3850.0 3050.0 0.40151
3950.0 3050.0 0.50066
4050.0 3050.0 0.54713
4150.0 3050.0 0.53098
4250.0 3050.0 0.45472
4350.0 3050.0 0.33384
4450.0 3050.0 0.19407
4550.0 3050.0 0.06537
4650.0 3050.0 -0.02722
4750.0 3050.0 -0.07607
4850.0 3050.0 -0.10014
4950.0 3050.0 -0.07475
5050.0 3050.0 0.03746
5150.0 3050.0 0.23077
5250.0 3050.0 0.47267
5350.0 3050.0 0.71905
5450.0 3050.0 0.92610
5550.0 3050.0 1.05933
5650.0 3050.0 1.09940
5750.0 3050.0 1.04487
5850.0 3050.0 0.91192
5950.0 3050.0 0.73096
6050.0 3050.0 0.53879
6150.0 3050.0 0.36304
6250.0 3050.0 0.22818
6350.0 3050.0 0.15502
50.0 3150.0 -0.17750
150.0 3150.0 -0.11049
250.0 3150.0 -0.06322
350.0 3150.0 -0.05204
450.0 3150.0 -0.08661
550.0 3150.0 -0.16808
650.0 3150.0 -0.28866
750.0 3150.0 -0.43269
850.0 3150.0 -0.57926
950.0 3150.0 -0.70620
1050.0 3150.0 -0.79563
1150.0 3150.0 -0.84098
1250.0 3150.0 -0.85537
1350.0 3150.0 -0.84901
1450.0 3150.0 -0.79003
1550.0 3150.0 -0.67280
1650.0 3150.0 -0.51649
1750.0 3150.0 -0.35206
1850.0 3150.0 -0.21194
1950.0 3150.0 -0.12247
2050.0 3150.0 -0.09899
2150.0 3150.0 -0.14367
2250.0 3150.0 -0.24609
2350.0 3150.0 -0.38645
2450.0 3150.0 -0.54177
2550.0 3150.0 -0.70506
2650.0 3150.0 -0.87250
2750.0 3150.0 -1.01618
2850.0 3150.0 -1.10082
2950.0 3150.0 -1.09878
3050.0 3150.0 -0.99954
3150.0 3150.0 -0.81365
3250.0 3150.0 -0.57110
3350.0 3150.0 -0.31418
3450.0 3150.0 -0.08475
3550.0 3150.0 0.09401
3650.0 3150.0 0.23977
3750.0 3150.0 0.37945
3850.0 3150.0 0.50036
3950.0 3150.0 0.58279
4050.0 3150.0 0.61072
4150.0 3150.0 0.57749
4250.0 3150.0 0.48854
4350.0 3150.0 0.36127
4450.0 3150.0 0.22197
4550.0 3150.0 0.09983
4650.0 3150.0 0.01806
4750.0 3150.0 -0.01793
4850.0 3150.0 -0.02917
4950.0 3150.0 0.00318
5050.0 3150.0 0.11252
5150.0 3150.0 0.29495
5250.0 3150.0 0.52289
5350.0 3150.0 0.75806
5450.0 3150.0 0.96182
5550.0 3150.0 1.10300
5650.0 3150.0 1.16322
5750.0 3150.0 1.13967
5850.0 3150.0 1.04530
5950.0 3150.0 0.90660
6050.0 3150.0 0.75825
6150.0 3150.0 0.63237
6250.0 3150.0 0.55304
6350.0 3150.0 0.53433
50.0 3250.0 -0.15259
150.0 3250.0 -0.12691
250.0 3250.0 -0.11620
350.0 3250.0 -0.13257
450.0 3250.0 -0.18297
550.0 3250.0 -0.26793
650.0 3250.0 -0.38142
750.0 3250.0 -0.51168
850.0 3250.0 -0.64316
950.0 3250.0 -0.75955
1050.0 3250.0 -0.84781
1150.0 3250.0 -0.90329
1250.0 3250.0 -0.93584
1350.0 3250.0 -0.94860
1450.0 3250.0 -0.90677
1550.0 3250.0 -0.80203
1650.0 3250.0 -0.65114
1750.0 3250.0 -0.48378
1850.0 3250.0 -0.33269
1950.0 3250.0 -0.22620
2050.0 3250.0 -0.18304
2150.0 3250.0 -0.20940
2250.0 3250.0 -0.29843
2350.0 3250.0 -0.43197
2450.0 3250.0 -0.58485
2550.0 3250.0 -0.74344
2650.0 3250.0 -0.89878
2750.0 3250.0 -1.02170
2850.0 3250.0 -1.07843
2950.0 3250.0 -1.04454
3050.0 3250.0 -0.91345
3150.0 3250.0 -0.69951
3250.0 3250.0 -0.43578
3350.0 3250.0 -0.16626
3450.0 3250.0 0.06713
3550.0 3250.0 0.24310
3650.0 3250.0 0.38301
3750.0 3250.0 0.51352
3850.0 3250.0 0.61924
3950.0 3250.0 0.68171
4050.0 3250.0 0.68846
4150.0 3250.0 0.63695
4250.0 3250.0 0.53610
4350.0 3250.0 0.40531
4450.0 3250.0 0.27108
4550.0 3250.0 0.16110
4650.0 3250.0 0.09595
4750.0 3250.0 0.07825
4850.0 3250.0 0.08454
4950.0 3250.0 0.12306
5050.0 3250.0 0.21854
5150.0 3250.0 0.36865
5250.0 3250.0 0.55362
5350.0 3250.0 0.74558
5450.0 3250.0 0.91603
5550.0 3250.0 1.04163
5650.0 3250.0 1.10820
5750.0 3250.0 1.11285
5850.0 3250.0 1.06450
5950.0 3250.0 0.98247
6050.0 3250.0 0.89468
6150.0 3250.0 0.83731
6250.0 3250.0 0.83355
6350.0 3250.0 0.88802
50.0 3350.0 -0.10080
150.0 3350.0 -0.12340
250.0 3350.0 -0.15268
350.0 3350.0 -0.19448
450.0 3350.0 -0.25247
550.0 3350.0 -0.32737
650.0 3350.0 -0.41666
750.0 3350.0 -0.51494
850.0 3350.0 -0.61478
950.0 3350.0 -0.70818
1050.0 3350.0 -0.78855
1150.0 3350.0 -0.85332
1250.0 3350.0 -0.90700
1350.0 3350.0 -0.94276
1450.0 3350.0 -0.92311
1550.0 3350.0 -0.83712
1650.0 3350.0 -0.69863
1750.0 3350.0 -0.53528
1850.0 3350.0 -0.37943
1950.0 3350.0 -0.26083
2050.0 3350.0 -0.20131
2150.0 3350.0 -0.21114
2250.0 3350.0 -0.28739
2350.0 3350.0 -0.41401
2450.0 3350.0 -0.56410
2550.0 3350.0 -0.71835
2650.0 3350.0 -0.86397
2750.0 3350.0 -0.97122
2850.0 3350.0 -1.00788
2950.0 3350.0 -0.95214
3050.0 3350.0 -0.80037
3150.0 3350.0 -0.56953
3250.0 3350.0 -0.29451
3350.0 3350.0 -0.02004
3450.0 3350.0 0.21243
3550.0 3350.0 0.38325
3650.0 3350.0 0.51616
3750.0 3350.0 0.63630
3850.0 3350.0 0.72555
3950.0 3350.0 0.76718
4050.0 3350.0 0.75275
4150.0 3350.0 0.68426
4250.0 3350.0 0.57420
4350.0 3350.0 0.44382
4450.0 3350.0 0.31937
4550.0 3350.0 0.22643
4650.0 3350.0 0.18233
4750.0 3350.0 0.18664
4850.0 3350.0 0.21352
4950.0 3350.0 0.25704
5050.0 3350.0 0.32952
5150.0 3350.0 0.42993
5250.0 3350.0 0.54839
5350.0 3350.0 0.67081
5450.0 3350.0 0.78274
5550.0 3350.0 0.87223
5650.0 3350.0 0.93191
5750.0 3350.0 0.96012
5850.0 3350.0 0.96121
5950.0 3350.0 0.94495
6050.0 3350.0 0.92860
6150.0 3350.0 0.95119
6250.0 3350.0 1.03415
6350.0 3350.0 1.17086
50.0 3450.0 -0.03516
150.0 3450.0 -0.10772
250.0 3450.0 -0.17605
350.0 3450.0 -0.23832
450.0 3450.0 -0.29476
550.0 3450.0 -0.34700
650.0 3450.0 -0.39749
750.0 3450.0 -0.44897
850.0 3450.0 -0.50397
950.0 3450.0 -0.56434
1050.0 3450.0 -0.63092
1150.0 3450.0 -0.70310
1250.0 3450.0 -0.77855
1350.0 3450.0 -0.83868
1450.0 3450.0 -0.84372
1550.0 3450.0 -0.78048
1650.0 3450.0 -0.65972
1750.0 3450.0 -0.50655
1850.0 3450.0 -0.35224
1950.0 3450.0 -0.22736
2050.0 3450.0 -0.15625
2150.0 3450.0 -0.15291
2250.0 3450.0 -0.21821
2350.0 3450.0 -0.33850
2450.0 3450.0 -0.48579
2550.0 3450.0 -0.63665
2650.0 3450.0 -0.77657
2750.0 3450.0 -0.87612
2850.0 3450.0 -0.90439
2950.0 3450.0 -0.84121
3050.0 3450.0 -0.68435
3150.0 3450.0 -0.45169
3250.0 3450.0 -0.17826
3350.0 3450.0 0.09169
3450.0 3450.0 0.31776
3550.0 3450.0 0.48139
3650.0 3450.0 0.60692
3750.0 3450.0 0.71664
3850.0 3450.0 0.79005
3950.0 3450.0 0.81240
4050.0 3450.0 0.77937
4150.0 3450.0 0.69734
4250.0 3450.0 0.58212
4350.0 3450.0 0.45635
4450.0 3450.0 0.34557
4550.0 3450.0 0.27285
4650.0 3450.0 0.25204
4750.0 3450.0 0.27971
4850.0 3450.0 0.32799
4950.0 3450.0 0.37518
5050.0 3450.0 0.41918
5150.0 3450.0 0.45991
5250.0 3450.0 0.49823
5350.0 3450.0 0.53553
5450.0 3450.0 0.57337
5550.0 3450.0 0.61316
5650.0 3450.0 0.65593
5750.0 3450.0 0.70214
5850.0 3450.0 0.75154
5950.0 3450.0 0.80317
6050.0 3450.0 0.86128
6150.0 3450.0 0.96601
6250.0 3450.0 1.13603
6350.0 3450.0 1.35277
50.0 3550.0 0.02849
150.0 3550.0 -0.09018
250.0 3550.0 -0.19247
350.0 3550.0 -0.26855
450.0 3550.0 -0.31538
550.0 3550.0 -0.33610
650.0 3550.0 -0.33886
750.0 3550.0 -0.33525
850.0 3550.0 -0.33836
950.0 3550.0 -0.36026
1050.0 3550.0 -0.40922
1150.0 3550.0 -0.48634
1250.0 3550.0 -0.58180
1350.0 3550.0 -0.66484
1450.0 3550.0 -0.69409
1550.0 3550.0 -0.65453
1650.0 3550.0 -0.55403
1750.0 3550.0 -0.41504
1850.0 3550.0 -0.26734
1950.0 3550.0 -0.14164
2050.0 3550.0 -0.06409
2150.0 3550.0 -0.05172
2250.0 3550.0 -0.10875
2350.0 3550.0 -0.22385
2450.0 3550.0 -0.36861
2550.0 3550.0 -0.51745
2650.0 3550.0 -0.65644
2750.0 3550.0 -0.75731
2850.0 3550.0 -0.79010
2950.0 3550.0 -0.73505
3050.0 3550.0 -0.58967
3150.0 3550.0 -0.37082
3250.0 3550.0 -0.11200
3350.0 3550.0 0.14428
3450.0 3550.0 0.35903
3550.0 3550.0 0.51421
3650.0 3550.0 0.63279
3750.0 3550.0 0.73319
3850.0 3550.0 0.79313
3950.0 3550.0 0.79984
4050.0 3550.0 0.75275
4150.0 3550.0 0.66202
4250.0 3550.0 0.54608
4350.0 3550.0 0.42846
4450.0 3550.0 0.33360
4550.0 3550.0 0.28194
4650.0 3550.0 0.28400
4750.0 3550.0 0.33375
4850.0 3550.0 0.40189
4950.0 3550.0 0.45155
5050.0 3550.0 0.46635
5150.0 3550.0 0.44683
5250.0 3550.0 0.40415
5350.0 3550.0 0.35469
5450.0 3550.0 0.31576
5550.0 3550.0 0.30206
5650.0 3550.0 0.32321
5750.0 3550.0 0.38216
5850.0 3550.0 0.47452
5950.0 3550.0 0.58882
6050.0 3550.0 0.71605
6150.0 3550.0 0.89553
6250.0 3550.0 1.14224
6350.0 3550.0 1.42626
50.0 3650.0 0.07431
150.0 3650.0 -0.08173
250.0 3650.0 -0.20983
350.0 3650.0 -0.29277
450.0 3650.0 -0.32483
550.0 3650.0 -0.31093
650.0 3650.0 -0.26478
750.0 3650.0 -0.20635
850.0 3650.0 -0.15840
950.0 3650.0 -0.14228
1050.0 3650.0 -0.17278
1150.0 3650.0 -0.25226
1250.0 3650.0 -0.36390
1350.0 3650.0 -0.46588
1450.0 3650.0 -0.51581
1550.0 3650.0 -0.49751
1650.0 3650.0 -0.41639
1750.0 3650.0 -0.29251
1850.0 3650.0 -0.15406
1950.0 3650.0 -0.03143
2050.0 3650.0 0.04815
2150.0 3650.0 0.06550
2250.0 3650.0 0.01382
2350.0 3650.0 -0.09757
2450.0 3650.0 -0.24031
2550.0 3650.0 -0.38862
2650.0 3650.0 -0.53116
2750.0 3650.0 -0.64147
2850.0 3650.0 -0.69011
2950.0 3650.0 -0.65659
3050.0 3650.0 -0.53656
3150.0 3650.0 -0.34430
3250.0 3650.0 -0.11037
3350.0 3650.0 0.12536
3450.0 3650.0 0.32559
3550.0 3650.0 0.47211
3650.0 3650.0 0.58492
3750.0 3650.0 0.67805
3850.0 3650.0 0.72813
3950.0 3650.0 0.72417
4050.0 3650.0 0.66859
4150.0 3650.0 0.57432
4250.0 3650.0 0.46159
4350.0 3650.0 0.35420
4450.0 3650.0 0.27533
4550.0 3650.0 0.24296
4650.0 3650.0 0.26484
4750.0 3650.0 0.33296
4850.0 3650.0 0.41735
4950.0 3650.0 0.46869
5050.0 3650.0 0.45862
5150.0 3650.0 0.38812
5250.0 3650.0 0.27683
5350.0 3650.0 0.15367
5450.0 3650.0 0.04908
5550.0 3650.0 -0.01100
5650.0 3650.0 -0.00966
5750.0 3650.0 0.05827
5850.0 3650.0 0.18503
5950.0 3650.0 0.35042
6050.0 3650.0 0.53398
6150.0 3650.0 0.77263
6250.0 3650.0 1.07692
6350.0 3650.0 1.40743
50.0 3750.0 0.08974
150.0 3750.0 -0.09174
250.0 3750.0 -0.23592
350.0 3750.0 -0.31984
450.0 3750.0 -0.33592
550.0 3750.0 -0.29074
650.0 3750.0 -0.20263
750.0 3750.0 -0.09824
850.0 3750.0 -0.00792
950.0 3750.0 0.03990
1050.0 3750.0 0.02551
1150.0 3750.0 -0.05420
1250.0 3750.0 -0.17678
1350.0 3750.0 -0.29192
1450.0 3750.0 -0.35670
1550.0 3750.0 -0.35426
1650.0 3750.0 -0.28836
1750.0 3750.0 -0.17722
1850.0 3750.0 -0.04769
1950.0 3750.0 0.07032
2050.0 3750.0 0.14914
2150.0 3750.0 0.16833
2250.0 3750.0 0.11938
2350.0 3750.0 0.01018
2450.0 3750.0 -0.13122
2550.0 3750.0 -0.28031
2650.0 3750.0 -0.42970
2750.0 3750.0 -0.55509
2850.0 3750.0 -0.62710
2950.0 3750.0 -0.62362
3050.0 3750.0 -0.53741
3150.0 3750.0 -0.37912
3250.0 3750.0 -0.17559
3350.0 3750.0 0.03641
3450.0 3750.0 0.22125
3550.0 3750.0 0.36001
3650.0 3750.0 0.46877
3750.0 3750.0 0.55724
3850.0 3750.0 0.60163
3950.0 3750.0 0.59237
4050.0 3750.0 0.53379
4150.0 3750.0 0.44050
4250.0 3750.0 0.33359
4350.0 3750.0 0.23663
4450.0 3750.0 0.17157
4550.0 3750.0 0.15446
4650.0 3750.0 0.19103
4750.0 3750.0 0.27210
4850.0 3750.0 0.36768
4950.0 3750.0 0.42048
5050.0 3750.0 0.39415
5150.0 3750.0 0.29006
5250.0 3750.0 0.13361
5350.0 3750.0 -0.03787
5450.0 3750.0 -0.18514
5550.0 3750.0 -0.27485
5650.0 3750.0 -0.28527
5750.0 3750.0 -0.20990
5850.0 3750.0 -0.05883
5950.0 3750.0 0.14188
6050.0 3750.0 0.36396
6150.0 3750.0 0.64089
6250.0 3750.0 0.97858
6350.0 3750.0 1.33069
50.0 3850.0 0.06923
150.0 3850.0 -0.12510
250.0 3850.0 -0.27604
350.0 3850.0 -0.35709
450.0 3850.0 -0.35968
550.0 3850.0 -0.29167
650.0 3850.0 -0.17446
750.0 3850.0 -0.03897
850.0 3850.0 0.07972
950.0 3850.0 0.14885
1050.0 3850.0 0.14584
1150.0 3850.0 0.06728
1250.0 3850.0 -0.06078
1350.0 3850.0 -0.18277
1450.0 3850.0 -0.25553
1550.0 3850.0 -0.26197
1650.0 3850.0 -0.20496
1750.0 3850.0 -0.10170
1850.0 3850.0 0.02179
1950.0 3850.0 0.13601
2050.0 3850.0 0.21323
2150.0 3850.0 0.23245
2250.0 3850.0 0.18438
2350.0 3850.0 0.07612
2450.0 3850.0 -0.06464
2550.0 3850.0 -0.21542
2650.0 3850.0 -0.37334
2750.0 3850.0 -0.51618
2850.0 3850.0 -0.61433
2950.0 3850.0 -0.64355
3050.0 3850.0 -0.59327
3150.0 3850.0 -0.47020
3250.0 3850.0 -0.29735
3350.0 3850.0 -0.10841
3450.0 3850.0 0.06239
3550.0 3850.0 0.19514
3650.0 3850.0 0.30172
3750.0 3850.0 0.38813
3850.0 3850.0 0.43076
3950.0 3850.0 0.42089
4050.0 3850.0 0.36376
4150.0 3850.0 0.27456
4250.0 3850.0 0.17443
4350.0 3850.0 0.08640
4450.0 3850.0 0.03140
4550.0 3850.0 0.02422
4650.0 3850.0 0.06945
4750.0 3850.0 0.15752
4850.0 3850.0 0.25894
4950.0 3850.0 0.31351
5050.0 3850.0 0.28174
5150.0 3850.0 0.16546
5250.0 3850.0 -0.00724
5350.0 3850.0 -0.19541
5450.0 3850.0 -0.35614
5550.0 3850.0 -0.45323
5650.0 3850.0 -0.46333
5750.0 3850.0 -0.37978
5850.0 3850.0 -0.21402
5950.0 3850.0 0.00541
6050.0 3850.0 0.24702
6150.0 3850.0 0.54054
6250.0 3850.0 0.88733
6350.0 3850.0 1.23712
50.0 3950.0 0.01850
150.0 3950.0 -0.17888
250.0 3950.0 -0.32991
350.0 3950.0 -0.40647
450.0 3950.0 -0.39974
550.0 3950.0 -0.31834
650.0 3950.0 -0.18527
750.0 3950.0 -0.03347
850.0 3950.0 0.09983
950.0 3950.0 0.18002
1050.0 3950.0 0.18338
1150.0 3950.0 0.10652
1250.0 3950.0 -0.02278
1350.0 3950.0 -0.14659
1450.0 3950.0 -0.22160
1550.0 3950.0 -0.23070
1650.0 3950.0 -0.17653
1750.0 3950.0 -0.07599
1850.0 3950.0 0.04519
1950.0 3950.0 0.15772
2050.0 3950.0 0.23390
2150.0 3950.0 0.25267
2250.0 3950.0 0.20456
2350.0 3950.0 0.09644
2450.0 3950.0 -0.04418
2550.0 3950.0 -0.19711
2650.0 3950.0 -0.36378
2750.0 3950.0 -0.52385
2850.0 3950.0 -0.64724
2950.0 3950.0 -0.70751
3050.0 3950.0 -0.69081
3150.0 3950.0 -0.60010
3250.0 3950.0 -0.45486
3350.0 3950.0 -0.28611
3450.0 3950.0 -0.12695
3550.0 3950.0 0.00158
3650.0 3950.0 0.10746
3750.0 3950.0 0.19379
3850.0 3950.0 0.23740
3950.0 3950.0 0.23002
4050.0 3950.0 0.17700
4150.0 3950.0 0.09334
4250.0 3950.0 -0.00032
4350.0 3950.0 -0.08159
4450.0 3950.0 -0.13029
4550.0 3950.0 -0.13232
4650.0 3950.0 -0.08345
4750.0 3950.0 0.00682
4850.0 3950.0 0.10989
4950.0 3950.0 0.16680
5050.0 3950.0 0.13903
5150.0 3950.0 0.02901
5250.0 3950.0 -0.13502
5350.0 3950.0 -0.31239
5450.0 3950.0 -0.46093
5550.0 3950.0 -0.54544
5650.0 3950.0 -0.54370
5750.0 3950.0 -0.45003
5850.0 3950.0 -0.27642
5950.0 3950.0 -0.05116
6050.0 3950.0 0.19509
6150.0 3950.0 0.48848
6250.0 3950.0 0.82624
6350.0 3950.0 1.15645
50.0 4050.0 -0.04482
150.0 4050.0 -0.24116
250.0 4050.0 -0.38949
350.0 4050.0 -0.46089
450.0 4050.0 -0.44650
550.0 4050.0 -0.35551
650.0 4050.0 -0.21183
750.0 4050.0 -0.04950
850.0 4050.0 0.09315
950.0 4050.0 0.18063
1050.0 4050.0 0.18875
1150.0 4050.0 0.11426
1250.0 4050.0 -0.01416
1350.0 4050.0 -0.13740
1450.0 4050.0 -0.21229
1550.0 4050.0 -0.22194
1650.0 4050.0 -0.16903
1750.0 4050.0 -0.07034
1850.0 4050.0 0.04862
1950.0 4050.0 0.15885
2050.0 4050.0 0.23297
2150.0 4050.0 0.25019
2250.0 4050.0 0.20121
2350.0 4050.0 0.09288
2450.0 4050.0 -0.04759
2550.0 4050.0 -0.20240
2650.0 4050.0 -0.37694
2750.0 4050.0 -0.55255
2850.0 4050.0 -0.69868
2950.0 4050.0 -0.78691
3050.0 4050.0 -0.80040
3150.0 4050.0 -0.73873
3250.0 4050.0 -0.61819
3350.0 4050.0 -0.46743
3450.0 4050.0 -0.31854
3550.0 4050.0 -0.19358
3650.0 4050.0 -0.08809
3750.0 4050.0 -0.00161
3850.0 4050.0 0.04308
3950.0 4050.0 0.03793
4050.0 4050.0 -0.01173
4150.0 4050.0 -0.09119
4250.0 4050.0 -0.18021
4350.0 4050.0 -0.25694
4450.0 4050.0 -0.30170
4550.0 4050.0 -0.30077
4650.0 4050.0 -0.25012
4750.0 4050.0 -0.15906
4850.0 4050.0 -0.05544
4950.0 4050.0 0.00455
5050.0 4050.0 -0.01507
5150.0 4050.0 -0.11119
5250.0 4050.0 -0.25637
5350.0 4050.0 -0.41178
5450.0 4050.0 -0.53763
5550.0 4050.0 -0.60123
5650.0 4050.0 -0.58256
5750.0 4050.0 -0.47739
5850.0 4050.0 -0.29796
5950.0 4050.0 -0.07123
6050.0 4050.0 0.17450
6150.0 4050.0 0.46182
6250.0 4050.0 0.78380
6350.0 4050.0 1.08775
50.0 4150.0 -0.12257
150.0 4150.0 -0.31019
250.0 4150.0 -0.44945
350.0 4150.0 -0.51130
450.0 4150.0 -0.48694
550.0 4150.0 -0.38570
650.0 4150.0 -0.23171
750.0 4150.0 -0.05922
850.0 4150.0 0.09324
950.0 4150.0 0.19008
1050.0 4150.0 0.20708
1150.0 4150.0 0.14106
1250.0 4150.0 0.02088
1350.0 4150.0 -0.09509
1450.0 4150.0 -0.16644
1550.0 4150.0 -0.17814
1650.0 4150.0 -0.13343
1750.0 4150.0 -0.04835
1850.0 4150.0 0.05333
1950.0 4150.0 0.14507
2050.0 4150.0 0.20227
2150.0 4150.0 0.20667
2250.0 4150.0 0.15060
2350.0 4150.0 0.04097
2450.0 4150.0 -0.09744
2550.0 4150.0 -0.25059
2650.0 4150.0 -0.42584
2750.0 4150.0 -0.60567
2850.0 4150.0 -0.75991
2950.0 4150.0 -0.85976
3050.0 4150.0 -0.88735
3150.0 4150.0 -0.84071
3250.0 4150.0 -0.73435
3350.0 4150.0 -0.59526
3450.0 4150.0 -0.45445
3550.0 4150.0 -0.33402
3650.0 4150.0 -0.23131
3750.0 4150.0 -0.14884
3850.0 4150.0 -0.11093
3950.0 4150.0 -0.12553
4050.0 4150.0 -0.18622
4150.0 4150.0 -0.27676
4250.0 4150.0 -0.37543
4350.0 4150.0 -0.45922
4450.0 4150.0 -0.50785
4550.0 4150.0 -0.50762
4650.0 4150.0 -0.45508
4750.0 4150.0 -0.36056
4850.0 4150.0 -0.25275
4950.0 4150.0 -0.18499
5050.0 4150.0 -0.18987
5150.0 4150.0 -0.26375
5250.0 4150.0 -0.38068
5350.0 4150.0 -0.50457
5450.0 4150.0 -0.59898
5550.0 4150.0 -0.63448
5650.0 4150.0 -0.59367
5750.0 4150.0 -0.47383
5850.0 4150.0 -0.28712
5950.0 4150.0 -0.05851
6050.0 4150.0 0.18654
6150.0 4150.0 0.46515
6250.0 4150.0 0.76477
6350.0 4150.0 1.03219
50.0 4250.0 -0.21601
150.0 4250.0 -0.38092
250.0 4250.0 -0.50006
350.0 4250.0 -0.54574
450.0 4250.0 -0.50932
550.0 4250.0 -0.39941
650.0 4250.0 -0.23874
750.0 4250.0 -0.05980
850.0 4250.0 0.10069
950.0 4250.0 0.20869
1050.0 4250.0 0.24090
1150.0 4250.0 0.19405
1250.0 4250.0 0.09553
1350.0 4250.0 -0.00067
1450.0 4250.0 -0.06119
1550.0 4250.0 -0.07571
1650.0 4250.0 -0.04890
1750.0 4250.0 0.00472
1850.0 4250.0 0.06558
1950.0 4250.0 0.11314
2050.0 4250.0 0.12961
2150.0 4250.0 0.10306
2250.0 4250.0 0.03005
2350.0 4250.0 -0.08230
2450.0 4250.0 -0.21508
2550.0 4250.0 -0.36026
2650.0 4250.0 -0.52388
2750.0 4250.0 -0.68873
2850.0 4250.0 -0.82650
2950.0 4250.0 -0.91083
3050.0 4250.0 -0.92603
3150.0 4250.0 -0.87164
3250.0 4250.0 -0.76262
3350.0 4250.0 -0.62542
3450.0 4250.0 -0.48973
3550.0 4250.0 -0.37598
3650.0 4250.0 -0.28043
3750.0 4250.0 -0.20922
3850.0 4250.0 -0.19120
3950.0 4250.0 -0.23424
4050.0 4250.0 -0.32885
4150.0 4250.0 -0.45431
4250.0 4250.0 -0.58434
4350.0 4250.0 -0.69223
4450.0 4250.0 -0.75553
4550.0 4250.0 -0.76016
4650.0 4250.0 -0.70416
4750.0 4250.0 -0.60082
4850.0 4250.0 -0.48212
4950.0 4250.0 -0.39861
5050.0 4250.0 -0.37873
5150.0 4250.0 -0.41866
5250.0 4250.0 -0.49496
5350.0 4250.0 -0.57556
5450.0 4250.0 -0.62843
5550.0 4250.0 -0.62810
5650.0 4250.0 -0.56001
5750.0 4250.0 -0.42261
5850.0 4250.0 -0.22735
5950.0 4250.0 0.00366
6050.0 4250.0 0.24797
6150.0 4250.0 0.51421
6250.0 4250.0 0.78225
6350.0 4250.0 0.99893
50.0 4350.0 -0.31090
150.0 4350.0 -0.43785
250.0 4350.0 -0.52567
350.0 4350.0 -0.55001
450.0 4350.0 -0.50260
550.0 4350.0 -0.39005
650.0 4350.0 -0.23148
750.0 4350.0 -0.05494
850.0 4350.0 0.10744
950.0 4350.0 0.22540
1050.0 4350.0 0.27783
1150.0 4350.0 0.26115
1250.0 4350.0 0.19899
1350.0 4350.0 0.13670
1450.0 4350.0 0.09651
1550.0 4350.0 0.08144
1650.0 4350.0 0.08425
1750.0 4350.0 0.09256
1850.0 4350.0 0.09298
1950.0 4350.0 0.07419
2050.0 4350.0 0.02902
2150.0 4350.0 -0.04449
2250.0 4350.0 -0.14298
2350.0 4350.0 -0.25874
2450.0 4350.0 -0.38187
2550.0 4350.0 -0.51244
2650.0 4350.0 -0.65206
2750.0 4350.0 -0.78315
2850.0 4350.0 -0.88085
2950.0 4350.0 -0.92399
3050.0 4350.0 -0.90221
3150.0 4350.0 -0.81934
3250.0 4350.0 -0.69283
3350.0 4350.0 -0.54944
3450.0 4350.0 -0.41711
3550.0 4350.0 -0.31291
3650.0 4350.0 -0.22937
3750.0 4350.0 -0.17679
3850.0 4350.0 -0.19102
3950.0 4350.0 -0.27963
4050.0 4350.0 -0.42802
4150.0 4350.0 -0.60825
4250.0 4350.0 -0.78678
4350.0 4350.0 -0.93117
4450.0 4350.0 -1.01571
4550.0 4350.0 -1.02608
4650.0 4350.0 -0.96290
4750.0 4350.0 -0.84424
4850.0 4350.0 -0.70732
4950.0 4350.0 -0.60029
5050.0 4350.0 -0.54753
5150.0 4350.0 -0.54571
5250.0 4350.0 -0.57479
5350.0 4350.0 -0.60737
5450.0 4350.0 -0.61611
5550.0 4350.0 -0.57934
5650.0 4350.0 -0.48469
5750.0 4350.0 -0.33093
5850.0 4350.0 -0.12789
5950.0 4350.0 0.10555
6050.0 4350.0 0.34919
6150.0 4350.0 0.60061
6250.0 4350.0 0.83095
6350.0 4350.0 0.98796
50.0 4450.0 -0.38775
150.0 4450.0 -0.46403
250.0 4450.0 -0.51221
350.0 4450.0 -0.51349
450.0 4450.0 -0.46007
550.0 4450.0 -0.35522
650.0 4450.0 -0.21203
750.0 4450.0 -0.05113
850.0 4450.0 0.10284
950.0 4450.0 0.22585
1050.0 4450.0 0.30034
1150.0 4450.0 0.32216
1250.0 4450.0 0.30867
1350.0 4450.0 0.29261
1450.0 4450.0 0.28263
1550.0 4450.0 0.27268
1650.0 4450.0 0.25201
1750.0 4450.0 0.21036
1850.0 4450.0 0.14152
1950.0 4450.0 0.04519
2050.0 4450.0 -0.07280
2150.0 4450.0 -0.20196
2250.0 4450.0 -0.33028
2350.0 4450.0 -0.44898
2450.0 4450.0 -0.55897
2550.0 4450.0 -0.66971
2650.0 4450.0 -0.77638
2750.0 4450.0 -0.86079
2850.0 4450.0 -0.90274
2950.0 4450.0 -0.88821
3050.0 4450.0 -0.81427
3150.0 4450.0 -0.69077
3250.0 4450.0 -0.53877
3350.0 4450.0 -0.38566
3450.0 4450.0 -0.25705
3550.0 4450.0 -0.16544
3650.0 4450.0 -0.09803
3750.0 4450.0 -0.06952
3850.0 4450.0 -0.12392
3950.0 4450.0 -0.26791
4050.0 4450.0 -0.48030
4150.0 4450.0 -0.72422
4250.0 4450.0 -0.95745
4350.0 4450.0 -1.14099
4450.0 4450.0 -1.24587
4550.0 4450.0 -1.25817
4650.0 4450.0 -1.18222
4750.0 4450.0 -1.04207
4850.0 4450.0 -0.88077
4950.0 4450.0 -0.74491
5050.0 4450.0 -0.65600
5150.0 4450.0 -0.61212
5250.0 4450.0 -0.59697
5350.0 4450.0 -0.58758
5450.0 4450.0 -0.56045
5550.0 4450.0 -0.49636
5650.0 4450.0 -0.38360
5750.0 4450.0 -0.21981
5850.0 4450.0 -0.01233
5950.0 4450.0 0.22291
6050.0 4450.0 0.46615
6150.0 4450.0 0.70260
6250.0 4450.0 0.89501
6350.0 4450.0 0.99304
50.0 4550.0 -0.42950
150.0 4550.0 -0.44754
250.0 4550.0 -0.45246
350.0 4550.0 -0.43287
450.0 4550.0 -0.38160
550.0 4550.0 -0.29731
650.0 4550.0 -0.18492
750.0 4550.0 -0.05501
850.0 4550.0 0.07787
950.0 4550.0 0.19809
1050.0 4550.0 0.29280
1150.0 4550.0 0.35700
1250.0 4550.0 0.39960
1350.0 4550.0 0.43783
1450.0 4550.0 0.46640
1550.0 4550.0 0.46976
1650.0 4550.0 0.43298
1750.0 4550.0 0.34731
1850.0 4550.0 0.21340
1950.0 4550.0 0.04204
2050.0 4550.0 -0.14753
2150.0 4550.0 -0.33168
2250.0 4550.0 -0.48894
2350.0 4550.0 -0.60896
2450.0 4550.0 -0.70355
2550.0 4550.0 -0.79175
2650.0 4550.0 -0.86184
2750.0 4550.0 -0.89528
2850.0 4550.0 -0.87716
2950.0 4550.0 -0.80133
3050.0 4550.0 -0.67287
3150.0 4550.0 -0.50797
3250.0 4550.0 -0.33123
3350.0 4550.0 -0.17031
3450.0 4550.0 -0.04797
3550.0 4550.0 0.02842
3650.0 4550.0 0.07718
3750.0 4550.0 0.07921
3850.0 4550.0 -0.01705
3950.0 4550.0 -0.21664
4050.0 4550.0 -0.49115
4150.0 4550.0 -0.79446
4250.0 4550.0 -1.07586
4350.0 4550.0 -1.29047
4450.0 4550.0 -1.40708
4550.0 4550.0 -1.41331
4650.0 4550.0 -1.31815
4750.0 4550.0 -1.15182
4850.0 4550.0 -0.96245
4950.0 4550.0 -0.79604
5050.0 4550.0 -0.67344
5150.0 4550.0 -0.59510
5250.0 4550.0 -0.54824
5350.0 4550.0 -0.51311
5450.0 4550.0 -0.46817
5550.0 4550.0 -0.39437
5650.0 4550.0 -0.27843
5750.0 4550.0 -0.11511
5850.0 4550.0 0.09143
5950.0 4550.0 0.32729
6050.0 4550.0 0.57052
6150.0 4550.0 0.79428
6250.0 4550.0 0.95479
6350.0 4550.0 1.00450
50.0 4650.0 -0.42668
150.0 4650.0 -0.38540
250.0 4650.0 -0.34865
350.0 4650.0 -0.31377
450.0 4650.0 -0.27426
550.0 4650.0 -0.22328
650.0 4650.0 -0.15609
750.0 4650.0 -0.07148
850.0 4650.0 0.02790
950.0 4650.0 0.13619
1050.0 4650.0 0.24606
1150.0 4650.0 0.35145
1250.0 4650.0 0.45133
1350.0 4650.0 0.54618
1450.0 4650.0 0.61846
1550.0 4650.0 0.64410
1650.0 4650.0 0.60373
1750.0 4650.0 0.48907
1850.0 4650.0 0.30609
1950.0 4650.0 0.07498
2050.0 4650.0 -0.17315
2150.0 4650.0 -0.40266
2250.0 4650.0 -0.58308
2350.0 4650.0 -0.70201
2450.0 4650.0 -0.78060
2550.0 4650.0 -0.84650
2650.0 4650.0 -0.88231
2750.0 4650.0 -0.86972
2850.0 4650.0 -0.79907
2950.0 4650.0 -0.67149
3050.0 4650.0 -0.49907
3150.0 4650.0 -0.30317
3250.0 4650.0 -0.11077
3350.0 4650.0 0.05115
3450.0 4650.0 0.16310
3550.0 4650.0 0.22255
3650.0 4650.0 0.25216
3750.0 4650.0 0.22878
3850.0 4650.0 0.09531
3950.0 4650.0 -0.15079
4050.0 4650.0 -0.47417
4150.0 4650.0 -0.82062
4250.0 4650.0 -1.13264
4350.0 4650.0 -1.36144
4450.0 4650.0 -1.47542
4550.0 4650.0 -1.46513
4650.0 4650.0 -1.34474
4750.0 4650.0 -1.14997
4850.0 4650.0 -0.93194
4950.0 4650.0 -0.73710
5050.0 4650.0 -0.58834
5150.0 4650.0 -0.48928
5250.0 4650.0 -0.42994
5350.0 4650.0 -0.39192
5450.0 4650.0 -0.35311
5550.0 4650.0 -0.29191
5650.0 4650.0 -0.19100
5750.0 4650.0 -0.04060
5850.0 4650.0 0.15872
5950.0 4650.0 0.39368
6050.0 4650.0 0.63735
6150.0 4650.0 0.85263
6250.0 4650.0 0.99210
6350.0 4650.0 1.01171
50.0 4750.0 -0.37971
150.0 4750.0 -0.28471
250.0 4750.0 -0.21274
350.0 4750.0 -0.17025
450.0 4750.0 -0.15139
550.0 4750.0 -0.14354
650.0 4750.0 -0.13180
750.0 4750.0 -0.10261
850.0 4750.0 -0.04619
950.0 4750.0 0.04180
1050.0 4750.0 0.15972
1150.0 4750.0 0.30036
1250.0 4750.0 0.45230
1350.0 4750.0 0.59988
1450.0 4750.0 0.71678
1550.0 4750.0 0.77246
1650.0 4750.0 0.74337
1750.0 4750.0 0.62041
1850.0 4750.0 0.41250
1950.0 4750.0 0.14618
2050.0 4750.0 -0.13870
2150.0 4750.0 -0.39721
2250.0 4750.0 -0.59146
2350.0 4750.0 -0.70665
2450.0 4750.0 -0.77040
2550.0 4750.0 -0.81713
2650.0 4750.0 -0.82623
2750.0 4750.0 -0.78060
2850.0 4750.0 -0.67506
2950.0 4750.0 -0.51621
3050.0 4750.0 -0.32084
3150.0 4750.0 -0.11310
3250.0 4750.0 0.07966
3350.0 4750.0 0.23240
3450.0 4750.0 0.32918
3550.0 4750.0 0.37127
3650.0 4750.0 0.38335
3750.0 4750.0 0.33879
3850.0 4750.0 0.17804
3950.0 4750.0 -0.09824
4050.0 4750.0 -0.44891
4150.0 4750.0 -0.81401
4250.0 4750.0 -1.13209
4350.0 4750.0 -1.35323
4450.0 4750.0 -1.44769
4550.0 4750.0 -1.41030
4650.0 4750.0 -1.26046
4750.0 4750.0 -1.03784
4850.0 4750.0 -0.79377
4950.0 4750.0 -0.57594
5050.0 4750.0 -0.41190
5150.0 4750.0 -0.30894
5250.0 4750.0 -0.25875
5350.0 4750.0 -0.24220
5450.0 4750.0 -0.23399
5550.0 4750.0 -0.20742
5650.0 4750.0 -0.13900
5750.0 4750.0 -0.01315
5850.0 4750.0 0.17315
5950.0 4750.0 0.40575
6050.0 4750.0 0.65024
6150.0 4750.0 0.86222
6250.0 4750.0 0.99391
6350.0 4750.0 1.00506
50.0 4850.0 -0.29865
150.0 4850.0 -0.16116
250.0 4850.0 -0.06401
350.0 4850.0 -0.02210
450.0 4850.0 -0.03015
550.0 4850.0 -0.07007
650.0 4850.0 -0.11751
750.0 4850.0 -0.14732
850.0 4850.0 -0.13820
950.0 4850.0 -0.07631
1050.0 4850.0 0.04197
1150.0 4850.0 0.20830
1250.0 4850.0 0.40157
1350.0 4850.0 0.59245
1450.0 4850.0 0.75030
1550.0 4850.0 0.84087
1650.0 4850.0 0.83710
1750.0 4850.0 0.72789
1850.0 4850.0 0.52234
1950.0 4850.0 0.24959
2050.0 4850.0 -0.04594
2150.0 4850.0 -0.31371
2250.0 4850.0 -0.51077
2350.0 4850.0 -0.61989
2450.0 4850.0 -0.67154
2550.0 4850.0 -0.70451
2650.0 4850.0 -0.69836
2750.0 4850.0 -0.63814
2850.0 4850.0 -0.52190
2950.0 4850.0 -0.35909
3050.0 4850.0 -0.16797
3150.0 4850.0 0.02758
3250.0 4850.0 0.20229
3350.0 4850.0 0.33443
3450.0 4850.0 0.41160
3550.0 4850.0 0.43734
3650.0 4850.0 0.43535
3750.0 4850.0 0.37620
3850.0 4850.0 0.20136
3950.0 4850.0 -0.08487
4050.0 4850.0 -0.43737
4150.0 4850.0 -0.79345
4250.0 4850.0 -1.09111
4350.0 4850.0 -1.28234
4450.0 4850.0 -1.34148
4550.0 4850.0 -1.26857
4650.0 4850.0 -1.08777
4750.0 4850.0 -0.84076
4850.0 4850.0 -0.57600
4950.0 4850.0 -0.34287
5050.0 4850.0 -0.17551
5150.0 4850.0 -0.08495
5250.0 4850.0 -0.06333
5350.0 4850.0 -0.08887
5450.0 4850.0 -0.13100
5550.0 4850.0 -0.15602
5650.0 4850.0 -0.13297
5750.0 4850.0 -0.03994
5850.0 4850.0 0.12932
5950.0 4850.0 0.35843
6050.0 4850.0 0.60401
6150.0 4850.0 0.81773
6250.0 4850.0 0.95450
6350.0 4850.0 0.97768
50.0 4950.0 -0.20010
150.0 4950.0 -0.03489
250.0 4950.0 0.07575
350.0 4950.0 0.10996
450.0 4950.0 0.07261
550.0 4950.0 -0.01370
650.0 4950.0 -0.11678
750.0 4950.0 -0.20197
850.0 4950.0 -0.23851
950.0 4950.0 -0.20481
1050.0 4950.0 -0.09297
1150.0 4950.0 0.08772
1250.0 4950.0 0.30816
1350.0 4950.0 0.52917
1450.0 4950.0 0.72037
1550.0 4950.0 0.84681
1650.0 4950.0 0.87891
1750.0 4950.0 0.80260
1850.0 4950.0 0.62463
1950.0 4950.0 0.37293
2050.0 4950.0 0.09219
2150.0 4950.0 -0.16549
2250.0 4950.0 -0.35481
2350.0 4950.0 -0.45632
2450.0 4950.0 -0.49962
2550.0 4950.0 -0.52551
2650.0 4950.0 -0.51720
2750.0 4950.0 -0.46280
2850.0 4950.0 -0.36200
2950.0 4950.0 -0.22412
3050.0 4950.0 -0.06548
3150.0 4950.0 0.09358
3250.0 4950.0 0.23226
3350.0 4950.0 0.33334
3450.0 4950.0 0.38768
3550.0 4950.0 0.39928
3650.0 4950.0 0.38785
3750.0 4950.0 0.32181
3850.0 4950.0 0.14684
3950.0 4950.0 -0.12908
4050.0 4950.0 -0.45895
4150.0 4950.0 -0.78047
4250.0 4950.0 -1.03438
4350.0 4950.0 -1.17734
4450.0 4950.0 -1.18946
4550.0 4950.0 -1.07642
4650.0 4950.0 -0.86620
4750.0 4950.0 -0.60042
4850.0 4950.0 -0.32204
4950.0 4950.0 -0.08208
5050.0 4950.0 0.07784
5150.0 4950.0 0.14334
5250.0 4950.0 0.12291
5350.0 4950.0 0.04237
5450.0 4950.0 -0.06127
5550.0 4950.0 -0.14651
5650.0 4950.0 -0.17465
5750.0 4950.0 -0.11773
5850.0 4950.0 0.03301
5950.0 4950.0 0.25806
6050.0 4950.0 0.50480
6150.0 4950.0 0.72420
6250.0 4950.0 0.87603
6350.0 4950.0 0.92664
50.0 5050.0 -0.10152
150.0 5050.0 0.07640
250.0 5050.0 0.18958
350.0 5050.0 0.21120
450.0 5050.0 0.14590
550.0 5050.0 0.01952
650.0 5050.0 -0.13011
750.0 5050.0 -0.26157
850.0 5050.0 -0.33734
950.0 5050.0 -0.33036
1050.0 5050.0 -0.22972
1150.0 5050.0 -0.04544
1250.0 5050.0 0.18770
1350.0 5050.0 0.42491
1450.0 5050.0 0.63997
1550.0 5050.0 0.79978
1650.0 5050.0 0.87332
1750.0 5050.0 0.84305
1850.0 5050.0 0.71139
1950.0 5050.0 0.50201
2050.0 5050.0 0.25618
2150.0 5050.0 0.02400
2250.0 5050.0 -0.14939
2350.0 5050.0 -0.24268
2450.0 5050.0 -0.28160
2550.0 5050.0 -0.30692
2650.0 5050.0 -0.30852
2750.0 5050.0 -0.27819
2850.0 5050.0 -0.21576
2950.0 5050.0 -0.12770
3050.0 5050.0 -0.02534
3150.0 5050.0 0.07722
3250.0 5050.0 0.16560
3350.0 5050.0 0.22789
3450.0 5050.0 0.25781
3550.0 5050.0 0.25815
3650.0 5050.0 0.24207
3750.0 5050.0 0.17632
3850.0 5050.0 0.01320
3950.0 5050.0 -0.23589
4050.0 5050.0 -0.52405
4150.0 5050.0 -0.79205
4250.0 5050.0 -0.98595
4350.0 5050.0 -1.06901
4450.0 5050.0 -1.02809
4550.0 5050.0 -0.87439
4650.0 5050.0 -0.63861
4750.0 5050.0 -0.36049
4850.0 5050.0 -0.07570
4950.0 5050.0 0.16353
5050.0 5050.0 0.30827
5150.0 5050.0 0.34150
5250.0 5050.0 0.27316
5350.0 5050.0 0.13368
5450.0 5050.0 -0.03325
5550.0 5050.0 -0.17860
5650.0 5050.0 -0.25665
5750.0 5050.0 -0.23428
5850.0 5050.0 -0.10109
5950.0 5050.0 0.11991
6050.0 5050.0 0.36772
6150.0 5050.0 0.59508
6250.0 5050.0 0.76763
6350.0 5050.0 0.85386
50.0 5150.0 -0.01275
150.0 5150.0 0.16698
250.0 5150.0 0.27524
350.0 5150.0 0.28204
450.0 5150.0 0.19185
550.0 5150.0 0.03272
650.0 5150.0 -0.15382
750.0 5150.0 -0.32191
850.0 5150.0 -0.42960
950.0 5150.0 -0.44628
1050.0 5150.0 -0.35912
1150.0 5150.0 -0.17863
1250.0 5150.0 0.05666
1350.0 5150.0 0.29964
1450.0 5150.0 0.53065
1550.0 5150.0 0.72008
1650.0 5150.0 0.83626
1750.0 5150.0 0.85807
1850.0 5150.0 0.78252
1950.0 5150.0 0.62722
2050.0 5150.0 0.42773
2150.0 5150.0 0.22989
2250.0 5150.0 0.07698
2350.0 5150.0 -0.00819
2450.0 5150.0 -0.04568
2550.0 5150.0 -0.07500
2650.0 5150.0 -0.09460
2750.0 5150.0 -0.10025
2850.0 5150.0 -0.09082
2950.0 5150.0 -0.06818
3050.0 5150.0 -0.03672
3150.0 5150.0 -0.00259
3250.0 5150.0 0.02733
3350.0 5150.0 0.04686
3450.0 5150.0 0.05214
3550.0 5150.0 0.04364
3650.0 5150.0 0.02639
3750.0 5150.0 -0.03417
3850.0 5150.0 -0.17794
3950.0 5150.0 -0.39046
4050.0 5150.0 -0.62626
4150.0 5150.0 -0.83083
4250.0 5150.0 -0.95701
4350.0 5150.0 -0.97562
4450.0 5150.0 -0.88056
4550.0 5150.0 -0.68813
4650.0 5150.0 -0.43084
4750.0 5150.0 -0.14547
4850.0 5150.0 0.14044
4950.0 5150.0 0.37405
5050.0 5150.0 0.49977
5150.0 5150.0 0.49863
5250.0 5150.0 0.38244
5350.0 5150.0 0.18628
5450.0 5150.0 -0.03992
5550.0 5150.0 -0.24040
5650.0 5150.0 -0.36341
5750.0 5150.0 -0.37174
5850.0 5150.0 -0.25402
5950.0 5150.0 -0.03673
6050.0 5150.0 0.21198
6150.0 5150.0 0.44799
6250.0 5150.0 0.64289
6350.0 5150.0 0.76655
50.0 5250.0 0.06215
150.0 5250.0 0.23998
250.0 5250.0 0.34096
350.0 5250.0 0.33251
450.0 5250.0 0.21911
550.0 5250.0 0.03061
650.0 5250.0 -0.18843
750.0 5250.0 -0.38859
850.0 5250.0 -0.52445
950.0 5250.0 -0.56260
1050.0 5250.0 -0.48876
1150.0 5250.0 -0.31392
1250.0 5250.0 -0.07960
1350.0 5250.0 0.16599
1450.0 5250.0 0.41038
1550.0 5250.0 0.62796
1650.0 5250.0 0.78671
1750.0 5250.0 0.86200
1850.0 5250.0 0.84523
1950.0 5250.0 0.74744
2050.0 5250.0 0.59788
2150.0 5250.0 0.43738
2250.0 5250.0 0.30680
2350.0 5250.0 0.23029
2450.0 5250.0 0.19393
2550.0 5250.0 0.15977
2650.0 5250.0 0.12006
2750.0 5250.0 0.07493
2850.0 5250.0 0.02675
2950.0 5250.0 -0.02112
3050.0 5250.0 -0.06545
3150.0 5250.0 -0.10385
3250.0 5250.0 -0.13520
3350.0 5250.0 -0.15978
3450.0 5250.0 -0.17908
3550.0 5250.0 -0.19534
3650.0 5250.0 -0.21220
3750.0 5250.0 -0.26573
3850.0 5250.0 -0.38780
3950.0 5250.0 -0.56110
4050.0 5250.0 -0.74202
4150.0 5250.0 -0.88124
4250.0 5250.0 -0.93867
4350.0 5250.0 -0.89282
4450.0 5250.0 -0.74451
4550.0 5250.0 -0.51487
4650.0 5250.0 -0.23785
4750.0 5250.0 0.05304
4850.0 5250.0 0.33850
4950.0 5250.0 0.56534
5050.0 5250.0 0.67193
5150.0 5250.0 0.63758
5250.0 5250.0 0.47598
5350.0 5250.0 0.22657
5450.0 5250.0 -0.05488
5550.0 5250.0 -0.30648
5650.0 5250.0 -0.47103
5750.0 5250.0 -0.50771
5850.0 5250.0 -0.40441
5950.0 5250.0 -0.19083
6050.0 5250.0 0.05843
6150.0 5250.0 0.30284
6250.0 5250.0 0.51992
6350.0 5250.0 0.68074
50.0 5350.0 0.07587
150.0 5350.0 0.24651
250.0 5350.0 0.33687
350.0 5350.0 0.31309
450.0 5350.0 0.18003
550.0 5350.0 -0.03095
650.0 5350.0 -0.27324
750.0 5350.0 -0.49527
850.0 5350.0 -0.64976
950.0 5350.0 -0.70209
1050.0 5350.0 -0.63759
1150.0 5350.0 -0.46794
1250.0 5350.0 -0.23646
1350.0 5350.0 0.00943
1450.0 5350.0 0.26479
1550.0 5350.0 0.50847
1650.0 5350.0 0.70881
1750.0 5350.0 0.83819
1850.0 5350.0 0.88265
1950.0 5350.0 0.84655
2050.0 5350.0 0.75223
2150.0 5350.0 0.63478
2250.0 5350.0 0.53182
2350.0 5350.0 0.46829
2450.0 5350.0 0.43662
2550.0 5350.0 0.40030
2650.0 5350.0 0.34097
2750.0 5350.0 0.25406
2850.0 5350.0 0.14350
2950.0 5350.0 0.01866
3050.0 5350.0 -0.10849
3150.0 5350.0 -0.22577
3250.0 5350.0 -0.32301
3350.0 5350.0 -0.39379
3450.0 5350.0 -0.43701
3550.0 5350.0 -0.45800
3650.0 5350.0 -0.47041
3750.0 5350.0 -0.51292
3850.0 5350.0 -0.61000
3950.0 5350.0 -0.74219
4050.0 5350.0 -0.86831
4150.0 5350.0 -0.94439
4250.0 5350.0 -0.93725
4350.0 5350.0 -0.83245
4450.0 5350.0 -0.63678
4550.0 5350.0 -0.37519
4650.0 5350.0 -0.08222
4750.0 5350.0 0.21206
4850.0 5350.0 0.49580
4950.0 5350.0 0.71649
5050.0 5350.0 0.80821
5150.0 5350.0 0.74897
5250.0 5350.0 0.55372
5350.0 5350.0 0.26491
5450.0 5350.0 -0.05761
5550.0 5350.0 -0.34756
5650.0 5350.0 -0.54382
5750.0 5350.0 -0.60292
5850.0 5350.0 -0.51211
5950.0 5350.0 -0.30336
6050.0 5350.0 -0.05563
6150.0 5350.0 0.19512
6250.0 5350.0 0.43249
6350.0 5350.0 0.62902
50.0 5450.0 0.00327
150.0 5450.0 0.15812
250.0 5450.0 0.23265
350.0 5450.0 0.19381
450.0 5450.0 0.04759
550.0 5450.0 -0.17373
650.0 5450.0 -0.42315
750.0 5450.0 -0.64937
850.0 5450.0 -0.80605
950.0 5450.0 -0.85997
1050.0 5450.0 -0.79791
1150.0 5450.0 -0.63253
1250.0 5450.0 -0.40689
1350.0 5450.0 -0.16482
1450.0 5450.0 0.09595
1550.0 5450.0 0.35906
1650.0 5450.0 0.59434
1750.0 5450.0 0.77251
1850.0 5450.0 0.87535
1950.0 5450.0 0.90101
2050.0 5450.0 0.86484
2150.0 5450.0 0.79546
2250.0 5450.0 0.72617
2350.0 5450.0 0.68172
2450.0 5450.0 0.66048
2550.0 5450.0 0.62702
2650.0 5450.0 0.55116
2750.0 5450.0 0.42323
2850.0 5450.0 0.24899
2950.0 5450.0 0.04457
3050.0 5450.0 -0.16832
3150.0 5450.0 -0.36670
3250.0 5450.0 -0.53043
3350.0 5450.0 -0.64583
3450.0 5450.0 -0.70904
3550.0 5450.0 -0.72894
3650.0 5450.0 -0.73020
3750.0 5450.0 -0.75572
3850.0 5450.0 -0.82418
3950.0 5450.0 -0.91538
4050.0 5450.0 -0.99127
4150.0 5450.0 -1.01322
4250.0 5450.0 -0.95402
4350.0 5450.0 -0.80460
4450.0 5450.0 -0.57561
4550.0 5450.0 -0.29373
4650.0 5450.0 0.00736
4750.0 5450.0 0.30105
4850.0 5450.0 0.58105
4950.0 5450.0 0.79671
5050.0 5450.0 0.88086
5150.0 5450.0 0.81095
5250.0 5450.0 0.60208
5350.0 5450.0 0.29744
5450.0 5450.0 -0.04196
5550.0 5450.0 -0.34846
5650.0 5450.0 -0.55962
5750.0 5450.0 -0.63091
5850.0 5450.0 -0.54921
5950.0 5450.0 -0.34706
6050.0 5450.0 -0.10430
6150.0 5450.0 0.14856
6250.0 5450.0 0.40098
6350.0 5450.0 0.62730
50.0 5550.0 -0.14129
150.0 5550.0 -0.01126
250.0 5550.0 0.04223
350.0 5550.0 -0.01071
450.0 5550.0 -0.16224
550.0 5550.0 -0.37982
650.0 5550.0 -0.61793
750.0 5550.0 -0.82829
850.0 5550.0 -0.96859
950.0 5550.0 -1.00987
1050.0 5550.0 -0.94238
1150.0 5550.0 -0.78005
1250.0 5550.0 -0.56342
1350.0 5550.0 -0.32997
1450.0 5550.0 -0.07192
1550.0 5550.0 0.19886
1650.0 5550.0 0.45497
1750.0 5550.0 0.66750
1850.0 5550.0 0.81598
1950.0 5550.0 0.89404
2050.0 5550.0 0.91094
2150.0 5550.0 0.88887
2250.0 5550.0 0.85607
2350.0 5550.0 0.83580
2450.0 5550.0 0.83094
2550.0 5550.0 0.80645
2650.0 5550.0 0.72056
2750.0 5550.0 0.55869
2850.0 5550.0 0.32856
2950.0 5550.0 0.05300
3050.0 5550.0 -0.23668
3150.0 5550.0 -0.50698
3250.0 5550.0 -0.72810
3350.0 5550.0 -0.87942
3450.0 5550.0 -0.95451
3550.0 5550.0 -0.96584
3650.0 5550.0 -0.94886
3750.0 5550.0 -0.95184
3850.0 5550.0 -0.99031
3950.0 5550.0 -1.04510
4050.0 5550.0 -1.08193
4150.0 5550.0 -1.06683
4250.0 5550.0 -0.97671
4350.0 5550.0 -0.80528
4450.0 5550.0 -0.56402
4550.0 5550.0 -0.27851
4650.0 5550.0 0.02009
4750.0 5550.0 0.30834
4850.0 5550.0 0.58244
4950.0 5550.0 0.79444
5050.0 5550.0 0.87923
5150.0 5550.0 0.81451
5250.0 5550.0 0.61433
5350.0 5550.0 0.32012
5450.0 5550.0 -0.00920
5550.0 5550.0 -0.30794
5650.0 5550.0 -0.51517
5750.0 5550.0 -0.58717
5850.0 5550.0 -0.51063
5950.0 5550.0 -0.31682
6050.0 5550.0 -0.08282
6150.0 5550.0 0.16653
6250.0 5550.0 0.42545
6350.0 5550.0 0.67029
50.0 5650.0 -0.32129
150.0 5650.0 -0.22336
250.0 5650.0 -0.19479
350.0 5650.0 -0.26030
450.0 5650.0 -0.40952
550.0 5650.0 -0.61036
650.0 5650.0 -0.82046
750.0 5650.0 -0.99694
850.0 5650.0 -1.10424
950.0 5650.0 -1.12016
1050.0 5650.0 -1.04013
1150.0 5650.0 -0.87957
1250.0 5650.0 -0.67447
1350.0 5650.0 -0.45416
1450.0 5650.0 -0.20820
1550.0 5650.0 0.05500
1650.0 5650.0 0.31190
1750.0 5650.0 0.53632
1850.0 5650.0 0.70838
1950.0 5650.0 0.81981
2050.0 5650.0 0.87577
2150.0 5650.0 0.89304
2250.0 5650.0 0.89469
2350.0 5650.0 0.90112
2450.0 5650.0 0.91736
2550.0 5650.0 0.90784
2650.0 5650.0 0.82112
2750.0 5650.0 0.63872
2850.0 5650.0 0.37007
2950.0 5650.0 0.04377
3050.0 5650.0 -0.30089
3150.0 5650.0 -0.62172
3250.0 5650.0 -0.88106
3350.0 5650.0 -1.05269
3450.0 5650.0 -1.12828
3550.0 5650.0 -1.12337
3650.0 5650.0 -1.08233
3750.0 5650.0 -1.05915
3850.0 5650.0 -1.06947
3950.0 5650.0 -1.09702
4050.0 5650.0 -1.11150
4150.0 5650.0 -1.08235
4250.0 5650.0 -0.98820
4350.0 5650.0 -0.82223
4450.0 5650.0 -0.59333
4550.0 5650.0 -0.32303
4650.0 5650.0 -0.03834
4750.0 5650.0 0.23969
4850.0 5650.0 0.50613
4950.0 5650.0 0.71579
5050.0 5650.0 0.80850
5150.0 5650.0 0.76290
5250.0 5650.0 0.59101
5350.0 5650.0 0.33027
5450.0 5650.0 0.03470
5550.0 5650.0 -0.23489
5650.0 5650.0 -0.42158
5750.0 5650.0 -0.48403
5850.0 5650.0 -0.40900
5950.0 5650.0 -0.22486
6050.0 5650.0 -0.00282
6150.0 5650.0 0.23704
6250.0 5650.0 0.49186
6350.0 5650.0 0.73998
50.0 5750.0 -0.49234
150.0 5750.0 -0.43060
250.0 5750.0 -0.42874
350.0 5750.0 -0.50494
450.0 5750.0 -0.64598
550.0 5750.0 -0.82067
650.0 5750.0 -0.99101
750.0 5750.0 -1.12113
850.0 5750.0 -1.18401
950.0 5750.0 -1.16585
1050.0 5750.0 -1.06830
1150.0 5750.0 -0.90841
1250.0 5750.0 -0.71624
1350.0 5750.0 -0.51239
1450.0 5750.0 -0.28737
1550.0 5750.0 -0.04772
1650.0 5750.0 0.18765
1750.0 5750.0 0.39755
1850.0 5750.0 0.56571
1950.0 5750.0 0.68514
2050.0 5750.0 0.75965
2150.0 5750.0 0.80243
2250.0 5750.0 0.83187
2350.0 5750.0 0.86441
2450.0 5750.0 0.90428
2550.0 5750.0 0.91445
2650.0 5750.0 0.83714
2750.0 5750.0 0.65149
2850.0 5750.0 0.36832
2950.0 5750.0 0.02007
3050.0 5750.0 -0.34868
3150.0 5750.0 -0.69017
3250.0 5750.0 -0.96181
3350.0 5750.0 -1.13405
3450.0 5750.0 -1.19756
3550.0 5750.0 -1.16999
3650.0 5750.0 -1.10150
3750.0 5750.0 -1.05123
3850.0 5750.0 -1.03821
3950.0 5750.0 -1.05062
4050.0 5750.0 -1.06200
4150.0 5750.0 -1.04356
4250.0 5750.0 -0.97297
4350.0 5750.0 -0.83969
4450.0 5750.0 -0.64678
4550.0 5750.0 -0.40917
4650.0 5750.0 -0.14851
4750.0 5750.0 0.11556
4850.0 5750.0 0.37332
4950.0 5750.0 0.58167
5050.0 5750.0 0.68722
5150.0 5750.0 0.67006
5250.0 5750.0 0.53948
5350.0 5750.0 0.32752
5450.0 5750.0 0.08146
5550.0 5750.0 -0.14468
5650.0 5750.0 -0.29966
5750.0 5750.0 -0.34557
5850.0 5750.0 -0.26939
5950.0 5750.0 -0.09555
6050.0 5750.0 0.11253
6150.0 5750.0 0.33766
6250.0 5750.0 0.57769
6350.0 5750.0 0.81267
50.0 5850.0 -0.61332
150.0 5850.0 -0.58794
250.0 5850.0 -0.61217
350.0 5850.0 -0.69726
450.0 5850.0 -0.82709
550.0 5850.0 -0.97163
650.0 5850.0 -1.09765
750.0 5850.0 -1.17685
850.0 5850.0 -1.19124
950.0 5850.0 -1.13590
1050.0 5850.0 -1.01896
1150.0 5850.0 -0.85902
1250.0 5850.0 -0.67982
1350.0 5850.0 -0.49392
1450.0 5850.0 -0.29638
1550.0 5850.0 -0.09367
1650.0 5850.0 0.10019
1750.0 5850.0 0.27069
1850.0 5850.0 0.40783
1950.0 5850.0 0.50896
2050.0 5850.0 0.57939
2150.0 5850.0 0.63098
2250.0 5850.0 0.67844
2350.0 5850.0 0.73358
2450.0 5850.0 0.79700
2550.0 5850.0 0.82939
2650.0 5850.0 0.77064
2750.0 5850.0 0.59931
2850.0 5850.0 0.32705
2950.0 5850.0 -0.01207
3050.0 5850.0 -0.37152
3150.0 5850.0 -0.70167
3250.0 5850.0 -0.95850
3350.0 5850.0 -1.11166
3450.0 5850.0 -1.15189
3550.0 5850.0 -1.09782
3650.0 5850.0 -1.00151
3750.0 5850.0 -0.92601
3850.0 5850.0 -0.89633
3950.0 5850.0 -0.90610
4050.0 5850.0 -0.93214
4150.0 5850.0 -0.94580
4250.0 5850.0 -0.92146
4350.0 5850.0 -0.84231
4450.0 5850.0 -0.70323
4550.0 5850.0 -0.51089
4650.0 5850.0 -0.28104
4750.0 5850.0 -0.03296
4850.0 5850.0 0.21604
4950.0 5850.0 0.42358
5050.0 5850.0 0.54363
5150.0 5850.0 0.55784
5250.0 5850.0 0.47261
5350.0 5850.0 0.31416
5450.0 5850.0 0.12250
5550.0 5850.0 -0.05569
5650.0 5850.0 -0.17534
5750.0 5850.0 -0.20230
5850.0 5850.0 -0.12380
5950.0 5850.0 0.03994
6050.0 5850.0 0.23359
6150.0 5850.0 0.44059
6250.0 5850.0 0.65722
6350.0 5850.0 0.86485
50.0 5950.0 -0.65436
150.0 5950.0 -0.66158
250.0 5950.0 -0.70903
350.0 5950.0 -0.80167
450.0 5950.0 -0.92080
550.0 5950.0 -1.03745
650.0 5950.0 -1.12277
750.0 5950.0 -1.15535
850.0 5950.0 -1.12543
950.0 5950.0 -1.03610
1050.0 5950.0 -0.90138
1150.0 5950.0 -0.74125
1250.0 5950.0 -0.57366
1350.0 5950.0 -0.40507
1450.0 5950.0 -0.23781
1550.0 5950.0 -0.07987
1650.0 5950.0 0.05925
1750.0 5950.0 0.17254
1850.0 5950.0 0.25793
1950.0 5950.0 0.31932
2050.0 5950.0 0.36597
2150.0 5950.0 0.41050
2250.0 5950.0 0.46529
2350.0 5950.0 0.53742
2450.0 5950.0 0.62172
2550.0 5950.0 0.67610
2650.0 5950.0 0.64193
2750.0 5950.0 0.49886
2850.0 5950.0 0.25878
2950.0 5950.0 -0.04477
3050.0 5950.0 -0.36645
3150.0 5950.0 -0.65826
3250.0 5950.0 -0.87795
3350.0 5950.0 -0.99676
3450.0 5950.0 -1.00640
3550.0 5950.0 -0.92532
3650.0 5950.0 -0.80394
3750.0 5950.0 -0.70745
3850.0 5950.0 -0.66818
3950.0 5950.0 -0.68542
4050.0 5950.0 -0.73848
4150.0 5950.0 -0.79752
4250.0 5950.0 -0.83219
4350.0 5950.0 -0.81808
4450.0 5950.0 -0.74097
4550.0 5950.0 -0.59884
4650.0 5950.0 -0.40175
4750.0 5950.0 -0.16948
4850.0 5950.0 0.07160
4950.0 5950.0 0.27827
5050.0 5950.0 0.41083
5150.0 5950.0 0.45232
5250.0 5950.0 0.40661
5350.0 5950.0 0.29480
5450.0 5950.0 0.15053
5550.0 5950.0 0.01404
5650.0 5950.0 -0.07497
5750.0 5950.0 -0.08564
5850.0 5950.0 -0.00544
5950.0 5950.0 0.14915
6050.0 5950.0 0.32960
6150.0 5950.0 0.51760
6250.0 5950.0 0.70622
6350.0 5950.0 0.87762
50.0 6050.0 -0.60174
150.0 6050.0 -0.63452
250.0 6050.0 -0.70059
350.0 6050.0 -0.80023
450.0 6050.0 -0.91268
550.0 6050.0 -1.00969
650.0 6050.0 -1.06561
750.0 6050.0 -1.06415
850.0 6050.0 -1.00170
950.0 6050.0 -0.88742
1050.0 6050.0 -0.73979
1150.0 6050.0 -0.57992
1250.0 6050.0 -0.42145
1350.0 6050.0 -0.26745
1450.0 6050.0 -0.12878
1550.0 6050.0 -0.01606
1650.0 6050.0 0.06493
1750.0 6050.0 0.11431
1850.0 6050.0 0.13825
1950.0 6050.0 0.14811
2050.0 6050.0 0.15850
2150.0 6050.0 0.18439
2250.0 6050.0 0.23715
2350.0 6050.0 0.31966
2450.0 6050.0 0.42005
2550.0 6050.0 0.49340
2650.0 6050.0 0.48533
2750.0 6050.0 0.37773
2850.0 6050.0 0.18224
2950.0 6050.0 -0.06975
3050.0 6050.0 -0.33639
3150.0 6050.0 -0.57378
3250.0 6050.0 -0.74375
3350.0 6050.0 -0.82077
3450.0 6050.0 -0.79806
3550.0 6050.0 -0.69308
3650.0 6050.0 -0.55200
3750.0 6050.0 -0.44028
3850.0 6050.0 -0.39740
3950.0 6050.0 -0.42759
4050.0 6050.0 -0.51179
4150.0 6050.0 -0.61829
4250.0 6050.0 -0.71174
4350.0 6050.0 -0.76037
4450.0 6050.0 -0.74155
4550.0 6050.0 -0.64559
4650.0 6050.0 -0.47781
4750.0 6050.0 -0.25896
4850.0 6050.0 -0.02415
4950.0 6050.0 0.18093
5050.0 6050.0 0.32070
5150.0 6050.0 0.37903
5250.0 6050.0 0.35806
5350.0 6050.0 0.27550
5450.0 6050.0 0.16081
5550.0 6050.0 0.05001
5650.0 6050.0 -0.02065
5750.0 6050.0 -0.02240
5850.0 6050.0 0.05722
5950.0 6050.0 0.20419
6050.0 6050.0 0.37409
6150.0 6050.0 0.54507
6250.0 6050.0 0.70618
6350.0 6050.0 0.83993
50.0 6150.0 -0.45954
150.0 6150.0 -0.50892
250.0 6150.0 -0.58822
350.0 6150.0 -0.69514
450.0 6150.0 -0.80767
550.0 6150.0 -0.89767
650.0 6150.0 -0.94095
750.0 6150.0 -0.92380
850.0 6150.0 -0.84591
950.0 6150.0 -0.71976
1050.0 6150.0 -0.56640
1150.0 6150.0 -0.40775
1250.0 6150.0 -0.25527
1350.0 6150.0 -0.11158
1450.0 6150.0 0.00427
1550.0 6150.0 0.07874
1650.0 6150.0 0.10854
1750.0 6150.0 0.09955
1850.0 6150.0 0.06507
1950.0 6150.0 0.02337
2050.0 6150.0 -0.00548
2150.0 6150.0 -0.00343
2250.0 6150.0 0.04102
2350.0 6150.0 0.12758
2450.0 6150.0 0.23810
2550.0 6150.0 0.32522
2650.0 6150.0 0.34003
2750.0 6150.0 0.26707
2850.0 6150.0 0.11747
2950.0 6150.0 -0.08032
3050.0 6150.0 -0.28893
3150.0 6150.0 -0.46966
3250.0 6150.0 -0.58934
3350.0 6150.0 -0.62623
3450.0 6150.0 -0.57528
3550.0 6150.0 -0.45248
3650.0 6150.0 -0.29864
3750.0 6150.0 -0.17789
3850.0 6150.0 -0.13515
3950.0 6150.0 -0.17816
4050.0 6150.0 -0.28869
4150.0 6150.0 -0.43325
4250.0 6150.0 -0.57245
4350.0 6150.0 -0.66891
4450.0 6150.0 -0.69377
4550.0 6150.0 -0.63183
4650.0 6150.0 -0.48521
4750.0 6150.0 -0.27565
4850.0 6150.0 -0.04500
4950.0 6150.0 0.15732
5050.0 6150.0 0.29670
5150.0 6150.0 0.35711
5250.0 6150.0 0.34006
5350.0 6150.0 0.26226
5450.0 6150.0 0.15200
5550.0 6150.0 0.04425
5650.0 6150.0 -0.02556
5750.0 6150.0 -0.02899
5850.0 6150.0 0.04653
5950.0 6150.0 0.18770
6050.0 6150.0 0.35065
6150.0 6150.0 0.50900
6250.0 6150.0 0.64806
6350.0 6150.0 0.75033
50.0 6250.0 -0.24820
150.0 6250.0 -0.30541
250.0 6250.0 -0.39286
350.0 6250.0 -0.50803
450.0 6250.0 -0.62835
550.0 6250.0 -0.72512
650.0 6250.0 -0.77379
750.0 6250.0 -0.76058
850.0 6250.0 -0.68542
950.0 6250.0 -0.56129
1050.0 6250.0 -0.40991
1150.0 6250.0 -0.25367
1250.0 6250.0 -0.10412
1350.0 6250.0 0.03398
1450.0 6250.0 0.13506
1550.0 6250.0 0.18297
1650.0 6250.0 0.17569
1750.0 6250.0 0.12287
1850.0 6250.0 0.04287
1950.0 6250.0 -0.04078
2050.0 6250.0 -0.10349
2150.0 6250.0 -0.12421
2250.0 6250.0 -0.09062
2350.0 6250.0 -0.00490
2450.0 6250.0 0.10994
2550.0 6250.0 0.20483
2650.0 6250.0 0.23600
2750.0 6250.0 0.19045
2850.0 6250.0 0.07868
2950.0 6250.0 -0.07371
3050.0 6250.0 -0.23362
3150.0 6250.0 -0.36725
3250.0 6250.0 -0.44600
3350.0 6250.0 -0.45162
3450.0 6250.0 -0.38053
3550.0 6250.0 -0.24726
3650.0 6250.0 -0.08759
3750.0 6250.0 0.03682
3850.0 6250.0 0.07822
3950.0 6250.0 0.02710
4050.0 6250.0 -0.09856
4150.0 6250.0 -0.26417
4250.0 6250.0 -0.42808
4350.0 6250.0 -0.54993
4450.0 6250.0 -0.59765
4550.0 6250.0 -0.55326
4650.0 6250.0 -0.41736
4750.0 6250.0 -0.21232
4850.0 6250.0 0.01628
4950.0 6250.0 0.21450
5050.0 6250.0 0.34546
5150.0 6250.0 0.39245
5250.0 6250.0 0.35751
5350.0 6250.0 0.25881
5450.0 6250.0 0.12664
5550.0 6250.0 -0.00184
5650.0 6250.0 -0.08916
5750.0 6250.0 -0.10554
5850.0 6250.0 -0.03798
5950.0 6250.0 0.09911
6050.0 6250.0 0.25878
6150.0 6250.0 0.41005
6250.0 6250.0 0.53553
6350.0 6250.0 0.61756
50.0 6350.0 0.00000
150.0 6350.0 -0.05911
250.0 6350.0 -0.15145
350.0 6350.0 -0.27584
450.0 6350.0 -0.40969
550.0 6350.0 -0.52323
650.0 6350.0 -0.59022
750.0 6350.0 -0.59494
850.0 6350.0 -0.53544
950.0 6350.0 -0.42326
1050.0 6350.0 -0.27936
1150.0 6350.0 -0.12648
1250.0 6350.0 0.02221
1350.0 6350.0 0.15817
1450.0 6350.0 0.25110
1550.0 6350.0 0.28281
1650.0 6350.0 0.25167
1750.0 6350.0 0.16945
1850.0 6350.0 0.05769
1950.0 6350.0 -0.05652
2050.0 6350.0 -0.14521
2150.0 6350.0 -0.18483
2250.0 6350.0 -0.16198
2350.0 6350.0 -0.07973
2450.0 6350.0 0.03559
2550.0 6350.0 0.13373
2650.0 6350.0 0.17519
2750.0 6350.0 0.14889
2850.0 6350.0 0.06476
2950.0 6350.0 -0.05399
3050.0 6350.0 -0.17778
3150.0 6350.0 -0.27672
3250.0 6350.0 -0.32593
3350.0 6350.0 -0.30993
3450.0 6350.0 -0.22623
3550.0 6350.0 -0.08814
3650.0 6350.0 0.07266
3750.0 6350.0 0.19748
3850.0 6350.0 0.23797
3950.0 6350.0 0.18426
4050.0 6350.0 0.05433
4150.0 6350.0 -0.11689
4250.0 6350.0 -0.28714
4350.0 6350.0 -0.41532
4450.0 6350.0 -0.46859
4550.0 6350.0 -0.42834
4650.0 6350.0 -0.29488
4750.0 6350.0 -0.09078
4850.0 6350.0 0.13717
4950.0 6350.0 0.33030
5050.0 6350.0 0.44717
5150.0 6350.0 0.46981
5250.0 6350.0 0.40161
5350.0 6350.0 0.26392
5450.0 6350.0 0.09127
5550.0 6350.0 -0.07469
5650.0 6350.0 -0.19256
5750.0 6350.0 -0.22986
5850.0 6350.0 -0.17307
5950.0 6350.0 -0.03895
6050.0 6350.0 0.12000
6150.0 6350.0 0.26853
6250.0 6350.0 0.38775
6350.0 6350.0 0.45975
