50.0 50.0 -0.83965
150.0 50.0 -0.17661
250.0 50.0 0.53270
350.0 50.0 1.29351
450.0 50.0 1.89807
550.0 50.0 2.08090
650.0 50.0 1.75871
750.0 50.0 1.10236
850.0 50.0 0.43979
950.0 50.0 -0.01019
1050.0 50.0 -0.33416
1150.0 50.0 -0.42889
1250.0 50.0 -0.26550
1350.0 50.0 0.04507
1450.0 50.0 0.32737
1550.0 50.0 0.41752
1650.0 50.0 0.24022
1750.0 50.0 -0.11740
1850.0 50.0 -0.57849
1950.0 50.0 -1.11770
2050.0 50.0 -1.51216
2150.0 50.0 -1.56426
2250.0 50.0 -1.24586
2350.0 50.0 -0.71248
2450.0 50.0 -0.18769
2550.0 50.0 0.27094
2650.0 50.0 0.75542
2750.0 50.0 1.15786
2850.0 50.0 1.30822
2950.0 50.0 1.13828
3050.0 50.0 0.73956
3150.0 50.0 0.31555
3250.0 50.0 0.02823
3350.0 50.0 -0.16820
3450.0 50.0 -0.22655
3550.0 50.0 -0.11919
3650.0 50.0 0.08162
3750.0 50.0 0.26188
3850.0 50.0 0.31785
3950.0 50.0 0.20155
4050.0 50.0 -0.04061
4150.0 50.0 -0.38486
4250.0 50.0 -0.88660
4350.0 50.0 -1.35046
4450.0 50.0 -1.53931
4550.0 50.0 -1.35121
4650.0 50.0 -0.87191
4750.0 50.0 -0.30291
4850.0 50.0 0.23543
4950.0 50.0 0.86204
5050.0 50.0 1.50409
5150.0 50.0 1.88883
5250.0 50.0 1.82689
5350.0 50.0 1.35104
5450.0 50.0 0.69809
5550.0 50.0 0.13363
5650.0 50.0 -0.31623
5750.0 50.0 -0.57765
5850.0 50.0 -0.54224
5950.0 50.0 -0.26368
6050.0 50.0 0.09427
6150.0 50.0 0.33021
6250.0 50.0 0.29518
6350.0 50.0 0.00000
50.0 150.0 -1.18639
150.0 150.0 -0.56451
250.0 150.0 0.12549
350.0 150.0 0.84600
450.0 150.0 1.38520
550.0 150.0 1.49236
650.0 150.0 1.10386
750.0 150.0 0.40534
850.0 150.0 -0.27135
950.0 150.0 -0.71643
1050.0 150.0 -1.01679
1150.0 150.0 -1.02609
1250.0 150.0 -0.71031
1350.0 150.0 -0.21259
1450.0 150.0 0.24431
1550.0 150.0 0.45483
1650.0 150.0 0.32684
1750.0 150.0 -0.02706
1850.0 150.0 -0.47232
1950.0 150.0 -0.95663
2050.0 150.0 -1.26326
2150.0 150.0 -1.21789
2250.0 150.0 -0.81945
2350.0 150.0 -0.24277
2450.0 150.0 0.28669
2550.0 150.0 0.73346
2650.0 150.0 1.21678
2750.0 150.0 1.63785
2850.0 150.0 1.82345
2950.0 150.0 1.69450
3050.0 150.0 1.32909
3150.0 150.0 0.92049
3250.0 150.0 0.63027
3350.0 150.0 0.41920
3450.0 150.0 0.31211
3550.0 150.0 0.33265
3650.0 150.0 0.42915
3750.0 150.0 0.51602
3850.0 150.0 0.51242
3950.0 150.0 0.37812
4050.0 150.0 0.14601
4150.0 150.0 -0.18817
4250.0 150.0 -0.69751
4350.0 150.0 -1.19556
4450.0 150.0 -1.44289
4550.0 150.0 -1.32406
4650.0 150.0 -0.90549
4750.0 150.0 -0.37437
4850.0 150.0 0.14433
4950.0 150.0 0.78735
5050.0 150.0 1.52030
5150.0 150.0 2.06509
5250.0 150.0 2.19432
5350.0 150.0 1.88892
5450.0 150.0 1.34208
5550.0 150.0 0.80953
5650.0 150.0 0.35597
5750.0 150.0 0.04350
5850.0 150.0 -0.03869
5950.0 150.0 0.07795
6050.0 150.0 0.27230
6150.0 150.0 0.38594
6250.0 150.0 0.29456
6350.0 150.0 -0.00144
50.0 250.0 -1.33094
150.0 250.0 -0.80745
250.0 250.0 -0.20963
350.0 250.0 0.39208
450.0 250.0 0.80278
550.0 250.0 0.81341
650.0 250.0 0.38867
750.0 250.0 -0.28799
850.0 250.0 -0.91375
950.0 250.0 -1.31000
1050.0 250.0 -1.55655
1150.0 250.0 -1.48269
1250.0 250.0 -1.06338
1350.0 250.0 -0.46681
1450.0 250.0 0.06190
1550.0 250.0 0.30825
1650.0 250.0 0.18690
1750.0 250.0 -0.17182
1850.0 250.0 -0.57956
1950.0 250.0 -0.93080
2050.0 250.0 -1.03312
2150.0 250.0 -0.77587
2250.0 250.0 -0.22300
2350.0 250.0 0.41202
2450.0 250.0 0.90915
2550.0 250.0 1.28571
2650.0 250.0 1.69680
2750.0 250.0 2.04907
2850.0 250.0 2.17561
2950.0 250.0 1.99971
3050.0 250.0 1.59578
3150.0 250.0 1.14929
3250.0 250.0 0.81573
3350.0 250.0 0.55177
3450.0 250.0 0.36243
3550.0 250.0 0.29132
3650.0 250.0 0.32693
3750.0 250.0 0.40990
3850.0 250.0 0.45684
3950.0 250.0 0.40063
4050.0 250.0 0.24670
4150.0 250.0 0.00266
4250.0 250.0 -0.39743
4350.0 250.0 -0.81271
4450.0 250.0 -1.04969
4550.0 250.0 -1.00382
4650.0 250.0 -0.71065
4750.0 250.0 -0.30672
4850.0 250.0 0.10539
4950.0 250.0 0.68616
5050.0 250.0 1.46276
5150.0 250.0 2.17199
5250.0 250.0 2.54740
5350.0 250.0 2.49258
5450.0 250.0 2.11843
5550.0 250.0 1.64443
5650.0 250.0 1.18731
5750.0 250.0 0.77859
5850.0 250.0 0.47726
5950.0 250.0 0.30356
6050.0 250.0 0.22135
6150.0 250.0 0.14919
6250.0 250.0 -0.00072
6350.0 250.0 -0.25571
50.0 350.0 -1.18207
150.0 350.0 -0.81352
250.0 350.0 -0.39025
350.0 350.0 0.01111
450.0 350.0 0.23981
550.0 350.0 0.15603
650.0 350.0 -0.24374
750.0 350.0 -0.80453
850.0 350.0 -1.29437
950.0 350.0 -1.58968
1050.0 350.0 -1.74982
1150.0 350.0 -1.60541
1250.0 350.0 -1.15748
1350.0 350.0 -0.58717
1450.0 350.0 -0.12720
1550.0 350.0 0.04200
1650.0 350.0 -0.12835
1750.0 350.0 -0.50247
1850.0 350.0 -0.85896
1950.0 350.0 -1.02553
2050.0 350.0 -0.85282
2150.0 350.0 -0.32561
2250.0 350.0 0.40245
2350.0 350.0 1.07239
2450.0 350.0 1.48150
2550.0 350.0 1.72160
2650.0 350.0 1.99219
2750.0 350.0 2.20899
2850.0 350.0 2.21766
2950.0 350.0 1.94698
3050.0 350.0 1.46532
3150.0 350.0 0.94379
3250.0 350.0 0.52610
3350.0 350.0 0.16531
3450.0 350.0 -0.14605
3550.0 350.0 -0.31736
3650.0 350.0 -0.29702
3750.0 350.0 -0.11963
3850.0 350.0 0.10078
3950.0 350.0 0.23116
4050.0 350.0 0.23313
4150.0 350.0 0.17082
4250.0 350.0 0.01367
4350.0 350.0 -0.18490
4450.0 350.0 -0.33263
4550.0 350.0 -0.36380
4650.0 350.0 -0.26986
4750.0 350.0 -0.09524
4850.0 350.0 0.11039
4950.0 350.0 0.52545
5050.0 350.0 1.25174
5150.0 350.0 2.06798
5250.0 350.0 2.68232
5350.0 350.0 2.90999
5450.0 350.0 2.74893
5550.0 350.0 2.35385
5650.0 350.0 1.89618
5750.0 350.0 1.36958
5850.0 350.0 0.80272
5950.0 350.0 0.28974
6050.0 350.0 -0.09648
6150.0 350.0 -0.34743
6250.0 350.0 -0.51718
6350.0 350.0 -0.67564
50.0 450.0 -0.78336
150.0 450.0 -0.59086
250.0 450.0 -0.38841
350.0 450.0 -0.22380
450.0 450.0 -0.18379
550.0 450.0 -0.32708
650.0 450.0 -0.63187
750.0 450.0 -0.99561
850.0 450.0 -1.28677
950.0 450.0 -1.44866
1050.0 450.0 -1.50610
1150.0 450.0 -1.31135
1250.0 450.0 -0.90266
1350.0 450.0 -0.46201
1450.0 450.0 -0.18174
1550.0 450.0 -0.17589
1650.0 450.0 -0.43624
1750.0 450.0 -0.83291
1850.0 450.0 -1.14460
1950.0 450.0 -1.14567
2050.0 450.0 -0.73802
2150.0 450.0 -0.00157
2250.0 450.0 0.83041
2350.0 450.0 1.46912
2450.0 450.0 1.74081
2550.0 450.0 1.80682
2650.0 450.0 1.91432
2750.0 450.0 2.00034
2850.0 450.0 1.92070
2950.0 450.0 1.59596
3050.0 450.0 1.06953
3150.0 450.0 0.48237
3250.0 450.0 -0.03591
3350.0 450.0 -0.51914
3450.0 450.0 -0.97736
3550.0 450.0 -1.25771
3650.0 450.0 -1.23156
3750.0 450.0 -0.90823
3850.0 450.0 -0.44728
3950.0 450.0 -0.06954
4050.0 450.0 0.13292
4150.0 450.0 0.30521
4250.0 450.0 0.46824
4350.0 450.0 0.56384
4450.0 450.0 0.55112
4550.0 450.0 0.44077
4650.0 450.0 0.29303
4750.0 450.0 0.17949
4850.0 450.0 0.12036
4950.0 450.0 0.29257
5050.0 450.0 0.86267
5150.0 450.0 1.67189
5250.0 450.0 2.43017
5350.0 450.0 2.88135
5450.0 450.0 2.91046
5550.0 450.0 2.59289
5650.0 450.0 2.14015
5750.0 450.0 1.52213
5850.0 450.0 0.75324
5950.0 450.0 -0.00045
6050.0 450.0 -0.57475
6150.0 450.0 -0.89738
6250.0 450.0 -1.01128
6350.0 450.0 -1.03129
50.0 550.0 -0.29105
150.0 550.0 -0.25139
250.0 550.0 -0.25962
350.0 550.0 -0.30741
450.0 550.0 -0.41387
550.0 550.0 -0.56554
650.0 550.0 -0.72849
750.0 550.0 -0.86350
850.0 550.0 -0.94351
950.0 550.0 -0.97346
1050.0 550.0 -0.93530
1150.0 550.0 -0.70871
1250.0 550.0 -0.36936
1350.0 550.0 -0.09354
1450.0 550.0 -0.02446
1550.0 550.0 -0.20279
1650.0 550.0 -0.56118
1750.0 550.0 -0.98097
1850.0 550.0 -1.27111
1950.0 550.0 -1.18648
2050.0 550.0 -0.67430
2150.0 550.0 0.12189
2250.0 550.0 0.92875
2350.0 550.0 1.45830
2450.0 550.0 1.57176
2550.0 550.0 1.47119
2650.0 550.0 1.44807
2750.0 550.0 1.47573
2850.0 550.0 1.41046
2950.0 550.0 1.14060
3050.0 550.0 0.65811
3150.0 550.0 0.05604
3250.0 550.0 -0.54798
3350.0 550.0 -1.14967
3450.0 550.0 -1.75365
3550.0 550.0 -2.14817
3650.0 550.0 -2.12871
3750.0 550.0 -1.67716
3850.0 550.0 -0.99383
3950.0 550.0 -0.38233
4050.0 550.0 0.01250
4150.0 550.0 0.41030
4250.0 550.0 0.88037
4350.0 550.0 1.25707
4450.0 550.0 1.37185
4550.0 550.0 1.18306
4650.0 550.0 0.80122
4750.0 550.0 0.40977
4850.0 550.0 0.09490
4950.0 550.0 0.00794
5050.0 550.0 0.35235
5150.0 550.0 1.03696
5250.0 550.0 1.80136
5350.0 550.0 2.35486
5450.0 550.0 2.49957
5550.0 550.0 2.23747
5650.0 550.0 1.79502
5750.0 550.0 1.14712
5850.0 550.0 0.31853
5950.0 550.0 -0.47760
6050.0 550.0 -1.03631
6150.0 550.0 -1.27411
6250.0 550.0 -1.25461
6350.0 550.0 -1.12661
50.0 650.0 0.08912
150.0 650.0 0.03228
250.0 650.0 -0.12450
350.0 650.0 -0.31112
450.0 650.0 -0.49366
550.0 650.0 -0.61207
650.0 650.0 -0.63358
750.0 650.0 -0.57433
850.0 650.0 -0.48799
950.0 650.0 -0.42118
1050.0 650.0 -0.31459
1150.0 650.0 -0.06353
1250.0 650.0 0.22985
1350.0 650.0 0.39266
1450.0 650.0 0.31550
1550.0 650.0 0.00895
1650.0 650.0 -0.41800
1750.0 650.0 -0.85450
1850.0 650.0 -1.15163
1950.0 650.0 -1.08203
2050.0 650.0 -0.62117
2150.0 650.0 0.07112
2250.0 650.0 0.73070
2350.0 650.0 1.10073
2450.0 650.0 1.07467
2550.0 650.0 0.85698
2650.0 650.0 0.77497
2750.0 650.0 0.84865
2850.0 650.0 0.92248
2950.0 650.0 0.83035
3050.0 650.0 0.49196
3150.0 650.0 -0.05814
3250.0 650.0 -0.70886
3350.0 650.0 -1.39705
3450.0 650.0 -2.11999
3550.0 650.0 -2.62743
3650.0 650.0 -2.65487
3750.0 650.0 -2.15402
3850.0 650.0 -1.34359
3950.0 650.0 -0.58036
4050.0 650.0 -0.05058
4150.0 650.0 0.50549
4250.0 650.0 1.18450
4350.0 650.0 1.74418
4450.0 650.0 1.92880
4550.0 650.0 1.66483
4650.0 650.0 1.10331
4750.0 650.0 0.50903
4850.0 650.0 0.01101
4950.0 650.0 -0.28154
5050.0 650.0 -0.16016
5150.0 650.0 0.33819
5250.0 650.0 0.99739
5350.0 650.0 1.53043
5450.0 650.0 1.70167
5550.0 650.0 1.46323
5650.0 650.0 1.03362
5750.0 650.0 0.42174
5850.0 650.0 -0.31654
5950.0 650.0 -0.95635
6050.0 650.0 -1.31013
6150.0 650.0 -1.33588
6250.0 650.0 -1.14290
6350.0 650.0 -0.89495
50.0 750.0 0.20593
150.0 750.0 0.11670
250.0 750.0 -0.10294
350.0 750.0 -0.33890
450.0 750.0 -0.53032
550.0 750.0 -0.60110
650.0 750.0 -0.52724
750.0 750.0 -0.35756
850.0 750.0 -0.18589
950.0 750.0 -0.07494
1050.0 750.0 0.06515
1150.0 750.0 0.34731
1250.0 750.0 0.65996
1350.0 750.0 0.82355
1450.0 750.0 0.73066
1550.0 750.0 0.40217
1650.0 750.0 -0.04024
1750.0 750.0 -0.48305
1850.0 750.0 -0.80841
1950.0 750.0 -0.83130
2050.0 750.0 -0.53468
2150.0 750.0 -0.05275
2250.0 750.0 0.39703
2350.0 750.0 0.60582
2450.0 750.0 0.48921
2550.0 750.0 0.22312
2650.0 750.0 0.16106
2750.0 750.0 0.37088
2850.0 750.0 0.67586
2950.0 750.0 0.84455
3050.0 750.0 0.71817
3150.0 750.0 0.27360
3250.0 750.0 -0.37818
3350.0 750.0 -1.10763
3450.0 750.0 -1.90936
3550.0 750.0 -2.52283
3650.0 750.0 -2.64686
3750.0 750.0 -2.20082
3850.0 750.0 -1.39218
3950.0 750.0 -0.59018
4050.0 750.0 -0.00585
4150.0 750.0 0.61389
4250.0 750.0 1.36381
4350.0 750.0 1.96823
4450.0 750.0 2.14131
4550.0 750.0 1.80647
4650.0 750.0 1.14160
4750.0 750.0 0.44999
4850.0 750.0 -0.12831
4950.0 750.0 -0.52820
5050.0 750.0 -0.55830
5150.0 750.0 -0.22677
5250.0 750.0 0.28993
5350.0 750.0 0.73139
5450.0 750.0 0.86462
5550.0 750.0 0.62234
5650.0 750.0 0.20428
5750.0 750.0 -0.33004
5850.0 750.0 -0.88555
5950.0 750.0 -1.25596
6050.0 750.0 -1.31148
6150.0 750.0 -1.08160
6250.0 750.0 -0.72879
6350.0 750.0 -0.41333
50.0 850.0 0.10499
150.0 850.0 0.02157
250.0 850.0 -0.20309
350.0 850.0 -0.43223
450.0 850.0 -0.59764
550.0 850.0 -0.62616
650.0 850.0 -0.50405
750.0 850.0 -0.29327
850.0 850.0 -0.09775
950.0 850.0 0.02030
1050.0 850.0 0.17114
1150.0 850.0 0.49455
1250.0 850.0 0.88184
1350.0 850.0 1.13786
1450.0 850.0 1.13183
1550.0 850.0 0.86379
1650.0 850.0 0.44661
1750.0 850.0 0.00551
1850.0 850.0 -0.35547
1950.0 850.0 -0.50054
2050.0 850.0 -0.40743
2150.0 850.0 -0.16466
2250.0 850.0 0.07131
2350.0 850.0 0.14204
2450.0 850.0 -0.02362
2550.0 850.0 -0.29137
2650.0 850.0 -0.28756
2750.0 850.0 0.09964
2850.0 850.0 0.66886
2950.0 850.0 1.12329
3050.0 850.0 1.22970
3150.0 850.0 0.91337
3250.0 850.0 0.28896
3350.0 850.0 -0.45009
3450.0 850.0 -1.30167
3550.0 850.0 -2.01414
3650.0 850.0 -2.26617
3750.0 850.0 -1.94399
3850.0 850.0 -1.22398
3950.0 850.0 -0.46013
4050.0 850.0 0.12354
4150.0 850.0 0.74193
4250.0 850.0 1.46798
4350.0 850.0 2.02226
4450.0 850.0 2.12790
4550.0 850.0 1.72502
4650.0 850.0 1.00893
4750.0 850.0 0.29208
4850.0 850.0 -0.29593
4950.0 850.0 -0.72806
5050.0 850.0 -0.83706
5150.0 850.0 -0.62197
5250.0 850.0 -0.23158
5350.0 850.0 0.10527
5450.0 850.0 0.17765
5550.0 850.0 -0.08118
5650.0 850.0 -0.49026
5750.0 850.0 -0.93668
5850.0 850.0 -1.28820
5950.0 850.0 -1.37087
6050.0 850.0 -1.12562
6150.0 850.0 -0.65824
6250.0 850.0 -0.17974
6350.0 850.0 0.16279
50.0 950.0 -0.05278
150.0 950.0 -0.14024
250.0 950.0 -0.37103
350.0 950.0 -0.58669
450.0 950.0 -0.70901
550.0 950.0 -0.67164
650.0 950.0 -0.47799
750.0 950.0 -0.20981
850.0 950.0 0.01534
950.0 950.0 0.13778
1050.0 950.0 0.28955
1150.0 950.0 0.62685
1250.0 950.0 1.05110
1350.0 950.0 1.36813
1450.0 950.0 1.43716
1550.0 950.0 1.24092
1650.0 950.0 0.87703
1750.0 950.0 0.47147
1850.0 950.0 0.10941
1950.0 950.0 -0.12565
2050.0 950.0 -0.21163
2150.0 950.0 -0.19416
2250.0 950.0 -0.16638
2350.0 950.0 -0.22974
2450.0 950.0 -0.43581
2550.0 950.0 -0.69393
2650.0 950.0 -0.62865
2750.0 950.0 -0.08819
2850.0 950.0 0.71581
2950.0 950.0 1.43893
3050.0 950.0 1.78468
3150.0 950.0 1.62709
3250.0 950.0 1.07505
3350.0 950.0 0.37648
3450.0 950.0 -0.46999
3550.0 950.0 -1.23944
3650.0 950.0 -1.61079
3750.0 950.0 -1.44258
3850.0 950.0 -0.86594
3950.0 950.0 -0.19441
4050.0 950.0 0.34932
4150.0 950.0 0.92734
4250.0 950.0 1.58622
4350.0 950.0 2.05434
4450.0 950.0 2.07514
4550.0 950.0 1.60782
4650.0 950.0 0.85694
4750.0 950.0 0.13113
4850.0 950.0 -0.45570
4950.0 950.0 -0.91430
5050.0 950.0 -1.10730
5150.0 950.0 -1.02525
5250.0 950.0 -0.78469
5350.0 950.0 -0.57511
5450.0 950.0 -0.57771
5550.0 950.0 -0.85586
5650.0 950.0 -1.25393
5750.0 950.0 -1.61225
5850.0 950.0 -1.76432
5950.0 950.0 -1.56995
6050.0 950.0 -1.03944
6150.0 950.0 -0.35113
6250.0 950.0 0.23968
6350.0 950.0 0.60072
50.0 1050.0 -0.23640
150.0 1050.0 -0.36087
250.0 1050.0 -0.61779
350.0 1050.0 -0.82575
450.0 1050.0 -0.88677
550.0 1050.0 -0.74321
650.0 1050.0 -0.42741
750.0 1050.0 -0.05775
850.0 1050.0 0.22045
950.0 1050.0 0.34924
1050.0 1050.0 0.48287
1150.0 1050.0 0.75910
1250.0 1050.0 1.10428
1350.0 1050.0 1.37096
1450.0 1050.0 1.45092
1550.0 1050.0 1.32888
1650.0 1050.0 1.07714
1750.0 1050.0 0.79136
1850.0 1050.0 0.52117
1950.0 1050.0 0.29522
2050.0 1050.0 0.11739
2150.0 1050.0 -0.03093
2250.0 1050.0 -0.18171
2350.0 1050.0 -0.36679
2450.0 1050.0 -0.60002
2550.0 1050.0 -0.83360
2650.0 1050.0 -0.74309
2750.0 1050.0 -0.15342
2850.0 1050.0 0.75550
2950.0 1050.0 1.64809
3050.0 1050.0 2.20464
3150.0 1050.0 2.25548
3250.0 1050.0 1.87790
3350.0 1050.0 1.34029
3450.0 1050.0 0.63978
3550.0 1050.0 -0.06341
3650.0 1050.0 -0.49950
3750.0 1050.0 -0.51936
3850.0 1050.0 -0.18410
3950.0 1050.0 0.28648
4050.0 1050.0 0.70653
4150.0 1050.0 1.16580
4250.0 1050.0 1.68622
4350.0 1050.0 2.02537
4450.0 1050.0 1.96013
4550.0 1050.0 1.46211
4650.0 1050.0 0.72069
4750.0 1050.0 0.01359
4850.0 1050.0 -0.56357
4950.0 1050.0 -1.04870
5050.0 1050.0 -1.33994
5150.0 1050.0 -1.41734
5250.0 1050.0 -1.35726
5350.0 1050.0 -1.30013
5450.0 1050.0 -1.39002
5550.0 1050.0 -1.68606
5650.0 1050.0 -2.06822
5750.0 1050.0 -2.35209
5850.0 1050.0 -2.34857
5950.0 1050.0 -1.94647
6050.0 1050.0 -1.20923
6150.0 1050.0 -0.36714
6250.0 1050.0 0.29604
6350.0 1050.0 0.66228
50.0 1150.0 -0.35612
150.0 1150.0 -0.54470
250.0 1150.0 -0.84788
350.0 1150.0 -1.06649
450.0 1150.0 -1.07842
550.0 1150.0 -0.83155
650.0 1150.0 -0.38808
750.0 1150.0 0.09185
850.0 1150.0 0.42846
950.0 1150.0 0.56255
1050.0 1150.0 0.65974
1150.0 1150.0 0.80253
1250.0 1150.0 0.95593
1350.0 1150.0 1.06299
1450.0 1150.0 1.08921
1550.0 1150.0 1.04055
1650.0 1150.0 0.95498
1750.0 1150.0 0.86811
1850.0 1150.0 0.78297
1950.0 1150.0 0.67906
2050.0 1150.0 0.52409
2150.0 1150.0 0.30399
2250.0 1150.0 0.03613
2350.0 1150.0 -0.23777
2450.0 1150.0 -0.47873
2550.0 1150.0 -0.67503
2650.0 1150.0 -0.61555
2750.0 1150.0 -0.13145
2850.0 1150.0 0.67651
2950.0 1150.0 1.55513
3050.0 1150.0 2.22224
3150.0 1150.0 2.48754
3250.0 1150.0 2.37103
3350.0 1150.0 2.10971
3450.0 1150.0 1.70212
3550.0 1150.0 1.21130
3650.0 1150.0 0.80213
3750.0 1150.0 0.60235
3850.0 1150.0 0.63400
3950.0 1150.0 0.81561
4050.0 1150.0 1.03521
4150.0 1150.0 1.30715
4250.0 1150.0 1.64350
4350.0 1150.0 1.85151
4450.0 1150.0 1.74547
4550.0 1150.0 1.29126
4650.0 1150.0 0.62968
4750.0 1150.0 -0.02173
4850.0 1150.0 -0.58009
4950.0 1150.0 -1.07861
5050.0 1150.0 -1.44240
5150.0 1150.0 -1.64296
5250.0 1150.0 -1.72354
5350.0 1150.0 -1.78404
5450.0 1150.0 -1.93785
5550.0 1150.0 -2.24051
5650.0 1150.0 -2.60440
5750.0 1150.0 -2.85038
5850.0 1150.0 -2.78747
5950.0 1150.0 -2.32002
6050.0 1150.0 -1.53012
6150.0 1150.0 -0.66015
6250.0 1150.0 0.00533
6350.0 1150.0 0.35825
50.0 1250.0 -0.33388
150.0 1250.0 -0.59329
250.0 1250.0 -0.95317
350.0 1250.0 -1.20706
450.0 1250.0 -1.21315
550.0 1250.0 -0.91708
650.0 1250.0 -0.39807
750.0 1250.0 0.15364
850.0 1250.0 0.52942
950.0 1250.0 0.66453
1050.0 1250.0 0.71689
1150.0 1250.0 0.69250
1250.0 1250.0 0.60071
1350.0 1250.0 0.49497
1450.0 1250.0 0.43383
1550.0 1250.0 0.45416
1650.0 1250.0 0.55642
1750.0 1250.0 0.70264
1850.0 1250.0 0.85033
1950.0 1250.0 0.94290
2050.0 1250.0 0.90272
2150.0 1250.0 0.70083
2250.0 1250.0 0.38604
2350.0 1250.0 0.06511
2450.0 1250.0 -0.16614
2550.0 1250.0 -0.32133
2650.0 1250.0 -0.34598
2750.0 1250.0 -0.10813
2850.0 1250.0 0.40123
2950.0 1250.0 1.06972
3050.0 1250.0 1.70896
3150.0 1250.0 2.13856
3250.0 1250.0 2.30847
3350.0 1250.0 2.37599
3450.0 1250.0 2.34363
3550.0 1250.0 2.16760
3650.0 1250.0 1.87726
3750.0 1250.0 1.55318
3850.0 1250.0 1.29309
3950.0 1250.0 1.16596
4050.0 1250.0 1.15443
4150.0 1250.0 1.21604
4250.0 1250.0 1.37633
4350.0 1250.0 1.50161
4450.0 1250.0 1.43444
4550.0 1250.0 1.11172
4650.0 1250.0 0.59771
4750.0 1250.0 0.03218
4850.0 1250.0 -0.50196
4950.0 1250.0 -0.99106
5050.0 1250.0 -1.36569
5150.0 1250.0 -1.59452
5250.0 1250.0 -1.70956
5350.0 1250.0 -1.79687
5450.0 1250.0 -1.95920
5550.0 1250.0 -2.25073
5650.0 1250.0 -2.59823
5750.0 1250.0 -2.85287
5850.0 1250.0 -2.84343
5950.0 1250.0 -2.47227
6050.0 1250.0 -1.80032
6150.0 1250.0 -1.03823
6250.0 1250.0 -0.44286
6350.0 1250.0 -0.11908
50.0 1350.0 -0.16152
150.0 1350.0 -0.47557
250.0 1350.0 -0.88830
350.0 1350.0 -1.19653
450.0 1350.0 -1.24958
550.0 1350.0 -0.98224
650.0 1350.0 -0.47082
750.0 1350.0 0.08677
850.0 1350.0 0.46783
950.0 1350.0 0.59862
1050.0 1350.0 0.61130
1150.0 1350.0 0.43920
1250.0 1350.0 0.13129
1350.0 1350.0 -0.16117
1450.0 1350.0 -0.29746
1550.0 1350.0 -0.21386
1650.0 1350.0 0.05641
1750.0 1350.0 0.41033
1850.0 1350.0 0.77226
1950.0 1350.0 1.06341
2050.0 1350.0 1.16452
2150.0 1350.0 1.02436
2250.0 1350.0 0.70803
2350.0 1350.0 0.37066
2450.0 1350.0 0.15641
2550.0 1350.0 0.03577
2650.0 1350.0 -0.09794
2750.0 1350.0 -0.16697
2850.0 1350.0 -0.05237
2950.0 1350.0 0.29029
3050.0 1350.0 0.79182
3150.0 1350.0 1.30508
3250.0 1350.0 1.71560
3350.0 1350.0 2.07907
3450.0 1350.0 2.40302
3550.0 1350.0 2.55358
3650.0 1350.0 2.43075
3750.0 1350.0 2.05751
3850.0 1350.0 1.58345
3950.0 1350.0 1.20301
4050.0 1350.0 0.98867
4150.0 1350.0 0.87179
4250.0 1350.0 0.91200
4350.0 1350.0 1.02884
4450.0 1350.0 1.07579
4550.0 1350.0 0.94346
4650.0 1350.0 0.61016
4750.0 1350.0 0.13989
4850.0 1350.0 -0.37072
4950.0 1350.0 -0.82912
5050.0 1350.0 -1.14725
5150.0 1350.0 -1.29777
5250.0 1350.0 -1.32728
5350.0 1350.0 -1.33945
5450.0 1350.0 -1.45019
5550.0 1350.0 -1.71501
5650.0 1350.0 -2.05121
5750.0 1350.0 -2.34867
5850.0 1350.0 -2.46825
5950.0 1350.0 -2.29716
6050.0 1350.0 -1.84905
6150.0 1350.0 -1.27597
6250.0 1350.0 -0.79114
6350.0 1350.0 -0.50224
50.0 1450.0 0.09440
150.0 1450.0 -0.24258
250.0 1450.0 -0.69147
350.0 1450.0 -1.05784
450.0 1450.0 -1.19407
550.0 1450.0 -1.01908
650.0 1450.0 -0.58881
750.0 1450.0 -0.08666
850.0 1450.0 0.26761
950.0 1450.0 0.39031
1050.0 1450.0 0.37984
1150.0 1450.0 0.12477
1250.0 1450.0 -0.29953
1350.0 1450.0 -0.68375
1450.0 1450.0 -0.84174
1550.0 1450.0 -0.69910
1650.0 1450.0 -0.31359
1750.0 1450.0 0.17382
1850.0 1450.0 0.67209
1950.0 1450.0 1.08813
2050.0 1450.0 1.27618
2150.0 1450.0 1.17156
2250.0 1450.0 0.85078
2350.0 1450.0 0.50070
2450.0 1450.0 0.29660
2550.0 1450.0 0.19647
2650.0 1450.0 -0.02966
2750.0 1450.0 -0.35313
2850.0 1450.0 -0.57665
2950.0 1450.0 -0.53454
3050.0 1450.0 -0.19614
3150.0 1450.0 0.32895
3250.0 1450.0 0.88373
3350.0 1450.0 1.43845
3450.0 1450.0 2.00460
3550.0 1450.0 2.39406
3650.0 1450.0 2.41846
3750.0 1450.0 2.05378
3850.0 1450.0 1.47271
3950.0 1450.0 0.94437
4050.0 1450.0 0.60234
4150.0 1450.0 0.37953
4250.0 1450.0 0.37723
4350.0 1450.0 0.54955
4450.0 1450.0 0.74365
4550.0 1450.0 0.80148
4650.0 1450.0 0.62974
4750.0 1450.0 0.23789
4850.0 1450.0 -0.25587
4950.0 1450.0 -0.67443
5050.0 1450.0 -0.89660
5150.0 1450.0 -0.90344
5250.0 1450.0 -0.77312
5350.0 1450.0 -0.64767
5450.0 1450.0 -0.67190
5550.0 1450.0 -0.90444
5650.0 1450.0 -1.23519
5750.0 1450.0 -1.57978
5850.0 1450.0 -1.82764
5950.0 1450.0 -1.84879
6050.0 1450.0 -1.61060
6150.0 1450.0 -1.21064
6250.0 1450.0 -0.82355
6350.0 1450.0 -0.56197
50.0 1550.0 0.34081
150.0 1550.0 0.01340
250.0 1550.0 -0.45045
350.0 1550.0 -0.86366
450.0 1550.0 -1.08987
550.0 1550.0 -1.03214
650.0 1550.0 -0.71806
750.0 1550.0 -0.30350
850.0 1550.0 0.00661
950.0 1550.0 0.12037
1050.0 1550.0 0.10663
1150.0 1550.0 -0.15315
1250.0 1550.0 -0.57239
1350.0 1550.0 -0.93138
1450.0 1550.0 -1.04297
1550.0 1550.0 -0.84251
1650.0 1550.0 -0.40206
1750.0 1550.0 0.13178
1850.0 1550.0 0.66793
1950.0 1550.0 1.09828
2050.0 1550.0 1.26967
2150.0 1550.0 1.12342
2250.0 1550.0 0.75375
2350.0 1550.0 0.36943
2450.0 1550.0 0.15892
2550.0 1550.0 0.06442
2650.0 1550.0 -0.20757
2750.0 1550.0 -0.65450
2850.0 1550.0 -1.04746
2950.0 1550.0 -1.16631
3050.0 1550.0 -0.93137
3150.0 1550.0 -0.42912
3250.0 1550.0 0.16822
3350.0 1550.0 0.78879
3450.0 1550.0 1.44556
3550.0 1550.0 1.93411
3650.0 1550.0 2.03272
3750.0 1550.0 1.69536
3850.0 1550.0 1.09631
3950.0 1550.0 0.52658
4050.0 1550.0 0.14261
4150.0 1550.0 -0.10719
4250.0 1550.0 -0.08711
4350.0 1550.0 0.16930
4450.0 1550.0 0.49275
4550.0 1550.0 0.68830
4650.0 1550.0 0.62054
4750.0 1550.0 0.27400
4850.0 1550.0 -0.21215
4950.0 1550.0 -0.59624
5050.0 1550.0 -0.72377
5150.0 1550.0 -0.58474
5250.0 1550.0 -0.29110
5350.0 1550.0 -0.02602
5450.0 1550.0 0.03465
5550.0 1550.0 -0.17120
5650.0 1550.0 -0.50063
5750.0 1550.0 -0.86849
5850.0 1550.0 -1.17672
5950.0 1550.0 -1.28672
6050.0 1550.0 -1.14431
6150.0 1550.0 -0.82227
6250.0 1550.0 -0.47827
6350.0 1550.0 -0.22779
50.0 1650.0 0.54688
150.0 1650.0 0.24263
250.0 1650.0 -0.22590
350.0 1650.0 -0.67613
450.0 1650.0 -0.98520
550.0 1650.0 -1.04242
650.0 1650.0 -0.84701
750.0 1650.0 -0.52487
850.0 1650.0 -0.26257
950.0 1650.0 -0.15835
1050.0 1650.0 -0.16664
1150.0 1650.0 -0.39265
1250.0 1650.0 -0.74594
1350.0 1650.0 -1.02026
1450.0 1650.0 -1.05015
1550.0 1650.0 -0.79146
1650.0 1650.0 -0.32592
1750.0 1650.0 0.21051
1850.0 1650.0 0.73417
1950.0 1650.0 1.12035
2050.0 1650.0 1.21769
2150.0 1650.0 0.98415
2250.0 1650.0 0.53628
2350.0 1650.0 0.10141
2450.0 1650.0 -0.12703
2550.0 1650.0 -0.22478
2650.0 1650.0 -0.51281
2750.0 1650.0 -0.99773
2850.0 1650.0 -1.44513
2950.0 1650.0 -1.62161
3050.0 1650.0 -1.43297
3150.0 1650.0 -0.95609
3250.0 1650.0 -0.36448
3350.0 1650.0 0.25725
3450.0 1650.0 0.92177
3550.0 1650.0 1.42634
3650.0 1650.0 1.54613
3750.0 1650.0 1.22967
3850.0 1650.0 0.64597
3950.0 1650.0 0.08324
4050.0 1650.0 -0.30006
4150.0 1650.0 -0.53886
4250.0 1650.0 -0.47120
4350.0 1650.0 -0.12910
4450.0 1650.0 0.29998
4550.0 1650.0 0.59424
4650.0 1650.0 0.59424
4750.0 1650.0 0.27517
4850.0 1650.0 -0.20618
4950.0 1650.0 -0.56231
5050.0 1650.0 -0.61181
5150.0 1650.0 -0.35230
5250.0 1650.0 0.07597
5350.0 1650.0 0.45559
5450.0 1650.0 0.58512
5550.0 1650.0 0.39977
5650.0 1650.0 0.07156
5750.0 1650.0 -0.29908
5850.0 1650.0 -0.61565
5950.0 1650.0 -0.73802
6050.0 1650.0 -0.60862
6150.0 1650.0 -0.29660
6250.0 1650.0 0.04273
6350.0 1650.0 0.29326
50.0 1750.0 0.65688
150.0 1750.0 0.35878
250.0 1750.0 -0.12282
350.0 1750.0 -0.60723
450.0 1750.0 -0.98243
550.0 1750.0 -1.13100
650.0 1750.0 -1.03397
750.0 1750.0 -0.79576
850.0 1750.0 -0.58771
950.0 1750.0 -0.51032
1050.0 1750.0 -0.53072
1150.0 1750.0 -0.73293
1250.0 1750.0 -1.02153
1350.0 1750.0 -1.20729
1450.0 1750.0 -1.15223
1550.0 1750.0 -0.83832
1650.0 1750.0 -0.35964
1750.0 1750.0 0.16168
1850.0 1750.0 0.67008
1950.0 1750.0 1.04516
2050.0 1750.0 1.13084
2150.0 1750.0 0.87972
2250.0 1750.0 0.40596
2350.0 1750.0 -0.06143
2450.0 1750.0 -0.32485
2550.0 1750.0 -0.45654
2650.0 1750.0 -0.76680
2750.0 1750.0 -1.25425
2850.0 1750.0 -1.68880
2950.0 1750.0 -1.84858
3050.0 1750.0 -1.65256
3150.0 1750.0 -1.18676
3250.0 1750.0 -0.62406
3350.0 1750.0 -0.03905
3450.0 1750.0 0.57894
3550.0 1750.0 1.03637
3650.0 1750.0 1.12425
3750.0 1750.0 0.80003
3850.0 1750.0 0.22949
3950.0 1750.0 -0.31178
4050.0 1750.0 -0.67621
4150.0 1750.0 -0.89043
4250.0 1750.0 -0.77383
4350.0 1750.0 -0.35339
4450.0 1750.0 0.17450
4550.0 1750.0 0.56992
4650.0 1750.0 0.65365
4750.0 1750.0 0.38978
4850.0 1750.0 -0.05475
4950.0 1750.0 -0.37475
5050.0 1750.0 -0.38954
5150.0 1750.0 -0.10069
5250.0 1750.0 0.34963
5350.0 1750.0 0.74568
5450.0 1750.0 0.89044
5550.0 1750.0 0.72331
5650.0 1750.0 0.41448
5750.0 1750.0 0.05506
5850.0 1750.0 -0.26225
5950.0 1750.0 -0.39384
6050.0 1750.0 -0.27476
6150.0 1750.0 0.03369
6250.0 1750.0 0.38105
6350.0 1750.0 0.64974
50.0 1850.0 0.61734
150.0 1850.0 0.29232
250.0 1850.0 -0.21688
350.0 1850.0 -0.72407
450.0 1850.0 -1.12075
550.0 1850.0 -1.29744
650.0 1850.0 -1.24036
750.0 1850.0 -1.05312
850.0 1850.0 -0.90115
950.0 1850.0 -0.87895
1050.0 1850.0 -0.94362
1150.0 1850.0 -1.14743
1250.0 1850.0 -1.38814
1350.0 1850.0 -1.49596
1450.0 1850.0 -1.36557
1550.0 1850.0 -1.01080
1650.0 1850.0 -0.54164
1750.0 1850.0 -0.06372
1850.0 1850.0 0.42686
1950.0 1850.0 0.84860
2050.0 1850.0 1.02898
2150.0 1850.0 0.87762
2250.0 1850.0 0.46481
2350.0 1850.0 -0.00646
2450.0 1850.0 -0.33494
2550.0 1850.0 -0.55350
2650.0 1850.0 -0.90175
2750.0 1850.0 -1.34358
2850.0 1850.0 -1.66751
2950.0 1850.0 -1.70073
3050.0 1850.0 -1.41802
3150.0 1850.0 -0.94395
3250.0 1850.0 -0.44857
3350.0 1850.0 0.03930
3450.0 1850.0 0.53002
3550.0 1850.0 0.85302
3650.0 1850.0 0.84287
3750.0 1850.0 0.48413
3850.0 1850.0 -0.06243
3950.0 1850.0 -0.55233
4050.0 1850.0 -0.86794
4150.0 1850.0 -1.04037
4250.0 1850.0 -0.89046
4350.0 1850.0 -0.43360
4450.0 1850.0 0.14744
4550.0 1850.0 0.61815
4650.0 1850.0 0.79368
4750.0 1850.0 0.62599
4850.0 1850.0 0.27366
4950.0 1850.0 0.00816
5050.0 1850.0 -0.03511
5150.0 1850.0 0.14376
5250.0 1850.0 0.44192
5350.0 1850.0 0.70210
5450.0 1850.0 0.77992
5550.0 1850.0 0.63024
5650.0 1850.0 0.37215
5750.0 1850.0 0.04473
5850.0 1850.0 -0.26866
5950.0 1850.0 -0.41621
6050.0 1850.0 -0.31563
6150.0 1850.0 -0.00987
6250.0 1850.0 0.36205
6350.0 1850.0 0.67905
50.0 1950.0 0.47997
150.0 1950.0 0.09810
250.0 1950.0 -0.44904
350.0 1950.0 -0.95955
450.0 1950.0 -1.31867
550.0 1950.0 -1.44052
650.0 1950.0 -1.34315
750.0 1950.0 -1.15436
850.0 1950.0 -1.04636
950.0 1950.0 -1.09925
1050.0 1950.0 -1.23507
1150.0 1950.0 -1.46858
1250.0 1950.0 -1.69010
1350.0 1950.0 -1.74794
1450.0 1950.0 -1.56852
1550.0 1950.0 -1.19743
1650.0 1950.0 -0.76117
1750.0 1950.0 -0.34944
1850.0 1950.0 0.11975
1950.0 1950.0 0.62820
2050.0 1950.0 0.97805
2150.0 1950.0 1.00843
2250.0 1950.0 0.71577
2350.0 1950.0 0.25738
2450.0 1950.0 -0.16171
2550.0 1950.0 -0.50911
2650.0 1950.0 -0.91184
2750.0 1950.0 -1.28072
2850.0 1950.0 -1.43261
2950.0 1950.0 -1.26952
3050.0 1950.0 -0.85128
3150.0 1950.0 -0.36125
3250.0 1950.0 0.03488
3350.0 1950.0 0.37979
3450.0 1950.0 0.69134
3550.0 1950.0 0.83548
3650.0 1950.0 0.70758
3750.0 1950.0 0.32539
3850.0 1950.0 -0.16475
3950.0 1950.0 -0.56849
4050.0 1950.0 -0.81022
4150.0 1950.0 -0.93309
4250.0 1950.0 -0.78627
4350.0 1950.0 -0.36884
4450.0 1950.0 0.17716
4550.0 1950.0 0.65458
4650.0 1950.0 0.89582
4750.0 1950.0 0.84419
4850.0 1950.0 0.62703
4950.0 1950.0 0.43565
5050.0 1950.0 0.32960
5150.0 1950.0 0.31295
5250.0 1950.0 0.34893
5350.0 1950.0 0.37648
5450.0 1950.0 0.33648
5550.0 1950.0 0.20755
5650.0 1950.0 0.02461
5750.0 1950.0 -0.25728
5850.0 1950.0 -0.56965
5950.0 1950.0 -0.74767
6050.0 1950.0 -0.68162
6150.0 1950.0 -0.38533
6250.0 1950.0 0.02027
6350.0 1950.0 0.40857
50.0 2050.0 0.34463
150.0 2050.0 -0.10718
250.0 2050.0 -0.69343
350.0 2050.0 -1.18786
450.0 2050.0 -1.46156
550.0 2050.0 -1.46176
650.0 2050.0 -1.25655
750.0 2050.0 -1.01631
850.0 2050.0 -0.93059
950.0 2050.0 -1.06040
1050.0 2050.0 -1.27642
1150.0 2050.0 -1.55800
1250.0 2050.0 -1.78889
1350.0 2050.0 -1.83078
1450.0 2050.0 -1.63476
1550.0 2050.0 -1.27172
1650.0 2050.0 -0.88203
1750.0 2050.0 -0.54308
1850.0 2050.0 -0.09836
1950.0 2050.0 0.49975
2050.0 2050.0 1.02613
2150.0 2050.0 1.24515
2250.0 2050.0 1.07534
2350.0 2050.0 0.62624
2450.0 2050.0 0.10740
2550.0 2050.0 -0.38007
2650.0 2050.0 -0.84713
2750.0 2050.0 -1.15043
2850.0 2050.0 -1.13571
2950.0 2050.0 -0.78122
3050.0 2050.0 -0.23349
3150.0 2050.0 0.26419
3250.0 2050.0 0.55052
3350.0 2050.0 0.74300
3450.0 2050.0 0.87797
3550.0 2050.0 0.86503
3650.0 2050.0 0.65850
3750.0 2050.0 0.29973
3850.0 2050.0 -0.09293
3950.0 2050.0 -0.38615
4050.0 2050.0 -0.54549
4150.0 2050.0 -0.62470
4250.0 2050.0 -0.52333
4350.0 2050.0 -0.22353
4450.0 2050.0 0.19319
4550.0 2050.0 0.59367
4650.0 2050.0 0.84952
4750.0 2050.0 0.90210
4850.0 2050.0 0.83036
4950.0 2050.0 0.72523
5050.0 2050.0 0.56866
5150.0 2050.0 0.36746
5250.0 2050.0 0.15001
5350.0 2050.0 -0.04837
5450.0 2050.0 -0.20042
5550.0 2050.0 -0.30241
5650.0 2050.0 -0.40424
5750.0 2050.0 -0.64104
5850.0 2050.0 -0.96211
5950.0 2050.0 -1.18695
6050.0 2050.0 -1.17265
6150.0 2050.0 -0.89784
6250.0 2050.0 -0.46153
6350.0 2050.0 0.00298
50.0 2150.0 0.30763
150.0 2150.0 -0.20431
250.0 2150.0 -0.82132
350.0 2150.0 -1.28990
450.0 2150.0 -1.46475
550.0 2150.0 -1.32511
650.0 2150.0 -0.99012
750.0 2150.0 -0.67564
850.0 2150.0 -0.59188
950.0 2150.0 -0.78190
1050.0 2150.0 -1.06536
1150.0 2150.0 -1.39482
1250.0 2150.0 -1.64944
1350.0 2150.0 -1.69861
1450.0 2150.0 -1.50839
1550.0 2150.0 -1.16569
1650.0 2150.0 -0.81999
1750.0 2150.0 -0.54137
1850.0 2150.0 -0.12219
1950.0 2150.0 0.53088
2050.0 2150.0 1.17135
2150.0 2150.0 1.50933
2250.0 2150.0 1.40868
2350.0 2150.0 0.94721
2450.0 2150.0 0.33997
2550.0 2150.0 -0.26330
2650.0 2150.0 -0.79320
2750.0 2150.0 -1.06854
2850.0 2150.0 -0.95516
2950.0 2150.0 -0.48454
3050.0 2150.0 0.13614
3150.0 2150.0 0.62163
3250.0 2150.0 0.81363
3350.0 2150.0 0.88434
3450.0 2150.0 0.89718
3550.0 2150.0 0.80274
3650.0 2150.0 0.59482
3750.0 2150.0 0.31814
3850.0 2150.0 0.05226
3950.0 2150.0 -0.12825
4050.0 2150.0 -0.21701
4150.0 2150.0 -0.26887
4250.0 2150.0 -0.24030
4350.0 2150.0 -0.10012
4450.0 2150.0 0.13358
4550.0 2150.0 0.39994
4650.0 2150.0 0.62003
4750.0 2150.0 0.73994
4850.0 2150.0 0.78688
4950.0 2150.0 0.76688
5050.0 2150.0 0.61137
5150.0 2150.0 0.32531
5250.0 2150.0 -0.02532
5350.0 2150.0 -0.34541
5450.0 2150.0 -0.55134
5550.0 2150.0 -0.62042
5650.0 2150.0 -0.65614
5750.0 2150.0 -0.86161
5850.0 2150.0 -1.20300
5950.0 2150.0 -1.48475
6050.0 2150.0 -1.53212
6150.0 2150.0 -1.28997
6250.0 2150.0 -0.83626
6350.0 2150.0 -0.31066
50.0 2250.0 0.42137
150.0 2250.0 -0.12196
250.0 2250.0 -0.75553
350.0 2250.0 -1.20312
450.0 2250.0 -1.30769
550.0 2250.0 -1.06898
650.0 2250.0 -0.63995
750.0 2250.0 -0.26736
850.0 2250.0 -0.17635
950.0 2250.0 -0.39877
1050.0 2250.0 -0.72047
1150.0 2250.0 -1.07854
1250.0 2250.0 -1.34972
1350.0 2250.0 -1.40706
1450.0 2250.0 -1.22401
1550.0 2250.0 -0.89548
1650.0 2250.0 -0.57568
1750.0 2250.0 -0.33126
1850.0 2250.0 0.06392
1950.0 2250.0 0.71499
2050.0 2250.0 1.36524
2150.0 2250.0 1.70678
2250.0 2250.0 1.58905
2350.0 2250.0 1.08526
2450.0 2250.0 0.41669
2550.0 2250.0 -0.25306
2650.0 2250.0 -0.83333
2750.0 2250.0 -1.13153
2850.0 2250.0 -1.01943
2950.0 2250.0 -0.54460
3050.0 2250.0 0.06740
3150.0 2250.0 0.51847
3250.0 2250.0 0.65112
3350.0 2250.0 0.65745
3450.0 2250.0 0.63006
3550.0 2250.0 0.54910
3650.0 2250.0 0.41939
3750.0 2250.0 0.26758
3850.0 2250.0 0.13153
3950.0 2250.0 0.04200
4050.0 2250.0 -0.00334
4150.0 2250.0 -0.04713
4250.0 2250.0 -0.09004
4350.0 2250.0 -0.09398
4450.0 2250.0 -0.02943
4550.0 2250.0 0.10041
4650.0 2250.0 0.25928
4750.0 2250.0 0.40137
4850.0 2250.0 0.51491
4950.0 2250.0 0.56574
5050.0 2250.0 0.47883
5150.0 2250.0 0.25143
5250.0 2250.0 -0.05459
5350.0 2250.0 -0.34131
5450.0 2250.0 -0.51670
5550.0 2250.0 -0.55001
5650.0 2250.0 -0.54905
5750.0 2250.0 -0.74419
5850.0 2250.0 -1.11388
5950.0 2250.0 -1.45132
6050.0 2250.0 -1.55800
6150.0 2250.0 -1.35346
6250.0 2250.0 -0.89994
6350.0 2250.0 -0.34185
50.0 2350.0 0.66503
150.0 2350.0 0.12188
250.0 2350.0 -0.51536
350.0 2350.0 -0.95596
450.0 2350.0 -1.03925
550.0 2350.0 -0.77063
650.0 2350.0 -0.31269
750.0 2350.0 0.07876
850.0 2350.0 0.17405
950.0 2350.0 -0.05565
1050.0 2350.0 -0.38567
1150.0 2350.0 -0.74634
1250.0 2350.0 -1.01343
1350.0 2350.0 -1.06252
1450.0 2350.0 -0.87144
1550.0 2350.0 -0.53943
1650.0 2350.0 -0.22291
1750.0 2350.0 0.01337
1850.0 2350.0 0.38741
1950.0 2350.0 0.98553
2050.0 2350.0 1.55139
2150.0 2350.0 1.79275
2250.0 2350.0 1.58168
2350.0 2350.0 1.01137
2450.0 2350.0 0.30961
2550.0 2350.0 -0.37813
2650.0 2350.0 -0.99296
2750.0 2350.0 -1.35441
2850.0 2350.0 -1.32767
2950.0 2350.0 -0.94334
3050.0 2350.0 -0.40789
3150.0 2350.0 -0.00634
3250.0 2350.0 0.10265
3350.0 2350.0 0.09926
3450.0 2350.0 0.10145
3550.0 2350.0 0.10548
3650.0 2350.0 0.10336
3750.0 2350.0 0.08989
3850.0 2350.0 0.06559
3950.0 2350.0 0.03584
4050.0 2350.0 0.00604
4150.0 2350.0 -0.04344
4250.0 2350.0 -0.13531
4350.0 2350.0 -0.23037
4450.0 2350.0 -0.27533
4550.0 2350.0 -0.24187
4650.0 2350.0 -0.14051
4750.0 2350.0 -0.00944
4850.0 2350.0 0.12026
4950.0 2350.0 0.22337
5050.0 2350.0 0.25754
5150.0 2350.0 0.20793
5250.0 2350.0 0.09651
5350.0 2350.0 -0.02553
5450.0 2350.0 -0.09996
5550.0 2350.0 -0.09814
5650.0 2350.0 -0.08908
5750.0 2350.0 -0.29191
5850.0 2350.0 -0.69191
5950.0 2350.0 -1.07573
6050.0 2350.0 -1.23095
6150.0 2350.0 -1.06229
6250.0 2350.0 -0.62274
6350.0 2350.0 -0.05947
50.0 2450.0 0.92009
150.0 2450.0 0.39158
250.0 2450.0 -0.23912
350.0 2450.0 -0.67187
450.0 2450.0 -0.74507
550.0 2450.0 -0.46445
650.0 2450.0 0.00621
750.0 2450.0 0.40956
850.0 2450.0 0.51473
950.0 2450.0 0.29295
1050.0 2450.0 -0.02892
1150.0 2450.0 -0.38074
1250.0 2450.0 -0.64250
1350.0 2450.0 -0.69378
1450.0 2450.0 -0.51292
1550.0 2450.0 -0.19559
1650.0 2450.0 0.10714
1750.0 2450.0 0.33235
1850.0 2450.0 0.67671
1950.0 2450.0 1.20232
2050.0 2450.0 1.66253
2150.0 2450.0 1.79280
2250.0 2450.0 1.49447
2350.0 2450.0 0.87914
2450.0 2450.0 0.17351
2550.0 2450.0 -0.50313
2650.0 2450.0 -1.14124
2750.0 2450.0 -1.58615
2850.0 2450.0 -1.69165
2950.0 2450.0 -1.45419
3050.0 2450.0 -1.03969
3150.0 2450.0 -0.70370
3250.0 2450.0 -0.60519
3350.0 2450.0 -0.59484
3450.0 2450.0 -0.53446
3550.0 2450.0 -0.41659
3650.0 2450.0 -0.27029
3750.0 2450.0 -0.13731
3850.0 2450.0 -0.05269
3950.0 2450.0 -0.02980
4050.0 2450.0 -0.04977
4150.0 2450.0 -0.10471
4250.0 2450.0 -0.23055
4350.0 2450.0 -0.39088
4450.0 2450.0 -0.51951
4550.0 2450.0 -0.56708
4650.0 2450.0 -0.52388
4750.0 2450.0 -0.41891
4850.0 2450.0 -0.29416
4950.0 2450.0 -0.15013
5050.0 2450.0 0.01514
5150.0 2450.0 0.17279
5250.0 2450.0 0.29373
5350.0 2450.0 0.36753
5450.0 2450.0 0.40652
5550.0 2450.0 0.43479
5650.0 2450.0 0.43543
5750.0 2450.0 0.21553
5850.0 2450.0 -0.21172
5950.0 2450.0 -0.62757
6050.0 2450.0 -0.81185
6150.0 2450.0 -0.66316
6250.0 2450.0 -0.23242
6350.0 2450.0 0.32997
50.0 2550.0 1.00512
150.0 2550.0 0.51518
250.0 2550.0 -0.06948
350.0 2550.0 -0.45668
450.0 2550.0 -0.48330
550.0 2550.0 -0.15284
650.0 2550.0 0.37176
750.0 2550.0 0.83189
850.0 2550.0 0.99413
950.0 2550.0 0.82788
1050.0 2550.0 0.55964
1150.0 2550.0 0.24048
1250.0 2550.0 -0.04367
1350.0 2550.0 -0.18912
1450.0 2550.0 -0.15785
1550.0 2550.0 -0.00080
1650.0 2550.0 0.17870
1750.0 2550.0 0.32288
1850.0 2550.0 0.57409
1950.0 2550.0 0.99216
2050.0 2550.0 1.37878
2150.0 2550.0 1.51099
2250.0 2550.0 1.29442
2350.0 2550.0 0.80533
2450.0 2550.0 0.22139
2550.0 2550.0 -0.35569
2650.0 2550.0 -0.97200
2750.0 2550.0 -1.53567
2850.0 2550.0 -1.88494
2950.0 2550.0 -1.94351
3050.0 2550.0 -1.78038
3150.0 2550.0 -1.57243
3250.0 2550.0 -1.46966
3350.0 2550.0 -1.40514
3450.0 2550.0 -1.24358
3550.0 2550.0 -0.97029
3650.0 2550.0 -0.64090
3750.0 2550.0 -0.33610
3850.0 2550.0 -0.12423
3950.0 2550.0 -0.03195
4050.0 2550.0 -0.02307
4150.0 2550.0 -0.05900
4250.0 2550.0 -0.18638
4350.0 2550.0 -0.38492
4450.0 2550.0 -0.59028
4550.0 2550.0 -0.73698
4650.0 2550.0 -0.78749
4750.0 2550.0 -0.74724
4850.0 2550.0 -0.66185
4950.0 2550.0 -0.50935
5050.0 2550.0 -0.24529
5150.0 2550.0 0.08303
5250.0 2550.0 0.39242
5350.0 2550.0 0.61153
5450.0 2550.0 0.71062
5550.0 2550.0 0.71358
5650.0 2550.0 0.65736
5750.0 2550.0 0.39167
5850.0 2550.0 -0.05123
5950.0 2550.0 -0.44303
6050.0 2550.0 -0.57143
6150.0 2550.0 -0.35875
6250.0 2550.0 0.11615
6350.0 2550.0 0.69214
50.0 2650.0 0.85967
150.0 2650.0 0.43610
250.0 2650.0 -0.05272
350.0 2650.0 -0.35907
450.0 2650.0 -0.32276
550.0 2650.0 0.06352
650.0 2650.0 0.65103
750.0 2650.0 1.19170
850.0 2650.0 1.45466
950.0 2650.0 1.40266
1050.0 2650.0 1.25211
1150.0 2650.0 1.02230
1250.0 2650.0 0.72882
1350.0 2650.0 0.43192
1450.0 2650.0 0.19202
1550.0 2650.0 0.04158
1650.0 2650.0 -0.02663
1750.0 2650.0 -0.05279
1850.0 2650.0 0.01786
1950.0 2650.0 0.26607
2050.0 2650.0 0.59290
2150.0 2650.0 0.84148
2250.0 2650.0 0.89761
2350.0 2650.0 0.73908
2450.0 2650.0 0.43393
2550.0 2650.0 0.07251
2650.0 2650.0 -0.44173
2750.0 2650.0 -1.11427
2850.0 2650.0 -1.77021
2950.0 2650.0 -2.23028
3050.0 2650.0 -2.41611
3150.0 2650.0 -2.37757
3250.0 2650.0 -2.24229
3350.0 2650.0 -2.07498
3450.0 2650.0 -1.78320
3550.0 2650.0 -1.35620
3650.0 2650.0 -0.87290
3750.0 2650.0 -0.43725
3850.0 2650.0 -0.12925
3950.0 2650.0 0.02832
4050.0 2650.0 0.08729
4150.0 2650.0 0.10528
4250.0 2650.0 0.03155
4350.0 2650.0 -0.14688
4450.0 2650.0 -0.39167
4550.0 2650.0 -0.63491
4650.0 2650.0 -0.80773
4750.0 2650.0 -0.87568
4850.0 2650.0 -0.87402
4950.0 2650.0 -0.76066
5050.0 2650.0 -0.45610
5150.0 2650.0 -0.03019
5250.0 2650.0 0.38196
5350.0 2650.0 0.65625
5450.0 2650.0 0.73159
5550.0 2650.0 0.63789
5650.0 2650.0 0.46131
5750.0 2650.0 0.10687
5850.0 2650.0 -0.34975
5950.0 2650.0 -0.66312
6050.0 2650.0 -0.64451
6150.0 2650.0 -0.27377
6250.0 2650.0 0.30635
6350.0 2650.0 0.91333
50.0 2750.0 0.55167
150.0 2750.0 0.20824
250.0 2750.0 -0.15434
350.0 2750.0 -0.37503
450.0 2750.0 -0.30643
550.0 2750.0 0.08211
650.0 2750.0 0.67914
750.0 2750.0 1.26983
850.0 2750.0 1.63848
950.0 2750.0 1.73479
1050.0 2750.0 1.75029
1150.0 2750.0 1.68098
1250.0 2750.0 1.45183
1350.0 2750.0 1.04882
1450.0 2750.0 0.53754
1550.0 2750.0 0.03947
1650.0 2750.0 -0.33391
1750.0 2750.0 -0.58648
1850.0 2750.0 -0.75983
1950.0 2750.0 -0.74445
2050.0 2750.0 -0.50545
2150.0 2750.0 -0.10915
2250.0 2750.0 0.30578
2350.0 2750.0 0.58667
2450.0 2750.0 0.65465
2550.0 2750.0 0.58614
2650.0 2750.0 0.25500
2750.0 2750.0 -0.44611
2850.0 2750.0 -1.34090
2950.0 2750.0 -2.15413
3050.0 2750.0 -2.65722
3150.0 2750.0 -2.76220
3250.0 2750.0 -2.56390
3350.0 2750.0 -2.26727
3450.0 2750.0 -1.86179
3550.0 2750.0 -1.35610
3650.0 2750.0 -0.83629
3750.0 2750.0 -0.39452
3850.0 2750.0 -0.08362
3950.0 2750.0 0.10219
4050.0 2750.0 0.22039
4150.0 2750.0 0.31918
4250.0 2750.0 0.35238
4350.0 2750.0 0.26292
4450.0 2750.0 0.04064
4550.0 2750.0 -0.26269
4650.0 2750.0 -0.55305
4750.0 2750.0 -0.74858
4850.0 2750.0 -0.85927
4950.0 2750.0 -0.82329
5050.0 2750.0 -0.53769
5150.0 2750.0 -0.09548
5250.0 2750.0 0.32579
5350.0 2750.0 0.56436
5450.0 2750.0 0.54211
5550.0 2750.0 0.29985
5650.0 2750.0 -0.03926
5750.0 2750.0 -0.51792
5850.0 2750.0 -1.00440
5950.0 2750.0 -1.22845
6050.0 2750.0 -1.02896
6150.0 2750.0 -0.45885
6250.0 2750.0 0.25593
6350.0 2750.0 0.90331
50.0 2850.0 0.22198
150.0 2850.0 -0.04775
250.0 2850.0 -0.28673
350.0 2850.0 -0.44964
450.0 2850.0 -0.41276
550.0 2850.0 -0.11117
650.0 2850.0 0.40340
750.0 2850.0 0.97292
850.0 2850.0 1.41126
950.0 2850.0 1.65000
1050.0 2850.0 1.84250
1150.0 2850.0 1.98744
1250.0 2850.0 1.92399
1350.0 2850.0 1.54270
1450.0 2850.0 0.88152
1550.0 2850.0 0.12091
1650.0 2850.0 -0.52224
1750.0 2850.0 -0.99883
1850.0 2850.0 -1.42720
1950.0 2850.0 -1.68004
2050.0 2850.0 -1.58629
2150.0 2850.0 -1.10824
2250.0 2850.0 -0.39193
2350.0 2850.0 0.29285
2450.0 2850.0 0.72311
2550.0 2850.0 0.95125
2650.0 2850.0 0.84870
2750.0 2850.0 0.23392
2850.0 2850.0 -0.73136
2950.0 2850.0 -1.71695
3050.0 2850.0 -2.39029
3150.0 2850.0 -2.55712
3250.0 2850.0 -2.27672
3350.0 2850.0 -1.85825
3450.0 2850.0 -1.39386
3550.0 2850.0 -0.92431
3650.0 2850.0 -0.52119
3750.0 2850.0 -0.22605
3850.0 2850.0 -0.02591
3950.0 2850.0 0.13467
4050.0 2850.0 0.30503
4150.0 2850.0 0.49140
4250.0 2850.0 0.65904
4350.0 2850.0 0.70712
4450.0 2850.0 0.56623
4550.0 2850.0 0.25683
4650.0 2850.0 -0.11501
4750.0 2850.0 -0.42468
4850.0 2850.0 -0.64768
4950.0 2850.0 -0.70084
5050.0 2850.0 -0.46825
5150.0 2850.0 -0.06279
5250.0 2850.0 0.30795
5350.0 2850.0 0.45983
5450.0 2850.0 0.30925
5550.0 2850.0 -0.09074
5650.0 2850.0 -0.59425
5750.0 2850.0 -1.20921
5850.0 2850.0 -1.75263
5950.0 2850.0 -1.92487
6050.0 2850.0 -1.58316
6150.0 2850.0 -0.84373
6250.0 2850.0 -0.00972
6350.0 2850.0 0.67523
50.0 2950.0 0.02225
150.0 2950.0 -0.19718
250.0 2950.0 -0.34685
350.0 2950.0 -0.49847
450.0 2950.0 -0.55831
550.0 2950.0 -0.42342
650.0 2950.0 -0.07539
750.0 2950.0 0.39708
850.0 2950.0 0.84636
950.0 2950.0 1.18472
1050.0 2950.0 1.52230
1150.0 2950.0 1.89072
1250.0 2950.0 2.07086
1350.0 2950.0 1.85692
1450.0 2950.0 1.22754
1550.0 2950.0 0.37161
1650.0 2950.0 -0.43105
1750.0 2950.0 -1.07211
1850.0 2950.0 -1.70860
1950.0 2950.0 -2.21965
2050.0 2950.0 -2.32890
2150.0 2950.0 -1.89891
2250.0 2950.0 -1.05306
2350.0 2950.0 -0.12620
2450.0 2950.0 0.55596
2550.0 2950.0 1.00917
2650.0 2950.0 1.12225
2750.0 2950.0 0.68521
2850.0 2950.0 -0.16680
2950.0 2950.0 -1.10296
3050.0 2950.0 -1.75858
3150.0 2950.0 -1.89114
3250.0 2950.0 -1.53059
3350.0 2950.0 -1.02794
3450.0 2950.0 -0.56996
3550.0 2950.0 -0.23316
3650.0 2950.0 -0.05833
3750.0 2950.0 -0.01345
3850.0 2950.0 -0.00075
3950.0 2950.0 0.09173
4050.0 2950.0 0.29457
4150.0 2950.0 0.55179
4250.0 2950.0 0.84176
4350.0 2950.0 1.03116
4450.0 2950.0 0.99776
4550.0 2950.0 0.72660
4650.0 2950.0 0.32237
4750.0 2950.0 -0.06203
4850.0 2950.0 -0.36872
4950.0 2950.0 -0.49037
5050.0 2950.0 -0.30222
5150.0 2950.0 0.06837
5250.0 2950.0 0.39301
5350.0 2950.0 0.47285
5450.0 2950.0 0.22176
5550.0 2950.0 -0.29782
5650.0 2950.0 -0.92642
5750.0 2950.0 -1.66030
5850.0 2950.0 -2.28492
5950.0 2950.0 -2.47232
6050.0 2950.0 -2.07998
6150.0 2950.0 -1.25736
6250.0 2950.0 -0.35659
6350.0 2950.0 0.35237
50.0 3050.0 0.04605
150.0 3050.0 -0.15290
250.0 3050.0 -0.26390
350.0 3050.0 -0.44840
450.0 3050.0 -0.64172
550.0 3050.0 -0.70792
650.0 3050.0 -0.56473
750.0 3050.0 -0.23573
850.0 3050.0 0.16938
950.0 3050.0 0.54678
1050.0 3050.0 0.96886
1150.0 3050.0 1.52121
1250.0 3050.0 1.96417
1350.0 3050.0 2.01557
1450.0 3050.0 1.57825
1550.0 3050.0 0.80132
1650.0 3050.0 -0.02512
1750.0 3050.0 -0.74055
1850.0 3050.0 -1.50130
1950.0 3050.0 -2.21951
2050.0 3050.0 -2.56387
2150.0 3050.0 -2.31738
2250.0 3050.0 -1.55118
2350.0 3050.0 -0.59785
2450.0 3050.0 0.17567
2550.0 3050.0 0.73904
2650.0 3050.0 1.00201
2750.0 3050.0 0.76942
2850.0 3050.0 0.14719
2950.0 3050.0 -0.57647
3050.0 3050.0 -1.06996
3150.0 3050.0 -1.10088
3250.0 3050.0 -0.68234
3350.0 3050.0 -0.14649
3450.0 3050.0 0.25856
3550.0 3050.0 0.42776
3650.0 3050.0 0.35465
3750.0 3050.0 0.14157
3850.0 3050.0 -0.03827
3950.0 3050.0 -0.02681
4050.0 3050.0 0.18502
4150.0 3050.0 0.48034
4250.0 3050.0 0.84623
4350.0 3050.0 1.13410
4450.0 3050.0 1.18967
4550.0 3050.0 0.97137
4650.0 3050.0 0.57483
4750.0 3050.0 0.16344
4850.0 3050.0 -0.18255
4950.0 3050.0 -0.32883
5050.0 3050.0 -0.13769
5150.0 3050.0 0.25419
5250.0 3050.0 0.59942
5350.0 3050.0 0.68108
5450.0 3050.0 0.40354
5550.0 3050.0 -0.16721
5650.0 3050.0 -0.85799
5750.0 3050.0 -1.67169
5850.0 3050.0 -2.38809
5950.0 3050.0 -2.65695
6050.0 3050.0 -2.31744
6150.0 3050.0 -1.51524
6250.0 3050.0 -0.61369
6350.0 3050.0 0.10099
50.0 3150.0 0.25352
150.0 3150.0 0.05412
250.0 3150.0 -0.05690
350.0 3150.0 -0.29818
450.0 3150.0 -0.62904
550.0 3150.0 -0.88884
650.0 3150.0 -0.94497
750.0 3150.0 -0.76837
850.0 3150.0 -0.43676
950.0 3150.0 -0.06558
1050.0 3150.0 0.38923
1150.0 3150.0 1.07369
1250.0 3150.0 1.75542
1350.0 3150.0 2.09968
1450.0 3150.0 1.93330
1550.0 3150.0 1.33929
1650.0 3150.0 0.58192
1750.0 3150.0 -0.13810
1850.0 3150.0 -0.95301
1950.0 3150.0 -1.82465
2050.0 3150.0 -2.40712
2150.0 3150.0 -2.42495
2250.0 3150.0 -1.88039
2350.0 3150.0 -1.05606
2450.0 3150.0 -0.31299
2550.0 3150.0 0.26893
2650.0 3150.0 0.61264
2750.0 3150.0 0.56116
2850.0 3150.0 0.19519
2950.0 3150.0 -0.25777
3050.0 3150.0 -0.53254
3150.0 3150.0 -0.44048
3250.0 3150.0 0.01126
3350.0 3150.0 0.54317
3450.0 3150.0 0.87992
3550.0 3150.0 0.89847
3650.0 3150.0 0.62115
3750.0 3150.0 0.20304
3850.0 3150.0 -0.12943
3950.0 3150.0 -0.18850
4050.0 3150.0 0.01662
4150.0 3150.0 0.32172
4250.0 3150.0 0.71647
4350.0 3150.0 1.05039
4450.0 3150.0 1.15761
4550.0 3150.0 0.98274
4650.0 3150.0 0.61139
4750.0 3150.0 0.20529
4850.0 3150.0 -0.14515
4950.0 3150.0 -0.27714
5050.0 3150.0 -0.03270
5150.0 3150.0 0.44495
5250.0 3150.0 0.88605
5350.0 3150.0 1.04714
5450.0 3150.0 0.81312
5550.0 3150.0 0.24845
5650.0 3150.0 -0.45436
5750.0 3150.0 -1.31245
5850.0 3150.0 -2.11839
5950.0 3150.0 -2.50621
6050.0 3150.0 -2.28575
6150.0 3150.0 -1.57370
6250.0 3150.0 -0.71722
6350.0 3150.0 -0.01013
50.0 3250.0 0.44702
150.0 3250.0 0.24896
250.0 3250.0 0.13332
350.0 3250.0 -0.15361
450.0 3250.0 -0.59031
550.0 3250.0 -1.00031
650.0 3250.0 -1.21500
750.0 3250.0 -1.16553
850.0 3250.0 -0.90360
950.0 3250.0 -0.55128
1050.0 3250.0 -0.08414
1150.0 3250.0 0.69873
1250.0 3250.0 1.58134
1350.0 3250.0 2.19198
1450.0 3250.0 2.29155
1550.0 3250.0 1.89630
1650.0 3250.0 1.23503
1750.0 3250.0 0.53888
1850.0 3250.0 -0.29801
1950.0 3250.0 -1.28985
2050.0 3250.0 -2.09048
2150.0 3250.0 -2.37672
2250.0 3250.0 -2.08091
2350.0 3250.0 -1.42318
2450.0 3250.0 -0.74340
2550.0 3250.0 -0.16860
2650.0 3250.0 0.23767
2750.0 3250.0 0.36130
2850.0 3250.0 0.25512
2950.0 3250.0 0.07884
3050.0 3250.0 0.02307
3150.0 3250.0 0.22701
3250.0 3250.0 0.68982
3350.0 3250.0 1.19424
3450.0 3250.0 1.45249
3550.0 3250.0 1.33207
3650.0 3250.0 0.88277
3750.0 3250.0 0.30185
3850.0 3250.0 -0.14665
3950.0 3250.0 -0.25836
4050.0 3250.0 -0.06029
4150.0 3250.0 0.24428
4250.0 3250.0 0.63864
4350.0 3250.0 0.97496
4450.0 3250.0 1.08942
4550.0 3250.0 0.92633
4650.0 3250.0 0.56872
4750.0 3250.0 0.17510
4850.0 3250.0 -0.16446
4950.0 3250.0 -0.27695
5050.0 3250.0 0.00878
5150.0 3250.0 0.55238
5250.0 3250.0 1.07589
5350.0 3250.0 1.31996
5450.0 3250.0 1.15276
5550.0 3250.0 0.63150
5650.0 3250.0 -0.04060
5750.0 3250.0 -0.89192
5850.0 3250.0 -1.73754
5950.0 3250.0 -2.21399
6050.0 3250.0 -2.11183
6150.0 3250.0 -1.51386
6250.0 3250.0 -0.73463
6350.0 3250.0 -0.06106
50.0 3350.0 0.48482
150.0 3350.0 0.30370
250.0 3350.0 0.18959
350.0 3350.0 -0.09474
450.0 3350.0 -0.53451
550.0 3350.0 -0.96167
650.0 3350.0 -1.20994
750.0 3350.0 -1.20453
850.0 3350.0 -0.98629
950.0 3350.0 -0.67025
1050.0 3350.0 -0.23124
1150.0 3350.0 0.55998
1250.0 3350.0 1.51791
1350.0 3350.0 2.27540
1450.0 3350.0 2.56515
1550.0 3350.0 2.35282
1650.0 3350.0 1.82157
1750.0 3350.0 1.20505
1850.0 3350.0 0.41877
1950.0 3350.0 -0.59791
2050.0 3350.0 -1.52455
2150.0 3350.0 -2.01985
2250.0 3350.0 -1.95928
2350.0 3350.0 -1.49107
2450.0 3350.0 -0.91089
2550.0 3350.0 -0.37759
2650.0 3350.0 0.06596
2750.0 3350.0 0.34898
2850.0 3350.0 0.48651
2950.0 3350.0 0.56002
3050.0 3350.0 0.68069
3150.0 3350.0 0.94075
3250.0 3350.0 1.35280
3350.0 3350.0 1.77159
3450.0 3350.0 1.92513
3550.0 3350.0 1.69425
3650.0 3350.0 1.15506
3750.0 3350.0 0.52181
3850.0 3350.0 0.05660
3950.0 3350.0 -0.05410
4050.0 3350.0 0.14461
4150.0 3350.0 0.43284
4250.0 3350.0 0.76673
4350.0 3350.0 1.00903
4450.0 3350.0 1.02761
4550.0 3350.0 0.79833
4650.0 3350.0 0.42155
4750.0 3350.0 0.05224
4850.0 3350.0 -0.24441
4950.0 3350.0 -0.34501
5050.0 3350.0 -0.09567
5150.0 3350.0 0.39681
5250.0 3350.0 0.89925
5350.0 3350.0 1.18109
5450.0 3350.0 1.11149
5550.0 3350.0 0.72445
5650.0 3350.0 0.19832
5750.0 3350.0 -0.49548
5850.0 3350.0 -1.21726
5950.0 3350.0 -1.66315
6050.0 3350.0 -1.64343
6150.0 3350.0 -1.20383
6250.0 3350.0 -0.58582
6350.0 3350.0 -0.02582
50.0 3450.0 0.35674
150.0 3450.0 0.20581
250.0 3450.0 0.09976
350.0 3450.0 -0.13065
450.0 3450.0 -0.46406
550.0 3450.0 -0.76648
650.0 3450.0 -0.91473
750.0 3450.0 -0.86421
850.0 3450.0 -0.66122
950.0 3450.0 -0.39939
1050.0 3450.0 -0.03523
1150.0 3450.0 0.64695
1250.0 3450.0 1.50464
1350.0 3450.0 2.22769
1450.0 3450.0 2.57449
1550.0 3450.0 2.49041
1650.0 3450.0 2.10837
1750.0 3450.0 1.62827
1850.0 3450.0 0.97838
1950.0 3450.0 0.07070
2050.0 3450.0 -0.82890
2150.0 3450.0 -1.40504
2250.0 3450.0 -1.50696
2350.0 3450.0 -1.21511
2450.0 3450.0 -0.76021
2550.0 3450.0 -0.30495
2650.0 3450.0 0.13308
2750.0 3450.0 0.51690
2850.0 3450.0 0.81927
2950.0 3450.0 1.04771
3050.0 3450.0 1.24608
3150.0 3450.0 1.47397
3250.0 3450.0 1.76391
3350.0 3450.0 2.03807
3450.0 3450.0 2.07082
3550.0 3450.0 1.78255
3650.0 3450.0 1.27012
3750.0 3450.0 0.73069
3850.0 3450.0 0.37534
3950.0 3450.0 0.33245
4050.0 3450.0 0.54133
4150.0 3450.0 0.80054
4250.0 3450.0 1.02731
4350.0 3450.0 1.10351
4450.0 3450.0 0.95337
4550.0 3450.0 0.60856
4650.0 3450.0 0.19981
4750.0 3450.0 -0.12470
4850.0 3450.0 -0.34464
4950.0 3450.0 -0.44435
5050.0 3450.0 -0.32147
5150.0 3450.0 -0.01631
5250.0 3450.0 0.34123
5350.0 3450.0 0.60009
5450.0 3450.0 0.65207
5550.0 3450.0 0.49157
5650.0 3450.0 0.23149
5750.0 3450.0 -0.14751
5850.0 3450.0 -0.57465
5950.0 3450.0 -0.86522
6050.0 3450.0 -0.89001
6150.0 3450.0 -0.65450
6250.0 3450.0 -0.28499
6350.0 3450.0 0.07809
50.0 3550.0 0.13873
150.0 3550.0 0.02100
250.0 3550.0 -0.07354
350.0 3550.0 -0.22235
450.0 3550.0 -0.39014
550.0 3550.0 -0.49072
650.0 3550.0 -0.46595
750.0 3550.0 -0.32116
850.0 3550.0 -0.11710
950.0 3550.0 0.08162
1050.0 3550.0 0.34102
1150.0 3550.0 0.82361
1250.0 3550.0 1.43331
1350.0 3550.0 1.95583
1450.0 3550.0 2.22160
1550.0 3550.0 2.18854
1650.0 3550.0 1.94480
1750.0 3550.0 1.62859
1850.0 3550.0 1.17216
1950.0 3550.0 0.48663
2050.0 3550.0 -0.23397
2150.0 3550.0 -0.73966
2250.0 3550.0 -0.89124
2350.0 3550.0 -0.72126
2450.0 3550.0 -0.38915
2550.0 3550.0 -0.03167
2650.0 3550.0 0.35767
2750.0 3550.0 0.75788
2850.0 3550.0 1.10464
2950.0 3550.0 1.35328
3050.0 3550.0 1.50864
3150.0 3550.0 1.62018
3250.0 3550.0 1.74245
3350.0 3550.0 1.84372
3450.0 3550.0 1.76183
3550.0 3550.0 1.47351
3650.0 3550.0 1.08782
3750.0 3550.0 0.75720
3850.0 3550.0 0.60643
3950.0 3550.0 0.67966
4050.0 3550.0 0.90552
4150.0 3550.0 1.13412
4250.0 3550.0 1.25035
4350.0 3550.0 1.15993
4450.0 3550.0 0.84819
4550.0 3550.0 0.40359
4650.0 3550.0 -0.01608
4750.0 3550.0 -0.27473
4850.0 3550.0 -0.40009
4950.0 3550.0 -0.50851
5050.0 3550.0 -0.57006
5150.0 3550.0 -0.54053
5250.0 3550.0 -0.41206
5350.0 3550.0 -0.22488
5450.0 3550.0 -0.04949
5550.0 3550.0 0.06101
5650.0 3550.0 0.12867
5750.0 3550.0 0.14549
5850.0 3550.0 0.10127
5950.0 3550.0 0.03082
6050.0 3550.0 -0.01828
6150.0 3550.0 -0.00975
6250.0 3550.0 0.06669
6350.0 3550.0 0.19007
50.0 3650.0 -0.05400
150.0 3650.0 -0.14689
250.0 3650.0 -0.23104
350.0 3650.0 -0.30624
450.0 3650.0 -0.32519
550.0 3650.0 -0.24525
650.0 3650.0 -0.06698
750.0 3650.0 0.15978
850.0 3650.0 0.36195
950.0 3650.0 0.50150
1050.0 3650.0 0.65639
1150.0 3650.0 0.91666
1250.0 3650.0 1.22584
1350.0 3650.0 1.47324
1450.0 3650.0 1.57889
1550.0 3650.0 1.53344
1650.0 3650.0 1.39295
1750.0 3650.0 1.22699
1850.0 3650.0 0.96692
1950.0 3650.0 0.54433
2050.0 3650.0 0.08343
2150.0 3650.0 -0.24806
2250.0 3650.0 -0.34973
2350.0 3650.0 -0.23230
2450.0 3650.0 0.00562
2550.0 3650.0 0.27103
2650.0 3650.0 0.58811
2750.0 3650.0 0.93428
2850.0 3650.0 1.22033
2950.0 3650.0 1.37804
3050.0 3650.0 1.40416
3150.0 3650.0 1.35806
3250.0 3650.0 1.31313
3350.0 3650.0 1.25614
3450.0 3650.0 1.08446
3550.0 3650.0 0.83106
3650.0 3650.0 0.60975
3750.0 3650.0 0.51959
3850.0 3650.0 0.59349
3950.0 3650.0 0.79091
4050.0 3650.0 1.03479
4150.0 3650.0 1.24264
4250.0 3650.0 1.28838
4350.0 3650.0 1.10046
4450.0 3650.0 0.70844
4550.0 3650.0 0.23557
4650.0 3650.0 -0.15087
4750.0 3650.0 -0.33179
4850.0 3650.0 -0.36840
4950.0 3650.0 -0.48933
5050.0 3650.0 -0.73540
5150.0 3650.0 -0.98254
5250.0 3650.0 -1.09000
5350.0 3650.0 -0.98907
5450.0 3650.0 -0.71071
5550.0 3650.0 -0.35167
5650.0 3650.0 0.02030
5750.0 3650.0 0.40263
5850.0 3650.0 0.70879
5950.0 3650.0 0.83522
6050.0 3650.0 0.75553
6150.0 3650.0 0.54683
6250.0 3650.0 0.34766
6350.0 3650.0 0.24766
50.0 3750.0 -0.11633
150.0 3750.0 -0.20009
250.0 3750.0 -0.27908
350.0 3750.0 -0.32117
450.0 3750.0 -0.27740
550.0 3750.0 -0.12826
650.0 3750.0 0.09918
750.0 3750.0 0.33887
850.0 3750.0 0.51794
950.0 3750.0 0.61345
1050.0 3750.0 0.69478
1150.0 3750.0 0.79096
1250.0 3750.0 0.87114
1350.0 3750.0 0.90017
1450.0 3750.0 0.86700
1550.0 3750.0 0.79196
1650.0 3750.0 0.71268
1750.0 3750.0 0.64813
1850.0 3750.0 0.53040
1950.0 3750.0 0.31683
2050.0 3750.0 0.08258
2150.0 3750.0 -0.07209
2250.0 3750.0 -0.08821
2350.0 3750.0 0.02617
2450.0 3750.0 0.21081
2550.0 3750.0 0.41298
2650.0 3750.0 0.66622
2750.0 3750.0 0.93782
2850.0 3750.0 1.12693
2950.0 3750.0 1.16294
3050.0 3750.0 1.05247
3150.0 3750.0 0.87220
3250.0 3750.0 0.70746
3350.0 3750.0 0.54330
3450.0 3750.0 0.31330
3550.0 3750.0 0.08921
3650.0 3750.0 -0.01298
3750.0 3750.0 0.06768
3850.0 3750.0 0.29975
3950.0 3750.0 0.58416
4050.0 3750.0 0.84067
4150.0 3750.0 1.04439
4250.0 3750.0 1.08395
4350.0 3750.0 0.90398
4450.0 3750.0 0.54785
4550.0 3750.0 0.13923
4650.0 3750.0 -0.16852
4750.0 3750.0 -0.27525
4850.0 3750.0 -0.25022
4950.0 3750.0 -0.37963
5050.0 3750.0 -0.75100
5150.0 3750.0 -1.18601
5250.0 3750.0 -1.45362
5350.0 3750.0 -1.41118
5450.0 3750.0 -1.06277
5550.0 3750.0 -0.53482
5650.0 3750.0 0.04274
5750.0 3750.0 0.66160
5850.0 3750.0 1.17839
5950.0 3750.0 1.40005
6050.0 3750.0 1.25953
6150.0 3750.0 0.87189
6250.0 3750.0 0.46922
6350.0 3750.0 0.21442
50.0 3850.0 -0.00465
150.0 3850.0 -0.09534
250.0 3850.0 -0.17603
350.0 3850.0 -0.23888
450.0 3850.0 -0.24723
550.0 3850.0 -0.17762
650.0 3850.0 -0.04088
750.0 3850.0 0.11863
850.0 3850.0 0.24526
950.0 3850.0 0.31592
1050.0 3850.0 0.37040
1150.0 3850.0 0.41201
1250.0 3850.0 0.42081
1350.0 3850.0 0.38737
1450.0 3850.0 0.32174
1550.0 3850.0 0.25043
1650.0 3850.0 0.20148
1750.0 3850.0 0.17709
1850.0 3850.0 0.11709
1950.0 3850.0 -0.00736
2050.0 3850.0 -0.14066
2150.0 3850.0 -0.21172
2250.0 3850.0 -0.18151
2350.0 3850.0 -0.06014
2450.0 3850.0 0.10643
2550.0 3850.0 0.28375
2650.0 3850.0 0.50795
2750.0 3850.0 0.73987
2850.0 3850.0 0.87555
2950.0 3850.0 0.84729
3050.0 3850.0 0.66989
3150.0 3850.0 0.42973
3250.0 3850.0 0.21653
3350.0 3850.0 0.00897
3450.0 3850.0 -0.25498
3550.0 3850.0 -0.49101
3650.0 3850.0 -0.57787
3750.0 3850.0 -0.46164
3850.0 3850.0 -0.19097
3950.0 3850.0 0.11648
4050.0 3850.0 0.37647
4150.0 3850.0 0.59200
4250.0 3850.0 0.68534
4350.0 3850.0 0.60841
4450.0 3850.0 0.38809
4550.0 3850.0 0.11689
4650.0 3850.0 -0.08460
4750.0 3850.0 -0.13361
4850.0 3850.0 -0.08262
4950.0 3850.0 -0.21081
5050.0 3850.0 -0.61763
5150.0 3850.0 -1.10492
5250.0 3850.0 -1.41144
5350.0 3850.0 -1.37175
5450.0 3850.0 -0.98405
5550.0 3850.0 -0.38685
5650.0 3850.0 0.26863
5750.0 3850.0 0.95692
5850.0 3850.0 1.50302
5950.0 3850.0 1.68762
6050.0 3850.0 1.44631
6150.0 3850.0 0.92861
6250.0 3850.0 0.41539
6350.0 3850.0 0.09446
50.0 3950.0 0.21463
150.0 3950.0 0.10972
250.0 3950.0 0.02394
350.0 3950.0 -0.09163
450.0 3950.0 -0.22148
550.0 3950.0 -0.32228
650.0 3950.0 -0.36268
750.0 3950.0 -0.34194
850.0 3950.0 -0.28751
950.0 3950.0 -0.23143
1050.0 3950.0 -0.17461
1150.0 3950.0 -0.11159
1250.0 3950.0 -0.05902
1350.0 3950.0 -0.03481
1450.0 3950.0 -0.04355
1550.0 3950.0 -0.07317
1650.0 3950.0 -0.10305
1750.0 3950.0 -0.12393
1850.0 3950.0 -0.18214
1950.0 3950.0 -0.30560
2050.0 3950.0 -0.43961
2150.0 3950.0 -0.51337
2250.0 3950.0 -0.48716
2350.0 3950.0 -0.36974
2450.0 3950.0 -0.20590
2550.0 3950.0 -0.03036
2650.0 3950.0 0.19302
2750.0 3950.0 0.42551
2850.0 3950.0 0.56258
2950.0 3950.0 0.53552
3050.0 3950.0 0.35829
3150.0 3950.0 0.11684
3250.0 3950.0 -0.09881
3350.0 3950.0 -0.31212
3450.0 3950.0 -0.59935
3550.0 3950.0 -0.88046
3650.0 3950.0 -1.02579
3750.0 3950.0 -0.96697
3850.0 3950.0 -0.73875
3950.0 3950.0 -0.45159
4050.0 3950.0 -0.19510
4150.0 3950.0 0.03901
4250.0 3950.0 0.21342
4350.0 3950.0 0.28203
4450.0 3950.0 0.24017
4550.0 3950.0 0.13457
4650.0 3950.0 0.04533
4750.0 3950.0 0.03998
4850.0 3950.0 0.09502
4950.0 3950.0 -0.02539
5050.0 3950.0 -0.41090
5150.0 3950.0 -0.86442
5250.0 3950.0 -1.13166
5350.0 3950.0 -1.05657
5450.0 3950.0 -0.64521
5550.0 3950.0 -0.03780
5650.0 3950.0 0.61902
5750.0 3950.0 1.27733
5850.0 3950.0 1.74600
5950.0 3950.0 1.81719
6050.0 3950.0 1.45429
6150.0 3950.0 0.83839
6250.0 3950.0 0.27174
6350.0 3950.0 -0.06185
50.0 4050.0 0.48612
150.0 4050.0 0.39402
250.0 4050.0 0.32667
350.0 4050.0 0.17989
450.0 4050.0 -0.06348
550.0 4050.0 -0.35073
650.0 4050.0 -0.60838
750.0 4050.0 -0.77856
850.0 4050.0 -0.84271
950.0 4050.0 -0.83249
1050.0 4050.0 -0.79530
1150.0 4050.0 -0.71289
1250.0 4050.0 -0.59686
1350.0 4050.0 -0.48392
1450.0 4050.0 -0.40850
1550.0 4050.0 -0.38655
1650.0 4050.0 -0.41043
1750.0 4050.0 -0.45581
1850.0 4050.0 -0.54171
1950.0 4050.0 -0.68941
2050.0 4050.0 -0.83842
2150.0 4050.0 -0.91547
2250.0 4050.0 -0.88401
2350.0 4050.0 -0.76034
2450.0 4050.0 -0.59626
2550.0 4050.0 -0.42523
2650.0 4050.0 -0.20652
2750.0 4050.0 0.02379
2850.0 4050.0 0.16408
2950.0 4050.0 0.14633
3050.0 4050.0 -0.01786
3150.0 4050.0 -0.24670
3250.0 4050.0 -0.45314
3350.0 4050.0 -0.65679
3450.0 4050.0 -0.92646
3550.0 4050.0 -1.18844
3650.0 4050.0 -1.32475
3750.0 4050.0 -1.27417
3850.0 4050.0 -1.06987
3950.0 4050.0 -0.81372
4050.0 4050.0 -0.58722
4150.0 4050.0 -0.36366
4250.0 4050.0 -0.13805
4350.0 4050.0 0.04845
4450.0 4050.0 0.16234
4550.0 4050.0 0.20489
4650.0 4050.0 0.21342
4750.0 4050.0 0.23681
4850.0 4050.0 0.27937
4950.0 4050.0 0.14847
5050.0 4050.0 -0.23854
5150.0 4050.0 -0.68704
5250.0 4050.0 -0.94849
5350.0 4050.0 -0.87285
5450.0 4050.0 -0.46977
5550.0 4050.0 0.12110
5650.0 4050.0 0.75675
5750.0 4050.0 1.38139
5850.0 4050.0 1.80510
5950.0 4050.0 1.83276
6050.0 4050.0 1.44027
6150.0 4050.0 0.81406
6250.0 4050.0 0.25288
6350.0 4050.0 -0.06827
50.0 4150.0 0.75337
150.0 4150.0 0.73534
250.0 4150.0 0.73856
350.0 4150.0 0.62814
450.0 4150.0 0.33786
550.0 4150.0 -0.10153
650.0 4150.0 -0.59201
750.0 4150.0 -1.01099
850.0 4150.0 -1.26667
950.0 4150.0 -1.36613
1050.0 4150.0 -1.40079
1150.0 4150.0 -1.32146
1250.0 4150.0 -1.13042
1350.0 4150.0 -0.89708
1450.0 4150.0 -0.70852
1550.0 4150.0 -0.63049
1650.0 4150.0 -0.67879
1750.0 4150.0 -0.80262
1850.0 4150.0 -0.96867
1950.0 4150.0 -1.17596
2050.0 4150.0 -1.34718
2150.0 4150.0 -1.40691
2250.0 4150.0 -1.33533
2350.0 4150.0 -1.17738
2450.0 4150.0 -1.00751
2550.0 4150.0 -0.85037
2650.0 4150.0 -0.65014
2750.0 4150.0 -0.43747
2850.0 4150.0 -0.30355
2950.0 4150.0 -0.31038
3050.0 4150.0 -0.44897
3150.0 4150.0 -0.64727
3250.0 4150.0 -0.82746
3350.0 4150.0 -0.99579
3450.0 4150.0 -1.17089
3550.0 4150.0 -1.28881
3650.0 4150.0 -1.28342
3750.0 4150.0 -1.14410
3850.0 4150.0 -0.92793
3950.0 4150.0 -0.72627
4050.0 4150.0 -0.58575
4150.0 4150.0 -0.43655
4250.0 4150.0 -0.23176
4350.0 4150.0 -0.00064
4450.0 4150.0 0.20436
4550.0 4150.0 0.34458
4650.0 4150.0 0.41307
4750.0 4150.0 0.43340
4850.0 4150.0 0.43189
4950.0 4150.0 0.25553
5050.0 4150.0 -0.17619
5150.0 4150.0 -0.67213
5250.0 4150.0 -0.98649
5350.0 4150.0 -0.96918
5450.0 4150.0 -0.62720
5550.0 4150.0 -0.09687
5650.0 4150.0 0.48094
5750.0 4150.0 1.07104
5850.0 4150.0 1.51533
5950.0 4150.0 1.63165
6050.0 4150.0 1.37885
6150.0 4150.0 0.90102
6250.0 4150.0 0.44962
6350.0 4150.0 0.18360
50.0 4250.0 0.86331
150.0 4250.0 0.97729
250.0 4250.0 1.09919
350.0 4250.0 1.11055
450.0 4250.0 0.89211
550.0 4250.0 0.41525
650.0 4250.0 -0.23398
750.0 4250.0 -0.88400
850.0 4250.0 -1.35981
950.0 4250.0 -1.61818
1050.0 4250.0 -1.77165
1150.0 4250.0 -1.72364
1250.0 4250.0 -1.46422
1350.0 4250.0 -1.10415
1450.0 4250.0 -0.79752
1550.0 4250.0 -0.67372
1650.0 4250.0 -0.77879
1750.0 4250.0 -1.02840
1850.0 4250.0 -1.31862
1950.0 4250.0 -1.61125
2050.0 4250.0 -1.80281
2150.0 4250.0 -1.81795
2250.0 4250.0 -1.66769
2350.0 4250.0 -1.44588
2450.0 4250.0 -1.26371
2550.0 4250.0 -1.12860
2650.0 4250.0 -0.95993
2750.0 4250.0 -0.78109
2850.0 4250.0 -0.66599
2950.0 4250.0 -0.66492
3050.0 4250.0 -0.77068
3150.0 4250.0 -0.92491
3250.0 4250.0 -1.06455
3350.0 4250.0 -1.17714
3450.0 4250.0 -1.20367
3550.0 4250.0 -1.09591
3650.0 4250.0 -0.86928
3750.0 4250.0 -0.59250
3850.0 4250.0 -0.35973
3950.0 4250.0 -0.24529
4050.0 4250.0 -0.24098
4150.0 4250.0 -0.22342
4250.0 4250.0 -0.11011
4350.0 4250.0 0.08750
4450.0 4250.0 0.30974
4550.0 4250.0 0.48739
4650.0 4250.0 0.57199
4750.0 4250.0 0.55750
4850.0 4250.0 0.48455
4950.0 4250.0 0.23988
5050.0 4250.0 -0.25180
5150.0 4250.0 -0.80597
5250.0 4250.0 -1.18513
5350.0 4250.0 -1.24403
5450.0 4250.0 -0.98909
5550.0 4250.0 -0.55181
5650.0 4250.0 -0.06485
5750.0 4250.0 0.47671
5850.0 4250.0 0.96774
5950.0 4250.0 1.24425
6050.0 4250.0 1.23317
6150.0 4250.0 1.00627
6250.0 4250.0 0.73694
6350.0 4250.0 0.55970
50.0 4350.0 0.71413
150.0 4350.0 0.98722
250.0 4350.0 1.24892
350.0 4350.0 1.44807
450.0 4350.0 1.42456
550.0 4350.0 1.06335
650.0 4350.0 0.39749
750.0 4350.0 -0.38754
850.0 4350.0 -1.04803
950.0 4350.0 -1.47484
1050.0 4350.0 -1.76620
1150.0 4350.0 -1.77117
1250.0 4350.0 -1.46773
1350.0 4350.0 -1.00655
1450.0 4350.0 -0.60670
1550.0 4350.0 -0.45958
1650.0 4350.0 -0.64097
1750.0 4350.0 -1.03399
1850.0 4350.0 -1.46225
1950.0 4350.0 -1.84298
2050.0 4350.0 -2.04355
2150.0 4350.0 -1.99186
2250.0 4350.0 -1.73811
2350.0 4350.0 -1.43492
2450.0 4350.0 -1.23582
2550.0 4350.0 -1.12568
2650.0 4350.0 -0.99471
2750.0 4350.0 -0.85920
2850.0 4350.0 -0.77283
2950.0 4350.0 -0.77083
3050.0 4350.0 -0.84593
3150.0 4350.0 -0.95389
3250.0 4350.0 -1.04848
3350.0 4350.0 -1.10044
3450.0 4350.0 -0.97593
3550.0 4350.0 -0.64839
3650.0 4350.0 -0.21885
3750.0 4350.0 0.16620
3850.0 4350.0 0.38256
3950.0 4350.0 0.38169
4050.0 4350.0 0.22956
4150.0 4350.0 0.09239
4250.0 4350.0 0.07804
4350.0 4350.0 0.19484
4450.0 4350.0 0.38429
4550.0 4350.0 0.55608
4650.0 4350.0 0.62648
4750.0 4350.0 0.56022
4850.0 4350.0 0.40604
4950.0 4350.0 0.09477
5050.0 4350.0 -0.43307
5150.0 4350.0 -1.00356
5250.0 4350.0 -1.40035
5350.0 4350.0 -1.49804
5450.0 4350.0 -1.31324
5550.0 4350.0 -0.97321
5650.0 4350.0 -0.59057
5750.0 4350.0 -0.12002
5850.0 4350.0 0.38667
5950.0 4350.0 0.79218
6050.0 4350.0 1.00032
6150.0 4350.0 1.01490
6250.0 4350.0 0.92960
6350.0 4350.0 0.84876
50.0 4450.0 0.33225
150.0 4450.0 0.74873
250.0 4450.0 1.13501
350.0 4450.0 1.53741
450.0 4450.0 1.77678
550.0 4450.0 1.64774
650.0 4450.0 1.10466
750.0 4450.0 0.31004
850.0 4450.0 -0.45479
950.0 4450.0 -1.01665
1050.0 4450.0 -1.42879
1150.0 4450.0 -1.49162
1250.0 4450.0 -1.17393
1350.0 4450.0 -0.65576
1450.0 4450.0 -0.20438
1550.0 4450.0 -0.05735
1650.0 4450.0 -0.31274
1750.0 4450.0 -0.82964
1850.0 4450.0 -1.37398
1950.0 4450.0 -1.82200
2050.0 4450.0 -2.01651
2150.0 4450.0 -1.89140
2250.0 4450.0 -1.53461
2350.0 4450.0 -1.15257
2450.0 4450.0 -0.93600
2550.0 4450.0 -0.84732
2650.0 4450.0 -0.75050
2750.0 4450.0 -0.65679
2850.0 4450.0 -0.60183
2950.0 4450.0 -0.60629
3050.0 4450.0 -0.66098
3150.0 4450.0 -0.73250
3250.0 4450.0 -0.78914
3350.0 4450.0 -0.79300
3450.0 4450.0 -0.56596
3550.0 4450.0 -0.10636
3650.0 4450.0 0.42197
3750.0 4450.0 0.82482
3850.0 4450.0 0.97117
3950.0 4450.0 0.84496
4050.0 4450.0 0.55492
4150.0 4450.0 0.28407
4250.0 4450.0 0.15668
4350.0 4450.0 0.19797
4450.0 4450.0 0.35181
4550.0 4450.0 0.51168
4650.0 4450.0 0.56526
4750.0 4450.0 0.45278
4850.0 4450.0 0.22931
4950.0 4450.0 -0.12395
5050.0 4450.0 -0.63784
5150.0 4450.0 -1.15195
5250.0 4450.0 -1.48482
5350.0 4450.0 -1.54846
5450.0 4450.0 -1.38363
5550.0 4450.0 -1.11568
5650.0 4450.0 -0.82544
5750.0 4450.0 -0.44570
5850.0 4450.0 0.00518
5950.0 4450.0 0.42419
6050.0 4450.0 0.71949
6150.0 4450.0 0.86233
6250.0 4450.0 0.89411
6350.0 4450.0 0.88843
50.0 4550.0 -0.14044
150.0 4550.0 0.36700
250.0 4550.0 0.83254
350.0 4550.0 1.39362
450.0 4550.0 1.87324
550.0 4550.0 1.99764
650.0 4550.0 1.64538
750.0 4550.0 0.93534
850.0 4550.0 0.15346
950.0 4550.0 -0.48197
1050.0 4550.0 -0.96873
1150.0 4550.0 -1.07449
1250.0 4550.0 -0.76326
1350.0 4550.0 -0.22973
1450.0 4550.0 0.23457
1550.0 4550.0 0.36866
1650.0 4550.0 0.06305
1750.0 4550.0 -0.52926
1850.0 4550.0 -1.14136
1950.0 4550.0 -1.62169
2050.0 4550.0 -1.79864
2150.0 4550.0 -1.61292
2250.0 4550.0 -1.17950
2350.0 4550.0 -0.74072
2450.0 4550.0 -0.51061
2550.0 4550.0 -0.43494
2650.0 4550.0 -0.36044
2750.0 4550.0 -0.29629
2850.0 4550.0 -0.26662
2950.0 4550.0 -0.28175
3050.0 4550.0 -0.32959
3150.0 4550.0 -0.38212
3250.0 4550.0 -0.41651
3350.0 4550.0 -0.39660
3450.0 4550.0 -0.14454
3550.0 4550.0 0.31778
3650.0 4550.0 0.80307
3750.0 4550.0 1.11426
3850.0 4550.0 1.14206
3950.0 4550.0 0.90408
4050.0 4550.0 0.52573
4150.0 4550.0 0.17768
4250.0 4550.0 -0.00269
4350.0 4550.0 0.02031
4450.0 4550.0 0.18600
4550.0 4550.0 0.36946
4650.0 4550.0 0.43358
4750.0 4550.0 0.30103
4850.0 4550.0 0.03681
4950.0 4550.0 -0.32218
5050.0 4550.0 -0.76941
5150.0 4550.0 -1.15833
5250.0 4550.0 -1.35021
5350.0 4550.0 -1.30610
5450.0 4550.0 -1.10126
5550.0 4550.0 -0.86213
5650.0 4550.0 -0.63190
5750.0 4550.0 -0.35033
5850.0 4550.0 -0.03339
5950.0 4550.0 0.25308
6050.0 4550.0 0.45490
6150.0 4550.0 0.56098
6250.0 4550.0 0.60436
6350.0 4550.0 0.63318
50.0 4650.0 -0.54920
150.0 4650.0 -0.01265
250.0 4650.0 0.47998
350.0 4650.0 1.12318
450.0 4650.0 1.75412
550.0 4650.0 2.06534
650.0 4650.0 1.88507
750.0 4650.0 1.28983
850.0 4650.0 0.54882
950.0 4650.0 -0.10008
1050.0 4650.0 -0.60970
1150.0 4650.0 -0.73300
1250.0 4650.0 -0.43306
1350.0 4650.0 0.09306
1450.0 4650.0 0.54977
1550.0 4650.0 0.67204
1650.0 4650.0 0.34830
1750.0 4650.0 -0.26639
1850.0 4650.0 -0.89547
1950.0 4650.0 -1.37542
2050.0 4650.0 -1.53092
2150.0 4650.0 -1.30843
2250.0 4650.0 -0.83574
2350.0 4650.0 -0.36971
2450.0 4650.0 -0.13214
2550.0 4650.0 -0.06030
2650.0 4650.0 0.00582
2750.0 4650.0 0.05664
2850.0 4650.0 0.07200
2950.0 4650.0 0.04635
3050.0 4650.0 -0.00551
3150.0 4650.0 -0.05580
3250.0 4650.0 -0.08443
3350.0 4650.0 -0.06518
3450.0 4650.0 0.14149
3550.0 4650.0 0.49466
3650.0 4650.0 0.82086
3750.0 4650.0 0.95923
3850.0 4650.0 0.84366
3950.0 4650.0 0.52173
4050.0 4650.0 0.11052
4150.0 4650.0 -0.25152
4250.0 4650.0 -0.41119
4350.0 4650.0 -0.32909
4450.0 4650.0 -0.08135
4550.0 4650.0 0.18152
4650.0 4650.0 0.29749
4750.0 4650.0 0.17762
4850.0 4650.0 -0.09642
4950.0 4650.0 -0.42983
5050.0 4650.0 -0.77675
5150.0 4650.0 -1.00261
5250.0 4650.0 -1.01124
5350.0 4650.0 -0.81465
5450.0 4650.0 -0.52583
5550.0 4650.0 -0.27464
5650.0 4650.0 -0.06808
5750.0 4650.0 0.12135
5850.0 4650.0 0.25212
5950.0 4650.0 0.29343
6050.0 4650.0 0.25350
6150.0 4650.0 0.18111
6250.0 4650.0 0.14109
6350.0 4650.0 0.16392
50.0 4750.0 -0.89257
150.0 4750.0 -0.35394
250.0 4750.0 0.14440
350.0 4750.0 0.83262
450.0 4750.0 1.56534
550.0 4750.0 2.01891
650.0 4750.0 1.98689
750.0 4750.0 1.50853
850.0 4750.0 0.82959
950.0 4750.0 0.19516
1050.0 4750.0 -0.31261
1150.0 4750.0 -0.44348
1250.0 4750.0 -0.16114
1350.0 4750.0 0.34242
1450.0 4750.0 0.77881
1550.0 4750.0 0.88918
1650.0 4750.0 0.56431
1750.0 4750.0 -0.04462
1850.0 4750.0 -0.66375
1950.0 4750.0 -1.12606
2050.0 4750.0 -1.25832
2150.0 4750.0 -1.01223
2250.0 4750.0 -0.52078
2350.0 4750.0 -0.04379
2450.0 4750.0 0.19750
2550.0 4750.0 0.26988
2650.0 4750.0 0.33359
2750.0 4750.0 0.37740
2850.0 4750.0 0.38258
2950.0 4750.0 0.34646
3050.0 4750.0 0.28685
3150.0 4750.0 0.23331
3250.0 4750.0 0.20546
3350.0 4750.0 0.21586
3450.0 4750.0 0.35030
3550.0 4750.0 0.55157
3650.0 4750.0 0.67602
3750.0 4750.0 0.61494
3850.0 4750.0 0.35323
3950.0 4750.0 -0.03443
4050.0 4750.0 -0.45001
4150.0 4750.0 -0.79403
4250.0 4750.0 -0.89610
4350.0 4750.0 -0.71788
4450.0 4750.0 -0.35734
4550.0 4750.0 0.00614
4650.0 4750.0 0.18706
4750.0 4750.0 0.08966
4850.0 4750.0 -0.18434
4950.0 4750.0 -0.48581
5050.0 4750.0 -0.73208
5150.0 4750.0 -0.79759
5250.0 4750.0 -0.62394
5350.0 4750.0 -0.27033
5450.0 4750.0 0.11371
5550.0 4750.0 0.39321
5650.0 4750.0 0.59344
5750.0 4750.0 0.70196
5850.0 4750.0 0.64246
5950.0 4750.0 0.41486
6050.0 4750.0 0.09410
6150.0 4750.0 -0.19922
6250.0 4750.0 -0.35475
6350.0 4750.0 -0.35461
50.0 4850.0 -1.18709
150.0 4850.0 -0.65193
250.0 4850.0 -0.14285
350.0 4850.0 0.58879
450.0 4850.0 1.42039
550.0 4850.0 2.02385
650.0 4850.0 2.16539
750.0 4850.0 1.84539
850.0 4850.0 1.27698
950.0 4850.0 0.70359
1050.0 4850.0 0.22978
1150.0 4850.0 0.07155
1250.0 4850.0 0.26352
1350.0 4850.0 0.64852
1450.0 4850.0 0.98503
1550.0 4850.0 1.05236
1650.0 4850.0 0.75355
1750.0 4850.0 0.21342
1850.0 4850.0 -0.33212
1950.0 4850.0 -0.72966
2050.0 4850.0 -0.82241
2150.0 4850.0 -0.56959
2250.0 4850.0 -0.09589
2350.0 4850.0 0.35965
2450.0 4850.0 0.59547
2550.0 4850.0 0.67454
2650.0 4850.0 0.73609
2750.0 4850.0 0.76434
2850.0 4850.0 0.74686
2950.0 4850.0 0.69094
3050.0 4850.0 0.62267
3150.0 4850.0 0.57486
3250.0 4850.0 0.56375
3350.0 4850.0 0.57901
3450.0 4850.0 0.63524
3550.0 4850.0 0.66227
3650.0 4850.0 0.56361
3750.0 4850.0 0.29947
3850.0 4850.0 -0.08635
3950.0 4850.0 -0.49569
4050.0 4850.0 -0.86119
4150.0 4850.0 -1.13162
4250.0 4850.0 -1.13112
4350.0 4850.0 -0.84284
4450.0 4850.0 -0.39699
4550.0 4850.0 0.00732
4650.0 4850.0 0.18684
4750.0 4850.0 0.06553
4850.0 4850.0 -0.23519
4950.0 4850.0 -0.54998
5050.0 4850.0 -0.77443
5150.0 4850.0 -0.77559
5250.0 4850.0 -0.50638
5350.0 4850.0 -0.05204
5450.0 4850.0 0.40835
5550.0 4850.0 0.72540
5650.0 4850.0 0.94109
5750.0 4850.0 1.02503
5850.0 4850.0 0.87485
5950.0 4850.0 0.49880
6050.0 4850.0 0.00619
6150.0 4850.0 -0.43675
6250.0 4850.0 -0.68338
6350.0 4850.0 -0.71542
50.0 4950.0 -1.34489
150.0 4950.0 -0.81751
250.0 4950.0 -0.29159
350.0 4950.0 0.46286
450.0 4950.0 1.34671
550.0 4950.0 2.05202
650.0 4950.0 2.34348
750.0 4950.0 2.19585
850.0 4950.0 1.78585
950.0 4950.0 1.33866
1050.0 4950.0 0.94905
1150.0 4950.0 0.74600
1250.0 4950.0 0.76201
1350.0 4950.0 0.91450
1450.0 4950.0 1.06058
1550.0 4950.0 1.05837
1650.0 4950.0 0.83491
1750.0 4950.0 0.45868
1850.0 4950.0 0.07979
1950.0 4950.0 -0.18984
2050.0 4950.0 -0.23098
2150.0 4950.0 -0.01101
2250.0 4950.0 0.37760
2350.0 4950.0 0.75515
2450.0 4950.0 0.96909
2550.0 4950.0 1.06394
2650.0 4950.0 1.12423
2750.0 4950.0 1.12548
2850.0 4950.0 1.06887
2950.0 4950.0 0.98164
3050.0 4950.0 0.90554
3150.0 4950.0 0.87831
3250.0 4950.0 0.90842
3350.0 4950.0 0.95175
3450.0 4950.0 0.93758
3550.0 4950.0 0.79147
3650.0 4950.0 0.48340
3750.0 4950.0 0.05614
3850.0 4950.0 -0.38723
3950.0 4950.0 -0.73662
4050.0 4950.0 -0.96854
4150.0 4950.0 -1.08438
4250.0 4950.0 -0.92300
4350.0 4950.0 -0.51982
4450.0 4950.0 -0.04945
4550.0 4950.0 0.28793
4650.0 4950.0 0.35411
4750.0 4950.0 0.13434
4850.0 4950.0 -0.23399
4950.0 4950.0 -0.63037
5050.0 4950.0 -0.95146
5150.0 4950.0 -1.03233
5250.0 4950.0 -0.79756
5350.0 4950.0 -0.32688
5450.0 4950.0 0.18150
5550.0 4950.0 0.54971
5650.0 4950.0 0.81368
5750.0 4950.0 0.96146
5850.0 4950.0 0.87957
5950.0 4950.0 0.54954
6050.0 4950.0 0.06312
6150.0 4950.0 -0.41087
6250.0 4950.0 -0.70587
6350.0 4950.0 -0.78301
50.0 5050.0 -1.31334
150.0 5050.0 -0.79214
250.0 5050.0 -0.24778
350.0 5050.0 0.48790
450.0 5050.0 1.32966
550.0 5050.0 2.01775
650.0 5050.0 2.35508
750.0 5050.0 2.32256
850.0 5050.0 2.07125
950.0 5050.0 1.79137
1050.0 5050.0 1.52577
1150.0 5050.0 1.28277
1250.0 5050.0 1.09420
1350.0 5050.0 0.97392
1450.0 5050.0 0.90435
1550.0 5050.0 0.84192
1650.0 5050.0 0.74152
1750.0 5050.0 0.59911
1850.0 5050.0 0.45121
1950.0 5050.0 0.34477
2050.0 5050.0 0.34675
2150.0 5050.0 0.48512
2250.0 5050.0 0.72213
2350.0 5050.0 0.96955
2450.0 5050.0 1.14603
2550.0 5050.0 1.26321
2650.0 5050.0 1.32376
2750.0 5050.0 1.29202
2850.0 5050.0 1.18770
2950.0 5050.0 1.06447
3050.0 5050.0 0.98406
3150.0 5050.0 0.98979
3250.0 5050.0 1.07923
3350.0 5050.0 1.17068
3450.0 5050.0 1.11421
3550.0 5050.0 0.84253
3650.0 5050.0 0.39731
3750.0 5050.0 -0.10203
3850.0 5050.0 -0.50856
3950.0 5050.0 -0.71711
4050.0 5050.0 -0.75201
4150.0 5050.0 -0.65744
4250.0 5050.0 -0.30481
4350.0 5050.0 0.19577
4450.0 5050.0 0.62102
4550.0 5050.0 0.78977
4650.0 5050.0 0.64567
4750.0 5050.0 0.26740
4850.0 5050.0 -0.19850
4950.0 5050.0 -0.72574
5050.0 5050.0 -1.22879
5150.0 5050.0 -1.49295
5250.0 5050.0 -1.38594
5350.0 5050.0 -0.95931
5450.0 5050.0 -0.42307
5550.0 5050.0 0.00630
5650.0 5050.0 0.34283
5750.0 5050.0 0.62374
5850.0 5050.0 0.73746
5950.0 5050.0 0.61141
6050.0 5050.0 0.27791
6150.0 5050.0 -0.12734
6250.0 5050.0 -0.43254
6350.0 5050.0 -0.56282
50.0 5150.0 -1.12240
150.0 5150.0 -0.60043
250.0 5150.0 -0.04139
350.0 5150.0 0.63077
450.0 5150.0 1.32877
550.0 5150.0 1.86013
650.0 5150.0 2.10239
750.0 5150.0 2.07936
850.0 5150.0 1.93757
950.0 5150.0 1.82283
1050.0 5150.0 1.69243
1150.0 5150.0 1.43534
1250.0 5150.0 1.08538
1350.0 5150.0 0.74647
1450.0 5150.0 0.51506
1550.0 5150.0 0.43463
1650.0 5150.0 0.48208
1750.0 5150.0 0.58611
1850.0 5150.0 0.67501
1950.0 5150.0 0.72241
2050.0 5150.0 0.74148
2150.0 5150.0 0.76178
2250.0 5150.0 0.81123
2350.0 5150.0 0.90419
2450.0 5150.0 1.03549
2550.0 5150.0 1.17594
2650.0 5150.0 1.23828
2750.0 5150.0 1.17587
2850.0 5150.0 1.02730
2950.0 5150.0 0.87247
3050.0 5150.0 0.79255
3150.0 5150.0 0.83553
3250.0 5150.0 0.98770
3350.0 5150.0 1.13508
3450.0 5150.0 1.07289
3550.0 5150.0 0.75019
3650.0 5150.0 0.26851
3750.0 5150.0 -0.19959
3850.0 5150.0 -0.48817
3950.0 5150.0 -0.51188
4050.0 5150.0 -0.33547
4150.0 5150.0 -0.02571
4250.0 5150.0 0.50608
4350.0 5150.0 1.07119
4450.0 5150.0 1.40360
4550.0 5150.0 1.35376
4650.0 5150.0 0.96126
4750.0 5150.0 0.40630
4850.0 5150.0 -0.16245
4950.0 5150.0 -0.82813
5050.0 5150.0 -1.52597
5150.0 5150.0 -1.98879
5250.0 5150.0 -2.02315
5350.0 5150.0 -1.64912
5450.0 5150.0 -1.08761
5550.0 5150.0 -0.59534
5650.0 5150.0 -0.18164
5750.0 5150.0 0.25092
5850.0 5150.0 0.59789
5950.0 5150.0 0.72540
6050.0 5150.0 0.59357
6150.0 5150.0 0.29281
6250.0 5150.0 -0.00622
6350.0 5150.0 -0.18898
50.0 5250.0 -0.88117
150.0 5250.0 -0.34964
250.0 5250.0 0.21689
350.0 5250.0 0.80004
450.0 5250.0 1.29612
550.0 5250.0 1.58073
650.0 5250.0 1.62102
750.0 5250.0 1.50699
850.0 5250.0 1.40141
950.0 5250.0 1.40809
1050.0 5250.0 1.39030
1150.0 5250.0 1.15275
1250.0 5250.0 0.73377
1350.0 5250.0 0.29626
1450.0 5250.0 0.00777
1550.0 5250.0 -0.03707
1650.0 5250.0 0.14807
1750.0 5250.0 0.44840
1850.0 5250.0 0.71939
1950.0 5250.0 0.87200
2050.0 5250.0 0.87785
2150.0 5250.0 0.77388
2250.0 5250.0 0.64787
2350.0 5250.0 0.60160
2450.0 5250.0 0.69153
2550.0 5250.0 0.85025
2650.0 5250.0 0.91511
2750.0 5250.0 0.83138
2850.0 5250.0 0.65212
2950.0 5250.0 0.47694
3050.0 5250.0 0.40110
3150.0 5250.0 0.47553
3250.0 5250.0 0.67766
3350.0 5250.0 0.87285
3450.0 5250.0 0.83161
3550.0 5250.0 0.52175
3650.0 5250.0 0.08202
3750.0 5250.0 -0.29095
3850.0 5250.0 -0.43404
3950.0 5250.0 -0.28721
4050.0 5250.0 0.05927
4150.0 5250.0 0.53641
4250.0 5250.0 1.19944
4350.0 5250.0 1.79748
4450.0 5250.0 2.03472
4550.0 5250.0 1.79221
4650.0 5250.0 1.19013
4750.0 5250.0 0.49060
4850.0 5250.0 -0.15933
4950.0 5250.0 -0.92619
5050.0 5250.0 -1.75391
5150.0 5250.0 -2.33621
5250.0 5250.0 -2.44026
5350.0 5250.0 -2.07209
5450.0 5250.0 -1.46933
5550.0 5250.0 -0.92139
5650.0 5250.0 -0.44760
5750.0 5250.0 0.09588
5850.0 5250.0 0.60667
5950.0 5250.0 0.90583
6050.0 5250.0 0.90361
6150.0 5250.0 0.66222
6250.0 5250.0 0.35612
6350.0 5250.0 0.12973
50.0 5350.0 -0.72476
150.0 5350.0 -0.17713
250.0 5350.0 0.38958
350.0 5350.0 0.88976
450.0 5350.0 1.19749
550.0 5350.0 1.23801
650.0 5350.0 1.05414
750.0 5350.0 0.80076
850.0 5350.0 0.66755
950.0 5350.0 0.72981
1050.0 5350.0 0.77807
1150.0 5350.0 0.58591
1250.0 5350.0 0.19750
1350.0 5350.0 -0.20712
1450.0 5350.0 -0.44467
1550.0 5350.0 -0.41372
1650.0 5350.0 -0.13208
1750.0 5350.0 0.27359
1850.0 5350.0 0.63553
1950.0 5350.0 0.82721
2050.0 5350.0 0.79928
2150.0 5350.0 0.59874
2250.0 5350.0 0.35290
2350.0 5350.0 0.21599
2450.0 5350.0 0.27844
2550.0 5350.0 0.44664
2650.0 5350.0 0.51364
2750.0 5350.0 0.42077
2850.0 5350.0 0.22842
2950.0 5350.0 0.04581
3050.0 5350.0 -0.02523
3150.0 5350.0 0.06721
3250.0 5350.0 0.29595
3350.0 5350.0 0.51830
3450.0 5350.0 0.50208
3550.0 5350.0 0.22820
3650.0 5350.0 -0.15054
3750.0 5350.0 -0.43471
3850.0 5350.0 -0.47247
3950.0 5350.0 -0.22239
4050.0 5350.0 0.21534
4150.0 5350.0 0.78047
4250.0 5350.0 1.51253
4350.0 5350.0 2.12796
4450.0 5350.0 2.31528
4550.0 5350.0 1.97159
4650.0 5350.0 1.25941
4750.0 5350.0 0.48391
4850.0 5350.0 -0.20805
4950.0 5350.0 -1.01032
5050.0 5350.0 -1.85369
5150.0 5350.0 -2.41646
5250.0 5350.0 -2.46468
5350.0 5350.0 -2.02082
5450.0 5350.0 -1.34930
5550.0 5350.0 -0.75873
5650.0 5350.0 -0.25615
5750.0 5350.0 0.31590
5850.0 5350.0 0.84384
5950.0 5350.0 1.13640
6050.0 5350.0 1.10168
6150.0 5350.0 0.81278
6250.0 5350.0 0.46220
6350.0 5350.0 0.20531
50.0 5450.0 -0.71187
150.0 5450.0 -0.14580
250.0 5450.0 0.41666
350.0 5450.0 0.85929
450.0 5450.0 1.03621
550.0 5450.0 0.89824
650.0 5450.0 0.53564
750.0 5450.0 0.15033
850.0 5450.0 -0.04169
950.0 5450.0 0.02196
1050.0 5450.0 0.09212
1150.0 5450.0 -0.04470
1250.0 5450.0 -0.33869
1350.0 5450.0 -0.62477
1450.0 5450.0 -0.74528
1550.0 5450.0 -0.62402
1650.0 5450.0 -0.29167
1750.0 5450.0 0.13737
1850.0 5450.0 0.51122
1950.0 5450.0 0.69077
2050.0 5450.0 0.62366
2150.0 5450.0 0.36634
2250.0 5450.0 0.06362
2350.0 5450.0 -0.11214
2450.0 5450.0 -0.06200
2550.0 5450.0 0.10787
2650.0 5450.0 0.17599
2750.0 5450.0 0.08313
2850.0 5450.0 -0.10912
2950.0 5450.0 -0.29034
3050.0 5450.0 -0.35812
3150.0 5450.0 -0.26089
3250.0 5450.0 -0.02669
3350.0 5450.0 0.20195
3450.0 5450.0 0.19756
3550.0 5450.0 -0.05480
3650.0 5450.0 -0.40232
3750.0 5450.0 -0.64994
3850.0 5450.0 -0.65286
3950.0 5450.0 -0.37594
4050.0 5450.0 0.08048
4150.0 5450.0 0.66487
4250.0 5450.0 1.41931
4350.0 5450.0 2.05404
4450.0 5450.0 2.25104
4550.0 5450.0 1.90555
4650.0 5450.0 1.18399
4750.0 5450.0 0.39829
4850.0 5450.0 -0.30048
4950.0 5450.0 -1.07960
5050.0 5450.0 -1.83701
5150.0 5450.0 -2.25676
5250.0 5450.0 -2.13773
5350.0 5450.0 -1.54593
5450.0 5450.0 -0.78141
5550.0 5450.0 -0.15995
5650.0 5450.0 0.34310
5750.0 5450.0 0.86626
5850.0 5450.0 1.27132
5950.0 5450.0 1.38530
6050.0 5450.0 1.16006
6150.0 5450.0 0.71780
6250.0 5450.0 0.28396
6350.0 5450.0 0.00730
50.0 5550.0 -0.77473
150.0 5550.0 -0.20855
250.0 5550.0 0.33464
350.0 5550.0 0.72284
450.0 5550.0 0.79978
550.0 5550.0 0.53593
650.0 5550.0 0.05323
750.0 5550.0 -0.41795
850.0 5550.0 -0.64846
950.0 5550.0 -0.58684
1050.0 5550.0 -0.50303
1150.0 5550.0 -0.59230
1250.0 5550.0 -0.80230
1350.0 5550.0 -0.98575
1450.0 5550.0 -1.01091
1550.0 5550.0 -0.82422
1650.0 5550.0 -0.46528
1750.0 5550.0 -0.03471
1850.0 5550.0 0.33220
1950.0 5550.0 0.49081
2050.0 5550.0 0.39077
2150.0 5550.0 0.09679
2250.0 5550.0 -0.23660
2350.0 5550.0 -0.42999
2450.0 5550.0 -0.38355
2550.0 5550.0 -0.21081
2650.0 5550.0 -0.13659
2750.0 5550.0 -0.21971
2850.0 5550.0 -0.40159
2950.0 5550.0 -0.57528
3050.0 5550.0 -0.64038
3150.0 5550.0 -0.54506
3250.0 5550.0 -0.31531
3350.0 5550.0 -0.09126
3450.0 5550.0 -0.09809
3550.0 5550.0 -0.34953
3650.0 5550.0 -0.69316
3750.0 5550.0 -0.93563
3850.0 5550.0 -0.93447
3950.0 5550.0 -0.65644
4050.0 5550.0 -0.20166
4150.0 5550.0 0.38430
4250.0 5550.0 1.15453
4350.0 5550.0 1.82416
4450.0 5550.0 2.07146
4550.0 5550.0 1.78094
4650.0 5550.0 1.10566
4750.0 5550.0 0.34880
4850.0 5550.0 -0.33200
4950.0 5550.0 -1.06216
5050.0 5550.0 -1.70893
5150.0 5550.0 -1.97024
5250.0 5550.0 -1.68280
5350.0 5550.0 -0.95402
5450.0 5550.0 -0.11149
5550.0 5550.0 0.53014
5650.0 5550.0 1.02494
5750.0 5550.0 1.47849
5850.0 5550.0 1.72603
5950.0 5550.0 1.62210
6050.0 5550.0 1.17384
6150.0 5550.0 0.56059
6250.0 5550.0 0.04196
6350.0 5550.0 -0.24566
50.0 5650.0 -0.93375
150.0 5650.0 -0.45203
250.0 5650.0 0.00518
350.0 5650.0 0.30935
450.0 5650.0 0.32966
550.0 5650.0 0.06189
650.0 5650.0 -0.36968
750.0 5650.0 -0.75995
850.0 5650.0 -0.91923
950.0 5650.0 -0.81808
1050.0 5650.0 -0.70657
1150.0 5650.0 -0.78192
1250.0 5650.0 -1.00189
1350.0 5650.0 -1.21974
1450.0 5650.0 -1.29309
1550.0 5650.0 -1.15060
1650.0 5650.0 -0.81643
1750.0 5650.0 -0.39295
1850.0 5650.0 -0.03376
1950.0 5650.0 0.11378
2050.0 5650.0 0.00505
2150.0 5650.0 -0.28950
2250.0 5650.0 -0.61368
2350.0 5650.0 -0.79121
2450.0 5650.0 -0.72772
2550.0 5650.0 -0.53795
2650.0 5650.0 -0.43390
2750.0 5650.0 -0.47416
2850.0 5650.0 -0.61539
2950.0 5650.0 -0.76593
3050.0 5650.0 -0.83166
3150.0 5650.0 -0.75588
3250.0 5650.0 -0.55337
3350.0 5650.0 -0.35895
3450.0 5650.0 -0.40471
3550.0 5650.0 -0.70329
3650.0 5650.0 -1.09455
3750.0 5650.0 -1.37722
3850.0 5650.0 -1.40468
3950.0 5650.0 -1.14469
4050.0 5650.0 -0.70255
4150.0 5650.0 -0.12513
4250.0 5650.0 0.66157
4350.0 5650.0 1.39897
4450.0 5650.0 1.77282
4550.0 5650.0 1.64760
4650.0 5650.0 1.13625
4750.0 5650.0 0.50528
4850.0 5650.0 -0.08232
4950.0 5650.0 -0.71024
5050.0 5650.0 -1.24867
5150.0 5650.0 -1.42346
5250.0 5650.0 -1.09283
5350.0 5650.0 -0.36405
5450.0 5650.0 0.45659
5550.0 5650.0 1.08077
5650.0 5650.0 1.55947
5750.0 5650.0 1.94271
5850.0 5650.0 2.04909
5950.0 5650.0 1.76571
6050.0 5650.0 1.15030
6150.0 5650.0 0.42597
6250.0 5650.0 -0.12897
6350.0 5650.0 -0.39627
50.0 5750.0 -1.08812
150.0 5750.0 -0.78672
250.0 5750.0 -0.49416
350.0 5750.0 -0.31598
450.0 5750.0 -0.31843
550.0 5750.0 -0.47104
650.0 5750.0 -0.67559
750.0 5750.0 -0.80887
850.0 5750.0 -0.77833
950.0 5750.0 -0.59079
1050.0 5750.0 -0.43270
1150.0 5750.0 -0.52057
1250.0 5750.0 -0.83589
1350.0 5750.0 -1.21725
1450.0 5750.0 -1.47688
1550.0 5750.0 -1.48579
1650.0 5750.0 -1.22756
1750.0 5750.0 -0.82045
1850.0 5750.0 -0.47110
1950.0 5750.0 -0.32721
2050.0 5750.0 -0.42310
2150.0 5750.0 -0.68399
2250.0 5750.0 -0.95937
2350.0 5750.0 -1.08637
2450.0 5750.0 -0.98307
2550.0 5750.0 -0.75991
2650.0 5750.0 -0.60081
2750.0 5750.0 -0.56590
2850.0 5750.0 -0.64049
2950.0 5750.0 -0.75971
3050.0 5750.0 -0.83812
3150.0 5750.0 -0.80706
3250.0 5750.0 -0.65943
3350.0 5750.0 -0.52234
3450.0 5750.0 -0.63894
3550.0 5750.0 -1.01844
3650.0 5750.0 -1.48776
3750.0 5750.0 -1.83399
3850.0 5750.0 -1.90619
3950.0 5750.0 -1.67623
4050.0 5750.0 -1.25819
4150.0 5750.0 -0.70927
4250.0 5750.0 0.06049
4350.0 5750.0 0.84326
4450.0 5750.0 1.35863
4550.0 5750.0 1.45919
4650.0 5750.0 1.20317
4750.0 5750.0 0.79393
4850.0 5750.0 0.38621
4950.0 5750.0 -0.07961
5050.0 5750.0 -0.51926
5150.0 5750.0 -0.70233
5250.0 5750.0 -0.48691
5350.0 5750.0 0.07155
5450.0 5750.0 0.74750
5550.0 5750.0 1.30853
5650.0 5750.0 1.76330
5750.0 5750.0 2.08894
5850.0 5750.0 2.10468
5950.0 5750.0 1.73085
6050.0 5750.0 1.05932
6150.0 5750.0 0.32972
6250.0 5750.0 -0.18637
6350.0 5750.0 -0.39338
50.0 5850.0 -1.08785
150.0 5850.0 -1.01960
250.0 5850.0 -0.93908
350.0 5850.0 -0.92121
450.0 5850.0 -0.94825
550.0 5850.0 -0.94577
650.0 5850.0 -0.85081
750.0 5850.0 -0.64746
850.0 5850.0 -0.36950
950.0 5850.0 -0.07010
1050.0 5850.0 0.14894
1150.0 5850.0 0.04959
1250.0 5850.0 -0.37978
1350.0 5850.0 -0.96070
1450.0 5850.0 -1.44975
1550.0 5850.0 -1.64628
1650.0 5850.0 -1.48275
1750.0 5850.0 -1.09642
1850.0 5850.0 -0.75975
1950.0 5850.0 -0.62045
2050.0 5850.0 -0.69965
2150.0 5850.0 -0.91695
2250.0 5850.0 -1.12924
2350.0 5850.0 -1.19100
2450.0 5850.0 -1.03634
2550.0 5850.0 -0.77041
2650.0 5850.0 -0.54462
2750.0 5850.0 -0.42373
2850.0 5850.0 -0.42852
2950.0 5850.0 -0.52466
3050.0 5850.0 -0.63353
3150.0 5850.0 -0.66793
3250.0 5850.0 -0.59285
3350.0 5850.0 -0.52742
3450.0 5850.0 -0.71977
3550.0 5850.0 -1.17116
3650.0 5850.0 -1.69789
3750.0 5850.0 -2.08300
3850.0 5850.0 -2.18084
3950.0 5850.0 -1.97449
4050.0 5850.0 -1.58550
4150.0 5850.0 -1.08747
4250.0 5850.0 -0.39874
4350.0 5850.0 0.33727
4450.0 5850.0 0.90675
4550.0 5850.0 1.18001
4650.0 5850.0 1.17356
4750.0 5850.0 1.01983
4850.0 5850.0 0.84161
4950.0 5850.0 0.57019
5050.0 5850.0 0.21467
5150.0 5850.0 -0.04663
5250.0 5850.0 -0.05563
5350.0 5850.0 0.21860
5450.0 5850.0 0.66935
5550.0 5850.0 1.13802
5650.0 5850.0 1.56596
5750.0 5850.0 1.85908
5850.0 5850.0 1.85473
5950.0 5850.0 1.50021
6050.0 5850.0 0.89757
6150.0 5850.0 0.27167
6250.0 5850.0 -0.13713
6350.0 5850.0 -0.25582
50.0 5950.0 -0.85564
150.0 5950.0 -1.00710
250.0 5950.0 -1.13382
350.0 5950.0 -1.28757
450.0 5950.0 -1.37524
550.0 5950.0 -1.27359
650.0 5950.0 -0.94105
750.0 5950.0 -0.45230
850.0 5950.0 0.04464
950.0 5950.0 0.44880
1050.0 5950.0 0.73222
1150.0 5950.0 0.64898
1250.0 5950.0 0.16083
1350.0 5950.0 -0.54791
1450.0 5950.0 -1.19666
1550.0 5950.0 -1.53085
1650.0 5950.0 -1.44044
1750.0 5950.0 -1.07257
1850.0 5950.0 -0.75079
1950.0 5950.0 -0.62485
2050.0 5950.0 -0.70257
2150.0 5950.0 -0.89476
2250.0 5950.0 -1.06102
2350.0 5950.0 -1.06909
2450.0 5950.0 -0.86778
2550.0 5950.0 -0.56083
2650.0 5950.0 -0.27528
2750.0 5950.0 -0.08365
2850.0 5950.0 -0.03932
2950.0 5950.0 -0.13307
3050.0 5950.0 -0.28771
3150.0 5950.0 -0.39458
3250.0 5950.0 -0.39190
3350.0 5950.0 -0.39284
3450.0 5950.0 -0.63714
3550.0 5950.0 -1.11337
3650.0 5950.0 -1.63601
3750.0 5950.0 -1.99929
3850.0 5950.0 -2.07770
3950.0 5950.0 -1.87338
4050.0 5950.0 -1.50975
4150.0 5950.0 -1.07722
4250.0 5950.0 -0.53473
4350.0 5950.0 0.03555
4450.0 5950.0 0.51077
4550.0 5950.0 0.81610
4650.0 5950.0 0.96055
4750.0 5950.0 1.01986
4850.0 5950.0 1.06188
4950.0 5950.0 0.97542
5050.0 5950.0 0.69107
5150.0 5950.0 0.33766
5250.0 5950.0 0.09282
5350.0 5950.0 0.07594
5450.0 5950.0 0.29907
5550.0 5950.0 0.67554
5650.0 5950.0 1.07992
5750.0 5950.0 1.36641
5850.0 5950.0 1.40028
5950.0 5950.0 1.14551
6050.0 5950.0 0.69385
6150.0 5950.0 0.23434
6250.0 5950.0 -0.03635
6350.0 5950.0 -0.06308
50.0 6050.0 -0.43092
150.0 6050.0 -0.72851
250.0 6050.0 -1.00735
350.0 6050.0 -1.31500
450.0 6050.0 -1.51567
550.0 6050.0 -1.43931
650.0 6050.0 -1.03562
750.0 6050.0 -0.41900
850.0 6050.0 0.19596
950.0 6050.0 0.66846
1050.0 6050.0 1.00691
1150.0 6050.0 0.98018
1250.0 6050.0 0.53529
1350.0 6050.0 -0.15697
1450.0 6050.0 -0.81697
1550.0 6050.0 -1.17710
1650.0 6050.0 -1.10838
1750.0 6050.0 -0.75100
1850.0 6050.0 -0.44460
1950.0 6050.0 -0.34423
2050.0 6050.0 -0.44726
2150.0 6050.0 -0.65212
2250.0 6050.0 -0.81244
2350.0 6050.0 -0.79908
2450.0 6050.0 -0.56988
2550.0 6050.0 -0.23398
2650.0 6050.0 0.08907
2750.0 6050.0 0.31762
2850.0 6050.0 0.37677
2950.0 6050.0 0.26268
3050.0 6050.0 0.05719
3150.0 6050.0 -0.11174
3250.0 6050.0 -0.16338
3350.0 6050.0 -0.20824
3450.0 6050.0 -0.46369
3550.0 6050.0 -0.90316
3650.0 6050.0 -1.35013
3750.0 6050.0 -1.62523
3850.0 6050.0 -1.63575
3950.0 6050.0 -1.40746
4050.0 6050.0 -1.05865
4150.0 6050.0 -0.69098
4250.0 6050.0 -0.32802
4350.0 6050.0 -0.00920
4450.0 6050.0 0.23695
4550.0 6050.0 0.41651
4650.0 6050.0 0.56935
4750.0 6050.0 0.74367
4850.0 6050.0 0.94183
4950.0 6050.0 0.99349
5050.0 6050.0 0.77561
5150.0 6050.0 0.37994
5250.0 6050.0 -0.00752
5350.0 6050.0 -0.21074
5450.0 6050.0 -0.13752
5550.0 6050.0 0.17658
5650.0 6050.0 0.56524
5750.0 6050.0 0.85864
5850.0 6050.0 0.94709
5950.0 6050.0 0.80210
6050.0 6050.0 0.49851
6150.0 6050.0 0.18957
6250.0 6050.0 0.03418
6350.0 6050.0 0.07651
50.0 6150.0 0.06378
150.0 6150.0 -0.27969
250.0 6150.0 -0.63039
350.0 6150.0 -1.05357
450.0 6150.0 -1.41273
550.0 6150.0 -1.49882
650.0 6150.0 -1.21993
750.0 6150.0 -0.66814
850.0 6150.0 -0.06299
950.0 6150.0 0.42867
1050.0 6150.0 0.80437
1150.0 6150.0 0.86948
1250.0 6150.0 0.57106
1350.0 6150.0 0.04759
1450.0 6150.0 -0.46304
1550.0 6150.0 -0.72575
1650.0 6150.0 -0.62057
1750.0 6150.0 -0.26365
1850.0 6150.0 0.02877
1950.0 6150.0 0.09333
2050.0 6150.0 -0.06143
2150.0 6150.0 -0.31916
2250.0 6150.0 -0.51867
2350.0 6150.0 -0.52230
2450.0 6150.0 -0.28950
2550.0 6150.0 0.05842
2650.0 6150.0 0.39152
2750.0 6150.0 0.61975
2850.0 6150.0 0.66103
2950.0 6150.0 0.51178
3050.0 6150.0 0.26258
3150.0 6150.0 0.05452
3250.0 6150.0 -0.02373
3350.0 6150.0 -0.08310
3450.0 6150.0 -0.31011
3550.0 6150.0 -0.66387
3650.0 6150.0 -0.98491
3750.0 6150.0 -1.12893
3850.0 6150.0 -1.04092
3950.0 6150.0 -0.76972
4050.0 6150.0 -0.42308
4150.0 6150.0 -0.10499
4250.0 6150.0 0.09089
4350.0 6150.0 0.14238
4450.0 6150.0 0.09675
4550.0 6150.0 0.04477
4650.0 6150.0 0.08278
4750.0 6150.0 0.26254
4850.0 6150.0 0.52711
4950.0 6150.0 0.65393
5050.0 6150.0 0.50794
5150.0 6150.0 0.16042
5250.0 6150.0 -0.21483
5350.0 6150.0 -0.43615
5450.0 6150.0 -0.39072
5550.0 6150.0 -0.09323
5650.0 6150.0 0.28862
5750.0 6150.0 0.58454
5850.0 6150.0 0.69579
5950.0 6150.0 0.59738
6050.0 6150.0 0.35716
6150.0 6150.0 0.11306
6250.0 6150.0 0.00767
6350.0 6150.0 0.08026
50.0 6250.0 0.53276
150.0 6250.0 0.21188
250.0 6250.0 -0.15386
350.0 6250.0 -0.66086
450.0 6250.0 -1.19951
550.0 6250.0 -1.52923
650.0 6250.0 -1.49720
750.0 6250.0 -1.13364
850.0 6250.0 -0.62215
950.0 6250.0 -0.14505
1050.0 6250.0 0.25359
1150.0 6250.0 0.42717
1250.0 6250.0 0.33234
1350.0 6250.0 0.06525
1450.0 6250.0 -0.20170
1550.0 6250.0 -0.29345
1650.0 6250.0 -0.11663
1750.0 6250.0 0.24615
1850.0 6250.0 0.52613
1950.0 6250.0 0.55009
2050.0 6250.0 0.32920
2150.0 6250.0 -0.00468
2250.0 6250.0 -0.27064
2350.0 6250.0 -0.31544
2450.0 6250.0 -0.09525
2550.0 6250.0 0.25286
2650.0 6250.0 0.57822
2750.0 6250.0 0.78404
2850.0 6250.0 0.79064
2950.0 6250.0 0.60252
3050.0 6250.0 0.32023
3150.0 6250.0 0.09238
3250.0 6250.0 0.00789
3350.0 6250.0 -0.04608
3450.0 6250.0 -0.22333
3550.0 6250.0 -0.47085
3650.0 6250.0 -0.64934
3750.0 6250.0 -0.65090
3850.0 6250.0 -0.45693
3950.0 6250.0 -0.13630
4050.0 6250.0 0.21601
4150.0 6250.0 0.50026
4250.0 6250.0 0.55934
4350.0 6250.0 0.37082
4450.0 6250.0 0.03632
4550.0 6250.0 -0.27812
4650.0 6250.0 -0.41229
4750.0 6250.0 -0.29294
4850.0 6250.0 -0.02427
4950.0 6250.0 0.13493
5050.0 6250.0 0.06898
5150.0 6250.0 -0.16010
5250.0 6250.0 -0.40671
5350.0 6250.0 -0.52144
5450.0 6250.0 -0.41409
5550.0 6250.0 -0.09993
5650.0 6250.0 0.28050
5750.0 6250.0 0.56720
5850.0 6250.0 0.65883
5950.0 6250.0 0.53435
6050.0 6250.0 0.26854
6150.0 6250.0 0.00596
6250.0 6250.0 -0.10735
6350.0 6250.0 -0.03415
50.0 6350.0 0.91409
150.0 6350.0 0.62338
250.0 6350.0 0.25496
350.0 6350.0 -0.31318
450.0 6350.0 -1.00292
550.0 6350.0 -1.55602
650.0 6350.0 -1.76935
750.0 6350.0 -1.61231
850.0 6350.0 -1.22452
950.0 6350.0 -0.79359
1050.0 6350.0 -0.39880
1150.0 6350.0 -0.12488
1250.0 6350.0 -0.00064
1350.0 6350.0 0.02081
1450.0 6350.0 0.03211
1550.0 6350.0 0.13252
1650.0 6350.0 0.37939
1750.0 6350.0 0.72978
1850.0 6350.0 0.97791
1950.0 6350.0 0.94480
2050.0 6350.0 0.64627
2150.0 6350.0 0.22980
2250.0 6350.0 -0.10633
2350.0 6350.0 -0.19709
2450.0 6350.0 0.00180
2550.0 6350.0 0.33866
2650.0 6350.0 0.64452
2750.0 6350.0 0.82285
2850.0 6350.0 0.80505
2950.0 6350.0 0.60604
3050.0 6350.0 0.32986
3150.0 6350.0 0.12067
3250.0 6350.0 0.05896
3350.0 6350.0 0.03652
3450.0 6350.0 -0.06056
3550.0 6350.0 -0.17461
3650.0 6350.0 -0.19669
3750.0 6350.0 -0.05946
3850.0 6350.0 0.22397
3950.0 6350.0 0.57511
4050.0 6350.0 0.91886
4150.0 6350.0 1.16055
4250.0 6350.0 1.08630
4350.0 6350.0 0.67153
4450.0 6350.0 0.06416
4550.0 6350.0 -0.50328
4650.0 6350.0 -0.81246
4750.0 6350.0 -0.76877
4850.0 6350.0 -0.51736
4950.0 6350.0 -0.34365
5050.0 6350.0 -0.33531
5150.0 6350.0 -0.43475
5250.0 6350.0 -0.52701
5350.0 6350.0 -0.50428
5450.0 6350.0 -0.31119
5550.0 6350.0 0.02920
5650.0 6350.0 0.40990
5750.0 6350.0 0.67964
5850.0 6350.0 0.72539
5950.0 6350.0 0.52871
6050.0 6350.0 0.17881
6150.0 6350.0 -0.15957
6250.0 6350.0 -0.32362
6350.0 6350.0 -0.27506
