50.0 50.0 0.55856
150.0 50.0 0.49757
250.0 50.0 0.19682
350.0 50.0 -0.22209
450.0 50.0 -0.70670
550.0 50.0 -1.24055
650.0 50.0 -1.70598
750.0 50.0 -1.97206
850.0 50.0 -1.95947
950.0 50.0 -1.67259
1050.0 50.0 -1.19866
1150.0 50.0 -0.67422
1250.0 50.0 -0.21854
1350.0 50.0 0.16511
1450.0 50.0 0.61759
1550.0 50.0 1.16654
1650.0 50.0 1.69569
1750.0 50.0 2.05353
1850.0 50.0 2.13072
1950.0 50.0 1.90260
2050.0 50.0 1.43645
2150.0 50.0 0.86382
2250.0 50.0 0.31765
2350.0 50.0 -0.16295
2450.0 50.0 -0.58699
2550.0 50.0 -0.86456
2650.0 50.0 -0.93880
2750.0 50.0 -0.80852
2850.0 50.0 -0.52632
2950.0 50.0 -0.18649
3050.0 50.0 0.09737
3150.0 50.0 0.22485
3250.0 50.0 0.15155
3350.0 50.0 -0.05781
3450.0 50.0 -0.19437
3550.0 50.0 -0.09834
3650.0 50.0 0.22019
3750.0 50.0 0.65061
3850.0 50.0 1.04732
3950.0 50.0 1.27936
4050.0 50.0 1.26411
4150.0 50.0 0.98500
4250.0 50.0 0.49337
4350.0 50.0 -0.10572
4450.0 50.0 -0.67606
4550.0 50.0 -1.08204
4650.0 50.0 -1.23747
4750.0 50.0 -1.12450
4850.0 50.0 -0.79570
4950.0 50.0 -0.36219
5050.0 50.0 0.03203
5150.0 50.0 0.24979
5250.0 50.0 0.21420
5350.0 50.0 -0.02389
5450.0 50.0 -0.33094
5550.0 50.0 -0.72202
5650.0 50.0 -1.13801
5750.0 50.0 -1.46597
5850.0 50.0 -1.60680
5950.0 50.0 -1.51660
6050.0 50.0 -1.22163
6150.0 50.0 -0.80693
6250.0 50.0 -0.37866
6350.0 50.0 0.00000
50.0 150.0 0.78973
150.0 150.0 0.69735
250.0 150.0 0.38864
350.0 150.0 -0.02822
450.0 150.0 -0.52969
550.0 150.0 -1.12082
650.0 150.0 -1.68670
750.0 150.0 -2.08523
850.0 150.0 -2.21744
950.0 150.0 -2.06501
1050.0 150.0 -1.69499
1150.0 150.0 -1.23177
1250.0 150.0 -0.79615
1350.0 150.0 -0.41147
1450.0 150.0 0.04767
1550.0 150.0 0.61350
1650.0 150.0 1.17126
1750.0 150.0 1.56721
1850.0 150.0 1.68726
1950.0 150.0 1.50077
2050.0 150.0 1.06927
2150.0 150.0 0.52037
2250.0 150.0 -0.01339
2350.0 150.0 -0.48792
2450.0 150.0 -0.90113
2550.0 150.0 -1.15441
2650.0 150.0 -1.18955
2750.0 150.0 -1.00928
2850.0 150.0 -0.67310
2950.0 150.0 -0.28311
3050.0 150.0 0.04029
3150.0 150.0 0.19265
3250.0 150.0 0.12990
3350.0 150.0 -0.07724
3450.0 150.0 -0.21278
3550.0 150.0 -0.11658
3650.0 150.0 0.20115
3750.0 150.0 0.62999
3850.0 150.0 1.02473
3950.0 150.0 1.25495
4050.0 150.0 1.23848
4150.0 150.0 0.95908
4250.0 150.0 0.46812
4350.0 150.0 -0.12969
4450.0 150.0 -0.70493
4550.0 150.0 -1.13672
4650.0 150.0 -1.34330
4750.0 150.0 -1.30179
4850.0 150.0 -1.05399
4950.0 150.0 -0.69796
5050.0 150.0 -0.36557
5150.0 150.0 -0.18593
5250.0 150.0 -0.23467
5350.0 150.0 -0.46919
5450.0 150.0 -0.75884
5550.0 150.0 -1.08913
5650.0 150.0 -1.38876
5750.0 150.0 -1.55378
5850.0 150.0 -1.50749
5950.0 150.0 -1.23426
6050.0 150.0 -0.78750
6150.0 150.0 -0.27144
6250.0 150.0 0.20297
6350.0 150.0 0.58832
50.0 250.0 1.04846
150.0 250.0 0.91909
250.0 250.0 0.61130
350.0 250.0 0.21268
450.0 250.0 -0.29569
550.0 250.0 -0.94850
650.0 250.0 -1.63543
750.0 250.0 -2.20011
850.0 250.0 -2.51735
950.0 250.0 -2.53787
1050.0 250.0 -2.30055
1150.0 250.0 -1.91218
1250.0 250.0 -1.49477
1350.0 250.0 -1.09924
1450.0 250.0 -0.62895
1550.0 250.0 -0.05386
1650.0 250.0 0.51382
1750.0 250.0 0.92356
1850.0 250.0 1.06357
1950.0 250.0 0.90361
2050.0 250.0 0.50365
2150.0 250.0 -0.01162
2250.0 250.0 -0.51254
2350.0 250.0 -0.95564
2450.0 250.0 -1.33213
2550.0 250.0 -1.53653
2650.0 250.0 -1.51231
2750.0 250.0 -1.26870
2850.0 250.0 -0.87298
2950.0 250.0 -0.43367
3050.0 250.0 -0.07461
3150.0 250.0 0.09998
3250.0 250.0 0.04953
3350.0 250.0 -0.14968
3450.0 250.0 -0.27954
3550.0 250.0 -0.18314
3650.0 250.0 0.12831
3750.0 250.0 0.54569
3850.0 250.0 0.92654
3950.0 250.0 1.14373
4050.0 250.0 1.11821
4150.0 250.0 0.83584
4250.0 250.0 0.34824
4350.0 250.0 -0.24219
4450.0 250.0 -0.81949
4550.0 250.0 -1.28536
4650.0 250.0 -1.56183
4750.0 250.0 -1.61511
4850.0 250.0 -1.46866
4950.0 250.0 -1.20106
5050.0 250.0 -0.92844
5150.0 250.0 -0.77171
5250.0 250.0 -0.80843
5350.0 250.0 -1.00939
5450.0 250.0 -1.24910
5550.0 250.0 -1.48072
5650.0 250.0 -1.62419
5750.0 250.0 -1.59130
5850.0 250.0 -1.33371
5950.0 250.0 -0.86697
6050.0 250.0 -0.27029
6150.0 250.0 0.33777
6250.0 250.0 0.84772
6350.0 250.0 1.23176
50.0 350.0 1.29309
150.0 350.0 1.12297
250.0 350.0 0.82955
350.0 350.0 0.47172
450.0 350.0 -0.02510
550.0 350.0 -0.73138
650.0 350.0 -1.54337
750.0 350.0 -2.28882
850.0 350.0 -2.81195
950.0 350.0 -3.02642
1050.0 350.0 -2.93660
1150.0 350.0 -2.62706
1250.0 350.0 -2.22016
1350.0 350.0 -1.80003
1450.0 350.0 -1.31303
1550.0 350.0 -0.74115
1650.0 350.0 -0.19277
1750.0 350.0 0.19269
1850.0 350.0 0.31602
1950.0 350.0 0.15697
2050.0 350.0 -0.21956
2150.0 350.0 -0.68996
2250.0 350.0 -1.13086
2350.0 350.0 -1.50775
2450.0 350.0 -1.81362
2550.0 350.0 -1.94123
2650.0 350.0 -1.84047
2750.0 350.0 -1.52962
2850.0 350.0 -1.08289
2950.0 350.0 -0.61081
3050.0 350.0 -0.23376
3150.0 350.0 -0.04841
3250.0 350.0 -0.08724
3350.0 350.0 -0.27097
3450.0 350.0 -0.38854
3550.0 350.0 -0.29106
3650.0 350.0 0.00823
3750.0 350.0 0.40287
3850.0 350.0 0.75598
3950.0 350.0 0.94724
4050.0 350.0 0.90395
4150.0 350.0 0.61621
4250.0 350.0 0.13622
4350.0 350.0 -0.43838
4450.0 350.0 -1.01290
4550.0 350.0 -1.51999
4650.0 350.0 -1.88389
4750.0 350.0 -2.05239
4850.0 350.0 -2.02193
4950.0 350.0 -1.84473
5050.0 350.0 -1.61819
5150.0 350.0 -1.45629
5250.0 350.0 -1.44319
5350.0 350.0 -1.56890
5450.0 350.0 -1.71640
5550.0 350.0 -1.80945
5650.0 350.0 -1.76685
5750.0 350.0 -1.52363
5850.0 350.0 -1.06332
5950.0 350.0 -0.43011
6050.0 350.0 0.27907
6150.0 350.0 0.94261
6250.0 350.0 1.46243
6350.0 350.0 1.83222
50.0 450.0 1.45676
150.0 450.0 1.24771
250.0 450.0 0.98232
350.0 450.0 0.68570
450.0 450.0 0.22314
550.0 450.0 -0.51057
650.0 450.0 -1.41920
750.0 450.0 -2.31674
850.0 450.0 -3.01895
950.0 450.0 -3.40398
1050.0 450.0 -3.44229
1150.0 450.0 -3.19571
1250.0 450.0 -2.78568
1350.0 450.0 -2.32832
1450.0 450.0 -1.82051
1550.0 450.0 -1.26557
1650.0 450.0 -0.76710
1750.0 450.0 -0.44598
1850.0 450.0 -0.37873
1950.0 450.0 -0.56603
2050.0 450.0 -0.93138
2150.0 450.0 -1.35002
2250.0 450.0 -1.70788
2350.0 450.0 -1.98778
2450.0 450.0 -2.19507
2550.0 450.0 -2.22879
2650.0 450.0 -2.05025
2750.0 450.0 -1.68773
2850.0 450.0 -1.21885
2950.0 450.0 -0.74903
3050.0 450.0 -0.38597
3150.0 450.0 -0.21031
3250.0 450.0 -0.24224
3350.0 450.0 -0.40418
3450.0 450.0 -0.50327
3550.0 450.0 -0.40278
3650.0 450.0 -0.11873
3750.0 450.0 0.24611
3850.0 450.0 0.56257
3950.0 450.0 0.71969
4050.0 450.0 0.65352
4150.0 450.0 0.36001
4250.0 450.0 -0.10787
4350.0 450.0 -0.65902
4450.0 450.0 -1.22519
4550.0 450.0 -1.77433
4650.0 450.0 -2.23043
4750.0 450.0 -2.51709
4850.0 450.0 -2.59801
4950.0 450.0 -2.49573
5050.0 450.0 -2.28883
5150.0 450.0 -2.08732
5250.0 450.0 -1.98656
5350.0 450.0 -1.99935
5450.0 450.0 -2.02023
5550.0 450.0 -1.95520
5650.0 450.0 -1.73254
5750.0 450.0 -1.31492
5850.0 450.0 -0.71445
5950.0 450.0 0.00659
6050.0 450.0 0.74902
6150.0 450.0 1.40438
6250.0 450.0 1.89665
6350.0 450.0 2.23817
50.0 550.0 1.48743
150.0 550.0 1.24698
250.0 550.0 1.01971
350.0 550.0 0.79675
450.0 550.0 0.38965
550.0 550.0 -0.33279
650.0 550.0 -1.28143
750.0 550.0 -2.26210
850.0 550.0 -3.07096
950.0 550.0 -3.56031
1050.0 550.0 -3.67470
1150.0 550.0 -3.45750
1250.0 550.0 -3.02782
1350.0 550.0 -2.52537
1450.0 550.0 -1.99537
1550.0 550.0 -1.46872
1650.0 550.0 -1.04392
1750.0 550.0 -0.81834
1850.0 550.0 -0.83879
1950.0 550.0 -1.07945
2050.0 550.0 -1.44713
2150.0 550.0 -1.81382
2250.0 550.0 -2.07660
2350.0 550.0 -2.24163
2450.0 550.0 -2.33666
2550.0 550.0 -2.27610
2650.0 550.0 -2.03663
2750.0 550.0 -1.65534
2850.0 550.0 -1.20787
2950.0 550.0 -0.78619
3050.0 550.0 -0.47622
3150.0 550.0 -0.33506
3250.0 550.0 -0.36798
3350.0 550.0 -0.50494
3450.0 550.0 -0.58157
3550.0 550.0 -0.47552
3650.0 550.0 -0.20580
3750.0 550.0 0.12882
3850.0 550.0 0.40762
3950.0 550.0 0.52987
4050.0 550.0 0.44116
4150.0 550.0 0.14381
4250.0 550.0 -0.30841
4350.0 550.0 -0.83152
4450.0 550.0 -1.38451
4550.0 550.0 -1.96929
4650.0 550.0 -2.50685
4750.0 550.0 -2.89431
4850.0 550.0 -3.06193
4950.0 550.0 -3.00396
5050.0 550.0 -2.78334
5150.0 550.0 -2.51020
5250.0 550.0 -2.29431
5350.0 550.0 -2.17131
5450.0 550.0 -2.04937
5550.0 550.0 -1.83476
5650.0 550.0 -1.47632
5750.0 550.0 -0.96412
5850.0 550.0 -0.32888
5950.0 550.0 0.36562
6050.0 550.0 1.03741
6150.0 550.0 1.60826
6250.0 550.0 2.03278
6350.0 550.0 2.33465
50.0 650.0 1.37114
150.0 650.0 1.11027
250.0 650.0 0.92502
350.0 650.0 0.77705
450.0 650.0 0.43932
550.0 650.0 -0.23147
650.0 650.0 -1.15169
750.0 650.0 -2.12643
850.0 650.0 -2.94521
950.0 650.0 -3.44925
1050.0 650.0 -3.57028
1150.0 650.0 -3.34096
1250.0 650.0 -2.87688
1350.0 650.0 -2.32823
1450.0 650.0 -1.77765
1550.0 650.0 -1.28523
1650.0 650.0 -0.94474
1750.0 650.0 -0.82879
1850.0 650.0 -0.95236
1950.0 650.0 -1.26069
2050.0 650.0 -1.64168
2150.0 650.0 -1.96281
2250.0 650.0 -2.13239
2350.0 650.0 -2.18205
2450.0 650.0 -2.16873
2550.0 650.0 -2.02981
2650.0 650.0 -1.75913
2750.0 650.0 -1.39976
2850.0 650.0 -1.01951
2950.0 650.0 -0.68985
3050.0 650.0 -0.46823
3150.0 650.0 -0.38381
3250.0 650.0 -0.42653
3350.0 650.0 -0.53921
3450.0 650.0 -0.59259
3550.0 650.0 -0.47851
3650.0 650.0 -0.21864
3750.0 650.0 0.09190
3850.0 650.0 0.33997
3950.0 650.0 0.43407
4050.0 650.0 0.32834
4150.0 650.0 0.03078
4250.0 650.0 -0.40412
4350.0 650.0 -0.89880
4450.0 650.0 -1.43580
4550.0 650.0 -2.04456
4650.0 650.0 -2.64077
4750.0 650.0 -3.09678
4850.0 650.0 -3.31374
4950.0 650.0 -3.26319
5050.0 650.0 -2.99794
5150.0 650.0 -2.63224
5250.0 650.0 -2.29132
5350.0 650.0 -2.03025
5450.0 650.0 -1.77140
5550.0 650.0 -1.44052
5650.0 650.0 -1.01552
5750.0 650.0 -0.50912
5850.0 650.0 0.04287
5950.0 650.0 0.59322
6050.0 650.0 1.09508
6150.0 650.0 1.51375
6250.0 650.0 1.83864
6350.0 650.0 2.09515
50.0 750.0 1.13855
150.0 750.0 0.86838
250.0 750.0 0.72168
350.0 750.0 0.63851
450.0 750.0 0.37260
550.0 750.0 -0.21677
650.0 750.0 -1.04911
750.0 750.0 -1.93584
850.0 750.0 -2.67292
950.0 750.0 -3.10592
1050.0 750.0 -3.16788
1150.0 750.0 -2.88958
1250.0 750.0 -2.38258
1350.0 750.0 -1.79369
1450.0 750.0 -1.22668
1550.0 750.0 -0.76724
1650.0 750.0 -0.50533
1750.0 750.0 -0.49178
1850.0 750.0 -0.71307
1950.0 750.0 -1.08824
2050.0 750.0 -1.48772
2150.0 750.0 -1.77427
2250.0 750.0 -1.86584
2350.0 750.0 -1.81713
2450.0 750.0 -1.71572
2550.0 750.0 -1.52577
2650.0 750.0 -1.25743
2750.0 750.0 -0.95609
2850.0 750.0 -0.67725
2950.0 750.0 -0.46812
3050.0 750.0 -0.35561
3150.0 750.0 -0.34087
3250.0 750.0 -0.40043
3350.0 750.0 -0.49319
3450.0 750.0 -0.52600
3550.0 750.0 -0.40225
3650.0 750.0 -0.14552
3750.0 750.0 0.15173
3850.0 750.0 0.38183
3950.0 750.0 0.45988
4050.0 750.0 0.34612
4150.0 750.0 0.05261
4250.0 750.0 -0.36570
4350.0 750.0 -0.83586
4450.0 750.0 -1.35694
4550.0 750.0 -1.97629
4650.0 750.0 -2.60324
4750.0 750.0 -3.09049
4850.0 750.0 -3.31809
4950.0 750.0 -3.24301
5050.0 750.0 -2.91406
5150.0 750.0 -2.45230
5250.0 750.0 -1.99696
5350.0 750.0 -1.61678
5450.0 750.0 -1.24713
5550.0 750.0 -0.84792
5650.0 750.0 -0.42945
5750.0 750.0 -0.01934
5850.0 750.0 0.35465
5950.0 750.0 0.67568
6050.0 750.0 0.94298
6150.0 750.0 1.17096
6250.0 750.0 1.38233
6350.0 750.0 1.59515
50.0 850.0 0.85475
150.0 850.0 0.58331
250.0 850.0 0.46506
350.0 850.0 0.42754
450.0 850.0 0.22330
550.0 850.0 -0.27437
650.0 850.0 -0.98572
750.0 850.0 -1.73313
850.0 850.0 -2.32839
950.0 850.0 -2.63323
1050.0 850.0 -2.59310
1150.0 850.0 -2.24439
1250.0 850.0 -1.69483
1350.0 850.0 -1.07727
1450.0 850.0 -0.49939
1550.0 850.0 -0.06457
1650.0 850.0 0.13972
1750.0 850.0 0.07814
1850.0 850.0 -0.21547
1950.0 850.0 -0.64124
2050.0 850.0 -1.05686
2150.0 850.0 -1.32144
2250.0 850.0 -1.35961
2350.0 850.0 -1.24275
2450.0 850.0 -1.08463
2550.0 850.0 -0.87497
2650.0 850.0 -0.63688
2750.0 850.0 -0.41456
2850.0 850.0 -0.24949
2950.0 850.0 -0.16538
3050.0 850.0 -0.16174
3150.0 850.0 -0.21626
3250.0 850.0 -0.29587
3350.0 850.0 -0.37563
3450.0 850.0 -0.39332
3550.0 850.0 -0.25960
3650.0 850.0 0.00108
3750.0 850.0 0.29757
3850.0 850.0 0.52481
3950.0 850.0 0.60102
4050.0 850.0 0.48926
4150.0 850.0 0.20346
4250.0 850.0 -0.20126
4350.0 850.0 -0.65412
4450.0 850.0 -1.16232
4550.0 850.0 -1.78095
4650.0 850.0 -2.41343
4750.0 850.0 -2.90006
4850.0 850.0 -3.10935
4950.0 850.0 -2.99206
5050.0 850.0 -2.59802
5150.0 850.0 -2.05573
5250.0 850.0 -1.51479
5350.0 850.0 -1.05102
5450.0 850.0 -0.61014
5550.0 850.0 -0.19194
5650.0 850.0 0.16387
5750.0 850.0 0.42341
5850.0 850.0 0.57585
5950.0 850.0 0.64036
6050.0 850.0 0.66294
6150.0 850.0 0.70295
6250.0 850.0 0.80948
6350.0 850.0 0.98747
50.0 950.0 0.59227
150.0 950.0 0.32280
250.0 950.0 0.21932
350.0 950.0 0.20478
450.0 950.0 0.04302
550.0 950.0 -0.37316
650.0 950.0 -0.96283
750.0 950.0 -1.56060
850.0 950.0 -1.99788
950.0 950.0 -2.15789
1050.0 950.0 -2.00422
1150.0 950.0 -1.58314
1250.0 950.0 -0.99947
1350.0 950.0 -0.36709
1450.0 950.0 0.21619
1550.0 950.0 0.63917
1650.0 950.0 0.81566
1750.0 950.0 0.71782
1850.0 950.0 0.38939
1950.0 950.0 -0.06061
2050.0 950.0 -0.48371
2150.0 950.0 -0.73727
2250.0 950.0 -0.74921
2350.0 950.0 -0.59909
2450.0 950.0 -0.41806
2550.0 950.0 -0.21590
2650.0 950.0 -0.02382
2750.0 950.0 0.11756
2850.0 950.0 0.17964
2950.0 950.0 0.15750
3050.0 950.0 0.07171
3150.0 950.0 -0.03951
3250.0 950.0 -0.13804
3350.0 950.0 -0.21233
3450.0 950.0 -0.22157
3550.0 950.0 -0.07890
3650.0 950.0 0.19141
3750.0 950.0 0.49817
3850.0 950.0 0.73608
3950.0 950.0 0.82305
4050.0 950.0 0.72178
4150.0 950.0 0.44591
4250.0 950.0 0.05045
4350.0 950.0 -0.39363
4450.0 950.0 -0.89393
4550.0 950.0 -1.50525
4650.0 950.0 -2.12678
4750.0 950.0 -2.59388
4850.0 950.0 -2.77203
4950.0 950.0 -2.61236
5050.0 950.0 -2.16846
5150.0 950.0 -1.57482
5250.0 950.0 -0.98665
5350.0 950.0 -0.48118
5450.0 950.0 -0.01119
5550.0 950.0 0.38762
5650.0 950.0 0.65417
5750.0 950.0 0.75561
5850.0 950.0 0.70084
5950.0 950.0 0.54171
6050.0 950.0 0.36196
6150.0 950.0 0.25393
6250.0 950.0 0.28290
6350.0 950.0 0.43930
50.0 1050.0 0.38741
150.0 1050.0 0.11927
250.0 1050.0 0.01905
350.0 1050.0 0.00988
450.0 1050.0 -0.12790
550.0 1050.0 -0.48172
650.0 1050.0 -0.96849
750.0 1050.0 -1.43386
850.0 1050.0 -1.72812
950.0 1050.0 -1.75588
1050.0 1050.0 -1.49952
1150.0 1050.0 -1.01626
1250.0 1050.0 -0.40906
1350.0 1050.0 0.22730
1450.0 1050.0 0.81225
1550.0 1050.0 1.23481
1650.0 1050.0 1.40914
1750.0 1050.0 1.30858
1850.0 1050.0 0.97820
1950.0 1050.0 0.52805
2050.0 1050.0 0.10716
2150.0 1050.0 -0.14192
2250.0 1050.0 -0.14776
2350.0 1050.0 0.00897
2450.0 1050.0 0.18830
2550.0 1050.0 0.36675
2650.0 1050.0 0.50920
2750.0 1050.0 0.57964
2850.0 1050.0 0.55985
2950.0 1050.0 0.45806
3050.0 1050.0 0.30758
3150.0 1050.0 0.15549
3250.0 1050.0 0.04138
3350.0 1050.0 -0.03298
3450.0 1050.0 -0.03908
3550.0 1050.0 0.11109
3650.0 1050.0 0.39409
3750.0 1050.0 0.71776
3850.0 1050.0 0.97469
3950.0 1050.0 1.08011
4050.0 1050.0 0.99423
4150.0 1050.0 0.72895
4250.0 1050.0 0.33898
4350.0 1050.0 -0.10289
4450.0 1050.0 -0.59988
4550.0 1050.0 -1.20216
4650.0 1050.0 -1.80665
4750.0 1050.0 -2.24890
4850.0 1050.0 -2.39669
4950.0 1050.0 -2.20489
5050.0 1050.0 -1.73143
5150.0 1050.0 -1.11453
5250.0 1050.0 -0.51111
5350.0 1050.0 0.00355
5450.0 1050.0 0.47231
5550.0 1050.0 0.83193
5650.0 1050.0 1.00848
5750.0 1050.0 0.97437
5850.0 1050.0 0.75655
5950.0 1050.0 0.43191
6050.0 1050.0 0.11006
6150.0 1050.0 -0.09659
6250.0 1050.0 -0.11544
6350.0 1050.0 0.03105
50.0 1150.0 0.19135
150.0 1150.0 -0.07613
250.0 1150.0 -0.17568
350.0 1150.0 -0.18327
450.0 1150.0 -0.30024
550.0 1150.0 -0.59357
650.0 1150.0 -0.97823
750.0 1150.0 -1.31149
850.0 1150.0 -1.46326
950.0 1150.0 -1.36023
1050.0 1150.0 -1.00392
1150.0 1150.0 -0.46258
1250.0 1150.0 0.16302
1350.0 1150.0 0.79780
1450.0 1150.0 1.37967
1550.0 1150.0 1.79900
1650.0 1150.0 1.97069
1750.0 1150.0 1.86884
1850.0 1150.0 1.53897
1950.0 1150.0 1.09103
2050.0 1150.0 0.67344
2150.0 1150.0 0.42783
2250.0 1150.0 0.42487
2350.0 1150.0 0.58366
2450.0 1150.0 0.75670
2550.0 1150.0 0.90757
2650.0 1150.0 0.99830
2750.0 1150.0 0.99838
2850.0 1150.0 0.90015
2950.0 1150.0 0.72434
3050.0 1150.0 0.51567
3150.0 1150.0 0.32855
3250.0 1150.0 0.20284
3350.0 1150.0 0.13085
3450.0 1150.0 0.13085
3550.0 1150.0 0.29321
3650.0 1150.0 0.59495
3750.0 1150.0 0.94176
3850.0 1150.0 1.22282
3950.0 1150.0 1.34980
4050.0 1150.0 1.28008
4150.0 1150.0 1.02414
4250.0 1150.0 0.63716
4350.0 1150.0 0.19460
4450.0 1150.0 -0.30049
4550.0 1150.0 -0.89078
4650.0 1150.0 -1.47154
4750.0 1150.0 -1.88125
4850.0 1150.0 -1.99318
4950.0 1150.0 -1.76841
5050.0 1150.0 -1.27026
5150.0 1150.0 -0.64020
5250.0 1150.0 -0.03514
5350.0 1150.0 0.47375
5450.0 1150.0 0.92666
5550.0 1150.0 1.23568
5650.0 1150.0 1.31753
5750.0 1150.0 1.15232
5850.0 1150.0 0.78518
5950.0 1150.0 0.31561
6050.0 1150.0 -0.12543
6150.0 1150.0 -0.41078
6250.0 1150.0 -0.46457
6350.0 1150.0 -0.32205
50.0 1250.0 -0.05629
150.0 1250.0 -0.32201
250.0 1250.0 -0.41782
350.0 1250.0 -0.42017
450.0 1250.0 -0.50621
550.0 1250.0 -0.71743
650.0 1250.0 -0.96909
750.0 1250.0 -1.13625
850.0 1250.0 -1.11538
950.0 1250.0 -0.86091
1050.0 1250.0 -0.39647
1150.0 1250.0 0.19900
1250.0 1250.0 0.83032
1350.0 1250.0 1.44719
1450.0 1250.0 2.00393
1550.0 1250.0 2.38784
1650.0 1250.0 2.51778
1750.0 1250.0 2.37563
1850.0 1250.0 2.01441
1950.0 1250.0 1.54877
2050.0 1250.0 1.12777
2150.0 1250.0 0.88991
2250.0 1250.0 0.90048
2350.0 1250.0 1.07375
2450.0 1250.0 1.24890
2550.0 1250.0 1.37081
2650.0 1250.0 1.39876
2750.0 1250.0 1.31155
2850.0 1250.0 1.11765
2950.0 1250.0 0.85572
3050.0 1250.0 0.58588
3150.0 1250.0 0.37142
3250.0 1250.0 0.25115
3350.0 1250.0 0.20352
3450.0 1250.0 0.23419
3550.0 1250.0 0.43720
3650.0 1250.0 0.78658
3750.0 1250.0 1.18058
3850.0 1250.0 1.50070
3950.0 1250.0 1.65347
4050.0 1250.0 1.59512
4150.0 1250.0 1.33892
4250.0 1250.0 0.94533
4350.0 1250.0 0.49471
4450.0 1250.0 0.00045
4550.0 1250.0 -0.56160
4650.0 1250.0 -1.08542
4750.0 1250.0 -1.42110
4850.0 1250.0 -1.45886
4950.0 1250.0 -1.17615
5050.0 1250.0 -0.64788
5150.0 1250.0 -0.01965
5250.0 1250.0 0.55589
5350.0 1250.0 1.01955
5450.0 1250.0 1.41485
5550.0 1250.0 1.63017
5650.0 1250.0 1.57978
5750.0 1250.0 1.26005
5850.0 1250.0 0.73987
5950.0 1250.0 0.14124
6050.0 1250.0 -0.38958
6150.0 1250.0 -0.72075
6250.0 1250.0 -0.78309
6350.0 1250.0 -0.62794
50.0 1350.0 -0.33486
150.0 1350.0 -0.59402
250.0 1350.0 -0.68062
350.0 1350.0 -0.67256
450.0 1350.0 -0.71737
550.0 1350.0 -0.82811
650.0 1350.0 -0.92419
750.0 1350.0 -0.90489
850.0 1350.0 -0.69923
950.0 1350.0 -0.29269
1050.0 1350.0 0.26900
1150.0 1350.0 0.89929
1250.0 1350.0 1.51311
1350.0 1350.0 2.08806
1450.0 1350.0 2.58909
1550.0 1350.0 2.89553
1650.0 1350.0 2.93535
1750.0 1350.0 2.70743
1850.0 1350.0 2.28098
1950.0 1350.0 1.78039
2050.0 1350.0 1.35549
2150.0 1350.0 1.13728
2250.0 1350.0 1.17904
2350.0 1350.0 1.38506
2450.0 1350.0 1.57583
2550.0 1350.0 1.67135
2650.0 1350.0 1.62862
2750.0 1350.0 1.44066
2850.0 1350.0 1.13848
2950.0 1350.0 0.78472
3050.0 1350.0 0.45890
3150.0 1350.0 0.23434
3250.0 1350.0 0.14670
3350.0 1350.0 0.15567
3450.0 1350.0 0.25184
3550.0 1350.0 0.53315
3650.0 1350.0 0.96518
3750.0 1350.0 1.43163
3850.0 1350.0 1.80141
3950.0 1350.0 1.97539
4050.0 1350.0 1.91271
4150.0 1350.0 1.63663
4250.0 1350.0 1.22005
4350.0 1350.0 0.75036
4450.0 1350.0 0.25461
4550.0 1350.0 -0.25876
4650.0 1350.0 -0.68367
4750.0 1350.0 -0.89390
4850.0 1350.0 -0.81205
4950.0 1350.0 -0.44516
5050.0 1350.0 0.11280
5150.0 1350.0 0.71182
5250.0 1350.0 1.20995
5350.0 1350.0 1.57061
5450.0 1350.0 1.84898
5550.0 1350.0 1.91538
5650.0 1350.0 1.69336
5750.0 1350.0 1.20707
5850.0 1350.0 0.55419
5950.0 1350.0 -0.12478
6050.0 1350.0 -0.68102
6150.0 1350.0 -0.99554
6250.0 1350.0 -1.02114
6350.0 1350.0 -0.82803
50.0 1450.0 -0.58229
150.0 1450.0 -0.82624
250.0 1450.0 -0.89722
350.0 1450.0 -0.87425
450.0 1450.0 -0.87430
550.0 1450.0 -0.88539
650.0 1450.0 -0.83531
750.0 1450.0 -0.65022
850.0 1450.0 -0.29135
950.0 1450.0 0.22821
1050.0 1450.0 0.84651
1150.0 1450.0 1.47560
1250.0 1450.0 2.04422
1350.0 1450.0 2.55494
1450.0 1450.0 2.97423
1550.0 1450.0 3.17120
1650.0 1450.0 3.08803
1750.0 1450.0 2.74792
1850.0 1450.0 2.24202
1950.0 1450.0 1.70650
2050.0 1450.0 1.28973
2150.0 1450.0 1.10976
2250.0 1450.0 1.20178
2350.0 1450.0 1.45755
2450.0 1450.0 1.67806
2550.0 1450.0 1.75562
2650.0 1450.0 1.64609
2750.0 1450.0 1.36005
2850.0 1450.0 0.95487
2950.0 1450.0 0.52006
3050.0 1450.0 0.15586
3150.0 1450.0 -0.05490
3250.0 1450.0 -0.08172
3350.0 1450.0 0.01372
3450.0 1450.0 0.20603
3550.0 1450.0 0.59512
3650.0 1450.0 1.13238
3750.0 1450.0 1.68126
3850.0 1450.0 2.09550
3950.0 1450.0 2.27206
4050.0 1450.0 2.17886
4150.0 1450.0 1.85730
4250.0 1450.0 1.39947
4350.0 1450.0 0.90023
4450.0 1450.0 0.39987
4550.0 1450.0 -0.05046
4650.0 1450.0 -0.34653
4750.0 1450.0 -0.39624
4850.0 1450.0 -0.16702
4950.0 1450.0 0.29446
5050.0 1450.0 0.87040
5150.0 1450.0 1.40761
5250.0 1450.0 1.78111
5350.0 1450.0 1.98530
5450.0 1450.0 2.09439
5550.0 1450.0 1.97129
5650.0 1450.0 1.56216
5750.0 1450.0 0.92794
5850.0 1450.0 0.19577
5950.0 1450.0 -0.48439
6050.0 1450.0 -0.97800
6150.0 1450.0 -1.19888
6250.0 1450.0 -1.13701
6350.0 1450.0 -0.88109
50.0 1550.0 -0.73670
150.0 1550.0 -0.95482
250.0 1550.0 -1.00451
350.0 1550.0 -0.96415
450.0 1550.0 -0.92464
550.0 1550.0 -0.85853
650.0 1550.0 -0.70550
750.0 1550.0 -0.41612
850.0 1550.0 0.02346
950.0 1550.0 0.58286
1050.0 1550.0 1.19466
1150.0 1550.0 1.77768
1250.0 1550.0 2.27611
1350.0 1550.0 2.70848
1450.0 1550.0 3.03251
1550.0 1550.0 3.10843
1650.0 1550.0 2.89632
1750.0 1550.0 2.44673
1850.0 1550.0 1.87356
1950.0 1550.0 1.32277
2050.0 1550.0 0.93704
2150.0 1550.0 0.81623
2250.0 1550.0 0.97382
2350.0 1550.0 1.29013
2450.0 1550.0 1.55118
2550.0 1550.0 1.62356
2650.0 1550.0 1.46339
2750.0 1550.0 1.09957
2850.0 1550.0 0.61551
2950.0 1550.0 0.12620
3050.0 1550.0 -0.24958
3150.0 1550.0 -0.42178
3250.0 1550.0 -0.36641
3350.0 1550.0 -0.16574
3450.0 1550.0 0.13994
3550.0 1550.0 0.64868
3650.0 1550.0 1.29322
3750.0 1550.0 1.91435
3850.0 1550.0 2.35129
3950.0 1550.0 2.50103
4050.0 1550.0 2.34660
4150.0 1550.0 1.95435
4250.0 1550.0 1.44006
4350.0 1550.0 0.90429
4450.0 1550.0 0.39618
4550.0 1550.0 0.01231
4650.0 1550.0 -0.14715
4750.0 1550.0 -0.02975
4850.0 1550.0 0.34662
4950.0 1550.0 0.89220
5050.0 1550.0 1.46489
5150.0 1550.0 1.91095
5250.0 1550.0 2.12661
5350.0 1550.0 2.14081
5450.0 1550.0 2.05091
5550.0 1550.0 1.72590
5650.0 1550.0 1.14571
5750.0 1550.0 0.41187
5850.0 1550.0 -0.32361
5950.0 1550.0 -0.91344
6050.0 1550.0 -1.25421
6150.0 1550.0 -1.30961
6250.0 1550.0 -1.11760
6350.0 1550.0 -0.78163
50.0 1650.0 -0.76320
150.0 1650.0 -0.94582
250.0 1650.0 -0.97082
350.0 1650.0 -0.91323
450.0 1650.0 -0.84643
550.0 1650.0 -0.74047
650.0 1650.0 -0.54881
750.0 1650.0 -0.23967
850.0 1650.0 0.18804
950.0 1650.0 0.70073
1050.0 1650.0 1.23824
1150.0 1650.0 1.73388
1250.0 1650.0 2.14653
1350.0 1650.0 2.49823
1450.0 1650.0 2.72935
1550.0 1650.0 2.69562
1650.0 1650.0 2.37639
1750.0 1650.0 1.84760
1850.0 1650.0 1.24166
1950.0 1650.0 0.70904
2050.0 1650.0 0.38157
2150.0 1650.0 0.33749
2250.0 1650.0 0.56813
2350.0 1650.0 0.94680
2450.0 1650.0 1.25309
2550.0 1650.0 1.33378
2650.0 1650.0 1.14670
2750.0 1650.0 0.73703
2850.0 1650.0 0.21000
2950.0 1650.0 -0.29917
3050.0 1650.0 -0.65809
3150.0 1650.0 -0.77284
3250.0 1650.0 -0.62635
3350.0 1650.0 -0.31756
3450.0 1650.0 0.10105
3550.0 1650.0 0.72097
3650.0 1650.0 1.45436
3750.0 1650.0 2.12069
3850.0 1650.0 2.54838
3950.0 1650.0 2.63943
4050.0 1650.0 2.39699
4150.0 1650.0 1.91605
4250.0 1650.0 1.33713
4350.0 1650.0 0.76321
4450.0 1650.0 0.24502
4550.0 1650.0 -0.08056
4650.0 1650.0 -0.11925
4750.0 1650.0 0.14239
4850.0 1650.0 0.63860
4950.0 1650.0 1.24025
5050.0 1650.0 1.78499
5150.0 1650.0 2.12165
5250.0 1650.0 2.16890
5350.0 1650.0 1.98810
5450.0 1650.0 1.69957
5550.0 1650.0 1.19093
5650.0 1650.0 0.48203
5750.0 1650.0 -0.28737
5850.0 1650.0 -0.94886
5950.0 1650.0 -1.36963
6050.0 1650.0 -1.48973
6150.0 1650.0 -1.33231
6250.0 1650.0 -0.98691
6350.0 1650.0 -0.56564
50.0 1750.0 -0.66581
150.0 1750.0 -0.80715
250.0 1750.0 -0.80733
350.0 1750.0 -0.73524
450.0 1750.0 -0.65672
550.0 1750.0 -0.55179
650.0 1750.0 -0.38732
750.0 1750.0 -0.14020
850.0 1750.0 0.19109
950.0 1750.0 0.58344
1050.0 1750.0 0.99468
1150.0 1750.0 1.37767
1250.0 1750.0 1.70296
1350.0 1750.0 1.98409
1450.0 1750.0 2.13962
1550.0 1750.0 2.02700
1650.0 1750.0 1.64342
1750.0 1750.0 1.08389
1850.0 1750.0 0.49142
1950.0 1750.0 0.01394
2050.0 1750.0 -0.23193
2150.0 1750.0 -0.19040
2250.0 1750.0 0.11077
2350.0 1750.0 0.54417
2450.0 1750.0 0.89290
2550.0 1750.0 0.99205
2650.0 1750.0 0.80211
2750.0 1750.0 0.38041
2850.0 1750.0 -0.15285
2950.0 1750.0 -0.64966
3050.0 1750.0 -0.97023
3150.0 1750.0 -1.02017
3250.0 1750.0 -0.78864
3350.0 1750.0 -0.38548
3450.0 1750.0 0.12820
3550.0 1750.0 0.83324
3650.0 1750.0 1.62228
3750.0 1750.0 2.29823
3850.0 1750.0 2.68430
3950.0 1750.0 2.69195
4050.0 1750.0 2.34666
4150.0 1750.0 1.77166
4250.0 1750.0 1.12940
4350.0 1750.0 0.52149
4450.0 1750.0 -0.00759
4550.0 1750.0 -0.29204
4650.0 1750.0 -0.24447
4750.0 1750.0 0.11622
4850.0 1750.0 0.68632
4950.0 1750.0 1.30715
5050.0 1750.0 1.80323
5150.0 1750.0 2.02879
5250.0 1750.0 1.92270
5350.0 1750.0 1.57165
5450.0 1750.0 1.11457
5550.0 1750.0 0.46550
5650.0 1750.0 -0.31647
5750.0 1750.0 -1.06112
5850.0 1750.0 -1.59335
5950.0 1750.0 -1.80282
6050.0 1750.0 -1.67707
6150.0 1750.0 -1.29809
6250.0 1750.0 -0.80231
6350.0 1750.0 -0.30406
50.0 1850.0 -0.48465
150.0 1850.0 -0.58463
250.0 1850.0 -0.56329
350.0 1850.0 -0.48128
450.0 1850.0 -0.40552
550.0 1850.0 -0.33427
650.0 1850.0 -0.24528
750.0 1850.0 -0.11544
850.0 1850.0 0.06776
950.0 1850.0 0.30089
1050.0 1850.0 0.56536
1150.0 1850.0 0.83432
1250.0 1850.0 1.08571
1350.0 1850.0 1.31626
1450.0 1850.0 1.42406
1550.0 1850.0 1.27444
1650.0 1850.0 0.87857
1750.0 1850.0 0.34157
1850.0 1850.0 -0.19247
1950.0 1850.0 -0.58488
2050.0 1850.0 -0.73666
2150.0 1850.0 -0.61218
2250.0 1850.0 -0.25263
2350.0 1850.0 0.22029
2450.0 1850.0 0.60169
2550.0 1850.0 0.72306
2650.0 1850.0 0.54768
2750.0 1850.0 0.13990
2850.0 1850.0 -0.37266
2950.0 1850.0 -0.83675
3050.0 1850.0 -1.11092
3150.0 1850.0 -1.10278
3250.0 1850.0 -0.80609
3350.0 1850.0 -0.33555
3450.0 1850.0 0.24251
3550.0 1850.0 0.99590
3650.0 1850.0 1.80175
3750.0 1850.0 2.45321
3850.0 1850.0 2.77421
3950.0 1850.0 2.68835
4050.0 1850.0 2.24212
4150.0 1850.0 1.58227
4250.0 1850.0 0.88743
4350.0 1850.0 0.25446
4450.0 1850.0 -0.28454
4550.0 1850.0 -0.54936
4650.0 1850.0 -0.45934
4750.0 1850.0 -0.05481
4850.0 1850.0 0.53726
4950.0 1850.0 1.14188
5050.0 1850.0 1.57873
5150.0 1850.0 1.70910
5250.0 1850.0 1.48695
5350.0 1850.0 1.01406
5450.0 1850.0 0.44058
5550.0 1850.0 -0.29243
5650.0 1850.0 -1.09420
5750.0 1850.0 -1.77516
5850.0 1850.0 -2.16172
5950.0 1850.0 -2.16771
6050.0 1850.0 -1.82247
6150.0 1850.0 -1.25571
6250.0 1850.0 -0.63893
6350.0 1850.0 -0.08359
50.0 1950.0 -0.27826
150.0 1950.0 -0.34216
250.0 1950.0 -0.30497
350.0 1950.0 -0.21826
450.0 1950.0 -0.15508
550.0 1950.0 -0.13429
650.0 1950.0 -0.14056
750.0 1950.0 -0.14457
850.0 1950.0 -0.11741
950.0 1950.0 -0.04011
1050.0 1950.0 0.09171
1150.0 1950.0 0.26805
1250.0 1950.0 0.46967
1350.0 1950.0 0.67395
1450.0 1950.0 0.76475
1550.0 1950.0 0.61997
1650.0 1950.0 0.25959
1750.0 1950.0 -0.21046
1850.0 1950.0 -0.65350
1950.0 1950.0 -0.94502
2050.0 1950.0 -1.00348
2150.0 1950.0 -0.80887
2250.0 1950.0 -0.40911
2350.0 1950.0 0.08484
2450.0 1950.0 0.48509
2550.0 1950.0 0.62546
2650.0 1950.0 0.47147
2750.0 1950.0 0.08972
2850.0 1950.0 -0.39110
2950.0 1950.0 -0.81832
3050.0 1950.0 -1.05264
3150.0 1950.0 -1.00468
3250.0 1950.0 -0.67067
3350.0 1950.0 -0.16538
3450.0 1950.0 0.44196
3550.0 1950.0 1.20612
3650.0 1950.0 1.99434
3750.0 1950.0 2.59712
3850.0 1950.0 2.84382
3950.0 1950.0 2.67055
4050.0 1950.0 2.14046
4150.0 1950.0 1.41638
4250.0 1950.0 0.68585
4350.0 1950.0 0.03900
4450.0 1950.0 -0.50747
4550.0 1950.0 -0.77288
4650.0 1950.0 -0.68199
4750.0 1950.0 -0.28441
4850.0 1950.0 0.28509
4950.0 1950.0 0.84834
5050.0 1950.0 1.22758
5150.0 1950.0 1.29122
5250.0 1950.0 1.00175
5350.0 1950.0 0.46553
5450.0 1950.0 -0.16460
5550.0 1950.0 -0.92670
5650.0 1950.0 -1.71054
5750.0 1950.0 -2.31864
5850.0 1950.0 -2.58366
5950.0 1950.0 -2.43893
6050.0 1950.0 -1.94225
6150.0 1950.0 -1.25290
6250.0 1950.0 -0.56185
6350.0 1950.0 0.02478
50.0 2050.0 -0.09112
150.0 2050.0 -0.12601
250.0 2050.0 -0.07847
350.0 2050.0 0.00893
450.0 2050.0 0.05556
550.0 2050.0 0.02415
650.0 2050.0 -0.07326
750.0 2050.0 -0.19834
850.0 2050.0 -0.30522
950.0 2050.0 -0.35470
1050.0 2050.0 -0.32380
1150.0 2050.0 -0.21072
1250.0 2050.0 -0.03521
1350.0 2050.0 0.16257
1450.0 2050.0 0.25972
1550.0 2050.0 0.14910
1650.0 2050.0 -0.14502
1750.0 2050.0 -0.52255
1850.0 2050.0 -0.85961
1950.0 2050.0 -1.04803
2050.0 2050.0 -1.02208
2150.0 2050.0 -0.77274
2250.0 2050.0 -0.34926
2350.0 2050.0 0.15066
2450.0 2050.0 0.55747
2550.0 2050.0 0.71022
2650.0 2050.0 0.57576
2750.0 2050.0 0.21978
2850.0 2050.0 -0.23161
2950.0 2050.0 -0.62927
3050.0 2050.0 -0.83755
3150.0 2050.0 -0.76982
3250.0 2050.0 -0.42304
3350.0 2050.0 0.09054
3450.0 2050.0 0.69982
3550.0 2050.0 1.44789
3650.0 2050.0 2.19712
3750.0 2050.0 2.74051
3850.0 2050.0 2.91544
3950.0 2050.0 2.66925
4050.0 2050.0 2.07685
4150.0 2050.0 1.31019
4250.0 2050.0 0.55969
4350.0 2050.0 -0.09178
4450.0 2050.0 -0.64310
4550.0 2050.0 -0.92246
4650.0 2050.0 -0.85845
4750.0 2050.0 -0.50062
4850.0 2050.0 0.01974
4950.0 2050.0 0.53047
5050.0 2050.0 0.86087
5150.0 2050.0 0.88563
5250.0 2050.0 0.57026
5350.0 2050.0 0.01806
5450.0 2050.0 -0.62197
5550.0 2050.0 -1.37578
5650.0 2050.0 -2.12504
5750.0 2050.0 -2.67264
5850.0 2050.0 -2.85859
5950.0 2050.0 -2.62850
6050.0 2050.0 -2.05437
6150.0 2050.0 -1.30794
6250.0 2050.0 -0.58633
6350.0 2050.0 0.00979
50.0 2150.0 0.08320
150.0 2150.0 0.07515
250.0 2150.0 0.13111
350.0 2150.0 0.21753
450.0 2150.0 0.24570
550.0 2150.0 0.16052
650.0 2150.0 -0.02779
750.0 2150.0 -0.27058
850.0 2150.0 -0.50458
950.0 2150.0 -0.67092
1050.0 2150.0 -0.72951
1150.0 2150.0 -0.66864
1250.0 2150.0 -0.50995
1350.0 2150.0 -0.31070
1450.0 2150.0 -0.19708
1550.0 2150.0 -0.25976
1650.0 2150.0 -0.47205
1750.0 2150.0 -0.74296
1850.0 2150.0 -0.96440
1950.0 2150.0 -1.04605
2050.0 2150.0 -0.93783
2150.0 2150.0 -0.63991
2250.0 2150.0 -0.20044
2350.0 2150.0 0.29779
2450.0 2150.0 0.70484
2550.0 2150.0 0.86671
2650.0 2150.0 0.75156
2750.0 2150.0 0.42296
2850.0 2150.0 0.00273
2950.0 2150.0 -0.36526
3050.0 2150.0 -0.55024
3150.0 2150.0 -0.46885
3250.0 2150.0 -0.11832
3350.0 2150.0 0.39296
3450.0 2150.0 0.99278
3550.0 2150.0 1.71261
3650.0 2150.0 2.41187
3750.0 2150.0 2.88847
3850.0 2150.0 2.98936
3950.0 2150.0 2.67322
4050.0 2150.0 2.02515
4150.0 2150.0 1.22364
4250.0 2150.0 0.45955
4350.0 2150.0 -0.19220
4450.0 2150.0 -0.74608
4550.0 2150.0 -1.04207
4650.0 2150.0 -1.01210
4750.0 2150.0 -0.70278
4850.0 2150.0 -0.23839
4950.0 2150.0 0.21775
5050.0 2150.0 0.50343
5150.0 2150.0 0.49933
5250.0 2150.0 0.17231
5350.0 2150.0 -0.37977
5450.0 2150.0 -1.01371
5550.0 2150.0 -1.74588
5650.0 2150.0 -2.45375
5750.0 2150.0 -2.94359
5850.0 2150.0 -3.06351
5950.0 2150.0 -2.76925
6050.0 2150.0 -2.14239
6150.0 2150.0 -1.36132
6250.0 2150.0 -0.62469
6350.0 2150.0 -0.02745
50.0 2250.0 0.25051
150.0 2250.0 0.27095
250.0 2250.0 0.33370
350.0 2250.0 0.41556
450.0 2250.0 0.41604
550.0 2250.0 0.25808
650.0 2250.0 -0.04767
750.0 2250.0 -0.43680
850.0 2250.0 -0.82252
950.0 2250.0 -1.12159
1050.0 2250.0 -1.27458
1150.0 2250.0 -1.26056
1250.0 2250.0 -1.10622
1350.0 2250.0 -0.89003
1450.0 2250.0 -0.73643
1550.0 2250.0 -0.71280
1650.0 2250.0 -0.79434
1750.0 2250.0 -0.90879
1850.0 2250.0 -0.97393
1950.0 2250.0 -0.92441
2050.0 2250.0 -0.72810
2150.0 2250.0 -0.39179
2250.0 2250.0 0.04361
2350.0 2250.0 0.51703
2450.0 2250.0 0.90602
2550.0 2250.0 1.07183
2650.0 2250.0 0.98617
2750.0 2250.0 0.70766
2850.0 2250.0 0.34754
2950.0 2250.0 0.03664
3050.0 2250.0 -0.10667
3150.0 2250.0 -0.00745
3250.0 2250.0 0.33602
3350.0 2250.0 0.82501
3450.0 2250.0 1.39089
3550.0 2250.0 2.05028
3650.0 2250.0 2.66272
3750.0 2250.0 3.03768
3850.0 2250.0 3.03814
3950.0 2250.0 2.63788
4050.0 2250.0 1.93238
4150.0 2250.0 1.10340
4250.0 2250.0 0.33714
4350.0 2250.0 -0.30329
4450.0 2250.0 -0.84974
4550.0 2250.0 -1.15683
4650.0 2250.0 -1.16031
4750.0 2250.0 -0.90230
4850.0 2250.0 -0.49751
4950.0 2250.0 -0.09768
5050.0 2250.0 0.14563
5150.0 2250.0 0.12018
5250.0 2250.0 -0.20617
5350.0 2250.0 -0.74286
5450.0 2250.0 -1.35294
5550.0 2250.0 -2.03945
5650.0 2250.0 -2.67755
5750.0 2250.0 -3.08237
5850.0 2250.0 -3.11580
5950.0 2250.0 -2.74729
6050.0 2250.0 -2.06847
6150.0 2250.0 -1.26178
6250.0 2250.0 -0.52297
6350.0 2250.0 0.06238
50.0 2350.0 0.38499
150.0 2350.0 0.43231
250.0 2350.0 0.49800
350.0 2350.0 0.56985
450.0 2350.0 0.53198
550.0 2350.0 0.28267
650.0 2350.0 -0.16314
750.0 2350.0 -0.71875
850.0 2350.0 -1.26800
950.0 2350.0 -1.69999
1050.0 2350.0 -1.93610
1150.0 2350.0 -1.94934
1250.0 2350.0 -1.77604
1350.0 2350.0 -1.51886
1450.0 2350.0 -1.29254
1550.0 2350.0 -1.13526
1650.0 2350.0 -1.03150
1750.0 2350.0 -0.94053
1850.0 2350.0 -0.81753
1950.0 2350.0 -0.62835
2050.0 2350.0 -0.35812
2150.0 2350.0 -0.01347
2250.0 2350.0 0.38142
2350.0 2350.0 0.79372
2450.0 2350.0 1.13543
2550.0 2350.0 1.29414
2650.0 2350.0 1.24833
2750.0 2350.0 1.04771
2850.0 2350.0 0.78440
2950.0 2350.0 0.56527
3050.0 2350.0 0.48585
3150.0 2350.0 0.60540
3250.0 2350.0 0.92347
3350.0 2350.0 1.35906
3450.0 2350.0 1.85494
3550.0 2350.0 2.41130
3650.0 2350.0 2.89369
3750.0 2350.0 3.13217
3850.0 2350.0 3.01304
3950.0 2350.0 2.52778
4050.0 2350.0 1.77930
4150.0 2350.0 0.94538
4250.0 2350.0 0.19940
4350.0 2350.0 -0.41116
4450.0 2350.0 -0.93432
4550.0 2350.0 -1.24242
4650.0 2350.0 -1.27555
4750.0 2350.0 -1.06913
4850.0 2350.0 -0.72485
4950.0 2350.0 -0.37942
5050.0 2350.0 -0.17108
5150.0 2350.0 -0.20380
5250.0 2350.0 -0.50928
5350.0 2350.0 -1.00677
5450.0 2350.0 -1.56646
5550.0 2350.0 -2.17489
5650.0 2350.0 -2.70897
5750.0 2350.0 -3.00054
5850.0 2350.0 -2.93215
5950.0 2350.0 -2.49007
6050.0 2350.0 -1.77416
6150.0 2350.0 -0.96507
6250.0 2350.0 -0.24837
6350.0 2350.0 0.30419
50.0 2450.0 0.45793
150.0 2450.0 0.52483
250.0 2450.0 0.58793
350.0 2450.0 0.64481
450.0 2450.0 0.56360
550.0 2450.0 0.22050
650.0 2450.0 -0.36095
750.0 2450.0 -1.06843
850.0 2450.0 -1.75577
950.0 2450.0 -2.28694
1050.0 2450.0 -2.56923
1150.0 2450.0 -2.57553
1250.0 2450.0 -2.35575
1350.0 2450.0 -2.03467
1450.0 2450.0 -1.70989
1550.0 2450.0 -1.39097
1650.0 2450.0 -1.07987
1750.0 2450.0 -0.77644
1850.0 2450.0 -0.47850
1950.0 2450.0 -0.18235
2050.0 2450.0 0.11634
2150.0 2450.0 0.42124
2250.0 2450.0 0.73377
2350.0 2450.0 1.05000
2450.0 2450.0 1.31560
2550.0 2450.0 1.45264
2650.0 2450.0 1.44887
2750.0 2450.0 1.34221
2850.0 2450.0 1.19889
2950.0 2450.0 1.09340
3050.0 2450.0 1.09011
3150.0 2450.0 1.22682
3250.0 2450.0 1.49996
3350.0 2450.0 1.85251
3450.0 2450.0 2.24689
3550.0 2450.0 2.67018
3650.0 2450.0 3.00091
3750.0 2450.0 3.09660
3850.0 2450.0 2.87000
3950.0 2450.0 2.32813
4050.0 2450.0 1.57413
4150.0 2450.0 0.77200
4250.0 2450.0 0.07404
4350.0 2450.0 -0.48831
4450.0 2450.0 -0.97272
4550.0 2450.0 -1.27027
4650.0 2450.0 -1.32548
4750.0 2450.0 -1.16531
4850.0 2450.0 -0.87597
4950.0 2450.0 -0.57681
5050.0 2450.0 -0.39120
5150.0 2450.0 -0.41438
5250.0 2450.0 -0.67837
5350.0 2450.0 -1.11391
5450.0 2450.0 -1.59943
5550.0 2450.0 -2.10578
5650.0 2450.0 -2.51704
5750.0 2450.0 -2.68823
5850.0 2450.0 -2.52643
5950.0 2450.0 -2.03412
6050.0 2450.0 -1.31433
6150.0 2450.0 -0.53781
6250.0 2450.0 0.12776
6350.0 2450.0 0.62670
50.0 2550.0 0.45362
150.0 2550.0 0.52829
250.0 2550.0 0.58294
350.0 2550.0 0.62185
450.0 2550.0 0.50038
550.0 2550.0 0.08060
650.0 2550.0 -0.60174
750.0 2550.0 -1.41012
850.0 2550.0 -2.17398
950.0 2550.0 -2.74073
1050.0 2550.0 -3.01299
1150.0 2550.0 -2.97102
1250.0 2550.0 -2.68028
1350.0 2550.0 -2.28039
1450.0 2550.0 -1.84702
1550.0 2550.0 -1.36920
1650.0 2550.0 -0.87311
1750.0 2550.0 -0.40119
1850.0 2550.0 0.00971
1950.0 2550.0 0.34155
2050.0 2550.0 0.59982
2150.0 2550.0 0.80974
2250.0 2550.0 1.00387
2350.0 2550.0 1.20081
2450.0 2550.0 1.37033
2550.0 2550.0 1.47117
2650.0 2550.0 1.50150
2750.0 2550.0 1.48644
2850.0 2550.0 1.46386
2950.0 2550.0 1.47252
3050.0 2550.0 1.54240
3150.0 2550.0 1.68741
3250.0 2550.0 1.90031
3350.0 2550.0 2.15055
3450.0 2550.0 2.42641
3550.0 2550.0 2.70993
3650.0 2550.0 2.89891
3750.0 2550.0 2.88065
3850.0 2550.0 2.59173
3950.0 2550.0 2.04758
4050.0 2550.0 1.34159
4150.0 2550.0 0.61389
4250.0 2550.0 -0.01015
4350.0 2550.0 -0.51151
4450.0 2550.0 -0.94667
4550.0 2550.0 -1.22373
4650.0 2550.0 -1.29125
4750.0 2550.0 -1.16697
4850.0 2550.0 -0.92102
4950.0 2550.0 -0.65510
5050.0 2550.0 -0.47789
5150.0 2550.0 -0.47643
5250.0 2550.0 -0.68374
5350.0 2550.0 -1.04245
5450.0 2550.0 -1.44017
5550.0 2550.0 -1.83720
5650.0 2550.0 -2.13035
5750.0 2550.0 -2.20074
5850.0 2550.0 -1.97921
5950.0 2550.0 -1.47979
6050.0 2550.0 -0.80109
6150.0 2550.0 -0.09568
6250.0 2550.0 0.49258
6350.0 2550.0 0.92323
50.0 2650.0 0.37750
150.0 2650.0 0.44686
250.0 2650.0 0.48844
350.0 2650.0 0.50915
450.0 2650.0 0.35753
550.0 2650.0 -0.10728
650.0 2650.0 -0.83554
750.0 2650.0 -1.67203
850.0 2650.0 -2.43207
950.0 2650.0 -2.95872
1050.0 2650.0 -3.16104
1150.0 2650.0 -3.03358
1250.0 2650.0 -2.65696
1350.0 2650.0 -2.17516
1450.0 2650.0 -1.64105
1550.0 2650.0 -1.03636
1650.0 2650.0 -0.41496
1750.0 2650.0 0.14347
1850.0 2650.0 0.57435
1950.0 2650.0 0.85202
2050.0 2650.0 0.99668
2150.0 2650.0 1.06424
2250.0 2650.0 1.11929
2350.0 2650.0 1.19144
2450.0 2650.0 1.25889
2550.0 2650.0 1.31298
2650.0 2650.0 1.36169
2750.0 2650.0 1.41852
2850.0 2650.0 1.49528
2950.0 2650.0 1.59766
3050.0 2650.0 1.72368
3150.0 2650.0 1.86491
3250.0 2650.0 2.01054
3350.0 2650.0 2.15447
3450.0 2650.0 2.31349
3550.0 2650.0 2.47516
3650.0 2650.0 2.56046
3750.0 2650.0 2.48366
3850.0 2650.0 2.19769
3950.0 2650.0 1.71636
4050.0 2650.0 1.11316
4150.0 2650.0 0.49687
4250.0 2650.0 -0.03613
4350.0 2650.0 -0.47258
4450.0 2650.0 -0.85562
4550.0 2650.0 -1.10654
4650.0 2650.0 -1.17707
4750.0 2650.0 -1.07623
4850.0 2650.0 -0.85936
4950.0 2650.0 -0.61236
5050.0 2650.0 -0.43101
5150.0 2650.0 -0.39557
5250.0 2650.0 -0.54043
5350.0 2650.0 -0.81906
5450.0 2650.0 -1.12890
5550.0 2650.0 -1.42773
5650.0 2650.0 -1.62915
5750.0 2650.0 -1.63916
5850.0 2650.0 -1.40722
5950.0 2650.0 -0.95150
6050.0 2650.0 -0.35830
6150.0 2650.0 0.24435
6250.0 2650.0 0.73895
6350.0 2650.0 1.09655
50.0 2750.0 0.25648
150.0 2750.0 0.31017
250.0 2750.0 0.33668
350.0 2750.0 0.34172
450.0 2750.0 0.17397
550.0 2750.0 -0.29944
650.0 2750.0 -1.01515
750.0 2750.0 -1.80730
850.0 2750.0 -2.48885
950.0 2750.0 -2.91055
1050.0 2750.0 -2.99734
1150.0 2750.0 -2.76244
1250.0 2750.0 -2.29892
1350.0 2750.0 -1.74471
1450.0 2750.0 -1.13308
1550.0 2750.0 -0.45280
1650.0 2750.0 0.21534
1750.0 2750.0 0.76545
1850.0 2750.0 1.12069
1950.0 2750.0 1.26305
2050.0 2750.0 1.23859
2150.0 2750.0 1.13841
2250.0 2750.0 1.05508
2350.0 2750.0 1.01604
2450.0 2750.0 0.99104
2550.0 2750.0 0.99492
2650.0 2750.0 1.04334
2750.0 2750.0 1.14118
2850.0 2750.0 1.28043
2950.0 2750.0 1.44155
3050.0 2750.0 1.59793
3150.0 2750.0 1.72382
3250.0 2750.0 1.80541
3350.0 2750.0 1.85530
3450.0 2750.0 1.91711
3550.0 2750.0 1.99373
3650.0 2750.0 2.02972
3750.0 2750.0 1.95937
3850.0 2750.0 1.74186
3950.0 2750.0 1.37947
4050.0 2750.0 0.91866
4150.0 2750.0 0.43406
4250.0 2750.0 -0.00456
4350.0 2750.0 -0.38210
4450.0 2750.0 -0.71860
4550.0 2750.0 -0.94359
4650.0 2750.0 -1.01110
4750.0 2750.0 -0.92290
4850.0 2750.0 -0.72244
4950.0 2750.0 -0.48306
5050.0 2750.0 -0.29059
5150.0 2750.0 -0.22025
5250.0 2750.0 -0.30790
5350.0 2750.0 -0.51569
5450.0 2750.0 -0.75098
5550.0 2750.0 -0.97747
5650.0 2750.0 -1.12699
5750.0 2750.0 -1.12545
5850.0 2750.0 -0.93304
5950.0 2750.0 -0.56417
6050.0 2750.0 -0.08695
6150.0 2750.0 0.39759
6250.0 2750.0 0.79677
6350.0 2750.0 1.08781
50.0 2850.0 0.13164
150.0 2850.0 0.16513
250.0 2850.0 0.17785
350.0 2850.0 0.17189
450.0 2850.0 0.00200
550.0 2850.0 -0.44928
650.0 2850.0 -1.10755
750.0 2850.0 -1.80453
850.0 2850.0 -2.36066
950.0 2850.0 -2.64280
1050.0 2850.0 -2.59670
1150.0 2850.0 -2.25466
1250.0 2850.0 -1.71794
1350.0 2850.0 -1.11106
1450.0 2850.0 -0.45424
1550.0 2850.0 0.24542
1650.0 2850.0 0.88519
1750.0 2850.0 1.34663
1850.0 2850.0 1.55595
1950.0 2850.0 1.51465
2050.0 2850.0 1.30022
2150.0 2850.0 1.03714
2250.0 2850.0 0.83806
2350.0 2850.0 0.71724
2450.0 2850.0 0.62278
2550.0 2850.0 0.58132
2650.0 2850.0 0.61321
2750.0 2850.0 0.71863
2850.0 2850.0 0.87840
2950.0 2850.0 1.05847
3050.0 2850.0 1.21793
3150.0 2850.0 1.32079
3250.0 2850.0 1.35123
3350.0 2850.0 1.33262
3450.0 2850.0 1.32970
3550.0 2850.0 1.36686
3650.0 2850.0 1.40887
3750.0 2850.0 1.40079
3850.0 2850.0 1.29828
3950.0 2850.0 1.08525
4050.0 2850.0 0.77906
4150.0 2850.0 0.42314
4250.0 2850.0 0.06698
4350.0 2850.0 -0.26618
4450.0 2850.0 -0.56879
4550.0 2850.0 -0.77413
4650.0 2850.0 -0.83773
4750.0 2850.0 -0.75626
4850.0 2850.0 -0.56489
4950.0 2850.0 -0.32830
5050.0 2850.0 -0.12551
5150.0 2850.0 -0.02840
5250.0 2850.0 -0.07397
5350.0 2850.0 -0.23036
5450.0 2850.0 -0.41440
5550.0 2850.0 -0.60211
5650.0 2850.0 -0.74185
5750.0 2850.0 -0.77196
5850.0 2850.0 -0.65500
5950.0 2850.0 -0.39550
6050.0 2850.0 -0.04140
6150.0 2850.0 0.33106
6250.0 2850.0 0.64871
6350.0 2850.0 0.88941
50.0 2950.0 0.04310
150.0 2950.0 0.05857
250.0 2950.0 0.06161
350.0 2950.0 0.05018
450.0 2950.0 -0.11145
550.0 2950.0 -0.52308
650.0 2950.0 -1.10326
750.0 2950.0 -1.68765
850.0 2950.0 -2.10974
950.0 2950.0 -2.25527
1050.0 2950.0 -2.09023
1150.0 2950.0 -1.66247
1250.0 2950.0 -1.07683
1350.0 2950.0 -0.44181
1450.0 2950.0 0.22731
1550.0 2950.0 0.89964
1650.0 2950.0 1.45818
1750.0 2950.0 1.78468
1850.0 2950.0 1.81966
1950.0 2950.0 1.58985
2050.0 2950.0 1.20286
2150.0 2950.0 0.80934
2250.0 2950.0 0.53234
2350.0 2950.0 0.36683
2450.0 2950.0 0.23280
2550.0 2950.0 0.15764
2650.0 2950.0 0.16316
2750.0 2950.0 0.24875
2850.0 2950.0 0.39271
2950.0 2950.0 0.55738
3050.0 2950.0 0.69809
3150.0 2950.0 0.77588
3250.0 2950.0 0.77408
3350.0 2950.0 0.71871
3450.0 2950.0 0.68758
3550.0 2950.0 0.72774
3650.0 2950.0 0.81804
3750.0 2950.0 0.90529
3850.0 2950.0 0.93448
3950.0 2950.0 0.86898
4050.0 2950.0 0.70049
4150.0 2950.0 0.44883
4250.0 2950.0 0.15164
4350.0 2950.0 -0.15612
4450.0 2950.0 -0.44103
4550.0 2950.0 -0.63720
4650.0 2950.0 -0.70114
4750.0 2950.0 -0.62665
4850.0 2950.0 -0.44402
4950.0 2950.0 -0.21276
5050.0 2950.0 -0.00769
5150.0 2950.0 0.10150
5250.0 2950.0 0.07730
5350.0 2950.0 -0.05200
5450.0 2950.0 -0.21171
5550.0 2950.0 -0.39309
5650.0 2950.0 -0.55668
5750.0 2950.0 -0.64540
5850.0 2950.0 -0.61738
5950.0 2950.0 -0.46448
6050.0 2950.0 -0.21655
6150.0 2950.0 0.06872
6250.0 2950.0 0.33016
6350.0 2950.0 0.54192
50.0 3050.0 0.00723
150.0 3050.0 0.01070
250.0 3050.0 0.00887
350.0 3050.0 -0.00350
450.0 3050.0 -0.15186
550.0 3050.0 -0.52010
650.0 3050.0 -1.02362
750.0 3050.0 -1.50528
850.0 3050.0 -1.81268
950.0 3050.0 -1.84876
1050.0 3050.0 -1.59560
1150.0 3050.0 -1.11151
1250.0 3050.0 -0.50131
1350.0 3050.0 0.14112
1450.0 3050.0 0.79871
1550.0 3050.0 1.41669
1650.0 3050.0 1.87110
1750.0 3050.0 2.05235
1850.0 3050.0 1.92061
1950.0 3050.0 1.52778
2050.0 3050.0 1.00620
2150.0 3050.0 0.52380
2250.0 3050.0 0.20605
2350.0 3050.0 0.02741
2450.0 3050.0 -0.12020
2550.0 3050.0 -0.21627
2650.0 3050.0 -0.23988
2750.0 3050.0 -0.18968
2850.0 3050.0 -0.08370
2950.0 3050.0 0.04471
3050.0 3050.0 0.15469
3150.0 3050.0 0.20973
3250.0 3050.0 0.19316
3350.0 3050.0 0.12783
3450.0 3050.0 0.09728
3550.0 3050.0 0.16865
3650.0 3050.0 0.32875
3750.0 3050.0 0.51970
3850.0 3050.0 0.67265
3950.0 3050.0 0.73192
4050.0 3050.0 0.66957
4150.0 3050.0 0.49048
4250.0 3050.0 0.22779
4350.0 3050.0 -0.07110
4450.0 3050.0 -0.35228
4550.0 3050.0 -0.54952
4650.0 3050.0 -0.62027
4750.0 3050.0 -0.55703
4850.0 3050.0 -0.38754
4950.0 3050.0 -0.16833
5050.0 3050.0 0.02846
5150.0 3050.0 0.13486
5250.0 3050.0 0.11350
5350.0 3050.0 -0.00927
5450.0 3050.0 -0.16630
5550.0 3050.0 -0.36375
5650.0 3050.0 -0.56957
5750.0 3050.0 -0.72532
5850.0 3050.0 -0.78093
5950.0 3050.0 -0.71575
6050.0 3050.0 -0.54584
6150.0 3050.0 -0.31740
6250.0 3050.0 -0.08650
6350.0 3050.0 0.11507
50.0 3150.0 -0.00329
150.0 3150.0 -0.01123
250.0 3150.0 -0.01813
350.0 3150.0 -0.03191
450.0 3150.0 -0.16771
550.0 3150.0 -0.49459
650.0 3150.0 -0.92617
750.0 3150.0 -1.31338
850.0 3150.0 -1.51786
950.0 3150.0 -1.45867
1050.0 3150.0 -1.13216
1150.0 3150.0 -0.60511
1250.0 3150.0 0.01889
1350.0 3150.0 0.65968
1450.0 3150.0 1.29651
1550.0 3150.0 1.85212
1650.0 3150.0 2.19898
1750.0 3150.0 2.23908
1850.0 3150.0 1.95318
1950.0 3150.0 1.41693
2050.0 3150.0 0.78368
2150.0 3150.0 0.23411
2250.0 3150.0 -0.10732
2350.0 3150.0 -0.28586
2450.0 3150.0 -0.43544
2550.0 3150.0 -0.54438
2650.0 3150.0 -0.59383
2750.0 3150.0 -0.58033
2850.0 3150.0 -0.51684
2950.0 3150.0 -0.43021
3050.0 3150.0 -0.35483
3150.0 3150.0 -0.32261
3250.0 3150.0 -0.34934
3350.0 3150.0 -0.41689
3450.0 3150.0 -0.43928
3550.0 3150.0 -0.33142
3650.0 3150.0 -0.10045
3750.0 3150.0 0.19010
3850.0 3150.0 0.45782
3950.0 3150.0 0.62968
4050.0 3150.0 0.66080
4150.0 3150.0 0.54398
4250.0 3150.0 0.30977
4350.0 3150.0 0.01722
4450.0 3150.0 -0.26219
4550.0 3150.0 -0.46282
4650.0 3150.0 -0.54388
4750.0 3150.0 -0.49738
4850.0 3150.0 -0.34881
4950.0 3150.0 -0.15135
5050.0 3150.0 0.02648
5150.0 3150.0 0.11965
5250.0 3150.0 0.09196
5350.0 3150.0 -0.03209
5450.0 3150.0 -0.19353
5550.0 3150.0 -0.41164
5650.0 3150.0 -0.65962
5750.0 3150.0 -0.87647
5850.0 3150.0 -1.00421
5950.0 3150.0 -1.01151
6050.0 3150.0 -0.90361
6150.0 3150.0 -0.71849
6250.0 3150.0 -0.50944
6350.0 3150.0 -0.31389
50.0 3250.0 0.01127
150.0 3250.0 -0.02740
250.0 3250.0 -0.05784
350.0 3250.0 -0.09078
450.0 3250.0 -0.22894
550.0 3250.0 -0.52367
650.0 3250.0 -0.88646
750.0 3250.0 -1.17798
850.0 3250.0 -1.27678
950.0 3250.0 -1.12121
1050.0 3250.0 -0.72466
1150.0 3250.0 -0.16402
1250.0 3250.0 0.45864
1350.0 3250.0 1.07974
1450.0 3250.0 1.67815
1550.0 3250.0 2.15866
1650.0 3250.0 2.39646
1750.0 3250.0 2.30963
1850.0 3250.0 1.90006
1950.0 3250.0 1.26287
2050.0 3250.0 0.56448
2150.0 3250.0 -0.01083
2250.0 3250.0 -0.34565
2350.0 3250.0 -0.50222
2450.0 3250.0 -0.63014
2550.0 3250.0 -0.72429
2650.0 3250.0 -0.77215
2750.0 3250.0 -0.77402
2850.0 3250.0 -0.74235
2950.0 3250.0 -0.69872
3050.0 3250.0 -0.66881
3150.0 3250.0 -0.67498
3250.0 3250.0 -0.72682
3350.0 3250.0 -0.80902
3450.0 3250.0 -0.83952
3550.0 3250.0 -0.72091
3650.0 3250.0 -0.45033
3750.0 3250.0 -0.08872
3850.0 3250.0 0.27593
3950.0 3250.0 0.55785
4050.0 3250.0 0.69529
4150.0 3250.0 0.66475
4250.0 3250.0 0.48785
4350.0 3250.0 0.23049
4450.0 3250.0 -0.02102
4550.0 3250.0 -0.20967
4650.0 3250.0 -0.30352
4750.0 3250.0 -0.29690
4850.0 3250.0 -0.21055
4950.0 3250.0 -0.08679
5050.0 3250.0 0.02028
5150.0 3250.0 0.05966
5250.0 3250.0 0.00330
5350.0 3250.0 -0.12909
5450.0 3250.0 -0.29460
5550.0 3250.0 -0.51631
5650.0 3250.0 -0.77020
5750.0 3250.0 -0.99866
5850.0 3250.0 -1.14592
5950.0 3250.0 -1.18056
6050.0 3250.0 -1.10535
6150.0 3250.0 -0.95423
6250.0 3250.0 -0.77651
6350.0 3250.0 -0.60832
50.0 3350.0 0.07120
150.0 3350.0 -0.02384
250.0 3350.0 -0.10651
350.0 3350.0 -0.18819
450.0 3350.0 -0.35486
550.0 3350.0 -0.63635
650.0 3350.0 -0.94168
750.0 3350.0 -1.14336
850.0 3350.0 -1.14035
950.0 3350.0 -0.89436
1050.0 3350.0 -0.43932
1150.0 3350.0 0.13576
1250.0 3350.0 0.73069
1350.0 3350.0 1.30207
1450.0 3350.0 1.83369
1550.0 3350.0 2.22087
1650.0 3350.0 2.35223
1750.0 3350.0 2.16899
1850.0 3350.0 1.69391
1950.0 3350.0 1.03343
2050.0 3350.0 0.35273
2150.0 3350.0 -0.17609
2250.0 3350.0 -0.45275
2350.0 3350.0 -0.55098
2450.0 3350.0 -0.61788
2550.0 3350.0 -0.65096
2650.0 3350.0 -0.65093
2750.0 3350.0 -0.63184
2850.0 3350.0 -0.61321
2950.0 3350.0 -0.61378
3050.0 3350.0 -0.64679
3150.0 3350.0 -0.71691
3250.0 3350.0 -0.81877
3350.0 3350.0 -0.93651
3450.0 3350.0 -1.00358
3550.0 3350.0 -0.92178
3650.0 3350.0 -0.67231
3750.0 3350.0 -0.29894
3850.0 3350.0 0.11964
3950.0 3350.0 0.49473
4050.0 3350.0 0.74962
4150.0 3350.0 0.83884
4250.0 3350.0 0.76461
4350.0 3350.0 0.59030
4450.0 3350.0 0.41157
4550.0 3350.0 0.26612
4650.0 3350.0 0.16617
4750.0 3350.0 0.10954
4850.0 3350.0 0.08236
4950.0 3350.0 0.06298
5050.0 3350.0 0.02721
5150.0 3350.0 -0.04528
5250.0 3350.0 -0.16327
5350.0 3350.0 -0.31505
5450.0 3350.0 -0.48426
5550.0 3350.0 -0.68262
5650.0 3350.0 -0.88513
5750.0 3350.0 -1.04741
5850.0 3350.0 -1.13204
5950.0 3350.0 -1.12437
6050.0 3350.0 -1.03779
6150.0 3350.0 -0.90848
6250.0 3350.0 -0.77952
6350.0 3350.0 -0.67463
50.0 3450.0 0.18106
150.0 3450.0 0.01408
250.0 3450.0 -0.14575
350.0 3450.0 -0.30499
450.0 3450.0 -0.52741
550.0 3450.0 -0.81931
650.0 3450.0 -1.08706
750.0 3450.0 -1.21609
850.0 3450.0 -1.12759
950.0 3450.0 -0.80859
1050.0 3450.0 -0.31530
1150.0 3450.0 0.25017
1250.0 3450.0 0.78974
1350.0 3450.0 1.28203
1450.0 3450.0 1.72044
1550.0 3450.0 2.00070
1650.0 3450.0 2.03559
1750.0 3450.0 1.79549
1850.0 3450.0 1.32248
1950.0 3450.0 0.72464
2050.0 3450.0 0.15047
2150.0 3450.0 -0.25647
2250.0 3450.0 -0.42281
2350.0 3450.0 -0.42706
2450.0 3450.0 -0.39442
2550.0 3450.0 -0.32081
2650.0 3450.0 -0.22693
2750.0 3450.0 -0.15034
2850.0 3450.0 -0.12526
2950.0 3450.0 -0.17003
3050.0 3450.0 -0.28208
3150.0 3450.0 -0.44055
3250.0 3450.0 -0.61648
3350.0 3450.0 -0.79014
3450.0 3450.0 -0.92320
3550.0 3450.0 -0.93108
3650.0 3450.0 -0.77416
3750.0 3450.0 -0.46374
3850.0 3450.0 -0.05227
3950.0 3450.0 0.38103
4050.0 3450.0 0.74919
4150.0 3450.0 0.98110
4250.0 3450.0 1.04969
4350.0 3450.0 1.00464
4450.0 3450.0 0.94429
4550.0 3450.0 0.88030
4650.0 3450.0 0.79613
4750.0 3450.0 0.67509
4850.0 3450.0 0.50921
4950.0 3450.0 0.30337
5050.0 3450.0 0.07464
5150.0 3450.0 -0.15300
5250.0 3450.0 -0.35878
5350.0 3450.0 -0.53985
5450.0 3450.0 -0.71283
5550.0 3450.0 -0.86381
5650.0 3450.0 -0.96368
5750.0 3450.0 -0.99050
5850.0 3450.0 -0.94012
5950.0 3450.0 -0.82989
6050.0 3450.0 -0.69546
6150.0 3450.0 -0.58047
6250.0 3450.0 -0.51935
6350.0 3450.0 -0.51320
50.0 3550.0 0.33132
150.0 3550.0 0.09364
250.0 3550.0 -0.15625
350.0 3550.0 -0.41232
450.0 3550.0 -0.71087
550.0 3550.0 -1.03539
650.0 3550.0 -1.28974
750.0 3550.0 -1.37182
850.0 3550.0 -1.22417
950.0 3550.0 -0.85813
1050.0 3550.0 -0.35121
1150.0 3550.0 0.18194
1250.0 3550.0 0.64534
1350.0 3550.0 1.03880
1450.0 3550.0 1.36791
1550.0 3550.0 1.53731
1650.0 3550.0 1.49147
1750.0 3550.0 1.23308
1850.0 3550.0 0.82070
1950.0 3550.0 0.35556
2050.0 3550.0 -0.04270
2150.0 3550.0 -0.27123
2250.0 3550.0 -0.29006
2350.0 3550.0 -0.17627
2450.0 3550.0 -0.01815
2550.0 3550.0 0.19324
2650.0 3550.0 0.41272
2750.0 3550.0 0.57260
2850.0 3550.0 0.61865
2950.0 3550.0 0.53107
3050.0 3550.0 0.33032
3150.0 3550.0 0.06790
3250.0 3550.0 -0.19795
3350.0 3550.0 -0.44116
3450.0 3550.0 -0.66194
3550.0 3550.0 -0.80286
3650.0 3550.0 -0.80134
3750.0 3550.0 -0.62461
3850.0 3550.0 -0.28469
3950.0 3550.0 0.16067
4050.0 3550.0 0.62078
4150.0 3550.0 0.99872
4250.0 3550.0 1.23195
4350.0 3550.0 1.34647
4450.0 3550.0 1.43722
4550.0 3550.0 1.48999
4650.0 3550.0 1.45515
4750.0 3550.0 1.29555
4850.0 3550.0 1.00485
4950.0 3550.0 0.61362
5050.0 3550.0 0.18330
5150.0 3550.0 -0.21194
5250.0 3550.0 -0.51565
5350.0 3550.0 -0.73155
5450.0 3550.0 -0.90892
5550.0 3550.0 -0.99920
5650.0 3550.0 -0.96780
5750.0 3550.0 -0.82096
5850.0 3550.0 -0.59668
5950.0 3550.0 -0.35310
6050.0 3550.0 -0.15439
6150.0 3550.0 -0.05414
6250.0 3550.0 -0.07619
6350.0 3550.0 -0.19295
50.0 3650.0 0.50186
150.0 3650.0 0.21089
250.0 3650.0 -0.12673
350.0 3650.0 -0.48433
450.0 3650.0 -0.86722
550.0 3650.0 -1.23922
650.0 3650.0 -1.50215
750.0 3650.0 -1.56448
850.0 3650.0 -1.38687
950.0 3650.0 -1.00121
1050.0 3650.0 -0.50304
1150.0 3650.0 -0.01754
1250.0 3650.0 0.36112
1350.0 3650.0 0.65071
1450.0 3650.0 0.86888
1550.0 3650.0 0.93402
1650.0 3650.0 0.82472
1750.0 3650.0 0.57534
1850.0 3650.0 0.25769
1950.0 3650.0 -0.03897
2050.0 3650.0 -0.22962
2150.0 3650.0 -0.25679
2250.0 3650.0 -0.11553
2350.0 3650.0 0.12254
2450.0 3650.0 0.41281
2550.0 3650.0 0.77048
2650.0 3650.0 1.12488
2750.0 3650.0 1.37638
2850.0 3650.0 1.44919
2950.0 3650.0 1.32122
3050.0 3650.0 1.03102
3150.0 3650.0 0.66180
3250.0 3650.0 0.30253
3350.0 3650.0 -0.01362
3450.0 3650.0 -0.33050
3550.0 3650.0 -0.62692
3650.0 3650.0 -0.81843
3750.0 3650.0 -0.82341
3850.0 3650.0 -0.60559
3950.0 3650.0 -0.19303
4050.0 3650.0 0.32651
4150.0 3650.0 0.83371
4250.0 3650.0 1.22953
4350.0 3650.0 1.51027
4450.0 3650.0 1.76347
4550.0 3650.0 1.95591
4650.0 3650.0 2.00648
4750.0 3650.0 1.85388
4850.0 3650.0 1.48690
4950.0 3650.0 0.95471
5050.0 3650.0 0.35726
5150.0 3650.0 -0.18441
5250.0 3650.0 -0.57775
5350.0 3650.0 -0.82825
5450.0 3650.0 -1.01099
5550.0 3650.0 -1.04135
5650.0 3650.0 -0.87991
5750.0 3650.0 -0.56196
5850.0 3650.0 -0.16821
5950.0 3650.0 0.20242
6050.0 3650.0 0.45772
6150.0 3650.0 0.53512
6250.0 3650.0 0.42236
6350.0 3650.0 0.17604
50.0 3750.0 0.66688
150.0 3750.0 0.35071
250.0 3750.0 -0.05803
350.0 3750.0 -0.50618
450.0 3750.0 -0.96723
550.0 3750.0 -1.38996
650.0 3750.0 -1.67471
750.0 3750.0 -1.73785
850.0 3750.0 -1.55355
950.0 3750.0 -1.16896
1050.0 3750.0 -0.69302
1150.0 3750.0 -0.25868
1250.0 3750.0 0.04124
1350.0 3750.0 0.23788
1450.0 3750.0 0.35812
1550.0 3750.0 0.33397
1650.0 3750.0 0.17477
1750.0 3750.0 -0.05749
1850.0 3750.0 -0.28048
1950.0 3750.0 -0.41718
2050.0 3750.0 -0.41491
2150.0 3750.0 -0.25760
2250.0 3750.0 0.02842
2350.0 3750.0 0.37767
2450.0 3750.0 0.78585
2550.0 3750.0 1.27362
2650.0 3750.0 1.74747
2750.0 3750.0 2.07933
2850.0 3750.0 2.17435
2950.0 3750.0 2.00867
3050.0 3750.0 1.63724
3150.0 3750.0 1.17178
3250.0 3750.0 0.72870
3350.0 3750.0 0.34732
3450.0 3750.0 -0.05846
3550.0 3750.0 -0.50560
3650.0 3750.0 -0.89184
3750.0 3750.0 -1.08989
3850.0 3750.0 -1.01604
3950.0 3750.0 -0.66647
4050.0 3750.0 -0.12129
4150.0 3750.0 0.48365
4250.0 3750.0 1.01724
4350.0 3750.0 1.44560
4450.0 3750.0 1.84825
4550.0 3750.0 2.18431
4650.0 3750.0 2.34810
4750.0 3750.0 2.25377
4850.0 3750.0 1.87857
4950.0 3750.0 1.27916
5050.0 3750.0 0.58101
5150.0 3750.0 -0.05924
5250.0 3750.0 -0.51828
5350.0 3750.0 -0.79760
5450.0 3750.0 -0.98673
5550.0 3750.0 -0.97154
5650.0 3750.0 -0.71025
5750.0 3750.0 -0.26294
5850.0 3750.0 0.25471
5950.0 3750.0 0.71150
6050.0 3750.0 0.99435
6150.0 3750.0 1.03570
6250.0 3750.0 0.83456
6350.0 3750.0 0.47120
50.0 3850.0 0.80130
150.0 3850.0 0.49076
250.0 3850.0 0.03736
350.0 3850.0 -0.47740
450.0 3850.0 -0.99734
550.0 3850.0 -1.46105
650.0 3850.0 -1.76789
750.0 3850.0 -1.83945
850.0 3850.0 -1.65869
950.0 3850.0 -1.28277
1050.0 3850.0 -0.82933
1150.0 3850.0 -0.43642
1250.0 3850.0 -0.19591
1350.0 3850.0 -0.06803
1450.0 3850.0 -0.02140
1550.0 3850.0 -0.11563
1650.0 3850.0 -0.31897
1750.0 3850.0 -0.54828
1850.0 3850.0 -0.71206
1950.0 3850.0 -0.74069
2050.0 3850.0 -0.60385
2150.0 3850.0 -0.31518
2250.0 3850.0 0.07592
2350.0 3850.0 0.50713
2450.0 3850.0 1.00155
2550.0 3850.0 1.58248
2650.0 3850.0 2.13921
2750.0 3850.0 2.52322
2850.0 3850.0 2.62658
2950.0 3850.0 2.42537
3050.0 3850.0 1.98779
3150.0 3850.0 1.44736
3250.0 3850.0 0.94084
3350.0 3850.0 0.51111
3450.0 3850.0 0.03767
3550.0 3850.0 -0.52867
3650.0 3850.0 -1.07359
3750.0 3850.0 -1.43478
3850.0 3850.0 -1.49059
3950.0 3850.0 -1.21010
4050.0 3850.0 -0.66437
4150.0 3850.0 0.00085
4250.0 3850.0 0.63114
4350.0 3850.0 1.16792
4450.0 3850.0 1.68566
4550.0 3850.0 2.14849
4650.0 3850.0 2.43650
4750.0 3850.0 2.44244
4850.0 3850.0 2.12714
4950.0 3850.0 1.54273
5050.0 3850.0 0.82375
5150.0 3850.0 0.14621
5250.0 3850.0 -0.34551
5350.0 3850.0 -0.64377
5450.0 3850.0 -0.84009
5550.0 3850.0 -0.80355
5650.0 3850.0 -0.49361
5750.0 3850.0 0.01308
5850.0 3850.0 0.57993
5950.0 3850.0 1.05833
6050.0 3850.0 1.32617
6150.0 3850.0 1.31691
6250.0 3850.0 1.03927
6350.0 3850.0 0.58753
50.0 3950.0 0.88865
150.0 3950.0 0.60934
250.0 3950.0 0.14054
350.0 3950.0 -0.41040
450.0 3950.0 -0.96223
550.0 3950.0 -1.44705
650.0 3950.0 -1.76366
750.0 3950.0 -1.83672
850.0 3950.0 -1.65453
950.0 3950.0 -1.28024
1050.0 3950.0 -0.83674
1150.0 3950.0 -0.46514
1250.0 3950.0 -0.25677
1350.0 3950.0 -0.16677
1450.0 3950.0 -0.16466
1550.0 3950.0 -0.31056
1650.0 3950.0 -0.56133
1750.0 3950.0 -0.81982
1850.0 3950.0 -0.98504
1950.0 3950.0 -0.98623
2050.0 3950.0 -0.80063
2150.0 3950.0 -0.45523
2250.0 3950.0 -0.01220
2350.0 3950.0 0.46354
2450.0 3950.0 1.00375
2550.0 3950.0 1.63019
2650.0 3950.0 2.22216
2750.0 3950.0 2.62085
2850.0 3950.0 2.71318
2950.0 3950.0 2.47755
3050.0 3950.0 1.99170
3150.0 3950.0 1.40256
3250.0 3950.0 0.85817
3350.0 3950.0 0.40156
3450.0 3950.0 -0.11014
3550.0 3950.0 -0.74627
3650.0 3950.0 -1.38649
3750.0 3950.0 -1.84851
3850.0 3950.0 -1.98829
3950.0 3950.0 -1.75805
4050.0 3950.0 -1.22204
4150.0 3950.0 -0.53019
4250.0 3950.0 0.15048
4350.0 3950.0 0.74650
4450.0 3950.0 1.33303
4550.0 3950.0 1.88994
4650.0 3950.0 2.29407
4750.0 3950.0 2.42262
4850.0 3950.0 2.21804
4950.0 3950.0 1.71809
5050.0 3950.0 1.05081
5150.0 3950.0 0.39466
5250.0 3950.0 -0.09633
5350.0 3950.0 -0.40225
5450.0 3950.0 -0.60609
5550.0 3950.0 -0.57575
5650.0 3950.0 -0.27567
5750.0 3950.0 0.21092
5850.0 3950.0 0.74311
5950.0 3950.0 1.17213
6050.0 3950.0 1.38017
6150.0 3950.0 1.30809
6250.0 3950.0 0.97204
6350.0 3950.0 0.46890
50.0 4050.0 0.93033
150.0 4050.0 0.69717
250.0 4050.0 0.23614
350.0 4050.0 -0.32443
450.0 4050.0 -0.88315
550.0 4050.0 -1.36763
650.0 4050.0 -1.67621
750.0 4050.0 -1.73564
850.0 4050.0 -1.53775
950.0 4050.0 -1.14975
1050.0 4050.0 -0.69809
1150.0 4050.0 -0.32596
1250.0 4050.0 -0.12439
1350.0 4050.0 -0.04522
1450.0 4050.0 -0.06322
1550.0 4050.0 -0.24802
1650.0 4050.0 -0.55494
1750.0 4050.0 -0.87846
1850.0 4050.0 -1.10672
1950.0 4050.0 -1.15901
2050.0 4050.0 -1.00603
2150.0 4050.0 -0.67305
2250.0 4050.0 -0.22603
2350.0 4050.0 0.26142
2450.0 4050.0 0.81193
2550.0 4050.0 1.44189
2650.0 4050.0 2.02679
2750.0 4050.0 2.40657
2850.0 4050.0 2.46997
2950.0 4050.0 2.20002
3050.0 4050.0 1.68079
3150.0 4050.0 1.06544
3250.0 4050.0 0.50537
3350.0 4050.0 0.04067
3450.0 4050.0 -0.48230
3550.0 4050.0 -1.13991
3650.0 4050.0 -1.81035
3750.0 4050.0 -2.30540
3850.0 4050.0 -2.47406
3950.0 4050.0 -2.26299
4050.0 4050.0 -1.73377
4150.0 4050.0 -1.03701
4250.0 4050.0 -0.34319
4350.0 4050.0 0.26948
4450.0 4050.0 0.88291
4550.0 4050.0 1.49910
4650.0 4050.0 2.00014
4750.0 4050.0 2.25367
4850.0 4050.0 2.18451
4950.0 4050.0 1.81043
5050.0 4050.0 1.24225
5150.0 4050.0 0.64817
5250.0 4050.0 0.18238
5350.0 4050.0 -0.12204
5450.0 4050.0 -0.33336
5550.0 4050.0 -0.33148
5650.0 4050.0 -0.08879
5750.0 4050.0 0.31349
5850.0 4050.0 0.74386
5950.0 4050.0 1.06752
6050.0 4050.0 1.18175
6150.0 4050.0 1.03970
6250.0 4050.0 0.66268
6350.0 4050.0 0.14078
50.0 4150.0 0.96161
150.0 4150.0 0.78067
250.0 4150.0 0.33684
350.0 4150.0 -0.22252
450.0 4150.0 -0.77790
550.0 4150.0 -1.25308
650.0 4150.0 -1.54596
750.0 4150.0 -1.58489
850.0 4150.0 -1.36459
950.0 4150.0 -0.95560
1050.0 4150.0 -0.48740
1150.0 4150.0 -0.10502
1250.0 4150.0 0.10070
1350.0 4150.0 0.18055
1450.0 4150.0 0.15290
1550.0 4150.0 -0.06505
1650.0 4150.0 -0.43125
1750.0 4150.0 -0.83420
1850.0 4150.0 -1.15070
1950.0 4150.0 -1.28648
2050.0 4150.0 -1.19981
2150.0 4150.0 -0.90803
2250.0 4150.0 -0.47701
2350.0 4150.0 0.00839
2450.0 4150.0 0.55426
2550.0 4150.0 1.16983
2650.0 4150.0 1.72930
2750.0 4150.0 2.07513
2850.0 4150.0 2.10087
2950.0 4150.0 1.79530
3050.0 4150.0 1.24771
3150.0 4150.0 0.61459
3250.0 4150.0 0.04748
3350.0 4150.0 -0.41790
3450.0 4150.0 -0.94088
3550.0 4150.0 -1.59886
3650.0 4150.0 -2.27048
3750.0 4150.0 -2.76784
3850.0 4150.0 -2.93998
3950.0 4150.0 -2.73326
4050.0 4150.0 -2.20872
4150.0 4150.0 -1.51630
4250.0 4150.0 -0.82599
4350.0 4150.0 -0.21605
4450.0 4150.0 0.40474
4550.0 4150.0 1.06250
4650.0 4150.0 1.64816
4750.0 4150.0 2.02300
4850.0 4150.0 2.09523
4950.0 4150.0 1.86099
5050.0 4150.0 1.40976
5150.0 4150.0 0.89416
5250.0 4150.0 0.46422
5350.0 4150.0 0.16604
5450.0 4150.0 -0.05162
5550.0 4150.0 -0.08581
5650.0 4150.0 0.08207
5750.0 4150.0 0.37613
5850.0 4150.0 0.67971
5950.0 4150.0 0.87749
6050.0 4150.0 0.88599
6150.0 4150.0 0.67257
6250.0 4150.0 0.26277
6350.0 4150.0 -0.26381
50.0 4250.0 1.07597
150.0 4250.0 0.96909
250.0 4250.0 0.55443
350.0 4250.0 0.00321
450.0 4250.0 -0.54588
550.0 4250.0 -1.01609
650.0 4250.0 -1.30450
750.0 4250.0 -1.33817
850.0 4250.0 -1.11073
950.0 4250.0 -0.69225
1050.0 4250.0 -0.21240
1150.0 4250.0 0.18302
1250.0 4250.0 0.40223
1350.0 4250.0 0.49525
1450.0 4250.0 0.47361
1550.0 4250.0 0.24286
1650.0 4250.0 -0.16078
1750.0 4250.0 -0.62477
1850.0 4250.0 -1.01865
1950.0 4250.0 -1.23639
2050.0 4250.0 -1.22284
2150.0 4250.0 -0.98416
2250.0 4250.0 -0.58227
2350.0 4250.0 -0.11129
2450.0 4250.0 0.41587
2550.0 4250.0 0.99942
2650.0 4250.0 1.51385
2750.0 4250.0 1.80719
2850.0 4250.0 1.78069
2950.0 4250.0 1.43045
3050.0 4250.0 0.85099
3150.0 4250.0 0.20061
3250.0 4250.0 -0.37131
3350.0 4250.0 -0.83500
3450.0 4250.0 -1.35190
3550.0 4250.0 -1.99588
3650.0 4250.0 -2.64979
3750.0 4250.0 -3.13364
3850.0 4250.0 -3.30366
3950.0 4250.0 -3.10993
4050.0 4250.0 -2.61262
4150.0 4250.0 -1.95691
4250.0 4250.0 -1.30635
4350.0 4250.0 -0.73500
4450.0 4250.0 -0.14289
4550.0 4250.0 0.52223
4650.0 4250.0 1.16734
4750.0 4250.0 1.65446
4850.0 4250.0 1.87850
4950.0 4250.0 1.81170
5050.0 4250.0 1.51467
5150.0 4250.0 1.11404
5250.0 4250.0 0.74667
5350.0 4250.0 0.47060
5450.0 4250.0 0.25891
5550.0 4250.0 0.19620
5650.0 4250.0 0.29114
5750.0 4250.0 0.47466
5850.0 4250.0 0.64771
5950.0 4250.0 0.71747
6050.0 4250.0 0.62230
6150.0 4250.0 0.34521
6250.0 4250.0 -0.08407
6350.0 4250.0 -0.59838
50.0 4350.0 1.29428
150.0 4350.0 1.28701
250.0 4350.0 0.91838
350.0 4350.0 0.38725
450.0 4350.0 -0.15060
550.0 4350.0 -0.62402
650.0 4350.0 -0.92850
750.0 4350.0 -0.98466
850.0 4350.0 -0.77794
950.0 4350.0 -0.37098
1050.0 4350.0 0.11141
1150.0 4350.0 0.52458
1250.0 4350.0 0.77374
1350.0 4350.0 0.90210
1450.0 4350.0 0.91525
1550.0 4350.0 0.71098
1650.0 4350.0 0.31425
1750.0 4350.0 -0.17065
1850.0 4350.0 -0.61435
1950.0 4350.0 -0.90351
2050.0 4350.0 -0.96896
2150.0 4350.0 -0.80067
2250.0 4350.0 -0.44969
2350.0 4350.0 -0.01487
2450.0 4350.0 0.46997
2550.0 4350.0 0.99483
2650.0 4350.0 1.43776
2750.0 4350.0 1.65687
2850.0 4350.0 1.56457
2950.0 4350.0 1.16532
3050.0 4350.0 0.55705
3150.0 4350.0 -0.10397
3250.0 4350.0 -0.67455
3350.0 4350.0 -1.13232
3450.0 4350.0 -1.63201
3550.0 4350.0 -2.23473
3650.0 4350.0 -2.83401
3750.0 4350.0 -3.27159
3850.0 4350.0 -3.42426
3950.0 4350.0 -3.25379
4050.0 4350.0 -2.81981
4150.0 4350.0 -2.25593
4250.0 4350.0 -1.70871
4350.0 4350.0 -1.23990
4450.0 4350.0 -0.74244
4550.0 4350.0 -0.13789
4650.0 4350.0 0.50837
4750.0 4350.0 1.07292
4850.0 4350.0 1.44586
4950.0 4350.0 1.57478
5050.0 4350.0 1.48117
5150.0 4350.0 1.24925
5250.0 4350.0 0.98723
5350.0 4350.0 0.76102
5450.0 4350.0 0.57821
5550.0 4350.0 0.50435
5650.0 4350.0 0.53742
5750.0 4350.0 0.61727
5850.0 4350.0 0.66580
5950.0 4350.0 0.61624
6050.0 4350.0 0.43148
6150.0 4350.0 0.11145
6250.0 4350.0 -0.31045
6350.0 4350.0 -0.78180
50.0 4450.0 1.54839
150.0 4450.0 1.64620
250.0 4450.0 1.33403
350.0 4450.0 0.83473
450.0 4450.0 0.31314
550.0 4450.0 -0.17165
650.0 4450.0 -0.51281
750.0 4450.0 -0.61930
850.0 4450.0 -0.46123
950.0 4450.0 -0.08684
1050.0 4450.0 0.38900
1150.0 4450.0 0.82473
1250.0 4450.0 1.12047
1350.0 4450.0 1.30656
1450.0 4450.0 1.38474
1550.0 4450.0 1.25051
1650.0 4450.0 0.91237
1750.0 4450.0 0.45627
1850.0 4450.0 0.00076
1950.0 4450.0 -0.33959
2050.0 4450.0 -0.48238
2150.0 4450.0 -0.39724
2250.0 4450.0 -0.11738
2350.0 4450.0 0.25953
2450.0 4450.0 0.68015
2550.0 4450.0 1.12616
2650.0 4450.0 1.48312
2750.0 4450.0 1.62264
2850.0 4450.0 1.46940
2950.0 4450.0 1.03440
3050.0 4450.0 0.41452
3150.0 4450.0 -0.24152
3250.0 4450.0 -0.80099
3350.0 4450.0 -1.24822
3450.0 4450.0 -1.71870
3550.0 4450.0 -2.24964
3650.0 4450.0 -2.75130
3750.0 4450.0 -3.10157
3850.0 4450.0 -3.21247
3950.0 4450.0 -3.06684
4050.0 4450.0 -2.72542
4150.0 4450.0 -2.30428
4250.0 4450.0 -1.92255
4350.0 4450.0 -1.62050
4450.0 4450.0 -1.28646
4550.0 4450.0 -0.82099
4650.0 4450.0 -0.25202
4750.0 4450.0 0.32711
4850.0 4450.0 0.81406
4950.0 4450.0 1.13590
5050.0 4450.0 1.26939
5150.0 4450.0 1.24317
5250.0 4450.0 1.12191
5350.0 4450.0 0.97241
5450.0 4450.0 0.84259
5550.0 4450.0 0.78019
5650.0 4450.0 0.77300
5750.0 4450.0 0.77110
5850.0 4450.0 0.71877
5950.0 4450.0 0.57612
6050.0 4450.0 0.33065
6150.0 4450.0 -0.00148
6250.0 4450.0 -0.38425
6350.0 4450.0 -0.78091
50.0 4550.0 1.74252
150.0 4550.0 1.92426
250.0 4550.0 1.66767
350.0 4550.0 1.20807
450.0 4550.0 0.70623
550.0 4550.0 0.20447
650.0 4550.0 -0.18759
750.0 4550.0 -0.36362
850.0 4550.0 -0.27345
950.0 4550.0 0.05390
1050.0 4550.0 0.51700
1150.0 4550.0 0.97871
1250.0 4550.0 1.33261
1350.0 4550.0 1.59208
1450.0 4550.0 1.75782
1550.0 4550.0 1.72883
1650.0 4550.0 1.49382
1750.0 4550.0 1.11254
1850.0 4550.0 0.68425
1950.0 4550.0 0.31864
2050.0 4550.0 0.10900
2150.0 4550.0 0.10782
2250.0 4550.0 0.30465
2350.0 4550.0 0.60875
2450.0 4550.0 0.95225
2550.0 4550.0 1.31365
2650.0 4550.0 1.58959
2750.0 4550.0 1.66615
2850.0 4550.0 1.47815
2950.0 4550.0 1.03832
3050.0 4550.0 0.43624
3150.0 4550.0 -0.19298
3250.0 4550.0 -0.73017
3350.0 4550.0 -1.16319
3450.0 4550.0 -1.59515
3550.0 4550.0 -2.02930
3650.0 4550.0 -2.39628
3750.0 4550.0 -2.62087
3850.0 4550.0 -2.66183
3950.0 4550.0 -2.53136
4050.0 4550.0 -2.29403
4150.0 4550.0 -2.04536
4250.0 4550.0 -1.86993
4350.0 4550.0 -1.77904
4450.0 4550.0 -1.65909
4550.0 4550.0 -1.39966
4650.0 4550.0 -0.98675
4750.0 4550.0 -0.47092
4850.0 4550.0 0.06642
4950.0 4550.0 0.54070
5050.0 4550.0 0.88583
5150.0 4550.0 1.06986
5250.0 4550.0 1.10458
5350.0 4550.0 1.04908
5450.0 4550.0 0.99027
5550.0 4550.0 0.96135
5650.0 4550.0 0.94176
5750.0 4550.0 0.89188
5850.0 4550.0 0.77677
5950.0 4550.0 0.58077
6050.0 4550.0 0.31276
6150.0 4550.0 0.00230
6250.0 4550.0 -0.31352
6350.0 4550.0 -0.61241
50.0 4650.0 1.79762
150.0 4650.0 2.02136
250.0 4650.0 1.80856
350.0 4650.0 1.39054
450.0 4650.0 0.90955
550.0 4650.0 0.38922
650.0 4650.0 -0.05785
750.0 4650.0 -0.30897
850.0 4650.0 -0.29225
950.0 4650.0 -0.01609
1050.0 4650.0 0.43258
1150.0 4650.0 0.92141
1250.0 4650.0 1.33702
1350.0 4650.0 1.67464
1450.0 4650.0 1.93691
1550.0 4650.0 2.03073
1650.0 4650.0 1.92456
1750.0 4650.0 1.64824
1850.0 4650.0 1.27690
1950.0 4650.0 0.91071
2050.0 4650.0 0.65068
2150.0 4650.0 0.57039
2250.0 4650.0 0.68364
2350.0 4650.0 0.91075
2450.0 4650.0 1.17656
2550.0 4650.0 1.46337
2650.0 4650.0 1.68122
2750.0 4650.0 1.72883
2850.0 4650.0 1.54642
2950.0 4650.0 1.14204
3050.0 4650.0 0.59141
3150.0 4650.0 0.01124
3250.0 4650.0 -0.49405
3350.0 4650.0 -0.91112
3450.0 4650.0 -1.30037
3550.0 4650.0 -1.62479
3650.0 4650.0 -1.83577
3750.0 4650.0 -1.90908
3850.0 4650.0 -1.85568
3950.0 4650.0 -1.72206
4050.0 4650.0 -1.57976
4150.0 4650.0 -1.50443
4250.0 4650.0 -1.54419
4350.0 4650.0 -1.67747
4450.0 4650.0 -1.79090
4550.0 4650.0 -1.77532
4650.0 4650.0 -1.57673
4750.0 4650.0 -1.19631
4850.0 4650.0 -0.68381
4950.0 4650.0 -0.12421
5050.0 4650.0 0.38243
5150.0 4650.0 0.74794
5250.0 4650.0 0.92977
5350.0 4650.0 0.97150
5450.0 4650.0 0.99095
5550.0 4650.0 1.01111
5650.0 4650.0 1.00581
5750.0 4650.0 0.94446
5850.0 4650.0 0.80890
5950.0 4650.0 0.60216
6050.0 4650.0 0.34890
6150.0 4650.0 0.08777
6250.0 4650.0 -0.14449
6350.0 4650.0 -0.33723
50.0 4750.0 1.67767
150.0 4750.0 1.89359
250.0 4750.0 1.70560
350.0 4750.0 1.32467
450.0 4750.0 0.86295
550.0 4750.0 0.32686
650.0 4750.0 -0.16825
750.0 4750.0 -0.48507
850.0 4750.0 -0.53234
950.0 4750.0 -0.30017
1050.0 4750.0 0.13729
1150.0 4750.0 0.65181
1250.0 4750.0 1.12375
1350.0 4750.0 1.53232
1450.0 4750.0 1.88415
1550.0 4750.0 2.09595
1650.0 4750.0 2.11827
1750.0 4750.0 1.95267
1850.0 4750.0 1.65010
1950.0 4750.0 1.29950
2050.0 4750.0 1.00649
2150.0 4750.0 0.86227
2250.0 4750.0 0.90270
2350.0 4750.0 1.06031
2450.0 4750.0 1.26009
2550.0 4750.0 1.49478
2650.0 4750.0 1.68820
2750.0 4750.0 1.74779
2850.0 4750.0 1.61322
2950.0 4750.0 1.28174
3050.0 4750.0 0.81045
3150.0 4750.0 0.29534
3250.0 4750.0 -0.17278
3350.0 4750.0 -0.57455
3450.0 4750.0 -0.92314
3550.0 4750.0 -1.14055
3650.0 4750.0 -1.19587
3750.0 4750.0 -1.11235
3850.0 4750.0 -0.95108
3950.0 4750.0 -0.79301
4050.0 4750.0 -0.71927
4150.0 4750.0 -0.78969
4250.0 4750.0 -1.01971
4350.0 4750.0 -1.35562
4450.0 4750.0 -1.68539
4550.0 4750.0 -1.91178
4650.0 4750.0 -1.94849
4750.0 4750.0 -1.74863
4850.0 4750.0 -1.32527
4950.0 4750.0 -0.75358
5050.0 4750.0 -0.15459
5150.0 4750.0 0.33958
5250.0 4750.0 0.63877
5350.0 4750.0 0.76630
5450.0 4750.0 0.85855
5550.0 4750.0 0.93249
5650.0 4750.0 0.95914
5750.0 4750.0 0.91475
5850.0 4750.0 0.79265
5950.0 4750.0 0.60795
6050.0 4750.0 0.39480
6150.0 4750.0 0.19657
6250.0 4750.0 0.04854
6350.0 4750.0 -0.04650
50.0 4850.0 1.39775
150.0 4850.0 1.56277
250.0 4850.0 1.37885
350.0 4850.0 1.02526
450.0 4850.0 0.57892
550.0 4850.0 0.03358
650.0 4850.0 -0.49322
750.0 4850.0 -0.85367
850.0 4850.0 -0.94278
950.0 4850.0 -0.73786
1050.0 4850.0 -0.30431
1150.0 4850.0 0.23227
1250.0 4850.0 0.74755
1350.0 4850.0 1.20962
1450.0 4850.0 1.62967
1550.0 4850.0 1.93293
1650.0 4850.0 2.05661
1750.0 4850.0 1.98051
1850.0 4850.0 1.73651
1950.0 4850.0 1.40405
2050.0 4850.0 1.09126
2150.0 4850.0 0.90202
2250.0 4850.0 0.88879
2350.0 4850.0 0.99428
2450.0 4850.0 1.14880
2550.0 4850.0 1.36001
2650.0 4850.0 1.56370
2750.0 4850.0 1.67112
2850.0 4850.0 1.61599
2950.0 4850.0 1.38077
3050.0 4850.0 1.00238
3150.0 4850.0 0.55718
3250.0 4850.0 0.12540
3350.0 4850.0 -0.26399
3450.0 4850.0 -0.57985
3550.0 4850.0 -0.70827
3650.0 4850.0 -0.63054
3750.0 4850.0 -0.40704
3850.0 4850.0 -0.13966
3950.0 4850.0 0.06087
4050.0 4850.0 0.10262
4150.0 4850.0 -0.06481
4250.0 4850.0 -0.43267
4350.0 4850.0 -0.92047
4450.0 4850.0 -1.41707
4550.0 4850.0 -1.84313
4650.0 4850.0 -2.09132
4750.0 4850.0 -2.07581
4850.0 4850.0 -1.77539
4950.0 4850.0 -1.24933
5050.0 4850.0 -0.62614
5150.0 4850.0 -0.06518
5250.0 4850.0 0.30895
5350.0 4850.0 0.49909
5450.0 4850.0 0.64721
5550.0 4850.0 0.76698
5650.0 4850.0 0.82861
5750.0 4850.0 0.81274
5850.0 4850.0 0.71921
5950.0 4850.0 0.56939
6050.0 4850.0 0.40185
6150.0 4850.0 0.26140
6250.0 4850.0 0.18168
6350.0 4850.0 0.16103
50.0 4950.0 1.01392
150.0 4950.0 1.10268
250.0 4950.0 0.90571
350.0 4950.0 0.56709
450.0 4950.0 0.13099
550.0 4950.0 -0.41512
650.0 4950.0 -0.95229
750.0 4950.0 -1.32758
850.0 4950.0 -1.42963
950.0 4950.0 -1.23016
1050.0 4950.0 -0.79105
1150.0 4950.0 -0.23731
1250.0 4950.0 0.30422
1350.0 4950.0 0.79675
1450.0 4950.0 1.25511
1550.0 4950.0 1.60881
1650.0 4950.0 1.78743
1750.0 4950.0 1.75864
1850.0 4950.0 1.54404
1950.0 4950.0 1.21822
2050.0 4950.0 0.89131
2150.0 4950.0 0.67472
2250.0 4950.0 0.63034
2350.0 4950.0 0.70627
2450.0 4950.0 0.83992
2550.0 4950.0 1.05494
2650.0 4950.0 1.29567
2750.0 4950.0 1.47252
2850.0 4950.0 1.50982
2950.0 4950.0 1.37437
3050.0 4950.0 1.08489
3150.0 4950.0 0.70219
3250.0 4950.0 0.30017
3350.0 4950.0 -0.08126
3450.0 4950.0 -0.37596
3550.0 4950.0 -0.44387
3650.0 4950.0 -0.27174
3750.0 4950.0 0.05726
3850.0 4950.0 0.41442
3950.0 4950.0 0.66758
4050.0 4950.0 0.71440
4150.0 4950.0 0.50688
4250.0 4950.0 0.06707
4350.0 4950.0 -0.50625
4450.0 4950.0 -1.10109
4550.0 4950.0 -1.65573
4650.0 4950.0 -2.05374
4750.0 4950.0 -2.18483
4850.0 4950.0 -2.00249
4950.0 4950.0 -1.54959
5050.0 4950.0 -0.95179
5150.0 4950.0 -0.37884
5250.0 4950.0 0.02628
5350.0 4950.0 0.25029
5450.0 4950.0 0.43044
5550.0 4950.0 0.57772
5650.0 4950.0 0.66224
5750.0 4950.0 0.66689
5850.0 4950.0 0.59466
5950.0 4950.0 0.46971
6050.0 4950.0 0.33230
6150.0 4950.0 0.22757
6250.0 4950.0 0.18800
6350.0 4950.0 0.20985
50.0 5050.0 0.59500
150.0 5050.0 0.60190
250.0 5050.0 0.38199
350.0 5050.0 0.04733
450.0 5050.0 -0.38321
550.0 5050.0 -0.92245
650.0 5050.0 -1.45073
750.0 5050.0 -1.81481
850.0 5050.0 -1.90369
950.0 5050.0 -1.68998
1050.0 5050.0 -1.23681
1150.0 5050.0 -0.67041
1250.0 5050.0 -0.11816
1350.0 5050.0 0.38390
1450.0 5050.0 0.85231
1550.0 5050.0 1.21581
1650.0 5050.0 1.40120
1750.0 5050.0 1.37346
1850.0 5050.0 1.15293
1950.0 5050.0 0.81506
2050.0 5050.0 0.47265
2150.0 5050.0 0.24077
2250.0 5050.0 0.18418
2350.0 5050.0 0.25087
2450.0 5050.0 0.38419
2550.0 5050.0 0.62202
2650.0 5050.0 0.91361
2750.0 5050.0 1.16531
2850.0 5050.0 1.29091
2950.0 5050.0 1.24325
3050.0 5050.0 1.02691
3150.0 5050.0 0.69234
3250.0 5050.0 0.31102
3350.0 5050.0 -0.06676
3450.0 5050.0 -0.35151
3550.0 5050.0 -0.38738
3650.0 5050.0 -0.16093
3750.0 5050.0 0.23539
3850.0 5050.0 0.65971
3950.0 5050.0 0.96719
4050.0 5050.0 1.04656
4150.0 5050.0 0.84669
4250.0 5050.0 0.39309
4350.0 5050.0 -0.20570
4450.0 5050.0 -0.83450
4550.0 5050.0 -1.44454
4650.0 5050.0 -1.91950
4750.0 5050.0 -2.13905
4850.0 5050.0 -2.04290
4950.0 5050.0 -1.66128
5050.0 5050.0 -1.11163
5150.0 5050.0 -0.56168
5250.0 5050.0 -0.15888
5350.0 5050.0 0.07387
5450.0 5050.0 0.26354
5550.0 5050.0 0.41730
5650.0 5050.0 0.50475
5750.0 5050.0 0.50978
5850.0 5050.0 0.43714
5950.0 5050.0 0.31293
6050.0 5050.0 0.17901
6150.0 5050.0 0.08136
6250.0 5050.0 0.05237
6350.0 5050.0 0.08705
50.0 5150.0 0.18368
150.0 5150.0 0.11262
250.0 5150.0 -0.13194
350.0 5150.0 -0.46661
450.0 5150.0 -0.89308
550.0 5150.0 -1.42211
650.0 5150.0 -1.93380
750.0 5150.0 -2.27679
850.0 5150.0 -2.34315
950.0 5150.0 -2.10889
1050.0 5150.0 -1.64005
1150.0 5150.0 -1.06446
1250.0 5150.0 -0.50909
1350.0 5150.0 -0.00703
1450.0 5150.0 0.45881
1550.0 5150.0 0.81416
1650.0 5150.0 0.98512
1750.0 5150.0 0.93805
1850.0 5150.0 0.69597
1950.0 5150.0 0.33753
2050.0 5150.0 -0.02144
2150.0 5150.0 -0.26391
2250.0 5150.0 -0.32505
2350.0 5150.0 -0.25935
2450.0 5150.0 -0.11869
2550.0 5150.0 0.14744
2650.0 5150.0 0.49146
2750.0 5150.0 0.81482
2850.0 5150.0 1.02116
2950.0 5150.0 1.05092
3050.0 5150.0 0.89707
3150.0 5150.0 0.60226
3250.0 5150.0 0.23721
3350.0 5150.0 -0.13845
3450.0 5150.0 -0.41793
3550.0 5150.0 -0.43463
3650.0 5150.0 -0.17247
3750.0 5150.0 0.27293
3850.0 5150.0 0.75285
3950.0 5150.0 1.11401
4050.0 5150.0 1.23716
4150.0 5150.0 1.06571
4250.0 5150.0 0.62432
4350.0 5150.0 0.02731
4450.0 5150.0 -0.60587
4550.0 5150.0 -1.23618
4650.0 5150.0 -1.75114
4750.0 5150.0 -2.02708
4850.0 5150.0 -1.99583
4950.0 5150.0 -1.67759
5050.0 5150.0 -1.18016
5150.0 5150.0 -0.66449
5250.0 5150.0 -0.27649
5350.0 5150.0 -0.04520
5450.0 5150.0 0.14447
5550.0 5150.0 0.29481
5650.0 5150.0 0.37422
5750.0 5150.0 0.36702
5850.0 5150.0 0.27958
5950.0 5150.0 0.14027
6050.0 5150.0 -0.00670
6150.0 5150.0 -0.11348
6250.0 5150.0 -0.14698
6350.0 5150.0 -0.11334
50.0 5250.0 -0.13778
150.0 5250.0 -0.26545
250.0 5250.0 -0.51961
350.0 5250.0 -0.84259
450.0 5250.0 -1.25594
550.0 5250.0 -1.77268
650.0 5250.0 -2.27591
750.0 5250.0 -2.61696
850.0 5250.0 -2.68884
950.0 5250.0 -2.46631
1050.0 5250.0 -2.01226
1150.0 5250.0 -1.45056
1250.0 5250.0 -0.90533
1350.0 5250.0 -0.41042
1450.0 5250.0 0.05083
1550.0 5250.0 0.40680
1650.0 5250.0 0.58372
1750.0 5250.0 0.54622
1850.0 5250.0 0.31460
1950.0 5250.0 -0.03539
2050.0 5250.0 -0.39028
2150.0 5250.0 -0.63424
2250.0 5250.0 -0.70200
2350.0 5250.0 -0.64550
2450.0 5250.0 -0.50905
2550.0 5250.0 -0.23218
2650.0 5250.0 0.14217
2750.0 5250.0 0.51435
2850.0 5250.0 0.78200
2950.0 5250.0 0.87619
3050.0 5250.0 0.77940
3150.0 5250.0 0.52560
3250.0 5250.0 0.18230
3350.0 5250.0 -0.18428
3450.0 5250.0 -0.45296
3550.0 5250.0 -0.44841
3650.0 5250.0 -0.15073
3750.0 5250.0 0.34415
3850.0 5250.0 0.88345
3950.0 5250.0 1.30717
4050.0 5250.0 1.48830
4150.0 5250.0 1.36352
4250.0 5250.0 0.95459
4350.0 5250.0 0.37986
4450.0 5250.0 -0.23807
4550.0 5250.0 -0.87278
4650.0 5250.0 -1.41828
4750.0 5250.0 -1.74882
4850.0 5250.0 -1.78754
4950.0 5250.0 -1.54199
5050.0 5250.0 -1.10638
5150.0 5250.0 -0.63069
5250.0 5250.0 -0.25661
5350.0 5250.0 -0.02030
5450.0 5250.0 0.17726
5550.0 5250.0 0.33207
5650.0 5250.0 0.40870
5750.0 5250.0 0.38887
5850.0 5250.0 0.27877
5950.0 5250.0 0.10935
6050.0 5250.0 -0.07028
6150.0 5250.0 -0.20652
6250.0 5250.0 -0.26189
6350.0 5250.0 -0.24264
50.0 5350.0 -0.28498
150.0 5350.0 -0.42411
250.0 5350.0 -0.65693
350.0 5350.0 -0.94477
450.0 5350.0 -1.32579
550.0 5350.0 -1.82259
650.0 5350.0 -2.32758
750.0 5350.0 -2.69681
850.0 5350.0 -2.82112
950.0 5350.0 -2.66610
1050.0 5350.0 -2.28061
1150.0 5350.0 -1.77426
1250.0 5350.0 -1.26348
1350.0 5350.0 -0.78917
1450.0 5350.0 -0.33666
1550.0 5350.0 0.03505
1650.0 5350.0 0.25364
1750.0 5350.0 0.27618
1850.0 5350.0 0.11049
1950.0 5350.0 -0.18147
2050.0 5350.0 -0.49796
2150.0 5350.0 -0.72975
2250.0 5350.0 -0.81023
2350.0 5350.0 -0.77986
2450.0 5350.0 -0.67107
2550.0 5350.0 -0.41885
2650.0 5350.0 -0.05863
2750.0 5350.0 0.31653
2850.0 5350.0 0.60659
2950.0 5350.0 0.73925
3050.0 5350.0 0.68873
3150.0 5350.0 0.47845
3250.0 5350.0 0.16785
3350.0 5350.0 -0.17583
3450.0 5350.0 -0.42370
3550.0 5350.0 -0.39777
3650.0 5350.0 -0.07268
3750.0 5350.0 0.46121
3850.0 5350.0 1.05390
3950.0 5350.0 1.54402
4050.0 5350.0 1.79917
4150.0 5350.0 1.74847
4250.0 5350.0 1.40715
4350.0 5350.0 0.89297
4450.0 5350.0 0.32743
4550.0 5350.0 -0.28100
4650.0 5350.0 -0.83753
4750.0 5350.0 -1.21651
4850.0 5350.0 -1.33120
4950.0 5350.0 -1.17191
5050.0 5350.0 -0.81231
5150.0 5350.0 -0.38414
5250.0 5350.0 -0.02009
5350.0 5350.0 0.23495
5450.0 5350.0 0.45704
5550.0 5350.0 0.63478
5650.0 5350.0 0.72426
5750.0 5350.0 0.69831
5850.0 5350.0 0.55851
5950.0 5350.0 0.33796
6050.0 5350.0 0.09438
6150.0 5350.0 -0.10608
6250.0 5350.0 -0.21459
6350.0 5350.0 -0.23481
50.0 5450.0 -0.25364
150.0 5450.0 -0.35189
250.0 5450.0 -0.52942
350.0 5450.0 -0.75751
450.0 5450.0 -1.08422
550.0 5450.0 -1.54738
650.0 5450.0 -2.05493
750.0 5450.0 -2.47092
850.0 5450.0 -2.68264
950.0 5450.0 -2.64030
1050.0 5450.0 -2.36942
1150.0 5450.0 -1.95567
1250.0 5450.0 -1.50256
1350.0 5450.0 -1.06279
1450.0 5450.0 -0.62501
1550.0 5450.0 -0.22709
1650.0 5450.0 0.06101
1750.0 5450.0 0.18378
1850.0 5450.0 0.12815
1950.0 5450.0 -0.06697
2050.0 5450.0 -0.31944
2150.0 5450.0 -0.53104
2250.0 5450.0 -0.63295
2350.0 5450.0 -0.64653
2450.0 5450.0 -0.59003
2550.0 5450.0 -0.40004
2650.0 5450.0 -0.10152
2750.0 5450.0 0.22715
2850.0 5450.0 0.49715
2950.0 5450.0 0.63944
3050.0 5450.0 0.62250
3150.0 5450.0 0.45745
3250.0 5450.0 0.19058
3350.0 5450.0 -0.11588
3450.0 5450.0 -0.33441
3550.0 5450.0 -0.29436
3650.0 5450.0 0.03566
3750.0 5450.0 0.57829
3850.0 5450.0 1.19616
3950.0 5450.0 1.73544
4050.0 5450.0 2.06406
4150.0 5450.0 2.10478
4250.0 5450.0 1.86296
4350.0 5450.0 1.44862
4450.0 5450.0 0.97481
4550.0 5450.0 0.42745
4650.0 5450.0 -0.11429
4750.0 5450.0 -0.52757
4850.0 5450.0 -0.71557
4950.0 5450.0 -0.64792
5050.0 5450.0 -0.37190
5150.0 5450.0 0.00570
5250.0 5450.0 0.36593
5350.0 5450.0 0.65428
5450.0 5450.0 0.91891
5550.0 5450.0 1.14209
5650.0 5450.0 1.26745
5750.0 5450.0 1.25182
5850.0 5450.0 1.08635
5950.0 5450.0 0.80397
6050.0 5450.0 0.47329
6150.0 5450.0 0.17881
6250.0 5450.0 -0.01240
6350.0 5450.0 -0.09770
50.0 5550.0 -0.09729
150.0 5550.0 -0.11037
250.0 5550.0 -0.20599
350.0 5550.0 -0.35639
450.0 5550.0 -0.61054
550.0 5550.0 -1.02307
650.0 5550.0 -1.52165
750.0 5550.0 -1.98202
850.0 5550.0 -2.28917
950.0 5550.0 -2.37622
1050.0 5550.0 -2.24080
1150.0 5550.0 -1.93919
1250.0 5550.0 -1.55793
1350.0 5550.0 -1.16268
1450.0 5550.0 -0.74597
1550.0 5550.0 -0.32082
1650.0 5550.0 0.04537
1750.0 5550.0 0.28207
1850.0 5550.0 0.35146
1950.0 5550.0 0.26532
2050.0 5550.0 0.08284
2150.0 5550.0 -0.11047
2250.0 5550.0 -0.24297
2350.0 5550.0 -0.31357
2450.0 5550.0 -0.32737
2550.0 5550.0 -0.22756
2650.0 5550.0 -0.02663
2750.0 5550.0 0.21779
2850.0 5550.0 0.43477
2950.0 5550.0 0.56363
3050.0 5550.0 0.56932
3150.0 5550.0 0.44960
3250.0 5550.0 0.23396
3350.0 5550.0 -0.02499
3450.0 5550.0 -0.21036
3550.0 5550.0 -0.17060
3650.0 5550.0 0.13086
3750.0 5550.0 0.63655
3850.0 5550.0 1.23217
3950.0 5550.0 1.78199
4050.0 5550.0 2.16233
4150.0 5550.0 2.29319
4250.0 5550.0 2.16801
4350.0 5550.0 1.88117
4450.0 5550.0 1.52824
4550.0 5550.0 1.07048
4650.0 5550.0 0.56892
4750.0 5550.0 0.14109
4850.0 5550.0 -0.10729
4950.0 5550.0 -0.12442
5050.0 5550.0 0.07150
5150.0 5550.0 0.40224
5250.0 5550.0 0.76576
5350.0 5550.0 1.09833
5450.0 5550.0 1.41932
5550.0 5550.0 1.70824
5650.0 5550.0 1.89434
5750.0 5550.0 1.91283
5850.0 5550.0 1.73853
5950.0 5550.0 1.40049
6050.0 5550.0 0.97768
6150.0 5550.0 0.57560
6250.0 5550.0 0.28407
6350.0 5550.0 0.11586
50.0 5650.0 0.09757
150.0 5650.0 0.19424
250.0 5650.0 0.19277
350.0 5650.0 0.12665
450.0 5650.0 -0.04527
550.0 5650.0 -0.39137
650.0 5650.0 -0.86016
750.0 5650.0 -1.34215
850.0 5650.0 -1.72374
950.0 5650.0 -1.92393
1050.0 5650.0 -1.91420
1150.0 5650.0 -1.72134
1250.0 5650.0 -1.41333
1350.0 5650.0 -1.06597
1450.0 5650.0 -0.67536
1550.0 5650.0 -0.23171
1650.0 5650.0 0.19961
1750.0 5650.0 0.53381
1850.0 5650.0 0.71007
1950.0 5650.0 0.71516
2050.0 5650.0 0.58744
2150.0 5650.0 0.40112
2250.0 5650.0 0.23084
2350.0 5650.0 0.09832
2450.0 5650.0 0.00758
2550.0 5650.0 0.00625
2650.0 5650.0 0.09489
2750.0 5650.0 0.23893
2850.0 5650.0 0.38810
2950.0 5650.0 0.49236
3050.0 5650.0 0.51437
3150.0 5650.0 0.43845
3250.0 5650.0 0.27606
3350.0 5650.0 0.06810
3450.0 5650.0 -0.08602
3550.0 5650.0 -0.06427
3650.0 5650.0 0.17296
3750.0 5650.0 0.59263
3850.0 5650.0 1.11183
3950.0 5650.0 1.62239
4050.0 5650.0 2.01725
4150.0 5650.0 2.21864
4250.0 5650.0 2.20801
4350.0 5650.0 2.05735
4450.0 5650.0 1.83660
4550.0 5650.0 1.48322
4650.0 5650.0 1.04012
4750.0 5650.0 0.61786
4850.0 5650.0 0.32886
4950.0 5650.0 0.24431
5050.0 5650.0 0.37370
5150.0 5650.0 0.66709
5250.0 5650.0 1.04004
5350.0 5650.0 1.42120
5450.0 5650.0 1.80450
5550.0 5650.0 2.17189
5650.0 5650.0 2.43892
5750.0 5650.0 2.51641
5850.0 5650.0 2.35853
5950.0 5650.0 1.98622
6050.0 5650.0 1.48568
6150.0 5650.0 0.98224
6250.0 5650.0 0.58936
6350.0 5650.0 0.33289
50.0 5750.0 0.23551
150.0 5750.0 0.44009
250.0 5750.0 0.52748
350.0 5750.0 0.53920
450.0 5750.0 0.44805
550.0 5750.0 0.17836
650.0 5750.0 -0.23686
750.0 5750.0 -0.70463
850.0 5750.0 -1.11756
950.0 5750.0 -1.38740
1050.0 5750.0 -1.46660
1150.0 5750.0 -1.35786
1250.0 5750.0 -1.11165
1350.0 5750.0 -0.80814
1450.0 5750.0 -0.44592
1550.0 5750.0 0.00062
1650.0 5750.0 0.46696
1750.0 5750.0 0.85778
1850.0 5750.0 1.09586
1950.0 5750.0 1.15058
2050.0 5750.0 1.04621
2150.0 5750.0 0.84975
2250.0 5750.0 0.63850
2350.0 5750.0 0.44856
2450.0 5750.0 0.28726
2550.0 5750.0 0.19356
2650.0 5750.0 0.18012
2750.0 5750.0 0.23345
2850.0 5750.0 0.32205
2950.0 5750.0 0.40538
3050.0 5750.0 0.44375
3150.0 5750.0 0.40897
3250.0 5750.0 0.29587
3350.0 5750.0 0.13480
3450.0 5750.0 0.00502
3550.0 5750.0 -0.00703
3650.0 5750.0 0.13865
3750.0 5750.0 0.43435
3850.0 5750.0 0.83231
3950.0 5750.0 1.25752
4050.0 5750.0 1.62559
4150.0 5750.0 1.86587
4250.0 5750.0 1.94958
4350.0 5750.0 1.92279
4450.0 5750.0 1.82483
4550.0 5750.0 1.57288
4650.0 5750.0 1.19421
4750.0 5750.0 0.79213
4850.0 5750.0 0.48314
4950.0 5750.0 0.35359
5050.0 5750.0 0.43590
5150.0 5750.0 0.70429
5250.0 5750.0 1.09009
5350.0 5750.0 1.51652
5450.0 5750.0 1.95871
5550.0 5750.0 2.40620
5650.0 5750.0 2.76388
5750.0 5750.0 2.91897
5850.0 5750.0 2.80353
5950.0 5750.0 2.42685
6050.0 5750.0 1.87769
6150.0 5750.0 1.29655
6250.0 5750.0 0.81774
6350.0 5750.0 0.48136
50.0 5850.0 0.23535
150.0 5850.0 0.51936
250.0 5850.0 0.67379
350.0 5850.0 0.74546
450.0 5850.0 0.72257
550.0 5850.0 0.53032
650.0 5850.0 0.18829
750.0 5850.0 -0.22667
850.0 5850.0 -0.61806
950.0 5850.0 -0.89906
1050.0 5850.0 -1.01373
1150.0 5850.0 -0.94999
1250.0 5850.0 -0.74432
1350.0 5850.0 -0.47421
1450.0 5850.0 -0.13911
1550.0 5850.0 0.29228
1650.0 5850.0 0.75492
1750.0 5850.0 1.14856
1850.0 5850.0 1.38926
1950.0 5850.0 1.43996
2050.0 5850.0 1.32033
2150.0 5850.0 1.09574
2250.0 5850.0 0.84543
2350.0 5850.0 0.61090
2450.0 5850.0 0.39689
2550.0 5850.0 0.23730
2650.0 5850.0 0.15458
2750.0 5850.0 0.15052
2850.0 5850.0 0.20629
2950.0 5850.0 0.28655
3050.0 5850.0 0.34787
3150.0 5850.0 0.35118
3250.0 5850.0 0.27850
3350.0 5850.0 0.15359
3450.0 5850.0 0.03816
3550.0 5850.0 -0.01669
3650.0 5850.0 0.02692
3750.0 5850.0 0.18355
3850.0 5850.0 0.43858
3950.0 5850.0 0.75005
4050.0 5850.0 1.05821
4150.0 5850.0 1.30283
4250.0 5850.0 1.44808
4350.0 5850.0 1.51495
4450.0 5850.0 1.51190
4550.0 5850.0 1.34106
4650.0 5850.0 1.01833
4750.0 5850.0 0.64097
4850.0 5850.0 0.32729
4950.0 5850.0 0.17367
5050.0 5850.0 0.22851
5150.0 5850.0 0.48346
5250.0 5850.0 0.88166
5350.0 5850.0 1.34320
5450.0 5850.0 1.83221
5550.0 5850.0 2.34950
5650.0 5850.0 2.79380
5750.0 5850.0 3.03307
5850.0 5850.0 2.97905
5950.0 5850.0 2.62769
6050.0 5850.0 2.06540
6150.0 5850.0 1.44107
6250.0 5850.0 0.90404
6350.0 5850.0 0.50773
50.0 5950.0 0.05252
150.0 5950.0 0.36844
250.0 5950.0 0.55743
350.0 5950.0 0.66444
450.0 5950.0 0.68959
550.0 5950.0 0.56659
650.0 5950.0 0.30816
750.0 5950.0 -0.02278
850.0 5950.0 -0.34383
950.0 5950.0 -0.57789
1050.0 5950.0 -0.67195
1150.0 5950.0 -0.60989
1250.0 5950.0 -0.41934
1350.0 5950.0 -0.16853
1450.0 5950.0 0.14385
1550.0 5950.0 0.54438
1650.0 5950.0 0.96617
1750.0 5950.0 1.31007
1850.0 5950.0 1.49562
1950.0 5950.0 1.49068
2050.0 5950.0 1.32010
2150.0 5950.0 1.05324
2250.0 5950.0 0.77037
2350.0 5950.0 0.50898
2450.0 5950.0 0.26687
2550.0 5950.0 0.07855
2650.0 5950.0 -0.02679
2750.0 5950.0 -0.04012
2850.0 5950.0 0.02368
2950.0 5950.0 0.12815
3050.0 5950.0 0.22377
3150.0 5950.0 0.26257
3250.0 5950.0 0.21885
3350.0 5950.0 0.11562
3450.0 5950.0 0.00409
3550.0 5950.0 -0.09349
3650.0 5950.0 -0.14300
3750.0 5950.0 -0.11387
3850.0 5950.0 0.00516
3950.0 5950.0 0.19951
4050.0 5950.0 0.43145
4150.0 5950.0 0.65201
4250.0 5950.0 0.82209
4350.0 5950.0 0.94249
4450.0 5950.0 0.99538
4550.0 5950.0 0.87338
4650.0 5950.0 0.58597
4750.0 5950.0 0.22664
4850.0 5950.0 -0.08570
4950.0 5950.0 -0.24944
5050.0 5950.0 -0.20739
5150.0 5950.0 0.04187
5250.0 5950.0 0.44832
5350.0 5950.0 0.93059
5450.0 5950.0 1.44894
5550.0 5950.0 2.01657
5650.0 5950.0 2.53090
5750.0 5950.0 2.84724
5850.0 5950.0 2.86166
5950.0 5950.0 2.55735
6050.0 5950.0 2.01445
6150.0 5950.0 1.38320
6250.0 5950.0 0.82065
6350.0 5950.0 0.39068
50.0 6050.0 -0.29941
150.0 6050.0 -0.00123
250.0 6050.0 0.19015
350.0 6050.0 0.30919
450.0 6050.0 0.36153
550.0 6050.0 0.29474
650.0 6050.0 0.12056
750.0 6050.0 -0.10890
850.0 6050.0 -0.32665
950.0 6050.0 -0.47111
1050.0 6050.0 -0.50105
1150.0 6050.0 -0.40546
1250.0 6050.0 -0.20804
1350.0 6050.0 0.03668
1450.0 6050.0 0.33203
1550.0 6050.0 0.69185
1650.0 6050.0 1.04649
1750.0 6050.0 1.30274
1850.0 6050.0 1.39148
1950.0 6050.0 1.29428
2050.0 6050.0 1.04860
2150.0 6050.0 0.73196
2250.0 6050.0 0.42478
2350.0 6050.0 0.15342
2450.0 6050.0 -0.09346
2550.0 6050.0 -0.27492
2650.0 6050.0 -0.35778
2750.0 6050.0 -0.33349
2850.0 6050.0 -0.22142
2950.0 6050.0 -0.06539
3050.0 6050.0 0.07657
3150.0 6050.0 0.14925
3250.0 6050.0 0.12403
3350.0 6050.0 0.02891
3450.0 6050.0 -0.08677
3550.0 6050.0 -0.22012
3650.0 6050.0 -0.34130
3750.0 6050.0 -0.41077
3850.0 6050.0 -0.40077
3950.0 6050.0 -0.30697
4050.0 6050.0 -0.15052
4150.0 6050.0 0.02967
4250.0 6050.0 0.19443
4350.0 6050.0 0.33113
4450.0 6050.0 0.40269
4550.0 6050.0 0.29655
4650.0 6050.0 0.01994
4750.0 6050.0 -0.33485
4850.0 6050.0 -0.64849
4950.0 6050.0 -0.81733
5050.0 6050.0 -0.78099
5150.0 6050.0 -0.53457
5250.0 6050.0 -0.12577
5350.0 6050.0 0.36340
5450.0 6050.0 0.89402
5550.0 6050.0 1.49062
5650.0 6050.0 2.05312
5750.0 6050.0 2.43083
5850.0 6050.0 2.50975
5950.0 6050.0 2.26249
6050.0 6050.0 1.76080
6150.0 6050.0 1.15079
6250.0 6050.0 0.59069
6350.0 6050.0 0.15133
50.0 6150.0 -0.73177
150.0 6150.0 -0.47648
250.0 6150.0 -0.29847
350.0 6150.0 -0.17841
450.0 6150.0 -0.10901
550.0 6150.0 -0.12680
650.0 6150.0 -0.21827
750.0 6150.0 -0.34055
850.0 6150.0 -0.44238
950.0 6150.0 -0.47997
1050.0 6150.0 -0.42770
1150.0 6150.0 -0.28360
1250.0 6150.0 -0.06981
1350.0 6150.0 0.17462
1450.0 6150.0 0.45555
1550.0 6150.0 0.77080
1650.0 6150.0 1.04782
1750.0 6150.0 1.20148
1850.0 6150.0 1.17749
1950.0 6150.0 0.97467
2050.0 6150.0 0.64600
2150.0 6150.0 0.27863
2250.0 6150.0 -0.04745
2350.0 6150.0 -0.31999
2450.0 6150.0 -0.55976
2550.0 6150.0 -0.71649
2650.0 6150.0 -0.75454
2750.0 6150.0 -0.66971
2850.0 6150.0 -0.48999
2950.0 6150.0 -0.26958
3050.0 6150.0 -0.07608
3150.0 6150.0 0.02902
3250.0 6150.0 0.01670
3350.0 6150.0 -0.07731
3450.0 6150.0 -0.20086
3550.0 6150.0 -0.36467
3650.0 6150.0 -0.54311
3750.0 6150.0 -0.69147
3850.0 6150.0 -0.77080
3950.0 6150.0 -0.76306
4050.0 6150.0 -0.67650
4150.0 6150.0 -0.54121
4250.0 6150.0 -0.39508
4350.0 6150.0 -0.26013
4450.0 6150.0 -0.18824
4550.0 6150.0 -0.29504
4650.0 6150.0 -0.57370
4750.0 6150.0 -0.93191
4850.0 6150.0 -1.24994
4950.0 6150.0 -1.42351
5050.0 6150.0 -1.39147
5150.0 6150.0 -1.14828
5250.0 6150.0 -0.74130
5350.0 6150.0 -0.25289
5450.0 6150.0 0.28059
5550.0 6150.0 0.89379
5650.0 6150.0 1.49083
5750.0 6150.0 1.91862
5850.0 6150.0 2.05629
5950.0 6150.0 1.86746
6050.0 6150.0 1.41495
6150.0 6150.0 0.83824
6250.0 6150.0 0.29357
6350.0 6150.0 -0.14340
50.0 6250.0 -1.15807
150.0 6250.0 -0.93911
250.0 6250.0 -0.76902
350.0 6250.0 -0.64277
450.0 6250.0 -0.54699
550.0 6250.0 -0.49935
650.0 6250.0 -0.48672
750.0 6250.0 -0.47990
850.0 6250.0 -0.44796
950.0 6250.0 -0.36823
1050.0 6250.0 -0.23182
1150.0 6250.0 -0.04477
1250.0 6250.0 0.17518
1350.0 6250.0 0.40749
1450.0 6250.0 0.66027
1550.0 6250.0 0.91533
1650.0 6250.0 1.10092
1750.0 6250.0 1.14436
1850.0 6250.0 1.00901
1950.0 6250.0 0.71108
2050.0 6250.0 0.31646
2150.0 6250.0 -0.08251
2250.0 6250.0 -0.41031
2350.0 6250.0 -0.66946
2450.0 6250.0 -0.88773
2550.0 6250.0 -1.00718
2650.0 6250.0 -0.99351
2750.0 6250.0 -0.85014
2850.0 6250.0 -0.61473
2950.0 6250.0 -0.34999
3050.0 6250.0 -0.12876
3150.0 6250.0 -0.01333
3250.0 6250.0 -0.02906
3350.0 6250.0 -0.13310
3450.0 6250.0 -0.27375
3550.0 6250.0 -0.47348
3650.0 6250.0 -0.70993
3750.0 6250.0 -0.93379
3850.0 6250.0 -1.09668
3950.0 6250.0 -1.16917
4050.0 6250.0 -1.14896
4150.0 6250.0 -1.05920
4250.0 6250.0 -0.93697
4350.0 6250.0 -0.81215
4450.0 6250.0 -0.74575
4550.0 6250.0 -0.84978
4650.0 6250.0 -1.11739
4750.0 6250.0 -1.46018
4850.0 6250.0 -1.76375
4950.0 6250.0 -1.92870
5050.0 6250.0 -1.89701
5150.0 6250.0 -1.66387
5250.0 6250.0 -1.27488
5350.0 6250.0 -0.80869
5450.0 6250.0 -0.29562
5550.0 6250.0 0.30852
5650.0 6250.0 0.91509
5750.0 6250.0 1.37327
5850.0 6250.0 1.55908
5950.0 6250.0 1.42818
6050.0 6250.0 1.03245
6150.0 6250.0 0.50040
6250.0 6250.0 -0.01862
6350.0 6250.0 -0.44641
50.0 6350.0 -1.52255
150.0 6350.0 -1.32078
250.0 6350.0 -1.14434
350.0 6350.0 -0.99953
450.0 6350.0 -0.85859
550.0 6350.0 -0.71700
650.0 6350.0 -0.56715
750.0 6350.0 -0.40192
850.0 6350.0 -0.21817
950.0 6350.0 -0.01826
1050.0 6350.0 0.19049
1150.0 6350.0 0.39845
1250.0 6350.0 0.59832
1350.0 6350.0 0.79197
1450.0 6350.0 0.98766
1550.0 6350.0 1.15304
1650.0 6350.0 1.22545
1750.0 6350.0 1.15323
1850.0 6350.0 0.92179
1950.0 6350.0 0.56302
2050.0 6350.0 0.14818
2150.0 6350.0 -0.23583
2250.0 6350.0 -0.52675
2350.0 6350.0 -0.74165
2450.0 6350.0 -0.90862
2550.0 6350.0 -0.96596
2650.0 6350.0 -0.88898
2750.0 6350.0 -0.69532
2850.0 6350.0 -0.43388
2950.0 6350.0 -0.17131
3050.0 6350.0 0.02414
3150.0 6350.0 0.10124
3250.0 6350.0 0.04695
3350.0 6350.0 -0.09061
3450.0 6350.0 -0.26712
3550.0 6350.0 -0.51163
3650.0 6350.0 -0.80249
3750.0 6350.0 -1.08727
3850.0 6350.0 -1.31262
3950.0 6350.0 -1.44387
4050.0 6350.0 -1.47454
4150.0 6350.0 -1.42566
4250.0 6350.0 -1.33498
4350.0 6350.0 -1.23623
4450.0 6350.0 -1.18606
4550.0 6350.0 -1.27847
4650.0 6350.0 -1.50597
4750.0 6350.0 -1.79269
4850.0 6350.0 -2.04184
4950.0 6350.0 -2.17055
5050.0 6350.0 -2.13195
5150.0 6350.0 -1.92448
5250.0 6350.0 -1.58858
5350.0 6350.0 -1.19050
5450.0 6350.0 -0.74750
5550.0 6350.0 -0.20695
5650.0 6350.0 0.35602
5750.0 6350.0 0.80281
5850.0 6350.0 1.01403
5950.0 6350.0 0.93957
6050.0 6350.0 0.61608
6150.0 6350.0 0.15189
6250.0 6350.0 -0.32073
6350.0 6350.0 -0.72587
