50.0 50.0 0.00000
150.0 50.0 0.71315
250.0 50.0 0.79763
350.0 50.0 0.26111
450.0 50.0 -0.47502
550.0 50.0 -0.87932
650.0 50.0 -0.60870
750.0 50.0 0.20064
850.0 50.0 1.03013
950.0 50.0 1.54796
1050.0 50.0 1.51772
1150.0 50.0 0.99590
1250.0 50.0 0.34998
1350.0 50.0 0.01484
1450.0 50.0 -0.00187
1550.0 50.0 -0.20232
1650.0 50.0 -0.64040
1750.0 50.0 -1.02513
1850.0 50.0 -1.08610
1950.0 50.0 -0.75965
2050.0 50.0 -0.19458
2150.0 50.0 0.36346
2250.0 50.0 0.42260
2350.0 50.0 -0.10277
2450.0 50.0 -0.80481
2550.0 50.0 -1.17834
2650.0 50.0 -0.91490
2750.0 50.0 -0.08749
2850.0 50.0 0.94497
2950.0 50.0 2.04869
3050.0 50.0 2.72708
3150.0 50.0 2.57236
3250.0 50.0 1.69454
3350.0 50.0 0.65563
3450.0 50.0 -0.09023
3550.0 50.0 -0.57455
3650.0 50.0 -0.53146
3750.0 50.0 -0.04312
3850.0 50.0 0.51966
3950.0 50.0 0.74795
4050.0 50.0 0.42612
4150.0 50.0 -0.26041
4250.0 50.0 -0.83270
4350.0 50.0 -1.00358
4450.0 50.0 -0.73218
4550.0 50.0 -0.23109
4650.0 50.0 0.14009
4750.0 50.0 0.11071
4850.0 50.0 -0.14521
4950.0 50.0 -0.06727
5050.0 50.0 0.40381
5150.0 50.0 0.92439
5250.0 50.0 1.12218
5350.0 50.0 0.82512
5450.0 50.0 0.14110
5550.0 50.0 -0.61494
5650.0 50.0 -1.10718
5750.0 50.0 -1.12418
5850.0 50.0 -0.70962
5950.0 50.0 -0.16392
6050.0 50.0 0.12024
6150.0 50.0 -0.01140
6250.0 50.0 -0.33785
6350.0 50.0 -0.85765
50.0 150.0 0.44029
150.0 150.0 1.10992
250.0 150.0 1.05238
350.0 150.0 0.26884
450.0 150.0 -0.75838
550.0 150.0 -1.41161
650.0 150.0 -1.28501
750.0 150.0 -0.53001
850.0 150.0 0.29428
950.0 150.0 0.90698
1050.0 150.0 1.06052
1150.0 150.0 0.74597
1250.0 150.0 0.25153
1350.0 150.0 -0.03445
1450.0 150.0 -0.06649
1550.0 150.0 -0.23837
1650.0 150.0 -0.55506
1750.0 150.0 -0.74880
1850.0 150.0 -0.61341
1950.0 150.0 -0.15335
2050.0 150.0 0.45357
2150.0 150.0 1.00308
2250.0 150.0 0.97904
2350.0 150.0 0.26716
2450.0 150.0 -0.67968
2550.0 150.0 -1.27777
2650.0 150.0 -1.15095
2750.0 150.0 -0.36196
2850.0 150.0 0.67423
2950.0 150.0 1.84933
3050.0 150.0 2.67369
3150.0 150.0 2.69609
3250.0 150.0 1.96558
3350.0 150.0 0.99981
3450.0 150.0 0.26047
3550.0 150.0 -0.27066
3650.0 150.0 -0.39538
3750.0 150.0 -0.16676
3850.0 150.0 0.13548
3950.0 150.0 0.19191
4050.0 150.0 -0.17502
4150.0 150.0 -0.82706
4250.0 150.0 -1.33642
4350.0 150.0 -1.40791
4450.0 150.0 -1.02446
4550.0 150.0 -0.43141
4650.0 150.0 -0.00814
4750.0 150.0 -0.02220
4850.0 150.0 -0.27260
4950.0 150.0 -0.13378
5050.0 150.0 0.48182
5150.0 150.0 1.19445
5250.0 150.0 1.56812
5350.0 150.0 1.37617
5450.0 150.0 0.71621
5550.0 150.0 -0.03815
5650.0 150.0 -0.49166
5750.0 150.0 -0.42409
5850.0 150.0 0.09817
5950.0 150.0 0.73883
6050.0 150.0 1.07621
6150.0 150.0 0.95585
6250.0 150.0 0.63313
6350.0 150.0 0.11838
50.0 250.0 0.68833
150.0 250.0 1.27485
250.0 250.0 1.21389
350.0 250.0 0.47108
450.0 250.0 -0.54746
550.0 250.0 -1.27828
650.0 250.0 -1.31862
750.0 250.0 -0.77628
850.0 250.0 -0.13688
950.0 250.0 0.39665
1050.0 250.0 0.59351
1150.0 250.0 0.39115
1250.0 250.0 -0.01871
1350.0 250.0 -0.32739
1450.0 250.0 -0.46179
1550.0 250.0 -0.65408
1650.0 250.0 -0.80611
1750.0 250.0 -0.67390
1850.0 250.0 -0.16894
1950.0 250.0 0.55767
2050.0 250.0 1.24855
2150.0 250.0 1.78369
2250.0 250.0 1.67133
2350.0 250.0 0.76134
2450.0 250.0 -0.45726
2550.0 250.0 -1.32199
2650.0 250.0 -1.37908
2750.0 250.0 -0.67037
2850.0 250.0 0.33585
2950.0 250.0 1.57661
3050.0 250.0 2.57700
3150.0 250.0 2.82800
3250.0 250.0 2.29078
3350.0 250.0 1.41428
3450.0 250.0 0.66641
3550.0 250.0 0.03584
3650.0 250.0 -0.37327
3750.0 250.0 -0.51483
3850.0 250.0 -0.49736
3950.0 250.0 -0.52666
4050.0 250.0 -0.78274
4150.0 250.0 -1.23202
4250.0 250.0 -1.54082
4350.0 250.0 -1.47550
4450.0 250.0 -1.07340
4550.0 250.0 -0.56953
4650.0 250.0 -0.26370
4750.0 250.0 -0.33228
4850.0 250.0 -0.57409
4950.0 250.0 -0.34201
5050.0 250.0 0.48569
5150.0 250.0 1.47107
5250.0 250.0 2.08476
5350.0 250.0 2.02590
5450.0 250.0 1.38367
5550.0 250.0 0.61231
5650.0 250.0 0.17096
5750.0 250.0 0.29478
5850.0 250.0 0.90573
5950.0 250.0 1.63680
6050.0 250.0 2.03354
6150.0 250.0 1.93321
6250.0 250.0 1.64461
6350.0 250.0 1.22634
50.0 350.0 0.64132
150.0 350.0 1.10933
250.0 350.0 1.20391
350.0 350.0 0.82625
450.0 350.0 0.15835
550.0 350.0 -0.44477
650.0 350.0 -0.65839
750.0 350.0 -0.48448
850.0 350.0 -0.20329
950.0 350.0 0.09836
1050.0 350.0 0.23153
1150.0 350.0 0.08146
1250.0 350.0 -0.28509
1350.0 350.0 -0.67802
1450.0 350.0 -1.00249
1550.0 350.0 -1.30243
1650.0 350.0 -1.35246
1750.0 350.0 -0.91087
1850.0 350.0 -0.01117
1950.0 350.0 1.01761
2050.0 350.0 1.80421
2150.0 350.0 2.32333
2250.0 350.0 2.16750
2350.0 350.0 1.15997
2450.0 350.0 -0.21180
2550.0 350.0 -1.25424
2650.0 350.0 -1.46596
2750.0 350.0 -0.86192
2850.0 350.0 0.07392
2950.0 350.0 1.33259
3050.0 350.0 2.45885
3150.0 350.0 2.89461
3250.0 350.0 2.51779
3350.0 350.0 1.70663
3450.0 350.0 0.92938
3550.0 350.0 0.16205
3650.0 350.0 -0.58565
3750.0 350.0 -1.10407
3850.0 350.0 -1.28257
3950.0 350.0 -1.22638
4050.0 350.0 -1.17954
4150.0 350.0 -1.25546
4250.0 350.0 -1.23005
4350.0 350.0 -1.00121
4450.0 350.0 -0.68931
4550.0 350.0 -0.47102
4650.0 350.0 -0.46249
4750.0 350.0 -0.65894
4850.0 350.0 -0.89202
4950.0 350.0 -0.57409
5050.0 350.0 0.43708
5150.0 350.0 1.64647
5250.0 350.0 2.44408
5350.0 350.0 2.47261
5450.0 350.0 1.82265
5550.0 350.0 1.01352
5650.0 350.0 0.54224
5750.0 350.0 0.66248
5850.0 350.0 1.30436
5950.0 350.0 2.08811
6050.0 350.0 2.53245
6150.0 350.0 2.45770
6250.0 350.0 2.23331
6350.0 350.0 2.00179
50.0 450.0 0.35867
150.0 450.0 0.70172
250.0 450.0 1.03255
350.0 450.0 1.17808
450.0 450.0 1.03213
550.0 450.0 0.67096
650.0 450.0 0.30383
750.0 450.0 0.06007
850.0 450.0 -0.06705
950.0 450.0 -0.02067
1050.0 450.0 0.05691
1150.0 450.0 -0.01455
1250.0 450.0 -0.31785
1350.0 450.0 -0.80218
1450.0 450.0 -1.34722
1550.0 450.0 -1.83491
1650.0 450.0 -1.94420
1750.0 450.0 -1.39926
1850.0 450.0 -0.29214
1950.0 450.0 0.92213
2050.0 450.0 1.76826
2150.0 450.0 2.27630
2250.0 450.0 2.15832
2350.0 450.0 1.23558
2450.0 450.0 -0.05678
2550.0 450.0 -1.07361
2650.0 450.0 -1.32873
2750.0 450.0 -0.81451
2850.0 450.0 0.02840
2950.0 450.0 1.23328
3050.0 450.0 2.36233
3150.0 450.0 2.84195
3250.0 450.0 2.51012
3350.0 450.0 1.70322
3450.0 450.0 0.88186
3550.0 450.0 -0.01457
3650.0 450.0 -1.03663
3750.0 450.0 -1.79691
3850.0 450.0 -1.99187
3950.0 450.0 -1.67977
4050.0 450.0 -1.21738
4150.0 450.0 -0.85927
4250.0 450.0 -0.45974
4350.0 450.0 -0.07254
4450.0 450.0 0.09195
4550.0 450.0 -0.06186
4650.0 450.0 -0.42499
4750.0 450.0 -0.77875
4850.0 450.0 -1.00697
4950.0 450.0 -0.65837
5050.0 450.0 0.39939
5150.0 450.0 1.64513
5250.0 450.0 2.44866
5350.0 450.0 2.45167
5450.0 450.0 1.76009
5550.0 450.0 0.90337
5650.0 450.0 0.36742
5750.0 450.0 0.42224
5850.0 450.0 1.02427
5950.0 450.0 1.80405
6050.0 450.0 2.26832
6150.0 450.0 2.21681
6250.0 450.0 2.06642
6350.0 450.0 2.05059
50.0 550.0 0.04293
150.0 550.0 0.28666
250.0 550.0 0.80883
350.0 550.0 1.37707
450.0 550.0 1.65352
550.0 550.0 1.48997
650.0 550.0 1.00226
750.0 550.0 0.42521
850.0 550.0 -0.01002
950.0 550.0 -0.10250
1050.0 550.0 0.03423
1150.0 550.0 0.13515
1250.0 550.0 -0.03785
1350.0 550.0 -0.56356
1450.0 550.0 -1.28545
1550.0 550.0 -1.98479
1650.0 550.0 -2.31104
1750.0 550.0 -1.92582
1850.0 550.0 -0.88943
1950.0 550.0 0.31770
2050.0 550.0 1.16291
2150.0 550.0 1.66821
2250.0 550.0 1.65472
2350.0 550.0 0.96627
2450.0 550.0 -0.04664
2550.0 550.0 -0.84862
2650.0 550.0 -1.02490
2750.0 550.0 -0.55674
2850.0 550.0 0.20191
2950.0 550.0 1.30219
3050.0 550.0 2.31594
3150.0 550.0 2.69104
3250.0 550.0 2.27973
3350.0 550.0 1.41756
3450.0 550.0 0.55237
3550.0 550.0 -0.42659
3650.0 550.0 -1.58346
3750.0 550.0 -2.39621
3850.0 550.0 -2.45055
3950.0 550.0 -1.81774
4050.0 550.0 -0.97350
4150.0 550.0 -0.26458
4250.0 550.0 0.43350
4350.0 550.0 0.94616
4450.0 550.0 0.99133
4550.0 550.0 0.53867
4650.0 550.0 -0.12248
4750.0 550.0 -0.60229
4850.0 550.0 -0.83097
4950.0 550.0 -0.51925
5050.0 550.0 0.42739
5150.0 550.0 1.50251
5250.0 550.0 2.12522
5350.0 550.0 1.99407
5450.0 550.0 1.23966
5550.0 550.0 0.34219
5650.0 550.0 -0.26465
5750.0 550.0 -0.30105
5850.0 550.0 0.22128
5950.0 550.0 0.95694
6050.0 550.0 1.41509
6150.0 550.0 1.37822
6250.0 550.0 1.28592
6350.0 550.0 1.43747
50.0 650.0 -0.07802
150.0 650.0 0.10931
250.0 650.0 0.67646
350.0 650.0 1.36291
450.0 650.0 1.74501
550.0 650.0 1.59910
650.0 650.0 1.01720
750.0 650.0 0.27691
850.0 650.0 -0.27306
950.0 650.0 -0.31545
1050.0 650.0 0.03472
1150.0 650.0 0.41384
1250.0 650.0 0.44571
1350.0 650.0 -0.04320
1450.0 650.0 -0.84868
1550.0 650.0 -1.71138
1650.0 650.0 -2.31268
1750.0 650.0 -2.24858
1850.0 650.0 -1.48495
1950.0 650.0 -0.43824
2050.0 650.0 0.35755
2150.0 650.0 0.86681
2250.0 650.0 0.96887
2350.0 650.0 0.53950
2450.0 650.0 -0.14900
2550.0 650.0 -0.67657
2650.0 650.0 -0.71485
2750.0 650.0 -0.24594
2850.0 650.0 0.46383
2950.0 650.0 1.46102
3050.0 650.0 2.31839
3150.0 650.0 2.52325
3250.0 650.0 1.97447
3350.0 650.0 1.03532
3450.0 650.0 0.14178
3550.0 650.0 -0.86158
3650.0 650.0 -2.02138
3750.0 650.0 -2.75672
3850.0 650.0 -2.63198
3950.0 650.0 -1.76143
4050.0 650.0 -0.69858
4150.0 650.0 0.18099
4250.0 650.0 1.02960
4350.0 650.0 1.62642
4450.0 650.0 1.65071
4550.0 650.0 1.09173
4650.0 650.0 0.31323
4750.0 650.0 -0.21815
4850.0 650.0 -0.45091
4950.0 650.0 -0.21519
5050.0 650.0 0.53726
5150.0 650.0 1.34097
5250.0 650.0 1.70082
5350.0 650.0 1.39739
5450.0 650.0 0.58483
5550.0 650.0 -0.33359
5650.0 650.0 -0.98455
5750.0 650.0 -1.08527
5850.0 650.0 -0.62652
5950.0 650.0 0.06624
6050.0 650.0 0.50969
6150.0 650.0 0.47774
6250.0 650.0 0.41091
6350.0 650.0 0.63169
50.0 750.0 0.03427
150.0 750.0 0.19631
250.0 750.0 0.67463
350.0 750.0 1.20583
450.0 750.0 1.40646
550.0 750.0 1.10797
650.0 750.0 0.44130
750.0 750.0 -0.32647
850.0 750.0 -0.83943
950.0 750.0 -0.69462
1050.0 750.0 -0.03076
1150.0 750.0 0.68653
1250.0 750.0 0.96512
1350.0 750.0 0.56912
1450.0 750.0 -0.24361
1550.0 750.0 -1.20198
1650.0 750.0 -2.04697
1750.0 750.0 -2.32310
1850.0 750.0 -1.88720
1950.0 750.0 -1.05399
2050.0 750.0 -0.32513
2150.0 750.0 0.18999
2250.0 750.0 0.37936
2350.0 750.0 0.14648
2450.0 750.0 -0.28814
2550.0 750.0 -0.58913
2650.0 750.0 -0.49761
2750.0 750.0 -0.00288
2850.0 750.0 0.69150
2950.0 750.0 1.61736
3050.0 750.0 2.34353
3150.0 750.0 2.39451
3250.0 750.0 1.71895
3350.0 750.0 0.71464
3450.0 750.0 -0.19031
3550.0 750.0 -1.18205
3650.0 750.0 -2.28349
3750.0 750.0 -2.91205
3850.0 750.0 -2.65975
3950.0 750.0 -1.68085
4050.0 750.0 -0.55794
4150.0 750.0 0.34475
4250.0 750.0 1.22704
4350.0 750.0 1.88255
4450.0 750.0 1.97715
4550.0 750.0 1.47908
4650.0 750.0 0.73716
4750.0 750.0 0.21718
4850.0 750.0 -0.02039
4950.0 750.0 0.13677
5050.0 750.0 0.69811
5150.0 750.0 1.24344
5250.0 750.0 1.36198
5350.0 750.0 0.90935
5450.0 750.0 0.05654
5550.0 750.0 -0.86510
5650.0 750.0 -1.52682
5750.0 750.0 -1.64666
5850.0 750.0 -1.20978
5950.0 750.0 -0.53453
6050.0 750.0 -0.09968
6150.0 750.0 -0.13244
6250.0 750.0 -0.20002
6350.0 750.0 0.01186
50.0 850.0 0.22421
150.0 850.0 0.31554
250.0 850.0 0.60359
350.0 850.0 0.85560
450.0 850.0 0.78756
550.0 850.0 0.32089
650.0 850.0 -0.38237
750.0 850.0 -1.10276
850.0 850.0 -1.51147
950.0 850.0 -1.13534
1050.0 850.0 -0.12938
1150.0 850.0 0.95655
1250.0 850.0 1.53059
1350.0 850.0 1.30004
1450.0 850.0 0.56630
1550.0 850.0 -0.39841
1650.0 850.0 -1.42779
1750.0 850.0 -2.05573
1850.0 850.0 -2.03144
1950.0 850.0 -1.52270
2050.0 850.0 -0.94282
2150.0 850.0 -0.47788
2250.0 850.0 -0.25535
2350.0 850.0 -0.32542
2450.0 850.0 -0.50339
2550.0 850.0 -0.54411
2650.0 850.0 -0.28371
2750.0 850.0 0.25793
2850.0 850.0 0.94210
2950.0 850.0 1.76721
3050.0 850.0 2.30057
3150.0 850.0 2.13033
3250.0 850.0 1.28407
3350.0 850.0 0.20960
3450.0 850.0 -0.68198
3550.0 850.0 -1.61230
3650.0 850.0 -2.56248
3750.0 850.0 -2.98884
3850.0 850.0 -2.56112
3950.0 850.0 -1.49272
4050.0 850.0 -0.37530
4150.0 850.0 0.47303
4250.0 850.0 1.32598
4350.0 850.0 2.02626
4450.0 850.0 2.24197
4550.0 850.0 1.89949
4650.0 850.0 1.28372
4750.0 850.0 0.81585
4850.0 850.0 0.57716
4950.0 850.0 0.63161
5050.0 850.0 0.94246
5150.0 850.0 1.15653
5250.0 850.0 0.97694
5350.0 850.0 0.35422
5450.0 850.0 -0.52540
5550.0 850.0 -1.42265
5650.0 850.0 -2.05127
5750.0 850.0 -2.14212
5850.0 850.0 -1.69696
5950.0 850.0 -1.03793
6050.0 850.0 -0.63221
6150.0 850.0 -0.69221
6250.0 850.0 -0.78050
6350.0 850.0 -0.56963
50.0 950.0 0.45064
150.0 950.0 0.35022
250.0 950.0 0.27660
350.0 950.0 0.10639
450.0 950.0 -0.25967
550.0 950.0 -0.79737
650.0 950.0 -1.37742
750.0 950.0 -1.89838
850.0 950.0 -2.10403
950.0 950.0 -1.51401
1050.0 950.0 -0.26121
1150.0 950.0 1.11013
1250.0 950.0 1.98918
1350.0 950.0 2.05325
1450.0 950.0 1.59585
1550.0 950.0 0.85888
1650.0 950.0 -0.14437
1750.0 950.0 -1.05302
1850.0 950.0 -1.54815
1950.0 950.0 -1.57504
2050.0 950.0 -1.33400
2150.0 950.0 -1.06787
2250.0 950.0 -0.95937
2350.0 950.0 -0.96722
2450.0 950.0 -0.90095
2550.0 950.0 -0.61642
2650.0 950.0 -0.10538
2750.0 950.0 0.52412
2850.0 950.0 1.20500
2950.0 950.0 1.87333
3050.0 950.0 2.10514
3150.0 950.0 1.60469
3250.0 950.0 0.52940
3350.0 950.0 -0.60180
3450.0 950.0 -1.41657
3550.0 950.0 -2.17616
3650.0 950.0 -2.78775
3750.0 950.0 -2.82948
3850.0 950.0 -2.14512
3950.0 950.0 -1.03771
4050.0 950.0 -0.06142
4150.0 950.0 0.58011
4250.0 950.0 1.26879
4350.0 950.0 1.95207
4450.0 950.0 2.33841
4550.0 950.0 2.28853
4650.0 950.0 1.94354
4750.0 950.0 1.59985
4850.0 950.0 1.37176
4950.0 950.0 1.29199
5050.0 950.0 1.27027
5150.0 950.0 1.05793
5250.0 950.0 0.51705
5350.0 950.0 -0.28157
5450.0 950.0 -1.14426
5550.0 950.0 -1.95194
5650.0 950.0 -2.45155
5750.0 950.0 -2.41793
5850.0 950.0 -1.91818
5950.0 950.0 -1.29616
6050.0 950.0 -0.98377
6150.0 950.0 -1.13970
6250.0 950.0 -1.29584
6350.0 950.0 -1.05720
50.0 1050.0 0.58792
150.0 1050.0 0.21104
250.0 1050.0 -0.29022
350.0 1050.0 -0.86564
450.0 1050.0 -1.39967
550.0 1050.0 -1.80572
650.0 1050.0 -2.07287
750.0 1050.0 -2.26315
850.0 1050.0 -2.22560
950.0 1050.0 -1.58268
1050.0 1050.0 -0.39452
1150.0 1050.0 0.94707
1250.0 1050.0 1.95914
1350.0 1050.0 2.35233
1450.0 1050.0 2.33067
1550.0 1050.0 2.06229
1650.0 1050.0 1.39275
1750.0 1050.0 0.45463
1850.0 1050.0 -0.45985
1950.0 1050.0 -1.07161
2050.0 1050.0 -1.28628
2150.0 1050.0 -1.34348
2250.0 1050.0 -1.50659
2350.0 1050.0 -1.61758
2450.0 1050.0 -1.42484
2550.0 1050.0 -0.85866
2650.0 1050.0 -0.08656
2750.0 1050.0 0.65155
2850.0 1050.0 1.34520
2950.0 1050.0 1.87468
3050.0 1050.0 1.83758
3150.0 1050.0 1.06211
3250.0 1050.0 -0.17047
3350.0 1050.0 -1.28662
3450.0 1050.0 -1.96369
3550.0 1050.0 -2.48050
3650.0 1050.0 -2.67151
3750.0 1050.0 -2.29840
3850.0 1050.0 -1.42110
3950.0 1050.0 -0.41454
4050.0 1050.0 0.26731
4150.0 1050.0 0.57327
4250.0 1050.0 0.96878
4350.0 1050.0 1.52878
4450.0 1050.0 2.04342
4550.0 1050.0 2.31488
4650.0 1050.0 2.30193
4750.0 1050.0 2.12164
4850.0 1050.0 1.91744
4950.0 1050.0 1.73848
5050.0 1050.0 1.46399
5150.0 1050.0 0.94518
5250.0 1050.0 0.17517
5350.0 1050.0 -0.69133
5450.0 1050.0 -1.47192
5550.0 1050.0 -2.13767
5650.0 1050.0 -2.43835
5750.0 1050.0 -2.21956
5850.0 1050.0 -1.64879
5950.0 1050.0 -1.09923
6050.0 1050.0 -0.94266
6150.0 1050.0 -1.25255
6250.0 1050.0 -1.52214
6350.0 1050.0 -1.26524
50.0 1150.0 0.54616
150.0 1150.0 -0.10036
250.0 1150.0 -0.93629
350.0 1150.0 -1.72809
450.0 1150.0 -2.19603
550.0 1150.0 -2.26804
650.0 1150.0 -2.11119
750.0 1150.0 -1.94107
850.0 1150.0 -1.71068
950.0 1150.0 -1.24348
1050.0 1150.0 -0.49237
1150.0 1150.0 0.42773
1250.0 1150.0 1.29651
1350.0 1150.0 1.92527
1450.0 1150.0 2.36106
1550.0 1150.0 2.66692
1650.0 1150.0 2.56648
1750.0 1150.0 1.90581
1850.0 1150.0 0.84891
1950.0 1150.0 -0.18368
2050.0 1150.0 -0.81870
2150.0 1150.0 -1.22248
2250.0 1150.0 -1.73305
2350.0 1150.0 -2.08802
2450.0 1150.0 -1.93647
2550.0 1150.0 -1.22978
2650.0 1150.0 -0.27346
2750.0 1150.0 0.55873
2850.0 1150.0 1.28206
2950.0 1150.0 1.76405
3050.0 1150.0 1.63196
3150.0 1150.0 0.79058
3250.0 1150.0 -0.42228
3350.0 1150.0 -1.42792
3450.0 1150.0 -1.94546
3550.0 1150.0 -2.23247
3650.0 1150.0 -2.08931
3750.0 1150.0 -1.46207
3850.0 1150.0 -0.58245
3950.0 1150.0 0.16486
4050.0 1150.0 0.46978
4150.0 1150.0 0.41472
4250.0 1150.0 0.47148
4350.0 1150.0 0.81439
4450.0 1150.0 1.33574
4550.0 1150.0 1.81716
4650.0 1150.0 2.06641
4750.0 1150.0 2.02819
4850.0 1150.0 1.85504
4950.0 1150.0 1.66677
5050.0 1150.0 1.35592
5150.0 1150.0 0.82388
5250.0 1150.0 0.10048
5350.0 1150.0 -0.66062
5450.0 1150.0 -1.30828
5550.0 1150.0 -1.82538
5650.0 1150.0 -1.92823
5750.0 1150.0 -1.53908
5850.0 1150.0 -0.92456
5950.0 1150.0 -0.47851
6050.0 1150.0 -0.50125
6150.0 1150.0 -0.97655
6250.0 1150.0 -1.37639
6350.0 1150.0 -1.14866
50.0 1250.0 0.35051
150.0 1250.0 -0.47307
250.0 1250.0 -1.45329
350.0 1250.0 -2.22337
450.0 1250.0 -2.43730
550.0 1250.0 -2.10159
650.0 1250.0 -1.55749
750.0 1250.0 -1.11600
850.0 1250.0 -0.80023
950.0 1250.0 -0.65888
1050.0 1250.0 -0.54093
1150.0 1250.0 -0.26087
1250.0 1250.0 0.26100
1350.0 1250.0 0.96510
1450.0 1250.0 1.73075
1550.0 1250.0 2.51643
1650.0 1250.0 3.00008
1750.0 1250.0 2.78384
1850.0 1250.0 1.85981
1950.0 1250.0 0.67622
2050.0 1250.0 -0.21638
2150.0 1250.0 -0.87556
2250.0 1250.0 -1.68092
2350.0 1250.0 -2.30726
2450.0 1250.0 -2.30725
2550.0 1250.0 -1.60761
2650.0 1250.0 -0.58102
2750.0 1250.0 0.30520
2850.0 1250.0 1.06525
2950.0 1250.0 1.60538
3050.0 1250.0 1.58094
3150.0 1250.0 0.90152
3250.0 1250.0 -0.12335
3350.0 1250.0 -0.96024
3450.0 1250.0 -1.34867
3550.0 1250.0 -1.49436
3650.0 1250.0 -1.21431
3750.0 1250.0 -0.57957
3850.0 1250.0 0.10779
3950.0 1250.0 0.51967
4050.0 1250.0 0.48724
4150.0 1250.0 0.16351
4250.0 1250.0 -0.05311
4350.0 1250.0 0.05066
4450.0 1250.0 0.45629
4550.0 1250.0 0.96908
4650.0 1250.0 1.32597
4750.0 1250.0 1.36241
4850.0 1250.0 1.21692
4950.0 1250.0 1.10614
5050.0 1250.0 0.97251
5150.0 1250.0 0.70497
5250.0 1250.0 0.27029
5350.0 1250.0 -0.25787
5450.0 1250.0 -0.76812
5550.0 1250.0 -1.17900
5650.0 1250.0 -1.15432
5750.0 1250.0 -0.67458
5850.0 1250.0 -0.06930
5950.0 1250.0 0.26623
6050.0 1250.0 0.09401
6150.0 1250.0 -0.50511
6250.0 1250.0 -1.01298
6350.0 1250.0 -0.86904
50.0 1350.0 0.11399
150.0 1350.0 -0.76221
250.0 1350.0 -1.70892
350.0 1350.0 -2.30678
450.0 1350.0 -2.23210
550.0 1350.0 -1.58462
650.0 1350.0 -0.81530
750.0 1350.0 -0.25807
850.0 1350.0 0.04065
950.0 1350.0 -0.13028
1050.0 1350.0 -0.55471
1150.0 1350.0 -0.83663
1250.0 1350.0 -0.67671
1350.0 1350.0 -0.03172
1450.0 1350.0 0.86150
1550.0 1350.0 1.88859
1650.0 1350.0 2.74456
1750.0 1350.0 2.90554
1850.0 1350.0 2.23037
1950.0 1350.0 1.11576
2050.0 1350.0 0.16125
2150.0 1350.0 -0.60112
2250.0 1350.0 -1.55152
2350.0 1350.0 -2.34857
2450.0 1350.0 -2.49053
2550.0 1350.0 -1.86736
2650.0 1350.0 -0.85594
2750.0 1350.0 0.04196
2850.0 1350.0 0.83194
2950.0 1350.0 1.48950
3050.0 1350.0 1.68768
3150.0 1350.0 1.28615
3250.0 1350.0 0.51255
3350.0 1350.0 -0.16760
3450.0 1350.0 -0.49166
3550.0 1350.0 -0.60853
3650.0 1350.0 -0.38565
3750.0 1350.0 0.06617
3850.0 1350.0 0.47422
3950.0 1350.0 0.59956
4050.0 1350.0 0.36750
4150.0 1350.0 -0.06880
4250.0 1350.0 -0.42110
4350.0 1350.0 -0.49479
4450.0 1350.0 -0.25804
4550.0 1350.0 0.14327
4650.0 1350.0 0.45793
4750.0 1350.0 0.49462
4850.0 1350.0 0.36488
4950.0 1350.0 0.36567
5050.0 1350.0 0.49764
5150.0 1350.0 0.59791
5250.0 1350.0 0.52205
5350.0 1350.0 0.23607
5450.0 1350.0 -0.18072
5550.0 1350.0 -0.55220
5650.0 1350.0 -0.49853
5750.0 1350.0 -0.02654
5850.0 1350.0 0.52142
5950.0 1350.0 0.76721
6050.0 1350.0 0.51098
6150.0 1350.0 -0.14161
6250.0 1350.0 -0.70941
6350.0 1350.0 -0.67973
50.0 1450.0 -0.10804
150.0 1450.0 -0.96402
250.0 1450.0 -1.79513
350.0 1450.0 -2.18088
450.0 1450.0 -1.85999
550.0 1450.0 -1.01368
650.0 1450.0 -0.14767
750.0 1450.0 0.42249
850.0 1450.0 0.65673
950.0 1450.0 0.24935
1050.0 1450.0 -0.55105
1150.0 1450.0 -1.22874
1250.0 1450.0 -1.35405
1350.0 1450.0 -0.81801
1450.0 1450.0 0.07700
1550.0 1450.0 1.17064
1650.0 1450.0 2.19711
1750.0 1450.0 2.59586
1850.0 1450.0 2.14898
1950.0 1450.0 1.18197
2050.0 1450.0 0.27214
2150.0 1450.0 -0.49340
2250.0 1450.0 -1.47420
2350.0 1450.0 -2.33788
2450.0 1450.0 -2.56591
2550.0 1450.0 -2.02034
2650.0 1450.0 -1.05479
2750.0 1450.0 -0.16828
2850.0 1450.0 0.64094
2950.0 1450.0 1.42380
3050.0 1450.0 1.86323
3150.0 1450.0 1.75008
3250.0 1450.0 1.21675
3350.0 1450.0 0.66039
3450.0 1450.0 0.35645
3550.0 1450.0 0.20514
3650.0 1450.0 0.27923
3750.0 1450.0 0.47943
3850.0 1450.0 0.60972
3950.0 1450.0 0.52250
4050.0 1450.0 0.19681
4150.0 1450.0 -0.25091
4250.0 1450.0 -0.64138
4350.0 1450.0 -0.82353
4450.0 1450.0 -0.74522
4550.0 1450.0 -0.50166
4650.0 1450.0 -0.29395
4750.0 1450.0 -0.29368
4850.0 1450.0 -0.41697
4950.0 1450.0 -0.31383
5050.0 1450.0 0.06541
5150.0 1450.0 0.49920
5250.0 1450.0 0.73435
5350.0 1450.0 0.64041
5450.0 1450.0 0.27538
5550.0 1450.0 -0.09740
5650.0 1450.0 -0.07050
5750.0 1450.0 0.34396
5850.0 1450.0 0.81928
5950.0 1450.0 1.00162
6050.0 1450.0 0.71036
6150.0 1450.0 0.05094
6250.0 1450.0 -0.54293
6350.0 1450.0 -0.63398
50.0 1550.0 -0.62331
150.0 1550.0 -1.39540
250.0 1550.0 -1.96424
350.0 1550.0 -1.95129
450.0 1550.0 -1.24113
550.0 1550.0 -0.15066
650.0 1550.0 0.76361
750.0 1550.0 1.25449
850.0 1550.0 1.35107
950.0 1550.0 0.70292
1050.0 1550.0 -0.40598
1150.0 1550.0 -1.37953
1250.0 1550.0 -1.71699
1350.0 1550.0 -1.28698
1450.0 1550.0 -0.44096
1550.0 1550.0 0.60112
1650.0 1550.0 1.60331
1750.0 1550.0 2.05272
1850.0 1550.0 1.73746
1950.0 1550.0 0.93698
2050.0 1550.0 0.16756
2150.0 1550.0 -0.48485
2250.0 1550.0 -1.37347
2350.0 1550.0 -2.21866
2450.0 1550.0 -2.53039
2550.0 1550.0 -2.13887
2650.0 1550.0 -1.31999
2750.0 1550.0 -0.51357
2850.0 1550.0 0.27270
2950.0 1550.0 1.18785
3050.0 1550.0 1.93897
3150.0 1550.0 2.22313
3250.0 1550.0 2.02994
3350.0 1550.0 1.64484
3450.0 1550.0 1.35338
3550.0 1550.0 1.12463
3650.0 1550.0 0.94626
3750.0 1550.0 0.76866
3850.0 1550.0 0.53197
3950.0 1550.0 0.21481
4050.0 1550.0 -0.15709
4150.0 1550.0 -0.54113
4250.0 1550.0 -0.87510
4350.0 1550.0 -1.05166
4450.0 1550.0 -1.03134
4550.0 1550.0 -0.88608
4650.0 1550.0 -0.76788
4750.0 1550.0 -0.80644
4850.0 1550.0 -0.92930
4950.0 1550.0 -0.76810
5050.0 1550.0 -0.24424
5150.0 1550.0 0.38618
5250.0 1550.0 0.80525
5350.0 1550.0 0.82465
5450.0 1550.0 0.48920
5550.0 1550.0 0.11421
5650.0 1550.0 0.12978
5750.0 1550.0 0.53672
5850.0 1550.0 1.02551
5950.0 1550.0 1.24643
6050.0 1550.0 1.00730
6150.0 1550.0 0.39843
6250.0 1550.0 -0.19427
6350.0 1550.0 -0.45917
50.0 1650.0 -1.40415
150.0 1650.0 -1.99961
250.0 1650.0 -2.12617
350.0 1650.0 -1.52000
450.0 1650.0 -0.31736
550.0 1650.0 0.98272
650.0 1650.0 1.80912
750.0 1650.0 2.05655
850.0 1650.0 1.90296
950.0 1650.0 1.05483
1050.0 1650.0 -0.16698
1150.0 1650.0 -1.17612
1250.0 1650.0 -1.53047
1350.0 1650.0 -1.16743
1450.0 1650.0 -0.44696
1550.0 1650.0 0.35149
1650.0 1650.0 1.00693
1750.0 1650.0 1.19578
1850.0 1650.0 0.85237
1950.0 1650.0 0.25362
2050.0 1650.0 -0.20950
2150.0 1650.0 -0.54687
2250.0 1650.0 -1.12565
2350.0 1650.0 -1.79385
2450.0 1650.0 -2.17225
2550.0 1650.0 -2.05735
2650.0 1650.0 -1.55599
2750.0 1650.0 -0.95043
2850.0 1650.0 -0.27342
2950.0 1650.0 0.72278
3050.0 1650.0 1.79198
3150.0 1650.0 2.52863
3250.0 1650.0 2.74144
3350.0 1650.0 2.55816
3450.0 1650.0 2.26156
3550.0 1650.0 1.90251
3650.0 1650.0 1.36844
3750.0 1650.0 0.71668
3850.0 1650.0 0.08784
3950.0 1650.0 -0.39509
4050.0 1650.0 -0.69389
4150.0 1650.0 -0.88499
4250.0 1650.0 -1.00652
4350.0 1650.0 -0.99484
4450.0 1650.0 -0.87687
4550.0 1650.0 -0.74295
4650.0 1650.0 -0.69344
4750.0 1650.0 -0.77743
4850.0 1650.0 -0.91014
4950.0 1650.0 -0.77207
5050.0 1650.0 -0.29231
5150.0 1650.0 0.28420
5250.0 1650.0 0.65641
5350.0 1650.0 0.64866
5450.0 1650.0 0.30645
5550.0 1650.0 -0.07063
5650.0 1650.0 -0.05333
5750.0 1650.0 0.39956
5850.0 1650.0 1.00725
5950.0 1650.0 1.40433
6050.0 1650.0 1.34637
6150.0 1650.0 0.88324
6250.0 1650.0 0.35243
6350.0 1650.0 -0.11285
50.0 1750.0 -1.95416
150.0 1750.0 -2.33388
250.0 1750.0 -2.01723
350.0 1750.0 -0.90368
450.0 1750.0 0.61199
550.0 1750.0 1.89958
650.0 1750.0 2.45158
750.0 1750.0 2.33395
850.0 1750.0 1.87988
950.0 1750.0 0.95046
1050.0 1750.0 -0.10743
1150.0 1750.0 -0.82338
1250.0 1750.0 -0.95136
1350.0 1750.0 -0.58465
1450.0 1750.0 -0.03844
1550.0 1750.0 0.39082
1650.0 1750.0 0.49259
1750.0 1750.0 0.22586
1850.0 1750.0 -0.23916
1950.0 1750.0 -0.60325
2050.0 1750.0 -0.64558
2150.0 1750.0 -0.53090
2250.0 1750.0 -0.64207
2350.0 1750.0 -1.00126
2450.0 1750.0 -1.40200
2550.0 1750.0 -1.61661
2650.0 1750.0 -1.53045
2750.0 1750.0 -1.20310
2850.0 1750.0 -0.70911
2950.0 1750.0 0.23738
3050.0 1750.0 1.44535
3150.0 1750.0 2.45364
3250.0 1750.0 2.93645
3350.0 1750.0 2.88390
3450.0 1750.0 2.55685
3550.0 1750.0 2.06016
3650.0 1750.0 1.21645
3750.0 1750.0 0.21835
3850.0 1750.0 -0.60908
3950.0 1750.0 -1.05544
4050.0 1750.0 -1.13258
4150.0 1750.0 -1.03842
4250.0 1750.0 -0.85068
4350.0 1750.0 -0.55247
4450.0 1750.0 -0.26873
4550.0 1750.0 -0.12450
4650.0 1750.0 -0.15495
4750.0 1750.0 -0.29755
4850.0 1750.0 -0.44758
4950.0 1750.0 -0.39164
5050.0 1750.0 -0.09345
5150.0 1750.0 0.24647
5250.0 1750.0 0.40343
5350.0 1750.0 0.26596
5450.0 1750.0 -0.10955
5550.0 1750.0 -0.49290
5650.0 1750.0 -0.49687
5750.0 1750.0 -0.02641
5850.0 1750.0 0.69206
5950.0 1750.0 1.29024
6050.0 1750.0 1.46383
6150.0 1750.0 1.20405
6250.0 1750.0 0.79816
6350.0 1750.0 0.21986
50.0 1850.0 -1.89276
150.0 1850.0 -2.09572
250.0 1850.0 -1.52078
350.0 1850.0 -0.22633
450.0 1850.0 1.23391
550.0 1850.0 2.22096
650.0 1850.0 2.36748
750.0 1850.0 1.87741
850.0 1850.0 1.16593
950.0 1850.0 0.28609
1050.0 1850.0 -0.40670
1150.0 1850.0 -0.61950
1250.0 1850.0 -0.36856
1350.0 1850.0 0.06440
1450.0 1850.0 0.44455
1550.0 1850.0 0.52031
1650.0 1850.0 0.10052
1750.0 1850.0 -0.58398
1850.0 1850.0 -1.14150
1950.0 1850.0 -1.25937
2050.0 1850.0 -0.88565
2150.0 1850.0 -0.32819
2250.0 1850.0 0.03298
2350.0 1850.0 0.01120
2450.0 1850.0 -0.36483
2550.0 1850.0 -0.85919
2650.0 1850.0 -1.15382
2750.0 1850.0 -1.09245
2850.0 1850.0 -0.79969
2950.0 1850.0 -0.04054
3050.0 1850.0 1.03821
3150.0 1850.0 1.99731
3250.0 1850.0 2.48369
3350.0 1850.0 2.42661
3450.0 1850.0 2.05045
3550.0 1850.0 1.46011
3650.0 1850.0 0.48074
3750.0 1850.0 -0.57756
3850.0 1850.0 -1.29533
3950.0 1850.0 -1.47654
4050.0 1850.0 -1.23894
4150.0 1850.0 -0.85868
4250.0 1850.0 -0.38192
4350.0 1850.0 0.15710
4450.0 1850.0 0.54484
4550.0 1850.0 0.64092
4650.0 1850.0 0.49255
4750.0 1850.0 0.27896
4850.0 1850.0 0.11130
4950.0 1850.0 0.08319
5050.0 1850.0 0.19471
5150.0 1850.0 0.29099
5250.0 1850.0 0.22605
5350.0 1850.0 -0.04527
5450.0 1850.0 -0.45518
5550.0 1850.0 -0.85103
5650.0 1850.0 -0.92330
5750.0 1850.0 -0.53197
5850.0 1850.0 0.17631
5950.0 1850.0 0.86954
6050.0 1850.0 1.21459
6150.0 1850.0 1.14362
6250.0 1850.0 0.89173
6350.0 1850.0 0.35520
50.0 1950.0 -1.23070
150.0 1950.0 -1.34940
250.0 1950.0 -0.76912
350.0 1950.0 0.34780
450.0 1950.0 1.43126
550.0 1950.0 1.94894
650.0 1950.0 1.69926
750.0 1950.0 0.94916
850.0 1950.0 0.08965
950.0 1950.0 -0.68184
1050.0 1950.0 -1.01420
1150.0 1950.0 -0.76890
1250.0 1950.0 -0.17615
1350.0 1950.0 0.33715
1450.0 1950.0 0.61149
1550.0 1950.0 0.48165
1650.0 1950.0 -0.20754
1750.0 1950.0 -1.06190
1850.0 1950.0 -1.57810
1950.0 1950.0 -1.46715
2050.0 1950.0 -0.79918
2150.0 1950.0 0.05043
2250.0 1950.0 0.73149
2350.0 1950.0 0.95289
2450.0 1950.0 0.62099
2550.0 1950.0 -0.03204
2650.0 1950.0 -0.56217
2750.0 1950.0 -0.67222
2850.0 1950.0 -0.53122
2950.0 1950.0 -0.01523
3050.0 1950.0 0.74967
3150.0 1950.0 1.40459
3250.0 1950.0 1.66844
3350.0 1950.0 1.49407
3450.0 1950.0 1.06890
3550.0 1950.0 0.45224
3650.0 1950.0 -0.47206
3750.0 1950.0 -1.32942
3850.0 1950.0 -1.71243
3950.0 1950.0 -1.52082
4050.0 1950.0 -0.99123
4150.0 1950.0 -0.41674
4250.0 1950.0 0.22391
4350.0 1950.0 0.84245
4450.0 1950.0 1.18140
4550.0 1950.0 1.12788
4650.0 1950.0 0.82119
4750.0 1950.0 0.53301
4850.0 1950.0 0.35485
4950.0 1950.0 0.29945
5050.0 1950.0 0.35583
5150.0 1950.0 0.38288
5250.0 1950.0 0.25658
5350.0 1950.0 -0.05091
5450.0 1950.0 -0.46996
5550.0 1950.0 -0.88259
5650.0 1950.0 -1.06411
5750.0 1950.0 -0.85510
5850.0 1950.0 -0.31368
5950.0 1950.0 0.30499
6050.0 1950.0 0.68887
6150.0 1950.0 0.72886
6250.0 1950.0 0.60711
6350.0 1950.0 0.23529
50.0 2050.0 -0.29924
150.0 2050.0 -0.42584
250.0 2050.0 -0.02031
350.0 2050.0 0.72309
450.0 2050.0 1.32362
550.0 2050.0 1.40296
650.0 2050.0 0.89030
750.0 2050.0 0.04249
850.0 2050.0 -0.85330
950.0 2050.0 -1.55535
1050.0 2050.0 -1.71853
1150.0 2050.0 -1.27030
1250.0 2050.0 -0.52721
1350.0 2050.0 0.02848
1450.0 2050.0 0.27282
1550.0 2050.0 0.12754
1650.0 2050.0 -0.51171
1750.0 2050.0 -1.22766
1850.0 2050.0 -1.54416
1950.0 2050.0 -1.23910
2050.0 2050.0 -0.44103
2150.0 2050.0 0.50090
2250.0 2050.0 1.28660
2350.0 2050.0 1.59469
2450.0 2050.0 1.29060
2550.0 2050.0 0.60068
2650.0 2050.0 0.00445
2750.0 2050.0 -0.15742
2850.0 2050.0 -0.08302
2950.0 2050.0 0.23900
3050.0 2050.0 0.68080
3150.0 2050.0 0.97341
3250.0 2050.0 0.94669
3350.0 2050.0 0.62330
3450.0 2050.0 0.16634
3550.0 2050.0 -0.42387
3650.0 2050.0 -1.18907
3750.0 2050.0 -1.74702
3850.0 2050.0 -1.76698
3950.0 2050.0 -1.26353
4050.0 2050.0 -0.55897
4150.0 2050.0 0.08191
4250.0 2050.0 0.73198
4350.0 2050.0 1.24886
4450.0 2050.0 1.38441
4550.0 2050.0 1.09460
4650.0 2050.0 0.60860
4750.0 2050.0 0.25222
4850.0 2050.0 0.07371
4950.0 2050.0 0.07131
5050.0 2050.0 0.25918
5150.0 2050.0 0.46477
5250.0 2050.0 0.50531
5350.0 2050.0 0.30056
5450.0 2050.0 -0.09168
5550.0 2050.0 -0.52129
5650.0 2050.0 -0.82549
5750.0 2050.0 -0.85275
5850.0 2050.0 -0.58380
5950.0 2050.0 -0.17697
6050.0 2050.0 0.11747
6150.0 2050.0 0.17408
6250.0 2050.0 0.12274
6350.0 2050.0 -0.05645
50.0 2150.0 0.64623
150.0 2150.0 0.47254
250.0 2150.0 0.65344
350.0 2150.0 0.99838
450.0 2150.0 1.14664
550.0 2150.0 0.86940
650.0 2150.0 0.19094
750.0 2150.0 -0.67144
850.0 2150.0 -1.55479
950.0 2150.0 -2.22885
1050.0 2150.0 -2.35435
1150.0 2150.0 -1.87117
1250.0 2150.0 -1.10633
1350.0 2150.0 -0.54492
1450.0 2150.0 -0.30032
1550.0 2150.0 -0.37518
1650.0 2150.0 -0.81719
1750.0 2150.0 -1.25369
1850.0 2150.0 -1.30218
1950.0 2150.0 -0.82745
2050.0 2150.0 0.01471
2150.0 2150.0 0.94632
2250.0 2150.0 1.72839
2350.0 2150.0 2.04660
2450.0 2150.0 1.76441
2550.0 2150.0 1.09932
2650.0 2150.0 0.51987
2750.0 2150.0 0.36195
2850.0 2150.0 0.41122
2950.0 2150.0 0.58203
3050.0 2150.0 0.73808
3150.0 2150.0 0.69461
3250.0 2150.0 0.39355
3350.0 2150.0 -0.06515
3450.0 2150.0 -0.53655
3550.0 2150.0 -1.07626
3650.0 2150.0 -1.65640
3750.0 2150.0 -1.91483
3850.0 2150.0 -1.61495
3950.0 2150.0 -0.87602
4050.0 2150.0 -0.07632
4150.0 2150.0 0.56396
4250.0 2150.0 1.14873
4350.0 2150.0 1.48369
4450.0 2150.0 1.35384
4550.0 2150.0 0.79893
4650.0 2150.0 0.13152
4750.0 2150.0 -0.28927
4850.0 2150.0 -0.46709
4950.0 2150.0 -0.39008
5050.0 2150.0 -0.00182
5150.0 2150.0 0.48113
5250.0 2150.0 0.78728
5350.0 2150.0 0.75346
5450.0 2150.0 0.41521
5550.0 2150.0 -0.01729
5650.0 2150.0 -0.42273
5750.0 2150.0 -0.67117
5850.0 2150.0 -0.68262
5950.0 2150.0 -0.52103
6050.0 2150.0 -0.36140
6150.0 2150.0 -0.32970
6250.0 2150.0 -0.34520
6350.0 2150.0 -0.35188
50.0 2250.0 1.52172
150.0 2250.0 1.26053
250.0 2250.0 1.21010
350.0 2250.0 1.21964
450.0 2250.0 1.05001
550.0 2250.0 0.57947
650.0 2250.0 -0.13366
750.0 2250.0 -0.93203
850.0 2250.0 -1.74403
950.0 2250.0 -2.37825
1050.0 2250.0 -2.52471
1150.0 2250.0 -2.12051
1250.0 2250.0 -1.45314
1350.0 2250.0 -0.95793
1450.0 2250.0 -0.73889
1550.0 2250.0 -0.72820
1650.0 2250.0 -0.91525
1750.0 2250.0 -1.02479
1850.0 2250.0 -0.81664
1950.0 2250.0 -0.25365
2050.0 2250.0 0.50844
2150.0 2250.0 1.29912
2250.0 2250.0 1.98091
2350.0 2250.0 2.29725
2450.0 2250.0 2.12231
2550.0 2250.0 1.62016
2650.0 2250.0 1.16883
2750.0 2250.0 1.04856
2850.0 2250.0 1.06999
2950.0 2250.0 1.06053
3050.0 2250.0 0.89112
3150.0 2250.0 0.49132
3250.0 2250.0 -0.06746
3350.0 2250.0 -0.61296
3450.0 2250.0 -1.03755
3550.0 2250.0 -1.45314
3650.0 2250.0 -1.76531
3750.0 2250.0 -1.68096
3850.0 2250.0 -1.09185
3950.0 2250.0 -0.20903
4050.0 2250.0 0.58209
4150.0 2250.0 1.13686
4250.0 2250.0 1.58603
4350.0 2250.0 1.70516
4450.0 2250.0 1.32102
4550.0 2250.0 0.54024
4650.0 2250.0 -0.27614
4750.0 2250.0 -0.76513
4850.0 2250.0 -0.97719
4950.0 2250.0 -0.92649
5050.0 2250.0 -0.51193
5150.0 2250.0 0.08736
5250.0 2250.0 0.58503
5350.0 2250.0 0.75434
5450.0 2250.0 0.57035
5550.0 2250.0 0.26016
5650.0 2250.0 -0.06794
5750.0 2250.0 -0.33435
5850.0 2250.0 -0.46326
5950.0 2250.0 -0.46316
6050.0 2250.0 -0.42412
6150.0 2250.0 -0.43090
6250.0 2250.0 -0.43209
6350.0 2250.0 -0.31521
50.0 2350.0 1.98684
150.0 2350.0 1.59154
250.0 2350.0 1.34269
350.0 2350.0 1.17787
450.0 2350.0 0.95886
550.0 2350.0 0.58495
650.0 2350.0 0.04713
750.0 2350.0 -0.57745
850.0 2350.0 -1.23264
950.0 2350.0 -1.78898
1050.0 2350.0 -2.00071
1150.0 2350.0 -1.79297
1250.0 2350.0 -1.35824
1350.0 2350.0 -1.01708
1450.0 2350.0 -0.86008
1550.0 2350.0 -0.76511
1650.0 2350.0 -0.67641
1750.0 2350.0 -0.47546
1850.0 2350.0 -0.10438
1950.0 2350.0 0.38550
2050.0 2350.0 0.88344
2150.0 2350.0 1.35489
2250.0 2350.0 1.79400
2350.0 2350.0 2.06627
2450.0 2350.0 2.08012
2550.0 2350.0 1.89684
2650.0 2350.0 1.70562
2750.0 2350.0 1.66361
2850.0 2350.0 1.66121
2950.0 2350.0 1.48428
3050.0 2350.0 1.03654
3150.0 2350.0 0.37380
3250.0 2350.0 -0.31948
3350.0 2350.0 -0.83420
3450.0 2350.0 -1.12078
3550.0 2350.0 -1.32630
3650.0 2350.0 -1.31723
3750.0 2350.0 -0.93064
3850.0 2350.0 -0.20252
3950.0 2350.0 0.61765
4050.0 2350.0 1.22425
4150.0 2350.0 1.57630
4250.0 2350.0 1.82004
4350.0 2350.0 1.75417
4450.0 2350.0 1.24474
4550.0 2350.0 0.40573
4650.0 2350.0 -0.43753
4750.0 2350.0 -0.97325
4850.0 2350.0 -1.26766
4950.0 2350.0 -1.40219
5050.0 2350.0 -1.23370
5150.0 2350.0 -0.78409
5250.0 2350.0 -0.23850
5350.0 2350.0 0.15237
5450.0 2350.0 0.25349
5550.0 2350.0 0.23609
5650.0 2350.0 0.22184
5750.0 2350.0 0.19939
5850.0 2350.0 0.15641
5950.0 2350.0 0.09317
6050.0 2350.0 0.02275
6150.0 2350.0 -0.04181
6250.0 2350.0 -0.06243
6350.0 2350.0 0.08730
50.0 2450.0 1.80040
150.0 2450.0 1.25695
250.0 2450.0 0.88388
350.0 2450.0 0.73302
450.0 2450.0 0.72576
550.0 2450.0 0.69754
650.0 2450.0 0.49233
750.0 2450.0 0.10581
850.0 2450.0 -0.33899
950.0 2450.0 -0.76925
1050.0 2450.0 -1.02575
1150.0 2450.0 -1.03065
1250.0 2450.0 -0.86696
1350.0 2450.0 -0.71343
1450.0 2450.0 -0.63834
1550.0 2450.0 -0.48702
1650.0 2450.0 -0.18635
1750.0 2450.0 0.20920
1850.0 2450.0 0.58849
1950.0 2450.0 0.85006
2050.0 2450.0 0.96371
2150.0 2450.0 1.01831
2250.0 2450.0 1.12144
2350.0 2450.0 1.28902
2450.0 2450.0 1.48611
2550.0 2450.0 1.66099
2650.0 2450.0 1.77479
2750.0 2450.0 1.82696
2850.0 2450.0 1.81495
2950.0 2450.0 1.55157
3050.0 2450.0 0.99211
3150.0 2450.0 0.28438
3250.0 2450.0 -0.33849
3350.0 2450.0 -0.68880
3450.0 2450.0 -0.77809
3550.0 2450.0 -0.74764
3650.0 2450.0 -0.47137
3750.0 2450.0 0.05790
3850.0 2450.0 0.69392
3950.0 2450.0 1.22684
4050.0 2450.0 1.50573
4150.0 2450.0 1.58907
4250.0 2450.0 1.62400
4350.0 2450.0 1.49290
4450.0 2450.0 1.08100
4550.0 2450.0 0.42848
4650.0 2450.0 -0.27012
4750.0 2450.0 -0.80439
4850.0 2450.0 -1.20703
4950.0 2450.0 -1.62978
5050.0 2450.0 -1.89634
5150.0 2450.0 -1.79685
5250.0 2450.0 -1.33404
5350.0 2450.0 -0.74462
5450.0 2450.0 -0.29679
5550.0 2450.0 0.06852
5650.0 2450.0 0.48371
5750.0 2450.0 0.82294
5850.0 2450.0 0.94696
5950.0 2450.0 0.84911
6050.0 2450.0 0.66229
6150.0 2450.0 0.52732
6250.0 2450.0 0.46217
6350.0 2450.0 0.56285
50.0 2550.0 1.10686
150.0 2550.0 0.44152
250.0 2550.0 0.01559
350.0 2550.0 -0.01649
450.0 2550.0 0.28876
550.0 2550.0 0.66902
650.0 2550.0 0.80963
750.0 2550.0 0.64296
850.0 2550.0 0.39931
950.0 2550.0 0.12512
1050.0 2550.0 -0.10385
1150.0 2550.0 -0.22833
1250.0 2550.0 -0.25627
1350.0 2550.0 -0.25087
1450.0 2550.0 -0.24954
1550.0 2550.0 -0.07967
1650.0 2550.0 0.32328
1750.0 2550.0 0.76759
1850.0 2550.0 1.03096
1950.0 2550.0 1.00611
2050.0 2550.0 0.74872
2150.0 2550.0 0.42555
2250.0 2550.0 0.20242
2350.0 2550.0 0.22208
2450.0 2550.0 0.51437
2550.0 2550.0 0.94883
2650.0 2550.0 1.30045
2750.0 2550.0 1.42907
2850.0 2550.0 1.42340
2950.0 2550.0 1.17425
3050.0 2550.0 0.68969
3150.0 2550.0 0.14979
3250.0 2550.0 -0.23743
3350.0 2550.0 -0.35223
3450.0 2550.0 -0.25115
3550.0 2550.0 -0.03313
3650.0 2550.0 0.38231
3750.0 2550.0 0.87105
3850.0 2550.0 1.23967
3950.0 2550.0 1.37464
4050.0 2550.0 1.29881
4150.0 2550.0 1.13659
4250.0 2550.0 1.02673
4350.0 2550.0 0.96754
4450.0 2550.0 0.83777
4550.0 2550.0 0.54886
4650.0 2550.0 0.11461
4750.0 2550.0 -0.37197
4850.0 2550.0 -0.87167
4950.0 2550.0 -1.57018
5050.0 2550.0 -2.26789
5150.0 2550.0 -2.53686
5250.0 2550.0 -2.19819
5350.0 2550.0 -1.46058
5450.0 2550.0 -0.70870
5550.0 2550.0 -0.00286
5650.0 2550.0 0.77056
5750.0 2550.0 1.37816
5850.0 2550.0 1.58234
5950.0 2550.0 1.39336
6050.0 2550.0 1.06951
6150.0 2550.0 0.86547
6250.0 2550.0 0.75387
6350.0 2550.0 0.78028
50.0 2650.0 0.37927
150.0 2650.0 -0.35711
250.0 2650.0 -0.81317
350.0 2650.0 -0.77453
450.0 2650.0 -0.28523
550.0 2650.0 0.33485
650.0 2650.0 0.67800
750.0 2650.0 0.63995
850.0 2650.0 0.52962
950.0 2650.0 0.40355
1050.0 2650.0 0.28133
1150.0 2650.0 0.18292
1250.0 2650.0 0.11289
1350.0 2650.0 0.05948
1450.0 2650.0 0.01872
1550.0 2650.0 0.18341
1650.0 2650.0 0.60203
1750.0 2650.0 1.01189
1850.0 2650.0 1.14614
1950.0 2650.0 0.91367
2050.0 2650.0 0.42699
2150.0 2650.0 -0.11954
2250.0 2650.0 -0.55962
2350.0 2650.0 -0.68554
2450.0 2650.0 -0.41444
2550.0 2650.0 0.10251
2650.0 2650.0 0.55268
2750.0 2650.0 0.71681
2850.0 2650.0 0.72500
2950.0 2650.0 0.54647
3050.0 2650.0 0.22449
3150.0 2650.0 -0.07629
3250.0 2650.0 -0.20918
3350.0 2650.0 -0.12711
3450.0 2650.0 0.09386
3550.0 2650.0 0.40576
3650.0 2650.0 0.83830
3750.0 2650.0 1.19632
3850.0 2650.0 1.29184
3950.0 2650.0 1.10596
4050.0 2650.0 0.78504
4150.0 2650.0 0.47711
4250.0 2650.0 0.31473
4350.0 2650.0 0.39463
4450.0 2650.0 0.57411
4550.0 2650.0 0.64312
4650.0 2650.0 0.46301
4750.0 2650.0 0.03877
4850.0 2650.0 -0.51593
4950.0 2650.0 -1.36714
5050.0 2650.0 -2.29650
5150.0 2650.0 -2.75352
5250.0 2650.0 -2.46213
5350.0 2650.0 -1.62249
5450.0 2650.0 -0.68902
5550.0 2650.0 0.20654
5650.0 2650.0 1.12070
5750.0 2650.0 1.74639
5850.0 2650.0 1.82703
5950.0 2650.0 1.43908
6050.0 2650.0 0.95668
6150.0 2650.0 0.69838
6250.0 2650.0 0.56350
6350.0 2650.0 0.56475
50.0 2750.0 0.01779
150.0 2750.0 -0.74465
250.0 2750.0 -1.25898
350.0 2750.0 -1.29709
450.0 2750.0 -0.87263
550.0 2750.0 -0.28335
650.0 2750.0 0.06504
750.0 2750.0 0.05144
850.0 2750.0 -0.00645
950.0 2750.0 -0.01901
1050.0 2750.0 0.01019
1150.0 2750.0 0.05230
1250.0 2750.0 0.07075
1350.0 2750.0 0.04288
1450.0 2750.0 -0.00527
1550.0 2750.0 0.15391
1650.0 2750.0 0.56416
1750.0 2750.0 0.94919
1850.0 2750.0 1.03759
1950.0 2750.0 0.74717
2050.0 2750.0 0.20515
2150.0 2750.0 -0.39515
2250.0 2750.0 -0.91763
2350.0 2750.0 -1.15113
2450.0 2750.0 -0.98161
2550.0 2750.0 -0.53303
2650.0 2750.0 -0.11141
2750.0 2750.0 0.04925
2850.0 2750.0 0.06817
2950.0 2750.0 -0.04773
3050.0 2750.0 -0.24398
3150.0 2750.0 -0.38501
3250.0 2750.0 -0.37298
3350.0 2750.0 -0.20193
3450.0 2750.0 0.05271
3550.0 2750.0 0.37559
3650.0 2750.0 0.76984
3750.0 2750.0 1.02793
3850.0 2750.0 0.98478
3950.0 2750.0 0.66816
4050.0 2750.0 0.26681
4150.0 2750.0 -0.07546
4250.0 2750.0 -0.22198
4350.0 2750.0 -0.02649
4450.0 2750.0 0.34818
4550.0 2750.0 0.62434
4650.0 2750.0 0.58817
4750.0 2750.0 0.20793
4850.0 2750.0 -0.35599
4950.0 2750.0 -1.20969
5050.0 2750.0 -2.11392
5150.0 2750.0 -2.50910
5250.0 2750.0 -2.13137
5350.0 2750.0 -1.20912
5450.0 2750.0 -0.21904
5550.0 2750.0 0.70390
5650.0 2750.0 1.53310
5750.0 2750.0 1.92633
5850.0 2750.0 1.68830
5950.0 2750.0 1.00661
6050.0 2750.0 0.35436
6150.0 2750.0 0.06002
6250.0 2750.0 -0.06641
6350.0 2750.0 -0.00590
50.0 2850.0 -0.24248
150.0 2850.0 -1.00477
250.0 2850.0 -1.57547
350.0 2850.0 -1.73002
450.0 2850.0 -1.44695
550.0 2850.0 -0.97462
650.0 2850.0 -0.68295
750.0 2850.0 -0.70189
850.0 2850.0 -0.73309
950.0 2850.0 -0.65487
1050.0 2850.0 -0.48417
1150.0 2850.0 -0.29511
1250.0 2850.0 -0.17228
1350.0 2850.0 -0.16149
1450.0 2850.0 -0.21083
1550.0 2850.0 -0.05648
1650.0 2850.0 0.34759
1750.0 2850.0 0.72660
1850.0 2850.0 0.81066
1950.0 2850.0 0.51799
2050.0 2850.0 -0.02492
2150.0 2850.0 -0.62793
2250.0 2850.0 -1.17383
2350.0 2850.0 -1.45923
2450.0 2850.0 -1.35706
2550.0 2850.0 -0.96937
2650.0 2850.0 -0.58380
2750.0 2850.0 -0.43209
2850.0 2850.0 -0.40960
2950.0 2850.0 -0.49829
3050.0 2850.0 -0.64120
3150.0 2850.0 -0.71794
3250.0 2850.0 -0.65197
3350.0 2850.0 -0.45291
3450.0 2850.0 -0.19357
3550.0 2850.0 0.12054
3650.0 2850.0 0.48033
3750.0 2850.0 0.68749
3850.0 2850.0 0.59805
3950.0 2850.0 0.25752
4050.0 2850.0 -0.14067
4150.0 2850.0 -0.46403
4250.0 2850.0 -0.56796
4350.0 2850.0 -0.28338
4450.0 2850.0 0.21368
4550.0 2850.0 0.61216
4650.0 2850.0 0.66496
4750.0 2850.0 0.32704
4850.0 2850.0 -0.21529
4950.0 2850.0 -1.01293
5050.0 2850.0 -1.81768
5150.0 2850.0 -2.10213
5250.0 2850.0 -1.64115
5350.0 2850.0 -0.68495
5450.0 2850.0 0.29651
5550.0 2850.0 1.17946
5650.0 2850.0 1.84867
5750.0 2850.0 1.94792
5850.0 2850.0 1.36599
5950.0 2850.0 0.40200
6050.0 2850.0 -0.39465
6150.0 2850.0 -0.70900
6250.0 2850.0 -0.81337
6350.0 2850.0 -0.67063
50.0 2950.0 -0.72121
150.0 2950.0 -1.40858
250.0 2950.0 -1.94389
350.0 2950.0 -2.12531
450.0 2950.0 -1.92025
550.0 2950.0 -1.53479
650.0 2950.0 -1.29013
750.0 2950.0 -1.30708
850.0 2950.0 -1.31728
950.0 2950.0 -1.19503
1050.0 2950.0 -0.97226
1150.0 2950.0 -0.74487
1250.0 2950.0 -0.61017
1350.0 2950.0 -0.61141
1450.0 2950.0 -0.68244
1550.0 2950.0 -0.54764
1650.0 2950.0 -0.15388
1750.0 2950.0 0.22785
1850.0 2950.0 0.32399
1950.0 2950.0 0.04310
2050.0 2950.0 -0.49710
2150.0 2950.0 -1.09813
2250.0 2950.0 -1.59280
2350.0 2950.0 -1.76005
2450.0 2950.0 -1.50489
2550.0 2950.0 -0.98138
2650.0 2950.0 -0.51960
2750.0 2950.0 -0.35542
2850.0 2950.0 -0.35010
2950.0 2950.0 -0.51165
3050.0 2950.0 -0.78467
3150.0 2950.0 -1.01001
3250.0 2950.0 -1.06236
3350.0 2950.0 -0.91985
3450.0 2950.0 -0.66530
3550.0 2950.0 -0.35523
3650.0 2950.0 -0.00286
3750.0 2950.0 0.23227
3850.0 2950.0 0.23095
3950.0 2950.0 0.02513
4050.0 2950.0 -0.23281
4150.0 2950.0 -0.43433
4250.0 2950.0 -0.44129
4350.0 2950.0 -0.10849
4450.0 2950.0 0.39770
4550.0 2950.0 0.79920
4650.0 2950.0 0.88575
4750.0 2950.0 0.63044
4850.0 2950.0 0.19961
4950.0 2950.0 -0.47175
5050.0 2950.0 -1.19207
5150.0 2950.0 -1.50527
5250.0 2950.0 -1.19178
5350.0 2950.0 -0.43105
5450.0 2950.0 0.39238
5550.0 2950.0 1.13399
5650.0 2950.0 1.60233
5750.0 2950.0 1.47904
5850.0 2950.0 0.73009
5950.0 2950.0 -0.30362
6050.0 2950.0 -1.09082
6150.0 2950.0 -1.36926
6250.0 2950.0 -1.43507
6350.0 2950.0 -1.24713
50.0 3050.0 -1.19619
150.0 3050.0 -1.72732
250.0 3050.0 -2.12601
350.0 3050.0 -2.23402
450.0 3050.0 -2.03451
550.0 3050.0 -1.70033
650.0 3050.0 -1.49069
750.0 3050.0 -1.49753
850.0 3050.0 -1.49359
950.0 3050.0 -1.38059
1050.0 3050.0 -1.20683
1150.0 3050.0 -1.06322
1250.0 3050.0 -1.02011
1350.0 3050.0 -1.08957
1450.0 3050.0 -1.20456
1550.0 3050.0 -1.10507
1650.0 3050.0 -0.72544
1750.0 3050.0 -0.33068
1850.0 3050.0 -0.20380
1950.0 3050.0 -0.45721
2050.0 3050.0 -0.99067
2150.0 3050.0 -1.58764
2250.0 3050.0 -1.98214
2350.0 3050.0 -1.91852
2450.0 3050.0 -1.36437
2550.0 3050.0 -0.57536
2650.0 3050.0 0.03556
2750.0 3050.0 0.22438
2850.0 3050.0 0.19676
2950.0 3050.0 -0.10512
3050.0 3050.0 -0.62887
3150.0 3050.0 -1.14068
3250.0 3050.0 -1.42122
3350.0 3050.0 -1.38786
3450.0 3050.0 -1.14266
3550.0 3050.0 -0.84155
3650.0 3050.0 -0.50858
3750.0 3050.0 -0.22885
3850.0 3050.0 -0.07170
3950.0 3050.0 -0.02789
4050.0 3050.0 -0.02151
4150.0 3050.0 0.00809
4250.0 3050.0 0.14883
4350.0 3050.0 0.46079
4450.0 3050.0 0.81658
4550.0 3050.0 1.05478
4650.0 3050.0 1.08983
4750.0 3050.0 0.95198
4850.0 3050.0 0.73091
4950.0 3050.0 0.27861
5050.0 3050.0 -0.33328
5150.0 3050.0 -0.77199
5250.0 3050.0 -0.80542
5350.0 3050.0 -0.45765
5450.0 3050.0 0.05399
5550.0 3050.0 0.54841
5650.0 3050.0 0.80046
5750.0 3050.0 0.59038
5850.0 3050.0 -0.06233
5950.0 3050.0 -0.87417
6050.0 3050.0 -1.45226
6150.0 3050.0 -1.62834
6250.0 3050.0 -1.64016
6350.0 3050.0 -1.45843
50.0 3150.0 -1.35112
150.0 3150.0 -1.69349
250.0 3150.0 -1.91328
350.0 3150.0 -1.90405
450.0 3150.0 -1.67663
550.0 3150.0 -1.37574
650.0 3150.0 -1.19454
750.0 3150.0 -1.18784
850.0 3150.0 -1.17344
950.0 3150.0 -1.09419
1050.0 3150.0 -1.01485
1150.0 3150.0 -1.00906
1250.0 3150.0 -1.10261
1350.0 3150.0 -1.26414
1450.0 3150.0 -1.43196
1550.0 3150.0 -1.37367
1650.0 3150.0 -1.00885
1750.0 3150.0 -0.59580
1850.0 3150.0 -0.42968
1950.0 3150.0 -0.64865
2050.0 3150.0 -1.17354
2150.0 3150.0 -1.76960
2250.0 3150.0 -2.08685
2350.0 3150.0 -1.84254
2450.0 3150.0 -1.05463
2550.0 3150.0 -0.05946
2650.0 3150.0 0.66484
2750.0 3150.0 0.86847
2850.0 3150.0 0.81051
2950.0 3150.0 0.39594
3050.0 3150.0 -0.32271
3150.0 3150.0 -1.05258
3250.0 3150.0 -1.50310
3350.0 3150.0 -1.54801
3450.0 3150.0 -1.30637
3550.0 3150.0 -1.02952
3650.0 3150.0 -0.77529
3750.0 3150.0 -0.53558
3850.0 3150.0 -0.29178
3950.0 3150.0 -0.02831
4050.0 3150.0 0.25898
4150.0 3150.0 0.55990
4250.0 3150.0 0.85749
4350.0 3150.0 1.08855
4450.0 3150.0 1.18217
4550.0 3150.0 1.14227
4650.0 3150.0 1.05847
4750.0 3150.0 1.04016
4850.0 3150.0 1.06879
4950.0 3150.0 0.89426
5050.0 3150.0 0.45379
5150.0 3150.0 -0.07655
5250.0 3150.0 -0.46856
5350.0 3150.0 -0.57845
5450.0 3150.0 -0.42855
5550.0 3150.0 -0.21787
5650.0 3150.0 -0.15005
5750.0 3150.0 -0.31617
5850.0 3150.0 -0.67395
5950.0 3150.0 -1.06778
6050.0 3150.0 -1.31431
6150.0 3150.0 -1.35409
6250.0 3150.0 -1.30899
6350.0 3150.0 -1.16867
50.0 3250.0 -1.07356
150.0 3250.0 -1.26165
250.0 3250.0 -1.34303
350.0 3250.0 -1.25402
450.0 3250.0 -1.02326
550.0 3250.0 -0.76570
650.0 3250.0 -0.61554
750.0 3250.0 -0.59853
850.0 3250.0 -0.57202
950.0 3250.0 -0.50828
1050.0 3250.0 -0.48731
1150.0 3250.0 -0.57462
1250.0 3250.0 -0.76600
1350.0 3250.0 -0.99766
1450.0 3250.0 -1.20880
1550.0 3250.0 -1.18451
1650.0 3250.0 -0.83172
1750.0 3250.0 -0.40321
1850.0 3250.0 -0.20432
1950.0 3250.0 -0.39460
2050.0 3250.0 -0.91235
2150.0 3250.0 -1.51379
2250.0 3250.0 -1.83241
2350.0 3250.0 -1.58507
2450.0 3250.0 -0.79372
2550.0 3250.0 0.20110
2650.0 3250.0 0.91938
2750.0 3250.0 1.11267
2850.0 3250.0 1.04321
2950.0 3250.0 0.61895
3050.0 3250.0 -0.10164
3150.0 3250.0 -0.82277
3250.0 3250.0 -1.25748
3350.0 3250.0 -1.28762
3450.0 3250.0 -1.03725
3550.0 3250.0 -0.80072
3650.0 3250.0 -0.69454
3750.0 3250.0 -0.62619
3850.0 3250.0 -0.46181
3950.0 3250.0 -0.13090
4050.0 3250.0 0.33975
4150.0 3250.0 0.86084
4250.0 3250.0 1.27862
4350.0 3250.0 1.41385
4450.0 3250.0 1.24760
4550.0 3250.0 0.93431
4650.0 3250.0 0.72250
4750.0 3250.0 0.79279
4850.0 3250.0 1.03031
4950.0 3250.0 1.12368
5050.0 3250.0 0.91719
5150.0 3250.0 0.43516
5250.0 3250.0 -0.13811
5350.0 3250.0 -0.55582
5450.0 3250.0 -0.68671
5550.0 3250.0 -0.70704
5650.0 3250.0 -0.76481
5750.0 3250.0 -0.84034
5850.0 3250.0 -0.88756
5950.0 3250.0 -0.87864
6050.0 3250.0 -0.82023
6150.0 3250.0 -0.74185
6250.0 3250.0 -0.65078
6350.0 3250.0 -0.55006
50.0 3350.0 -0.51591
150.0 3350.0 -0.63190
250.0 3350.0 -0.67553
350.0 3350.0 -0.60479
450.0 3350.0 -0.43987
550.0 3350.0 -0.25828
650.0 3350.0 -0.14967
750.0 3350.0 -0.13040
850.0 3350.0 -0.08568
950.0 3350.0 0.01353
1050.0 3350.0 0.07383
1150.0 3350.0 0.01217
1250.0 3350.0 -0.17579
1350.0 3350.0 -0.42202
1450.0 3350.0 -0.65396
1550.0 3350.0 -0.64741
1650.0 3350.0 -0.30201
1750.0 3350.0 0.13252
1850.0 3350.0 0.34628
1950.0 3350.0 0.16942
2050.0 3350.0 -0.34506
2150.0 3350.0 -0.95751
2250.0 3350.0 -1.36483
2350.0 3350.0 -1.31326
2450.0 3350.0 -0.77612
2550.0 3350.0 -0.01179
2650.0 3350.0 0.56892
2750.0 3350.0 0.72649
2850.0 3350.0 0.66942
2950.0 3350.0 0.35230
3050.0 3350.0 -0.15563
3150.0 3350.0 -0.61861
3250.0 3350.0 -0.83545
3350.0 3350.0 -0.75142
3450.0 3350.0 -0.48095
3550.0 3350.0 -0.29162
3650.0 3350.0 -0.37002
3750.0 3350.0 -0.57116
3850.0 3350.0 -0.64637
3950.0 3350.0 -0.43179
4050.0 3350.0 0.06744
4150.0 3350.0 0.69514
4250.0 3350.0 1.17195
4350.0 3350.0 1.25220
4450.0 3350.0 0.94453
4550.0 3350.0 0.48290
4650.0 3350.0 0.19958
4750.0 3350.0 0.31267
4850.0 3350.0 0.66037
4950.0 3350.0 0.94716
5050.0 3350.0 0.99795
5150.0 3350.0 0.72669
5250.0 3350.0 0.23433
5350.0 3350.0 -0.23374
5450.0 3350.0 -0.47977
5550.0 3350.0 -0.61902
5650.0 3350.0 -0.75273
5750.0 3350.0 -0.80668
5850.0 3350.0 -0.72611
5950.0 3350.0 -0.53821
6050.0 3350.0 -0.33865
6150.0 3350.0 -0.20266
6250.0 3350.0 -0.08413
6350.0 3350.0 0.01588
50.0 3450.0 0.08055
150.0 3450.0 -0.03606
250.0 3450.0 -0.13221
350.0 3450.0 -0.16895
450.0 3450.0 -0.13411
550.0 3450.0 -0.05991
650.0 3450.0 -0.00336
750.0 3450.0 0.01091
850.0 3450.0 0.07984
950.0 3450.0 0.26174
1050.0 3450.0 0.45116
1150.0 3450.0 0.52380
1250.0 3450.0 0.43143
1350.0 3450.0 0.22081
1450.0 3450.0 -0.01191
1550.0 3450.0 -0.00897
1650.0 3450.0 0.33246
1750.0 3450.0 0.76371
1850.0 3450.0 0.97555
1950.0 3450.0 0.79795
2050.0 3450.0 0.28311
2150.0 3450.0 -0.34272
2250.0 3450.0 -0.88814
2350.0 3450.0 -1.14584
2450.0 3450.0 -1.00988
2550.0 3450.0 -0.60675
2650.0 3450.0 -0.23740
2750.0 3450.0 -0.12832
2850.0 3450.0 -0.15762
2950.0 3450.0 -0.29990
3050.0 3450.0 -0.47330
3150.0 3450.0 -0.53824
3250.0 3450.0 -0.42523
3350.0 3450.0 -0.17302
3450.0 3450.0 0.12265
3550.0 3450.0 0.26748
3650.0 3450.0 0.00803
3750.0 3450.0 -0.48948
3850.0 3450.0 -0.88045
3950.0 3450.0 -0.89513
4050.0 3450.0 -0.48275
4150.0 3450.0 0.15325
4250.0 3450.0 0.64211
4350.0 3450.0 0.72469
4450.0 3450.0 0.41181
4550.0 3450.0 -0.05586
4650.0 3450.0 -0.33882
4750.0 3450.0 -0.21561
4850.0 3450.0 0.15449
4950.0 3450.0 0.55468
5050.0 3450.0 0.84846
5150.0 3450.0 0.88424
5250.0 3450.0 0.66027
5350.0 3450.0 0.34200
5450.0 3450.0 0.11988
5550.0 3450.0 -0.04289
5650.0 3450.0 -0.23371
5750.0 3450.0 -0.37746
5850.0 3450.0 -0.39227
5950.0 3450.0 -0.27568
6050.0 3450.0 -0.10793
6150.0 3450.0 0.02726
6250.0 3450.0 0.15901
6350.0 3450.0 0.30234
50.0 3550.0 0.64263
150.0 3550.0 0.52391
250.0 3550.0 0.36909
350.0 3550.0 0.21129
450.0 3550.0 0.09629
550.0 3550.0 0.04218
650.0 3550.0 0.03043
750.0 3550.0 0.02926
850.0 3550.0 0.11301
950.0 3550.0 0.37826
1050.0 3550.0 0.72212
1150.0 3550.0 0.98097
1250.0 3550.0 1.04777
1350.0 3550.0 0.92653
1450.0 3550.0 0.73204
1550.0 3550.0 0.74348
1650.0 3550.0 1.03836
1750.0 3550.0 1.37566
1850.0 3550.0 1.48146
1950.0 3550.0 1.22905
2050.0 3550.0 0.69372
2150.0 3550.0 0.05972
2250.0 3550.0 -0.63247
2350.0 3550.0 -1.22155
2450.0 3550.0 -1.50756
2550.0 3550.0 -1.47127
2650.0 3550.0 -1.29929
2750.0 3550.0 -1.21142
2850.0 3550.0 -1.17739
2950.0 3550.0 -1.08364
3050.0 3550.0 -0.83964
3150.0 3550.0 -0.42314
3250.0 3550.0 0.08281
3350.0 3550.0 0.53711
3450.0 3550.0 0.87144
3550.0 3550.0 0.99277
3650.0 3550.0 0.59286
3750.0 3550.0 -0.16734
3850.0 3550.0 -0.87472
3950.0 3550.0 -1.15892
4050.0 3550.0 -0.89528
4150.0 3550.0 -0.31433
4250.0 3550.0 0.12137
4350.0 3550.0 0.15106
4450.0 3550.0 -0.19178
4550.0 3550.0 -0.65555
4650.0 3550.0 -0.91158
4750.0 3550.0 -0.76139
4850.0 3550.0 -0.36412
4950.0 3550.0 0.16457
5050.0 3550.0 0.73535
5150.0 3550.0 1.12653
5250.0 3550.0 1.22074
5350.0 3550.0 1.08945
5450.0 3550.0 0.91023
5550.0 3550.0 0.73230
5650.0 3550.0 0.46802
5750.0 3550.0 0.18734
5850.0 3550.0 0.01387
5950.0 3550.0 0.00363
6050.0 3550.0 0.11162
6150.0 3550.0 0.24617
6250.0 3550.0 0.39503
6350.0 3550.0 0.57824
50.0 3650.0 1.02407
150.0 3650.0 0.94113
250.0 3650.0 0.77517
350.0 3650.0 0.53482
450.0 3650.0 0.28079
550.0 3650.0 0.08036
650.0 3650.0 -0.03009
750.0 3650.0 -0.07357
850.0 3650.0 -0.01850
950.0 3650.0 0.26673
1050.0 3650.0 0.73156
1150.0 3650.0 1.21193
1250.0 3650.0 1.53657
1350.0 3650.0 1.62509
1450.0 3650.0 1.57874
1550.0 3650.0 1.64705
1650.0 3650.0 1.81208
1750.0 3650.0 1.85157
1850.0 3650.0 1.60790
1950.0 3650.0 1.10483
2050.0 3650.0 0.50298
2150.0 3650.0 -0.11963
2250.0 3650.0 -0.93910
2350.0 3650.0 -1.82288
2450.0 3650.0 -2.45883
2550.0 3650.0 -2.68488
2650.0 3650.0 -2.59702
2750.0 3650.0 -2.43198
2850.0 3650.0 -2.24306
2950.0 3650.0 -1.82421
3050.0 3650.0 -1.09386
3150.0 3650.0 -0.15802
3250.0 3650.0 0.75597
3350.0 3650.0 1.42730
3450.0 3650.0 1.83030
3550.0 3650.0 1.99911
3650.0 3650.0 1.61243
3750.0 3650.0 0.75804
3850.0 3650.0 -0.17280
3950.0 3650.0 -0.74992
4050.0 3650.0 -0.74758
4150.0 3650.0 -0.36387
4250.0 3650.0 -0.15264
4350.0 3650.0 -0.36015
4450.0 3650.0 -0.85631
4550.0 3650.0 -1.33500
4650.0 3650.0 -1.50197
4750.0 3650.0 -1.24865
4850.0 3650.0 -0.76418
4950.0 3650.0 -0.04541
5050.0 3650.0 0.84741
5150.0 3650.0 1.60067
5250.0 3650.0 1.98187
5350.0 3650.0 1.99331
5450.0 3650.0 1.82776
5550.0 3650.0 1.61266
5650.0 3650.0 1.23916
5750.0 3650.0 0.78554
5850.0 3650.0 0.43884
5950.0 3650.0 0.31689
6050.0 3650.0 0.39970
6150.0 3650.0 0.57058
6250.0 3650.0 0.75421
6350.0 3650.0 0.93374
50.0 3750.0 1.05064
150.0 3750.0 1.04318
250.0 3750.0 0.94010
350.0 3750.0 0.70900
450.0 3750.0 0.39180
550.0 3750.0 0.08212
650.0 3750.0 -0.12860
750.0 3750.0 -0.23527
850.0 3750.0 -0.26713
950.0 3750.0 -0.08915
1050.0 3750.0 0.35374
1150.0 3750.0 0.96696
1250.0 3750.0 1.54935
1350.0 3750.0 1.91945
1450.0 3750.0 2.11764
1550.0 3750.0 2.31868
1650.0 3750.0 2.37133
1750.0 3750.0 2.06287
1850.0 3750.0 1.38153
1950.0 3750.0 0.55578
2050.0 3750.0 -0.12726
2150.0 3750.0 -0.71613
2250.0 3750.0 -1.59675
2350.0 3750.0 -2.63312
2450.0 3750.0 -3.41306
2550.0 3750.0 -3.68104
2650.0 3750.0 -3.50242
2750.0 3750.0 -3.15634
2850.0 3750.0 -2.75327
2950.0 3750.0 -2.06361
3050.0 3750.0 -1.03961
3150.0 3750.0 0.14787
3250.0 3750.0 1.23414
3350.0 3750.0 2.00909
3450.0 3750.0 2.48866
3550.0 3750.0 2.78494
3650.0 3750.0 2.61794
3750.0 3750.0 1.93606
3850.0 3750.0 0.99259
3950.0 3750.0 0.19911
4050.0 3750.0 -0.11761
4150.0 3750.0 -0.05307
4250.0 3750.0 -0.20377
4350.0 3750.0 -0.76910
4450.0 3750.0 -1.46472
4550.0 3750.0 -1.91157
4650.0 3750.0 -1.89113
4750.0 3750.0 -1.45236
4850.0 3750.0 -0.83123
4950.0 3750.0 0.07431
5050.0 3750.0 1.18948
5150.0 3750.0 2.12296
5250.0 3750.0 2.58906
5350.0 3750.0 2.59715
5450.0 3750.0 2.39160
5550.0 3750.0 2.12420
5650.0 3750.0 1.64292
5750.0 3750.0 1.05154
5850.0 3750.0 0.60105
5950.0 3750.0 0.45116
6050.0 3750.0 0.57731
6150.0 3750.0 0.82388
6250.0 3750.0 1.05534
6350.0 3750.0 1.18048
50.0 3850.0 0.73091
150.0 3850.0 0.81651
250.0 3850.0 0.83677
350.0 3850.0 0.71430
450.0 3850.0 0.44126
550.0 3850.0 0.10266
650.0 3850.0 -0.17443
750.0 3850.0 -0.34524
850.0 3850.0 -0.50429
950.0 3850.0 -0.55938
1050.0 3850.0 -0.32487
1150.0 3850.0 0.23836
1250.0 3850.0 0.96028
1350.0 3850.0 1.58164
1450.0 3850.0 2.04566
1550.0 3850.0 2.44178
1650.0 3850.0 2.50940
1750.0 3850.0 2.01759
1850.0 3850.0 1.05015
1950.0 3850.0 -0.00197
2050.0 3850.0 -0.73435
2150.0 3850.0 -1.27745
2250.0 3850.0 -2.13771
2350.0 3850.0 -3.14530
2450.0 3850.0 -3.82900
2550.0 3850.0 -3.91466
2650.0 3850.0 -3.50364
2750.0 3850.0 -2.92961
2850.0 3850.0 -2.32805
2950.0 3850.0 -1.56028
3050.0 3850.0 -0.63061
3150.0 3850.0 0.33883
3250.0 3850.0 1.20559
3350.0 3850.0 1.88649
3450.0 3850.0 2.41924
3550.0 3850.0 2.88480
3650.0 3850.0 3.08075
3750.0 3850.0 2.79244
3850.0 3850.0 2.05925
3950.0 3850.0 1.19885
4050.0 3850.0 0.60624
4150.0 3850.0 0.32853
4250.0 3850.0 -0.19693
4350.0 3850.0 -1.09066
4450.0 3850.0 -1.91119
4550.0 3850.0 -2.22958
4650.0 3850.0 -1.94023
4750.0 3850.0 -1.27666
4850.0 3850.0 -0.51236
4950.0 3850.0 0.50102
5050.0 3850.0 1.62660
5150.0 3850.0 2.44404
5250.0 3850.0 2.71206
5350.0 3850.0 2.53818
5450.0 3850.0 2.24256
5550.0 3850.0 1.92521
5650.0 3850.0 1.38130
5750.0 3850.0 0.75098
5850.0 3850.0 0.32420
5950.0 3850.0 0.26107
6050.0 3850.0 0.49774
6150.0 3850.0 0.83820
6250.0 3850.0 1.11701
6350.0 3850.0 1.15954
50.0 3950.0 0.29060
150.0 3950.0 0.45418
250.0 3950.0 0.60703
350.0 3950.0 0.63765
450.0 3950.0 0.47948
550.0 3950.0 0.18409
650.0 3950.0 -0.11210
750.0 3950.0 -0.32791
850.0 3950.0 -0.61159
950.0 3950.0 -0.94520
1050.0 3950.0 -1.03108
1150.0 3950.0 -0.67787
1250.0 3950.0 0.02412
1350.0 3950.0 0.78573
1450.0 3950.0 1.45012
1550.0 3950.0 2.05132
1650.0 3950.0 2.28871
1750.0 3950.0 1.88458
1850.0 3950.0 0.92168
1950.0 3950.0 -0.15648
2050.0 3950.0 -0.88090
2150.0 3950.0 -1.38384
2250.0 3950.0 -2.17836
2350.0 3950.0 -3.05131
2450.0 3950.0 -3.51579
2550.0 3950.0 -3.33182
2650.0 3950.0 -2.66814
2750.0 3950.0 -1.90434
2850.0 3950.0 -1.18331
2950.0 3950.0 -0.54438
3050.0 3950.0 -0.04428
3150.0 3950.0 0.33489
3250.0 3950.0 0.68383
3350.0 3950.0 1.11476
3450.0 3950.0 1.66140
3550.0 3950.0 2.27454
3650.0 3950.0 2.82510
3750.0 3950.0 2.96810
3850.0 3950.0 2.54001
3950.0 3950.0 1.73948
4050.0 3950.0 0.98566
4150.0 3950.0 0.45368
4250.0 3950.0 -0.32959
4350.0 3950.0 -1.39422
4450.0 3950.0 -2.19402
4550.0 3950.0 -2.29924
4650.0 3950.0 -1.72705
4750.0 3950.0 -0.86603
4850.0 3950.0 0.00195
4950.0 3950.0 1.01989
5050.0 3950.0 1.96729
5150.0 3950.0 2.44660
5250.0 3950.0 2.33216
5350.0 3950.0 1.87802
5450.0 3950.0 1.47718
5550.0 3950.0 1.12781
5650.0 3950.0 0.58077
5750.0 3950.0 0.01051
5850.0 3950.0 -0.28836
5950.0 3950.0 -0.19180
6050.0 3950.0 0.17910
6150.0 3950.0 0.59954
6250.0 3950.0 0.91231
6350.0 3950.0 0.88368
50.0 4050.0 0.02812
150.0 4050.0 0.23055
250.0 4050.0 0.46820
350.0 4050.0 0.61484
450.0 4050.0 0.56377
550.0 4050.0 0.33311
650.0 4050.0 0.05078
750.0 4050.0 -0.18192
850.0 4050.0 -0.54597
950.0 4050.0 -1.09587
1050.0 4050.0 -1.47321
1150.0 4050.0 -1.37306
1250.0 4050.0 -0.79827
1350.0 4050.0 -0.02355
1450.0 4050.0 0.72677
1550.0 4050.0 1.48443
1650.0 4050.0 1.98305
1750.0 4050.0 1.88563
1850.0 4050.0 1.18732
1950.0 4050.0 0.27052
2050.0 4050.0 -0.39664
2150.0 4050.0 -0.87952
2250.0 4050.0 -1.62602
2350.0 4050.0 -2.39677
2450.0 4050.0 -2.70956
2550.0 4050.0 -2.35807
2650.0 4050.0 -1.55571
2750.0 4050.0 -0.70364
2850.0 4050.0 0.04040
2950.0 4050.0 0.45080
3050.0 4050.0 0.43628
3150.0 4050.0 0.16998
3250.0 4050.0 -0.02766
3350.0 4050.0 0.13113
3450.0 4050.0 0.65945
3550.0 4050.0 1.34718
3650.0 4050.0 2.09605
3750.0 4050.0 2.50113
3850.0 4050.0 2.28810
3950.0 4050.0 1.57690
4050.0 4050.0 0.78124
4150.0 4050.0 0.14321
4250.0 4050.0 -0.71883
4350.0 4050.0 -1.76031
4450.0 4050.0 -2.40765
4550.0 4050.0 -2.27679
4650.0 4050.0 -1.48417
4750.0 4050.0 -0.50418
4850.0 4050.0 0.40480
4950.0 4050.0 1.36016
5050.0 4050.0 2.07521
5150.0 4050.0 2.19960
5250.0 4050.0 1.72605
5350.0 4050.0 1.03210
5450.0 4050.0 0.55503
5550.0 4050.0 0.19677
5650.0 4050.0 -0.31444
5750.0 4050.0 -0.78364
5850.0 4050.0 -0.93515
5950.0 4050.0 -0.69094
6050.0 4050.0 -0.21983
6150.0 4050.0 0.24246
6250.0 4050.0 0.57067
6350.0 4050.0 0.51560
50.0 4150.0 -0.00446
150.0 4150.0 0.20560
250.0 4150.0 0.47713
350.0 4150.0 0.68321
450.0 4150.0 0.69928
550.0 4150.0 0.52141
650.0 4150.0 0.26363
750.0 4150.0 0.03292
850.0 4150.0 -0.36870
950.0 4150.0 -1.05077
1050.0 4150.0 -1.63585
1150.0 4150.0 -1.75255
1250.0 4150.0 -1.33255
1350.0 4150.0 -0.61563
1450.0 4150.0 0.13986
1550.0 4150.0 0.99940
1650.0 4150.0 1.76918
1750.0 4150.0 2.05618
1850.0 4150.0 1.73219
1950.0 4150.0 1.06186
2050.0 4150.0 0.47362
2150.0 4150.0 -0.00415
2250.0 4150.0 -0.74065
2350.0 4150.0 -1.49263
2450.0 4150.0 -1.78174
2550.0 4150.0 -1.40831
2650.0 4150.0 -0.59148
2750.0 4150.0 0.26675
2850.0 4150.0 0.97790
2950.0 4150.0 1.16711
3050.0 4150.0 0.72630
3150.0 4150.0 -0.04865
3250.0 4150.0 -0.66840
3350.0 4150.0 -0.72477
3450.0 4150.0 -0.22818
3550.0 4150.0 0.47166
3650.0 4150.0 1.26830
3750.0 4150.0 1.74954
3850.0 4150.0 1.61497
3950.0 4150.0 0.95762
4050.0 4150.0 0.17853
4150.0 4150.0 -0.46574
4250.0 4150.0 -1.29072
4350.0 4150.0 -2.19808
4450.0 4150.0 -2.63651
4550.0 4150.0 -2.28907
4650.0 4150.0 -1.34407
4750.0 4150.0 -0.30902
4850.0 4150.0 0.59825
4950.0 4150.0 1.47644
5050.0 4150.0 2.00120
5150.0 4150.0 1.86756
5250.0 4150.0 1.15295
5350.0 4150.0 0.31041
5450.0 4150.0 -0.20578
5550.0 4150.0 -0.55874
5650.0 4150.0 -1.02577
5750.0 4150.0 -1.40409
5850.0 4150.0 -1.44240
5950.0 4150.0 -1.09975
6050.0 4150.0 -0.57388
6150.0 4150.0 -0.09969
6250.0 4150.0 0.23267
6350.0 4150.0 0.18812
50.0 4250.0 -0.10901
150.0 4250.0 0.07499
250.0 4250.0 0.37058
350.0 4250.0 0.67345
450.0 4250.0 0.84080
550.0 4250.0 0.81749
650.0 4250.0 0.66302
750.0 4250.0 0.47751
850.0 4250.0 0.08909
950.0 4250.0 -0.66429
1050.0 4250.0 -1.43105
1150.0 4250.0 -1.80366
1250.0 4250.0 -1.63117
1350.0 4250.0 -1.07636
1450.0 4250.0 -0.40802
1550.0 4250.0 0.44932
1650.0 4250.0 1.39967
1750.0 4250.0 2.04517
1850.0 4250.0 2.14997
1950.0 4250.0 1.82499
2050.0 4250.0 1.40208
2150.0 4250.0 0.99714
2250.0 4250.0 0.34048
2350.0 4250.0 -0.36147
2450.0 4250.0 -0.67402
2550.0 4250.0 -0.39739
2650.0 4250.0 0.29634
2750.0 4250.0 1.05658
2850.0 4250.0 1.67031
2950.0 4250.0 1.68724
3050.0 4250.0 0.99246
3150.0 4250.0 -0.06946
3250.0 4250.0 -0.94199
3350.0 4250.0 -1.16890
3450.0 4250.0 -0.76983
3550.0 4250.0 -0.15403
3650.0 4250.0 0.57388
3750.0 4250.0 1.02297
3850.0 4250.0 0.89588
3950.0 4250.0 0.26377
4050.0 4250.0 -0.50481
4150.0 4250.0 -1.16006
4250.0 4250.0 -1.93593
4350.0 4250.0 -2.67395
4450.0 4250.0 -2.87167
4550.0 4250.0 -2.30563
4650.0 4250.0 -1.24323
4750.0 4250.0 -0.21159
4850.0 4250.0 0.63192
4950.0 4250.0 1.39936
5050.0 4250.0 1.76839
5150.0 4250.0 1.48612
5250.0 4250.0 0.67791
5350.0 4250.0 -0.18971
5450.0 4250.0 -0.68626
5550.0 4250.0 -1.00718
5650.0 4250.0 -1.42604
5750.0 4250.0 -1.74242
5850.0 4250.0 -1.71959
5950.0 4250.0 -1.33028
6050.0 4250.0 -0.77725
6150.0 4250.0 -0.28930
6250.0 4250.0 0.04936
6350.0 4250.0 -0.00752
50.0 4350.0 -0.34220
150.0 4350.0 -0.25608
250.0 4350.0 0.01494
350.0 4350.0 0.43539
450.0 4350.0 0.85935
550.0 4350.0 1.14318
650.0 4350.0 1.22482
750.0 4350.0 1.16775
850.0 4350.0 0.90480
950.0 4350.0 0.24256
1050.0 4350.0 -0.58579
1150.0 4350.0 -1.21671
1250.0 4350.0 -1.41768
1350.0 4350.0 -1.20480
1450.0 4350.0 -0.80102
1550.0 4350.0 -0.17912
1650.0 4350.0 0.68895
1750.0 4350.0 1.52183
1850.0 4350.0 2.04864
1950.0 4350.0 2.19379
2050.0 4350.0 2.09207
2150.0 4350.0 1.90517
2250.0 4350.0 1.49677
2350.0 4350.0 0.96054
2450.0 4350.0 0.59530
2550.0 4350.0 0.59505
2650.0 4350.0 0.92533
2750.0 4350.0 1.39081
2850.0 4350.0 1.78453
2950.0 4350.0 1.74123
3050.0 4350.0 1.15739
3150.0 4350.0 0.27149
3250.0 4350.0 -0.50225
3350.0 4350.0 -0.80635
3450.0 4350.0 -0.63806
3550.0 4350.0 -0.28645
3650.0 4350.0 0.19429
3750.0 4350.0 0.48106
3850.0 4350.0 0.30580
3950.0 4350.0 -0.30338
4050.0 4350.0 -1.06309
4150.0 4350.0 -1.75617
4250.0 4350.0 -2.48976
4350.0 4350.0 -3.03765
4450.0 4350.0 -2.98660
4550.0 4350.0 -2.24239
4650.0 4350.0 -1.15606
4750.0 4350.0 -0.24951
4850.0 4350.0 0.40801
4950.0 4350.0 0.99356
5050.0 4350.0 1.26220
5150.0 4350.0 1.02959
5250.0 4350.0 0.40249
5350.0 4350.0 -0.25618
5450.0 4350.0 -0.61908
5550.0 4350.0 -0.85499
5650.0 4350.0 -1.22043
5750.0 4350.0 -1.53644
5850.0 4350.0 -1.55854
5950.0 4350.0 -1.22482
6050.0 4350.0 -0.69558
6150.0 4350.0 -0.18470
6250.0 4350.0 0.16972
6350.0 4350.0 0.05979
50.0 4450.0 -0.55372
150.0 4450.0 -0.62960
250.0 4450.0 -0.47938
350.0 4450.0 -0.03590
450.0 4450.0 0.59546
550.0 4450.0 1.19695
650.0 4450.0 1.56341
750.0 4450.0 1.68988
850.0 4450.0 1.65781
950.0 4450.0 1.29002
1050.0 4450.0 0.62272
1150.0 4450.0 -0.12524
1250.0 4450.0 -0.68731
1350.0 4450.0 -0.90610
1450.0 4450.0 -0.89542
1550.0 4450.0 -0.72215
1650.0 4450.0 -0.24685
1750.0 4450.0 0.47879
1850.0 4450.0 1.25680
1950.0 4450.0 1.85402
2050.0 4450.0 2.15306
2150.0 4450.0 2.29127
2250.0 4450.0 2.27405
2350.0 4450.0 2.03318
2450.0 4450.0 1.65273
2550.0 4450.0 1.29729
2650.0 4450.0 1.11991
2750.0 4450.0 1.15426
2850.0 4450.0 1.24331
2950.0 4450.0 1.24981
3050.0 4450.0 1.09694
3150.0 4450.0 0.78868
3250.0 4450.0 0.42310
3350.0 4450.0 0.13685
3450.0 4450.0 -0.01872
3550.0 4450.0 -0.04998
3650.0 4450.0 0.10504
3750.0 4450.0 0.22051
3850.0 4450.0 0.05031
3950.0 4450.0 -0.46672
4050.0 4450.0 -1.18834
4150.0 4450.0 -1.93676
4250.0 4450.0 -2.65069
4350.0 4450.0 -3.04666
4450.0 4450.0 -2.82040
4550.0 4450.0 -2.00752
4650.0 4450.0 -1.02019
4750.0 4450.0 -0.34633
4850.0 4450.0 0.03545
4950.0 4450.0 0.38623
5050.0 4450.0 0.59223
5150.0 4450.0 0.55029
5250.0 4450.0 0.30122
5350.0 4450.0 0.02005
5450.0 4450.0 -0.12666
5550.0 4450.0 -0.23964
5650.0 4450.0 -0.55287
5750.0 4450.0 -0.92361
5850.0 4450.0 -1.08048
5950.0 4450.0 -0.88758
6050.0 4450.0 -0.42504
6150.0 4450.0 0.11441
6250.0 4450.0 0.49624
6350.0 4450.0 0.32597
50.0 4550.0 -0.59562
150.0 4550.0 -0.85224
250.0 4550.0 -0.91416
350.0 4550.0 -0.61054
450.0 4550.0 0.04249
550.0 4550.0 0.81440
650.0 4550.0 1.39638
750.0 4550.0 1.69952
850.0 4550.0 1.93535
950.0 4550.0 1.99114
1050.0 4550.0 1.68808
1150.0 4550.0 1.03586
1250.0 4550.0 0.26555
1350.0 4550.0 -0.32645
1450.0 4550.0 -0.71077
1550.0 4550.0 -1.05439
1650.0 4550.0 -1.15332
1750.0 4550.0 -0.79072
1850.0 4550.0 -0.00848
1950.0 4550.0 0.88073
2050.0 4550.0 1.53250
2150.0 4550.0 2.00015
2250.0 4550.0 2.40701
2350.0 4550.0 2.53088
2450.0 4550.0 2.22223
2550.0 4550.0 1.58735
2650.0 4550.0 0.94430
2750.0 4550.0 0.55466
2850.0 4550.0 0.34390
2950.0 4550.0 0.44434
3050.0 4550.0 0.80914
3150.0 4550.0 1.18195
3250.0 4550.0 1.30954
3350.0 4550.0 1.08296
3450.0 4550.0 0.60729
3550.0 4550.0 0.20886
3650.0 4550.0 0.11180
3750.0 4550.0 0.18157
3850.0 4550.0 0.15507
3950.0 4550.0 -0.16431
4050.0 4550.0 -0.80261
4150.0 4550.0 -1.60379
4250.0 4550.0 -2.32437
4350.0 4550.0 -2.64753
4450.0 4550.0 -2.36415
4550.0 4550.0 -1.60238
4650.0 4550.0 -0.79723
4750.0 4550.0 -0.38631
4850.0 4550.0 -0.28330
4950.0 4550.0 -0.17006
5050.0 4550.0 -0.02960
5150.0 4550.0 0.11728
5250.0 4550.0 0.24604
5350.0 4550.0 0.34334
5450.0 4550.0 0.41395
5550.0 4550.0 0.42377
5650.0 4550.0 0.15532
5750.0 4550.0 -0.28640
5850.0 4550.0 -0.59849
5950.0 4550.0 -0.56411
6050.0 4550.0 -0.17773
6150.0 4550.0 0.38891
6250.0 4550.0 0.80534
6350.0 4550.0 0.60742
50.0 4650.0 -0.42919
150.0 4650.0 -0.82799
250.0 4650.0 -1.12984
350.0 4650.0 -1.09260
450.0 4650.0 -0.62058
550.0 4650.0 0.11163
650.0 4650.0 0.76657
750.0 4650.0 1.18207
850.0 4650.0 1.63083
950.0 4650.0 2.08240
1050.0 4650.0 2.19688
1150.0 4650.0 1.78795
1250.0 4650.0 1.00434
1350.0 4650.0 0.20791
1450.0 4650.0 -0.44575
1550.0 4650.0 -1.18607
1650.0 4650.0 -1.79545
1750.0 4650.0 -1.84870
1850.0 4650.0 -1.22664
1950.0 4650.0 -0.24449
2050.0 4650.0 0.61555
2150.0 4650.0 1.31167
2250.0 4650.0 2.04457
2350.0 4650.0 2.49792
2450.0 4650.0 2.34166
2550.0 4650.0 1.60816
2650.0 4650.0 0.70026
2750.0 4650.0 0.03237
2850.0 4650.0 -0.38713
2950.0 4650.0 -0.24269
3050.0 4650.0 0.43798
3150.0 4650.0 1.23136
3250.0 4650.0 1.65873
3350.0 4650.0 1.45363
3450.0 4650.0 0.75582
3550.0 4650.0 0.12995
3650.0 4650.0 -0.04100
3750.0 4650.0 0.16232
3850.0 4650.0 0.41438
3950.0 4650.0 0.36660
4050.0 4650.0 -0.15618
4150.0 4650.0 -0.98914
4250.0 4650.0 -1.72953
4350.0 4650.0 -2.04897
4450.0 4650.0 -1.79518
4550.0 4650.0 -1.13768
4650.0 4650.0 -0.50480
4750.0 4650.0 -0.29045
4850.0 4650.0 -0.38081
4950.0 4650.0 -0.45608
5050.0 4650.0 -0.42276
5150.0 4650.0 -0.23025
5250.0 4650.0 0.07957
5350.0 4650.0 0.38847
5450.0 4650.0 0.59558
5550.0 4650.0 0.69019
5650.0 4650.0 0.45767
5750.0 4650.0 -0.02207
5850.0 4650.0 -0.42750
5950.0 4650.0 -0.49059
6050.0 4650.0 -0.15039
6150.0 4650.0 0.43596
6250.0 4650.0 0.88513
6350.0 4650.0 0.71112
50.0 4750.0 -0.13209
150.0 4750.0 -0.60119
250.0 4750.0 -1.09505
350.0 4750.0 -1.34658
450.0 4750.0 -1.16301
550.0 4750.0 -0.62497
650.0 4750.0 -0.03095
750.0 4750.0 0.41332
850.0 4750.0 0.96272
950.0 4750.0 1.64831
1050.0 4750.0 2.06177
1150.0 4750.0 1.90053
1250.0 4750.0 1.23142
1350.0 4750.0 0.41153
1450.0 4750.0 -0.33350
1550.0 4750.0 -1.23714
1650.0 4750.0 -2.09498
1750.0 4750.0 -2.39480
1850.0 4750.0 -1.92844
1950.0 4750.0 -0.98005
2050.0 4750.0 -0.06856
2150.0 4750.0 0.71037
2250.0 4750.0 1.60066
2350.0 4750.0 2.26805
2450.0 4750.0 2.29436
2550.0 4750.0 1.64362
2650.0 4750.0 0.71240
2750.0 4750.0 -0.03623
2850.0 4750.0 -0.54146
2950.0 4750.0 -0.46500
3050.0 4750.0 0.16624
3150.0 4750.0 0.91664
3250.0 4750.0 1.29187
3350.0 4750.0 1.01500
3450.0 4750.0 0.22878
3550.0 4750.0 -0.44364
3650.0 4750.0 -0.50876
3750.0 4750.0 -0.04011
3850.0 4750.0 0.54766
3950.0 4750.0 0.77480
4050.0 4750.0 0.36959
4150.0 4750.0 -0.46820
4250.0 4750.0 -1.22177
4350.0 4750.0 -1.55911
4450.0 4750.0 -1.34411
4550.0 4750.0 -0.75143
4650.0 4750.0 -0.19783
4750.0 4750.0 -0.05826
4850.0 4750.0 -0.21937
4950.0 4750.0 -0.41182
5050.0 4750.0 -0.54118
5150.0 4750.0 -0.50200
5250.0 4750.0 -0.28673
5350.0 4750.0 -0.00103
5450.0 4750.0 0.22821
5550.0 4750.0 0.35447
5650.0 4750.0 0.15251
5750.0 4750.0 -0.30362
5850.0 4750.0 -0.69615
5950.0 4750.0 -0.75430
6050.0 4750.0 -0.40925
6150.0 4750.0 0.18760
6250.0 4750.0 0.66008
6350.0 4750.0 0.55116
50.0 4850.0 0.16828
150.0 4850.0 -0.32981
250.0 4850.0 -0.96533
350.0 4850.0 -1.47047
450.0 4850.0 -1.57732
550.0 4850.0 -1.27103
650.0 4850.0 -0.78784
750.0 4850.0 -0.35715
850.0 4850.0 0.22450
950.0 4850.0 1.02765
1050.0 4850.0 1.62812
1150.0 4850.0 1.66411
1250.0 4850.0 1.13769
1350.0 4850.0 0.37308
1450.0 4850.0 -0.37137
1550.0 4850.0 -1.29877
1650.0 4850.0 -2.21877
1750.0 4850.0 -2.60677
1850.0 4850.0 -2.22683
1950.0 4850.0 -1.33623
2050.0 4850.0 -0.44455
2150.0 4850.0 0.33694
2250.0 4850.0 1.28298
2350.0 4850.0 2.08088
2450.0 4850.0 2.28086
2550.0 4850.0 1.79053
2650.0 4850.0 0.95701
2750.0 4850.0 0.23511
2850.0 4850.0 -0.28776
2950.0 4850.0 -0.34850
3050.0 4850.0 0.01532
3150.0 4850.0 0.44598
3250.0 4850.0 0.55633
3350.0 4850.0 0.14595
3450.0 4850.0 -0.65724
3550.0 4850.0 -1.28138
3650.0 4850.0 -1.15882
3750.0 4850.0 -0.38003
3850.0 4850.0 0.54516
3950.0 4850.0 1.02688
4050.0 4850.0 0.73112
4150.0 4850.0 -0.09710
4250.0 4850.0 -0.85471
4350.0 4850.0 -1.20528
4450.0 4850.0 -1.00893
4550.0 4850.0 -0.43314
4650.0 4850.0 0.11133
4750.0 4850.0 0.25099
4850.0 4850.0 0.08844
4950.0 4850.0 -0.18215
5050.0 4850.0 -0.50799
5150.0 4850.0 -0.73677
5250.0 4850.0 -0.77260
5350.0 4850.0 -0.64184
5450.0 4850.0 -0.45307
5550.0 4850.0 -0.32245
5650.0 4850.0 -0.49093
5750.0 4850.0 -0.87924
5850.0 4850.0 -1.18828
5950.0 4850.0 -1.17475
6050.0 4850.0 -0.79081
6150.0 4850.0 -0.18666
6250.0 4850.0 0.30254
6350.0 4850.0 0.27041
50.0 4950.0 0.17884
150.0 4950.0 -0.33931
250.0 4950.0 -1.04458
350.0 4950.0 -1.67490
450.0 4950.0 -1.93327
550.0 4950.0 -1.76041
650.0 4950.0 -1.35802
750.0 4950.0 -0.96130
850.0 4950.0 -0.38872
950.0 4950.0 0.46147
1050.0 4950.0 1.16898
1150.0 4950.0 1.34079
1250.0 4950.0 0.93003
1350.0 4950.0 0.22399
1450.0 4950.0 -0.50213
1550.0 4950.0 -1.38222
1650.0 4950.0 -2.21678
1750.0 4950.0 -2.52336
1850.0 4950.0 -2.10728
1950.0 4950.0 -1.23825
2050.0 4950.0 -0.40633
2150.0 4950.0 0.30516
2250.0 4950.0 1.18818
2350.0 4950.0 1.98483
2450.0 4950.0 2.28785
2550.0 4950.0 1.98559
2650.0 4950.0 1.35093
2750.0 4950.0 0.77316
2850.0 4950.0 0.32698
2950.0 4950.0 0.12333
3050.0 4950.0 0.09611
3150.0 4950.0 0.02427
3250.0 4950.0 -0.27933
3350.0 4950.0 -0.86383
3450.0 4950.0 -1.62071
3550.0 4950.0 -2.11441
3650.0 4950.0 -1.73294
3750.0 4950.0 -0.60324
3850.0 4950.0 0.66489
3950.0 4950.0 1.38896
4050.0 4950.0 1.20067
4150.0 4950.0 0.39822
4250.0 4950.0 -0.36736
4350.0 4950.0 -0.76568
4450.0 4950.0 -0.62017
4550.0 4950.0 -0.05739
4650.0 4950.0 0.52848
4750.0 4950.0 0.74980
4850.0 4950.0 0.67250
4950.0 4950.0 0.37066
5050.0 4950.0 -0.19263
5150.0 4950.0 -0.82016
5250.0 4950.0 -1.27748
5350.0 4950.0 -1.43494
5450.0 4950.0 -1.33615
5550.0 4950.0 -1.20801
5650.0 4950.0 -1.30604
5750.0 4950.0 -1.53378
5850.0 4950.0 -1.63585
5950.0 4950.0 -1.43921
6050.0 4950.0 -0.95345
6150.0 4950.0 -0.32988
6250.0 4950.0 0.17428
6350.0 4950.0 0.19922
50.0 5050.0 -0.16977
150.0 5050.0 -0.69458
250.0 5050.0 -1.35263
350.0 5050.0 -1.89635
450.0 5050.0 -2.07399
550.0 5050.0 -1.86656
650.0 5050.0 -1.48898
750.0 5050.0 -1.15438
850.0 5050.0 -0.65402
950.0 5050.0 0.12898
1050.0 5050.0 0.80729
1150.0 5050.0 1.00285
1250.0 5050.0 0.64988
1350.0 5050.0 -0.00254
1450.0 5050.0 -0.68876
1550.0 5050.0 -1.43359
1650.0 5050.0 -2.00414
1750.0 5050.0 -2.03174
1850.0 5050.0 -1.44814
1950.0 5050.0 -0.57851
2050.0 5050.0 0.12543
2150.0 5050.0 0.65855
2250.0 5050.0 1.28812
2350.0 5050.0 1.85490
2450.0 5050.0 2.11267
2550.0 5050.0 2.00012
2650.0 5050.0 1.69142
2750.0 5050.0 1.42690
2850.0 5050.0 1.21078
2950.0 5050.0 0.93632
3050.0 5050.0 0.48753
3150.0 5050.0 -0.17712
3250.0 5050.0 -0.96699
3350.0 5050.0 -1.71095
3450.0 5050.0 -2.31760
3550.0 5050.0 -2.58083
3650.0 5050.0 -1.92065
3750.0 5050.0 -0.52171
3850.0 5050.0 0.94292
3950.0 5050.0 1.77458
4050.0 5050.0 1.64095
4150.0 5050.0 0.88413
4250.0 5050.0 0.10131
4350.0 5050.0 -0.40627
4450.0 5050.0 -0.37456
4550.0 5050.0 0.16594
4650.0 5050.0 0.85813
4750.0 5050.0 1.27896
4850.0 5050.0 1.41949
4950.0 5050.0 1.20788
5050.0 5050.0 0.47127
5150.0 5050.0 -0.58080
5250.0 5050.0 -1.55570
5350.0 5050.0 -2.10249
5450.0 5050.0 -2.14125
5550.0 5050.0 -2.03033
5650.0 5050.0 -2.04435
5750.0 5050.0 -2.05867
5850.0 5050.0 -1.87516
5950.0 5050.0 -1.41955
6050.0 5050.0 -0.78662
6150.0 5050.0 -0.13363
6250.0 5050.0 0.38477
6350.0 5050.0 0.44387
50.0 5150.0 -0.61399
150.0 5150.0 -1.13479
250.0 5150.0 -1.66234
350.0 5150.0 -1.96879
450.0 5150.0 -1.89916
550.0 5150.0 -1.53446
650.0 5150.0 -1.13740
750.0 5150.0 -0.88022
850.0 5150.0 -0.49447
950.0 5150.0 0.13549
1050.0 5150.0 0.67489
1150.0 5150.0 0.79702
1250.0 5150.0 0.44509
1350.0 5150.0 -0.16558
1450.0 5150.0 -0.80045
1550.0 5150.0 -1.37676
1650.0 5150.0 -1.62917
1750.0 5150.0 -1.33444
1850.0 5150.0 -0.57722
1950.0 5150.0 0.25914
2050.0 5150.0 0.78018
2150.0 5150.0 1.06883
2250.0 5150.0 1.31262
2350.0 5150.0 1.46986
2450.0 5150.0 1.53682
2550.0 5150.0 1.56274
2650.0 5150.0 1.62450
2750.0 5150.0 1.76614
2850.0 5150.0 1.88822
2950.0 5150.0 1.69371
3050.0 5150.0 1.01168
3150.0 5150.0 -0.05405
3250.0 5150.0 -1.17023
3350.0 5150.0 -1.96197
3450.0 5150.0 -2.34194
3550.0 5150.0 -2.34497
3650.0 5150.0 -1.51439
3750.0 5150.0 -0.09453
3850.0 5150.0 1.26156
3950.0 5150.0 1.95601
4050.0 5150.0 1.77495
4150.0 5150.0 1.06963
4250.0 5150.0 0.26036
4350.0 5150.0 -0.40410
4450.0 5150.0 -0.54015
4550.0 5150.0 -0.04435
4650.0 5150.0 0.78084
4750.0 5150.0 1.46671
4850.0 5150.0 1.90834
4950.0 5150.0 1.93134
5050.0 5150.0 1.23495
5150.0 5150.0 -0.02042
5250.0 5150.0 -1.34988
5350.0 5150.0 -2.21092
5450.0 5150.0 -2.38029
5550.0 5150.0 -2.30317
5650.0 5150.0 -2.28524
5750.0 5150.0 -2.17655
5850.0 5150.0 -1.81049
5950.0 5150.0 -1.17900
6050.0 5150.0 -0.44098
6150.0 5150.0 0.23511
6250.0 5150.0 0.76959
6350.0 5150.0 0.86001
50.0 5250.0 -0.83478
150.0 5250.0 -1.34983
250.0 5250.0 -1.74567
350.0 5250.0 -1.81278
450.0 5250.0 -1.49171
550.0 5250.0 -0.96356
650.0 5250.0 -0.54014
750.0 5250.0 -0.35398
850.0 5250.0 -0.07987
950.0 5250.0 0.38943
1050.0 5250.0 0.77042
1150.0 5250.0 0.79329
1250.0 5250.0 0.41973
1350.0 5250.0 -0.16109
1450.0 5250.0 -0.74996
1550.0 5250.0 -1.19845
1650.0 5250.0 -1.23445
1750.0 5250.0 -0.75334
1850.0 5250.0 0.05477
1950.0 5250.0 0.78764
2050.0 5250.0 1.11607
2150.0 5250.0 1.17480
2250.0 5250.0 1.03538
2350.0 5250.0 0.75668
2450.0 5250.0 0.57452
2550.0 5250.0 0.66454
2650.0 5250.0 1.03285
2750.0 5250.0 1.54341
2850.0 5250.0 2.00383
2950.0 5250.0 2.03116
3050.0 5250.0 1.41364
3150.0 5250.0 0.30918
3250.0 5250.0 -0.83398
3350.0 5250.0 -1.52971
3450.0 5250.0 -1.67841
3550.0 5250.0 -1.47906
3650.0 5250.0 -0.65154
3750.0 5250.0 0.51851
3850.0 5250.0 1.47958
3950.0 5250.0 1.82411
4050.0 5250.0 1.50359
4150.0 5250.0 0.83821
4250.0 5250.0 -0.00128
4350.0 5250.0 -0.82869
4450.0 5250.0 -1.14618
4550.0 5250.0 -0.71763
4650.0 5250.0 0.21356
4750.0 5250.0 1.13966
4850.0 5250.0 1.86800
4950.0 5250.0 2.20906
5050.0 5250.0 1.79179
5150.0 5250.0 0.67283
5250.0 5250.0 -0.68376
5350.0 5250.0 -1.65146
5450.0 5250.0 -1.89398
5550.0 5250.0 -1.85946
5650.0 5250.0 -1.89702
5750.0 5250.0 -1.84648
5850.0 5250.0 -1.52267
5950.0 5250.0 -0.90901
6050.0 5250.0 -0.17099
6150.0 5250.0 0.50927
6250.0 5250.0 1.06314
6350.0 5250.0 1.20376
50.0 5350.0 -0.65049
150.0 5350.0 -1.16827
250.0 5350.0 -1.51567
350.0 5350.0 -1.49432
450.0 5350.0 -1.08602
550.0 5350.0 -0.51114
650.0 5350.0 -0.09709
750.0 5350.0 0.04251
850.0 5350.0 0.25233
950.0 5350.0 0.63809
1050.0 5350.0 0.94576
1150.0 5350.0 0.93295
1250.0 5350.0 0.56447
1350.0 5350.0 0.00921
1450.0 5350.0 -0.55267
1550.0 5350.0 -0.96332
1650.0 5350.0 -0.97816
1750.0 5350.0 -0.54207
1850.0 5350.0 0.14178
1950.0 5350.0 0.70906
2050.0 5350.0 0.88753
2150.0 5350.0 0.80379
2250.0 5350.0 0.41977
2350.0 5350.0 -0.14790
2450.0 5350.0 -0.51092
2550.0 5350.0 -0.40689
2650.0 5350.0 0.13460
2750.0 5350.0 0.86801
2850.0 5350.0 1.55662
2950.0 5350.0 1.84724
3050.0 5350.0 1.51197
3150.0 5350.0 0.67193
3250.0 5350.0 -0.24943
3350.0 5350.0 -0.76513
3450.0 5350.0 -0.75424
3550.0 5350.0 -0.46243
3650.0 5350.0 0.23375
3750.0 5350.0 1.03469
3850.0 5350.0 1.51765
3950.0 5350.0 1.46927
4050.0 5350.0 0.98673
4150.0 5350.0 0.33943
4250.0 5350.0 -0.52612
4350.0 5350.0 -1.47623
4450.0 5350.0 -1.93888
4550.0 5350.0 -1.58574
4650.0 5350.0 -0.61298
4750.0 5350.0 0.45230
4850.0 5350.0 1.36260
4950.0 5350.0 1.98927
5050.0 5350.0 1.96207
5150.0 5350.0 1.22144
5250.0 5350.0 0.12208
5350.0 5350.0 -0.74310
5450.0 5350.0 -0.98680
5550.0 5350.0 -0.99010
5650.0 5350.0 -1.15038
5750.0 5350.0 -1.31508
5850.0 5350.0 -1.23786
5950.0 5350.0 -0.82392
6050.0 5350.0 -0.18758
6150.0 5350.0 0.47721
6250.0 5350.0 1.05316
6350.0 5350.0 1.27285
50.0 5450.0 -0.11441
150.0 5450.0 -0.64781
250.0 5450.0 -1.05950
350.0 5450.0 -1.15380
450.0 5450.0 -0.88207
550.0 5450.0 -0.42226
650.0 5450.0 -0.07138
750.0 5450.0 0.04895
850.0 5450.0 0.25544
950.0 5450.0 0.66759
1050.0 5450.0 1.03277
1150.0 5450.0 1.09169
1250.0 5450.0 0.78353
1350.0 5450.0 0.25831
1450.0 5450.0 -0.29751
1550.0 5450.0 -0.75612
1650.0 5450.0 -0.92446
1750.0 5450.0 -0.72719
1850.0 5450.0 -0.29731
1950.0 5450.0 0.08129
2050.0 5450.0 0.17532
2150.0 5450.0 0.05396
2250.0 5450.0 -0.39105
2350.0 5450.0 -1.02794
2450.0 5450.0 -1.43028
2550.0 5450.0 -1.31569
2650.0 5450.0 -0.72510
2750.0 5450.0 0.06718
2850.0 5450.0 0.83614
2950.0 5450.0 1.32406
3050.0 5450.0 1.30782
3150.0 5450.0 0.82823
3250.0 5450.0 0.20578
3350.0 5450.0 -0.14047
3450.0 5450.0 -0.07007
3550.0 5450.0 0.21634
3650.0 5450.0 0.75781
3750.0 5450.0 1.26168
3850.0 5450.0 1.40064
3950.0 5450.0 1.08398
4050.0 5450.0 0.48806
4150.0 5450.0 -0.16059
4250.0 5450.0 -1.04336
4350.0 5450.0 -2.05701
4450.0 5450.0 -2.60447
4550.0 5450.0 -2.31836
4650.0 5450.0 -1.36728
4750.0 5450.0 -0.27703
4850.0 5450.0 0.68705
4950.0 5450.0 1.48429
5050.0 5450.0 1.79123
5150.0 5450.0 1.46219
5250.0 5450.0 0.72080
5350.0 5450.0 0.06074
5450.0 5450.0 -0.13685
5550.0 5450.0 -0.16400
5650.0 5450.0 -0.46223
5750.0 5450.0 -0.89760
5850.0 5450.0 -1.14830
5950.0 5450.0 -1.01200
6050.0 5450.0 -0.52367
6150.0 5450.0 0.11556
6250.0 5450.0 0.71436
6350.0 5450.0 1.03567
50.0 5550.0 0.49670
150.0 5550.0 -0.04150
250.0 5550.0 -0.55450
350.0 5550.0 -0.84946
450.0 5550.0 -0.81571
550.0 5550.0 -0.54809
650.0 5550.0 -0.28625
750.0 5550.0 -0.16948
850.0 5550.0 0.06410
950.0 5550.0 0.55324
1050.0 5550.0 1.03688
1150.0 5550.0 1.22163
1250.0 5550.0 1.00835
1350.0 5550.0 0.52692
1450.0 5550.0 -0.01992
1550.0 5550.0 -0.54182
1650.0 5550.0 -0.90370
1750.0 5550.0 -0.99060
1850.0 5550.0 -0.84222
1950.0 5550.0 -0.65021
2050.0 5550.0 -0.61392
2150.0 5550.0 -0.73473
2250.0 5550.0 -1.17858
2350.0 5550.0 -1.81868
2450.0 5550.0 -2.23166
2550.0 5550.0 -2.13376
2650.0 5550.0 -1.56067
2750.0 5550.0 -0.78201
2850.0 5550.0 0.00128
2950.0 5550.0 0.63878
3050.0 5550.0 0.92067
3150.0 5550.0 0.80053
3250.0 5550.0 0.47714
3350.0 5550.0 0.28152
3450.0 5550.0 0.36986
3550.0 5550.0 0.61918
3650.0 5550.0 1.02454
3750.0 5550.0 1.30502
3850.0 5550.0 1.20079
3950.0 5550.0 0.69945
4050.0 5550.0 0.02194
4150.0 5550.0 -0.63741
4250.0 5550.0 -1.52846
4350.0 5550.0 -2.55944
4450.0 5550.0 -3.13243
4550.0 5550.0 -2.87434
4650.0 5550.0 -1.94650
4750.0 5550.0 -0.87043
4850.0 5550.0 0.09238
4950.0 5550.0 0.99180
5050.0 5550.0 1.56358
5150.0 5550.0 1.60270
5250.0 5550.0 1.21350
5350.0 5550.0 0.77820
5450.0 5550.0 0.64816
5550.0 5550.0 0.61397
5650.0 5550.0 0.18759
5750.0 5550.0 -0.52575
5850.0 5550.0 -1.13119
5950.0 5550.0 -1.30953
6050.0 5550.0 -1.00041
6150.0 5550.0 -0.40339
6250.0 5550.0 0.20649
6350.0 5550.0 0.62737
50.0 5650.0 0.88191
150.0 5650.0 0.44485
250.0 5650.0 -0.11798
350.0 5650.0 -0.63686
450.0 5650.0 -0.91639
550.0 5650.0 -0.91428
650.0 5650.0 -0.75859
750.0 5650.0 -0.60234
850.0 5650.0 -0.29562
950.0 5650.0 0.30265
1050.0 5650.0 0.92941
1150.0 5650.0 1.26881
1250.0 5650.0 1.19234
1350.0 5650.0 0.81098
1450.0 5650.0 0.33722
1550.0 5650.0 -0.16879
1650.0 5650.0 -0.63094
1750.0 5650.0 -0.91813
1850.0 5650.0 -0.99567
1950.0 5650.0 -0.96371
2050.0 5650.0 -0.97285
2150.0 5650.0 -1.08408
2250.0 5650.0 -1.54643
2350.0 5650.0 -2.27361
2450.0 5650.0 -2.84942
2550.0 5650.0 -2.95280
2650.0 5650.0 -2.55647
2750.0 5650.0 -1.89152
2850.0 5650.0 -1.16951
2950.0 5650.0 -0.43856
3050.0 5650.0 0.12003
3150.0 5650.0 0.36957
3250.0 5650.0 0.36500
3350.0 5650.0 0.32061
3450.0 5650.0 0.39884
3550.0 5650.0 0.59598
3650.0 5650.0 0.90994
3750.0 5650.0 1.06652
3850.0 5650.0 0.83382
3950.0 5650.0 0.22961
4050.0 5650.0 -0.50985
4150.0 5650.0 -1.20279
4250.0 5650.0 -2.07589
4350.0 5650.0 -2.99433
4450.0 5650.0 -3.39805
4550.0 5650.0 -2.98729
4650.0 5650.0 -1.98585
4750.0 5650.0 -0.93125
4850.0 5650.0 -0.03110
4950.0 5650.0 0.86056
5050.0 5650.0 1.54989
5150.0 5650.0 1.83591
5250.0 5650.0 1.75185
5350.0 5650.0 1.56993
5450.0 5650.0 1.57390
5550.0 5650.0 1.60485
5650.0 5650.0 1.11175
5750.0 5650.0 0.12517
5850.0 5650.0 -0.91461
5950.0 5650.0 -1.54791
6050.0 5650.0 -1.55641
6150.0 5650.0 -1.09366
6250.0 5650.0 -0.55141
6350.0 5650.0 -0.09992
50.0 5750.0 0.87536
150.0 5750.0 0.67377
250.0 5750.0 0.16825
350.0 5750.0 -0.51867
450.0 5750.0 -1.10480
550.0 5750.0 -1.37845
650.0 5750.0 -1.31271
750.0 5750.0 -1.06188
850.0 5750.0 -0.64406
950.0 5750.0 0.04210
1050.0 5750.0 0.74689
1150.0 5750.0 1.17545
1250.0 5750.0 1.21288
1350.0 5750.0 0.96946
1450.0 5750.0 0.64357
1550.0 5750.0 0.26222
1650.0 5750.0 -0.14849
1750.0 5750.0 -0.47780
1850.0 5750.0 -0.65805
1950.0 5750.0 -0.71716
2050.0 5750.0 -0.74559
2150.0 5750.0 -0.83269
2250.0 5750.0 -1.29628
2350.0 5750.0 -2.11853
2450.0 5750.0 -2.91869
2550.0 5750.0 -3.33479
2650.0 5750.0 -3.24098
2750.0 5750.0 -2.79372
2850.0 5750.0 -2.23124
2950.0 5750.0 -1.52860
3050.0 5750.0 -0.82451
3150.0 5750.0 -0.31895
3250.0 5750.0 -0.08533
3350.0 5750.0 -0.03062
3450.0 5750.0 -0.00327
3550.0 5750.0 0.13097
3650.0 5750.0 0.43490
3750.0 5750.0 0.63257
3850.0 5750.0 0.45871
3950.0 5750.0 -0.11267
4050.0 5750.0 -0.87409
4150.0 5750.0 -1.62674
4250.0 5750.0 -2.46800
4350.0 5750.0 -3.17220
4450.0 5750.0 -3.25349
4550.0 5750.0 -2.55403
4650.0 5750.0 -1.41759
4750.0 5750.0 -0.41129
4850.0 5750.0 0.35104
4950.0 5750.0 1.07440
5050.0 5750.0 1.63297
5150.0 5750.0 1.92251
5250.0 5750.0 1.99502
5350.0 5750.0 2.04328
5450.0 5750.0 2.24503
5550.0 5750.0 2.43730
5650.0 5750.0 2.03114
5750.0 5750.0 0.94082
5850.0 5750.0 -0.42603
5950.0 5750.0 -1.50796
6050.0 5750.0 -1.90503
6150.0 5750.0 -1.66905
6250.0 5750.0 -1.29622
6350.0 5750.0 -0.93672
50.0 5850.0 0.52651
150.0 5850.0 0.63299
250.0 5850.0 0.29455
350.0 5850.0 -0.42454
450.0 5850.0 -1.18723
550.0 5850.0 -1.63978
650.0 5850.0 -1.60821
750.0 5850.0 -1.23229
850.0 5850.0 -0.70809
950.0 5850.0 -0.02232
1050.0 5850.0 0.60586
1150.0 5850.0 0.96150
1250.0 5850.0 1.00602
1350.0 5850.0 0.87941
1450.0 5850.0 0.73373
1550.0 5850.0 0.54611
1650.0 5850.0 0.31016
1750.0 5850.0 0.08843
1850.0 5850.0 -0.06253
1950.0 5850.0 -0.13137
2050.0 5850.0 -0.15162
2150.0 5850.0 -0.20262
2250.0 5850.0 -0.60513
2350.0 5850.0 -1.40383
2450.0 5850.0 -2.29755
2550.0 5850.0 -2.93406
2650.0 5850.0 -3.11628
2750.0 5850.0 -2.91482
2850.0 5850.0 -2.56836
2950.0 5850.0 -2.02323
3050.0 5850.0 -1.37435
3150.0 5850.0 -0.83208
3250.0 5850.0 -0.53561
3350.0 5850.0 -0.47593
3450.0 5850.0 -0.52828
3550.0 5850.0 -0.45247
3650.0 5850.0 -0.08366
3750.0 5850.0 0.29327
3850.0 5850.0 0.33236
3950.0 5850.0 -0.09230
4050.0 5850.0 -0.83509
4150.0 5850.0 -1.65800
4250.0 5850.0 -2.48394
4350.0 5850.0 -2.99706
4450.0 5850.0 -2.78958
4550.0 5850.0 -1.84360
4650.0 5850.0 -0.61540
4750.0 5850.0 0.30591
4850.0 5850.0 0.89276
4950.0 5850.0 1.33420
5050.0 5850.0 1.55061
5150.0 5850.0 1.60021
5250.0 5850.0 1.63808
5350.0 5850.0 1.82999
5450.0 5850.0 2.23856
5550.0 5850.0 2.64999
5650.0 5850.0 2.50819
5750.0 5850.0 1.60935
5850.0 5850.0 0.23253
5950.0 5850.0 -1.06537
6050.0 5850.0 -1.75929
6150.0 5850.0 -1.76993
6250.0 5850.0 -1.62405
6350.0 5850.0 -1.46661
50.0 5950.0 0.08806
150.0 5950.0 0.47182
250.0 5950.0 0.34716
350.0 5950.0 -0.27173
450.0 5950.0 -1.03876
550.0 5950.0 -1.52718
650.0 5950.0 -1.46888
750.0 5950.0 -0.97947
850.0 5950.0 -0.39229
950.0 5950.0 0.19242
1050.0 5950.0 0.59476
1150.0 5950.0 0.71845
1250.0 5950.0 0.64556
1350.0 5950.0 0.56992
1450.0 5950.0 0.57620
1550.0 5950.0 0.57151
1650.0 5950.0 0.53233
1750.0 5950.0 0.47016
1850.0 5950.0 0.41017
1950.0 5950.0 0.37628
2050.0 5950.0 0.37654
2150.0 5950.0 0.36397
2250.0 5950.0 0.09138
2350.0 5950.0 -0.51299
2450.0 5950.0 -1.26081
2550.0 5950.0 -1.88259
2650.0 5950.0 -2.18221
2750.0 5950.0 -2.16416
2850.0 5950.0 -2.01583
2950.0 5950.0 -1.68741
3050.0 5950.0 -1.24203
3150.0 5950.0 -0.85390
3250.0 5950.0 -0.65712
3350.0 5950.0 -0.67121
3450.0 5950.0 -0.80322
3550.0 5950.0 -0.76928
3650.0 5950.0 -0.31175
3750.0 5950.0 0.27394
3850.0 5950.0 0.55575
3950.0 5950.0 0.30236
4050.0 5950.0 -0.40485
4150.0 5950.0 -1.28712
4250.0 5950.0 -2.13396
4350.0 5950.0 -2.58667
4450.0 5950.0 -2.28549
4550.0 5950.0 -1.28311
4650.0 5950.0 -0.08229
4750.0 5950.0 0.72970
4850.0 5950.0 1.16236
4950.0 5950.0 1.32183
5050.0 5950.0 1.14692
5150.0 5950.0 0.85854
5250.0 5950.0 0.74343
5350.0 5950.0 0.98262
5450.0 5950.0 1.54846
5550.0 5950.0 2.16509
5650.0 5950.0 2.38210
5750.0 5950.0 1.91566
5850.0 5950.0 0.86033
5950.0 5950.0 -0.33999
6050.0 5950.0 -1.13579
6150.0 5950.0 -1.33048
6250.0 5950.0 -1.39168
6350.0 5950.0 -1.46834
50.0 6050.0 -0.12276
150.0 6050.0 0.42022
250.0 6050.0 0.46150
350.0 6050.0 -0.01180
450.0 6050.0 -0.67596
550.0 6050.0 -1.09964
650.0 6050.0 -0.98682
750.0 6050.0 -0.43170
850.0 6050.0 0.16253
950.0 6050.0 0.59614
1050.0 6050.0 0.72301
1150.0 6050.0 0.55905
1250.0 6050.0 0.30444
1350.0 6050.0 0.20927
1450.0 6050.0 0.29452
1550.0 6050.0 0.38631
1650.0 6050.0 0.44752
1750.0 6050.0 0.46329
1850.0 6050.0 0.44446
1950.0 6050.0 0.42428
2050.0 6050.0 0.43397
2150.0 6050.0 0.45074
2250.0 6050.0 0.34028
2350.0 6050.0 0.04725
2450.0 6050.0 -0.35392
2550.0 6050.0 -0.72655
2650.0 6050.0 -0.94855
2750.0 6050.0 -0.99738
2850.0 6050.0 -0.96384
2950.0 6050.0 -0.80178
3050.0 6050.0 -0.56064
3150.0 6050.0 -0.36791
3250.0 6050.0 -0.31777
3350.0 6050.0 -0.41884
3450.0 6050.0 -0.60072
3550.0 6050.0 -0.59005
3650.0 6050.0 -0.08768
3750.0 6050.0 0.60555
3850.0 6050.0 1.01273
3950.0 6050.0 0.84755
4050.0 6050.0 0.15775
4150.0 6050.0 -0.75771
4250.0 6050.0 -1.65918
4350.0 6050.0 -2.21075
4450.0 6050.0 -2.05466
4550.0 6050.0 -1.21892
4650.0 6050.0 -0.16784
4750.0 6050.0 0.53859
4850.0 6050.0 0.88578
4950.0 6050.0 0.88043
5050.0 6050.0 0.46345
5150.0 6050.0 -0.04910
5250.0 6050.0 -0.28574
5350.0 6050.0 -0.04508
5450.0 6050.0 0.59922
5550.0 6050.0 1.34176
5650.0 6050.0 1.86691
5750.0 6050.0 1.86596
5850.0 6050.0 1.26957
5950.0 6050.0 0.36630
6050.0 6050.0 -0.35269
6150.0 6050.0 -0.62317
6250.0 6050.0 -0.80423
6350.0 6050.0 -1.04636
50.0 6150.0 0.01055
150.0 6150.0 0.59027
250.0 6150.0 0.70500
350.0 6150.0 0.33691
450.0 6150.0 -0.21783
550.0 6150.0 -0.55719
650.0 6150.0 -0.39992
750.0 6150.0 0.17074
850.0 6150.0 0.73489
950.0 6150.0 1.02908
1050.0 6150.0 0.92788
1150.0 6150.0 0.52330
1250.0 6150.0 0.09840
1350.0 6150.0 -0.05497
1450.0 6150.0 0.04025
1550.0 6150.0 0.13040
1650.0 6150.0 0.15783
1750.0 6150.0 0.11375
1850.0 6150.0 0.03033
1950.0 6150.0 -0.03465
2050.0 6150.0 -0.03802
2150.0 6150.0 -0.00476
2250.0 6150.0 0.03648
2350.0 6150.0 0.07438
2450.0 6150.0 0.09233
2550.0 6150.0 0.08569
2650.0 6150.0 0.06541
2750.0 6150.0 0.04729
2850.0 6150.0 0.05527
2950.0 6150.0 0.15564
3050.0 6150.0 0.29918
3150.0 6150.0 0.38436
3250.0 6150.0 0.34821
3350.0 6150.0 0.20107
3450.0 6150.0 0.00581
3550.0 6150.0 0.00400
3650.0 6150.0 0.48013
3750.0 6150.0 1.13537
3850.0 6150.0 1.50246
3950.0 6150.0 1.30579
4050.0 6150.0 0.59888
4150.0 6150.0 -0.32561
4250.0 6150.0 -1.29677
4350.0 6150.0 -2.04773
4450.0 6150.0 -2.18801
4550.0 6150.0 -1.65449
4650.0 6150.0 -0.81680
4750.0 6150.0 -0.19369
4850.0 6150.0 0.13687
4950.0 6150.0 0.11036
5050.0 6150.0 -0.33003
5150.0 6150.0 -0.85607
5250.0 6150.0 -1.08987
5350.0 6150.0 -0.83400
5450.0 6150.0 -0.17191
5550.0 6150.0 0.60943
5650.0 6150.0 1.31208
5750.0 6150.0 1.64244
5850.0 6150.0 1.43312
5950.0 6150.0 0.84406
6050.0 6150.0 0.27957
6150.0 6150.0 0.02063
6250.0 6150.0 -0.18773
6350.0 6150.0 -0.48793
50.0 6250.0 0.36397
150.0 6250.0 0.95717
250.0 6250.0 1.11450
350.0 6250.0 0.81066
450.0 6250.0 0.31758
550.0 6250.0 0.01541
650.0 6250.0 0.17779
750.0 6250.0 0.73287
850.0 6250.0 1.23771
950.0 6250.0 1.37087
1050.0 6250.0 1.03620
1150.0 6250.0 0.40200
1250.0 6250.0 -0.17608
1350.0 6250.0 -0.37809
1450.0 6250.0 -0.27309
1550.0 6250.0 -0.19415
1650.0 6250.0 -0.21974
1750.0 6250.0 -0.34038
1850.0 6250.0 -0.49140
1950.0 6250.0 -0.58809
2050.0 6250.0 -0.58171
2150.0 6250.0 -0.50826
2250.0 6250.0 -0.30363
2350.0 6250.0 0.05345
2450.0 6250.0 0.45671
2550.0 6250.0 0.77443
2650.0 6250.0 0.92611
2750.0 6250.0 0.93071
2850.0 6250.0 0.91982
2950.0 6250.0 1.00046
3050.0 6250.0 1.12445
3150.0 6250.0 1.19161
3250.0 6250.0 1.13930
3350.0 6250.0 0.97710
3450.0 6250.0 0.76677
3550.0 6250.0 0.73307
3650.0 6250.0 1.13157
3750.0 6250.0 1.67991
3850.0 6250.0 1.94843
3950.0 6250.0 1.69303
4050.0 6250.0 0.97557
4150.0 6250.0 0.06594
4250.0 6250.0 -0.95251
4350.0 6250.0 -1.89621
4450.0 6250.0 -2.35325
4550.0 6250.0 -2.16575
4650.0 6250.0 -1.59003
4750.0 6250.0 -1.08324
4850.0 6250.0 -0.78663
4950.0 6250.0 -0.82179
5050.0 6250.0 -1.23556
5150.0 6250.0 -1.71285
5250.0 6250.0 -1.90180
5350.0 6250.0 -1.62898
5450.0 6250.0 -0.98405
5550.0 6250.0 -0.21497
5650.0 6250.0 0.59198
5750.0 6250.0 1.17966
5850.0 6250.0 1.31688
5950.0 6250.0 1.04824
6050.0 6250.0 0.67547
6150.0 6250.0 0.46938
6250.0 6250.0 0.27988
6350.0 6250.0 -0.01167
50.0 6350.0 1.03719
150.0 6350.0 1.66118
250.0 6350.0 1.84983
350.0 6350.0 1.54287
450.0 6350.0 0.98879
550.0 6350.0 0.58057
650.0 6350.0 0.63248
750.0 6350.0 1.09877
850.0 6350.0 1.46821
950.0 6350.0 1.36219
1050.0 6350.0 0.75494
1150.0 6350.0 -0.08545
1250.0 6350.0 -0.74722
1350.0 6350.0 -0.92506
1450.0 6350.0 -0.75504
1550.0 6350.0 -0.64311
1650.0 6350.0 -0.68300
1750.0 6350.0 -0.82801
1850.0 6350.0 -0.96914
1950.0 6350.0 -0.99911
2050.0 6350.0 -0.87886
2150.0 6350.0 -0.66613
2250.0 6350.0 -0.24493
2350.0 6350.0 0.37394
2450.0 6350.0 0.98061
2550.0 6350.0 1.37558
2650.0 6350.0 1.48951
2750.0 6350.0 1.40864
2850.0 6350.0 1.32641
2950.0 6350.0 1.42520
3050.0 6350.0 1.66943
3150.0 6350.0 1.90388
3250.0 6350.0 1.98407
3350.0 6350.0 1.85676
3450.0 6350.0 1.59075
3550.0 6350.0 1.45156
3650.0 6350.0 1.66905
3750.0 6350.0 2.02244
3850.0 6350.0 2.16429
3950.0 6350.0 1.88799
4050.0 6350.0 1.23100
4150.0 6350.0 0.40782
4250.0 6350.0 -0.55146
4350.0 6350.0 -1.55008
4450.0 6350.0 -2.23065
4550.0 6350.0 -2.39584
4650.0 6350.0 -2.17965
4750.0 6350.0 -1.91913
4850.0 6350.0 -1.77693
4950.0 6350.0 -1.89884
5050.0 6350.0 -2.29703
5150.0 6350.0 -2.69221
5250.0 6350.0 -2.80693
5350.0 6350.0 -2.53866
5450.0 6350.0 -1.99711
5550.0 6350.0 -1.36014
5650.0 6350.0 -0.61051
5750.0 6350.0 0.07985
5850.0 6350.0 0.48712
5950.0 6350.0 0.56299
6050.0 6350.0 0.46641
6150.0 6350.0 0.39874
6250.0 6350.0 0.31674
6350.0 6350.0 0.15218
