50.0 50.0 -0.52452
150.0 50.0 0.01181
250.0 50.0 0.51819
350.0 50.0 0.78931
450.0 50.0 0.74437
550.0 50.0 0.43455
650.0 50.0 0.00263
750.0 50.0 -0.36667
850.0 50.0 -0.50583
950.0 50.0 -0.33295
1050.0 50.0 0.07089
1150.0 50.0 0.55344
1250.0 50.0 1.10121
1350.0 50.0 1.57285
1450.0 50.0 1.79936
1550.0 50.0 1.69432
1650.0 50.0 1.29982
1750.0 50.0 0.76778
1850.0 50.0 0.27694
1950.0 50.0 -0.11087
2050.0 50.0 -0.35510
2150.0 50.0 -0.28817
2250.0 50.0 0.05892
2350.0 50.0 0.52385
2450.0 50.0 0.90602
2550.0 50.0 1.03890
2650.0 50.0 0.84148
2750.0 50.0 0.34903
2850.0 50.0 -0.28623
2950.0 50.0 -1.02529
3050.0 50.0 -1.82166
3150.0 50.0 -2.43546
3250.0 50.0 -2.63993
3350.0 50.0 -2.35695
3450.0 50.0 -1.69826
3550.0 50.0 -0.91243
3650.0 50.0 -0.23741
3750.0 50.0 0.33404
3850.0 50.0 1.03507
3950.0 50.0 1.81696
4050.0 50.0 2.42701
4150.0 50.0 2.63230
4250.0 50.0 2.35134
4350.0 50.0 1.69167
4450.0 50.0 0.89343
4550.0 50.0 0.17888
4650.0 50.0 -0.42718
4750.0 50.0 -0.75731
4850.0 50.0 -0.66357
4950.0 50.0 -0.22086
5050.0 50.0 0.36418
5150.0 50.0 0.84089
5250.0 50.0 0.99531
5350.0 50.0 0.72399
5450.0 50.0 0.10082
5550.0 50.0 -0.62892
5650.0 50.0 -1.34575
5750.0 50.0 -1.89305
5850.0 50.0 -2.09992
5950.0 50.0 -1.90061
6050.0 50.0 -1.38140
6150.0 50.0 -0.75493
6250.0 50.0 -0.26189
6350.0 50.0 0.00000
50.0 150.0 0.03370
150.0 150.0 0.57420
250.0 150.0 1.07439
350.0 150.0 1.31884
450.0 150.0 1.22118
550.0 150.0 0.83855
650.0 150.0 0.32671
750.0 150.0 -0.11434
850.0 150.0 -0.30435
950.0 150.0 -0.15628
1050.0 150.0 0.24114
1150.0 150.0 0.73030
1250.0 150.0 1.31967
1350.0 150.0 1.87456
1450.0 150.0 2.21530
1550.0 150.0 2.23423
1650.0 150.0 1.94888
1750.0 150.0 1.49125
1850.0 150.0 1.03331
1950.0 150.0 0.65175
2050.0 150.0 0.38551
2150.0 150.0 0.36252
2250.0 150.0 0.54663
2350.0 150.0 0.80012
2450.0 150.0 0.96333
2550.0 150.0 0.91315
2650.0 150.0 0.60033
2750.0 150.0 0.06575
2850.0 150.0 -0.57202
2950.0 150.0 -1.30319
3050.0 150.0 -2.07477
3150.0 150.0 -2.64736
3250.0 150.0 -2.80129
3350.0 150.0 -2.46860
3450.0 150.0 -1.77088
3550.0 150.0 -0.96296
3650.0 150.0 -0.28244
3750.0 150.0 0.28799
3850.0 150.0 1.00017
3950.0 150.0 1.81618
4050.0 150.0 2.48190
4150.0 150.0 2.75487
4250.0 150.0 2.54008
4350.0 150.0 1.93200
4450.0 150.0 1.16259
4550.0 150.0 0.45546
4650.0 150.0 -0.15377
4750.0 150.0 -0.51141
4850.0 150.0 -0.48245
4950.0 150.0 -0.13495
5050.0 150.0 0.34279
5150.0 150.0 0.72217
5250.0 150.0 0.80788
5350.0 150.0 0.50532
5450.0 150.0 -0.11829
5550.0 150.0 -0.83288
5650.0 150.0 -1.49102
5750.0 150.0 -1.91963
5850.0 150.0 -1.96104
5950.0 150.0 -1.57967
6050.0 150.0 -0.89710
6150.0 150.0 -0.15510
6250.0 150.0 0.39323
6350.0 150.0 0.66430
50.0 250.0 0.46805
150.0 250.0 1.00899
250.0 250.0 1.49859
350.0 250.0 1.72369
450.0 250.0 1.59362
550.0 250.0 1.16603
650.0 250.0 0.60148
750.0 250.0 0.10756
850.0 250.0 -0.12755
950.0 250.0 -0.01197
1050.0 250.0 0.36315
1150.0 250.0 0.84323
1250.0 250.0 1.46634
1350.0 250.0 2.11215
1450.0 250.0 2.59397
1550.0 250.0 2.78003
1650.0 250.0 2.65426
1750.0 250.0 2.31665
1850.0 250.0 1.92314
1950.0 250.0 1.56735
2050.0 250.0 1.29126
2150.0 250.0 1.17257
2250.0 250.0 1.16499
2350.0 250.0 1.15869
2450.0 250.0 1.04488
2550.0 250.0 0.75747
2650.0 250.0 0.29163
2750.0 250.0 -0.30065
2850.0 250.0 -0.94285
2950.0 250.0 -1.65446
3050.0 250.0 -2.36299
3150.0 250.0 -2.83145
3250.0 250.0 -2.85928
3350.0 250.0 -2.40480
3450.0 250.0 -1.61421
3550.0 250.0 -0.75730
3650.0 250.0 -0.06964
3750.0 250.0 0.48970
3850.0 250.0 1.19072
3950.0 250.0 1.99769
4050.0 250.0 2.65808
4150.0 250.0 2.92987
4250.0 250.0 2.71705
4350.0 250.0 2.11182
4450.0 250.0 1.34356
4550.0 250.0 0.63450
4650.0 250.0 0.01735
4750.0 250.0 -0.38773
4850.0 250.0 -0.46154
4950.0 250.0 -0.25422
5050.0 250.0 0.07911
5150.0 250.0 0.34338
5250.0 250.0 0.36612
5350.0 250.0 0.05779
5450.0 250.0 -0.53030
5550.0 250.0 -1.19145
5650.0 250.0 -1.75245
5750.0 250.0 -2.03053
5850.0 250.0 -1.88899
5950.0 250.0 -1.32591
6050.0 250.0 -0.49486
6150.0 250.0 0.34226
6250.0 250.0 0.93044
6350.0 250.0 1.20480
50.0 350.0 0.66856
150.0 350.0 1.20343
250.0 350.0 1.67755
350.0 350.0 1.89658
450.0 350.0 1.76791
550.0 350.0 1.34181
650.0 350.0 0.77119
750.0 350.0 0.25903
850.0 350.0 -0.00661
950.0 350.0 0.06998
1050.0 350.0 0.40299
1150.0 350.0 0.84998
1250.0 350.0 1.47931
1350.0 350.0 2.19281
1450.0 350.0 2.80605
1550.0 350.0 3.16784
1650.0 350.0 3.22615
1750.0 350.0 3.04051
1850.0 350.0 2.74103
1950.0 350.0 2.43500
2050.0 350.0 2.17309
2150.0 350.0 1.98213
2250.0 350.0 1.80082
2350.0 350.0 1.54301
2450.0 350.0 1.14998
2550.0 350.0 0.61594
2650.0 350.0 -0.01354
2750.0 350.0 -0.66990
2850.0 350.0 -1.31840
2950.0 350.0 -2.00205
3050.0 350.0 -2.61886
3150.0 350.0 -2.93647
3250.0 350.0 -2.78335
3350.0 350.0 -2.15657
3450.0 350.0 -1.23775
3550.0 350.0 -0.31727
3650.0 350.0 0.37339
3750.0 350.0 0.90880
3850.0 350.0 1.57328
3950.0 350.0 2.32450
4050.0 350.0 2.91488
4150.0 350.0 3.11342
4250.0 350.0 2.83595
4350.0 350.0 2.18326
4450.0 350.0 1.38746
4550.0 350.0 0.66636
4650.0 350.0 0.03599
4750.0 350.0 -0.43432
4850.0 350.0 -0.64084
4950.0 350.0 -0.60311
5050.0 350.0 -0.42906
5150.0 350.0 -0.27206
5250.0 350.0 -0.28221
5350.0 350.0 -0.55197
5450.0 350.0 -1.05610
5550.0 350.0 -1.61688
5650.0 350.0 -2.04549
5750.0 350.0 -2.16276
5850.0 350.0 -1.85986
5950.0 350.0 -1.16483
6050.0 350.0 -0.24935
6150.0 350.0 0.62441
6250.0 350.0 1.21690
6350.0 350.0 1.48420
50.0 450.0 0.59226
150.0 450.0 1.11386
250.0 450.0 1.56975
350.0 450.0 1.79790
450.0 450.0 1.70672
550.0 450.0 1.33176
650.0 450.0 0.80609
750.0 450.0 0.31578
850.0 450.0 0.04014
950.0 450.0 0.07699
1050.0 450.0 0.35335
1150.0 450.0 0.74373
1250.0 450.0 1.33563
1350.0 450.0 2.05633
1450.0 450.0 2.73674
1550.0 450.0 3.22064
1650.0 450.0 3.43008
1750.0 450.0 3.38686
1850.0 450.0 3.19022
1950.0 450.0 2.95111
2050.0 450.0 2.73277
2150.0 450.0 2.52737
2250.0 450.0 2.25671
2350.0 450.0 1.84433
2450.0 450.0 1.26353
2550.0 450.0 0.55299
2650.0 450.0 -0.19983
2750.0 450.0 -0.90764
2850.0 450.0 -1.56314
2950.0 450.0 -2.22084
3050.0 450.0 -2.75005
3150.0 450.0 -2.92462
3250.0 450.0 -2.60251
3350.0 450.0 -1.81858
3450.0 450.0 -0.78763
3550.0 450.0 0.18196
3650.0 450.0 0.86437
3750.0 450.0 1.36607
3850.0 450.0 1.97862
3950.0 450.0 2.64921
4050.0 450.0 3.13724
4150.0 450.0 3.22794
4250.0 450.0 2.85474
4350.0 450.0 2.13152
4450.0 450.0 1.29491
4550.0 450.0 0.55639
4650.0 450.0 -0.09024
4750.0 450.0 -0.62952
4850.0 450.0 -0.96762
4950.0 450.0 -1.08566
5050.0 450.0 -1.04024
5150.0 450.0 -0.94502
5250.0 450.0 -0.93560
5350.0 450.0 -1.11750
5450.0 450.0 -1.49737
5550.0 450.0 -1.92451
5650.0 450.0 -2.21161
5750.0 450.0 -2.19960
5850.0 450.0 -1.80863
5950.0 450.0 -1.08357
6050.0 450.0 -0.19097
6150.0 450.0 0.63278
6250.0 450.0 1.18192
6350.0 450.0 1.43061
50.0 550.0 0.28886
150.0 550.0 0.79170
250.0 550.0 1.22972
350.0 550.0 1.47905
450.0 550.0 1.45152
550.0 550.0 1.16372
650.0 550.0 0.72123
750.0 550.0 0.28487
850.0 550.0 0.01897
950.0 550.0 0.02154
1050.0 550.0 0.23713
1150.0 550.0 0.55589
1250.0 550.0 1.06483
1350.0 550.0 1.71426
1450.0 550.0 2.36292
1550.0 550.0 2.86914
1650.0 550.0 3.14854
1750.0 550.0 3.19845
1850.0 550.0 3.08897
1950.0 550.0 2.92102
2050.0 550.0 2.77118
2150.0 550.0 2.62509
2250.0 550.0 2.38950
2350.0 550.0 1.97833
2450.0 550.0 1.36699
2550.0 550.0 0.60856
2650.0 550.0 -0.18828
2750.0 550.0 -0.91952
2850.0 550.0 -1.58127
2950.0 550.0 -2.22511
3050.0 550.0 -2.70343
3150.0 550.0 -2.79653
3250.0 550.0 -2.38249
3350.0 550.0 -1.51935
3450.0 550.0 -0.44021
3550.0 550.0 0.53890
3650.0 550.0 1.19828
3750.0 550.0 1.66300
3850.0 550.0 2.22383
3950.0 550.0 2.81994
4050.0 550.0 3.21778
4150.0 550.0 3.21659
4250.0 550.0 2.76396
4350.0 550.0 1.98322
4450.0 550.0 1.11295
4550.0 550.0 0.35836
4650.0 550.0 -0.30422
4750.0 550.0 -0.90036
4850.0 550.0 -1.33710
4950.0 550.0 -1.55711
5050.0 550.0 -1.57293
5150.0 550.0 -1.47048
5250.0 550.0 -1.38372
5350.0 550.0 -1.44015
5450.0 550.0 -1.67756
5550.0 550.0 -1.96323
5650.0 550.0 -2.12991
5750.0 550.0 -2.05266
5850.0 550.0 -1.67550
5950.0 550.0 -1.04164
6050.0 550.0 -0.28750
6150.0 550.0 0.39987
6250.0 550.0 0.86168
6350.0 550.0 1.08288
50.0 650.0 -0.10811
150.0 650.0 0.37420
250.0 650.0 0.79764
350.0 650.0 1.07261
450.0 650.0 1.11540
550.0 650.0 0.92406
650.0 650.0 0.57619
750.0 650.0 0.20610
850.0 650.0 -0.03856
950.0 650.0 -0.06081
1050.0 650.0 0.10154
1150.0 650.0 0.34756
1250.0 650.0 0.74332
1350.0 650.0 1.25499
1450.0 650.0 1.77649
1550.0 650.0 2.19790
1650.0 650.0 2.44976
1750.0 650.0 2.52344
1850.0 650.0 2.46755
1950.0 650.0 2.36087
2050.0 650.0 2.29081
2150.0 650.0 2.26552
2250.0 650.0 2.18159
2350.0 650.0 1.92598
2450.0 650.0 1.44619
2550.0 650.0 0.77695
2650.0 650.0 0.02346
2750.0 650.0 -0.69878
2850.0 650.0 -1.36490
2950.0 650.0 -2.01224
3050.0 650.0 -2.49419
3150.0 650.0 -2.59648
3250.0 650.0 -2.20179
3350.0 650.0 -1.36909
3450.0 650.0 -0.32808
3550.0 650.0 0.61142
3650.0 650.0 1.23514
3750.0 650.0 1.66714
3850.0 650.0 2.19147
3950.0 650.0 2.74711
4050.0 650.0 3.10552
4150.0 650.0 3.07149
4250.0 650.0 2.59557
4350.0 650.0 1.80042
4450.0 650.0 0.92082
4550.0 650.0 0.15753
4650.0 650.0 -0.51752
4750.0 650.0 -1.14758
4850.0 650.0 -1.63155
4950.0 650.0 -1.88109
5050.0 650.0 -1.88043
5150.0 650.0 -1.70486
5250.0 650.0 -1.49949
5350.0 650.0 -1.41832
5450.0 650.0 -1.52338
5550.0 650.0 -1.68737
5650.0 650.0 -1.77609
5750.0 650.0 -1.70517
5850.0 650.0 -1.43319
5950.0 650.0 -0.98499
6050.0 650.0 -0.44951
6150.0 650.0 0.04783
6250.0 650.0 0.39840
6350.0 650.0 0.58920
50.0 750.0 -0.42464
150.0 750.0 0.03992
250.0 750.0 0.45380
350.0 750.0 0.74931
450.0 750.0 0.84640
550.0 750.0 0.72960
650.0 750.0 0.45568
750.0 750.0 0.13894
850.0 750.0 -0.08584
950.0 750.0 -0.12294
1050.0 750.0 0.00287
1150.0 750.0 0.18987
1250.0 750.0 0.46960
1350.0 750.0 0.81484
1450.0 750.0 1.15385
1550.0 750.0 1.41663
1650.0 750.0 1.56376
1750.0 750.0 1.59758
1850.0 750.0 1.55600
1950.0 750.0 1.48985
2050.0 750.0 1.49235
2150.0 750.0 1.61321
2250.0 750.0 1.74487
2350.0 750.0 1.73876
2450.0 750.0 1.49569
2550.0 750.0 1.00913
2650.0 750.0 0.36138
2750.0 750.0 -0.32728
2850.0 750.0 -0.99541
2950.0 750.0 -1.66243
3050.0 750.0 -2.20016
3150.0 750.0 -2.39780
3250.0 750.0 -2.12670
3350.0 750.0 -1.42502
3450.0 750.0 -0.49871
3550.0 750.0 0.36096
3650.0 750.0 0.94339
3750.0 750.0 1.35311
3850.0 750.0 1.86595
3950.0 750.0 2.43095
4050.0 750.0 2.82131
4150.0 750.0 2.83554
4250.0 750.0 2.41233
4350.0 750.0 1.66061
4450.0 750.0 0.80447
4550.0 750.0 0.04328
4650.0 750.0 -0.63884
4750.0 750.0 -1.27745
4850.0 750.0 -1.75770
4950.0 750.0 -1.97271
5050.0 750.0 -1.89684
5150.0 750.0 -1.61059
5250.0 750.0 -1.27826
5350.0 750.0 -1.07832
5450.0 750.0 -1.08660
5550.0 750.0 -1.16977
5650.0 750.0 -1.22891
5750.0 750.0 -1.21634
5850.0 750.0 -1.09516
5950.0 750.0 -0.86325
6050.0 750.0 -0.55937
6150.0 750.0 -0.25133
6250.0 750.0 -0.00598
6350.0 750.0 0.15875
50.0 850.0 -0.52396
150.0 850.0 -0.07103
250.0 850.0 0.33833
350.0 850.0 0.64198
450.0 850.0 0.76128
550.0 850.0 0.67494
650.0 850.0 0.43094
750.0 850.0 0.13525
850.0 850.0 -0.08264
950.0 850.0 -0.12734
1050.0 850.0 -0.01814
1150.0 850.0 0.13300
1250.0 850.0 0.32034
1350.0 850.0 0.51505
1450.0 850.0 0.67144
1550.0 850.0 0.75664
1650.0 850.0 0.76564
1750.0 850.0 0.72177
1850.0 850.0 0.66250
1950.0 850.0 0.61267
2050.0 850.0 0.66556
2150.0 850.0 0.91599
2250.0 850.0 1.25742
2350.0 850.0 1.50811
2450.0 850.0 1.51997
2550.0 850.0 1.23881
2650.0 850.0 0.71575
2750.0 850.0 0.07007
2850.0 850.0 -0.59808
2950.0 850.0 -1.29463
3050.0 850.0 -1.92134
3150.0 850.0 -2.26855
3250.0 850.0 -2.18522
3350.0 850.0 -1.67435
3450.0 850.0 -0.90557
3550.0 850.0 -0.14473
3650.0 850.0 0.39918
3750.0 850.0 0.79949
3850.0 850.0 1.32693
3950.0 850.0 1.94990
4050.0 850.0 2.43989
4150.0 850.0 2.57803
4250.0 850.0 2.27764
4350.0 850.0 1.62235
4450.0 850.0 0.81987
4550.0 850.0 0.07129
4650.0 850.0 -0.61243
4750.0 850.0 -1.24006
4850.0 850.0 -1.68250
4950.0 850.0 -1.82732
5050.0 850.0 -1.65410
5150.0 850.0 -1.25823
5250.0 850.0 -0.82398
5350.0 850.0 -0.54703
5450.0 850.0 -0.50643
5550.0 850.0 -0.55619
5650.0 850.0 -0.62412
5750.0 850.0 -0.68695
5850.0 850.0 -0.70474
5950.0 850.0 -0.65028
6050.0 850.0 -0.52393
6150.0 850.0 -0.35387
6250.0 850.0 -0.18169
6350.0 850.0 -0.03331
50.0 950.0 -0.41858
150.0 950.0 0.02822
250.0 950.0 0.43617
350.0 950.0 0.73656
450.0 950.0 0.85004
550.0 950.0 0.75563
650.0 950.0 0.50240
750.0 950.0 0.19779
850.0 950.0 -0.02726
950.0 950.0 -0.07662
1050.0 950.0 0.02980
1150.0 950.0 0.16414
1250.0 950.0 0.28751
1350.0 950.0 0.36494
1450.0 950.0 0.36787
1550.0 950.0 0.29294
1650.0 950.0 0.16665
1750.0 950.0 0.03567
1850.0 950.0 -0.05694
1950.0 950.0 -0.10708
2050.0 950.0 -0.02522
2150.0 950.0 0.32244
2250.0 950.0 0.83321
2350.0 950.0 1.29934
2450.0 950.0 1.53129
2550.0 950.0 1.43200
2650.0 950.0 1.02230
2750.0 950.0 0.41734
2850.0 950.0 -0.24971
2950.0 950.0 -0.97843
3050.0 950.0 -1.70430
3150.0 950.0 -2.21728
3250.0 950.0 -2.33965
3350.0 950.0 -2.03454
3450.0 950.0 -1.43160
3550.0 950.0 -0.76999
3650.0 950.0 -0.25849
3750.0 950.0 0.14151
3850.0 950.0 0.70002
3950.0 950.0 1.40992
4050.0 950.0 2.03878
4150.0 950.0 2.34400
4250.0 950.0 2.20595
4350.0 950.0 1.67680
4450.0 950.0 0.94496
4550.0 950.0 0.21526
4650.0 950.0 -0.46668
4750.0 950.0 -1.07452
4850.0 950.0 -1.46720
4950.0 950.0 -1.53503
5050.0 950.0 -1.27025
5150.0 950.0 -0.78570
5250.0 950.0 -0.28239
5350.0 950.0 0.03403
5450.0 950.0 0.08778
5550.0 950.0 0.03907
5650.0 950.0 -0.05578
5750.0 950.0 -0.18594
5850.0 950.0 -0.30521
5950.0 950.0 -0.36790
6050.0 950.0 -0.35074
6150.0 950.0 -0.26069
6250.0 950.0 -0.12838
6350.0 950.0 0.01245
50.0 1050.0 -0.26157
150.0 1050.0 0.18477
250.0 1050.0 0.59593
350.0 1050.0 0.90063
450.0 1050.0 1.01686
550.0 1050.0 0.92023
650.0 1050.0 0.65794
750.0 1050.0 0.33826
850.0 1050.0 0.09521
950.0 1050.0 0.02876
1050.0 1050.0 0.12057
1150.0 1050.0 0.23029
1250.0 1050.0 0.29444
1350.0 1050.0 0.27391
1450.0 1050.0 0.15303
1550.0 1050.0 -0.04977
1650.0 1050.0 -0.28512
1750.0 1050.0 -0.48963
1850.0 1050.0 -0.61661
1950.0 1050.0 -0.67723
2050.0 1050.0 -0.58390
2150.0 1050.0 -0.16951
2250.0 1050.0 0.47298
2350.0 1050.0 1.12076
2450.0 1050.0 1.55229
2550.0 1050.0 1.63191
2650.0 1050.0 1.34809
2750.0 1050.0 0.80528
2850.0 1050.0 0.16298
2950.0 1050.0 -0.57441
3050.0 1050.0 -1.37916
3150.0 1050.0 -2.04518
3250.0 1050.0 -2.37052
3350.0 1050.0 -2.27731
3450.0 1050.0 -1.85069
3550.0 1050.0 -1.29685
3650.0 1050.0 -0.82008
3750.0 1050.0 -0.41906
3850.0 1050.0 0.16595
3950.0 1050.0 0.94692
4050.0 1050.0 1.68800
4150.0 1050.0 2.12745
4250.0 1050.0 2.11935
4350.0 1050.0 1.69089
4450.0 1050.0 1.01540
4550.0 1050.0 0.30095
4650.0 1050.0 -0.37819
4750.0 1050.0 -0.95908
4850.0 1050.0 -1.28609
4950.0 1050.0 -1.25469
5050.0 1050.0 -0.87475
5150.0 1050.0 -0.28187
5250.0 1050.0 0.30238
5350.0 1050.0 0.66116
5450.0 1050.0 0.72418
5550.0 1050.0 0.67028
5650.0 1050.0 0.53946
5750.0 1050.0 0.33124
5850.0 1050.0 0.10148
5950.0 1050.0 -0.08262
6050.0 1050.0 -0.17305
6150.0 1050.0 -0.15654
6250.0 1050.0 -0.05545
6350.0 1050.0 0.08632
50.0 1150.0 -0.08085
150.0 1150.0 0.38080
250.0 1150.0 0.80966
350.0 1150.0 1.15186
450.0 1150.0 1.31730
550.0 1150.0 1.26169
650.0 1150.0 1.01456
750.0 1150.0 0.67669
850.0 1150.0 0.38707
950.0 1150.0 0.25939
1050.0 1150.0 0.28820
1150.0 1150.0 0.33540
1250.0 1150.0 0.33960
1350.0 1150.0 0.26672
1450.0 1150.0 0.10471
1550.0 1150.0 -0.12820
1650.0 1150.0 -0.38702
1750.0 1150.0 -0.61543
1850.0 1150.0 -0.77284
1950.0 1150.0 -0.87032
2050.0 1150.0 -0.81471
2150.0 1150.0 -0.42234
2250.0 1150.0 0.24234
2350.0 1150.0 0.97566
2450.0 1150.0 1.55319
2550.0 1150.0 1.81298
2650.0 1150.0 1.70387
2750.0 1150.0 1.29847
2850.0 1150.0 0.76235
2950.0 1150.0 0.10042
3050.0 1150.0 -0.70345
3150.0 1150.0 -1.46308
3250.0 1150.0 -1.96411
3350.0 1150.0 -2.08799
3450.0 1150.0 -1.86301
3550.0 1150.0 -1.44259
3650.0 1150.0 -1.01061
3750.0 1150.0 -0.60877
3850.0 1150.0 -0.01980
3950.0 1150.0 0.76759
4050.0 1150.0 1.51690
4150.0 1150.0 1.96493
4250.0 1150.0 1.96421
4350.0 1150.0 1.54086
4450.0 1150.0 0.86790
4550.0 1150.0 0.15401
4650.0 1150.0 -0.52111
4750.0 1150.0 -1.06007
4850.0 1150.0 -1.28496
4950.0 1150.0 -1.09949
5050.0 1150.0 -0.54103
5150.0 1150.0 0.21946
5250.0 1150.0 0.92852
5350.0 1150.0 1.35212
5450.0 1150.0 1.42863
5550.0 1150.0 1.36591
5650.0 1150.0 1.18053
5750.0 1150.0 0.85922
5850.0 1150.0 0.47672
5950.0 1150.0 0.13410
6050.0 1150.0 -0.08578
6150.0 1150.0 -0.14503
6250.0 1150.0 -0.05984
6350.0 1150.0 0.10812
50.0 1250.0 0.07240
150.0 1250.0 0.56681
250.0 1250.0 1.03020
350.0 1250.0 1.44837
450.0 1250.0 1.71678
550.0 1250.0 1.75214
650.0 1250.0 1.54787
750.0 1250.0 1.18777
850.0 1250.0 0.81805
950.0 1250.0 0.57764
1050.0 1250.0 0.48707
1150.0 1250.0 0.42847
1250.0 1250.0 0.37554
1350.0 1250.0 0.31030
1450.0 1250.0 0.21253
1550.0 1250.0 0.07299
1650.0 1250.0 -0.10142
1750.0 1250.0 -0.29049
1850.0 1250.0 -0.47158
1950.0 1250.0 -0.63646
2050.0 1250.0 -0.67957
2150.0 1250.0 -0.42614
2250.0 1250.0 0.10927
2350.0 1250.0 0.78555
2450.0 1250.0 1.41512
2550.0 1250.0 1.83037
2650.0 1250.0 1.93640
2750.0 1250.0 1.75011
2850.0 1250.0 1.41480
2950.0 1250.0 0.93130
3050.0 1250.0 0.23668
3150.0 1250.0 -0.52139
3250.0 1250.0 -1.13417
3350.0 1250.0 -1.44907
3450.0 1250.0 -1.42942
3550.0 1250.0 -1.15693
3650.0 1250.0 -0.77663
3750.0 1250.0 -0.37385
3850.0 1250.0 0.19605
3950.0 1250.0 0.92337
4050.0 1250.0 1.57369
4150.0 1250.0 1.90059
4250.0 1250.0 1.78066
4350.0 1250.0 1.26363
4450.0 1250.0 0.53754
4550.0 1250.0 -0.19098
4650.0 1250.0 -0.86189
4750.0 1250.0 -1.35433
4850.0 1250.0 -1.46598
4950.0 1250.0 -1.10990
5050.0 1250.0 -0.35411
5150.0 1250.0 0.59122
5250.0 1250.0 1.43742
5350.0 1250.0 1.93165
5450.0 1250.0 2.02200
5550.0 1250.0 1.94772
5650.0 1250.0 1.69734
5750.0 1250.0 1.24693
5850.0 1250.0 0.69837
5950.0 1250.0 0.19444
6050.0 1250.0 -0.14343
6150.0 1250.0 -0.25440
6250.0 1250.0 -0.15426
6350.0 1250.0 0.07161
50.0 1350.0 0.13614
150.0 1350.0 0.67449
250.0 1350.0 1.18431
350.0 1350.0 1.70552
450.0 1350.0 2.11460
550.0 1350.0 2.27578
650.0 1350.0 2.13341
750.0 1350.0 1.74769
850.0 1350.0 1.27374
950.0 1350.0 0.88393
1050.0 1350.0 0.63402
1150.0 1350.0 0.44002
1250.0 1350.0 0.33660
1350.0 1350.0 0.33027
1450.0 1350.0 0.38306
1550.0 1350.0 0.43667
1650.0 1350.0 0.43367
1750.0 1350.0 0.33567
1850.0 1350.0 0.13847
1950.0 1350.0 -0.11525
2050.0 1350.0 -0.30513
2150.0 1350.0 -0.29073
2250.0 1350.0 -0.02241
2350.0 1350.0 0.45668
2450.0 1350.0 1.03158
2550.0 1350.0 1.55143
2650.0 1350.0 1.88041
2750.0 1350.0 1.96358
2850.0 1350.0 1.89593
2950.0 1350.0 1.67024
3050.0 1350.0 1.18148
3150.0 1350.0 0.52546
3250.0 1350.0 -0.11283
3350.0 1350.0 -0.55942
3450.0 1350.0 -0.71491
3550.0 1350.0 -0.58117
3650.0 1350.0 -0.25124
3750.0 1350.0 0.15302
3850.0 1350.0 0.69161
3950.0 1350.0 1.32283
4050.0 1350.0 1.81578
4150.0 1350.0 1.95072
4250.0 1350.0 1.64232
4350.0 1350.0 0.97748
4450.0 1350.0 0.16770
4550.0 1350.0 -0.58381
4650.0 1350.0 -1.25190
4750.0 1350.0 -1.71090
4850.0 1350.0 -1.74125
4950.0 1350.0 -1.26303
5050.0 1350.0 -0.36649
5150.0 1350.0 0.71006
5250.0 1350.0 1.65287
5350.0 1350.0 2.19593
5450.0 1350.0 2.29457
5550.0 1350.0 2.20870
5650.0 1350.0 1.90012
5750.0 1350.0 1.34081
5850.0 1350.0 0.66235
5950.0 1350.0 0.04654
6050.0 1350.0 -0.35419
6150.0 1350.0 -0.46600
6250.0 1350.0 -0.31251
6350.0 1350.0 -0.00331
50.0 1450.0 0.07824
150.0 1450.0 0.66162
250.0 1450.0 1.22074
350.0 1450.0 1.85134
450.0 1450.0 2.40978
550.0 1450.0 2.70454
650.0 1450.0 2.62789
750.0 1450.0 2.21499
850.0 1450.0 1.63037
950.0 1450.0 1.08195
1050.0 1450.0 0.66287
1150.0 1450.0 0.32774
1250.0 1450.0 0.18206
1350.0 1450.0 0.25967
1450.0 1450.0 0.50073
1550.0 1450.0 0.78946
1650.0 1450.0 0.99419
1750.0 1450.0 1.00979
1850.0 1450.0 0.80234
1950.0 1450.0 0.45476
2050.0 1450.0 0.09951
2150.0 1450.0 -0.17421
2250.0 1450.0 -0.25019
2350.0 1450.0 -0.05828
2450.0 1450.0 0.37866
2550.0 1450.0 0.94323
2650.0 1450.0 1.46739
2750.0 1450.0 1.82166
2850.0 1450.0 2.03776
2950.0 1450.0 2.09846
3050.0 1450.0 1.86742
3150.0 1450.0 1.38511
3250.0 1450.0 0.80072
3350.0 1450.0 0.29511
3450.0 1450.0 0.01856
3550.0 1450.0 0.04354
3650.0 1450.0 0.33220
3750.0 1450.0 0.73873
3850.0 1450.0 1.24882
3950.0 1450.0 1.79089
4050.0 1450.0 2.13718
4150.0 1450.0 2.09282
4250.0 1450.0 1.60807
4350.0 1450.0 0.80471
4450.0 1450.0 -0.08359
4550.0 1450.0 -0.85671
4650.0 1450.0 -1.52456
4750.0 1450.0 -1.97654
4850.0 1450.0 -1.99008
4950.0 1450.0 -1.48725
5050.0 1450.0 -0.56330
5150.0 1450.0 0.53761
5250.0 1450.0 1.49698
5350.0 1450.0 2.04669
5450.0 1450.0 2.14400
5550.0 1450.0 2.04926
5650.0 1450.0 1.70435
5750.0 1450.0 1.08596
5850.0 1450.0 0.35138
5950.0 1450.0 -0.29108
6050.0 1450.0 -0.67427
6150.0 1450.0 -0.72627
6250.0 1450.0 -0.48646
6350.0 1450.0 -0.08348
50.0 1550.0 -0.08632
150.0 1550.0 0.53286
250.0 1550.0 1.13421
350.0 1550.0 1.85789
450.0 1550.0 2.54267
550.0 1550.0 2.94932
650.0 1550.0 2.92588
750.0 1550.0 2.48657
850.0 1550.0 1.80462
950.0 1550.0 1.11873
1050.0 1550.0 0.55388
1150.0 1550.0 0.09743
1250.0 1550.0 -0.08384
1350.0 1550.0 0.06751
1450.0 1550.0 0.47263
1550.0 1550.0 0.96586
1650.0 1550.0 1.35124
1750.0 1550.0 1.46581
1850.0 1550.0 1.25000
1950.0 1550.0 0.82157
2050.0 1550.0 0.31823
2150.0 1550.0 -0.22408
2250.0 1550.0 -0.63277
2350.0 1550.0 -0.73465
2450.0 1550.0 -0.46428
2550.0 1550.0 0.09913
2650.0 1550.0 0.76650
2750.0 1550.0 1.34519
2850.0 1550.0 1.80534
2950.0 1550.0 2.12043
3050.0 1550.0 2.13539
3150.0 1550.0 1.84294
3250.0 1550.0 1.35487
3350.0 1550.0 0.84823
3450.0 1550.0 0.50747
3550.0 1550.0 0.46257
3650.0 1550.0 0.72322
3750.0 1550.0 1.13273
3850.0 1550.0 1.63078
3950.0 1550.0 2.13007
4050.0 1550.0 2.40395
4150.0 1550.0 2.26977
4250.0 1550.0 1.69579
4350.0 1550.0 0.82175
4450.0 1550.0 -0.10693
4550.0 1550.0 -0.89129
4650.0 1550.0 -1.56159
4750.0 1550.0 -2.03601
4850.0 1550.0 -2.10447
4950.0 1550.0 -1.68536
5050.0 1550.0 -0.85966
5150.0 1550.0 0.14747
5250.0 1550.0 1.03521
5350.0 1550.0 1.54550
5450.0 1550.0 1.63154
5550.0 1550.0 1.53230
5650.0 1550.0 1.17936
5750.0 1550.0 0.56169
5850.0 1550.0 -0.14657
5950.0 1550.0 -0.72790
6050.0 1550.0 -1.01910
6150.0 1550.0 -0.96424
6250.0 1550.0 -0.62304
6350.0 1550.0 -0.13449
50.0 1650.0 -0.30199
150.0 1650.0 0.33654
250.0 1650.0 0.96541
350.0 1650.0 1.74843
450.0 1650.0 2.51227
550.0 1650.0 2.98672
650.0 1650.0 2.99170
750.0 1650.0 2.52894
850.0 1650.0 1.77850
950.0 1650.0 0.99984
1050.0 1650.0 0.33834
1150.0 1650.0 -0.20058
1250.0 1650.0 -0.41491
1350.0 1650.0 -0.23272
1450.0 1650.0 0.25709
1550.0 1650.0 0.86040
1650.0 1650.0 1.34368
1750.0 1650.0 1.50954
1850.0 1650.0 1.28247
1950.0 1650.0 0.80000
2050.0 1650.0 0.19661
2150.0 1650.0 -0.53089
2250.0 1650.0 -1.17299
2350.0 1650.0 -1.48626
2450.0 1650.0 -1.34360
2550.0 1650.0 -0.79550
2650.0 1650.0 -0.04251
2750.0 1650.0 0.68135
2850.0 1650.0 1.30285
2950.0 1650.0 1.78945
3050.0 1650.0 1.97718
3150.0 1650.0 1.82705
3250.0 1650.0 1.42343
3350.0 1650.0 0.93682
3450.0 1650.0 0.57020
3550.0 1650.0 0.48894
3650.0 1650.0 0.73420
3750.0 1650.0 1.14707
3850.0 1650.0 1.65752
3950.0 1650.0 2.18388
4050.0 1650.0 2.49764
4150.0 1650.0 2.40927
4250.0 1650.0 1.87828
4350.0 1650.0 1.03664
4450.0 1650.0 0.12561
4550.0 1650.0 -0.65415
4650.0 1650.0 -1.32875
4750.0 1650.0 -1.84710
4850.0 1650.0 -2.02282
4950.0 1650.0 -1.76631
5050.0 1650.0 -1.13015
5150.0 1650.0 -0.30236
5250.0 1650.0 0.45021
5350.0 1650.0 0.88831
5450.0 1650.0 0.95654
5550.0 1650.0 0.85724
5650.0 1650.0 0.52059
5750.0 1650.0 -0.04863
5850.0 1650.0 -0.67009
5950.0 1650.0 -1.13282
6050.0 1650.0 -1.29166
6150.0 1650.0 -1.11462
6250.0 1650.0 -0.68119
6350.0 1650.0 -0.13154
50.0 1750.0 -0.50277
150.0 1750.0 0.13736
250.0 1750.0 0.77684
350.0 1750.0 1.58052
450.0 1750.0 2.36936
550.0 1750.0 2.86136
650.0 1750.0 2.86681
750.0 1750.0 2.38457
850.0 1750.0 1.59926
950.0 1750.0 0.77953
1050.0 1750.0 0.07797
1150.0 1750.0 -0.49973
1250.0 1750.0 -0.74912
1350.0 1750.0 -0.59474
1450.0 1750.0 -0.12399
1550.0 1750.0 0.46764
1650.0 1750.0 0.94235
1750.0 1750.0 1.09725
1850.0 1750.0 0.85264
1950.0 1750.0 0.34684
2050.0 1750.0 -0.29618
2150.0 1750.0 -1.09460
2250.0 1750.0 -1.82351
2350.0 1750.0 -2.21205
2450.0 1750.0 -2.11001
2550.0 1750.0 -1.55845
2650.0 1750.0 -0.76423
2750.0 1750.0 0.02138
2850.0 1750.0 0.70915
2950.0 1750.0 1.26502
3050.0 1750.0 1.52023
3150.0 1750.0 1.42284
3250.0 1750.0 1.04688
3350.0 1750.0 0.56151
3450.0 1750.0 0.17870
3550.0 1750.0 0.07919
3650.0 1750.0 0.31708
3750.0 1750.0 0.73328
3850.0 1750.0 1.28001
3950.0 1750.0 1.90224
4050.0 1750.0 2.36676
4150.0 1750.0 2.45830
4250.0 1750.0 2.10115
4350.0 1750.0 1.39402
4450.0 1750.0 0.55817
4550.0 1750.0 -0.20130
4650.0 1750.0 -0.88069
4750.0 1750.0 -1.45055
4850.0 1750.0 -1.75190
4950.0 1750.0 -1.68552
5050.0 1750.0 -1.27048
5150.0 1750.0 -0.65128
5250.0 1750.0 -0.05520
5350.0 1750.0 0.30018
5450.0 1750.0 0.34920
5550.0 1750.0 0.25292
5650.0 1750.0 -0.05435
5750.0 1750.0 -0.55334
5850.0 1750.0 -1.06634
5950.0 1750.0 -1.39835
6050.0 1750.0 -1.42783
6150.0 1750.0 -1.14662
6250.0 1750.0 -0.64892
6350.0 1750.0 -0.06950
50.0 1850.0 -0.66579
150.0 1850.0 -0.03481
250.0 1850.0 0.60457
350.0 1850.0 1.40455
450.0 1850.0 2.18439
550.0 1850.0 2.66242
650.0 1850.0 2.65096
750.0 1850.0 2.15192
850.0 1850.0 1.35307
950.0 1850.0 0.52494
1050.0 1850.0 -0.18099
1150.0 1850.0 -0.77041
1250.0 1850.0 -1.05797
1350.0 1850.0 -0.97187
1450.0 1850.0 -0.59007
1550.0 1850.0 -0.09158
1650.0 1850.0 0.30359
1750.0 1850.0 0.40588
1850.0 1850.0 0.13897
1950.0 1850.0 -0.37059
2050.0 1850.0 -1.01300
2150.0 1850.0 -1.80325
2250.0 1850.0 -2.51433
2350.0 1850.0 -2.87674
2450.0 1850.0 -2.74448
2550.0 1850.0 -2.16433
2650.0 1850.0 -1.34849
2750.0 1850.0 -0.55056
2850.0 1850.0 0.14384
2950.0 1850.0 0.70207
3050.0 1850.0 0.95041
3150.0 1850.0 0.83575
3250.0 1850.0 0.43473
3350.0 1850.0 -0.07819
3450.0 1850.0 -0.48483
3550.0 1850.0 -0.59932
3650.0 1850.0 -0.36636
3750.0 1850.0 0.05291
3850.0 1850.0 0.64908
3950.0 1850.0 1.40555
4050.0 1850.0 2.08289
4150.0 1850.0 2.42962
4250.0 1850.0 2.31999
4350.0 1850.0 1.80509
4450.0 1850.0 1.07715
4550.0 1850.0 0.34719
4650.0 1850.0 -0.33627
4750.0 1850.0 -0.95536
4850.0 1850.0 -1.37732
4950.0 1850.0 -1.49359
5050.0 1850.0 -1.29094
5150.0 1850.0 -0.87196
5250.0 1850.0 -0.42586
5350.0 1850.0 -0.14942
5450.0 1850.0 -0.11822
5550.0 1850.0 -0.21035
5650.0 1850.0 -0.48577
5750.0 1850.0 -0.91354
5850.0 1850.0 -1.32292
5950.0 1850.0 -1.53747
6050.0 1850.0 -1.45871
6150.0 1850.0 -1.09863
6250.0 1850.0 -0.56128
6350.0 1850.0 0.02670
50.0 1950.0 -0.83400
150.0 1950.0 -0.22176
250.0 1950.0 0.40877
350.0 1950.0 1.19029
450.0 1950.0 1.94270
550.0 1950.0 2.39047
650.0 1950.0 2.35323
750.0 1950.0 1.83830
850.0 1950.0 1.03530
950.0 1950.0 0.21270
1050.0 1950.0 -0.48294
1150.0 1950.0 -1.07297
1250.0 1950.0 -1.39760
1350.0 1950.0 -1.38725
1450.0 1950.0 -1.10419
1550.0 1950.0 -0.70385
1650.0 1950.0 -0.38335
1750.0 1950.0 -0.31729
1850.0 1950.0 -0.58081
1950.0 1950.0 -1.06417
2050.0 1950.0 -1.67449
2150.0 1950.0 -2.42636
2250.0 1950.0 -3.09828
2350.0 1950.0 -3.42845
2450.0 1950.0 -3.27609
2550.0 1950.0 -2.68845
2650.0 1950.0 -1.87360
2750.0 1950.0 -1.07900
2850.0 1950.0 -0.38719
2950.0 1950.0 0.16113
3050.0 1950.0 0.38337
3150.0 1950.0 0.22652
3250.0 1950.0 -0.22631
3350.0 1950.0 -0.79106
3450.0 1950.0 -1.23988
3550.0 1950.0 -1.38045
3650.0 1950.0 -1.15744
3750.0 1950.0 -0.73839
3850.0 1950.0 -0.10432
3950.0 1950.0 0.76389
4050.0 1950.0 1.62789
4150.0 1950.0 2.20982
4250.0 1950.0 2.34124
4350.0 1950.0 2.02773
4450.0 1950.0 1.42928
4550.0 1950.0 0.75637
4650.0 1950.0 0.09762
4750.0 1950.0 -0.54074
4850.0 1950.0 -1.05646
4950.0 1950.0 -1.33817
5050.0 1950.0 -1.34421
5150.0 1950.0 -1.13415
5250.0 1950.0 -0.85311
5350.0 1950.0 -0.66894
5450.0 1950.0 -0.66230
5550.0 1950.0 -0.75268
5650.0 1950.0 -0.99051
5750.0 1950.0 -1.33402
5850.0 1950.0 -1.62635
5950.0 1950.0 -1.71725
6050.0 1950.0 -1.53590
6150.0 1950.0 -1.11470
6250.0 1950.0 -0.56373
6350.0 1950.0 0.00375
50.0 2050.0 -1.00091
150.0 2050.0 -0.42832
250.0 2050.0 0.17294
350.0 2050.0 0.90488
450.0 2050.0 1.59345
550.0 2050.0 1.98117
650.0 2050.0 1.90498
750.0 2050.0 1.38109
850.0 2050.0 0.59688
950.0 2050.0 -0.19014
1050.0 2050.0 -0.84578
1150.0 2050.0 -1.41389
1250.0 2050.0 -1.77081
1350.0 2050.0 -1.84311
1450.0 2050.0 -1.66282
1550.0 2050.0 -1.34812
1650.0 2050.0 -1.06618
1750.0 2050.0 -0.97816
1850.0 2050.0 -1.16633
1950.0 2050.0 -1.54740
2050.0 2050.0 -2.05220
2150.0 2050.0 -2.70889
2250.0 2050.0 -3.31843
2350.0 2050.0 -3.63491
2450.0 2050.0 -3.51648
2550.0 2050.0 -2.99095
2650.0 2050.0 -2.23596
2750.0 2050.0 -1.47391
2850.0 2050.0 -0.79232
2950.0 2050.0 -0.26457
3050.0 2050.0 -0.08919
3150.0 2050.0 -0.31914
3250.0 2050.0 -0.86095
3350.0 2050.0 -1.51491
3450.0 2050.0 -2.03742
3550.0 2050.0 -2.22558
3650.0 2050.0 -2.02387
3750.0 2050.0 -1.61413
3850.0 2050.0 -0.98232
3950.0 2050.0 -0.08797
4050.0 2050.0 0.85243
4150.0 2050.0 1.56817
4250.0 2050.0 1.87734
4350.0 2050.0 1.75470
4450.0 2050.0 1.32455
4550.0 2050.0 0.77830
4650.0 2050.0 0.22297
4750.0 2050.0 -0.34965
4850.0 2050.0 -0.87773
4950.0 2050.0 -1.26559
5050.0 2050.0 -1.45595
5150.0 2050.0 -1.46508
5250.0 2050.0 -1.38022
5350.0 2050.0 -1.31962
5450.0 2050.0 -1.35493
5550.0 2050.0 -1.45077
5650.0 2050.0 -1.63831
5750.0 2050.0 -1.86715
5850.0 2050.0 -2.01158
5950.0 2050.0 -1.96607
6050.0 2050.0 -1.69879
6150.0 2050.0 -1.26272
6250.0 2050.0 -0.76453
6350.0 2050.0 -0.29109
50.0 2150.0 -1.11142
150.0 2150.0 -0.59721
250.0 2150.0 -0.04656
350.0 2150.0 0.60575
450.0 2150.0 1.19828
550.0 2150.0 1.50353
650.0 2150.0 1.38471
750.0 2150.0 0.86856
850.0 2150.0 0.13416
950.0 2150.0 -0.58213
1050.0 2150.0 -1.16544
1150.0 2150.0 -1.68715
1250.0 2150.0 -2.07025
1350.0 2150.0 -2.23082
1450.0 2150.0 -2.15523
1550.0 2150.0 -1.91018
1650.0 2150.0 -1.62579
1750.0 2150.0 -1.45177
1850.0 2150.0 -1.48657
1950.0 2150.0 -1.68346
2050.0 2150.0 -2.00436
2150.0 2150.0 -2.50697
2250.0 2150.0 -3.03303
2350.0 2150.0 -3.36075
2450.0 2150.0 -3.33953
2550.0 2150.0 -2.95524
2650.0 2150.0 -2.32609
2750.0 2150.0 -1.62902
2850.0 2150.0 -0.96570
2950.0 2150.0 -0.46513
3050.0 2150.0 -0.34392
3150.0 2150.0 -0.65516
3250.0 2150.0 -1.29483
3350.0 2150.0 -2.04720
3450.0 2150.0 -2.65241
3550.0 2150.0 -2.89649
3650.0 2150.0 -2.72360
3750.0 2150.0 -2.33339
3850.0 2150.0 -1.75594
3950.0 2150.0 -0.95177
4050.0 2150.0 -0.09195
4150.0 2150.0 0.60252
4250.0 2150.0 0.97672
4350.0 2150.0 0.99904
4450.0 2150.0 0.75954
4550.0 2150.0 0.40959
4650.0 2150.0 0.04316
4750.0 2150.0 -0.36340
4850.0 2150.0 -0.79469
4950.0 2150.0 -1.19224
5050.0 2150.0 -1.50278
5150.0 2150.0 -1.70642
5250.0 2150.0 -1.82451
5350.0 2150.0 -1.90708
5450.0 2150.0 -1.99991
5550.0 2150.0 -2.10970
5650.0 2150.0 -2.23888
5750.0 2150.0 -2.33279
5850.0 2150.0 -2.31408
5950.0 2150.0 -2.13870
6050.0 2150.0 -1.82189
6150.0 2150.0 -1.43408
6250.0 2150.0 -1.06662
6350.0 2150.0 -0.76750
50.0 2250.0 -1.11568
150.0 2250.0 -0.66744
250.0 2250.0 -0.18058
350.0 2250.0 0.37670
450.0 2250.0 0.86082
550.0 2250.0 1.08098
650.0 2250.0 0.93028
750.0 2250.0 0.44447
850.0 2250.0 -0.21173
950.0 2250.0 -0.83065
1050.0 2250.0 -1.31992
1150.0 2250.0 -1.77889
1250.0 2250.0 -2.18295
1350.0 2250.0 -2.43321
1450.0 2250.0 -2.46056
1550.0 2250.0 -2.27145
1650.0 2250.0 -1.95494
1750.0 2250.0 -1.65106
1850.0 2250.0 -1.48054
1950.0 2250.0 -1.43940
2050.0 2250.0 -1.52571
2150.0 2250.0 -1.83831
2250.0 2250.0 -2.27194
2350.0 2250.0 -2.63357
2450.0 2250.0 -2.75755
2550.0 2250.0 -2.57182
2650.0 2250.0 -2.11519
2750.0 2250.0 -1.50561
2850.0 2250.0 -0.86571
2950.0 2250.0 -0.39054
3050.0 2250.0 -0.30941
3150.0 2250.0 -0.67572
3250.0 2250.0 -1.37997
3350.0 2250.0 -2.19776
3450.0 2250.0 -2.86023
3550.0 2250.0 -3.14709
3650.0 2250.0 -3.00205
3750.0 2250.0 -2.63859
3850.0 2250.0 -2.16092
3950.0 2250.0 -1.55380
4050.0 2250.0 -0.92596
4150.0 2250.0 -0.41251
4250.0 2250.0 -0.10341
4350.0 2250.0 -0.00988
4450.0 2250.0 -0.06844
4550.0 2250.0 -0.18297
4650.0 2250.0 -0.30337
4750.0 2250.0 -0.46685
4850.0 2250.0 -0.70245
4950.0 2250.0 -1.00527
5050.0 2250.0 -1.34612
5150.0 2250.0 -1.68312
5250.0 2250.0 -1.97495
5350.0 2250.0 -2.19588
5450.0 2250.0 -2.35249
5550.0 2250.0 -2.48277
5650.0 2250.0 -2.55534
5750.0 2250.0 -2.51663
5850.0 2250.0 -2.34740
5950.0 2250.0 -2.07192
6050.0 2250.0 -1.75281
6150.0 2250.0 -1.47148
6250.0 2250.0 -1.29416
6350.0 2250.0 -1.22355
50.0 2350.0 -1.00083
150.0 2350.0 -0.61251
250.0 2350.0 -0.19008
350.0 2350.0 0.27653
450.0 2350.0 0.66371
550.0 2350.0 0.81664
650.0 2350.0 0.65541
750.0 2350.0 0.22065
850.0 2350.0 -0.34132
950.0 2350.0 -0.85379
1050.0 2350.0 -1.24529
1150.0 2350.0 -1.63880
1250.0 2350.0 -2.06127
1350.0 2350.0 -2.39798
1450.0 2350.0 -2.52347
1550.0 2350.0 -2.38357
1650.0 2350.0 -2.02665
1750.0 2350.0 -1.58405
1850.0 2350.0 -1.19981
1950.0 2350.0 -0.91301
2050.0 2350.0 -0.75877
2150.0 2350.0 -0.88051
2250.0 2350.0 -1.22783
2350.0 2350.0 -1.63599
2450.0 2350.0 -1.92162
2550.0 2350.0 -1.95056
2650.0 2350.0 -1.67805
2750.0 2350.0 -1.16093
2850.0 2350.0 -0.54497
2950.0 2350.0 -0.08572
3050.0 2350.0 -0.01421
3150.0 2350.0 -0.38438
3250.0 2350.0 -1.08966
3350.0 2350.0 -1.90948
3450.0 2350.0 -2.57844
3550.0 2350.0 -2.87820
3650.0 2350.0 -2.75200
3750.0 2350.0 -2.41710
3850.0 2350.0 -2.06246
3950.0 2350.0 -1.71322
4050.0 2350.0 -1.41132
4150.0 2350.0 -1.18846
4250.0 2350.0 -1.04724
4350.0 2350.0 -0.95839
4450.0 2350.0 -0.87414
4550.0 2350.0 -0.75772
4650.0 2350.0 -0.62257
4750.0 2350.0 -0.51537
4850.0 2350.0 -0.50049
4950.0 2350.0 -0.63205
5050.0 2350.0 -0.91875
5150.0 2350.0 -1.31284
5250.0 2350.0 -1.72367
5350.0 2350.0 -2.05568
5450.0 2350.0 -2.27097
5550.0 2350.0 -2.42408
5650.0 2350.0 -2.45088
5750.0 2350.0 -2.30343
5850.0 2350.0 -2.01950
5950.0 2350.0 -1.68645
6050.0 2350.0 -1.40676
6150.0 2350.0 -1.26536
6250.0 2350.0 -1.29885
6350.0 2350.0 -1.46655
50.0 2450.0 -0.80016
150.0 2450.0 -0.45457
250.0 2450.0 -0.08457
350.0 2450.0 0.31360
450.0 2450.0 0.63444
550.0 2450.0 0.75134
650.0 2450.0 0.60315
750.0 2450.0 0.23027
850.0 2450.0 -0.23986
950.0 2450.0 -0.65764
1050.0 2450.0 -0.96681
1150.0 2450.0 -1.30667
1250.0 2450.0 -1.74862
1350.0 2450.0 -2.16522
1450.0 2450.0 -2.38290
1550.0 2450.0 -2.29495
1650.0 2450.0 -1.91366
1750.0 2450.0 -1.36148
1850.0 2450.0 -0.80145
1950.0 2450.0 -0.30996
2050.0 2450.0 0.04427
2150.0 2450.0 0.07929
2250.0 2450.0 -0.20038
2350.0 2450.0 -0.65293
2450.0 2450.0 -1.07911
2550.0 2450.0 -1.29187
2650.0 2450.0 -1.17592
2750.0 2450.0 -0.73700
2850.0 2450.0 -0.14068
2950.0 2450.0 0.31604
3050.0 2450.0 0.41276
3150.0 2450.0 0.09488
3250.0 2450.0 -0.54248
3350.0 2450.0 -1.29537
3450.0 2450.0 -1.91464
3550.0 2450.0 -2.19244
3650.0 2450.0 -2.07158
3750.0 2450.0 -1.76097
3850.0 2450.0 -1.52171
3950.0 2450.0 -1.42225
4050.0 2450.0 -1.44718
4150.0 2450.0 -1.53259
4250.0 2450.0 -1.59526
4350.0 2450.0 -1.55987
4450.0 2450.0 -1.38426
4550.0 2450.0 -1.08271
4650.0 2450.0 -0.73321
4750.0 2450.0 -0.38725
4850.0 2450.0 -0.13182
4950.0 2450.0 -0.07275
5050.0 2450.0 -0.25878
5150.0 2450.0 -0.64823
5250.0 2450.0 -1.11920
5350.0 2450.0 -1.52332
5450.0 2450.0 -1.78295
5550.0 2450.0 -1.95619
5650.0 2450.0 -1.95289
5750.0 2450.0 -1.73263
5850.0 2450.0 -1.37892
5950.0 2450.0 -1.02703
6050.0 2450.0 -0.80691
6150.0 2450.0 -0.80145
6250.0 2450.0 -1.02020
6350.0 2450.0 -1.38838
50.0 2550.0 -0.57963
150.0 2550.0 -0.25437
250.0 2550.0 0.08391
350.0 2550.0 0.44616
450.0 2550.0 0.73982
550.0 2550.0 0.85424
650.0 2550.0 0.73632
750.0 2550.0 0.42194
850.0 2550.0 0.02312
950.0 2550.0 -0.32899
1050.0 2550.0 -0.58548
1150.0 2550.0 -0.89419
1250.0 2550.0 -1.36004
1350.0 2550.0 -1.84891
1450.0 2550.0 -2.15381
1550.0 2550.0 -2.12938
1650.0 2550.0 -1.75906
1750.0 2550.0 -1.15506
1850.0 2550.0 -0.49114
1950.0 2550.0 0.12880
2050.0 2550.0 0.60921
2150.0 2550.0 0.74323
2250.0 2550.0 0.50644
2350.0 2550.0 0.02616
2450.0 2550.0 -0.48839
2550.0 2550.0 -0.81687
2650.0 2550.0 -0.79952
2750.0 2550.0 -0.40987
2850.0 2550.0 0.17447
2950.0 2550.0 0.64123
3050.0 2550.0 0.78975
3150.0 2550.0 0.56482
3250.0 2550.0 0.04456
3350.0 2550.0 -0.59202
3450.0 2550.0 -1.12041
3550.0 2550.0 -1.34901
3650.0 2550.0 -1.22031
3750.0 2550.0 -0.92504
3850.0 2550.0 -0.76434
3950.0 2550.0 -0.83818
4050.0 2550.0 -1.09422
4150.0 2550.0 -1.40399
4250.0 2550.0 -1.62429
4350.0 2550.0 -1.64514
4450.0 2550.0 -1.42453
4550.0 2550.0 -1.00963
4650.0 2550.0 -0.52436
4750.0 2550.0 -0.02142
4850.0 2550.0 0.40131
4950.0 2550.0 0.60416
5050.0 2550.0 0.50898
5150.0 2550.0 0.14821
5250.0 2550.0 -0.34143
5350.0 2550.0 -0.78090
5450.0 2550.0 -1.06623
5550.0 2550.0 -1.25266
5650.0 2550.0 -1.23413
5750.0 2550.0 -0.97630
5850.0 2550.0 -0.59066
5950.0 2550.0 -0.24051
6050.0 2550.0 -0.07041
6150.0 2550.0 -0.15966
6250.0 2550.0 -0.49964
6350.0 2550.0 -0.99505
50.0 2650.0 -0.40175
150.0 2650.0 -0.07702
250.0 2650.0 0.25115
350.0 2650.0 0.60859
450.0 2650.0 0.90924
550.0 2650.0 1.04620
650.0 2650.0 0.96493
750.0 2650.0 0.69462
850.0 2650.0 0.33752
950.0 2650.0 0.01646
1050.0 2650.0 -0.21977
1150.0 2650.0 -0.52188
1250.0 2650.0 -1.01753
1350.0 2650.0 -1.57256
1450.0 2650.0 -1.96213
1550.0 2650.0 -2.01664
1650.0 2650.0 -1.69798
1750.0 2650.0 -1.10621
1850.0 2650.0 -0.41671
1950.0 2650.0 0.24935
2050.0 2650.0 0.77695
2150.0 2650.0 0.95016
2250.0 2650.0 0.73404
2350.0 2650.0 0.24984
2450.0 2650.0 -0.29077
2550.0 2650.0 -0.65647
2650.0 2650.0 -0.67205
2750.0 2650.0 -0.29931
2850.0 2650.0 0.28120
2950.0 2650.0 0.76588
3050.0 2650.0 0.97741
3150.0 2650.0 0.86006
3250.0 2650.0 0.47380
3350.0 2650.0 -0.02927
3450.0 2650.0 -0.45137
3550.0 2650.0 -0.61859
3650.0 2650.0 -0.47330
3750.0 2650.0 -0.18320
3850.0 2650.0 -0.05095
3950.0 2650.0 -0.18730
4050.0 2650.0 -0.52638
4150.0 2650.0 -0.91633
4250.0 2650.0 -1.19232
4350.0 2650.0 -1.23208
4450.0 2650.0 -0.99391
4550.0 2650.0 -0.53705
4650.0 2650.0 -0.00176
4750.0 2650.0 0.55955
4850.0 2650.0 1.04531
4950.0 2650.0 1.30331
5050.0 2650.0 1.24415
5150.0 2650.0 0.89640
5250.0 2650.0 0.40173
5350.0 2650.0 -0.04978
5450.0 2650.0 -0.34434
5550.0 2650.0 -0.53562
5650.0 2650.0 -0.51141
5750.0 2650.0 -0.23957
5850.0 2650.0 0.15807
5950.0 2650.0 0.50789
6050.0 2650.0 0.65985
6150.0 2650.0 0.53595
6250.0 2650.0 0.15147
6350.0 2650.0 -0.39074
50.0 2750.0 -0.26818
150.0 2750.0 0.06527
250.0 2750.0 0.39472
350.0 2750.0 0.76265
450.0 2750.0 1.08567
550.0 2750.0 1.25437
650.0 2750.0 1.20845
750.0 2750.0 0.97012
850.0 2750.0 0.63570
950.0 2750.0 0.32550
1050.0 2750.0 0.09165
1150.0 2750.0 -0.21721
1250.0 2750.0 -0.74566
1350.0 2750.0 -1.36320
1450.0 2750.0 -1.83585
1550.0 2750.0 -1.97779
1650.0 2750.0 -1.73336
1750.0 2750.0 -1.18936
1850.0 2750.0 -0.51772
1950.0 2750.0 0.14881
2050.0 2750.0 0.68007
2150.0 2750.0 0.86022
2250.0 2750.0 0.65395
2350.0 2750.0 0.18076
2450.0 2750.0 -0.34980
2550.0 2750.0 -0.70811
2650.0 2750.0 -0.71979
2750.0 2750.0 -0.34622
2850.0 2750.0 0.23444
2950.0 2750.0 0.73901
3050.0 2750.0 1.01341
3150.0 2750.0 1.00147
3250.0 2750.0 0.74590
3350.0 2750.0 0.37322
3450.0 2750.0 0.05567
3550.0 2750.0 -0.04978
3650.0 2750.0 0.11457
3750.0 2750.0 0.40475
3850.0 2750.0 0.53955
3950.0 2750.0 0.41180
4050.0 2750.0 0.08751
4150.0 2750.0 -0.28356
4250.0 2750.0 -0.54010
4350.0 2750.0 -0.56361
4450.0 2750.0 -0.31508
4550.0 2750.0 0.14616
4650.0 2750.0 0.68329
4750.0 2750.0 1.24412
4850.0 2750.0 1.72546
4950.0 2750.0 1.97523
5050.0 2750.0 1.90552
5150.0 2750.0 1.54716
5250.0 2750.0 1.04417
5350.0 2750.0 0.58818
5450.0 2750.0 0.29273
5550.0 2750.0 0.10211
5650.0 2750.0 0.12975
5750.0 2750.0 0.40850
5850.0 2750.0 0.81536
5950.0 2750.0 1.17461
6050.0 2750.0 1.33413
6150.0 2750.0 1.21449
6250.0 2750.0 0.83068
6350.0 2750.0 0.28667
50.0 2850.0 -0.12315
150.0 2850.0 0.21692
250.0 2850.0 0.54475
350.0 2850.0 0.91604
450.0 2850.0 1.24890
550.0 2850.0 1.43262
650.0 2850.0 1.40382
750.0 2850.0 1.18090
850.0 2850.0 0.85690
950.0 2850.0 0.55067
1050.0 2850.0 0.31615
1150.0 2850.0 0.00337
1250.0 2850.0 -0.53966
1350.0 2850.0 -1.18821
1450.0 2850.0 -1.70866
1550.0 2850.0 -1.90985
1650.0 2850.0 -1.72652
1750.0 2850.0 -1.23480
1850.0 2850.0 -0.59991
1950.0 2850.0 0.04155
2050.0 2850.0 0.55237
2150.0 2850.0 0.72200
2250.0 2850.0 0.51773
2350.0 2850.0 0.05713
2450.0 2850.0 -0.45577
2550.0 2850.0 -0.79881
2650.0 2850.0 -0.80440
2750.0 2850.0 -0.43683
2850.0 2850.0 0.13142
2950.0 2850.0 0.64386
3050.0 2850.0 0.97084
3150.0 2850.0 1.05545
3250.0 2850.0 0.92217
3350.0 2850.0 0.67078
3450.0 2850.0 0.44718
3550.0 2850.0 0.39106
3650.0 2850.0 0.56049
3750.0 2850.0 0.83749
3850.0 2850.0 0.97986
3950.0 2850.0 0.89652
4050.0 2850.0 0.64710
4150.0 2850.0 0.36268
4250.0 2850.0 0.18234
4350.0 2850.0 0.20617
4450.0 2850.0 0.46456
4550.0 2850.0 0.90397
4650.0 2850.0 1.40634
4750.0 2850.0 1.91658
4850.0 2850.0 2.33041
4950.0 2850.0 2.50928
5050.0 2850.0 2.38159
5150.0 2850.0 1.98919
5250.0 2850.0 1.47806
5350.0 2850.0 1.03303
5450.0 2850.0 0.75658
5550.0 2850.0 0.58635
5650.0 2850.0 0.63762
5750.0 2850.0 0.94468
5850.0 2850.0 1.38379
5950.0 2850.0 1.77708
6050.0 2850.0 1.96972
6150.0 2850.0 1.87981
6250.0 2850.0 1.52109
6350.0 2850.0 0.99844
50.0 2950.0 0.02953
150.0 2950.0 0.36904
250.0 2950.0 0.68741
350.0 2950.0 1.04583
450.0 2950.0 1.36231
550.0 2950.0 1.52800
650.0 2950.0 1.48197
750.0 2950.0 1.24472
850.0 2950.0 0.91037
950.0 2950.0 0.59746
1050.0 2950.0 0.35839
1150.0 2950.0 0.05016
1250.0 2950.0 -0.46570
1350.0 2950.0 -1.07422
1450.0 2950.0 -1.56231
1550.0 2950.0 -1.75683
1650.0 2950.0 -1.60034
1750.0 2950.0 -1.16458
1850.0 2950.0 -0.60162
1950.0 2950.0 -0.03526
2050.0 2950.0 0.40841
2150.0 2950.0 0.53533
2250.0 2950.0 0.32056
2350.0 2950.0 -0.12183
2450.0 2950.0 -0.60113
2550.0 2950.0 -0.91431
2650.0 2950.0 -0.91221
2750.0 2950.0 -0.56771
2850.0 2950.0 -0.04046
2950.0 2950.0 0.45153
3050.0 2950.0 0.80461
3150.0 2950.0 0.96037
3250.0 2950.0 0.92371
3350.0 2950.0 0.76644
3450.0 2950.0 0.60748
3550.0 2950.0 0.56933
3650.0 2950.0 0.71119
3750.0 2950.0 0.94424
3850.0 2950.0 1.09557
3950.0 2950.0 1.11171
4050.0 2950.0 1.03412
4150.0 2950.0 0.94591
4250.0 2950.0 0.93116
4350.0 2950.0 1.04627
4450.0 2950.0 1.30321
4550.0 2950.0 1.66489
4650.0 2950.0 2.05871
4750.0 2950.0 2.42206
4850.0 2950.0 2.65384
4950.0 2950.0 2.65583
5050.0 2950.0 2.39956
5150.0 2950.0 1.95101
5250.0 2950.0 1.45257
5350.0 2950.0 1.06227
5450.0 2950.0 0.85031
5550.0 2950.0 0.74275
5650.0 2950.0 0.85621
5750.0 2950.0 1.22513
5850.0 2950.0 1.72627
5950.0 2950.0 2.18226
6050.0 2950.0 2.43847
6150.0 2950.0 2.41292
6250.0 2950.0 2.11896
6350.0 2950.0 1.66112
50.0 3050.0 0.14724
150.0 3050.0 0.47691
250.0 3050.0 0.77853
350.0 3050.0 1.11091
450.0 3050.0 1.39098
550.0 3050.0 1.51410
650.0 3050.0 1.42577
750.0 3050.0 1.15267
850.0 3050.0 0.79282
950.0 3050.0 0.46511
1050.0 3050.0 0.21791
1150.0 3050.0 -0.07703
1250.0 3050.0 -0.52289
1350.0 3050.0 -1.01833
1450.0 3050.0 -1.39123
1550.0 3050.0 -1.51035
1650.0 3050.0 -1.34408
1750.0 3050.0 -0.96642
1850.0 3050.0 -0.51001
1950.0 3050.0 -0.06876
2050.0 3050.0 0.26190
2150.0 3050.0 0.31710
2250.0 3050.0 0.08499
2350.0 3050.0 -0.32630
2450.0 3050.0 -0.74859
2550.0 3050.0 -1.01112
2650.0 3050.0 -0.99582
2750.0 3050.0 -0.69009
2850.0 3050.0 -0.23247
2950.0 3050.0 0.20860
3050.0 3050.0 0.55471
3150.0 3050.0 0.74523
3250.0 3050.0 0.76589
3350.0 3050.0 0.66199
3450.0 3050.0 0.52742
3550.0 3050.0 0.46939
3650.0 3050.0 0.54893
3750.0 3050.0 0.70667
3850.0 3050.0 0.86047
3950.0 3050.0 1.00985
4050.0 3050.0 1.16723
4150.0 3050.0 1.34423
4250.0 3050.0 1.54513
4350.0 3050.0 1.76491
4450.0 3050.0 1.99194
4550.0 3050.0 2.21529
4650.0 3050.0 2.42762
4750.0 3050.0 2.55780
4850.0 3050.0 2.51766
4950.0 3050.0 2.27414
5050.0 3050.0 1.86217
5150.0 3050.0 1.37633
5250.0 3050.0 0.94208
5350.0 3050.0 0.66645
5450.0 3050.0 0.56814
5550.0 3050.0 0.56413
5650.0 3050.0 0.76761
5750.0 3050.0 1.20808
5850.0 3050.0 1.76649
5950.0 3050.0 2.27490
6050.0 3050.0 2.58956
6150.0 3050.0 2.63735
6250.0 3050.0 2.43533
6350.0 3050.0 2.08356
50.0 3150.0 0.19028
150.0 3150.0 0.50191
250.0 3150.0 0.78310
350.0 3150.0 1.08536
450.0 3150.0 1.32472
550.0 3150.0 1.40123
650.0 3150.0 1.26721
750.0 3150.0 0.95561
850.0 3150.0 0.56824
950.0 3150.0 0.22396
1050.0 3150.0 -0.03310
1150.0 3150.0 -0.30920
1250.0 3150.0 -0.65792
1350.0 3150.0 -0.99376
1450.0 3150.0 -1.19826
1550.0 3150.0 -1.19709
1650.0 3150.0 -0.99601
1750.0 3150.0 -0.67582
1850.0 3150.0 -0.34606
1950.0 3150.0 -0.06001
2050.0 3150.0 0.13109
2150.0 3150.0 0.10109
2250.0 3150.0 -0.14536
2350.0 3150.0 -0.50866
2450.0 3150.0 -0.85041
2550.0 3150.0 -1.04198
2650.0 3150.0 -1.00530
2750.0 3150.0 -0.74604
2850.0 3150.0 -0.37529
2950.0 3150.0 -0.00621
3050.0 3150.0 0.30471
3150.0 3150.0 0.49426
3250.0 3150.0 0.53147
3350.0 3150.0 0.43933
3450.0 3150.0 0.29121
3550.0 3150.0 0.18233
3650.0 3150.0 0.17600
3750.0 3150.0 0.23880
3850.0 3150.0 0.38128
3950.0 3150.0 0.65738
4050.0 3150.0 1.04523
4150.0 3150.0 1.47801
4250.0 3150.0 1.87524
4350.0 3150.0 2.16934
4450.0 3150.0 2.32775
4550.0 3150.0 2.37038
4650.0 3150.0 2.35837
4750.0 3150.0 2.21613
4850.0 3150.0 1.88095
4950.0 3150.0 1.39759
5050.0 3150.0 0.86820
5150.0 3150.0 0.40791
5250.0 3150.0 0.10747
5350.0 3150.0 0.00291
5450.0 3150.0 0.05244
5550.0 3150.0 0.17482
5650.0 3150.0 0.47160
5750.0 3150.0 0.95944
5850.0 3150.0 1.52883
5950.0 3150.0 2.03453
6050.0 3150.0 2.35979
6150.0 3150.0 2.45414
6250.0 3150.0 2.34470
6350.0 3150.0 2.12108
50.0 3250.0 0.14591
150.0 3250.0 0.43520
250.0 3250.0 0.69708
350.0 3250.0 0.97540
450.0 3250.0 1.18661
550.0 3250.0 1.23385
650.0 3250.0 1.07303
750.0 3250.0 0.73964
850.0 3250.0 0.33621
950.0 3250.0 -0.01955
1050.0 3250.0 -0.28582
1150.0 3250.0 -0.54253
1250.0 3250.0 -0.79172
1350.0 3250.0 -0.96352
1450.0 3250.0 -0.99379
1550.0 3250.0 -0.86629
1650.0 3250.0 -0.62539
1750.0 3250.0 -0.35954
1850.0 3250.0 -0.15540
1950.0 3250.0 -0.02474
2050.0 3250.0 0.02831
2150.0 3250.0 -0.08052
2250.0 3250.0 -0.32977
2350.0 3250.0 -0.63012
2450.0 3250.0 -0.87593
2550.0 3250.0 -0.98373
2650.0 3250.0 -0.91770
2750.0 3250.0 -0.70216
2850.0 3250.0 -0.41847
2950.0 3250.0 -0.12591
3050.0 3250.0 0.13617
3150.0 3250.0 0.30207
3250.0 3250.0 0.32781
3350.0 3250.0 0.21943
3450.0 3250.0 0.03523
3550.0 3250.0 -0.13797
3650.0 3250.0 -0.23458
3750.0 3250.0 -0.26809
3850.0 3250.0 -0.15306
3950.0 3250.0 0.20626
4050.0 3250.0 0.75565
4150.0 3250.0 1.36156
4250.0 3250.0 1.87486
4350.0 3250.0 2.18085
4450.0 3250.0 2.23540
4550.0 3250.0 2.08740
4650.0 3250.0 1.85246
4750.0 3250.0 1.45800
4850.0 3250.0 0.87786
4950.0 3250.0 0.23077
5050.0 3250.0 -0.32727
5150.0 3250.0 -0.67808
5250.0 3250.0 -0.78169
5350.0 3250.0 -0.68182
5450.0 3250.0 -0.47674
5550.0 3250.0 -0.23067
5650.0 3250.0 0.13759
5750.0 3250.0 0.62401
5850.0 3250.0 1.13366
5950.0 3250.0 1.55698
6050.0 3250.0 1.81999
6150.0 3250.0 1.90851
6250.0 3250.0 1.86619
6350.0 3250.0 1.76644
50.0 3350.0 0.03544
150.0 3350.0 0.30365
250.0 3350.0 0.55169
350.0 3350.0 0.82011
450.0 3350.0 1.02767
550.0 3350.0 1.07761
650.0 3350.0 0.92381
750.0 3350.0 0.59814
850.0 3350.0 0.19915
950.0 3350.0 -0.15815
1050.0 3350.0 -0.43086
1150.0 3350.0 -0.67286
1250.0 3350.0 -0.84578
1350.0 3350.0 -0.89283
1450.0 3350.0 -0.79267
1550.0 3350.0 -0.57398
1650.0 3350.0 -0.31018
1750.0 3350.0 -0.09428
1850.0 3350.0 0.00600
1950.0 3350.0 0.01102
2050.0 3350.0 -0.04500
2150.0 3350.0 -0.20897
2250.0 3350.0 -0.44542
2350.0 3350.0 -0.67567
2450.0 3350.0 -0.82421
2550.0 3350.0 -0.84794
2650.0 3350.0 -0.74792
2750.0 3350.0 -0.56394
2850.0 3350.0 -0.35036
2950.0 3350.0 -0.12062
3050.0 3350.0 0.09885
3150.0 3350.0 0.24032
3250.0 3350.0 0.25018
3350.0 3350.0 0.12209
3450.0 3350.0 -0.09654
3550.0 3350.0 -0.32480
3650.0 3350.0 -0.49530
3750.0 3350.0 -0.60769
3850.0 3350.0 -0.53230
3950.0 3350.0 -0.15330
4050.0 3350.0 0.45120
4150.0 3350.0 1.10660
4250.0 3350.0 1.62609
4350.0 3350.0 1.87375
4450.0 3350.0 1.80640
4550.0 3350.0 1.49420
4650.0 3350.0 1.08141
4750.0 3350.0 0.50649
4850.0 3350.0 -0.21495
4950.0 3350.0 -0.90887
5050.0 3350.0 -1.39090
5150.0 3350.0 -1.55997
5250.0 3350.0 -1.43480
5350.0 3350.0 -1.13318
5450.0 3350.0 -0.79428
5550.0 3350.0 -0.45168
5650.0 3350.0 -0.05034
5750.0 3350.0 0.38027
5850.0 3350.0 0.76262
5950.0 3350.0 1.03033
6050.0 3350.0 1.16161
6150.0 3350.0 1.18675
6250.0 3350.0 1.16993
6350.0 3350.0 1.16505
50.0 3450.0 -0.09560
150.0 3450.0 0.15807
250.0 3450.0 0.40025
350.0 3450.0 0.67587
450.0 3450.0 0.90777
550.0 3450.0 0.99595
650.0 3450.0 0.88620
750.0 3450.0 0.60039
850.0 3450.0 0.22823
950.0 3450.0 -0.11923
1050.0 3450.0 -0.39441
1150.0 3450.0 -0.63007
1250.0 3450.0 -0.76801
1350.0 3450.0 -0.76048
1450.0 3450.0 -0.60895
1550.0 3450.0 -0.36393
1650.0 3450.0 -0.11063
1750.0 3450.0 0.05945
1850.0 3450.0 0.09110
1950.0 3450.0 0.02035
2050.0 3450.0 -0.09796
2150.0 3450.0 -0.28402
2250.0 3450.0 -0.49352
2350.0 3450.0 -0.65704
2450.0 3450.0 -0.72194
2550.0 3450.0 -0.67424
2650.0 3450.0 -0.54066
2750.0 3450.0 -0.37082
2850.0 3450.0 -0.19885
2950.0 3450.0 -0.00437
3050.0 3450.0 0.19687
3150.0 3450.0 0.33589
3250.0 3450.0 0.35133
3350.0 3450.0 0.22648
3450.0 3450.0 -0.00068
3550.0 3450.0 -0.25474
3650.0 3450.0 -0.46720
3750.0 3450.0 -0.62801
3850.0 3450.0 -0.59602
3950.0 3450.0 -0.25870
4050.0 3450.0 0.29405
4150.0 3450.0 0.87747
4250.0 3450.0 1.30216
4350.0 3450.0 1.43845
4450.0 3450.0 1.25525
4550.0 3450.0 0.83311
4650.0 3450.0 0.31627
4750.0 3450.0 -0.34009
4850.0 3450.0 -1.08122
4950.0 3450.0 -1.70503
5050.0 3450.0 -2.02755
5150.0 3450.0 -1.98043
5250.0 3450.0 -1.63791
5350.0 3450.0 -1.17326
5450.0 3450.0 -0.74475
5550.0 3450.0 -0.34819
5650.0 3450.0 0.04455
5750.0 3450.0 0.37868
5850.0 3450.0 0.59357
5950.0 3450.0 0.66535
6050.0 3450.0 0.62374
6150.0 3450.0 0.54325
6250.0 3450.0 0.50860
6350.0 3450.0 0.55462
50.0 3550.0 -0.20411
150.0 3550.0 0.04372
250.0 3550.0 0.28753
350.0 3550.0 0.58448
450.0 3550.0 0.86267
550.0 3550.0 1.01626
650.0 3550.0 0.97850
750.0 3550.0 0.75660
850.0 3550.0 0.42816
950.0 3550.0 0.09945
1050.0 3550.0 -0.17452
1150.0 3550.0 -0.41254
1250.0 3550.0 -0.55821
1350.0 3550.0 -0.56890
1450.0 3550.0 -0.44843
1550.0 3550.0 -0.24529
1650.0 3550.0 -0.03860
1750.0 3550.0 0.08826
1850.0 3550.0 0.08624
1950.0 3550.0 -0.01003
2050.0 3550.0 -0.14429
2150.0 3550.0 -0.32236
2250.0 3550.0 -0.49636
2350.0 3550.0 -0.60396
2450.0 3550.0 -0.60653
2550.0 3550.0 -0.50644
2650.0 3550.0 -0.34369
2750.0 3550.0 -0.17181
2850.0 3550.0 -0.01270
2950.0 3550.0 0.17651
3050.0 3550.0 0.39080
3150.0 3550.0 0.56068
3250.0 3550.0 0.61713
3350.0 3550.0 0.53246
3450.0 3550.0 0.33396
3550.0 3550.0 0.09022
3650.0 3550.0 -0.12992
3750.0 3550.0 -0.30781
3850.0 3550.0 -0.31504
3950.0 3550.0 -0.05961
4050.0 3550.0 0.36793
4150.0 3550.0 0.79805
4250.0 3550.0 1.06600
4350.0 3550.0 1.06842
4450.0 3550.0 0.79291
4550.0 3550.0 0.32032
4650.0 3550.0 -0.22704
4750.0 3550.0 -0.87520
4850.0 3550.0 -1.53842
4950.0 3550.0 -2.01212
5050.0 3550.0 -2.13501
5150.0 3550.0 -1.87851
5250.0 3550.0 -1.36132
5350.0 3550.0 -0.78908
5450.0 3550.0 -0.31926
5550.0 3550.0 0.08978
5650.0 3550.0 0.44278
5750.0 3550.0 0.66363
5850.0 3550.0 0.70562
5950.0 3550.0 0.58026
6050.0 3550.0 0.36040
6150.0 3550.0 0.15764
6250.0 3550.0 0.07417
6350.0 3550.0 0.12899
50.0 3650.0 -0.27573
150.0 3650.0 -0.03043
250.0 3650.0 0.21676
350.0 3650.0 0.53855
450.0 3650.0 0.86883
550.0 3650.0 1.09542
650.0 3650.0 1.13798
750.0 3650.0 0.98770
850.0 3650.0 0.70895
950.0 3650.0 0.40270
1050.0 3650.0 0.13199
1150.0 3650.0 -0.11204
1250.0 3650.0 -0.28515
1350.0 3650.0 -0.34822
1450.0 3650.0 -0.29795
1550.0 3650.0 -0.16962
1650.0 3650.0 -0.02762
1750.0 3650.0 0.05611
1850.0 3650.0 0.03594
1950.0 3650.0 -0.06288
2050.0 3650.0 -0.19203
2150.0 3650.0 -0.34911
2250.0 3650.0 -0.48543
2350.0 3650.0 -0.54483
2450.0 3650.0 -0.49835
2550.0 3650.0 -0.35828
2650.0 3650.0 -0.17154
2750.0 3650.0 0.00750
2850.0 3650.0 0.16524
2950.0 3650.0 0.36192
3050.0 3650.0 0.60422
3150.0 3650.0 0.82274
3250.0 3650.0 0.94045
3350.0 3650.0 0.91751
3450.0 3650.0 0.76881
3550.0 3650.0 0.55451
3650.0 3650.0 0.34319
3750.0 3650.0 0.16262
3850.0 3650.0 0.12056
3950.0 3650.0 0.28273
4050.0 3650.0 0.56293
4150.0 3650.0 0.81663
4250.0 3650.0 0.91354
4350.0 3650.0 0.78311
4450.0 3650.0 0.43282
4550.0 3650.0 -0.06056
4650.0 3650.0 -0.60424
4750.0 3650.0 -1.20485
4850.0 3650.0 -1.75084
4950.0 3650.0 -2.04653
5050.0 3650.0 -1.96198
5150.0 3650.0 -1.50950
5250.0 3650.0 -0.84508
5350.0 3650.0 -0.19493
5450.0 3650.0 0.29301
5550.0 3650.0 0.69563
5650.0 3650.0 0.99600
5750.0 3650.0 1.09930
5850.0 3650.0 0.97125
5950.0 3650.0 0.65472
6050.0 3650.0 0.26065
6150.0 3650.0 -0.06672
6250.0 3650.0 -0.20991
6350.0 3650.0 -0.16402
50.0 3750.0 -0.14492
150.0 3750.0 0.07671
250.0 3750.0 0.30302
350.0 3750.0 0.61633
450.0 3750.0 0.95914
550.0 3750.0 1.22114
650.0 3750.0 1.31611
750.0 3750.0 1.22316
850.0 3750.0 0.99225
950.0 3750.0 0.71400
1050.0 3750.0 0.45395
1150.0 3750.0 0.21113
1250.0 3750.0 0.01623
1350.0 3750.0 -0.09709
1450.0 3750.0 -0.11961
1550.0 3750.0 -0.07297
1650.0 3750.0 -0.00482
1750.0 3750.0 0.02738
1850.0 3750.0 -0.01620
1950.0 3750.0 -0.11996
2050.0 3750.0 -0.24415
2150.0 3750.0 -0.37814
2250.0 3750.0 -0.47730
2350.0 3750.0 -0.49694
2450.0 3750.0 -0.42030
2550.0 3750.0 -0.26803
2650.0 3750.0 -0.08914
2750.0 3750.0 0.06652
2850.0 3750.0 0.19493
2950.0 3750.0 0.37203
3050.0 3750.0 0.61979
3150.0 3750.0 0.87369
3250.0 3750.0 1.05101
3350.0 3750.0 1.09791
3450.0 3750.0 1.01132
3550.0 3750.0 0.83568
3650.0 3750.0 0.63454
3750.0 3750.0 0.44819
3850.0 3750.0 0.37427
3950.0 3750.0 0.45948
4050.0 3750.0 0.62353
4150.0 3750.0 0.74332
4250.0 3750.0 0.71554
4350.0 3750.0 0.49334
4450.0 3750.0 0.09677
4550.0 3750.0 -0.40287
4650.0 3750.0 -0.93350
4750.0 3750.0 -1.47371
4850.0 3750.0 -1.88524
4950.0 3750.0 -1.98372
5050.0 3750.0 -1.67399
5150.0 3750.0 -1.01197
5250.0 3750.0 -0.19214
5350.0 3750.0 0.53937
5450.0 3750.0 1.04619
5550.0 3750.0 1.43942
5650.0 3750.0 1.66535
5750.0 3750.0 1.60601
5850.0 3750.0 1.24840
5950.0 3750.0 0.68118
6050.0 3750.0 0.06728
6150.0 3750.0 -0.40739
6250.0 3750.0 -0.60899
6350.0 3750.0 -0.55462
50.0 3850.0 0.28366
150.0 3850.0 0.44169
250.0 3850.0 0.60161
350.0 3850.0 0.84503
450.0 3850.0 1.12866
550.0 3850.0 1.35907
650.0 3850.0 1.45808
750.0 3850.0 1.39918
850.0 3850.0 1.21508
950.0 3850.0 0.97628
1050.0 3850.0 0.74084
1150.0 3850.0 0.51431
1250.0 3850.0 0.31507
1350.0 3850.0 0.16807
1450.0 3850.0 0.08416
1550.0 3850.0 0.05275
1650.0 3850.0 0.04341
1750.0 3850.0 0.01632
1850.0 3850.0 -0.05838
1950.0 3850.0 -0.17290
2050.0 3850.0 -0.29313
2150.0 3850.0 -0.39843
2250.0 3850.0 -0.45694
2350.0 3850.0 -0.44624
2450.0 3850.0 -0.36798
2550.0 3850.0 -0.24993
2650.0 3850.0 -0.13535
2750.0 3850.0 -0.05975
2850.0 3850.0 -0.01405
2950.0 3850.0 0.09089
3050.0 3850.0 0.29822
3150.0 3850.0 0.55728
3250.0 3850.0 0.78467
3350.0 3850.0 0.91023
3450.0 3850.0 0.90341
3550.0 3850.0 0.78011
3650.0 3850.0 0.58983
3750.0 3850.0 0.39087
3850.0 3850.0 0.29154
3950.0 3850.0 0.33424
4050.0 3850.0 0.44722
4150.0 3850.0 0.52048
4250.0 3850.0 0.46182
4350.0 3850.0 0.22948
4450.0 3850.0 -0.15852
4550.0 3850.0 -0.63844
4650.0 3850.0 -1.14183
4750.0 3850.0 -1.61077
4850.0 3850.0 -1.88395
4950.0 3850.0 -1.79008
5050.0 3850.0 -1.26764
5150.0 3850.0 -0.41234
5250.0 3850.0 0.54823
5350.0 3850.0 1.35288
5450.0 3850.0 1.87785
5550.0 3850.0 2.25958
5650.0 3850.0 2.38675
5750.0 3850.0 2.11537
5850.0 3850.0 1.46685
5950.0 3850.0 0.59382
6050.0 3850.0 -0.27357
6150.0 3850.0 -0.90036
6250.0 3850.0 -1.13866
6350.0 3850.0 -1.03851
50.0 3950.0 0.87040
150.0 3950.0 0.92764
250.0 3950.0 0.97903
350.0 3950.0 1.09738
450.0 3950.0 1.25933
550.0 3950.0 1.40183
650.0 3950.0 1.46653
750.0 3950.0 1.42601
850.0 3950.0 1.29194
950.0 3950.0 1.10518
1050.0 3950.0 0.90765
1150.0 3950.0 0.71338
1250.0 3950.0 0.53424
1350.0 3950.0 0.38436
1450.0 3950.0 0.27001
1550.0 3950.0 0.18544
1650.0 3950.0 0.11359
1750.0 3950.0 0.03204
1850.0 3950.0 -0.07613
1950.0 3950.0 -0.20638
2050.0 3950.0 -0.32250
2150.0 3950.0 -0.39000
2250.0 3950.0 -0.39779
2350.0 3950.0 -0.35684
2450.0 3950.0 -0.29470
2550.0 3950.0 -0.24684
2650.0 3950.0 -0.24469
2750.0 3950.0 -0.30051
2850.0 3950.0 -0.38741
2950.0 3950.0 -0.40495
3050.0 3950.0 -0.28450
3150.0 3950.0 -0.05441
3250.0 3950.0 0.20686
3350.0 3950.0 0.41208
3450.0 3950.0 0.49578
3550.0 3950.0 0.43414
3650.0 3950.0 0.25425
3750.0 3950.0 0.03639
3850.0 3950.0 -0.08051
3950.0 3950.0 -0.04315
4050.0 3950.0 0.08742
4150.0 3950.0 0.20527
4250.0 3950.0 0.21257
4350.0 3950.0 0.05351
4450.0 3950.0 -0.27066
4550.0 3950.0 -0.70551
4650.0 3950.0 -1.16990
4750.0 3950.0 -1.57348
4850.0 3950.0 -1.74387
4950.0 3950.0 -1.52146
5050.0 3950.0 -0.86682
5150.0 3950.0 0.10172
5250.0 3950.0 1.14083
5350.0 3950.0 1.98541
5450.0 3950.0 2.52213
5550.0 3950.0 2.89363
5650.0 3950.0 2.92326
5750.0 3950.0 2.44687
5850.0 3950.0 1.52707
5950.0 3950.0 0.38339
6050.0 3950.0 -0.68964
6150.0 3950.0 -1.41592
6250.0 3950.0 -1.64267
6350.0 3950.0 -1.45687
50.0 4050.0 1.39155
150.0 4050.0 1.32784
250.0 4050.0 1.24817
350.0 4050.0 1.21414
450.0 4050.0 1.22603
550.0 4050.0 1.25783
650.0 4050.0 1.27596
750.0 4050.0 1.25295
850.0 4050.0 1.17600
950.0 4050.0 1.05050
1050.0 4050.0 0.89847
1150.0 4050.0 0.74759
1250.0 4050.0 0.61218
1350.0 4050.0 0.49556
1450.0 4050.0 0.39339
1550.0 4050.0 0.29638
1650.0 4050.0 0.19346
1750.0 4050.0 0.07536
1850.0 4050.0 -0.06139
1950.0 4050.0 -0.20949
2050.0 4050.0 -0.32009
2150.0 4050.0 -0.33992
2250.0 4050.0 -0.28287
2350.0 4050.0 -0.20068
2450.0 4050.0 -0.15302
2550.0 4050.0 -0.18562
2650.0 4050.0 -0.31636
2750.0 4050.0 -0.52956
2850.0 4050.0 -0.77627
2950.0 4050.0 -0.94527
3050.0 4050.0 -0.94153
3150.0 4050.0 -0.76650
3250.0 4050.0 -0.48936
3350.0 4050.0 -0.21308
3450.0 4050.0 -0.04036
3550.0 4050.0 -0.03959
3650.0 4050.0 -0.21073
3750.0 4050.0 -0.45085
3850.0 4050.0 -0.57874
3950.0 4050.0 -0.52015
4050.0 4050.0 -0.32455
4150.0 4050.0 -0.10042
4250.0 4050.0 0.03729
4350.0 4050.0 0.00603
4450.0 4050.0 -0.21909
4550.0 4050.0 -0.59363
4650.0 4050.0 -1.01457
4750.0 4050.0 -1.37634
4850.0 4050.0 -1.51292
4950.0 4050.0 -1.27173
5050.0 4050.0 -0.61589
5150.0 4050.0 0.34018
5250.0 4050.0 1.36248
5350.0 4050.0 2.19663
5450.0 4050.0 2.73437
5550.0 4050.0 3.10043
5650.0 4050.0 3.06349
5750.0 4050.0 2.45319
5850.0 4050.0 1.37015
5950.0 4050.0 0.08469
6050.0 4050.0 -1.06756
6150.0 4050.0 -1.79234
6250.0 4050.0 -1.94585
6350.0 4050.0 -1.64628
50.0 4150.0 1.65388
150.0 4150.0 1.47269
250.0 4150.0 1.26638
350.0 4150.0 1.08926
450.0 4150.0 0.96575
550.0 4150.0 0.90455
650.0 4150.0 0.89345
750.0 4150.0 0.90173
850.0 4150.0 0.89016
950.0 4150.0 0.82866
1050.0 4150.0 0.72152
1150.0 4150.0 0.61649
1250.0 4150.0 0.53928
1350.0 4150.0 0.48449
1450.0 4150.0 0.43328
1550.0 4150.0 0.36550
1650.0 4150.0 0.26774
1750.0 4150.0 0.13731
1850.0 4150.0 -0.01787
1950.0 4150.0 -0.18246
2050.0 4150.0 -0.28536
2150.0 4150.0 -0.25044
2250.0 4150.0 -0.11549
2350.0 4150.0 0.02576
2450.0 4150.0 0.07872
2550.0 4150.0 -0.01610
2650.0 4150.0 -0.26616
2750.0 4150.0 -0.62897
2850.0 4150.0 -1.03115
2950.0 4150.0 -1.34968
3050.0 4150.0 -1.46588
3150.0 4150.0 -1.35496
3250.0 4150.0 -1.07540
3350.0 4150.0 -0.74291
3450.0 4150.0 -0.49392
3550.0 4150.0 -0.43858
3650.0 4150.0 -0.60316
3750.0 4150.0 -0.86483
3850.0 4150.0 -1.00069
3950.0 4150.0 -0.91397
4050.0 4150.0 -0.64323
4150.0 4150.0 -0.30144
4250.0 4150.0 -0.02300
4350.0 4150.0 0.08085
4450.0 4150.0 -0.04184
4550.0 4150.0 -0.35603
4650.0 4150.0 -0.73767
4750.0 4150.0 -1.08989
4850.0 4150.0 -1.26957
4950.0 4150.0 -1.12501
5050.0 4150.0 -0.60148
5150.0 4150.0 0.21674
5250.0 4150.0 1.12861
5350.0 4150.0 1.90317
5450.0 4150.0 2.43081
5550.0 4150.0 2.79793
5650.0 4150.0 2.74321
5750.0 4150.0 2.10691
5850.0 4150.0 1.01596
5950.0 4150.0 -0.23742
6050.0 4150.0 -1.31119
6150.0 4150.0 -1.92242
6250.0 4150.0 -1.94982
6350.0 4150.0 -1.52970
50.0 4250.0 1.56333
150.0 4250.0 1.29061
250.0 4250.0 0.98758
350.0 4250.0 0.71004
450.0 4250.0 0.50353
550.0 4250.0 0.40103
650.0 4250.0 0.40113
750.0 4250.0 0.46387
850.0 4250.0 0.52395
950.0 4250.0 0.52156
1050.0 4250.0 0.45062
1150.0 4250.0 0.38424
1250.0 4250.0 0.36481
1350.0 4250.0 0.38156
1450.0 4250.0 0.40108
1550.0 4250.0 0.38884
1650.0 4250.0 0.32318
1750.0 4250.0 0.20157
1850.0 4250.0 0.03945
1950.0 4250.0 -0.13726
2050.0 4250.0 -0.23039
2150.0 4250.0 -0.13919
2250.0 4250.0 0.08050
2350.0 4250.0 0.29857
2450.0 4250.0 0.38724
2550.0 4250.0 0.27008
2650.0 4250.0 -0.05665
2750.0 4250.0 -0.53025
2850.0 4250.0 -1.05340
2950.0 4250.0 -1.48905
3050.0 4250.0 -1.70027
3150.0 4250.0 -1.64179
3250.0 4250.0 -1.36334
3350.0 4250.0 -0.98999
3450.0 4250.0 -0.68393
3550.0 4250.0 -0.58744
3650.0 4250.0 -0.74736
3750.0 4250.0 -1.02608
3850.0 4250.0 -1.17164
3950.0 4250.0 -1.07245
4050.0 4250.0 -0.75810
4150.0 4250.0 -0.34253
4250.0 4250.0 0.02823
4350.0 4250.0 0.22394
4450.0 4250.0 0.17357
4550.0 4250.0 -0.09560
4650.0 4250.0 -0.44916
4750.0 4250.0 -0.82033
4850.0 4250.0 -1.09795
4950.0 4250.0 -1.12603
5050.0 4250.0 -0.81866
5150.0 4250.0 -0.21437
5250.0 4250.0 0.53173
5350.0 4250.0 1.21796
5450.0 4250.0 1.72834
5550.0 4250.0 2.10221
5650.0 4250.0 2.07742
5750.0 4250.0 1.51808
5850.0 4250.0 0.56164
5950.0 4250.0 -0.50825
6050.0 4250.0 -1.37584
6150.0 4250.0 -1.79412
6250.0 4250.0 -1.67211
6350.0 4250.0 -1.14883
50.0 4350.0 1.14743
150.0 4350.0 0.82293
250.0 4350.0 0.46852
350.0 4350.0 0.15217
450.0 4350.0 -0.06491
550.0 4350.0 -0.14056
650.0 4350.0 -0.07947
750.0 4350.0 0.06236
850.0 4350.0 0.19613
950.0 4350.0 0.24192
1050.0 4350.0 0.19338
1150.0 4350.0 0.15111
1250.0 4350.0 0.17408
1350.0 4350.0 0.24960
1450.0 4350.0 0.33346
1550.0 4350.0 0.37837
1650.0 4350.0 0.35289
1750.0 4350.0 0.25075
1850.0 4350.0 0.09056
1950.0 4350.0 -0.09240
2050.0 4350.0 -0.17449
2150.0 4350.0 -0.03166
2250.0 4350.0 0.27098
2350.0 4350.0 0.57737
2450.0 4350.0 0.73232
2550.0 4350.0 0.64077
2650.0 4350.0 0.29462
2750.0 4350.0 -0.23299
2850.0 4350.0 -0.82400
2950.0 4350.0 -1.32476
3050.0 4350.0 -1.58623
3150.0 4350.0 -1.55157
3250.0 4350.0 -1.26651
3350.0 4350.0 -0.86283
3450.0 4350.0 -0.51868
3550.0 4350.0 -0.39547
3650.0 4350.0 -0.55166
3750.0 4350.0 -0.84064
3850.0 4350.0 -1.00186
3950.0 4350.0 -0.92328
4050.0 4350.0 -0.62812
4150.0 4350.0 -0.22339
4250.0 4350.0 0.14863
4350.0 4350.0 0.35675
4450.0 4350.0 0.32511
4550.0 4350.0 0.07539
4650.0 4350.0 -0.26459
4750.0 4350.0 -0.66942
4850.0 4350.0 -1.05838
4950.0 4350.0 -1.26867
5050.0 4350.0 -1.18180
5150.0 4350.0 -0.79101
5250.0 4350.0 -0.20791
5350.0 4350.0 0.39198
5450.0 4350.0 0.88444
5550.0 4350.0 1.26795
5650.0 4350.0 1.30310
5750.0 4350.0 0.88278
5850.0 4350.0 0.14055
5950.0 4350.0 -0.66993
6050.0 4350.0 -1.27859
6150.0 4350.0 -1.48524
6250.0 4350.0 -1.22861
6350.0 4350.0 -0.63804
50.0 4450.0 0.53171
150.0 4450.0 0.19263
250.0 4450.0 -0.17089
350.0 4450.0 -0.47014
450.0 4450.0 -0.63374
550.0 4450.0 -0.62407
650.0 4450.0 -0.46127
750.0 4450.0 -0.22256
850.0 4450.0 -0.01687
950.0 4450.0 0.06517
1050.0 4450.0 0.02583
1150.0 4450.0 -0.00766
1250.0 4450.0 0.03611
1350.0 4450.0 0.14496
1450.0 4450.0 0.26926
1550.0 4450.0 0.35391
1650.0 4450.0 0.36004
1750.0 4450.0 0.27673
1850.0 4450.0 0.12250
1950.0 4450.0 -0.06157
2050.0 4450.0 -0.13239
2150.0 4450.0 0.05431
2250.0 4450.0 0.43218
2350.0 4450.0 0.83002
2450.0 4450.0 1.07208
2550.0 4450.0 1.04468
2650.0 4450.0 0.72882
2750.0 4450.0 0.19910
2850.0 4450.0 -0.40992
2950.0 4450.0 -0.92590
3050.0 4450.0 -1.19243
3150.0 4450.0 -1.14952
3250.0 4450.0 -0.84420
3350.0 4450.0 -0.41372
3450.0 4450.0 -0.04421
3550.0 4450.0 0.09519
3650.0 4450.0 -0.05719
3750.0 4450.0 -0.35010
3850.0 4450.0 -0.53418
3950.0 4450.0 -0.51163
4050.0 4450.0 -0.30157
4150.0 4450.0 0.00453
4250.0 4450.0 0.28420
4350.0 4450.0 0.42383
4450.0 4450.0 0.35709
4550.0 4450.0 0.10186
4650.0 4450.0 -0.23682
4750.0 4450.0 -0.67499
4850.0 4450.0 -1.15336
4950.0 4450.0 -1.50269
5050.0 4450.0 -1.57977
5150.0 4450.0 -1.34503
5250.0 4450.0 -0.87959
5350.0 4450.0 -0.34173
5450.0 4450.0 0.13721
5550.0 4450.0 0.53023
5650.0 4450.0 0.63242
5750.0 4450.0 0.36259
5850.0 4450.0 -0.15830
5950.0 4450.0 -0.71442
6050.0 4450.0 -1.08440
6150.0 4450.0 -1.11216
6250.0 4450.0 -0.75942
6350.0 4450.0 -0.13967
50.0 4550.0 -0.14661
150.0 4550.0 -0.48281
250.0 4550.0 -0.83635
350.0 4550.0 -1.09570
450.0 4550.0 -1.18205
550.0 4550.0 -1.06729
650.0 4550.0 -0.79080
750.0 4550.0 -0.45174
850.0 4550.0 -0.17670
950.0 4550.0 -0.06277
1050.0 4550.0 -0.09619
1150.0 4550.0 -0.12497
1250.0 4550.0 -0.06800
1350.0 4550.0 0.06317
1450.0 4550.0 0.21541
1550.0 4550.0 0.32814
1650.0 4550.0 0.35713
1750.0 4550.0 0.28780
1850.0 4550.0 0.13822
1950.0 4550.0 -0.04645
2050.0 4550.0 -0.10771
2150.0 4550.0 0.11736
2250.0 4550.0 0.56525
2350.0 4550.0 1.05489
2450.0 4550.0 1.39334
2550.0 4550.0 1.44810
2650.0 4550.0 1.18596
2750.0 4550.0 0.67839
2850.0 4550.0 0.07440
2950.0 4550.0 -0.43568
3050.0 4550.0 -0.69203
3150.0 4550.0 -0.63458
3250.0 4550.0 -0.31200
3350.0 4550.0 0.13595
3450.0 4550.0 0.52050
3550.0 4550.0 0.67070
3650.0 4550.0 0.52480
3750.0 4550.0 0.23470
3850.0 4550.0 0.02863
3950.0 4550.0 -0.01630
4050.0 4550.0 0.08407
4150.0 4550.0 0.25761
4250.0 4550.0 0.40868
4350.0 4550.0 0.44927
4450.0 4550.0 0.32867
4550.0 4550.0 0.06168
4650.0 4550.0 -0.27602
4750.0 4550.0 -0.73881
4850.0 4550.0 -1.28375
4950.0 4550.0 -1.73730
5050.0 4550.0 -1.93815
5150.0 4550.0 -1.82224
5250.0 4550.0 -1.44756
5350.0 4550.0 -0.95893
5450.0 4550.0 -0.49262
5550.0 4550.0 -0.09275
5650.0 4550.0 0.07200
5750.0 4550.0 -0.05707
5850.0 4550.0 -0.37413
5950.0 4550.0 -0.70126
6050.0 4550.0 -0.86295
6150.0 4550.0 -0.74240
6250.0 4550.0 -0.31950
6350.0 4550.0 0.30928
50.0 4650.0 -0.88981
150.0 4650.0 -1.18952
250.0 4650.0 -1.50205
350.0 4650.0 -1.70314
450.0 4650.0 -1.71225
550.0 4650.0 -1.50944
650.0 4650.0 -1.14618
750.0 4650.0 -0.73290
850.0 4650.0 -0.40306
950.0 4650.0 -0.25395
1050.0 4650.0 -0.26410
1150.0 4650.0 -0.26745
1250.0 4650.0 -0.17580
1350.0 4650.0 -0.00590
1450.0 4650.0 0.17957
1550.0 4650.0 0.31229
1650.0 4650.0 0.34550
1750.0 4650.0 0.26793
1850.0 4650.0 0.10450
1950.0 4650.0 -0.09410
2050.0 4650.0 -0.16266
2150.0 4650.0 0.07876
2250.0 4650.0 0.57964
2350.0 4650.0 1.16045
2450.0 4650.0 1.61668
2550.0 4650.0 1.79406
2650.0 4650.0 1.63512
2750.0 4650.0 1.19689
2850.0 4650.0 0.63922
2950.0 4650.0 0.15589
3050.0 4650.0 -0.11230
3150.0 4650.0 -0.10425
3250.0 4650.0 0.14742
3350.0 4650.0 0.52605
3450.0 4650.0 0.86540
3550.0 4650.0 1.00903
3650.0 4650.0 0.89445
3750.0 4650.0 0.65056
3850.0 4650.0 0.46186
3950.0 4650.0 0.37945
4050.0 4650.0 0.39008
4150.0 4650.0 0.44396
4250.0 4650.0 0.47760
4350.0 4650.0 0.43469
4450.0 4650.0 0.28481
4550.0 4650.0 0.04016
4650.0 4650.0 -0.25699
4750.0 4650.0 -0.69177
4850.0 4650.0 -1.23863
4950.0 4650.0 -1.73346
5050.0 4650.0 -2.01161
5150.0 4650.0 -1.99273
5250.0 4650.0 -1.71051
5350.0 4650.0 -1.28718
5450.0 4650.0 -0.85296
5550.0 4650.0 -0.46542
5650.0 4650.0 -0.26088
5750.0 4650.0 -0.28113
5850.0 4650.0 -0.43932
5950.0 4650.0 -0.59504
6050.0 4650.0 -0.61363
6150.0 4650.0 -0.40941
6250.0 4650.0 0.02718
6350.0 4650.0 0.61843
50.0 4750.0 -1.59347
150.0 4750.0 -1.80241
250.0 4750.0 -2.02514
350.0 4750.0 -2.14532
450.0 4750.0 -2.09130
550.0 4750.0 -1.84732
650.0 4750.0 -1.46169
750.0 4750.0 -1.03469
850.0 4750.0 -0.68600
950.0 4750.0 -0.50169
1050.0 4750.0 -0.46097
1150.0 4750.0 -0.40544
1250.0 4750.0 -0.24565
1350.0 4750.0 -0.01324
1450.0 4750.0 0.21012
1550.0 4750.0 0.34542
1650.0 4750.0 0.34892
1750.0 4750.0 0.22454
1850.0 4750.0 0.01617
1950.0 4750.0 -0.21822
2050.0 4750.0 -0.32512
2150.0 4750.0 -0.11611
2250.0 4750.0 0.38705
2350.0 4750.0 1.02837
2450.0 4750.0 1.60651
2550.0 4750.0 1.94662
2650.0 4750.0 1.95500
2750.0 4750.0 1.65661
2850.0 4750.0 1.21162
2950.0 4750.0 0.79180
3050.0 4750.0 0.48590
3150.0 4750.0 0.35758
3250.0 4750.0 0.41626
3350.0 4750.0 0.60590
3450.0 4750.0 0.81941
3550.0 4750.0 0.93845
3650.0 4750.0 0.89882
3750.0 4750.0 0.77170
3850.0 4750.0 0.66486
3950.0 4750.0 0.59523
4050.0 4750.0 0.55110
4150.0 4750.0 0.50936
4250.0 4750.0 0.44682
4350.0 4750.0 0.34816
4450.0 4750.0 0.21039
4550.0 4750.0 0.04398
4650.0 4750.0 -0.14821
4750.0 4750.0 -0.46963
4850.0 4750.0 -0.91395
4950.0 4750.0 -1.34880
5050.0 4750.0 -1.62990
5150.0 4750.0 -1.67382
5250.0 4750.0 -1.48772
5350.0 4750.0 -1.15631
5450.0 4750.0 -0.78588
5550.0 4750.0 -0.44189
5650.0 4750.0 -0.23507
5750.0 4750.0 -0.19956
5850.0 4750.0 -0.27348
5950.0 4750.0 -0.35297
6050.0 4750.0 -0.33569
6150.0 4750.0 -0.15364
6250.0 4750.0 0.20472
6350.0 4750.0 0.68305
50.0 4850.0 -2.05888
150.0 4850.0 -2.12941
250.0 4850.0 -2.22135
350.0 4850.0 -2.25022
450.0 4850.0 -2.16455
550.0 4850.0 -1.94686
650.0 4850.0 -1.62401
750.0 4850.0 -1.26171
850.0 4850.0 -0.94306
950.0 4850.0 -0.73129
1050.0 4850.0 -0.61655
1150.0 4850.0 -0.47340
1250.0 4850.0 -0.21859
1350.0 4850.0 0.09258
1450.0 4850.0 0.35182
1550.0 4850.0 0.46801
1650.0 4850.0 0.40652
1750.0 4850.0 0.19792
1850.0 4850.0 -0.08412
1950.0 4850.0 -0.37363
2050.0 4850.0 -0.55122
2150.0 4850.0 -0.43588
2250.0 4850.0 -0.00760
2350.0 4850.0 0.62537
2450.0 4850.0 1.28594
2550.0 4850.0 1.78814
2650.0 4850.0 1.99764
2750.0 4850.0 1.89277
2850.0 4850.0 1.61831
2950.0 4850.0 1.29894
3050.0 4850.0 0.94727
3150.0 4850.0 0.63081
3250.0 4850.0 0.41977
3350.0 4850.0 0.34575
3450.0 4850.0 0.38699
3550.0 4850.0 0.48008
3650.0 4850.0 0.55816
3750.0 4850.0 0.60983
3850.0 4850.0 0.64197
3950.0 4850.0 0.63080
4050.0 4850.0 0.56515
4150.0 4850.0 0.45199
4250.0 4850.0 0.31493
4350.0 4850.0 0.18717
4450.0 4850.0 0.09910
4550.0 4850.0 0.06028
4650.0 4850.0 0.02949
4750.0 4850.0 -0.10384
4850.0 4850.0 -0.35417
4950.0 4850.0 -0.64043
5050.0 4850.0 -0.85953
5150.0 4850.0 -0.93640
5250.0 4850.0 -0.84975
5350.0 4850.0 -0.63364
5450.0 4850.0 -0.35478
5550.0 4850.0 -0.08184
5650.0 4850.0 0.09348
5750.0 4850.0 0.13622
5850.0 4850.0 0.07822
5950.0 4850.0 -0.01180
6050.0 4850.0 -0.05568
6150.0 4850.0 0.00925
6250.0 4850.0 0.20778
6350.0 4850.0 0.50693
50.0 4950.0 -2.14736
150.0 4950.0 -2.05622
250.0 4950.0 -1.99966
350.0 4950.0 -1.94430
450.0 4950.0 -1.86679
550.0 4950.0 -1.74204
650.0 4950.0 -1.56024
750.0 4950.0 -1.33332
850.0 4950.0 -1.09087
950.0 4950.0 -0.86533
1050.0 4950.0 -0.66657
1150.0 4950.0 -0.42255
1250.0 4950.0 -0.06275
1350.0 4950.0 0.32919
1450.0 4950.0 0.61553
1550.0 4950.0 0.69377
1650.0 4950.0 0.54305
1750.0 4950.0 0.22737
1850.0 4950.0 -0.14419
1950.0 4950.0 -0.49852
2050.0 4950.0 -0.76915
2150.0 4950.0 -0.80102
2250.0 4950.0 -0.52715
2350.0 4950.0 0.01018
2450.0 4950.0 0.67873
2550.0 4950.0 1.29686
2650.0 4950.0 1.69522
2750.0 4950.0 1.79961
2850.0 4950.0 1.72345
2950.0 4950.0 1.52858
3050.0 4950.0 1.14595
3150.0 4950.0 0.64744
3250.0 4950.0 0.16812
3350.0 4950.0 -0.16723
3450.0 4950.0 -0.28979
3550.0 4950.0 -0.20488
3650.0 4950.0 0.01759
3750.0 4950.0 0.27846
3850.0 4950.0 0.47815
3950.0 4950.0 0.54979
4050.0 4950.0 0.48214
4150.0 4950.0 0.31336
4250.0 4950.0 0.11619
4350.0 4950.0 -0.02466
4450.0 4950.0 -0.04306
4550.0 4950.0 0.07018
4650.0 4950.0 0.22826
4750.0 4950.0 0.31936
4850.0 4950.0 0.30740
4950.0 4950.0 0.21266
5050.0 4950.0 0.08698
5150.0 4950.0 -0.00850
5250.0 4950.0 -0.02306
5350.0 4950.0 0.06630
5450.0 4950.0 0.24003
5550.0 4950.0 0.42840
5650.0 4950.0 0.55457
5750.0 4950.0 0.57828
5850.0 4950.0 0.49913
5950.0 4950.0 0.35207
6050.0 4950.0 0.19587
6150.0 4950.0 0.09464
6250.0 4950.0 0.09224
6350.0 4950.0 0.17970
50.0 5050.0 -1.86119
150.0 5050.0 -1.61701
250.0 5050.0 -1.42308
350.0 5050.0 -1.30481
450.0 5050.0 -1.26897
550.0 5050.0 -1.27900
650.0 5050.0 -1.28162
750.0 5050.0 -1.22785
850.0 5050.0 -1.08843
950.0 5050.0 -0.86363
1050.0 5050.0 -0.58716
1150.0 5050.0 -0.24870
1250.0 5050.0 0.20613
1350.0 5050.0 0.66643
1450.0 5050.0 0.96770
1550.0 5050.0 0.99874
1650.0 5050.0 0.75391
1750.0 5050.0 0.33055
1850.0 5050.0 -0.12827
1950.0 5050.0 -0.54430
2050.0 5050.0 -0.91261
2150.0 5050.0 -1.11850
2250.0 5050.0 -1.05214
2350.0 5050.0 -0.68406
2450.0 5050.0 -0.08886
2550.0 5050.0 0.57179
2650.0 5050.0 1.10679
2750.0 5050.0 1.39395
2850.0 5050.0 1.50483
2950.0 5050.0 1.43740
3050.0 5050.0 1.05534
3150.0 5050.0 0.43448
3250.0 5050.0 -0.23689
3350.0 5050.0 -0.75784
3450.0 5050.0 -0.98586
3550.0 5050.0 -0.87929
3650.0 5050.0 -0.51092
3750.0 5050.0 -0.05184
3850.0 5050.0 0.30615
3950.0 5050.0 0.45559
4050.0 5050.0 0.38520
4150.0 5050.0 0.16278
4250.0 5050.0 -0.09225
4350.0 5050.0 -0.24626
4450.0 5050.0 -0.19917
4550.0 5050.0 0.05779
4650.0 5050.0 0.39438
4750.0 5050.0 0.69610
4850.0 5050.0 0.90554
4950.0 5050.0 0.98578
5050.0 5050.0 0.94126
5150.0 5050.0 0.82136
5250.0 5050.0 0.70597
5350.0 5050.0 0.67275
5450.0 5050.0 0.74643
5550.0 5050.0 0.85501
5650.0 5050.0 0.93633
5750.0 5050.0 0.94570
5850.0 5050.0 0.85184
5950.0 5050.0 0.65677
6050.0 5050.0 0.39978
6150.0 5050.0 0.14529
6250.0 5050.0 -0.04528
6350.0 5050.0 -0.15772
50.0 5150.0 -1.34883
150.0 5150.0 -0.98940
250.0 5150.0 -0.69432
350.0 5150.0 -0.54073
450.0 5150.0 -0.56055
550.0 5150.0 -0.70554
650.0 5150.0 -0.88345
750.0 5150.0 -0.99224
850.0 5150.0 -0.95252
950.0 5150.0 -0.73812
1050.0 5150.0 -0.40445
1150.0 5150.0 0.00441
1250.0 5150.0 0.52791
1350.0 5150.0 1.03426
1450.0 5150.0 1.33959
1550.0 5150.0 1.32752
1650.0 5150.0 1.00537
1750.0 5150.0 0.49672
1850.0 5150.0 -0.02949
1950.0 5150.0 -0.49224
2050.0 5150.0 -0.94299
2150.0 5150.0 -1.31196
2250.0 5150.0 -1.45856
2350.0 5150.0 -1.29064
2450.0 5150.0 -0.82539
2550.0 5150.0 -0.19479
2650.0 5150.0 0.40419
2750.0 5150.0 0.81486
2850.0 5150.0 1.06610
2950.0 5150.0 1.10637
3050.0 5150.0 0.76116
3150.0 5150.0 0.10904
3250.0 5150.0 -0.63152
3350.0 5150.0 -1.21696
3450.0 5150.0 -1.46397
3550.0 5150.0 -1.30524
3650.0 5150.0 -0.81570
3750.0 5150.0 -0.20743
3850.0 5150.0 0.26464
3950.0 5150.0 0.45886
4050.0 5150.0 0.36459
4150.0 5150.0 0.07564
4250.0 5150.0 -0.24828
4350.0 5150.0 -0.43188
4450.0 5150.0 -0.34654
4550.0 5150.0 0.01560
4650.0 5150.0 0.48576
4750.0 5150.0 0.93853
4850.0 5150.0 1.29636
4950.0 5150.0 1.48076
5050.0 5150.0 1.46534
5150.0 5150.0 1.29697
5250.0 5150.0 1.08315
5350.0 5150.0 0.94585
5450.0 5150.0 0.94158
5550.0 5150.0 0.99199
5650.0 5150.0 1.05348
5750.0 5150.0 1.08296
5850.0 5150.0 1.02271
5950.0 5150.0 0.84187
6050.0 5150.0 0.55507
6150.0 5150.0 0.21840
6250.0 5150.0 -0.09756
6350.0 5150.0 -0.35756
50.0 5250.0 -0.83463
150.0 5250.0 -0.41399
250.0 5250.0 -0.06666
350.0 5250.0 0.09780
450.0 5250.0 0.03250
550.0 5250.0 -0.20614
650.0 5250.0 -0.50106
750.0 5250.0 -0.71731
850.0 5250.0 -0.74505
950.0 5250.0 -0.54263
1050.0 5250.0 -0.17944
1150.0 5250.0 0.26644
1250.0 5250.0 0.82480
1350.0 5250.0 1.35261
1450.0 5250.0 1.65611
1550.0 5250.0 1.61696
1650.0 5250.0 1.25017
1750.0 5250.0 0.69386
1850.0 5250.0 0.13092
1950.0 5250.0 -0.35686
2050.0 5250.0 -0.86018
2150.0 5250.0 -1.34744
2250.0 5250.0 -1.66316
2350.0 5250.0 -1.67336
2450.0 5250.0 -1.35088
2550.0 5250.0 -0.79751
2650.0 5250.0 -0.20291
2750.0 5250.0 0.25949
2850.0 5250.0 0.58496
2950.0 5250.0 0.69730
3050.0 5250.0 0.41766
3150.0 5250.0 -0.17424
3250.0 5250.0 -0.85636
3350.0 5250.0 -1.38108
3450.0 5250.0 -1.56190
3550.0 5250.0 -1.33018
3650.0 5250.0 -0.76196
3750.0 5250.0 -0.07469
3850.0 5250.0 0.44739
3950.0 5250.0 0.63670
4050.0 5250.0 0.48428
4150.0 5250.0 0.10548
4250.0 5250.0 -0.30788
4350.0 5250.0 -0.54820
4450.0 5250.0 -0.46553
4550.0 5250.0 -0.05379
4650.0 5250.0 0.48585
4750.0 5250.0 1.00469
4850.0 5250.0 1.40694
4950.0 5250.0 1.59466
5050.0 5250.0 1.53434
5150.0 5250.0 1.28337
5250.0 5250.0 0.97476
5350.0 5250.0 0.75984
5450.0 5250.0 0.70917
5550.0 5250.0 0.73247
5650.0 5250.0 0.81128
5750.0 5250.0 0.91324
5850.0 5250.0 0.96027
5950.0 5250.0 0.88771
6050.0 5250.0 0.67722
6150.0 5250.0 0.36328
6250.0 5250.0 0.01318
6350.0 5250.0 -0.31936
50.0 5350.0 -0.47297
150.0 5350.0 -0.03815
250.0 5350.0 0.32020
350.0 5350.0 0.48142
450.0 5350.0 0.39395
550.0 5350.0 0.11757
650.0 5350.0 -0.22190
750.0 5350.0 -0.47847
850.0 5350.0 -0.53243
950.0 5350.0 -0.33750
1050.0 5350.0 0.03191
1150.0 5350.0 0.48618
1250.0 5350.0 1.05185
1350.0 5350.0 1.58319
1450.0 5350.0 1.88438
1550.0 5350.0 1.83696
1650.0 5350.0 1.45811
1750.0 5350.0 0.88965
1850.0 5350.0 0.31776
1950.0 5350.0 -0.17602
2050.0 5350.0 -0.70205
2150.0 5350.0 -1.25461
2250.0 5350.0 -1.67652
2350.0 5350.0 -1.81390
2450.0 5350.0 -1.61275
2550.0 5350.0 -1.15052
2650.0 5350.0 -0.60281
2750.0 5350.0 -0.14502
2850.0 5350.0 0.19739
2950.0 5350.0 0.34722
3050.0 5350.0 0.14707
3150.0 5350.0 -0.32349
3250.0 5350.0 -0.85906
3350.0 5350.0 -1.23699
3450.0 5350.0 -1.29587
3550.0 5350.0 -0.98394
3650.0 5350.0 -0.37745
3750.0 5350.0 0.32762
3850.0 5350.0 0.84352
3950.0 5350.0 0.98344
4050.0 5350.0 0.74107
4150.0 5350.0 0.24979
4250.0 5350.0 -0.27316
4350.0 5350.0 -0.59559
4450.0 5350.0 -0.55221
4550.0 5350.0 -0.13946
4650.0 5350.0 0.41387
4750.0 5350.0 0.92493
4850.0 5350.0 1.28120
4950.0 5350.0 1.38465
5050.0 5350.0 1.21516
5150.0 5350.0 0.85205
5250.0 5350.0 0.45188
5350.0 5350.0 0.18242
5450.0 5350.0 0.11281
5550.0 5350.0 0.13611
5650.0 5350.0 0.26525
5750.0 5350.0 0.48681
5850.0 5350.0 0.70743
5950.0 5350.0 0.82751
6050.0 5350.0 0.78796
6150.0 5350.0 0.58966
6250.0 5350.0 0.28563
6350.0 5350.0 -0.05407
50.0 5450.0 -0.22528
150.0 5450.0 0.20954
250.0 5450.0 0.56832
350.0 5450.0 0.72702
450.0 5450.0 0.63200
550.0 5450.0 0.34254
650.0 5450.0 -0.01417
750.0 5450.0 -0.28922
850.0 5450.0 -0.35944
950.0 5450.0 -0.17602
1050.0 5450.0 0.18605
1150.0 5450.0 0.63451
1250.0 5450.0 1.19765
1350.0 5450.0 1.73130
1450.0 5450.0 2.03948
1550.0 5450.0 2.00199
1650.0 5450.0 1.63320
1750.0 5450.0 1.07195
1850.0 5450.0 0.50266
1950.0 5450.0 0.00796
2050.0 5450.0 -0.53138
2150.0 5450.0 -1.12897
2250.0 5450.0 -1.62969
2350.0 5450.0 -1.86788
2450.0 5450.0 -1.77032
2550.0 5450.0 -1.39440
2650.0 5450.0 -0.90127
2750.0 5450.0 -0.46411
2850.0 5450.0 -0.12318
2950.0 5450.0 0.05393
3050.0 5450.0 -0.05988
3150.0 5450.0 -0.38683
3250.0 5450.0 -0.74624
3350.0 5450.0 -0.95092
3450.0 5450.0 -0.87379
3550.0 5450.0 -0.48502
3650.0 5450.0 0.14044
3750.0 5450.0 0.83746
3850.0 5450.0 1.32451
3950.0 5450.0 1.39954
4050.0 5450.0 1.05971
4150.0 5450.0 0.45453
4250.0 5450.0 -0.17739
4350.0 5450.0 -0.58412
4450.0 5450.0 -0.58898
4550.0 5450.0 -0.19170
4650.0 5450.0 0.35494
4750.0 5450.0 0.83100
4850.0 5450.0 1.10797
4950.0 5450.0 1.09510
5050.0 5450.0 0.79343
5150.0 5450.0 0.30845
5250.0 5450.0 -0.18059
5350.0 5450.0 -0.49453
5450.0 5450.0 -0.57154
5550.0 5450.0 -0.53762
5650.0 5450.0 -0.35018
5750.0 5450.0 -0.00312
5850.0 5450.0 0.39757
5950.0 5450.0 0.71997
6050.0 5450.0 0.86560
6150.0 5450.0 0.80139
6250.0 5450.0 0.56433
6350.0 5450.0 0.23891
50.0 5550.0 -0.22675
150.0 5550.0 0.20853
250.0 5550.0 0.57813
350.0 5550.0 0.75956
450.0 5550.0 0.69190
550.0 5550.0 0.41990
650.0 5550.0 0.05919
750.0 5550.0 -0.24451
850.0 5550.0 -0.36192
950.0 5550.0 -0.23262
1050.0 5550.0 0.07715
1150.0 5550.0 0.48080
1250.0 5550.0 1.02555
1350.0 5550.0 1.57913
1450.0 5550.0 1.94426
1550.0 5550.0 1.98679
1650.0 5550.0 1.69862
1750.0 5550.0 1.19505
1850.0 5550.0 0.64678
1950.0 5550.0 0.14646
2050.0 5550.0 -0.40759
2150.0 5550.0 -1.03645
2250.0 5550.0 -1.58658
2350.0 5550.0 -1.88658
2450.0 5550.0 -1.85332
2550.0 5550.0 -1.53342
2650.0 5550.0 -1.07990
2750.0 5550.0 -0.66424
2850.0 5550.0 -0.33346
2950.0 5550.0 -0.12600
3050.0 5550.0 -0.12911
3150.0 5550.0 -0.27524
3250.0 5550.0 -0.42411
3350.0 5550.0 -0.43816
3450.0 5550.0 -0.23224
3550.0 5550.0 0.20250
3650.0 5550.0 0.80069
3750.0 5550.0 1.43961
3850.0 5550.0 1.86056
3950.0 5550.0 1.86095
4050.0 5550.0 1.44512
4150.0 5550.0 0.77147
4250.0 5550.0 0.08457
4350.0 5550.0 -0.36295
4450.0 5550.0 -0.39857
4550.0 5550.0 -0.02836
4650.0 5550.0 0.48724
4750.0 5550.0 0.89728
4850.0 5550.0 1.06037
4950.0 5550.0 0.90313
5050.0 5550.0 0.45673
5150.0 5550.0 -0.14418
5250.0 5550.0 -0.70177
5350.0 5550.0 -1.03445
5450.0 5550.0 -1.09554
5550.0 5550.0 -1.03442
5650.0 5550.0 -0.80278
5750.0 5550.0 -0.38787
5850.0 5550.0 0.09939
5950.0 5550.0 0.51540
6050.0 5550.0 0.74781
6150.0 5550.0 0.75187
6250.0 5550.0 0.55942
6350.0 5550.0 0.26030
50.0 5650.0 -0.52692
150.0 5650.0 -0.08864
250.0 5650.0 0.30706
350.0 5650.0 0.54907
450.0 5650.0 0.56201
550.0 5650.0 0.35564
650.0 5650.0 0.01458
750.0 5650.0 -0.32825
850.0 5650.0 -0.53444
950.0 5650.0 -0.51917
1050.0 5650.0 -0.32606
1150.0 5650.0 -0.02502
1250.0 5650.0 0.47046
1350.0 5650.0 1.05407
1450.0 5650.0 1.52759
1550.0 5650.0 1.72931
1650.0 5650.0 1.60465
1750.0 5650.0 1.21911
1850.0 5650.0 0.71341
1950.0 5650.0 0.20027
2050.0 5650.0 -0.36965
2150.0 5650.0 -1.00696
2250.0 5650.0 -1.55880
2350.0 5650.0 -1.85757
2450.0 5650.0 -1.82489
2550.0 5650.0 -1.51140
2650.0 5650.0 -1.07214
2750.0 5650.0 -0.67781
2850.0 5650.0 -0.36965
2950.0 5650.0 -0.13318
3050.0 5650.0 -0.00843
3150.0 5650.0 0.04976
3250.0 5650.0 0.12381
3350.0 5650.0 0.28843
3450.0 5650.0 0.58309
3550.0 5650.0 1.00191
3650.0 5650.0 1.50091
3750.0 5650.0 2.00997
3850.0 5650.0 2.31464
3950.0 5650.0 2.23525
4050.0 5650.0 1.78818
4150.0 5650.0 1.12802
4250.0 5650.0 0.47980
4350.0 5650.0 0.06656
4450.0 5650.0 0.03237
4550.0 5650.0 0.36082
4650.0 5650.0 0.81125
4750.0 5650.0 1.11834
4850.0 5650.0 1.13638
4950.0 5650.0 0.82240
5050.0 5650.0 0.24556
5150.0 5650.0 -0.43235
5250.0 5650.0 -1.00661
5350.0 5650.0 -1.30915
5450.0 5650.0 -1.31823
5550.0 5650.0 -1.20621
5650.0 5650.0 -0.95116
5750.0 5650.0 -0.55246
5850.0 5650.0 -0.11468
5950.0 5650.0 0.23680
6050.0 5650.0 0.41277
6150.0 5650.0 0.38922
6250.0 5650.0 0.20850
6350.0 5650.0 -0.04728
50.0 5750.0 -0.99328
150.0 5750.0 -0.54735
250.0 5750.0 -0.11263
350.0 5750.0 0.22316
450.0 5750.0 0.36473
550.0 5750.0 0.26945
650.0 5750.0 -0.02609
750.0 5750.0 -0.41094
850.0 5750.0 -0.73612
950.0 5750.0 -0.88232
1050.0 5750.0 -0.85849
1150.0 5750.0 -0.71005
1250.0 5750.0 -0.30011
1350.0 5750.0 0.30121
1450.0 5750.0 0.89802
1550.0 5750.0 1.29500
1650.0 5750.0 1.37712
1750.0 5750.0 1.14289
1850.0 5750.0 0.69086
1950.0 5750.0 0.15840
2050.0 5750.0 -0.42714
2150.0 5750.0 -1.04990
2250.0 5750.0 -1.55673
2350.0 5750.0 -1.79280
2450.0 5750.0 -1.69845
2550.0 5750.0 -1.34238
2650.0 5750.0 -0.89138
2750.0 5750.0 -0.51637
2850.0 5750.0 -0.24125
2950.0 5750.0 0.01535
3050.0 5750.0 0.25792
3150.0 5750.0 0.49951
3250.0 5750.0 0.75678
3350.0 5750.0 1.04049
3450.0 5750.0 1.35108
3550.0 5750.0 1.67945
3650.0 5750.0 2.01271
3750.0 5750.0 2.33303
3850.0 5750.0 2.48457
3950.0 5750.0 2.33303
4050.0 5750.0 1.91021
4150.0 5750.0 1.35332
4250.0 5750.0 0.84251
4350.0 5750.0 0.54208
4450.0 5750.0 0.54523
4550.0 5750.0 0.82243
4650.0 5750.0 1.18072
4750.0 5750.0 1.36469
4850.0 5750.0 1.23687
4950.0 5750.0 0.79342
5050.0 5750.0 0.14138
5150.0 5750.0 -0.54060
5250.0 5750.0 -1.05828
5350.0 5750.0 -1.27445
5450.0 5750.0 -1.19825
5550.0 5750.0 -1.01597
5650.0 5750.0 -0.75532
5750.0 5750.0 -0.44344
5850.0 5750.0 -0.16918
5950.0 5750.0 -0.01469
6050.0 5750.0 -0.01512
6150.0 5750.0 -0.14675
6250.0 5750.0 -0.34356
6350.0 5750.0 -0.54216
50.0 5850.0 -1.42585
150.0 5850.0 -0.96701
250.0 5850.0 -0.48731
350.0 5850.0 -0.04101
450.0 5850.0 0.25501
550.0 5850.0 0.29772
650.0 5850.0 0.06706
750.0 5850.0 -0.35355
850.0 5850.0 -0.80528
950.0 5850.0 -1.13061
1050.0 5850.0 -1.29789
1150.0 5850.0 -1.32638
1250.0 5850.0 -1.03156
1350.0 5850.0 -0.44469
1450.0 5850.0 0.24581
1550.0 5850.0 0.81529
1650.0 5850.0 1.08991
1750.0 5850.0 0.99962
1850.0 5850.0 0.59732
1950.0 5850.0 0.04204
2050.0 5850.0 -0.55747
2150.0 5850.0 -1.15039
2250.0 5850.0 -1.58265
2350.0 5850.0 -1.71750
2450.0 5850.0 -1.52224
2550.0 5850.0 -1.09218
2650.0 5850.0 -0.61173
2750.0 5850.0 -0.25274
2850.0 5850.0 -0.01526
2950.0 5850.0 0.24751
3050.0 5850.0 0.57208
3150.0 5850.0 0.93552
3250.0 5850.0 1.29398
3350.0 5850.0 1.60654
3450.0 5850.0 1.85008
3550.0 5850.0 2.02556
3650.0 5850.0 2.15525
3750.0 5850.0 2.26212
3850.0 5850.0 2.25075
3950.0 5850.0 2.04578
4050.0 5850.0 1.69516
4150.0 5850.0 1.30877
4250.0 5850.0 1.00545
4350.0 5850.0 0.87304
4450.0 5850.0 0.94106
4550.0 5850.0 1.16640
4650.0 5850.0 1.42252
4750.0 5850.0 1.48823
4850.0 5850.0 1.24669
4950.0 5850.0 0.73433
5050.0 5850.0 0.08733
5150.0 5850.0 -0.51435
5250.0 5850.0 -0.90446
5350.0 5850.0 -0.98949
5450.0 5850.0 -0.80931
5550.0 5850.0 -0.54874
5650.0 5850.0 -0.29093
5750.0 5850.0 -0.09767
5850.0 5850.0 -0.03792
5950.0 5850.0 -0.13955
6050.0 5850.0 -0.36997
6150.0 5850.0 -0.64577
6250.0 5850.0 -0.87146
6350.0 5850.0 -1.00726
50.0 5950.0 -1.64406
150.0 5950.0 -1.16840
250.0 5950.0 -0.64669
350.0 5950.0 -0.09516
450.0 5950.0 0.35022
550.0 5950.0 0.52999
650.0 5950.0 0.37013
750.0 5950.0 -0.07343
850.0 5950.0 -0.63463
950.0 5950.0 -1.12150
1050.0 5950.0 -1.46399
1150.0 5950.0 -1.66003
1250.0 5950.0 -1.49256
1350.0 5950.0 -0.95964
1450.0 5950.0 -0.23711
1550.0 5950.0 0.43374
1650.0 5950.0 0.83624
1750.0 5950.0 0.84605
1850.0 5950.0 0.47644
1950.0 5950.0 -0.10097
2050.0 5950.0 -0.71204
2150.0 5950.0 -1.27291
2250.0 5950.0 -1.62849
2350.0 5950.0 -1.65986
2450.0 5950.0 -1.36114
2550.0 5950.0 -0.85416
2650.0 5950.0 -0.34106
2750.0 5950.0 0.00523
2850.0 5950.0 0.20777
2950.0 5950.0 0.46299
3050.0 5950.0 0.82206
3150.0 5950.0 1.22921
3250.0 5950.0 1.59614
3350.0 5950.0 1.85087
3450.0 5950.0 1.96509
3550.0 5950.0 1.95987
3650.0 5950.0 1.88978
3750.0 5950.0 1.80058
3850.0 5950.0 1.64624
3950.0 5950.0 1.41038
4050.0 5950.0 1.15497
4150.0 5950.0 0.95982
4250.0 5950.0 0.88069
4350.0 5950.0 0.92867
4450.0 5950.0 1.07089
4550.0 5950.0 1.25253
4650.0 5950.0 1.41655
4750.0 5950.0 1.39119
4850.0 5950.0 1.08804
4950.0 5950.0 0.57720
5050.0 5950.0 0.01012
5150.0 5950.0 -0.44688
5250.0 5950.0 -0.66673
5350.0 5950.0 -0.60339
5450.0 5950.0 -0.32143
5550.0 5950.0 0.01155
5650.0 5950.0 0.27023
5750.0 5950.0 0.36223
5850.0 5950.0 0.23607
5950.0 5950.0 -0.08829
6050.0 5950.0 -0.51850
6150.0 5950.0 -0.91847
6250.0 5950.0 -1.16666
6350.0 5950.0 -1.24404
50.0 6050.0 -1.54515
150.0 6050.0 -1.05161
250.0 6050.0 -0.49890
350.0 6050.0 0.13193
450.0 6050.0 0.69172
550.0 6050.0 0.97937
650.0 6050.0 0.88014
750.0 6050.0 0.42821
850.0 6050.0 -0.20664
950.0 6050.0 -0.80802
1050.0 6050.0 -1.27714
1150.0 6050.0 -1.60028
1250.0 6050.0 -1.54982
1350.0 6050.0 -1.10258
1450.0 6050.0 -0.41879
1550.0 6050.0 0.26003
1650.0 6050.0 0.69908
1750.0 6050.0 0.74456
1850.0 6050.0 0.38375
1950.0 6050.0 -0.21108
2050.0 6050.0 -0.83142
2150.0 6050.0 -1.37238
2250.0 6050.0 -1.67821
2350.0 6050.0 -1.64207
2450.0 6050.0 -1.27604
2550.0 6050.0 -0.71969
2650.0 6050.0 -0.18691
2750.0 6050.0 0.14874
2850.0 6050.0 0.32552
2950.0 6050.0 0.56501
3050.0 6050.0 0.91742
3150.0 6050.0 1.30339
3250.0 6050.0 1.61097
3350.0 6050.0 1.75847
3450.0 6050.0 1.72652
3550.0 6050.0 1.55923
3650.0 6050.0 1.33454
3750.0 6050.0 1.10318
3850.0 6050.0 0.84866
3950.0 6050.0 0.59968
4050.0 6050.0 0.42789
4150.0 6050.0 0.38886
4250.0 6050.0 0.48918
4350.0 6050.0 0.68108
4450.0 6050.0 0.88446
4550.0 6050.0 1.03645
4650.0 6050.0 1.13518
4750.0 6050.0 1.05842
4850.0 6050.0 0.74615
4950.0 6050.0 0.29009
5050.0 6050.0 -0.15674
5150.0 6050.0 -0.45019
5250.0 6050.0 -0.50272
5350.0 6050.0 -0.30881
5450.0 6050.0 0.05207
5550.0 6050.0 0.43956
5650.0 6050.0 0.71387
5750.0 6050.0 0.76583
5850.0 6050.0 0.55320
5950.0 6050.0 0.12177
6050.0 6050.0 -0.40353
6150.0 6050.0 -0.85769
6250.0 6050.0 -1.10469
6350.0 6050.0 -1.13662
50.0 6150.0 -1.13400
150.0 6150.0 -0.62469
250.0 6150.0 -0.05615
350.0 6150.0 0.61660
450.0 6150.0 1.23843
550.0 6150.0 1.58696
650.0 6150.0 1.52592
750.0 6150.0 1.07709
850.0 6150.0 0.41080
950.0 6150.0 -0.24501
1050.0 6150.0 -0.77648
1150.0 6150.0 -1.16949
1250.0 6150.0 -1.20719
1350.0 6150.0 -0.85939
1450.0 6150.0 -0.27056
1550.0 6150.0 0.33204
1650.0 6150.0 0.72050
1750.0 6150.0 0.73849
1850.0 6150.0 0.36381
1950.0 6150.0 -0.24134
2050.0 6150.0 -0.86960
2150.0 6150.0 -1.41264
2250.0 6150.0 -1.71498
2350.0 6150.0 -1.67250
2450.0 6150.0 -1.30098
2550.0 6150.0 -0.74327
2650.0 6150.0 -0.21520
2750.0 6150.0 0.10997
2850.0 6150.0 0.27342
2950.0 6150.0 0.49712
3050.0 6150.0 0.82144
3150.0 6150.0 1.15555
3250.0 6150.0 1.38252
3350.0 6150.0 1.42585
3450.0 6150.0 1.28053
3550.0 6150.0 1.00869
3650.0 6150.0 0.69980
3750.0 6150.0 0.39792
3850.0 6150.0 0.09408
3950.0 6150.0 -0.16079
4050.0 6150.0 -0.29025
4150.0 6150.0 -0.25091
4250.0 6150.0 -0.06072
4350.0 6150.0 0.20321
4450.0 6150.0 0.43733
4550.0 6150.0 0.57478
4650.0 6150.0 0.64247
4750.0 6150.0 0.55297
4850.0 6150.0 0.26711
4950.0 6150.0 -0.11510
5050.0 6150.0 -0.44815
5150.0 6150.0 -0.60957
5250.0 6150.0 -0.54109
5350.0 6150.0 -0.26249
5450.0 6150.0 0.14194
5550.0 6150.0 0.56027
5650.0 6150.0 0.87085
5750.0 6150.0 0.96635
5850.0 6150.0 0.80259
5950.0 6150.0 0.42145
6050.0 6150.0 -0.05645
6150.0 6150.0 -0.46942
6250.0 6150.0 -0.68259
6350.0 6150.0 -0.68611
50.0 6250.0 -0.52457
150.0 6250.0 -0.00279
250.0 6250.0 0.56923
350.0 6250.0 1.25274
450.0 6250.0 1.89210
550.0 6250.0 2.26025
650.0 6250.0 2.21536
750.0 6250.0 1.77513
850.0 6250.0 1.10852
950.0 6250.0 0.44508
1050.0 6250.0 -0.09766
1150.0 6250.0 -0.51329
1250.0 6250.0 -0.60915
1350.0 6250.0 -0.35856
1450.0 6250.0 0.10798
1550.0 6250.0 0.58580
1650.0 6250.0 0.87005
1750.0 6250.0 0.82066
1850.0 6250.0 0.41825
1950.0 6250.0 -0.19122
2050.0 6250.0 -0.82705
2150.0 6250.0 -1.39246
2250.0 6250.0 -1.73302
2350.0 6250.0 -1.73919
2450.0 6250.0 -1.41781
2550.0 6250.0 -0.90233
2650.0 6250.0 -0.40172
2750.0 6250.0 -0.08809
2850.0 6250.0 0.07204
2950.0 6250.0 0.28488
3050.0 6250.0 0.57950
3150.0 6250.0 0.86307
3250.0 6250.0 1.02440
3350.0 6250.0 0.99784
3450.0 6250.0 0.79089
3550.0 6250.0 0.47555
3650.0 6250.0 0.14342
3750.0 6250.0 -0.17193
3850.0 6250.0 -0.48733
3950.0 6250.0 -0.74989
4050.0 6250.0 -0.88198
4150.0 6250.0 -0.84067
4250.0 6250.0 -0.64599
4350.0 6250.0 -0.37814
4450.0 6250.0 -0.14362
4550.0 6250.0 -0.01029
4650.0 6250.0 0.05298
4750.0 6250.0 -0.02495
4850.0 6250.0 -0.27192
4950.0 6250.0 -0.58907
5050.0 6250.0 -0.84138
5150.0 6250.0 -0.92213
5250.0 6250.0 -0.78918
5350.0 6250.0 -0.47278
5450.0 6250.0 -0.05533
5550.0 6250.0 0.37503
5650.0 6250.0 0.73880
5750.0 6250.0 0.94550
5850.0 6250.0 0.94000
5950.0 6250.0 0.73626
6050.0 6250.0 0.42088
6150.0 6250.0 0.12626
6250.0 6250.0 -0.02652
6350.0 6250.0 -0.01512
50.0 6350.0 0.10098
150.0 6350.0 0.62013
250.0 6350.0 1.17754
350.0 6350.0 1.84446
450.0 6350.0 2.46954
550.0 6350.0 2.83127
650.0 6350.0 2.79093
750.0 6350.0 2.36506
850.0 6350.0 1.71772
950.0 6350.0 1.07232
1050.0 6350.0 0.54367
1150.0 6350.0 0.13066
1250.0 6350.0 0.00118
1350.0 6350.0 0.17487
1450.0 6350.0 0.53212
1550.0 6350.0 0.89025
1650.0 6350.0 1.06991
1750.0 6350.0 0.95185
1850.0 6350.0 0.52389
1950.0 6350.0 -0.08394
2050.0 6350.0 -0.72438
2150.0 6350.0 -1.31820
2250.0 6350.0 -1.71242
2350.0 6350.0 -1.78851
2450.0 6350.0 -1.53887
2550.0 6350.0 -1.08195
2650.0 6350.0 -0.61604
2750.0 6350.0 -0.31171
2850.0 6350.0 -0.14764
2950.0 6350.0 0.06216
3050.0 6350.0 0.33558
3150.0 6350.0 0.57796
3250.0 6350.0 0.68367
3350.0 6350.0 0.59751
3450.0 6350.0 0.33900
3550.0 6350.0 -0.01041
3650.0 6350.0 -0.35713
3750.0 6350.0 -0.67822
3850.0 6350.0 -1.00517
3950.0 6350.0 -1.28882
4050.0 6350.0 -1.44839
4150.0 6350.0 -1.43487
4250.0 6350.0 -1.26230
4350.0 6350.0 -1.00706
4450.0 6350.0 -0.77506
4550.0 6350.0 -0.63700
4650.0 6350.0 -0.56516
4750.0 6350.0 -0.61924
4850.0 6350.0 -0.81890
4950.0 6350.0 -1.06950
5050.0 6350.0 -1.24755
5150.0 6350.0 -1.26023
5250.0 6350.0 -1.07716
5350.0 6350.0 -0.73425
5450.0 6350.0 -0.30971
5550.0 6350.0 0.12990
5650.0 6350.0 0.55112
5750.0 6350.0 0.88278
5850.0 6350.0 1.05633
5950.0 6350.0 1.05281
6050.0 6350.0 0.91919
6150.0 6350.0 0.75421
6250.0 6350.0 0.66356
6350.0 6350.0 0.68449
