50.0 50.0 -0.99252
150.0 50.0 -0.80148
250.0 50.0 -0.61266
350.0 50.0 -0.45989
450.0 50.0 -0.38223
550.0 50.0 -0.40171
650.0 50.0 -0.51217
750.0 50.0 -0.67907
850.0 50.0 -0.85036
950.0 50.0 -0.97826
1050.0 50.0 -1.05216
1150.0 50.0 -1.10814
1250.0 50.0 -1.13633
1350.0 50.0 -1.11405
1450.0 50.0 -1.03053
1550.0 50.0 -0.89102
1650.0 50.0 -0.71650
1750.0 50.0 -0.53897
1850.0 50.0 -0.39231
1950.0 50.0 -0.29866
2050.0 50.0 -0.25049
2150.0 50.0 -0.17171
2250.0 50.0 0.04399
2350.0 50.0 0.39509
2450.0 50.0 0.80728
2550.0 50.0 1.18344
2650.0 50.0 1.44015
2750.0 50.0 1.53067
2850.0 50.0 1.45452
2950.0 50.0 1.25352
3050.0 50.0 0.99443
3150.0 50.0 0.75635
3250.0 50.0 0.61570
3350.0 50.0 0.58931
3450.0 50.0 0.64723
3550.0 50.0 0.73436
3650.0 50.0 0.78912
3750.0 50.0 0.75945
3850.0 50.0 0.61587
3950.0 50.0 0.36189
4050.0 50.0 0.04137
4150.0 50.0 -0.28424
4250.0 50.0 -0.57064
4350.0 50.0 -0.75741
4450.0 50.0 -0.79682
4550.0 50.0 -0.67843
4650.0 50.0 -0.43780
4750.0 50.0 -0.14911
4850.0 50.0 0.09808
4950.0 50.0 0.23816
5050.0 50.0 0.28430
5150.0 50.0 0.32418
5250.0 50.0 0.37052
5350.0 50.0 0.39260
5450.0 50.0 0.35441
5550.0 50.0 0.23448
5650.0 50.0 0.03585
5750.0 50.0 -0.21382
5850.0 50.0 -0.47199
5950.0 50.0 -0.70082
6050.0 50.0 -0.89663
6150.0 50.0 -1.10766
6250.0 50.0 -1.33183
6350.0 50.0 -1.48844
50.0 150.0 -0.70925
150.0 150.0 -0.53569
250.0 150.0 -0.37081
350.0 150.0 -0.24375
450.0 150.0 -0.18411
550.0 150.0 -0.20561
650.0 150.0 -0.29861
750.0 150.0 -0.43115
850.0 150.0 -0.55874
950.0 150.0 -0.64275
1050.0 150.0 -0.67755
1150.0 150.0 -0.69441
1250.0 150.0 -0.68226
1350.0 150.0 -0.62954
1450.0 150.0 -0.53909
1550.0 150.0 -0.42450
1650.0 150.0 -0.30575
1750.0 150.0 -0.20421
1850.0 150.0 -0.13695
1950.0 150.0 -0.11040
2050.0 150.0 -0.11331
2150.0 150.0 -0.08759
2250.0 150.0 0.05699
2350.0 150.0 0.32173
2450.0 150.0 0.64512
2550.0 150.0 0.94453
2650.0 150.0 1.14710
2750.0 150.0 1.20966
2850.0 150.0 1.12788
2950.0 150.0 0.93460
3050.0 150.0 0.68720
3150.0 150.0 0.46881
3250.0 150.0 0.37270
3350.0 150.0 0.41446
3450.0 150.0 0.55040
3550.0 150.0 0.70794
3650.0 150.0 0.81088
3750.0 150.0 0.79930
3850.0 150.0 0.64423
3950.0 150.0 0.35711
4050.0 150.0 -0.00619
4150.0 150.0 -0.37495
4250.0 150.0 -0.69837
4350.0 150.0 -0.90662
4450.0 150.0 -0.94460
4550.0 150.0 -0.80028
4650.0 150.0 -0.51477
4750.0 150.0 -0.17380
4850.0 150.0 0.11918
4950.0 150.0 0.28835
5050.0 150.0 0.34896
5150.0 150.0 0.39875
5250.0 150.0 0.44838
5350.0 150.0 0.46753
5450.0 150.0 0.42363
5550.0 150.0 0.29957
5650.0 150.0 0.10214
5750.0 150.0 -0.13885
5850.0 150.0 -0.38078
5950.0 150.0 -0.58764
6050.0 150.0 -0.75898
6150.0 150.0 -0.95358
6250.0 150.0 -1.18669
6350.0 150.0 -1.38440
50.0 250.0 -0.38178
150.0 250.0 -0.21772
250.0 250.0 -0.06668
350.0 250.0 0.04436
450.0 250.0 0.09099
550.0 250.0 0.06438
650.0 250.0 -0.02335
750.0 250.0 -0.14098
850.0 250.0 -0.24759
950.0 250.0 -0.30929
1050.0 250.0 -0.32344
1150.0 250.0 -0.32084
1250.0 250.0 -0.29452
1350.0 250.0 -0.24076
1450.0 250.0 -0.16859
1550.0 250.0 -0.09298
1650.0 250.0 -0.02937
1750.0 250.0 0.01050
1850.0 250.0 0.02134
1950.0 250.0 0.00584
2050.0 250.0 -0.02520
2150.0 250.0 -0.02981
2250.0 250.0 0.06646
2350.0 250.0 0.26395
2450.0 250.0 0.50959
2550.0 250.0 0.73275
2650.0 250.0 0.87171
2750.0 250.0 0.89059
2850.0 250.0 0.78688
2950.0 250.0 0.58942
3050.0 250.0 0.34714
3150.0 250.0 0.14123
3250.0 250.0 0.07817
3350.0 250.0 0.17484
3450.0 250.0 0.37869
3550.0 250.0 0.60414
3650.0 250.0 0.76241
3750.0 250.0 0.78481
3850.0 250.0 0.63947
3950.0 250.0 0.34144
4050.0 250.0 -0.04380
4150.0 250.0 -0.43687
4250.0 250.0 -0.78584
4350.0 250.0 -1.01697
4450.0 250.0 -1.07022
4550.0 250.0 -0.93045
4650.0 250.0 -0.63882
4750.0 250.0 -0.28447
4850.0 250.0 0.02359
4950.0 250.0 0.20442
5050.0 250.0 0.27233
5150.0 250.0 0.33203
5250.0 250.0 0.40254
5350.0 250.0 0.45676
5450.0 250.0 0.46063
5550.0 250.0 0.39206
5650.0 250.0 0.25077
5750.0 250.0 0.05918
5850.0 250.0 -0.14572
5950.0 250.0 -0.32950
6050.0 250.0 -0.48675
6150.0 250.0 -0.67885
6250.0 250.0 -0.94113
6350.0 250.0 -1.20657
50.0 350.0 -0.07475
150.0 350.0 0.08646
250.0 350.0 0.23157
350.0 350.0 0.33341
450.0 350.0 0.36925
550.0 350.0 0.33253
650.0 350.0 0.23738
750.0 350.0 0.11620
850.0 350.0 0.01000
950.0 350.0 -0.04827
1050.0 350.0 -0.05749
1150.0 350.0 -0.05162
1250.0 350.0 -0.03081
1350.0 350.0 0.00420
1450.0 350.0 0.04414
1550.0 350.0 0.07751
1650.0 350.0 0.09510
1750.0 350.0 0.09255
1850.0 350.0 0.07119
1950.0 350.0 0.03697
2050.0 350.0 -0.00245
2150.0 350.0 -0.01723
2250.0 350.0 0.05472
2350.0 350.0 0.21067
2450.0 350.0 0.40155
2550.0 350.0 0.56472
2650.0 350.0 0.64764
2750.0 350.0 0.62245
2850.0 350.0 0.49145
2950.0 350.0 0.28347
3050.0 350.0 0.04123
3150.0 350.0 -0.15896
3250.0 350.0 -0.20180
3350.0 350.0 -0.06764
3450.0 350.0 0.18680
3550.0 350.0 0.46791
3650.0 350.0 0.67768
3750.0 350.0 0.73942
3850.0 350.0 0.61649
3950.0 350.0 0.32413
4050.0 350.0 -0.06569
4150.0 350.0 -0.46725
4250.0 350.0 -0.83266
4350.0 350.0 -1.08896
4450.0 350.0 -1.17319
4550.0 350.0 -1.06554
4650.0 350.0 -0.80234
4750.0 350.0 -0.46899
4850.0 350.0 -0.17273
4950.0 350.0 0.00460
5050.0 350.0 0.07371
5150.0 350.0 0.14284
5250.0 350.0 0.24711
5350.0 350.0 0.36472
5450.0 350.0 0.45632
5550.0 350.0 0.48767
5650.0 350.0 0.44320
5750.0 350.0 0.33080
5850.0 350.0 0.17756
5950.0 350.0 0.01661
6050.0 350.0 -0.13543
6150.0 350.0 -0.33537
6250.0 350.0 -0.63823
6350.0 350.0 -0.98323
50.0 450.0 0.20259
150.0 450.0 0.36328
250.0 450.0 0.50592
350.0 450.0 0.60247
450.0 450.0 0.63040
550.0 450.0 0.58403
650.0 450.0 0.47891
750.0 450.0 0.34890
850.0 450.0 0.23623
950.0 450.0 0.17433
1050.0 450.0 0.16358
1150.0 450.0 0.16634
1250.0 450.0 0.17532
1350.0 450.0 0.18693
1450.0 450.0 0.19345
1550.0 450.0 0.18787
1650.0 450.0 0.16687
1750.0 450.0 0.13191
1850.0 450.0 0.08854
1950.0 450.0 0.04380
2050.0 450.0 0.00181
2150.0 450.0 -0.01756
2250.0 450.0 0.03645
2350.0 450.0 0.15762
2450.0 450.0 0.29993
2550.0 450.0 0.40785
2650.0 450.0 0.43761
2750.0 450.0 0.36954
2850.0 450.0 0.21142
2950.0 450.0 -0.00714
3050.0 450.0 -0.24913
3150.0 450.0 -0.44431
3250.0 450.0 -0.47085
3350.0 450.0 -0.30622
3450.0 450.0 -0.00954
3550.0 450.0 0.31974
3650.0 450.0 0.57631
3750.0 450.0 0.67653
3850.0 450.0 0.57897
3950.0 450.0 0.29808
4050.0 450.0 -0.08924
4150.0 450.0 -0.49238
4250.0 450.0 -0.86906
4350.0 450.0 -1.14879
4450.0 450.0 -1.26673
4550.0 450.0 -1.19825
4650.0 450.0 -0.97349
4750.0 450.0 -0.67177
4850.0 450.0 -0.39607
4950.0 450.0 -0.22737
5050.0 450.0 -0.15929
5150.0 450.0 -0.08162
5250.0 450.0 0.05835
5350.0 450.0 0.24464
5450.0 450.0 0.43195
5550.0 450.0 0.57240
5650.0 450.0 0.63340
5750.0 450.0 0.60668
5850.0 450.0 0.50838
5950.0 450.0 0.37030
6050.0 450.0 0.22156
6150.0 450.0 0.01232
6250.0 450.0 -0.33062
6350.0 450.0 -0.75235
50.0 550.0 0.38885
150.0 550.0 0.54983
250.0 550.0 0.69774
350.0 550.0 0.80496
450.0 550.0 0.84639
550.0 550.0 0.81279
650.0 550.0 0.71642
750.0 550.0 0.58915
850.0 550.0 0.47286
950.0 550.0 0.40229
1050.0 550.0 0.38027
1150.0 550.0 0.37109
1250.0 550.0 0.36692
1350.0 550.0 0.36381
1450.0 550.0 0.35434
1550.0 550.0 0.33215
1650.0 550.0 0.29474
1750.0 550.0 0.24434
1850.0 550.0 0.18699
1950.0 550.0 0.12981
2050.0 550.0 0.07641
2150.0 550.0 0.03935
2250.0 550.0 0.05206
2350.0 550.0 0.10546
2450.0 550.0 0.16286
2550.0 550.0 0.18349
2650.0 550.0 0.13854
2750.0 550.0 0.01944
2850.0 550.0 -0.16137
2950.0 550.0 -0.37736
3050.0 550.0 -0.60239
3150.0 550.0 -0.77707
3250.0 550.0 -0.77790
3350.0 550.0 -0.58176
3450.0 550.0 -0.24977
3550.0 550.0 0.11549
3650.0 550.0 0.40548
3750.0 550.0 0.53409
3850.0 550.0 0.45878
3950.0 550.0 0.19463
4050.0 550.0 -0.17909
4150.0 550.0 -0.57001
4250.0 550.0 -0.93888
4350.0 550.0 -1.21832
4450.0 550.0 -1.34480
4550.0 550.0 -1.29270
4650.0 550.0 -1.08889
4750.0 550.0 -0.80799
4850.0 550.0 -0.54819
4950.0 550.0 -0.38766
5050.0 550.0 -0.32178
5150.0 550.0 -0.24119
5250.0 550.0 -0.08373
5350.0 550.0 0.13957
5450.0 550.0 0.38220
5550.0 550.0 0.59003
5650.0 550.0 0.72093
5750.0 550.0 0.75616
5850.0 550.0 0.70339
5950.0 550.0 0.59151
6050.0 550.0 0.45632
6150.0 550.0 0.25347
6250.0 550.0 -0.10142
6350.0 550.0 -0.55976
50.0 650.0 0.42299
150.0 650.0 0.58530
250.0 650.0 0.74986
350.0 650.0 0.89108
450.0 650.0 0.97708
550.0 650.0 0.98817
650.0 650.0 0.92646
750.0 650.0 0.81680
850.0 650.0 0.69876
950.0 650.0 0.60992
1050.0 650.0 0.56035
1150.0 650.0 0.52469
1250.0 650.0 0.50524
1350.0 650.0 0.50185
1450.0 650.0 0.50525
1550.0 650.0 0.50340
1650.0 650.0 0.48619
1750.0 650.0 0.44825
1850.0 650.0 0.39003
1950.0 650.0 0.31705
2050.0 650.0 0.23743
2150.0 650.0 0.16199
2250.0 650.0 0.09993
2350.0 650.0 0.04180
2450.0 650.0 -0.03028
2550.0 650.0 -0.13177
2650.0 650.0 -0.26920
2750.0 650.0 -0.43791
2850.0 650.0 -0.62415
2950.0 650.0 -0.81145
3050.0 650.0 -0.99122
3150.0 650.0 -1.12012
3250.0 650.0 -1.08164
3350.0 650.0 -0.85636
3450.0 650.0 -0.50631
3550.0 650.0 -0.13202
3650.0 650.0 0.16256
3750.0 650.0 0.29734
3850.0 650.0 0.23550
3950.0 650.0 -0.00479
4050.0 650.0 -0.34676
4150.0 650.0 -0.70306
4250.0 650.0 -1.03425
4350.0 650.0 -1.27738
4450.0 650.0 -1.37525
4550.0 650.0 -1.30684
4650.0 650.0 -1.09993
4750.0 650.0 -0.82591
4850.0 650.0 -0.57684
4950.0 650.0 -0.42472
5050.0 650.0 -0.36309
5150.0 650.0 -0.28892
5250.0 650.0 -0.14436
5350.0 650.0 0.06306
5450.0 650.0 0.29353
5550.0 650.0 0.49894
5650.0 650.0 0.64018
5750.0 650.0 0.69754
5850.0 650.0 0.67443
5950.0 650.0 0.59423
6050.0 650.0 0.48961
6150.0 650.0 0.31908
6250.0 650.0 -0.00161
6350.0 650.0 -0.43097
50.0 750.0 0.30797
150.0 750.0 0.47226
250.0 750.0 0.66241
350.0 750.0 0.85585
450.0 750.0 1.01007
550.0 750.0 1.08916
650.0 750.0 1.07966
750.0 750.0 0.99569
850.0 750.0 0.87347
950.0 750.0 0.75516
1050.0 750.0 0.66201
1150.0 750.0 0.58584
1250.0 750.0 0.54902
1350.0 750.0 0.55923
1450.0 750.0 0.60327
1550.0 750.0 0.65732
1650.0 750.0 0.69555
1750.0 750.0 0.69693
1850.0 750.0 0.65042
1950.0 750.0 0.55838
2050.0 750.0 0.43827
2150.0 750.0 0.30600
2250.0 750.0 0.14463
2350.0 750.0 -0.05152
2450.0 750.0 -0.27348
2550.0 750.0 -0.50447
2650.0 750.0 -0.72570
2750.0 750.0 -0.92129
2850.0 750.0 -1.08226
2950.0 750.0 -1.20952
3050.0 750.0 -1.31589
3150.0 750.0 -1.37526
3250.0 750.0 -1.28734
3350.0 750.0 -1.04118
3450.0 750.0 -0.69821
3550.0 750.0 -0.35065
3650.0 750.0 -0.08882
3750.0 750.0 0.02286
3850.0 750.0 -0.03907
3950.0 750.0 -0.25077
4050.0 750.0 -0.54378
4150.0 750.0 -0.84438
4250.0 750.0 -1.11145
4350.0 750.0 -1.28820
4450.0 750.0 -1.32819
4550.0 750.0 -1.21951
4650.0 750.0 -0.99361
4750.0 750.0 -0.71896
4850.0 750.0 -0.47946
4950.0 750.0 -0.33755
5050.0 750.0 -0.28233
5150.0 750.0 -0.22362
5250.0 750.0 -0.12150
5350.0 750.0 0.01860
5450.0 750.0 0.17124
5550.0 750.0 0.30631
5650.0 750.0 0.39983
5750.0 750.0 0.44044
5850.0 750.0 0.43138
5950.0 750.0 0.38804
6050.0 750.0 0.33040
6150.0 750.0 0.21703
6250.0 750.0 -0.02561
6350.0 750.0 -0.36404
50.0 850.0 0.09273
150.0 850.0 0.25898
250.0 850.0 0.47805
350.0 850.0 0.73025
450.0 850.0 0.96028
550.0 850.0 1.11337
650.0 850.0 1.15830
750.0 850.0 1.09754
850.0 850.0 0.96433
950.0 850.0 0.80684
1050.0 850.0 0.65927
1150.0 850.0 0.53341
1250.0 850.0 0.47782
1350.0 850.0 0.51062
1450.0 850.0 0.61333
1550.0 850.0 0.74638
1650.0 850.0 0.86292
1750.0 850.0 0.92104
1850.0 850.0 0.89440
1950.0 850.0 0.78114
2050.0 850.0 0.61122
2150.0 850.0 0.41200
2250.0 850.0 0.14487
2350.0 850.0 -0.18709
2450.0 850.0 -0.54433
2550.0 850.0 -0.87719
2650.0 850.0 -1.14469
2750.0 850.0 -1.32596
2850.0 850.0 -1.42426
2950.0 850.0 -1.46342
3050.0 850.0 -1.47698
3150.0 850.0 -1.45210
3250.0 850.0 -1.31184
3350.0 850.0 -1.05758
3450.0 850.0 -0.74855
3550.0 850.0 -0.46316
3650.0 850.0 -0.27022
3750.0 850.0 -0.21040
3850.0 850.0 -0.28755
3950.0 850.0 -0.47026
4050.0 850.0 -0.70337
4150.0 850.0 -0.93521
4250.0 850.0 -1.12388
4350.0 850.0 -1.22044
4450.0 850.0 -1.19162
4550.0 850.0 -1.03634
4650.0 850.0 -0.79011
4750.0 850.0 -0.51730
4850.0 850.0 -0.29133
4950.0 850.0 -0.16277
5050.0 850.0 -0.11558
5150.0 850.0 -0.07831
5250.0 850.0 -0.03814
5350.0 850.0 0.00061
5450.0 850.0 0.03194
5550.0 850.0 0.05158
5650.0 850.0 0.05880
5750.0 850.0 0.05673
5850.0 850.0 0.05119
5950.0 850.0 0.04793
6050.0 850.0 0.04798
6150.0 850.0 0.00777
6250.0 850.0 -0.12910
6350.0 850.0 -0.33780
50.0 950.0 -0.14730
150.0 950.0 0.02026
250.0 950.0 0.26517
350.0 950.0 0.56943
450.0 950.0 0.86506
550.0 950.0 1.07949
650.0 950.0 1.16549
750.0 950.0 1.11582
850.0 950.0 0.96239
950.0 950.0 0.76012
1050.0 950.0 0.55533
1150.0 950.0 0.37789
1250.0 950.0 0.30320
1350.0 950.0 0.36031
1450.0 950.0 0.52523
1550.0 950.0 0.74180
1650.0 950.0 0.94114
1750.0 950.0 1.05943
1850.0 950.0 1.05422
1950.0 950.0 0.91925
2050.0 950.0 0.69759
2150.0 950.0 0.43225
2250.0 950.0 0.07241
2350.0 950.0 -0.36565
2450.0 950.0 -0.81329
2550.0 950.0 -1.19369
2650.0 950.0 -1.45196
2750.0 950.0 -1.57092
2850.0 950.0 -1.57283
2950.0 950.0 -1.50679
3050.0 950.0 -1.42204
3150.0 950.0 -1.31109
3250.0 950.0 -1.12346
3350.0 950.0 -0.87478
3450.0 950.0 -0.62090
3550.0 950.0 -0.42300
3650.0 950.0 -0.32402
3750.0 950.0 -0.33642
3850.0 950.0 -0.44132
3950.0 950.0 -0.59895
4050.0 950.0 -0.77043
4150.0 950.0 -0.93185
4250.0 950.0 -1.04368
4350.0 950.0 -1.06596
4450.0 950.0 -0.97833
4550.0 950.0 -0.78917
4650.0 950.0 -0.53591
4750.0 950.0 -0.27648
4850.0 950.0 -0.07195
4950.0 950.0 0.03969
5050.0 950.0 0.07818
5150.0 950.0 0.09271
5250.0 950.0 0.06660
5350.0 950.0 -0.00364
5450.0 950.0 -0.10346
5550.0 950.0 -0.20953
5650.0 950.0 -0.29754
5750.0 950.0 -0.34841
5850.0 950.0 -0.35311
5950.0 950.0 -0.31583
6050.0 950.0 -0.25594
6150.0 950.0 -0.22006
6250.0 950.0 -0.24682
6350.0 950.0 -0.32036
50.0 1050.0 -0.33019
150.0 1050.0 -0.16242
250.0 1050.0 0.09986
350.0 1050.0 0.43853
450.0 1050.0 0.77517
550.0 1050.0 1.02383
650.0 1050.0 1.12628
750.0 1050.0 1.06977
850.0 1050.0 0.88733
950.0 1050.0 0.64048
1050.0 1050.0 0.38447
1150.0 1050.0 0.16132
1250.0 1050.0 0.06833
1350.0 1050.0 0.14381
1450.0 1050.0 0.35908
1550.0 1050.0 0.64406
1650.0 1050.0 0.91122
1750.0 1050.0 1.07822
1850.0 1050.0 1.08904
1950.0 1050.0 0.93366
2050.0 1050.0 0.66625
2150.0 1050.0 0.34611
2250.0 1050.0 -0.07819
2350.0 1050.0 -0.57473
2450.0 1050.0 -1.05185
2550.0 1050.0 -1.41590
2650.0 1050.0 -1.60881
2750.0 1050.0 -1.62552
2850.0 1050.0 -1.51134
2950.0 1050.0 -1.33902
3050.0 1050.0 -1.16582
3150.0 1050.0 -0.98025
3250.0 1050.0 -0.75644
3350.0 1050.0 -0.52372
3450.0 1050.0 -0.33408
3550.0 1050.0 -0.23131
3650.0 1050.0 -0.23270
3750.0 1050.0 -0.32317
3850.0 1050.0 -0.46191
3950.0 1050.0 -0.60144
4050.0 1050.0 -0.71913
4150.0 1050.0 -0.82024
4250.0 1050.0 -0.87189
4350.0 1050.0 -0.84340
4450.0 1050.0 -0.72452
4550.0 1050.0 -0.52903
4650.0 1050.0 -0.29235
4750.0 1050.0 -0.06324
4850.0 1050.0 0.11050
4950.0 1050.0 0.20231
5050.0 1050.0 0.23261
5150.0 1050.0 0.22808
5250.0 1050.0 0.14760
5350.0 1050.0 -0.01093
5450.0 1050.0 -0.21557
5550.0 1050.0 -0.42023
5650.0 1050.0 -0.58042
5750.0 1050.0 -0.66486
5850.0 1050.0 -0.66284
5950.0 1050.0 -0.58745
6050.0 1050.0 -0.47461
6150.0 1050.0 -0.37348
6250.0 1050.0 -0.31015
6350.0 1050.0 -0.27760
50.0 1150.0 -0.38826
150.0 1150.0 -0.22149
250.0 1150.0 0.04668
350.0 1150.0 0.39605
450.0 1150.0 0.74160
550.0 1150.0 0.99056
650.0 1150.0 1.08057
750.0 1150.0 0.99872
850.0 1150.0 0.78161
950.0 1150.0 0.49630
1050.0 1150.0 0.20236
1150.0 1150.0 -0.05436
1250.0 1150.0 -0.16390
1350.0 1150.0 -0.08218
1450.0 1150.0 0.15927
1550.0 1150.0 0.48169
1650.0 1150.0 0.78599
1750.0 1150.0 0.97832
1850.0 1150.0 0.99417
1950.0 1150.0 0.82117
2050.0 1150.0 0.52036
2150.0 1150.0 0.16422
2250.0 1150.0 -0.28906
2350.0 1150.0 -0.79218
2450.0 1150.0 -1.23962
2550.0 1150.0 -1.53272
2650.0 1150.0 -1.62039
2750.0 1150.0 -1.51533
2850.0 1150.0 -1.28580
2950.0 1150.0 -1.02305
3050.0 1150.0 -0.78426
3150.0 1150.0 -0.54580
3250.0 1150.0 -0.30007
3350.0 1150.0 -0.08715
3450.0 1150.0 0.04445
3550.0 1150.0 0.06512
3650.0 1150.0 -0.02182
3750.0 1150.0 -0.17940
3850.0 1150.0 -0.34958
3950.0 1150.0 -0.47907
4050.0 1150.0 -0.55837
4150.0 1150.0 -0.61840
4250.0 1150.0 -0.63718
4350.0 1150.0 -0.59258
4450.0 1150.0 -0.47990
4550.0 1150.0 -0.31269
4650.0 1150.0 -0.11980
4750.0 1150.0 0.06155
4850.0 1150.0 0.19648
4950.0 1150.0 0.26712
5050.0 1150.0 0.29076
5150.0 1150.0 0.27492
5250.0 1150.0 0.16528
5350.0 1150.0 -0.03771
5450.0 1150.0 -0.29130
5550.0 1150.0 -0.53681
5650.0 1150.0 -0.71998
5750.0 1150.0 -0.80516
5850.0 1150.0 -0.78345
5950.0 1150.0 -0.67463
6050.0 1150.0 -0.52307
6150.0 1150.0 -0.37852
6250.0 1150.0 -0.26435
6350.0 1150.0 -0.18181
50.0 1250.0 -0.28936
150.0 1250.0 -0.12459
250.0 1250.0 0.13808
350.0 1250.0 0.47483
450.0 1250.0 0.79832
550.0 1250.0 1.01593
650.0 1250.0 1.06805
750.0 1250.0 0.94657
850.0 1250.0 0.69353
950.0 1250.0 0.37997
1050.0 1250.0 0.06490
1150.0 1250.0 -0.21043
1250.0 1250.0 -0.33431
1350.0 1250.0 -0.26120
1450.0 1250.0 -0.02328
1550.0 1250.0 0.29857
1650.0 1250.0 0.60235
1750.0 1250.0 0.79129
1850.0 1250.0 0.79869
1950.0 1250.0 0.61152
2050.0 1250.0 0.29253
2150.0 1250.0 -0.07852
2250.0 1250.0 -0.52759
2350.0 1250.0 -0.99479
2450.0 1250.0 -1.37032
2550.0 1250.0 -1.56085
2650.0 1250.0 -1.52919
2750.0 1250.0 -1.30725
2850.0 1250.0 -0.98240
2950.0 1250.0 -0.65712
3050.0 1250.0 -0.38199
3150.0 1250.0 -0.11655
3250.0 1250.0 0.13758
3350.0 1250.0 0.33410
3450.0 1250.0 0.42679
3550.0 1250.0 0.39468
3650.0 1250.0 0.25340
3750.0 1250.0 0.05283
3850.0 1250.0 -0.13892
3950.0 1250.0 -0.26536
4050.0 1250.0 -0.32488
4150.0 1250.0 -0.36681
4250.0 1250.0 -0.38308
4350.0 1250.0 -0.35871
4450.0 1250.0 -0.28941
4550.0 1250.0 -0.18290
4650.0 1250.0 -0.05736
4750.0 1250.0 0.06283
4850.0 1250.0 0.15423
4950.0 1250.0 0.20422
5050.0 1250.0 0.22334
5150.0 1250.0 0.20581
5250.0 1250.0 0.09832
5350.0 1250.0 -0.09462
5450.0 1250.0 -0.32759
5550.0 1250.0 -0.54201
5650.0 1250.0 -0.68675
5750.0 1250.0 -0.73162
5850.0 1250.0 -0.67382
5950.0 1250.0 -0.53719
6050.0 1250.0 -0.36444
6150.0 1250.0 -0.20313
6250.0 1250.0 -0.08551
6350.0 1250.0 -0.02028
50.0 1350.0 -0.05875
150.0 1350.0 0.10343
250.0 1350.0 0.35266
350.0 1350.0 0.66056
450.0 1350.0 0.94093
550.0 1350.0 1.10637
650.0 1350.0 1.10489
750.0 1350.0 0.93646
850.0 1350.0 0.64952
950.0 1350.0 0.31754
1050.0 1350.0 -0.00450
1150.0 1350.0 -0.28603
1250.0 1350.0 -0.42242
1350.0 1350.0 -0.37018
1450.0 1350.0 -0.16033
1550.0 1350.0 0.12951
1650.0 1350.0 0.40165
1750.0 1350.0 0.56347
1850.0 1350.0 0.55129
1950.0 1350.0 0.35284
2050.0 1350.0 0.02829
2150.0 1350.0 -0.34134
2250.0 1350.0 -0.76430
2350.0 1350.0 -1.17173
2450.0 1350.0 -1.45668
2550.0 1350.0 -1.53738
2650.0 1350.0 -1.39331
2750.0 1350.0 -1.07397
2850.0 1350.0 -0.68053
2950.0 1350.0 -0.32023
3050.0 1350.0 -0.03362
3150.0 1350.0 0.23778
3250.0 1350.0 0.49129
3350.0 1350.0 0.67853
3450.0 1350.0 0.75428
3550.0 1350.0 0.70073
3650.0 1350.0 0.53783
3750.0 1350.0 0.31991
3850.0 1350.0 0.11842
3950.0 1350.0 -0.00919
4050.0 1350.0 -0.06418
4150.0 1350.0 -0.10664
4250.0 1350.0 -0.14382
4350.0 1350.0 -0.16636
4450.0 1350.0 -0.16649
4550.0 1350.0 -0.14207
4650.0 1350.0 -0.09815
4750.0 1350.0 -0.04591
4850.0 1350.0 0.00082
4950.0 1350.0 0.03171
5050.0 1350.0 0.04821
5150.0 1350.0 0.03698
5250.0 1350.0 -0.04228
5350.0 1350.0 -0.17972
5450.0 1350.0 -0.33408
5550.0 1350.0 -0.45740
5650.0 1350.0 -0.51243
5750.0 1350.0 -0.48266
5850.0 1350.0 -0.37500
5950.0 1350.0 -0.21513
6050.0 1350.0 -0.03569
6150.0 1350.0 0.12042
6250.0 1350.0 0.20274
6350.0 1350.0 0.19589
50.0 1450.0 0.22893
150.0 1450.0 0.38571
250.0 1450.0 0.61548
350.0 1450.0 0.88523
450.0 1450.0 1.11169
550.0 1450.0 1.21511
650.0 1450.0 1.15318
750.0 1450.0 0.93507
850.0 1450.0 0.61561
950.0 1450.0 0.26965
1050.0 1450.0 -0.05352
1150.0 1450.0 -0.33604
1250.0 1450.0 -0.48334
1350.0 1450.0 -0.45519
1450.0 1450.0 -0.28082
1550.0 1450.0 -0.03275
1650.0 1450.0 0.19804
1750.0 1450.0 0.32557
1850.0 1450.0 0.29093
1950.0 1450.0 0.08310
2050.0 1450.0 -0.24179
2150.0 1450.0 -0.60347
2250.0 1450.0 -0.99199
2350.0 1450.0 -1.33104
2450.0 1450.0 -1.51927
2550.0 1450.0 -1.48875
2650.0 1450.0 -1.23644
2750.0 1450.0 -0.82856
2850.0 1450.0 -0.37781
2950.0 1450.0 0.00638
3050.0 1450.0 0.29476
3150.0 1450.0 0.56369
3250.0 1450.0 0.81197
3350.0 1450.0 0.99084
3450.0 1450.0 1.05600
3550.0 1450.0 0.99125
3650.0 1450.0 0.81827
3750.0 1450.0 0.59278
3850.0 1450.0 0.38694
3950.0 1450.0 0.25801
4050.0 1450.0 0.20344
4150.0 1450.0 0.15478
4250.0 1450.0 0.08820
4350.0 1450.0 0.00776
4450.0 1450.0 -0.07359
4550.0 1450.0 -0.14186
4650.0 1450.0 -0.18736
4750.0 1450.0 -0.20737
4850.0 1450.0 -0.20629
4950.0 1450.0 -0.19326
5050.0 1450.0 -0.17722
5150.0 1450.0 -0.17739
5250.0 1450.0 -0.21647
5350.0 1450.0 -0.27918
5450.0 1450.0 -0.33150
5550.0 1450.0 -0.34053
5650.0 1450.0 -0.28709
5750.0 1450.0 -0.17122
5850.0 1450.0 -0.01045
5950.0 1450.0 0.16907
6050.0 1450.0 0.34813
6150.0 1450.0 0.49001
6250.0 1450.0 0.52394
6350.0 1450.0 0.42844
50.0 1550.0 0.60672
150.0 1550.0 0.73701
250.0 1550.0 0.91907
350.0 1550.0 1.11661
450.0 1550.0 1.25517
550.0 1550.0 1.26913
650.0 1550.0 1.13029
750.0 1550.0 0.85802
850.0 1550.0 0.51110
950.0 1550.0 0.16114
1050.0 1550.0 -0.15243
1150.0 1550.0 -0.42580
1250.0 1550.0 -0.57574
1350.0 1550.0 -0.56595
1450.0 1550.0 -0.42361
1550.0 1550.0 -0.21522
1650.0 1550.0 -0.02376
1750.0 1550.0 0.07270
1850.0 1550.0 0.02106
1950.0 1550.0 -0.18817
2050.0 1550.0 -0.50359
2150.0 1550.0 -0.84537
2250.0 1550.0 -1.18160
2350.0 1550.0 -1.43013
2450.0 1550.0 -1.50006
2550.0 1550.0 -1.34243
2650.0 1550.0 -0.97502
2750.0 1550.0 -0.48127
2850.0 1550.0 0.01676
2950.0 1550.0 0.41127
3050.0 1550.0 0.68744
3150.0 1550.0 0.93913
3250.0 1550.0 1.16541
3350.0 1550.0 1.31921
3450.0 1550.0 1.36057
3550.0 1550.0 1.27755
3650.0 1550.0 1.09436
3750.0 1550.0 0.86676
3850.0 1550.0 0.66464
3950.0 1550.0 0.54183
4050.0 1550.0 0.49322
4150.0 1550.0 0.44023
4250.0 1550.0 0.33566
4350.0 1550.0 0.17695
4450.0 1550.0 -0.01427
4550.0 1550.0 -0.20617
4650.0 1550.0 -0.36790
4750.0 1550.0 -0.47758
4850.0 1550.0 -0.52755
4950.0 1550.0 -0.52646
5050.0 1550.0 -0.49846
5150.0 1550.0 -0.47065
5250.0 1550.0 -0.44339
5350.0 1550.0 -0.39878
5450.0 1550.0 -0.31728
5550.0 1550.0 -0.18840
5650.0 1550.0 -0.01575
5750.0 1550.0 0.18329
5850.0 1550.0 0.38362
5950.0 1550.0 0.56385
6050.0 1550.0 0.72270
6150.0 1550.0 0.83410
6250.0 1550.0 0.81429
6350.0 1550.0 0.63862
50.0 1650.0 1.04811
150.0 1650.0 1.11915
250.0 1650.0 1.21380
350.0 1650.0 1.29620
450.0 1650.0 1.30941
550.0 1650.0 1.20998
650.0 1650.0 0.98775
750.0 1650.0 0.67082
850.0 1650.0 0.31573
950.0 1650.0 -0.01718
1050.0 1650.0 -0.30322
1150.0 1650.0 -0.55119
1250.0 1650.0 -0.69009
1350.0 1650.0 -0.68849
1450.0 1650.0 -0.57120
1550.0 1650.0 -0.39741
1650.0 1650.0 -0.24035
1750.0 1650.0 -0.16835
1850.0 1650.0 -0.22734
1950.0 1650.0 -0.42479
2050.0 1650.0 -0.71510
2150.0 1650.0 -1.01914
2250.0 1650.0 -1.28081
2350.0 1650.0 -1.41603
2450.0 1650.0 -1.35122
2550.0 1650.0 -1.06201
2650.0 1650.0 -0.58902
2750.0 1650.0 -0.03058
2850.0 1650.0 0.48766
2950.0 1650.0 0.86600
3050.0 1650.0 1.10705
3150.0 1650.0 1.31834
3250.0 1650.0 1.49739
3350.0 1650.0 1.60256
3450.0 1650.0 1.60336
3550.0 1650.0 1.49575
3650.0 1650.0 1.30700
3750.0 1650.0 1.09002
3850.0 1650.0 0.90714
3950.0 1650.0 0.80349
4050.0 1650.0 0.76986
4150.0 1650.0 0.71728
4250.0 1650.0 0.56836
4350.0 1650.0 0.31311
4450.0 1650.0 -0.01373
4550.0 1650.0 -0.35584
4650.0 1650.0 -0.65448
4750.0 1650.0 -0.86372
4850.0 1650.0 -0.96178
4950.0 1650.0 -0.95840
5050.0 1650.0 -0.89808
5150.0 1650.0 -0.81723
5250.0 1650.0 -0.68992
5350.0 1650.0 -0.50141
5450.0 1650.0 -0.25675
5550.0 1650.0 0.02349
5650.0 1650.0 0.30913
5750.0 1650.0 0.56783
5850.0 1650.0 0.77414
5950.0 1650.0 0.92007
6050.0 1650.0 1.02660
6150.0 1650.0 1.08291
6250.0 1650.0 1.00594
6350.0 1650.0 0.77317
50.0 1750.0 1.43800
150.0 1750.0 1.42000
250.0 1750.0 1.39706
350.0 1750.0 1.33964
450.0 1750.0 1.21550
550.0 1750.0 1.00773
650.0 1750.0 0.72364
750.0 1750.0 0.39434
850.0 1750.0 0.06510
950.0 1750.0 -0.22353
1050.0 1750.0 -0.46384
1150.0 1750.0 -0.67087
1250.0 1750.0 -0.78508
1350.0 1750.0 -0.78068
1450.0 1750.0 -0.67982
1550.0 1750.0 -0.53350
1650.0 1750.0 -0.40388
1750.0 1750.0 -0.34817
1850.0 1750.0 -0.40408
1950.0 1750.0 -0.57668
2050.0 1750.0 -0.82692
2150.0 1750.0 -1.07801
2250.0 1750.0 -1.25262
2350.0 1750.0 -1.27053
2450.0 1750.0 -1.08058
2550.0 1750.0 -0.68483
2650.0 1750.0 -0.14409
2750.0 1750.0 0.43512
2850.0 1750.0 0.93213
2950.0 1750.0 1.26229
3050.0 1750.0 1.44555
3150.0 1750.0 1.59489
3250.0 1750.0 1.70497
3350.0 1750.0 1.74352
3450.0 1750.0 1.69405
3550.0 1750.0 1.56303
3650.0 1750.0 1.38017
3750.0 1750.0 1.19163
3850.0 1750.0 1.04646
3950.0 1750.0 0.97596
4050.0 1750.0 0.96609
4150.0 1750.0 0.92073
4250.0 1750.0 0.73161
4350.0 1750.0 0.38240
4450.0 1750.0 -0.07663
4550.0 1750.0 -0.56226
4650.0 1750.0 -0.98654
4750.0 1750.0 -1.27954
4850.0 1750.0 -1.40673
4950.0 1750.0 -1.38088
5050.0 1750.0 -1.26819
5150.0 1750.0 -1.11319
5250.0 1750.0 -0.86499
5350.0 1750.0 -0.51925
5450.0 1750.0 -0.11329
5550.0 1750.0 0.29731
5650.0 1750.0 0.65757
5750.0 1750.0 0.92739
5850.0 1750.0 1.09117
5950.0 1750.0 1.16289
6050.0 1750.0 1.18595
6150.0 1750.0 1.16559
6250.0 1750.0 1.03518
6350.0 1750.0 0.78032
50.0 1850.0 1.65654
150.0 1850.0 1.53207
250.0 1850.0 1.38161
350.0 1850.0 1.18849
450.0 1850.0 0.94845
550.0 1850.0 0.66994
650.0 1850.0 0.37202
750.0 1850.0 0.07981
850.0 1850.0 -0.18240
950.0 1850.0 -0.40043
1050.0 1850.0 -0.58196
1150.0 1850.0 -0.73795
1250.0 1850.0 -0.81796
1350.0 1850.0 -0.80204
1450.0 1850.0 -0.70969
1550.0 1850.0 -0.58345
1650.0 1850.0 -0.47400
1750.0 1850.0 -0.42702
1850.0 1850.0 -0.47161
1950.0 1850.0 -0.61032
2050.0 1850.0 -0.81083
2150.0 1850.0 -1.00140
2250.0 1850.0 -1.09167
2350.0 1850.0 -1.01146
2450.0 1850.0 -0.73373
2550.0 1850.0 -0.28371
2650.0 1850.0 0.26498
2750.0 1850.0 0.80740
2850.0 1850.0 1.23731
2950.0 1850.0 1.49037
3050.0 1850.0 1.60020
3150.0 1850.0 1.67441
3250.0 1850.0 1.70435
3350.0 1850.0 1.67021
3450.0 1850.0 1.57197
3550.0 1850.0 1.42719
3650.0 1850.0 1.26617
3750.0 1850.0 1.12459
3850.0 1850.0 1.03356
3950.0 1850.0 1.00710
4050.0 1850.0 1.02686
4150.0 1850.0 0.99597
4250.0 1850.0 0.78190
4350.0 1850.0 0.36500
4450.0 1850.0 -0.18948
4550.0 1850.0 -0.77486
4650.0 1850.0 -1.27931
4750.0 1850.0 -1.61483
4850.0 1850.0 -1.73902
4950.0 1850.0 -1.66954
5050.0 1850.0 -1.49076
5150.0 1850.0 -1.25148
5250.0 1850.0 -0.88293
5350.0 1850.0 -0.39795
5450.0 1850.0 0.13133
5550.0 1850.0 0.61711
5650.0 1850.0 0.98730
5750.0 1850.0 1.20479
5850.0 1850.0 1.27449
5950.0 1850.0 1.23825
6050.0 1850.0 1.15714
6150.0 1850.0 1.04851
6250.0 1850.0 0.87566
6350.0 1850.0 0.63731
50.0 1950.0 1.63393
150.0 1950.0 1.40247
250.0 1950.0 1.13706
350.0 1950.0 0.83932
450.0 1950.0 0.53162
550.0 1950.0 0.24141
650.0 1950.0 -0.00970
750.0 1950.0 -0.21226
850.0 1950.0 -0.37062
950.0 1950.0 -0.49988
1050.0 1950.0 -0.61820
1150.0 1950.0 -0.72116
1250.0 1950.0 -0.76409
1350.0 1950.0 -0.73259
1450.0 1950.0 -0.64368
1550.0 1950.0 -0.53189
1650.0 1950.0 -0.43706
1750.0 1950.0 -0.39393
1850.0 1950.0 -0.42339
1950.0 1950.0 -0.52556
2050.0 1950.0 -0.67451
2150.0 1950.0 -0.80655
2250.0 1950.0 -0.82931
2350.0 1950.0 -0.68760
2450.0 1950.0 -0.37622
2550.0 1950.0 0.06364
2650.0 1950.0 0.55553
2750.0 1950.0 1.00617
2850.0 1950.0 1.33140
2950.0 1950.0 1.48941
3050.0 1950.0 1.52136
3150.0 1950.0 1.51906
3250.0 1950.0 1.47110
3350.0 1950.0 1.37153
3450.0 1950.0 1.23657
3550.0 1950.0 1.09325
3650.0 1950.0 0.97007
3750.0 1950.0 0.88951
3850.0 1950.0 0.86253
3950.0 1950.0 0.88499
4050.0 1950.0 0.93577
4150.0 1950.0 0.92500
4250.0 1950.0 0.70792
4350.0 1950.0 0.26549
4450.0 1950.0 -0.32533
4550.0 1950.0 -0.94255
4650.0 1950.0 -1.46083
4750.0 1950.0 -1.78416
4850.0 1950.0 -1.86925
4950.0 1950.0 -1.73985
5050.0 1950.0 -1.49123
5150.0 1950.0 -1.17106
5250.0 1950.0 -0.70340
5350.0 1950.0 -0.12281
5450.0 1950.0 0.46702
5550.0 1950.0 0.95464
5650.0 1950.0 1.26219
5750.0 1950.0 1.36685
5850.0 1950.0 1.30218
5950.0 1950.0 1.13954
6050.0 1950.0 0.94946
6150.0 1950.0 0.75393
6250.0 1950.0 0.55374
6350.0 1950.0 0.36332
50.0 2050.0 1.37564
150.0 2050.0 1.05350
250.0 2050.0 0.70404
350.0 2050.0 0.34984
450.0 2050.0 0.03427
550.0 2050.0 -0.20566
650.0 2050.0 -0.35555
750.0 2050.0 -0.42904
850.0 2050.0 -0.46242
950.0 2050.0 -0.49837
1050.0 2050.0 -0.55890
1150.0 2050.0 -0.61550
1250.0 2050.0 -0.62592
1350.0 2050.0 -0.58061
1450.0 2050.0 -0.49443
1550.0 2050.0 -0.39496
1650.0 2050.0 -0.31261
1750.0 2050.0 -0.27258
1850.0 2050.0 -0.28864
1950.0 2050.0 -0.35879
2050.0 2050.0 -0.46266
2150.0 2050.0 -0.54695
2250.0 2050.0 -0.52778
2350.0 2050.0 -0.36705
2450.0 2050.0 -0.07606
2550.0 2050.0 0.29709
2650.0 2050.0 0.68248
2750.0 2050.0 1.00588
2850.0 2050.0 1.20862
2950.0 2050.0 1.27002
3050.0 2050.0 1.23206
3150.0 2050.0 1.16394
3250.0 2050.0 1.05285
3350.0 2050.0 0.90603
3450.0 2050.0 0.75306
3550.0 2050.0 0.62727
3650.0 2050.0 0.55303
3750.0 2050.0 0.53882
3850.0 2050.0 0.57629
3950.0 2050.0 0.64511
4050.0 2050.0 0.72349
4150.0 2050.0 0.73518
4250.0 2050.0 0.53678
4350.0 2050.0 0.11370
4450.0 2050.0 -0.45049
4550.0 2050.0 -1.02872
4650.0 2050.0 -1.49438
4750.0 2050.0 -1.75438
4850.0 2050.0 -1.77145
4950.0 2050.0 -1.57570
5050.0 2050.0 -1.26451
5150.0 2050.0 -0.87911
5250.0 2050.0 -0.34750
5350.0 2050.0 0.27324
5450.0 2050.0 0.85574
5550.0 2050.0 1.27653
5650.0 2050.0 1.46350
5750.0 2050.0 1.41639
5850.0 2050.0 1.20058
5950.0 2050.0 0.91393
6050.0 2050.0 0.62726
6150.0 2050.0 0.35859
6250.0 2050.0 0.14549
6350.0 2050.0 0.01767
50.0 2150.0 0.95795
150.0 2150.0 0.57400
250.0 2150.0 0.18115
350.0 2150.0 -0.17810
450.0 2150.0 -0.44769
550.0 2150.0 -0.59089
650.0 2150.0 -0.60792
750.0 2150.0 -0.53834
850.0 2150.0 -0.44817
950.0 2150.0 -0.40178
1050.0 2150.0 -0.41856
1150.0 2150.0 -0.44239
1250.0 2150.0 -0.43123
1350.0 2150.0 -0.37941
1450.0 2150.0 -0.30001
1550.0 2150.0 -0.21498
1650.0 2150.0 -0.14712
1750.0 2150.0 -0.11397
1850.0 2150.0 -0.12359
1950.0 2150.0 -0.17230
2050.0 2150.0 -0.24422
2150.0 2150.0 -0.29745
2250.0 2150.0 -0.26331
2350.0 2150.0 -0.11943
2450.0 2150.0 0.11346
2550.0 2150.0 0.38842
2650.0 2150.0 0.64814
2750.0 2150.0 0.83964
2850.0 2150.0 0.92793
2950.0 2150.0 0.90860
3050.0 2150.0 0.81918
3150.0 2150.0 0.70525
3250.0 2150.0 0.55442
3350.0 2150.0 0.38438
3450.0 2150.0 0.23343
3550.0 2150.0 0.13728
3650.0 2150.0 0.11466
3750.0 2150.0 0.16149
3850.0 2150.0 0.25386
3950.0 2150.0 0.35954
4050.0 2150.0 0.45807
4150.0 2150.0 0.49044
4250.0 2150.0 0.32574
4350.0 2150.0 -0.04378
4450.0 2150.0 -0.53322
4550.0 2150.0 -1.01988
4650.0 2150.0 -1.38622
4750.0 2150.0 -1.55075
4850.0 2150.0 -1.48703
4950.0 2150.0 -1.23061
5050.0 2150.0 -0.87334
5150.0 2150.0 -0.44644
5250.0 2150.0 0.11009
5350.0 2150.0 0.71985
5450.0 2150.0 1.24215
5550.0 2150.0 1.55289
5650.0 2150.0 1.59383
5750.0 2150.0 1.39004
5850.0 2150.0 1.03573
5950.0 2150.0 0.64832
6050.0 2150.0 0.29154
6150.0 2150.0 -0.02782
6250.0 2150.0 -0.24433
6350.0 2150.0 -0.31665
50.0 2250.0 0.49379
150.0 2250.0 0.08135
250.0 2250.0 -0.31549
350.0 2250.0 -0.63853
450.0 2250.0 -0.82773
550.0 2250.0 -0.85432
650.0 2250.0 -0.73648
750.0 2250.0 -0.53743
850.0 2250.0 -0.34607
950.0 2250.0 -0.24010
1050.0 2250.0 -0.23168
1150.0 2250.0 -0.23940
1250.0 2250.0 -0.22077
1350.0 2250.0 -0.17306
1450.0 2250.0 -0.10793
1550.0 2250.0 -0.04293
1650.0 2250.0 0.00500
1750.0 2250.0 0.02421
1850.0 2250.0 0.01093
1950.0 2250.0 -0.02990
2050.0 2250.0 -0.08593
2150.0 2250.0 -0.12607
2250.0 2250.0 -0.09832
2350.0 2250.0 0.00833
2450.0 2250.0 0.17048
2550.0 2250.0 0.34756
2650.0 2250.0 0.49615
2750.0 2250.0 0.58140
2850.0 2250.0 0.58559
2950.0 2250.0 0.51378
3050.0 2250.0 0.39652
3150.0 2250.0 0.26042
3250.0 2250.0 0.09529
3350.0 2250.0 -0.07456
3450.0 2250.0 -0.20737
3550.0 2250.0 -0.26861
3650.0 2250.0 -0.24555
3750.0 2250.0 -0.15166
3850.0 2250.0 -0.02092
3950.0 2250.0 0.10802
4050.0 2250.0 0.21743
4150.0 2250.0 0.26524
4250.0 2250.0 0.13905
4350.0 2250.0 -0.16153
4450.0 2250.0 -0.55450
4550.0 2250.0 -0.92770
4650.0 2250.0 -1.17869
4750.0 2250.0 -1.24185
4850.0 2250.0 -1.10305
4950.0 2250.0 -0.80163
5050.0 2250.0 -0.41925
5150.0 2250.0 0.02395
5250.0 2250.0 0.57274
5350.0 2250.0 1.13764
5450.0 2250.0 1.57465
5550.0 2250.0 1.76722
5650.0 2250.0 1.67389
5750.0 2250.0 1.34186
5850.0 2250.0 0.88620
5950.0 2250.0 0.43498
6050.0 2250.0 0.04107
6150.0 2250.0 -0.30407
6250.0 2250.0 -0.52166
6350.0 2250.0 -0.56428
50.0 2350.0 0.06906
150.0 2350.0 -0.34578
250.0 2350.0 -0.71990
350.0 2350.0 -0.98439
450.0 2350.0 -1.08153
550.0 2350.0 -0.99455
650.0 2350.0 -0.75927
750.0 2350.0 -0.45780
850.0 2350.0 -0.19419
950.0 2350.0 -0.05206
1050.0 2350.0 -0.03426
1150.0 2350.0 -0.03944
1250.0 2350.0 -0.02522
1350.0 2350.0 0.00883
1450.0 2350.0 0.05229
1550.0 2350.0 0.09114
1650.0 2350.0 0.11318
1750.0 2350.0 0.11140
1850.0 2350.0 0.08543
1950.0 2350.0 0.04107
2050.0 2350.0 -0.01210
2150.0 2350.0 -0.05252
2250.0 2350.0 -0.04251
2350.0 2350.0 0.02252
2450.0 2350.0 0.12108
2550.0 2350.0 0.22071
2650.0 2350.0 0.28976
2750.0 2350.0 0.30594
2850.0 2350.0 0.26142
2950.0 2350.0 0.16476
3050.0 2350.0 0.03939
3150.0 2350.0 -0.10004
3250.0 2350.0 -0.26037
3350.0 2350.0 -0.41411
3450.0 2350.0 -0.51999
3550.0 2350.0 -0.54701
3650.0 2350.0 -0.48790
3750.0 2350.0 -0.36224
3850.0 2350.0 -0.20905
3950.0 2350.0 -0.06900
4050.0 2350.0 0.04363
4150.0 2350.0 0.10105
4250.0 2350.0 0.01026
4350.0 2350.0 -0.22265
4450.0 2350.0 -0.52076
4550.0 2350.0 -0.78476
4650.0 2350.0 -0.92871
4750.0 2350.0 -0.90304
4850.0 2350.0 -0.70493
4950.0 2350.0 -0.37581
5050.0 2350.0 0.01422
5150.0 2350.0 0.45514
5250.0 2350.0 0.97746
5350.0 2350.0 1.48480
5450.0 2350.0 1.83668
5550.0 2350.0 1.92772
5650.0 2350.0 1.73203
5750.0 2350.0 1.31285
5850.0 2350.0 0.79737
5950.0 2350.0 0.31685
6050.0 2350.0 -0.08701
6150.0 2350.0 -0.43900
6250.0 2350.0 -0.66057
6350.0 2350.0 -0.70343
50.0 2450.0 -0.32902
150.0 2450.0 -0.73579
250.0 2450.0 -1.07681
350.0 2450.0 -1.27468
450.0 2450.0 -1.27662
550.0 2450.0 -1.07928
650.0 2450.0 -0.73576
750.0 2450.0 -0.34481
850.0 2450.0 -0.02222
950.0 2450.0 0.14560
1050.0 2450.0 0.16581
1150.0 2450.0 0.15689
1250.0 2450.0 0.15995
1350.0 2450.0 0.17332
1450.0 2450.0 0.18833
1550.0 2450.0 0.19507
1650.0 2450.0 0.18631
1750.0 2450.0 0.15963
1850.0 2450.0 0.11770
1950.0 2450.0 0.06675
2050.0 2450.0 0.01321
2150.0 2450.0 -0.03060
2250.0 2450.0 -0.04019
2350.0 2450.0 -0.01571
2450.0 2450.0 0.02455
2550.0 2450.0 0.05649
2650.0 2450.0 0.05921
2750.0 2450.0 0.02081
2850.0 2450.0 -0.05921
2950.0 2450.0 -0.17070
3050.0 2450.0 -0.29709
3150.0 2450.0 -0.43300
3250.0 2450.0 -0.58122
3350.0 2450.0 -0.71228
3450.0 2450.0 -0.78702
3550.0 2450.0 -0.77896
3650.0 2450.0 -0.68637
3750.0 2450.0 -0.53390
3850.0 2450.0 -0.36390
3950.0 2450.0 -0.21736
4050.0 2450.0 -0.10473
4150.0 2450.0 -0.04086
4250.0 2450.0 -0.10014
4350.0 2450.0 -0.27055
4450.0 2450.0 -0.48049
4550.0 2450.0 -0.64327
4650.0 2450.0 -0.68891
4750.0 2450.0 -0.58312
4850.0 2450.0 -0.33354
4950.0 2450.0 0.01674
5050.0 2450.0 0.40887
5150.0 2450.0 0.84223
5250.0 2450.0 1.33415
5350.0 2450.0 1.78372
5450.0 2450.0 2.05588
5550.0 2450.0 2.05688
5650.0 2450.0 1.77506
5750.0 2450.0 1.28688
5850.0 2450.0 0.72825
5950.0 2450.0 0.23113
6050.0 2450.0 -0.17343
6150.0 2450.0 -0.52555
6250.0 2450.0 -0.75086
6350.0 2450.0 -0.80189
50.0 2550.0 -0.70292
150.0 2550.0 -1.08081
250.0 2550.0 -1.36569
350.0 2550.0 -1.47539
450.0 2550.0 -1.36783
550.0 2550.0 -1.05743
650.0 2550.0 -0.61549
750.0 2550.0 -0.15441
850.0 2550.0 0.20413
950.0 2550.0 0.37710
1050.0 2550.0 0.38414
1150.0 2550.0 0.35571
1250.0 2550.0 0.32649
1350.0 2550.0 0.29355
1450.0 2550.0 0.25397
1550.0 2550.0 0.20638
1650.0 2550.0 0.15176
1750.0 2550.0 0.09327
1850.0 2550.0 0.03528
1950.0 2550.0 -0.01845
2050.0 2550.0 -0.06752
2150.0 2550.0 -0.11021
2250.0 2550.0 -0.13611
2350.0 2550.0 -0.14995
2450.0 2550.0 -0.16605
2550.0 2550.0 -0.19926
2650.0 2550.0 -0.25903
2750.0 2550.0 -0.34658
2850.0 2550.0 -0.45518
2950.0 2550.0 -0.57366
3050.0 2550.0 -0.69285
3150.0 2550.0 -0.81578
3250.0 2550.0 -0.93898
3350.0 2550.0 -1.03219
3450.0 2550.0 -1.06135
3550.0 2550.0 -1.00761
3650.0 2550.0 -0.87659
3750.0 2550.0 -0.69812
3850.0 2550.0 -0.51633
3950.0 2550.0 -0.37011
4050.0 2550.0 -0.26430
4150.0 2550.0 -0.20210
4250.0 2550.0 -0.24249
4350.0 2550.0 -0.36783
4450.0 2550.0 -0.51009
4550.0 2550.0 -0.59259
4650.0 2550.0 -0.55858
4750.0 2550.0 -0.38701
4850.0 2550.0 -0.09517
4950.0 2550.0 0.27166
5050.0 2550.0 0.66377
5150.0 2550.0 1.08844
5250.0 2550.0 1.55184
5350.0 2550.0 1.95053
5450.0 2550.0 2.15570
5550.0 2550.0 2.08451
5650.0 2550.0 1.73736
5750.0 2550.0 1.20083
5850.0 2550.0 0.61636
5950.0 2550.0 0.11483
6050.0 2550.0 -0.28199
6150.0 2550.0 -0.62473
6250.0 2550.0 -0.84037
6350.0 2550.0 -0.88272
50.0 2650.0 -0.98847
150.0 2650.0 -1.30618
250.0 2650.0 -1.50388
350.0 2650.0 -1.50170
450.0 2650.0 -1.27652
550.0 2650.0 -0.86533
650.0 2650.0 -0.35646
750.0 2650.0 0.13117
850.0 2650.0 0.48089
950.0 2650.0 0.62313
1050.0 2650.0 0.59229
1150.0 2650.0 0.52080
1250.0 2650.0 0.43079
1350.0 2650.0 0.32048
1450.0 2650.0 0.19820
1550.0 2650.0 0.07636
1650.0 2650.0 -0.03316
1750.0 2650.0 -0.12229
1850.0 2650.0 -0.18857
1950.0 2650.0 -0.23564
2050.0 2650.0 -0.27222
2150.0 2650.0 -0.30646
2250.0 2650.0 -0.34154
2350.0 2650.0 -0.38616
2450.0 2650.0 -0.44983
2550.0 2650.0 -0.53756
2650.0 2650.0 -0.64731
2750.0 2650.0 -0.77016
2850.0 2650.0 -0.89316
2950.0 2650.0 -1.00496
3050.0 2650.0 -1.10410
3150.0 2650.0 -1.20008
3250.0 2650.0 -1.28119
3350.0 2650.0 -1.31872
3450.0 2650.0 -1.28802
3550.0 2650.0 -1.18137
3650.0 2650.0 -1.01319
3750.0 2650.0 -0.81725
3850.0 2650.0 -0.63610
3950.0 2650.0 -0.50273
4050.0 2650.0 -0.41450
4150.0 2650.0 -0.36694
4250.0 2650.0 -0.40969
4350.0 2650.0 -0.52036
4450.0 2650.0 -0.63156
4550.0 2650.0 -0.67172
4650.0 2650.0 -0.59232
4750.0 2650.0 -0.38156
4850.0 2650.0 -0.06447
4950.0 2650.0 0.31062
5050.0 2650.0 0.69935
5150.0 2650.0 1.11405
5250.0 2650.0 1.55349
5350.0 2650.0 1.91511
5450.0 2650.0 2.07731
5550.0 2650.0 1.96645
5650.0 2650.0 1.59085
5750.0 2650.0 1.04161
5850.0 2650.0 0.46039
5950.0 2650.0 -0.02582
6050.0 2650.0 -0.40184
6150.0 2650.0 -0.72106
6250.0 2650.0 -0.90832
6350.0 2650.0 -0.91973
50.0 2750.0 -1.12073
150.0 2750.0 -1.35009
250.0 2750.0 -1.43777
350.0 2750.0 -1.31466
450.0 2750.0 -0.98352
550.0 2750.0 -0.50571
650.0 2750.0 0.01803
750.0 2750.0 0.47246
850.0 2750.0 0.75869
950.0 2750.0 0.83073
1050.0 2750.0 0.73799
1150.0 2750.0 0.60245
1250.0 2750.0 0.43064
1350.0 2750.0 0.22556
1450.0 2750.0 0.01118
1550.0 2750.0 -0.18377
1650.0 2750.0 -0.33708
1750.0 2750.0 -0.43942
1850.0 2750.0 -0.49588
1950.0 2750.0 -0.52258
2050.0 2750.0 -0.53846
2150.0 2750.0 -0.55682
2250.0 2750.0 -0.59165
2350.0 2750.0 -0.65439
2450.0 2750.0 -0.74932
2550.0 2750.0 -0.87224
2650.0 2750.0 -1.01106
2750.0 2750.0 -1.14865
2850.0 2750.0 -1.26774
2950.0 2750.0 -1.35791
3050.0 2750.0 -1.42470
3150.0 2750.0 -1.48151
3250.0 2750.0 -1.50841
3350.0 2750.0 -1.48135
3450.0 2750.0 -1.38835
3550.0 2750.0 -1.23467
3650.0 2750.0 -1.04282
3750.0 2750.0 -0.84747
3850.0 2750.0 -0.68519
3950.0 2750.0 -0.57917
4050.0 2750.0 -0.51892
4150.0 2750.0 -0.49869
4250.0 2750.0 -0.56617
4350.0 2750.0 -0.69551
4450.0 2750.0 -0.81674
4550.0 2750.0 -0.85791
4650.0 2750.0 -0.77275
4750.0 2750.0 -0.55385
4850.0 2750.0 -0.23141
4950.0 2750.0 0.14256
5050.0 2750.0 0.52459
5150.0 2750.0 0.92866
5250.0 2750.0 1.35073
5350.0 2750.0 1.69259
5450.0 2750.0 1.84040
5550.0 2750.0 1.72722
5650.0 2750.0 1.36431
5750.0 2750.0 0.84107
5850.0 2750.0 0.29372
5950.0 2750.0 -0.15736
6050.0 2750.0 -0.50025
6150.0 2750.0 -0.78343
6250.0 2750.0 -0.92763
6350.0 2750.0 -0.89248
50.0 2850.0 -1.06955
150.0 2850.0 -1.19427
250.0 2850.0 -1.16530
350.0 2850.0 -0.93189
450.0 2850.0 -0.52594
550.0 2850.0 -0.03099
650.0 2850.0 0.44703
750.0 2850.0 0.80732
850.0 2850.0 0.97995
950.0 2850.0 0.94985
1050.0 2850.0 0.77901
1150.0 2850.0 0.56761
1250.0 2850.0 0.30778
1350.0 2850.0 0.01153
1450.0 2850.0 -0.27987
1550.0 2850.0 -0.52273
1650.0 2850.0 -0.68863
1750.0 2850.0 -0.77306
1850.0 2850.0 -0.79486
1950.0 2850.0 -0.78660
2050.0 2850.0 -0.77577
2150.0 2850.0 -0.77290
2250.0 2850.0 -0.79817
2350.0 2850.0 -0.86410
2450.0 2850.0 -0.97010
2550.0 2850.0 -1.10449
2650.0 2850.0 -1.24787
2750.0 2850.0 -1.37790
2850.0 2850.0 -1.47541
2950.0 2850.0 -1.53188
3050.0 2850.0 -1.55827
3150.0 2850.0 -1.56929
3250.0 2850.0 -1.53924
3350.0 2850.0 -1.45159
3450.0 2850.0 -1.30835
3550.0 2850.0 -1.12694
3650.0 2850.0 -0.93511
3750.0 2850.0 -0.76416
3850.0 2850.0 -0.64029
3950.0 2850.0 -0.57414
4050.0 2850.0 -0.54879
4150.0 2850.0 -0.56455
4250.0 2850.0 -0.67386
4350.0 2850.0 -0.84878
4450.0 2850.0 -1.01424
4550.0 2850.0 -1.09326
4650.0 2850.0 -1.03656
4750.0 2850.0 -0.83663
4850.0 2850.0 -0.52621
4950.0 2850.0 -0.16126
5050.0 2850.0 0.21176
5150.0 2850.0 0.60550
5250.0 2850.0 1.01715
5350.0 2850.0 1.35554
5450.0 2850.0 1.51441
5550.0 2850.0 1.43086
5650.0 2850.0 1.11463
5750.0 2850.0 0.64828
5850.0 2850.0 0.15817
5950.0 2850.0 -0.24369
6050.0 2850.0 -0.54557
6150.0 2850.0 -0.78580
6250.0 2850.0 -0.88117
6350.0 2850.0 -0.79619
50.0 2950.0 -0.85636
150.0 2950.0 -0.87626
250.0 2950.0 -0.74164
350.0 2950.0 -0.42476
450.0 2950.0 0.01452
550.0 2950.0 0.47587
650.0 2950.0 0.85605
750.0 2950.0 1.07700
850.0 2950.0 1.10430
950.0 2950.0 0.95624
1050.0 2950.0 0.70321
1150.0 2950.0 0.41634
1250.0 2950.0 0.07847
1350.0 2950.0 -0.28594
1450.0 2950.0 -0.61966
1550.0 2950.0 -0.86873
1650.0 2950.0 -1.00510
1750.0 2950.0 -1.03578
1850.0 2950.0 -0.99848
1950.0 2950.0 -0.94382
2050.0 2950.0 -0.90404
2150.0 2950.0 -0.87813
2250.0 2950.0 -0.88719
2350.0 2950.0 -0.94336
2450.0 2950.0 -1.04202
2550.0 2950.0 -1.16647
2650.0 2950.0 -1.29320
2750.0 2950.0 -1.39783
2850.0 2950.0 -1.46161
2950.0 2950.0 -1.47848
3050.0 2950.0 -1.46277
3150.0 2950.0 -1.42869
3250.0 2950.0 -1.34880
3350.0 2950.0 -1.21601
3450.0 2950.0 -1.04536
3550.0 2950.0 -0.86326
3650.0 2950.0 -0.69853
3750.0 2950.0 -0.57481
3850.0 2950.0 -0.50474
3950.0 2950.0 -0.48559
4050.0 2950.0 -0.49679
4150.0 2950.0 -0.55082
4250.0 2950.0 -0.70920
4350.0 2950.0 -0.94291
4450.0 2950.0 -1.17062
4550.0 2950.0 -1.30780
4650.0 2950.0 -1.29903
4750.0 2950.0 -1.13379
4850.0 2950.0 -0.84549
4950.0 2950.0 -0.49385
5050.0 2950.0 -0.13050
5150.0 2950.0 0.25402
5250.0 2950.0 0.66067
5350.0 2950.0 1.00636
5450.0 2950.0 1.19164
5550.0 2950.0 1.15556
5650.0 2950.0 0.90364
5750.0 2950.0 0.50888
5850.0 2950.0 0.08584
5950.0 2950.0 -0.26218
6050.0 2950.0 -0.52172
6150.0 2950.0 -0.71939
6250.0 2950.0 -0.77052
6350.0 2950.0 -0.64533
50.0 3050.0 -0.55251
150.0 3050.0 -0.48338
250.0 3050.0 -0.26815
350.0 3050.0 0.09760
450.0 3050.0 0.53130
550.0 3050.0 0.92280
650.0 3050.0 1.17756
750.0 3050.0 1.24351
850.0 3050.0 1.12172
950.0 3050.0 0.86075
1050.0 3050.0 0.53474
1150.0 3050.0 0.18472
1250.0 3050.0 -0.20830
1350.0 3050.0 -0.60574
1450.0 3050.0 -0.93835
1550.0 3050.0 -1.14853
1650.0 3050.0 -1.21547
1750.0 3050.0 -1.16298
1850.0 3050.0 -1.05003
1950.0 3050.0 -0.94420
2050.0 3050.0 -0.87770
2150.0 3050.0 -0.83099
2250.0 3050.0 -0.82189
2350.0 3050.0 -0.86128
2450.0 3050.0 -0.94166
2550.0 3050.0 -1.04365
2650.0 3050.0 -1.14235
2750.0 3050.0 -1.21371
2850.0 3050.0 -1.24081
2950.0 3050.0 -1.22009
3050.0 3050.0 -1.16742
3150.0 3050.0 -1.09595
3250.0 3050.0 -0.98088
3350.0 3050.0 -0.82502
3450.0 3050.0 -0.65335
3550.0 3050.0 -0.49693
3650.0 3050.0 -0.38132
3750.0 3050.0 -0.31960
3850.0 3050.0 -0.30988
3950.0 3050.0 -0.33733
4050.0 3050.0 -0.38094
4150.0 3050.0 -0.46859
4250.0 3050.0 -0.67124
4350.0 3050.0 -0.95928
4450.0 3050.0 -1.24569
4550.0 3050.0 -1.43867
4650.0 3050.0 -1.47667
4750.0 3050.0 -1.34575
4850.0 3050.0 -1.07935
4950.0 3050.0 -0.74038
5050.0 3050.0 -0.38553
5150.0 3050.0 -0.00863
5250.0 3050.0 0.39522
5350.0 3050.0 0.75020
5450.0 3050.0 0.96248
5550.0 3050.0 0.97224
5650.0 3050.0 0.78058
5750.0 3050.0 0.45154
5850.0 3050.0 0.08899
5950.0 3050.0 -0.21142
6050.0 3050.0 -0.43414
6150.0 3050.0 -0.59683
6250.0 3050.0 -0.61707
6350.0 3050.0 -0.47110
50.0 3150.0 -0.25893
150.0 3150.0 -0.12844
250.0 3150.0 0.13524
350.0 3150.0 0.51754
450.0 3150.0 0.92102
550.0 3150.0 1.23224
650.0 3150.0 1.36760
750.0 3150.0 1.29821
850.0 3150.0 1.05369
950.0 3150.0 0.70500
1050.0 3150.0 0.32619
1150.0 3150.0 -0.06590
1250.0 3150.0 -0.48462
1350.0 3150.0 -0.87786
1450.0 3150.0 -1.16984
1550.0 3150.0 -1.30593
1650.0 3150.0 -1.27773
1750.0 3150.0 -1.12804
1850.0 3150.0 -0.93606
1950.0 3150.0 -0.78262
2050.0 3150.0 -0.69557
2150.0 3150.0 -0.63381
2250.0 3150.0 -0.61008
2350.0 3150.0 -0.63391
2450.0 3150.0 -0.69609
2550.0 3150.0 -0.77606
2650.0 3150.0 -0.84891
2750.0 3150.0 -0.89177
2850.0 3150.0 -0.88969
2950.0 3150.0 -0.84099
3050.0 3150.0 -0.76205
3150.0 3150.0 -0.66586
3250.0 3150.0 -0.53375
3350.0 3150.0 -0.37712
3450.0 3150.0 -0.22672
3550.0 3150.0 -0.11374
3650.0 3150.0 -0.05750
3750.0 3150.0 -0.05982
3850.0 3150.0 -0.10588
3950.0 3150.0 -0.17181
4050.0 3150.0 -0.23898
4150.0 3150.0 -0.34971
4250.0 3150.0 -0.58083
4350.0 3150.0 -0.90179
4450.0 3150.0 -1.22200
4550.0 3150.0 -1.44566
4650.0 3150.0 -1.50822
4750.0 3150.0 -1.39466
4850.0 3150.0 -1.13931
4950.0 3150.0 -0.80744
5050.0 3150.0 -0.45841
5150.0 3150.0 -0.08752
5250.0 3150.0 0.31175
5350.0 3150.0 0.66830
5450.0 3150.0 0.89273
5550.0 3150.0 0.92698
5650.0 3150.0 0.77030
5750.0 3150.0 0.48153
5850.0 3150.0 0.15780
5950.0 3150.0 -0.11055
6050.0 3150.0 -0.30748
6150.0 3150.0 -0.44789
6250.0 3150.0 -0.45576
6350.0 3150.0 -0.31281
50.0 3250.0 -0.06735
150.0 3250.0 0.09282
250.0 3250.0 0.37438
350.0 3250.0 0.75131
450.0 3250.0 1.11960
550.0 3250.0 1.36689
650.0 3250.0 1.41877
750.0 3250.0 1.26163
850.0 3250.0 0.94216
950.0 3250.0 0.54331
1050.0 3250.0 0.13702
1150.0 3250.0 -0.27333
1250.0 3250.0 -0.68969
1350.0 3250.0 -1.04908
1450.0 3250.0 -1.27467
1550.0 3250.0 -1.31976
1650.0 3250.0 -1.19054
1750.0 3250.0 -0.94763
1850.0 3250.0 -0.68636
1950.0 3250.0 -0.49577
2050.0 3250.0 -0.39644
2150.0 3250.0 -0.32722
2250.0 3250.0 -0.29657
2350.0 3250.0 -0.31348
2450.0 3250.0 -0.36778
2550.0 3250.0 -0.43816
2650.0 3250.0 -0.49947
2750.0 3250.0 -0.52922
2850.0 3250.0 -0.51327
2950.0 3250.0 -0.45088
3050.0 3250.0 -0.35880
3150.0 3250.0 -0.25198
3250.0 3250.0 -0.11957
3350.0 3250.0 0.02102
3450.0 3250.0 0.13745
3550.0 3250.0 0.20179
3650.0 3250.0 0.20202
3750.0 3250.0 0.14607
3850.0 3250.0 0.05803
3950.0 3250.0 -0.03315
4050.0 3250.0 -0.11287
4150.0 3250.0 -0.23338
4250.0 3250.0 -0.47089
4350.0 3250.0 -0.79296
4450.0 3250.0 -1.10854
4550.0 3250.0 -1.32289
4650.0 3250.0 -1.37384
4750.0 3250.0 -1.24951
4850.0 3250.0 -0.98719
4950.0 3250.0 -0.65373
5050.0 3250.0 -0.30704
5150.0 3250.0 0.05905
5250.0 3250.0 0.44870
5350.0 3250.0 0.79201
5450.0 3250.0 1.00307
5550.0 3250.0 1.02751
5650.0 3250.0 0.86713
5750.0 3250.0 0.58143
5850.0 3250.0 0.26630
5950.0 3250.0 0.00967
6050.0 3250.0 -0.17478
6150.0 3250.0 -0.30717
6250.0 3250.0 -0.32124
6350.0 3250.0 -0.20311
50.0 3350.0 -0.00291
150.0 3350.0 0.16257
250.0 3350.0 0.44189
350.0 3350.0 0.80473
450.0 3350.0 1.14651
550.0 3350.0 1.35770
650.0 3350.0 1.36938
750.0 3350.0 1.17468
850.0 3350.0 0.82647
950.0 3350.0 0.41106
1050.0 3350.0 -0.00206
1150.0 3350.0 -0.41252
1250.0 3350.0 -0.80798
1350.0 3350.0 -1.11771
1450.0 3350.0 -1.26763
1550.0 3350.0 -1.22128
1650.0 3350.0 -0.99923
1750.0 3350.0 -0.67697
1850.0 3350.0 -0.36126
1950.0 3350.0 -0.14498
2050.0 3350.0 -0.04041
2150.0 3350.0 0.02991
2250.0 3350.0 0.05955
2350.0 3350.0 0.03903
2450.0 3350.0 -0.02086
2550.0 3350.0 -0.09765
2650.0 3350.0 -0.16481
2750.0 3350.0 -0.19862
2850.0 3350.0 -0.18424
2950.0 3350.0 -0.12089
3050.0 3350.0 -0.02626
3150.0 3350.0 0.08060
3250.0 3350.0 0.20262
3350.0 3350.0 0.31891
3450.0 3350.0 0.39852
3550.0 3350.0 0.41836
3650.0 3350.0 0.37336
3750.0 3350.0 0.27864
3850.0 3350.0 0.16386
3950.0 3350.0 0.05972
4050.0 3350.0 -0.02361
4150.0 3350.0 -0.14300
4250.0 3350.0 -0.36778
4350.0 3350.0 -0.66258
4450.0 3350.0 -0.93860
4550.0 3350.0 -1.10681
4650.0 3350.0 -1.11253
4750.0 3350.0 -0.95109
4850.0 3350.0 -0.66494
4950.0 3350.0 -0.32191
5050.0 3350.0 0.02528
5150.0 3350.0 0.38718
5250.0 3350.0 0.76170
5350.0 3350.0 1.07716
5450.0 3350.0 1.25064
5550.0 3350.0 1.23358
5650.0 3350.0 1.03449
5750.0 3350.0 0.71886
5850.0 3350.0 0.38620
5950.0 3350.0 0.12430
6050.0 3350.0 -0.05829
6150.0 3350.0 -0.19352
6250.0 3350.0 -0.22664
6350.0 3350.0 -0.14716
50.0 3450.0 0.01717
150.0 3450.0 0.17980
250.0 3450.0 0.44957
350.0 3450.0 0.79415
450.0 3450.0 1.11058
550.0 3450.0 1.29312
650.0 3450.0 1.27741
750.0 3450.0 1.06079
850.0 3450.0 0.69888
950.0 3450.0 0.27835
1050.0 3450.0 -0.13405
1150.0 3450.0 -0.53759
1250.0 3450.0 -0.90414
1350.0 3450.0 -1.15631
1450.0 3450.0 -1.22467
1550.0 3450.0 -1.08450
1650.0 3450.0 -0.77117
1750.0 3450.0 -0.37426
1850.0 3450.0 -0.01028
1950.0 3450.0 0.22599
2050.0 3450.0 0.33136
2150.0 3450.0 0.39859
2250.0 3450.0 0.42274
2350.0 3450.0 0.39372
2450.0 3450.0 0.32282
2550.0 3450.0 0.23378
2650.0 3450.0 0.15469
2750.0 3450.0 0.11075
2850.0 3450.0 0.11782
2950.0 3450.0 0.17684
3050.0 3450.0 0.26908
3150.0 3450.0 0.37104
3250.0 3450.0 0.47810
3350.0 3450.0 0.56728
3450.0 3450.0 0.61028
3550.0 3450.0 0.58951
3650.0 3450.0 0.50630
3750.0 3450.0 0.38152
3850.0 3450.0 0.24841
3950.0 3450.0 0.13777
4050.0 3450.0 0.05532
4150.0 3450.0 -0.05807
4250.0 3450.0 -0.26313
4350.0 3450.0 -0.52169
4450.0 3450.0 -0.74839
4550.0 3450.0 -0.86144
4650.0 3450.0 -0.81478
4750.0 3450.0 -0.61166
4850.0 3450.0 -0.29957
4950.0 3450.0 0.05334
5050.0 3450.0 0.40056
5150.0 3450.0 0.75703
5250.0 3450.0 1.11299
5350.0 3450.0 1.39453
5450.0 3450.0 1.52225
5550.0 3450.0 1.45449
5650.0 3450.0 1.20787
5750.0 3450.0 0.85509
5850.0 3450.0 0.50017
5950.0 3450.0 0.23084
6050.0 3450.0 0.04946
6150.0 3450.0 -0.08917
6250.0 3450.0 -0.14221
6350.0 3450.0 -0.10237
50.0 3550.0 0.02619
150.0 3550.0 0.17560
250.0 3550.0 0.42066
350.0 3550.0 0.72802
450.0 3550.0 1.00038
550.0 3550.0 1.14020
650.0 3550.0 1.09065
750.0 3550.0 0.85385
850.0 3550.0 0.48638
950.0 3550.0 0.07207
1050.0 3550.0 -0.32793
1150.0 3550.0 -0.71098
1250.0 3550.0 -1.02788
1350.0 3550.0 -1.19598
1450.0 3550.0 -1.15609
1550.0 3550.0 -0.90139
1650.0 3550.0 -0.48636
1750.0 3550.0 -0.01573
1850.0 3550.0 0.38644
1950.0 3550.0 0.62765
2050.0 3550.0 0.71779
2150.0 3550.0 0.76675
2250.0 3550.0 0.77351
2350.0 3550.0 0.72866
2450.0 3550.0 0.64379
2550.0 3550.0 0.54247
2650.0 3550.0 0.45213
2750.0 3550.0 0.39699
2850.0 3550.0 0.39188
2950.0 3550.0 0.43709
3050.0 3550.0 0.51418
3150.0 3550.0 0.59760
3250.0 3550.0 0.67661
3350.0 3550.0 0.72979
3450.0 3550.0 0.73536
3550.0 3550.0 0.68309
3650.0 3550.0 0.57971
3750.0 3550.0 0.44801
3850.0 3550.0 0.31943
3950.0 3550.0 0.22030
4050.0 3550.0 0.15159
4150.0 3550.0 0.05587
4250.0 3550.0 -0.12019
4350.0 3550.0 -0.33896
4450.0 3550.0 -0.52099
4550.0 3550.0 -0.59211
4650.0 3550.0 -0.51282
4750.0 3550.0 -0.29010
4850.0 3550.0 0.02842
4950.0 3550.0 0.37782
5050.0 3550.0 0.71693
5150.0 3550.0 1.05953
5250.0 3550.0 1.38684
5350.0 3550.0 1.62546
5450.0 3550.0 1.70323
5550.0 3550.0 1.58801
5650.0 3550.0 1.30485
5750.0 3550.0 0.93165
5850.0 3550.0 0.57316
5950.0 3550.0 0.31349
6050.0 3550.0 0.14793
6150.0 3550.0 0.02068
6250.0 3550.0 -0.03670
6350.0 3550.0 -0.02162
50.0 3650.0 0.02006
150.0 3650.0 0.14119
250.0 3650.0 0.34115
350.0 3650.0 0.58770
450.0 3650.0 0.79499
550.0 3650.0 0.87928
650.0 3650.0 0.79439
750.0 3650.0 0.54682
850.0 3650.0 0.19054
950.0 3650.0 -0.19854
1050.0 3650.0 -0.56836
1150.0 3650.0 -0.91176
1250.0 3650.0 -1.15389
1350.0 3650.0 -1.21040
1450.0 3650.0 -1.03990
1550.0 3650.0 -0.66027
1650.0 3650.0 -0.14821
1750.0 3650.0 0.37790
1850.0 3650.0 0.79193
1950.0 3650.0 1.01061
2050.0 3650.0 1.06085
2150.0 3650.0 1.06931
2250.0 3650.0 1.04297
2350.0 3650.0 0.97557
2450.0 3650.0 0.87836
2550.0 3650.0 0.77174
2650.0 3650.0 0.67807
2750.0 3650.0 0.61583
2850.0 3650.0 0.59504
2950.0 3650.0 0.61396
3050.0 3650.0 0.65705
3150.0 3650.0 0.70170
3250.0 3650.0 0.73362
3350.0 3650.0 0.73853
3450.0 3650.0 0.70685
3550.0 3650.0 0.63831
3650.0 3650.0 0.54327
3750.0 3650.0 0.44047
3850.0 3650.0 0.35136
3950.0 3650.0 0.29096
4050.0 3650.0 0.25523
4150.0 3650.0 0.19438
4250.0 3650.0 0.06007
4350.0 3650.0 -0.11567
4450.0 3650.0 -0.26289
4550.0 3650.0 -0.31521
4650.0 3650.0 -0.23600
4750.0 3650.0 -0.02927
4850.0 3650.0 0.26486
4950.0 3650.0 0.59005
5050.0 3650.0 0.90882
5150.0 3650.0 1.22534
5250.0 3650.0 1.51045
5350.0 3650.0 1.69565
5450.0 3650.0 1.72128
5550.0 3650.0 1.56802
5650.0 3650.0 1.26919
5750.0 3650.0 0.90408
5850.0 3650.0 0.57225
5950.0 3650.0 0.34865
6050.0 3650.0 0.22081
6150.0 3650.0 0.12736
6250.0 3650.0 0.09017
6350.0 3650.0 0.10519
50.0 3750.0 0.00167
150.0 3750.0 0.08118
250.0 3750.0 0.22031
350.0 3750.0 0.39082
450.0 3750.0 0.52316
550.0 3750.0 0.55128
650.0 3750.0 0.44079
750.0 3750.0 0.20047
850.0 3750.0 -0.12290
950.0 3750.0 -0.46636
1050.0 3750.0 -0.78919
1150.0 3750.0 -1.07677
1250.0 3750.0 -1.22891
1350.0 3750.0 -1.16495
1450.0 3750.0 -0.86706
1550.0 3750.0 -0.38077
1650.0 3750.0 0.19643
1750.0 3750.0 0.73823
1850.0 3750.0 1.12458
1950.0 3750.0 1.28858
2050.0 3750.0 1.27522
2150.0 3750.0 1.22328
2250.0 3750.0 1.15220
2350.0 3750.0 1.06179
2450.0 3750.0 0.96196
2550.0 3750.0 0.86600
2650.0 3750.0 0.78565
2750.0 3750.0 0.72783
2850.0 3750.0 0.69325
2950.0 3750.0 0.67661
3050.0 3750.0 0.66867
3150.0 3750.0 0.65606
3250.0 3750.0 0.62405
3350.0 3750.0 0.57079
3450.0 3750.0 0.50392
3550.0 3750.0 0.43534
3650.0 3750.0 0.37703
3750.0 3750.0 0.33787
3850.0 3750.0 0.32153
3950.0 3750.0 0.32541
4050.0 3750.0 0.34041
4150.0 3750.0 0.32991
4250.0 3750.0 0.24767
4350.0 3750.0 0.11509
4450.0 3750.0 -0.01034
4550.0 3750.0 -0.06962
4650.0 3750.0 -0.02496
4750.0 3750.0 0.12945
4850.0 3750.0 0.36858
4950.0 3750.0 0.64956
5050.0 3750.0 0.93663
5150.0 3750.0 1.21633
5250.0 3750.0 1.44886
5350.0 3750.0 1.57491
5450.0 3750.0 1.55189
5550.0 3750.0 1.37551
5650.0 3750.0 1.08620
5750.0 3750.0 0.76029
5850.0 3750.0 0.48596
5950.0 3750.0 0.32398
6050.0 3750.0 0.25415
6150.0 3750.0 0.21557
6250.0 3750.0 0.22295
6350.0 3750.0 0.26397
50.0 3850.0 -0.02211
150.0 3850.0 0.00828
250.0 3850.0 0.08074
350.0 3850.0 0.17392
450.0 3850.0 0.23704
550.0 3850.0 0.22247
650.0 3850.0 0.10615
750.0 3850.0 -0.10429
850.0 3850.0 -0.37365
950.0 3850.0 -0.65544
1050.0 3850.0 -0.92043
1150.0 3850.0 -1.14415
1250.0 3850.0 -1.20683
1350.0 3850.0 -1.03739
1450.0 3850.0 -0.64367
1550.0 3850.0 -0.09649
1650.0 3850.0 0.49211
1750.0 3850.0 0.99671
1850.0 3850.0 1.31216
1950.0 3850.0 1.39332
2050.0 3850.0 1.30061
2150.0 3850.0 1.17682
2250.0 3850.0 1.05740
2350.0 3850.0 0.95083
2450.0 3850.0 0.86450
2550.0 3850.0 0.80080
2650.0 3850.0 0.75558
2750.0 3850.0 0.71887
2850.0 3850.0 0.67799
2950.0 3850.0 0.62291
3050.0 3850.0 0.55390
3150.0 3850.0 0.47292
3250.0 3850.0 0.36753
3350.0 3850.0 0.25172
3450.0 3850.0 0.15332
3550.0 3850.0 0.09736
3650.0 3850.0 0.09580
3750.0 3850.0 0.14369
3850.0 3850.0 0.22192
3950.0 3850.0 0.30627
4050.0 3850.0 0.38294
4150.0 3850.0 0.43184
4250.0 3850.0 0.40617
4350.0 3850.0 0.31334
4450.0 3850.0 0.19685
4550.0 3850.0 0.10925
4650.0 3850.0 0.09287
4750.0 3850.0 0.16838
4850.0 3850.0 0.33094
4950.0 3850.0 0.55434
5050.0 3850.0 0.80264
5150.0 3850.0 1.03959
5250.0 3850.0 1.21576
5350.0 3850.0 1.28410
5450.0 3850.0 1.22137
5550.0 3850.0 1.03874
5650.0 3850.0 0.78181
5750.0 3850.0 0.52011
5850.0 3850.0 0.32594
5950.0 3850.0 0.24272
6050.0 3850.0 0.24344
6150.0 3850.0 0.27319
6250.0 3850.0 0.34221
6350.0 3850.0 0.42929
50.0 3950.0 -0.04313
150.0 3950.0 -0.06159
250.0 3950.0 -0.05039
350.0 3950.0 -0.02191
450.0 3950.0 -0.00873
550.0 3950.0 -0.04255
650.0 3950.0 -0.14068
750.0 3950.0 -0.30044
850.0 3950.0 -0.50115
950.0 3950.0 -0.71389
1050.0 3950.0 -0.91901
1150.0 3950.0 -1.08097
1250.0 3950.0 -1.06985
1350.0 3950.0 -0.82896
1450.0 3950.0 -0.38970
1550.0 3950.0 0.15857
1650.0 3950.0 0.69857
1750.0 3950.0 1.11507
1850.0 3950.0 1.32488
1950.0 3950.0 1.30672
2050.0 3950.0 1.13106
2150.0 3950.0 0.93536
2250.0 3950.0 0.77279
2350.0 3950.0 0.66209
2450.0 3950.0 0.60715
2550.0 3950.0 0.59677
2650.0 3950.0 0.60744
2750.0 3950.0 0.60887
2850.0 3950.0 0.57256
2950.0 3950.0 0.48314
3050.0 3950.0 0.35264
3150.0 3950.0 0.20244
3250.0 3950.0 0.02405
3350.0 3950.0 -0.15210
3450.0 3950.0 -0.27786
3550.0 3950.0 -0.31552
3650.0 3950.0 -0.25402
3750.0 3950.0 -0.11316
3850.0 3950.0 0.06413
3950.0 3950.0 0.23160
4050.0 3950.0 0.37117
4150.0 3950.0 0.47975
4250.0 3950.0 0.50827
4350.0 3950.0 0.44929
4450.0 3950.0 0.33262
4550.0 3950.0 0.20558
4650.0 3950.0 0.11681
4750.0 3950.0 0.10364
4850.0 3950.0 0.18291
4950.0 3950.0 0.34548
5050.0 3950.0 0.55410
5150.0 3950.0 0.74868
5250.0 3950.0 0.87218
5350.0 3950.0 0.89079
5450.0 3950.0 0.80015
5550.0 3950.0 0.62533
5650.0 3950.0 0.41499
5750.0 3950.0 0.22964
5850.0 3950.0 0.12404
5950.0 3950.0 0.12377
6050.0 3950.0 0.19657
6150.0 3950.0 0.29692
6250.0 3950.0 0.43287
6350.0 3950.0 0.57468
50.0 4050.0 -0.05413
150.0 4050.0 -0.11353
250.0 4050.0 -0.14872
350.0 4050.0 -0.16241
450.0 4050.0 -0.17241
550.0 4050.0 -0.19940
650.0 4050.0 -0.25857
750.0 4050.0 -0.35510
850.0 4050.0 -0.48348
950.0 4050.0 -0.63071
1050.0 4050.0 -0.78331
1150.0 4050.0 -0.89502
1250.0 4050.0 -0.83595
1350.0 4050.0 -0.56597
1450.0 4050.0 -0.13447
1550.0 4050.0 0.35976
1650.0 4050.0 0.80349
1750.0 4050.0 1.09876
1850.0 4050.0 1.18737
1950.0 4050.0 1.07016
2050.0 4050.0 0.82107
2150.0 4050.0 0.56474
2250.0 4050.0 0.37134
2350.0 4050.0 0.26996
2450.0 4050.0 0.26048
2550.0 4050.0 0.31745
2650.0 4050.0 0.39728
2750.0 4050.0 0.44897
2850.0 4050.0 0.42806
2950.0 4050.0 0.31408
3050.0 4050.0 0.13131
3150.0 4050.0 -0.07852
3250.0 4050.0 -0.31990
3350.0 4050.0 -0.54829
3450.0 4050.0 -0.69802
3550.0 4050.0 -0.72041
3650.0 4050.0 -0.60508
3750.0 4050.0 -0.38458
3850.0 4050.0 -0.12224
3950.0 4050.0 0.11668
4050.0 4050.0 0.31038
4150.0 4050.0 0.47013
4250.0 4050.0 0.54435
4350.0 4050.0 0.51265
4450.0 4050.0 0.39322
4550.0 4050.0 0.22925
4650.0 4050.0 0.07528
4750.0 4050.0 -0.01660
4850.0 4050.0 -0.01053
4950.0 4050.0 0.09904
5050.0 4050.0 0.27342
5150.0 4050.0 0.43217
5250.0 4050.0 0.51298
5350.0 4050.0 0.49387
5450.0 4050.0 0.38624
5550.0 4050.0 0.22616
5650.0 4050.0 0.06365
5750.0 4050.0 -0.04975
5850.0 4050.0 -0.07516
5950.0 4050.0 -0.00243
6050.0 4050.0 0.13260
6150.0 4050.0 0.29404
6250.0 4050.0 0.48880
6350.0 4050.0 0.67998
50.0 4150.0 -0.05056
150.0 4150.0 -0.13746
250.0 4150.0 -0.19874
350.0 4150.0 -0.22849
450.0 4150.0 -0.23506
550.0 4150.0 -0.23417
650.0 4150.0 -0.24309
750.0 4150.0 -0.27610
850.0 4150.0 -0.34093
950.0 4150.0 -0.43644
1050.0 4150.0 -0.55141
1150.0 4150.0 -0.63072
1250.0 4150.0 -0.55245
1350.0 4150.0 -0.29183
1450.0 4150.0 0.09127
1550.0 4150.0 0.49745
1650.0 4150.0 0.82420
1750.0 4150.0 0.99332
1850.0 4150.0 0.96965
1950.0 4150.0 0.77090
2050.0 4150.0 0.46873
2150.0 4150.0 0.17143
2250.0 4150.0 -0.03673
2350.0 4150.0 -0.11785
2450.0 4150.0 -0.07590
2550.0 4150.0 0.05094
2650.0 4150.0 0.20154
2750.0 4150.0 0.30690
2850.0 4150.0 0.30899
2950.0 4150.0 0.18322
3050.0 4150.0 -0.03531
3150.0 4150.0 -0.28719
3250.0 4150.0 -0.57455
3350.0 4150.0 -0.84339
3450.0 4150.0 -1.01552
3550.0 4150.0 -1.03378
3650.0 4150.0 -0.88725
3750.0 4150.0 -0.61638
3850.0 4150.0 -0.29808
3950.0 4150.0 -0.01073
4050.0 4150.0 0.22058
4150.0 4150.0 0.41638
4250.0 4150.0 0.52400
4350.0 4150.0 0.51429
4450.0 4150.0 0.39706
4550.0 4150.0 0.21203
4650.0 4150.0 0.01710
4750.0 4150.0 -0.12598
4850.0 4150.0 -0.16863
4950.0 4150.0 -0.09506
5050.0 4150.0 0.05554
5150.0 4150.0 0.18943
5250.0 4150.0 0.24109
5350.0 4150.0 0.19686
5450.0 4150.0 0.07908
5550.0 4150.0 -0.06879
5650.0 4150.0 -0.19608
5750.0 4150.0 -0.25776
5850.0 4150.0 -0.22624
5950.0 4150.0 -0.10219
6050.0 4150.0 0.07631
6150.0 4150.0 0.27994
6250.0 4150.0 0.51395
6350.0 4150.0 0.73622
50.0 4250.0 -0.03194
150.0 4250.0 -0.13115
250.0 4250.0 -0.19839
350.0 4250.0 -0.22144
450.0 4250.0 -0.20494
550.0 4250.0 -0.16509
650.0 4250.0 -0.12418
750.0 4250.0 -0.10483
850.0 4250.0 -0.12416
950.0 4250.0 -0.18770
1050.0 4250.0 -0.28313
1150.0 4250.0 -0.34919
1250.0 4250.0 -0.27581
1350.0 4250.0 -0.04958
1450.0 4250.0 0.26656
1550.0 4250.0 0.57896
1650.0 4250.0 0.79823
1750.0 4250.0 0.86365
1850.0 4250.0 0.75699
1950.0 4250.0 0.50573
2050.0 4250.0 0.17563
2150.0 4250.0 -0.14021
2250.0 4250.0 -0.34770
2350.0 4250.0 -0.40276
2450.0 4250.0 -0.31244
2550.0 4250.0 -0.12444
2650.0 4250.0 0.08729
2750.0 4250.0 0.24084
2850.0 4250.0 0.26859
2950.0 4250.0 0.14329
3050.0 4250.0 -0.09197
3150.0 4250.0 -0.36542
3250.0 4250.0 -0.67959
3350.0 4250.0 -0.97671
3450.0 4250.0 -1.17174
3550.0 4250.0 -1.20168
3650.0 4250.0 -1.05319
3750.0 4250.0 -0.76855
3850.0 4250.0 -0.42989
3950.0 4250.0 -0.12177
4050.0 4250.0 0.12765
4150.0 4250.0 0.34216
4250.0 4250.0 0.47050
4350.0 4250.0 0.48000
4450.0 4250.0 0.37564
4550.0 4250.0 0.19374
4650.0 4250.0 -0.00825
4750.0 4250.0 -0.16587
4850.0 4250.0 -0.22563
4950.0 4250.0 -0.16693
5050.0 4250.0 -0.02772
5150.0 4250.0 0.09360
5250.0 4250.0 0.12947
5350.0 4250.0 0.07009
5450.0 4250.0 -0.05657
5550.0 4250.0 -0.20285
5650.0 4250.0 -0.31708
5750.0 4250.0 -0.35678
5850.0 4250.0 -0.29947
5950.0 4250.0 -0.15106
6050.0 4250.0 0.04870
6150.0 4250.0 0.27173
6250.0 4250.0 0.51983
6350.0 4250.0 0.74760
50.0 4350.0 -0.00274
150.0 4350.0 -0.10288
250.0 4350.0 -0.16243
350.0 4350.0 -0.16521
450.0 4350.0 -0.11636
550.0 4350.0 -0.03601
650.0 4350.0 0.04749
750.0 4350.0 0.10475
850.0 4350.0 0.11304
950.0 4350.0 0.06440
1050.0 4350.0 -0.02574
1150.0 4350.0 -0.09244
1250.0 4350.0 -0.03761
1350.0 4350.0 0.14515
1450.0 4350.0 0.39489
1550.0 4350.0 0.62646
1650.0 4350.0 0.76279
1750.0 4350.0 0.75622
1850.0 4350.0 0.59879
1950.0 4350.0 0.32170
2050.0 4350.0 -0.01625
2150.0 4350.0 -0.33367
2250.0 4350.0 -0.53034
2350.0 4350.0 -0.55841
2450.0 4350.0 -0.42721
2550.0 4350.0 -0.19074
2650.0 4350.0 0.06882
2750.0 4350.0 0.26147
2850.0 4350.0 0.31375
2950.0 4350.0 0.19701
3050.0 4350.0 -0.04047
3150.0 4350.0 -0.31976
3250.0 4350.0 -0.64636
3350.0 4350.0 -0.96319
3450.0 4350.0 -1.18271
3550.0 4350.0 -1.23792
3650.0 4350.0 -1.11142
3750.0 4350.0 -0.84237
3850.0 4350.0 -0.51156
3950.0 4350.0 -0.20436
4050.0 4350.0 0.04809
4150.0 4350.0 0.26810
4250.0 4350.0 0.40827
4350.0 4350.0 0.43659
4450.0 4350.0 0.35580
4550.0 4350.0 0.19854
4650.0 4350.0 0.01839
4750.0 4350.0 -0.12322
4850.0 4350.0 -0.17426
4950.0 4350.0 -0.11352
5050.0 4350.0 0.02396
5150.0 4350.0 0.14188
5250.0 4350.0 0.17099
5350.0 4350.0 0.10168
5450.0 4350.0 -0.03631
5550.0 4350.0 -0.19312
5650.0 4350.0 -0.31516
5750.0 4350.0 -0.35886
5850.0 4350.0 -0.30171
5950.0 4350.0 -0.15055
6050.0 4350.0 0.05324
6150.0 4350.0 0.27778
6250.0 4350.0 0.51942
6350.0 4350.0 0.73084
50.0 4450.0 0.04399
150.0 4450.0 -0.05221
250.0 4450.0 -0.10124
350.0 4450.0 -0.08442
450.0 4450.0 -0.00784
550.0 4450.0 0.10503
650.0 4450.0 0.22126
750.0 4450.0 0.30681
850.0 4450.0 0.33544
950.0 4450.0 0.29804
1050.0 4450.0 0.21259
1150.0 4450.0 0.14505
1250.0 4450.0 0.18033
1350.0 4450.0 0.31850
1450.0 4450.0 0.50174
1550.0 4450.0 0.65442
1650.0 4450.0 0.71218
1750.0 4450.0 0.64000
1850.0 4450.0 0.43926
1950.0 4450.0 0.14376
2050.0 4450.0 -0.19527
2150.0 4450.0 -0.50838
2250.0 4450.0 -0.69118
2350.0 4450.0 -0.69271
2450.0 4450.0 -0.52381
2550.0 4450.0 -0.24320
2650.0 4450.0 0.06056
2750.0 4450.0 0.29100
2850.0 4450.0 0.36987
2950.0 4450.0 0.26715
3050.0 4450.0 0.03508
3150.0 4450.0 -0.24185
3250.0 4450.0 -0.57265
3350.0 4450.0 -0.90271
3450.0 4450.0 -1.14396
3550.0 4450.0 -1.22650
3650.0 4450.0 -1.12852
3750.0 4450.0 -0.88437
3850.0 4450.0 -0.57090
3950.0 4450.0 -0.27203
4050.0 4450.0 -0.02166
4150.0 4450.0 0.19921
4250.0 4450.0 0.34723
4350.0 4450.0 0.39238
4450.0 4450.0 0.33626
4550.0 4450.0 0.20816
4650.0 4450.0 0.05714
4750.0 4450.0 -0.05995
4850.0 4450.0 -0.09448
4950.0 4450.0 -0.02606
5050.0 4450.0 0.11338
5150.0 4450.0 0.23153
5250.0 4450.0 0.25742
5350.0 4450.0 0.18032
5450.0 4450.0 0.03023
5550.0 4450.0 -0.14148
5650.0 4450.0 -0.27900
5750.0 4450.0 -0.33629
5850.0 4450.0 -0.28886
5950.0 4450.0 -0.14289
6050.0 4450.0 0.05863
6150.0 4450.0 0.27852
6250.0 4450.0 0.50774
6350.0 4450.0 0.69812
50.0 4550.0 0.16280
150.0 4550.0 0.08256
250.0 4550.0 0.04274
350.0 4550.0 0.06034
450.0 4550.0 0.13129
550.0 4550.0 0.23620
650.0 4550.0 0.34668
750.0 4550.0 0.43259
850.0 4550.0 0.46992
950.0 4550.0 0.44949
1050.0 4550.0 0.38633
1150.0 4550.0 0.33628
1250.0 4550.0 0.36340
1350.0 4550.0 0.45800
1450.0 4550.0 0.56527
1550.0 4550.0 0.62192
1650.0 4550.0 0.58116
1750.0 4550.0 0.42644
1850.0 4550.0 0.17354
1950.0 4550.0 -0.13867
2050.0 4550.0 -0.46901
2150.0 4550.0 -0.76839
2250.0 4550.0 -0.93427
2350.0 4550.0 -0.91280
2450.0 4550.0 -0.71320
2550.0 4550.0 -0.39451
2650.0 4550.0 -0.04779
2750.0 4550.0 0.22653
2850.0 4550.0 0.34580
2950.0 4550.0 0.27706
3050.0 4550.0 0.07349
3150.0 4550.0 -0.17642
3250.0 4550.0 -0.48446
3350.0 4550.0 -0.80209
3450.0 4550.0 -1.04588
3550.0 4550.0 -1.14684
3650.0 4550.0 -1.07942
3750.0 4550.0 -0.87044
3850.0 4550.0 -0.58770
3950.0 4550.0 -0.30841
4050.0 4550.0 -0.06760
4150.0 4550.0 0.14611
4250.0 4550.0 0.29084
4350.0 4550.0 0.33977
4450.0 4550.0 0.29619
4550.0 4550.0 0.18883
4650.0 4550.0 0.06380
4750.0 4550.0 -0.02665
4850.0 4550.0 -0.03878
4950.0 4550.0 0.04469
5050.0 4550.0 0.19337
5150.0 4550.0 0.31975
5250.0 4550.0 0.35169
5350.0 4550.0 0.27495
5450.0 4550.0 0.11675
5550.0 4550.0 -0.07219
5650.0 4550.0 -0.23399
5750.0 4550.0 -0.31835
5850.0 4550.0 -0.29563
5950.0 4550.0 -0.16830
6050.0 4550.0 0.01973
6150.0 4550.0 0.22525
6250.0 4550.0 0.43761
6350.0 4550.0 0.61174
50.0 4650.0 0.34981
150.0 4650.0 0.30311
250.0 4650.0 0.27177
350.0 4650.0 0.26535
450.0 4650.0 0.28605
550.0 4650.0 0.32865
650.0 4650.0 0.38195
750.0 4650.0 0.43138
850.0 4650.0 0.46302
950.0 4650.0 0.46891
1050.0 4650.0 0.45367
1150.0 4650.0 0.44843
1250.0 4650.0 0.48806
1350.0 4650.0 0.54922
1450.0 4650.0 0.57941
1550.0 4650.0 0.52993
1650.0 4650.0 0.37639
1750.0 4650.0 0.12676
1850.0 4650.0 -0.18300
1950.0 4650.0 -0.50584
2050.0 4650.0 -0.81285
2150.0 4650.0 -1.08554
2250.0 4650.0 -1.23356
2350.0 4650.0 -1.20126
2450.0 4650.0 -0.99112
2550.0 4650.0 -0.65484
2650.0 4650.0 -0.27840
2750.0 4650.0 0.03908
2850.0 4650.0 0.21247
2950.0 4650.0 0.20386
3050.0 4650.0 0.06177
3150.0 4650.0 -0.12547
3250.0 4650.0 -0.37187
3350.0 4650.0 -0.64018
3450.0 4650.0 -0.85913
3550.0 4650.0 -0.96601
3650.0 4650.0 -0.93250
3750.0 4650.0 -0.77388
3850.0 4650.0 -0.54141
3950.0 4650.0 -0.29806
4050.0 4650.0 -0.07766
4150.0 4650.0 0.11719
4250.0 4650.0 0.24181
4350.0 4650.0 0.27426
4450.0 4650.0 0.22380
4550.0 4650.0 0.12281
4650.0 4650.0 0.01716
4750.0 4650.0 -0.04526
4850.0 4650.0 -0.02761
4950.0 4650.0 0.08111
5050.0 4650.0 0.24949
5150.0 4650.0 0.39608
5250.0 4650.0 0.44904
5350.0 4650.0 0.38748
5450.0 4650.0 0.23111
5550.0 4650.0 0.02637
5650.0 4650.0 -0.16787
5750.0 4650.0 -0.29510
5850.0 4650.0 -0.31642
5950.0 4650.0 -0.22622
6050.0 4650.0 -0.06786
6150.0 4650.0 0.10875
6250.0 4650.0 0.29569
6350.0 4650.0 0.45652
50.0 4750.0 0.55016
150.0 4750.0 0.55318
250.0 4750.0 0.53120
350.0 4750.0 0.48162
450.0 4750.0 0.41644
550.0 4750.0 0.35323
650.0 4750.0 0.30844
750.0 4750.0 0.29280
850.0 4750.0 0.30891
950.0 4750.0 0.35107
1050.0 4750.0 0.40721
1150.0 4750.0 0.47256
1250.0 4750.0 0.54902
1350.0 4750.0 0.59761
1450.0 4750.0 0.56660
1550.0 4750.0 0.42165
1650.0 4750.0 0.16196
1750.0 4750.0 -0.17744
1850.0 4750.0 -0.53745
1950.0 4750.0 -0.86051
2050.0 4750.0 -1.13020
2150.0 4750.0 -1.36543
2250.0 4750.0 -1.49938
2350.0 4750.0 -1.47670
2450.0 4750.0 -1.28781
2550.0 4750.0 -0.96822
2650.0 4750.0 -0.58952
2750.0 4750.0 -0.24229
2850.0 4750.0 -0.01076
2950.0 4750.0 0.06077
3050.0 4750.0 0.00956
3150.0 4750.0 -0.08278
3250.0 4750.0 -0.23248
3350.0 4750.0 -0.41840
3450.0 4750.0 -0.58816
3550.0 4750.0 -0.69018
3650.0 4750.0 -0.69414
3750.0 4750.0 -0.60005
3850.0 4750.0 -0.43584
3950.0 4750.0 -0.24338
4050.0 4750.0 -0.05322
4150.0 4750.0 0.11193
4250.0 4750.0 0.20028
4350.0 4750.0 0.19612
4450.0 4750.0 0.11862
4550.0 4750.0 0.00810
4650.0 4750.0 -0.08700
4750.0 4750.0 -0.12245
4850.0 4750.0 -0.06977
4950.0 4750.0 0.07283
5050.0 4750.0 0.27033
5150.0 4750.0 0.44849
5250.0 4750.0 0.53815
5350.0 4750.0 0.50925
5450.0 4750.0 0.36934
5550.0 4750.0 0.15647
5650.0 4750.0 -0.07145
5750.0 4750.0 -0.25089
5850.0 4750.0 -0.33059
5950.0 4750.0 -0.29302
6050.0 4750.0 -0.17886
6150.0 4750.0 -0.04509
6250.0 4750.0 0.10586
6350.0 4750.0 0.25076
50.0 4850.0 0.69804
150.0 4850.0 0.76079
250.0 4850.0 0.75061
350.0 4850.0 0.65056
450.0 4850.0 0.48429
550.0 4850.0 0.29642
650.0 4850.0 0.13623
750.0 4850.0 0.04440
850.0 4850.0 0.04314
950.0 4850.0 0.12936
1050.0 4850.0 0.27116
1150.0 4850.0 0.42379
1250.0 4850.0 0.55857
1350.0 4850.0 0.62157
1450.0 4850.0 0.55991
1550.0 4850.0 0.35050
1650.0 4850.0 0.01305
1750.0 4850.0 -0.39270
1850.0 4850.0 -0.78544
1950.0 4850.0 -1.09645
2050.0 4850.0 -1.31958
2150.0 4850.0 -1.51208
2250.0 4850.0 -1.64000
2350.0 4850.0 -1.65091
2450.0 4850.0 -1.51912
2550.0 4850.0 -1.25623
2650.0 4850.0 -0.91090
2750.0 4850.0 -0.55787
2850.0 4850.0 -0.27630
2950.0 4850.0 -0.11727
3050.0 4850.0 -0.06071
3150.0 4850.0 -0.03896
3250.0 4850.0 -0.07127
3350.0 4850.0 -0.15547
3450.0 4850.0 -0.26211
3550.0 4850.0 -0.35352
3650.0 4850.0 -0.39772
3750.0 4850.0 -0.37717
3850.0 4850.0 -0.29230
3950.0 4850.0 -0.15976
4050.0 4850.0 -0.00575
4150.0 4850.0 0.12299
4250.0 4850.0 0.16429
4350.0 4850.0 0.10923
4450.0 4850.0 -0.01049
4550.0 4850.0 -0.14366
4650.0 4850.0 -0.23698
4750.0 4850.0 -0.24893
4850.0 4850.0 -0.15995
4950.0 4850.0 0.02092
5050.0 4850.0 0.25307
5150.0 4850.0 0.47021
5250.0 4850.0 0.60856
5350.0 4850.0 0.62783
5450.0 4850.0 0.52013
5550.0 4850.0 0.31168
5650.0 4850.0 0.05702
5750.0 4850.0 -0.17401
5850.0 4850.0 -0.31674
5950.0 4850.0 -0.33947
6050.0 4850.0 -0.27802
6150.0 4850.0 -0.19628
6250.0 4850.0 -0.09117
6350.0 4850.0 0.02958
50.0 4950.0 0.74435
150.0 4950.0 0.86799
250.0 4950.0 0.87292
350.0 4950.0 0.72861
450.0 4950.0 0.47006
550.0 4950.0 0.16788
650.0 4950.0 -0.09732
750.0 4950.0 -0.25635
850.0 4950.0 -0.26858
950.0 4950.0 -0.13482
1050.0 4950.0 0.09404
1150.0 4950.0 0.33714
1250.0 4950.0 0.54300
1350.0 4950.0 0.64578
1450.0 4950.0 0.58968
1550.0 4950.0 0.35792
1650.0 4950.0 -0.01579
1750.0 4950.0 -0.45329
1850.0 4950.0 -0.85555
1950.0 4950.0 -1.14385
2050.0 4950.0 -1.31838
2150.0 4950.0 -1.46969
2250.0 4950.0 -1.60150
2350.0 4950.0 -1.66669
2450.0 4950.0 -1.62173
2550.0 4950.0 -1.44997
2650.0 4950.0 -1.17159
2750.0 4950.0 -0.84019
2850.0 4950.0 -0.52616
2950.0 4950.0 -0.28662
3050.0 4950.0 -0.12219
3150.0 4950.0 0.01480
3250.0 4950.0 0.10086
3350.0 4950.0 0.11893
3450.0 4950.0 0.07535
3550.0 4950.0 -0.00616
3650.0 4950.0 -0.09185
3750.0 4950.0 -0.14630
3850.0 4950.0 -0.14203
3950.0 4950.0 -0.07025
4050.0 4950.0 0.04722
4150.0 4950.0 0.13868
4250.0 4950.0 0.13035
4350.0 4950.0 0.01981
4450.0 4950.0 -0.14825
4550.0 4950.0 -0.31080
4650.0 4950.0 -0.40862
4750.0 4950.0 -0.40194
4850.0 4950.0 -0.27956
4950.0 4950.0 -0.06138
5050.0 4950.0 0.20565
5150.0 4950.0 0.46330
5250.0 4950.0 0.65540
5350.0 4950.0 0.73204
5450.0 4950.0 0.66899
5550.0 4950.0 0.47873
5650.0 4950.0 0.21024
5750.0 4950.0 -0.06227
5850.0 4950.0 -0.26194
5950.0 4950.0 -0.34291
6050.0 4950.0 -0.33447
6150.0 4950.0 -0.30683
6250.0 4950.0 -0.25393
6350.0 4950.0 -0.16866
50.0 5050.0 0.67173
150.0 5050.0 0.84833
250.0 5050.0 0.87147
350.0 5050.0 0.70065
450.0 5050.0 0.37982
550.0 5050.0 -0.00047
650.0 5050.0 -0.33591
750.0 5050.0 -0.53600
850.0 5050.0 -0.54655
950.0 5050.0 -0.36710
1050.0 5050.0 -0.06306
1150.0 5050.0 0.25928
1250.0 5050.0 0.53628
1350.0 5050.0 0.69474
1450.0 5050.0 0.67482
1550.0 5050.0 0.46074
1650.0 5050.0 0.09245
1750.0 5050.0 -0.34180
1850.0 5050.0 -0.73197
1950.0 5050.0 -0.99180
2050.0 5050.0 -1.12347
2150.0 5050.0 -1.24145
2250.0 5050.0 -1.38588
2350.0 5050.0 -1.51632
2450.0 5050.0 -1.57258
2550.0 5050.0 -1.51010
2650.0 5050.0 -1.31979
2750.0 5050.0 -1.03242
2850.0 5050.0 -0.70748
2950.0 5050.0 -0.40650
3050.0 5050.0 -0.15093
3150.0 5050.0 0.08415
3250.0 5050.0 0.26965
3350.0 5050.0 0.37170
3450.0 5050.0 0.37722
3550.0 5050.0 0.29864
3650.0 5050.0 0.17213
3750.0 5050.0 0.04920
3850.0 5050.0 -0.01827
3950.0 5050.0 0.00039
4050.0 5050.0 0.08650
4150.0 5050.0 0.14593
4250.0 5050.0 0.09438
4350.0 5050.0 -0.06516
4450.0 5050.0 -0.27677
4550.0 5050.0 -0.46698
4650.0 5050.0 -0.57112
4750.0 5050.0 -0.55056
4850.0 5050.0 -0.40095
4950.0 5050.0 -0.15142
5050.0 5050.0 0.14535
5150.0 5050.0 0.43866
5250.0 5050.0 0.68112
5350.0 5050.0 0.81525
5450.0 5050.0 0.80210
5550.0 5050.0 0.64072
5650.0 5050.0 0.37327
5750.0 5050.0 0.07569
5850.0 5050.0 -0.16607
5950.0 5050.0 -0.29414
6050.0 5050.0 -0.33074
6150.0 5050.0 -0.35151
6250.0 5050.0 -0.35178
6350.0 5050.0 -0.31288
50.0 5150.0 0.49723
150.0 5150.0 0.71170
250.0 5150.0 0.75506
350.0 5150.0 0.58220
450.0 5150.0 0.24222
550.0 5150.0 -0.16389
650.0 5150.0 -0.51980
750.0 5150.0 -0.72467
850.0 5150.0 -0.71818
950.0 5150.0 -0.49989
1050.0 5150.0 -0.14279
1150.0 5150.0 0.23593
1250.0 5150.0 0.57100
1350.0 5150.0 0.78653
1450.0 5150.0 0.81859
1550.0 5150.0 0.64832
1650.0 5150.0 0.31505
1750.0 5150.0 -0.09087
1850.0 5150.0 -0.45530
1950.0 5150.0 -0.68769
2050.0 5150.0 -0.78862
2150.0 5150.0 -0.88537
2250.0 5150.0 -1.04730
2350.0 5150.0 -1.24068
2450.0 5150.0 -1.39247
2550.0 5150.0 -1.43521
2650.0 5150.0 -1.33497
2750.0 5150.0 -1.10222
2850.0 5150.0 -0.78570
2950.0 5150.0 -0.44927
3050.0 5150.0 -0.13172
3150.0 5150.0 0.17037
3250.0 5150.0 0.42129
3350.0 5150.0 0.57493
3450.0 5150.0 0.60527
3550.0 5150.0 0.51827
3650.0 5150.0 0.35339
3750.0 5150.0 0.17484
3850.0 5150.0 0.05241
3950.0 5150.0 0.03209
4050.0 5150.0 0.09626
4150.0 5150.0 0.13368
4250.0 5150.0 0.05274
4350.0 5150.0 -0.13976
4450.0 5150.0 -0.38021
4550.0 5150.0 -0.58814
4650.0 5150.0 -0.69530
4750.0 5150.0 -0.66406
4850.0 5150.0 -0.49495
4950.0 5150.0 -0.22350
5050.0 5150.0 0.09384
5150.0 5150.0 0.41284
5250.0 5150.0 0.69447
5350.0 5150.0 0.87675
5450.0 5150.0 0.90978
5550.0 5150.0 0.78166
5650.0 5150.0 0.52774
5750.0 5150.0 0.22319
5850.0 5150.0 -0.04105
5950.0 5150.0 -0.19901
6050.0 5150.0 -0.26647
6150.0 5150.0 -0.32361
6250.0 5150.0 -0.37208
6350.0 5150.0 -0.38681
50.0 5250.0 0.26239
150.0 5250.0 0.49697
250.0 5250.0 0.56103
350.0 5250.0 0.41053
450.0 5250.0 0.09554
550.0 5250.0 -0.28262
650.0 5250.0 -0.60816
750.0 5250.0 -0.78150
850.0 5250.0 -0.74401
950.0 5250.0 -0.49658
1050.0 5250.0 -0.11228
1150.0 5250.0 0.29510
1250.0 5250.0 0.66645
1350.0 5250.0 0.92682
1450.0 5250.0 1.00905
1550.0 5250.0 0.88934
1650.0 5250.0 0.60208
1750.0 5250.0 0.23412
1850.0 5250.0 -0.10171
1950.0 5250.0 -0.31364
2050.0 5250.0 -0.39873
2150.0 5250.0 -0.48712
2250.0 5250.0 -0.66670
2350.0 5250.0 -0.90914
2450.0 5250.0 -1.13378
2550.0 5250.0 -1.25838
2650.0 5250.0 -1.23217
2750.0 5250.0 -1.05110
2850.0 5250.0 -0.75538
2950.0 5250.0 -0.40921
3050.0 5250.0 -0.06286
3150.0 5250.0 0.27035
3250.0 5250.0 0.54754
3350.0 5250.0 0.71565
3450.0 5250.0 0.74329
3550.0 5250.0 0.63537
3650.0 5250.0 0.43558
3750.0 5250.0 0.21677
3850.0 5250.0 0.05913
3950.0 5250.0 0.01634
4050.0 5250.0 0.06950
4150.0 5250.0 0.09677
4250.0 5250.0 0.00354
4350.0 5250.0 -0.20121
4450.0 5250.0 -0.45048
4550.0 5250.0 -0.66115
4650.0 5250.0 -0.76417
4750.0 5250.0 -0.72324
4850.0 5250.0 -0.54183
4950.0 5250.0 -0.25863
5050.0 5250.0 0.06874
5150.0 5250.0 0.40128
5250.0 5250.0 0.70663
5350.0 5250.0 0.92141
5450.0 5250.0 0.98963
5550.0 5250.0 0.89225
5650.0 5250.0 0.65901
5750.0 5250.0 0.36255
5850.0 5250.0 0.09475
5950.0 5250.0 -0.07467
6050.0 5250.0 -0.15673
6150.0 5250.0 -0.23542
6250.0 5250.0 -0.32299
6350.0 5250.0 -0.39342
50.0 5350.0 0.01087
150.0 5350.0 0.25203
250.0 5350.0 0.33622
350.0 5350.0 0.22450
450.0 5350.0 -0.03511
550.0 5350.0 -0.34824
650.0 5350.0 -0.60849
750.0 5350.0 -0.72582
850.0 5350.0 -0.64871
950.0 5350.0 -0.38032
1050.0 5350.0 0.01156
1150.0 5350.0 0.42613
1250.0 5350.0 0.81403
1350.0 5350.0 1.10308
1450.0 5350.0 1.22411
1550.0 5350.0 1.14829
1650.0 5350.0 0.90370
1750.0 5350.0 0.57126
1850.0 5350.0 0.25972
1950.0 5350.0 0.06010
2050.0 5350.0 -0.02077
2150.0 5350.0 -0.10995
2250.0 5350.0 -0.30453
2350.0 5350.0 -0.57997
2450.0 5350.0 -0.85237
2550.0 5350.0 -1.03192
2650.0 5350.0 -1.05851
2750.0 5350.0 -0.91934
2850.0 5350.0 -0.64873
2950.0 5350.0 -0.31000
3050.0 5350.0 0.04049
3150.0 5350.0 0.37779
3250.0 5350.0 0.65188
3350.0 5350.0 0.80672
3450.0 5350.0 0.81121
3550.0 5350.0 0.67328
3650.0 5350.0 0.44151
3750.0 5350.0 0.19427
3850.0 5350.0 0.01646
3950.0 5350.0 -0.03632
4050.0 5350.0 0.01409
4150.0 5350.0 0.04023
4250.0 5350.0 -0.05186
4350.0 5350.0 -0.25217
4450.0 5350.0 -0.49368
4550.0 5350.0 -0.69410
4650.0 5350.0 -0.78591
4750.0 5350.0 -0.73468
4850.0 5350.0 -0.54552
4950.0 5350.0 -0.25787
5050.0 5350.0 0.07164
5150.0 5350.0 0.40827
5250.0 5350.0 0.72445
5350.0 5350.0 0.95755
5450.0 5350.0 1.04933
5550.0 5350.0 0.97698
5650.0 5350.0 0.76616
5750.0 5350.0 0.48619
5850.0 5350.0 0.22721
5950.0 5350.0 0.05945
6050.0 5350.0 -0.02502
6150.0 5350.0 -0.11370
6250.0 5350.0 -0.23183
6350.0 5350.0 -0.35636
50.0 5450.0 -0.25407
150.0 5450.0 -0.01093
250.0 5450.0 0.09323
350.0 5450.0 0.02601
450.0 5450.0 -0.16769
550.0 5450.0 -0.40286
650.0 5450.0 -0.58562
750.0 5450.0 -0.63828
850.0 5450.0 -0.51837
950.0 5450.0 -0.23160
1050.0 5450.0 0.16129
1150.0 5450.0 0.57574
1250.0 5450.0 0.97305
1350.0 5450.0 1.28437
1450.0 5450.0 1.43901
1550.0 5450.0 1.40335
1650.0 5450.0 1.19901
1750.0 5450.0 0.90032
1850.0 5450.0 0.61119
1950.0 5450.0 0.42118
2050.0 5450.0 0.34095
2150.0 5450.0 0.24864
2250.0 5450.0 0.04197
2350.0 5450.0 -0.25738
2450.0 5450.0 -0.56406
2550.0 5450.0 -0.78386
2650.0 5450.0 -0.85066
2750.0 5450.0 -0.74568
2850.0 5450.0 -0.49877
2950.0 5450.0 -0.17202
3050.0 5450.0 0.17449
3150.0 5450.0 0.50676
3250.0 5450.0 0.76723
3350.0 5450.0 0.89755
3450.0 5450.0 0.86830
3550.0 5450.0 0.69173
3650.0 5450.0 0.42200
3750.0 5450.0 0.14291
3850.0 5450.0 -0.05682
3950.0 5450.0 -0.12078
4050.0 5450.0 -0.07457
4150.0 5450.0 -0.04922
4250.0 5450.0 -0.13412
4350.0 5450.0 -0.31768
4450.0 5450.0 -0.53492
4550.0 5450.0 -0.70778
4650.0 5450.0 -0.77380
4750.0 5450.0 -0.70308
4850.0 5450.0 -0.50360
4950.0 5450.0 -0.21492
5050.0 5450.0 0.10997
5150.0 5450.0 0.44215
5250.0 5450.0 0.75721
5350.0 5450.0 0.99430
5450.0 5450.0 1.09558
5550.0 5450.0 1.03715
5650.0 5450.0 0.84236
5750.0 5450.0 0.57752
5850.0 5450.0 0.32993
5950.0 5450.0 0.16842
6050.0 5450.0 0.08650
6150.0 5450.0 -0.00683
6250.0 5450.0 -0.14980
6350.0 5450.0 -0.32375
50.0 5550.0 -0.56390
150.0 5550.0 -0.32686
250.0 5550.0 -0.20406
350.0 5550.0 -0.21928
450.0 5550.0 -0.33221
550.0 5550.0 -0.47097
650.0 5550.0 -0.55880
750.0 5550.0 -0.53467
850.0 5550.0 -0.36810
950.0 5550.0 -0.06785
1050.0 5550.0 0.31514
1150.0 5550.0 0.71746
1250.0 5550.0 1.11271
1350.0 5550.0 1.43650
1450.0 5550.0 1.61770
1550.0 5550.0 1.61825
1650.0 5550.0 1.45276
1750.0 5550.0 1.18771
1850.0 5550.0 0.92040
1950.0 5550.0 0.73753
2050.0 5550.0 0.65353
2150.0 5550.0 0.55629
2250.0 5550.0 0.34722
2350.0 5550.0 0.04720
2450.0 5550.0 -0.26065
2550.0 5550.0 -0.48439
2650.0 5550.0 -0.55932
2750.0 5550.0 -0.46674
2850.0 5550.0 -0.23540
2950.0 5550.0 0.07439
3050.0 5550.0 0.40395
3150.0 5550.0 0.71647
3250.0 5550.0 0.94649
3350.0 5550.0 1.03237
3450.0 5550.0 0.94640
3550.0 5550.0 0.70602
3650.0 5550.0 0.37243
3750.0 5550.0 0.03657
3850.0 5550.0 -0.20754
3950.0 5550.0 -0.30206
4050.0 5550.0 -0.27716
4150.0 5550.0 -0.26262
4250.0 5550.0 -0.32810
4350.0 5550.0 -0.45681
4450.0 5550.0 -0.59235
4550.0 5550.0 -0.67312
4650.0 5550.0 -0.65548
4750.0 5550.0 -0.52601
4850.0 5550.0 -0.30252
4950.0 5550.0 -0.02409
5050.0 5550.0 0.27006
5150.0 5550.0 0.56531
5250.0 5550.0 0.83537
5350.0 5550.0 1.02442
5450.0 5550.0 1.08370
5550.0 5550.0 0.99722
5650.0 5550.0 0.79191
5750.0 5550.0 0.53220
5850.0 5550.0 0.29916
5950.0 5550.0 0.15392
6050.0 5550.0 0.08601
6150.0 5550.0 0.00214
6250.0 5550.0 -0.14583
6350.0 5550.0 -0.34634
50.0 5650.0 -0.87491
150.0 5650.0 -0.65607
250.0 5650.0 -0.52094
350.0 5650.0 -0.48304
450.0 5650.0 -0.50815
550.0 5650.0 -0.54089
650.0 5650.0 -0.52554
750.0 5650.0 -0.42131
850.0 5650.0 -0.21187
950.0 5650.0 0.09074
1050.0 5650.0 0.44785
1150.0 5650.0 0.82103
1250.0 5650.0 1.19735
1350.0 5650.0 1.51828
1450.0 5650.0 1.71379
1550.0 5650.0 1.74227
1650.0 5650.0 1.61102
1750.0 5650.0 1.37720
1850.0 5650.0 1.12938
1950.0 5650.0 0.94950
2050.0 5650.0 0.85544
2150.0 5650.0 0.75057
2250.0 5650.0 0.55167
2350.0 5650.0 0.28153
2450.0 5650.0 0.01601
2550.0 5650.0 -0.16417
2650.0 5650.0 -0.20555
2750.0 5650.0 -0.09760
2850.0 5650.0 0.12774
2950.0 5650.0 0.41278
3050.0 5650.0 0.70705
3150.0 5650.0 0.98064
3250.0 5650.0 1.16329
3350.0 5650.0 1.19018
3450.0 5650.0 1.03424
3550.0 5650.0 0.71663
3650.0 5650.0 0.30422
3750.0 5650.0 -0.10585
3850.0 5650.0 -0.41447
3950.0 5650.0 -0.56189
4050.0 5650.0 -0.58175
4150.0 5650.0 -0.59362
4250.0 5650.0 -0.62931
4350.0 5650.0 -0.66291
4450.0 5650.0 -0.65470
4550.0 5650.0 -0.57394
4650.0 5650.0 -0.41197
4750.0 5650.0 -0.18538
4850.0 5650.0 0.07060
4950.0 5650.0 0.31852
5050.0 5650.0 0.54479
5150.0 5650.0 0.75875
5250.0 5650.0 0.92727
5350.0 5650.0 1.00497
5450.0 5650.0 0.96349
5550.0 5650.0 0.80538
5650.0 5650.0 0.56699
5750.0 5650.0 0.31032
5850.0 5650.0 0.10376
5950.0 5650.0 -0.00810
6050.0 5650.0 -0.04561
6150.0 5650.0 -0.09936
6250.0 5650.0 -0.22110
6350.0 5650.0 -0.40974
50.0 5750.0 -1.10479
150.0 5750.0 -0.91597
250.0 5750.0 -0.78003
350.0 5750.0 -0.70052
450.0 5750.0 -0.64990
550.0 5750.0 -0.58969
650.0 5750.0 -0.48541
750.0 5750.0 -0.31625
850.0 5750.0 -0.07956
950.0 5750.0 0.20989
1050.0 5750.0 0.52596
1150.0 5750.0 0.85466
1250.0 5750.0 1.19596
1350.0 5750.0 1.49822
1450.0 5750.0 1.69405
1550.0 5750.0 1.73946
1650.0 5750.0 1.63474
1750.0 5750.0 1.42702
1850.0 5750.0 1.19462
1950.0 5750.0 1.01314
2050.0 5750.0 0.90328
2150.0 5750.0 0.78810
2250.0 5750.0 0.60922
2350.0 5750.0 0.39344
2450.0 5750.0 0.20514
2550.0 5750.0 0.10628
2650.0 5750.0 0.13111
2750.0 5750.0 0.27549
2850.0 5750.0 0.50092
2950.0 5750.0 0.75319
3050.0 5750.0 0.99567
3150.0 5750.0 1.21514
3250.0 5750.0 1.34429
3350.0 5750.0 1.31702
3450.0 5750.0 1.10456
3550.0 5750.0 0.72685
3650.0 5750.0 0.25065
3750.0 5750.0 -0.22587
3850.0 5750.0 -0.60179
3950.0 5750.0 -0.81559
4050.0 5750.0 -0.90035
4150.0 5750.0 -0.95457
4250.0 5750.0 -0.96021
4350.0 5750.0 -0.88040
4450.0 5750.0 -0.69771
4550.0 5750.0 -0.42172
4650.0 5750.0 -0.08861
4750.0 5750.0 0.24711
4850.0 5750.0 0.52889
4950.0 5750.0 0.72232
5050.0 5750.0 0.84695
5150.0 5750.0 0.94170
5250.0 5750.0 0.96500
5350.0 5750.0 0.88784
5450.0 5750.0 0.71113
5550.0 5750.0 0.46289
5650.0 5750.0 0.19093
5750.0 5750.0 -0.04879
5850.0 5750.0 -0.20818
5950.0 5750.0 -0.26739
6050.0 5750.0 -0.25946
6150.0 5750.0 -0.26354
6250.0 5750.0 -0.32671
6350.0 5750.0 -0.46079
50.0 5850.0 -1.18465
150.0 5850.0 -1.03400
250.0 5850.0 -0.91131
350.0 5850.0 -0.81257
450.0 5850.0 -0.71621
550.0 5850.0 -0.59777
650.0 5850.0 -0.43983
750.0 5850.0 -0.23727
850.0 5850.0 0.00225
950.0 5850.0 0.26249
1050.0 5850.0 0.52757
1150.0 5850.0 0.80262
1250.0 5850.0 1.09829
1350.0 5850.0 1.37001
1450.0 5850.0 1.55414
1550.0 5850.0 1.60556
1650.0 5850.0 1.51842
1750.0 5850.0 1.33007
1850.0 5850.0 1.10824
1950.0 5850.0 0.92138
2050.0 5850.0 0.79221
2150.0 5850.0 0.66482
2250.0 5850.0 0.51000
2350.0 5850.0 0.35938
2450.0 5850.0 0.26363
2550.0 5850.0 0.26234
2650.0 5850.0 0.36675
2750.0 5850.0 0.55514
2850.0 5850.0 0.78114
2950.0 5850.0 0.99463
3050.0 5850.0 1.17555
3150.0 5850.0 1.33447
3250.0 5850.0 1.41774
3350.0 5850.0 1.36143
3450.0 5850.0 1.13186
3550.0 5850.0 0.74046
3650.0 5850.0 0.24476
3750.0 5850.0 -0.26454
3850.0 5850.0 -0.69043
3950.0 5850.0 -0.97039
4050.0 5850.0 -1.13076
4150.0 5850.0 -1.23919
4250.0 5850.0 -1.22589
4350.0 5850.0 -1.04400
4450.0 5850.0 -0.69982
4550.0 5850.0 -0.24424
4650.0 5850.0 0.24143
4750.0 5850.0 0.66544
4850.0 5850.0 0.95126
4950.0 5850.0 1.06890
5050.0 5850.0 1.07144
5150.0 5850.0 1.02697
5250.0 5850.0 0.88813
5350.0 5850.0 0.64697
5450.0 5850.0 0.33745
5550.0 5850.0 0.01381
5650.0 5850.0 -0.26750
5750.0 5850.0 -0.46238
5850.0 5850.0 -0.55002
5950.0 5850.0 -0.54035
6050.0 5850.0 -0.47771
6150.0 5850.0 -0.41930
6250.0 5850.0 -0.39952
6350.0 5850.0 -0.44368
50.0 5950.0 -1.09000
150.0 5950.0 -0.97982
250.0 5950.0 -0.88295
350.0 5950.0 -0.79157
450.0 5950.0 -0.68838
550.0 5950.0 -0.55759
650.0 5950.0 -0.39173
750.0 5950.0 -0.19427
850.0 5950.0 0.02205
950.0 5950.0 0.24101
1050.0 5950.0 0.45300
1150.0 5950.0 0.67380
1250.0 5950.0 0.92146
1350.0 5950.0 1.15793
1450.0 5950.0 1.32367
1550.0 5950.0 1.37332
1650.0 5950.0 1.29610
1750.0 5950.0 1.12076
1850.0 5950.0 0.90525
1950.0 5950.0 0.71106
2050.0 5950.0 0.56223
2150.0 5950.0 0.42202
2250.0 5950.0 0.28854
2350.0 5950.0 0.19759
2450.0 5950.0 0.18651
2550.0 5950.0 0.27362
2650.0 5950.0 0.44853
2750.0 5950.0 0.67336
2850.0 5950.0 0.89482
2950.0 5950.0 1.06717
3050.0 5950.0 1.18603
3150.0 5950.0 1.28825
3250.0 5950.0 1.34444
3350.0 5950.0 1.29677
3450.0 5950.0 1.10357
3550.0 5950.0 0.76013
3650.0 5950.0 0.30508
3750.0 5950.0 -0.18769
3850.0 5950.0 -0.63159
3950.0 5950.0 -0.96429
4050.0 5950.0 -1.19887
4150.0 5950.0 -1.36605
4250.0 5950.0 -1.35281
4350.0 5950.0 -1.10570
4450.0 5950.0 -0.65163
4550.0 5950.0 -0.07553
4650.0 5950.0 0.50541
4750.0 5950.0 0.97097
4850.0 5950.0 1.23063
4950.0 5950.0 1.25973
5050.0 5950.0 1.13838
5150.0 5950.0 0.95766
5250.0 5950.0 0.67038
5350.0 5950.0 0.29196
5450.0 5950.0 -0.11295
5550.0 5950.0 -0.46923
5650.0 5950.0 -0.71853
5750.0 5950.0 -0.83501
5850.0 5950.0 -0.82949
5950.0 5950.0 -0.74221
6050.0 5950.0 -0.62380
6150.0 5950.0 -0.50022
6250.0 5950.0 -0.38760
6350.0 5950.0 -0.32354
50.0 6050.0 -0.85067
150.0 6050.0 -0.77673
250.0 6050.0 -0.71286
350.0 6050.0 -0.65137
450.0 6050.0 -0.57703
550.0 6050.0 -0.47665
650.0 6050.0 -0.34481
750.0 6050.0 -0.18592
850.0 6050.0 -0.01238
950.0 6050.0 0.16099
1050.0 6050.0 0.32629
1150.0 6050.0 0.50097
1250.0 6050.0 0.70723
1350.0 6050.0 0.91237
1450.0 6050.0 1.06039
1550.0 6050.0 1.10606
1650.0 6050.0 1.03479
1750.0 6050.0 0.86841
1850.0 6050.0 0.65689
1950.0 6050.0 0.45589
2050.0 6050.0 0.29030
2150.0 6050.0 0.13814
2250.0 6050.0 0.01736
2350.0 6050.0 -0.03397
2450.0 6050.0 0.01104
2550.0 6050.0 0.15485
2650.0 6050.0 0.37160
2750.0 6050.0 0.61249
2850.0 6050.0 0.82035
2950.0 6050.0 0.95357
3050.0 6050.0 1.01926
3150.0 6050.0 1.07772
3250.0 6050.0 1.13093
3350.0 6050.0 1.13040
3450.0 6050.0 1.02445
3550.0 6050.0 0.78669
3650.0 6050.0 0.42954
3750.0 6050.0 0.00284
3850.0 6050.0 -0.42245
3950.0 6050.0 -0.78546
4050.0 6050.0 -1.08119
4150.0 6050.0 -1.30297
4250.0 6050.0 -1.31073
4350.0 6050.0 -1.04926
4450.0 6050.0 -0.55943
4550.0 6050.0 0.05319
4650.0 6050.0 0.65130
4750.0 6050.0 1.10032
4850.0 6050.0 1.30457
4950.0 6050.0 1.24489
5050.0 6050.0 1.01704
5150.0 6050.0 0.72505
5250.0 6050.0 0.32934
5350.0 6050.0 -0.13211
5450.0 6050.0 -0.57166
5550.0 6050.0 -0.90315
5650.0 6050.0 -1.07486
5750.0 6050.0 -1.08415
5850.0 6050.0 -0.97387
5950.0 6050.0 -0.81044
6050.0 6050.0 -0.64371
6150.0 6050.0 -0.46324
6250.0 6050.0 -0.26551
6350.0 6050.0 -0.09763
50.0 6150.0 -0.53987
150.0 6150.0 -0.49239
250.0 6150.0 -0.46101
350.0 6150.0 -0.44114
450.0 6150.0 -0.41758
550.0 6150.0 -0.37462
650.0 6150.0 -0.30255
750.0 6150.0 -0.20072
850.0 6150.0 -0.07711
950.0 6150.0 0.05562
1050.0 6150.0 0.18753
1150.0 6150.0 0.33089
1250.0 6150.0 0.50974
1350.0 6150.0 0.69520
1450.0 6150.0 0.83362
1550.0 6150.0 0.87950
1650.0 6150.0 0.81518
1750.0 6150.0 0.65734
1850.0 6150.0 0.45014
1950.0 6150.0 0.24521
2050.0 6150.0 0.06828
2150.0 6150.0 -0.09367
2250.0 6150.0 -0.21397
2350.0 6150.0 -0.25491
2450.0 6150.0 -0.19550
2550.0 6150.0 -0.04073
2650.0 6150.0 0.17735
2750.0 6150.0 0.40665
2850.0 6150.0 0.59039
2950.0 6150.0 0.69043
3050.0 6150.0 0.71896
3150.0 6150.0 0.75218
3250.0 6150.0 0.82498
3350.0 6150.0 0.89966
3450.0 6150.0 0.91427
3550.0 6150.0 0.81895
3650.0 6150.0 0.59723
3750.0 6150.0 0.27192
3850.0 6150.0 -0.10405
3950.0 6150.0 -0.47219
4050.0 6150.0 -0.80775
4150.0 6150.0 -1.07216
4250.0 6150.0 -1.11778
4350.0 6150.0 -0.89244
4450.0 6150.0 -0.44260
4550.0 6150.0 0.12131
4650.0 6150.0 0.65977
4750.0 6150.0 1.03943
4850.0 6150.0 1.16858
4950.0 6150.0 1.03290
5050.0 6150.0 0.73069
5150.0 6150.0 0.36787
5250.0 6150.0 -0.08072
5350.0 6150.0 -0.55840
5450.0 6150.0 -0.96548
5550.0 6150.0 -1.21636
5650.0 6150.0 -1.27385
5750.0 6150.0 -1.16055
5850.0 6150.0 -0.94743
5950.0 6150.0 -0.71946
6050.0 6150.0 -0.51848
6150.0 6150.0 -0.29833
6250.0 6150.0 -0.03912
6350.0 6150.0 0.20596
50.0 6250.0 -0.24207
150.0 6250.0 -0.20874
250.0 6250.0 -0.20252
350.0 6250.0 -0.22322
450.0 6250.0 -0.25433
550.0 6250.0 -0.27470
650.0 6250.0 -0.26694
750.0 6250.0 -0.22238
850.0 6250.0 -0.14277
950.0 6250.0 -0.03856
1050.0 6250.0 0.07614
1150.0 6250.0 0.20526
1250.0 6250.0 0.37377
1350.0 6250.0 0.55532
1450.0 6250.0 0.69695
1550.0 6250.0 0.75195
1650.0 6250.0 0.69983
1750.0 6250.0 0.55346
1850.0 6250.0 0.35326
1950.0 6250.0 0.14871
2050.0 6250.0 -0.03321
2150.0 6250.0 -0.20220
2250.0 6250.0 -0.33439
2350.0 6250.0 -0.39510
2450.0 6250.0 -0.36424
2550.0 6250.0 -0.24533
2650.0 6250.0 -0.06694
2750.0 6250.0 0.12358
2850.0 6250.0 0.27401
2950.0 6250.0 0.34887
3050.0 6250.0 0.35866
3150.0 6250.0 0.38555
3250.0 6250.0 0.49333
3350.0 6250.0 0.65475
3450.0 6250.0 0.79883
3550.0 6250.0 0.85439
3650.0 6250.0 0.77821
3750.0 6250.0 0.56776
3850.0 6250.0 0.25867
3950.0 6250.0 -0.09331
4050.0 6250.0 -0.44534
4150.0 6250.0 -0.73639
4250.0 6250.0 -0.82872
4350.0 6250.0 -0.67682
4450.0 6250.0 -0.32493
4550.0 6250.0 0.12552
4650.0 6250.0 0.54821
4750.0 6250.0 0.82387
4850.0 6250.0 0.87188
4950.0 6250.0 0.68153
5050.0 6250.0 0.34231
5150.0 6250.0 -0.04713
5250.0 6250.0 -0.49308
5350.0 6250.0 -0.92576
5450.0 6250.0 -1.24455
5550.0 6250.0 -1.37464
5650.0 6250.0 -1.29869
5750.0 6250.0 -1.06341
5850.0 6250.0 -0.76116
5950.0 6250.0 -0.48649
6050.0 6250.0 -0.26778
6150.0 6250.0 -0.02885
6250.0 6250.0 0.25975
6350.0 6250.0 0.54205
50.0 6350.0 0.00000
150.0 6350.0 0.02877
250.0 6350.0 0.01853
350.0 6350.0 -0.03495
450.0 6350.0 -0.11325
550.0 6350.0 -0.18911
650.0 6350.0 -0.23684
750.0 6350.0 -0.23950
850.0 6350.0 -0.19267
950.0 6350.0 -0.10496
1050.0 6350.0 0.00490
1150.0 6350.0 0.13240
1250.0 6350.0 0.30369
1350.0 6350.0 0.49406
1450.0 6350.0 0.65002
1550.0 6350.0 0.72272
1650.0 6350.0 0.68867
1750.0 6350.0 0.55758
1850.0 6350.0 0.36747
1950.0 6350.0 0.16695
2050.0 6350.0 -0.01525
2150.0 6350.0 -0.18910
2250.0 6350.0 -0.34148
2350.0 6350.0 -0.44251
2450.0 6350.0 -0.46945
2550.0 6350.0 -0.41815
2650.0 6350.0 -0.30697
2750.0 6350.0 -0.17309
2850.0 6350.0 -0.06131
2950.0 6350.0 -0.00516
3050.0 6350.0 -0.00055
3150.0 6350.0 0.03279
3250.0 6350.0 0.18183
3350.0 6350.0 0.42840
3450.0 6350.0 0.69430
3550.0 6350.0 0.89055
3650.0 6350.0 0.95134
3750.0 6350.0 0.85252
3850.0 6350.0 0.61466
3950.0 6350.0 0.29083
4050.0 6350.0 -0.06098
4150.0 6350.0 -0.36580
4250.0 6350.0 -0.50627
4350.0 6350.0 -0.44528
4450.0 6350.0 -0.21999
4550.0 6350.0 0.08541
4650.0 6350.0 0.36656
4750.0 6350.0 0.52533
4850.0 6350.0 0.49578
4950.0 6350.0 0.26972
5050.0 6350.0 -0.07878
5150.0 6350.0 -0.46337
5250.0 6350.0 -0.86980
5350.0 6350.0 -1.21987
5450.0 6350.0 -1.41955
5550.0 6350.0 -1.41085
5650.0 6350.0 -1.19839
5750.0 6350.0 -0.85046
5850.0 6350.0 -0.47477
5950.0 6350.0 -0.16873
6050.0 6350.0 0.05538
6150.0 6350.0 0.29712
6250.0 6350.0 0.58907
6350.0 6350.0 0.87457
