50.0 50.0 -0.03868
150.0 50.0 0.06126
250.0 50.0 0.20051
350.0 50.0 0.33392
450.0 50.0 0.43626
550.0 50.0 0.44169
650.0 50.0 0.31308
750.0 50.0 0.07322
850.0 50.0 -0.19977
950.0 50.0 -0.40808
1050.0 50.0 -0.50086
1150.0 50.0 -0.55240
1250.0 50.0 -0.63195
1350.0 50.0 -0.68845
1450.0 50.0 -0.64909
1550.0 50.0 -0.48597
1650.0 50.0 -0.23647
1750.0 50.0 0.02266
1850.0 50.0 0.24708
1950.0 50.0 0.47520
2050.0 50.0 0.67670
2150.0 50.0 0.76092
2250.0 50.0 0.67757
2350.0 50.0 0.46145
2450.0 50.0 0.21727
2550.0 50.0 0.04437
2650.0 50.0 -0.07302
2750.0 50.0 -0.13544
2850.0 50.0 -0.09810
2950.0 50.0 0.03684
3050.0 50.0 0.22163
3150.0 50.0 0.38253
3250.0 50.0 0.45682
3350.0 50.0 0.44645
3450.0 50.0 0.37030
3550.0 50.0 0.15342
3650.0 50.0 -0.17151
3750.0 50.0 -0.50515
3850.0 50.0 -0.74727
3950.0 50.0 -0.84221
4050.0 50.0 -0.80394
4150.0 50.0 -0.70065
4250.0 50.0 -0.45110
4350.0 50.0 -0.02804
4450.0 50.0 0.44167
4550.0 50.0 0.80410
4650.0 50.0 0.96341
4750.0 50.0 0.91998
4850.0 50.0 0.76167
4950.0 50.0 0.58158
5050.0 50.0 0.39253
5150.0 50.0 0.21554
5250.0 50.0 0.07224
5350.0 50.0 -0.03274
5450.0 50.0 -0.11481
5550.0 50.0 -0.19780
5650.0 50.0 -0.29115
5750.0 50.0 -0.40356
5850.0 50.0 -0.50782
5950.0 50.0 -0.54661
6050.0 50.0 -0.48942
6150.0 50.0 -0.35603
6250.0 50.0 -0.20419
6350.0 50.0 -0.08147
50.0 150.0 -0.13907
150.0 150.0 0.00668
250.0 150.0 0.14851
350.0 150.0 0.25282
450.0 150.0 0.32563
550.0 150.0 0.31864
650.0 150.0 0.21042
750.0 150.0 0.02585
850.0 150.0 -0.17251
950.0 150.0 -0.31284
1050.0 150.0 -0.36221
1150.0 150.0 -0.38586
1250.0 150.0 -0.46382
1350.0 150.0 -0.55182
1450.0 150.0 -0.56285
1550.0 150.0 -0.44592
1650.0 150.0 -0.21747
1750.0 150.0 0.05480
1850.0 150.0 0.31575
1950.0 150.0 0.60235
2050.0 150.0 0.89260
2150.0 150.0 1.05908
2250.0 150.0 1.01022
2350.0 150.0 0.76475
2450.0 150.0 0.44371
2550.0 150.0 0.18012
2650.0 150.0 -0.02443
2750.0 150.0 -0.16233
2850.0 150.0 -0.17146
2950.0 150.0 -0.04637
3050.0 150.0 0.15582
3150.0 150.0 0.33774
3250.0 150.0 0.41123
3350.0 150.0 0.37323
3450.0 150.0 0.27082
3550.0 150.0 0.05532
3650.0 150.0 -0.22558
3750.0 150.0 -0.47609
3850.0 150.0 -0.61865
3950.0 150.0 -0.62953
4050.0 150.0 -0.54401
4150.0 150.0 -0.41483
4250.0 150.0 -0.14777
4350.0 150.0 0.25776
4450.0 150.0 0.65252
4550.0 150.0 0.88610
4650.0 150.0 0.89426
4750.0 150.0 0.72027
4850.0 150.0 0.47036
4950.0 150.0 0.22717
5050.0 150.0 0.04862
5150.0 150.0 -0.03119
5250.0 150.0 -0.02212
5350.0 150.0 0.02322
5450.0 150.0 0.03169
5550.0 150.0 -0.04707
5650.0 150.0 -0.18435
5750.0 150.0 -0.34815
5850.0 150.0 -0.50647
5950.0 150.0 -0.59151
6050.0 150.0 -0.56524
6150.0 150.0 -0.44799
6250.0 150.0 -0.30534
6350.0 150.0 -0.19322
50.0 250.0 -0.28056
150.0 250.0 -0.11375
250.0 250.0 0.03001
350.0 250.0 0.12254
450.0 250.0 0.19368
550.0 250.0 0.21580
650.0 250.0 0.17108
750.0 250.0 0.07169
850.0 250.0 -0.04304
950.0 250.0 -0.12455
1050.0 250.0 -0.14806
1150.0 250.0 -0.16305
1250.0 250.0 -0.26412
1350.0 250.0 -0.41660
1450.0 250.0 -0.51761
1550.0 250.0 -0.48833
1650.0 250.0 -0.31850
1750.0 250.0 -0.06287
1850.0 250.0 0.21089
1950.0 250.0 0.52370
2050.0 250.0 0.85779
2150.0 250.0 1.07013
2250.0 250.0 1.04919
2350.0 250.0 0.80335
2450.0 250.0 0.45758
2550.0 250.0 0.15842
2650.0 250.0 -0.08301
2750.0 250.0 -0.25966
2850.0 250.0 -0.30519
2950.0 250.0 -0.20790
3050.0 250.0 -0.02259
3150.0 250.0 0.14996
3250.0 250.0 0.21461
3350.0 250.0 0.16406
3450.0 250.0 0.06194
3550.0 250.0 -0.10778
3650.0 250.0 -0.29166
3750.0 250.0 -0.41389
3850.0 250.0 -0.43155
3950.0 250.0 -0.35493
4050.0 250.0 -0.23309
4150.0 250.0 -0.09479
4250.0 250.0 0.15319
4350.0 250.0 0.48663
4450.0 250.0 0.75759
4550.0 250.0 0.84117
4650.0 250.0 0.71200
4750.0 250.0 0.44673
4850.0 250.0 0.15294
4950.0 250.0 -0.11103
5050.0 250.0 -0.26025
5150.0 250.0 -0.25426
5250.0 250.0 -0.12632
5350.0 250.0 0.03224
5450.0 250.0 0.11148
5550.0 250.0 0.04604
5650.0 250.0 -0.10873
5750.0 250.0 -0.28899
5850.0 250.0 -0.45684
5950.0 250.0 -0.54200
6050.0 250.0 -0.50821
6150.0 250.0 -0.38147
6250.0 250.0 -0.23417
6350.0 250.0 -0.12485
50.0 350.0 -0.42219
150.0 350.0 -0.25427
250.0 350.0 -0.11075
350.0 350.0 -0.01913
450.0 350.0 0.06578
550.0 350.0 0.13592
650.0 350.0 0.16998
750.0 350.0 0.16096
850.0 350.0 0.12381
950.0 350.0 0.08836
1050.0 350.0 0.07765
1150.0 350.0 0.05934
1250.0 350.0 -0.07757
1350.0 350.0 -0.30899
1450.0 350.0 -0.51650
1550.0 350.0 -0.59284
1650.0 350.0 -0.49965
1750.0 350.0 -0.27735
1850.0 350.0 -0.00609
1950.0 350.0 0.31116
2050.0 350.0 0.65762
2150.0 350.0 0.88855
2250.0 350.0 0.88722
2350.0 350.0 0.65647
2450.0 350.0 0.31789
2550.0 350.0 0.01847
2650.0 350.0 -0.22677
2750.0 350.0 -0.41512
2850.0 350.0 -0.48328
2950.0 350.0 -0.41553
3050.0 350.0 -0.25936
3150.0 350.0 -0.10846
3250.0 350.0 -0.05443
3350.0 350.0 -0.10732
3450.0 350.0 -0.19452
3550.0 350.0 -0.30001
3650.0 350.0 -0.37055
3750.0 350.0 -0.35682
3850.0 350.0 -0.25255
3950.0 350.0 -0.09858
4050.0 350.0 0.04835
4150.0 350.0 0.18514
4250.0 350.0 0.39838
4350.0 350.0 0.64483
4450.0 350.0 0.79001
4550.0 350.0 0.74121
4650.0 350.0 0.50820
4750.0 350.0 0.18969
4850.0 350.0 -0.11463
4950.0 350.0 -0.37365
5050.0 350.0 -0.49116
5150.0 350.0 -0.42512
5250.0 350.0 -0.22276
5350.0 350.0 0.00411
5450.0 350.0 0.12769
5550.0 350.0 0.07681
5650.0 350.0 -0.07817
5750.0 350.0 -0.24988
5850.0 350.0 -0.39257
5950.0 350.0 -0.43955
6050.0 350.0 -0.36453
6150.0 350.0 -0.20486
6250.0 350.0 -0.04047
6350.0 350.0 0.07158
50.0 450.0 -0.50074
150.0 450.0 -0.34400
250.0 450.0 -0.21147
350.0 450.0 -0.12944
450.0 450.0 -0.04067
550.0 450.0 0.06636
650.0 450.0 0.17045
750.0 450.0 0.24845
850.0 450.0 0.29112
950.0 450.0 0.30693
1050.0 450.0 0.31383
1150.0 450.0 0.29737
1250.0 450.0 0.13652
1350.0 450.0 -0.15653
1450.0 450.0 -0.45448
1550.0 450.0 -0.62766
1650.0 450.0 -0.61190
1750.0 450.0 -0.43103
1850.0 450.0 -0.17325
1950.0 450.0 0.13200
2050.0 450.0 0.46341
2150.0 450.0 0.68037
2250.0 450.0 0.67058
2350.0 450.0 0.43841
2450.0 450.0 0.10341
2550.0 450.0 -0.19124
2650.0 450.0 -0.43232
2750.0 450.0 -0.61846
2850.0 450.0 -0.68876
2950.0 450.0 -0.62823
3050.0 450.0 -0.48275
3150.0 450.0 -0.34257
3250.0 450.0 -0.29581
3350.0 450.0 -0.35199
3450.0 450.0 -0.42280
3550.0 450.0 -0.45540
3650.0 450.0 -0.40020
3750.0 450.0 -0.24071
3850.0 450.0 -0.01220
3950.0 450.0 0.21287
4050.0 450.0 0.37270
4150.0 450.0 0.49334
4250.0 450.0 0.65070
4350.0 450.0 0.78651
4450.0 450.0 0.79140
4550.0 450.0 0.61266
4650.0 450.0 0.29414
4750.0 450.0 -0.05223
4850.0 450.0 -0.34325
4950.0 450.0 -0.57640
5050.0 450.0 -0.64982
5150.0 450.0 -0.52379
5250.0 450.0 -0.25775
5350.0 450.0 0.02288
5450.0 450.0 0.18157
5550.0 450.0 0.14724
5650.0 450.0 0.00101
5750.0 450.0 -0.15514
5850.0 450.0 -0.27295
5950.0 450.0 -0.29248
6050.0 450.0 -0.19586
6150.0 450.0 -0.02568
6250.0 450.0 0.13820
6350.0 450.0 0.24348
50.0 550.0 -0.43878
150.0 550.0 -0.31154
250.0 550.0 -0.21183
350.0 550.0 -0.16143
450.0 550.0 -0.09709
550.0 550.0 0.00979
650.0 550.0 0.14851
750.0 550.0 0.29108
850.0 550.0 0.40843
950.0 550.0 0.48336
1050.0 550.0 0.51990
1150.0 550.0 0.52024
1250.0 550.0 0.37006
1350.0 550.0 0.06821
1450.0 550.0 -0.26627
1550.0 550.0 -0.49895
1650.0 550.0 -0.54877
1750.0 550.0 -0.42011
1850.0 550.0 -0.19727
1950.0 550.0 0.06520
2050.0 550.0 0.33388
2150.0 550.0 0.48216
2250.0 550.0 0.41776
2350.0 550.0 0.15741
2450.0 550.0 -0.18029
2550.0 550.0 -0.46358
2650.0 550.0 -0.68940
2750.0 550.0 -0.84998
2850.0 550.0 -0.88487
2950.0 550.0 -0.78911
3050.0 550.0 -0.61866
3150.0 550.0 -0.46846
3250.0 550.0 -0.42424
3350.0 550.0 -0.48847
3450.0 550.0 -0.54594
3550.0 550.0 -0.50332
3650.0 550.0 -0.32108
3750.0 550.0 -0.02319
3850.0 550.0 0.31038
3950.0 550.0 0.57846
4050.0 550.0 0.72057
4150.0 550.0 0.79416
4250.0 550.0 0.85757
4350.0 550.0 0.84923
4450.0 550.0 0.70614
4550.0 550.0 0.42563
4650.0 550.0 0.07683
4750.0 550.0 -0.23708
4850.0 550.0 -0.46558
4950.0 550.0 -0.63181
5050.0 550.0 -0.64024
5150.0 550.0 -0.46171
5250.0 550.0 -0.16288
5350.0 550.0 0.13341
5450.0 550.0 0.30225
5550.0 550.0 0.28552
5650.0 550.0 0.16485
5750.0 550.0 0.03601
5850.0 550.0 -0.06236
5950.0 550.0 -0.08341
6050.0 550.0 -0.01339
6150.0 550.0 0.11403
6250.0 550.0 0.23611
6350.0 550.0 0.31190
50.0 650.0 -0.25584
150.0 650.0 -0.16563
250.0 650.0 -0.11432
350.0 650.0 -0.11467
450.0 650.0 -0.10376
550.0 650.0 -0.04314
650.0 650.0 0.07736
750.0 650.0 0.24009
850.0 650.0 0.40671
950.0 650.0 0.53553
1050.0 650.0 0.60913
1150.0 650.0 0.64039
1250.0 650.0 0.53932
1350.0 650.0 0.29253
1450.0 650.0 -0.00763
1550.0 650.0 -0.24371
1650.0 650.0 -0.33175
1750.0 650.0 -0.25718
1850.0 650.0 -0.08726
1950.0 650.0 0.10919
2050.0 650.0 0.28677
2150.0 650.0 0.34090
2250.0 650.0 0.20757
2350.0 650.0 -0.08179
2450.0 650.0 -0.41394
2550.0 650.0 -0.67617
2650.0 650.0 -0.87734
2750.0 650.0 -0.99596
2850.0 650.0 -0.97192
2950.0 650.0 -0.81670
3050.0 650.0 -0.60325
3150.0 650.0 -0.43476
3250.0 650.0 -0.39359
3350.0 650.0 -0.47068
3450.0 650.0 -0.52342
3550.0 650.0 -0.42744
3650.0 650.0 -0.15867
3750.0 650.0 0.22151
3850.0 650.0 0.59908
3950.0 650.0 0.85772
4050.0 650.0 0.94643
4150.0 650.0 0.94664
4250.0 650.0 0.89583
4350.0 650.0 0.74624
4450.0 650.0 0.49456
4550.0 650.0 0.18504
4650.0 650.0 -0.10845
4750.0 650.0 -0.31854
4850.0 650.0 -0.43843
4950.0 650.0 -0.50457
5050.0 650.0 -0.44282
5150.0 650.0 -0.24229
5250.0 650.0 0.03297
5350.0 650.0 0.28472
5450.0 650.0 0.42438
5550.0 650.0 0.42008
5650.0 650.0 0.33959
5750.0 650.0 0.25028
5850.0 650.0 0.17162
5950.0 650.0 0.13112
6050.0 650.0 0.14024
6150.0 650.0 0.18453
6250.0 650.0 0.23190
6350.0 650.0 0.25892
50.0 750.0 -0.03395
150.0 750.0 0.02794
250.0 750.0 0.03014
350.0 750.0 -0.02731
450.0 750.0 -0.08544
550.0 750.0 -0.10500
650.0 750.0 -0.04994
750.0 750.0 0.08493
850.0 750.0 0.26440
950.0 750.0 0.42921
1050.0 750.0 0.53834
1150.0 750.0 0.60670
1250.0 750.0 0.57880
1350.0 750.0 0.43236
1450.0 750.0 0.22219
1550.0 750.0 0.03302
1650.0 750.0 -0.06125
1750.0 750.0 -0.03147
1850.0 750.0 0.08042
1950.0 750.0 0.20774
2050.0 750.0 0.30220
2150.0 750.0 0.28312
2250.0 750.0 0.11039
2350.0 750.0 -0.17827
2450.0 750.0 -0.48386
2550.0 750.0 -0.71645
2650.0 750.0 -0.89019
2750.0 750.0 -0.96656
2850.0 750.0 -0.88786
2950.0 750.0 -0.68199
3050.0 750.0 -0.43678
3150.0 750.0 -0.26027
3250.0 750.0 -0.22850
3350.0 750.0 -0.32095
3450.0 750.0 -0.37976
3550.0 750.0 -0.26962
3650.0 750.0 0.01657
3750.0 750.0 0.39400
3850.0 750.0 0.73596
3950.0 750.0 0.93018
4050.0 750.0 0.94143
4150.0 750.0 0.86021
4250.0 750.0 0.70550
4350.0 750.0 0.45831
4450.0 750.0 0.17270
4550.0 750.0 -0.07709
4650.0 750.0 -0.23651
4750.0 750.0 -0.29364
4850.0 750.0 -0.28507
4950.0 750.0 -0.24341
5050.0 750.0 -0.12705
5150.0 750.0 0.05327
5250.0 750.0 0.24674
5350.0 750.0 0.39774
5450.0 750.0 0.47148
5550.0 750.0 0.46978
5650.0 750.0 0.43437
5750.0 750.0 0.39133
5850.0 750.0 0.33916
5950.0 750.0 0.28287
6050.0 750.0 0.22975
6150.0 750.0 0.18531
6250.0 750.0 0.15095
6350.0 750.0 0.12334
50.0 850.0 0.12788
150.0 850.0 0.18146
250.0 850.0 0.14859
350.0 850.0 0.04324
450.0 850.0 -0.07867
550.0 850.0 -0.18350
650.0 850.0 -0.21177
750.0 850.0 -0.13210
850.0 850.0 0.03147
950.0 850.0 0.21119
1050.0 850.0 0.34639
1150.0 850.0 0.44727
1250.0 850.0 0.49051
1350.0 850.0 0.44893
1450.0 850.0 0.34169
1550.0 850.0 0.21878
1650.0 850.0 0.13858
1750.0 850.0 0.13904
1850.0 850.0 0.20282
1950.0 850.0 0.27896
2050.0 850.0 0.32943
2150.0 850.0 0.29240
2250.0 850.0 0.13739
2350.0 850.0 -0.10632
2450.0 850.0 -0.36256
2550.0 850.0 -0.56236
2650.0 850.0 -0.71367
2750.0 850.0 -0.76326
2850.0 850.0 -0.65891
2950.0 850.0 -0.43873
3050.0 850.0 -0.19565
3150.0 850.0 -0.03412
3250.0 850.0 -0.02057
3350.0 850.0 -0.12740
3450.0 850.0 -0.19974
3550.0 850.0 -0.11165
3650.0 850.0 0.12999
3750.0 850.0 0.43450
3850.0 850.0 0.68342
3950.0 850.0 0.78351
4050.0 850.0 0.71662
4150.0 850.0 0.56762
4250.0 850.0 0.34372
4350.0 850.0 0.06005
4450.0 850.0 -0.18834
4550.0 850.0 -0.31893
4650.0 850.0 -0.31183
4750.0 850.0 -0.21312
4850.0 850.0 -0.09167
4950.0 850.0 0.03703
5050.0 850.0 0.18017
5150.0 850.0 0.30803
5250.0 850.0 0.38901
5350.0 850.0 0.41522
5450.0 850.0 0.40735
5550.0 850.0 0.39888
5650.0 850.0 0.40155
5750.0 850.0 0.40285
5850.0 850.0 0.38682
5950.0 850.0 0.33745
6050.0 850.0 0.25332
6150.0 850.0 0.15102
6250.0 850.0 0.05651
6350.0 850.0 -0.01564
50.0 950.0 0.15778
150.0 950.0 0.22454
250.0 950.0 0.17875
350.0 950.0 0.04614
450.0 950.0 -0.11541
550.0 950.0 -0.27811
650.0 950.0 -0.36814
750.0 950.0 -0.33562
850.0 950.0 -0.19404
950.0 950.0 -0.01306
1050.0 950.0 0.13541
1150.0 950.0 0.25541
1250.0 950.0 0.34178
1350.0 950.0 0.36500
1450.0 950.0 0.32279
1550.0 950.0 0.24352
1650.0 950.0 0.17525
1750.0 950.0 0.16031
1850.0 950.0 0.19640
1950.0 950.0 0.25196
2050.0 950.0 0.30985
2150.0 950.0 0.31750
2250.0 950.0 0.23675
2350.0 950.0 0.07471
2450.0 950.0 -0.11921
2550.0 950.0 -0.29029
2650.0 950.0 -0.42970
2750.0 950.0 -0.47636
2850.0 950.0 -0.38619
2950.0 950.0 -0.19799
3050.0 950.0 0.00290
3150.0 950.0 0.12496
3250.0 950.0 0.11347
3350.0 950.0 -0.00365
3450.0 950.0 -0.08976
3550.0 950.0 -0.03834
3650.0 950.0 0.13585
3750.0 950.0 0.34847
3850.0 950.0 0.49920
3950.0 950.0 0.51680
4050.0 950.0 0.39567
4150.0 950.0 0.20808
4250.0 950.0 -0.04275
4350.0 950.0 -0.31494
4450.0 950.0 -0.49492
4550.0 950.0 -0.50752
4650.0 950.0 -0.36595
4750.0 950.0 -0.15793
4850.0 950.0 0.03210
4950.0 950.0 0.20813
5050.0 950.0 0.35177
5150.0 950.0 0.42168
5250.0 950.0 0.40369
5350.0 950.0 0.32666
5450.0 950.0 0.25131
5550.0 950.0 0.23193
5650.0 950.0 0.25695
5750.0 950.0 0.29265
5850.0 950.0 0.32045
5950.0 950.0 0.30886
6050.0 950.0 0.24273
6150.0 950.0 0.13545
6250.0 950.0 0.02097
6350.0 950.0 -0.07428
50.0 1050.0 0.05365
150.0 1050.0 0.14730
250.0 1050.0 0.10796
350.0 1050.0 -0.03083
450.0 1050.0 -0.20292
550.0 1050.0 -0.38167
650.0 1050.0 -0.48948
750.0 1050.0 -0.47126
850.0 1050.0 -0.33718
950.0 1050.0 -0.15697
1050.0 1050.0 -0.00538
1150.0 1050.0 0.11891
1250.0 1050.0 0.21144
1350.0 1050.0 0.24071
1450.0 1050.0 0.20096
1550.0 1050.0 0.11880
1650.0 1050.0 0.04331
1750.0 1050.0 0.01989
1850.0 1050.0 0.04853
1950.0 1050.0 0.11139
2050.0 1050.0 0.21639
2150.0 1050.0 0.31104
2250.0 1050.0 0.33696
2350.0 1050.0 0.27198
2450.0 1050.0 0.14014
2550.0 1050.0 -0.01033
2650.0 1050.0 -0.14835
2750.0 1050.0 -0.21267
2850.0 1050.0 -0.16847
2950.0 1050.0 -0.04714
3050.0 1050.0 0.08334
3150.0 1050.0 0.15054
3250.0 1050.0 0.11157
3350.0 1050.0 -0.01098
3450.0 1050.0 -0.10522
3550.0 1050.0 -0.08180
3650.0 1050.0 0.04268
3750.0 1050.0 0.19314
3850.0 1050.0 0.28430
3950.0 1050.0 0.25910
4050.0 1050.0 0.11719
4150.0 1050.0 -0.07965
4250.0 1050.0 -0.32680
4350.0 1050.0 -0.57003
4450.0 1050.0 -0.69526
4550.0 1050.0 -0.63886
4650.0 1050.0 -0.43287
4750.0 1050.0 -0.18192
4850.0 1050.0 0.02805
4950.0 1050.0 0.21323
5050.0 1050.0 0.34329
5150.0 1050.0 0.37336
5250.0 1050.0 0.29944
5350.0 1050.0 0.16802
5450.0 1050.0 0.05713
5550.0 1050.0 0.02860
5650.0 1050.0 0.05987
5750.0 1050.0 0.11780
5850.0 1050.0 0.19236
5950.0 1050.0 0.24299
6050.0 1050.0 0.23755
6150.0 1050.0 0.17359
6250.0 1050.0 0.07734
6350.0 1050.0 -0.01947
50.0 1150.0 -0.08851
150.0 1150.0 0.03697
250.0 1150.0 0.01003
350.0 1150.0 -0.12868
450.0 1150.0 -0.30292
550.0 1150.0 -0.48594
650.0 1150.0 -0.59920
750.0 1150.0 -0.58592
850.0 1150.0 -0.45492
950.0 1150.0 -0.27547
1050.0 1150.0 -0.12291
1150.0 1150.0 0.00176
1250.0 1150.0 0.08716
1350.0 1150.0 0.09919
1450.0 1150.0 0.03561
1550.0 1150.0 -0.07039
1650.0 1150.0 -0.16312
1750.0 1150.0 -0.19370
1850.0 1150.0 -0.16478
1950.0 1150.0 -0.08382
2050.0 1150.0 0.08360
2150.0 1150.0 0.28151
2250.0 1150.0 0.42656
2350.0 1150.0 0.46455
2450.0 1150.0 0.39474
2550.0 1150.0 0.26182
2650.0 1150.0 0.12122
2750.0 1150.0 0.03122
2850.0 1150.0 0.01752
2950.0 1150.0 0.06005
3050.0 1150.0 0.11209
3150.0 1150.0 0.12219
3250.0 1150.0 0.05847
3350.0 1150.0 -0.06455
3450.0 1150.0 -0.16103
3550.0 1150.0 -0.15696
3650.0 1150.0 -0.06966
3750.0 1150.0 0.03434
3850.0 1150.0 0.08260
3950.0 1150.0 0.02945
4050.0 1150.0 -0.12189
4150.0 1150.0 -0.31836
4250.0 1150.0 -0.55232
4350.0 1150.0 -0.76288
4450.0 1150.0 -0.84203
4550.0 1150.0 -0.73869
4650.0 1150.0 -0.49775
4750.0 1150.0 -0.23114
4850.0 1150.0 -0.02109
4950.0 1150.0 0.15759
5050.0 1150.0 0.26811
5150.0 1150.0 0.26576
5250.0 1150.0 0.15403
5350.0 1150.0 -0.01070
5450.0 1150.0 -0.14262
5550.0 1150.0 -0.17815
5650.0 1150.0 -0.14594
5750.0 1150.0 -0.06977
5850.0 1150.0 0.05280
5950.0 1150.0 0.17425
6050.0 1150.0 0.24429
6150.0 1150.0 0.24026
6250.0 1150.0 0.17532
6350.0 1150.0 0.08432
50.0 1250.0 -0.16803
150.0 1250.0 -0.00528
250.0 1250.0 -0.02304
350.0 1250.0 -0.16847
450.0 1250.0 -0.36004
550.0 1250.0 -0.57834
650.0 1250.0 -0.73726
750.0 1250.0 -0.76614
850.0 1250.0 -0.66215
950.0 1250.0 -0.49019
1050.0 1250.0 -0.33033
1150.0 1250.0 -0.19571
1250.0 1250.0 -0.11078
1350.0 1250.0 -0.11385
1450.0 1250.0 -0.20294
1550.0 1250.0 -0.33574
1650.0 1250.0 -0.44671
1750.0 1250.0 -0.48125
1850.0 1250.0 -0.44536
1950.0 1250.0 -0.33546
2050.0 1250.0 -0.08649
2150.0 1250.0 0.23902
2250.0 1250.0 0.52635
2350.0 1250.0 0.68372
2450.0 1250.0 0.68331
2550.0 1250.0 0.56819
2650.0 1250.0 0.42204
2750.0 1250.0 0.29687
2850.0 1250.0 0.21182
2950.0 1250.0 0.16689
3050.0 1250.0 0.14334
3150.0 1250.0 0.11129
3250.0 1250.0 0.04474
3350.0 1250.0 -0.05589
3450.0 1250.0 -0.13348
3550.0 1250.0 -0.13594
3650.0 1250.0 -0.08806
3750.0 1250.0 -0.04833
3850.0 1250.0 -0.06923
3950.0 1250.0 -0.17328
4050.0 1250.0 -0.34480
4150.0 1250.0 -0.54313
4250.0 1250.0 -0.75575
4350.0 1250.0 -0.91312
4450.0 1250.0 -0.92189
4550.0 1250.0 -0.75429
4650.0 1250.0 -0.47500
4750.0 1250.0 -0.20357
4850.0 1250.0 -0.01262
4950.0 1250.0 0.13825
5050.0 1250.0 0.20760
5150.0 1250.0 0.15640
5250.0 1250.0 0.00019
5350.0 1250.0 -0.19508
5450.0 1250.0 -0.34110
5550.0 1250.0 -0.37913
5650.0 1250.0 -0.34477
5750.0 1250.0 -0.24890
5850.0 1250.0 -0.07635
5950.0 1250.0 0.11797
6050.0 1250.0 0.26511
6150.0 1250.0 0.32194
6250.0 1250.0 0.28859
6350.0 1250.0 0.20334
50.0 1350.0 -0.13869
150.0 1350.0 0.04972
250.0 1350.0 0.02904
350.0 1350.0 -0.13276
450.0 1350.0 -0.35831
550.0 1350.0 -0.64155
650.0 1350.0 -0.88096
750.0 1350.0 -0.98040
850.0 1350.0 -0.91734
950.0 1350.0 -0.75146
1050.0 1350.0 -0.57319
1150.0 1350.0 -0.41565
1250.0 1350.0 -0.32057
1350.0 1350.0 -0.33216
1450.0 1350.0 -0.44397
1550.0 1350.0 -0.60254
1650.0 1350.0 -0.72955
1750.0 1350.0 -0.76226
1850.0 1350.0 -0.71048
1950.0 1350.0 -0.56463
2050.0 1350.0 -0.23521
2150.0 1350.0 0.20600
2250.0 1350.0 0.61512
2350.0 1350.0 0.86918
2450.0 1350.0 0.92107
2550.0 1350.0 0.81636
2650.0 1350.0 0.66133
2750.0 1350.0 0.49500
2850.0 1350.0 0.33601
2950.0 1350.0 0.21329
3050.0 1350.0 0.13938
3150.0 1350.0 0.10110
3250.0 1350.0 0.06840
3350.0 1350.0 0.02148
3450.0 1350.0 -0.00678
3550.0 1350.0 0.01084
3650.0 1350.0 0.03308
3750.0 1350.0 0.00483
3850.0 1350.0 -0.10237
3950.0 1350.0 -0.27667
4050.0 1350.0 -0.47917
4150.0 1350.0 -0.68274
4250.0 1350.0 -0.86878
4350.0 1350.0 -0.95933
4450.0 1350.0 -0.88485
4550.0 1350.0 -0.65006
4650.0 1350.0 -0.34330
4750.0 1350.0 -0.08907
4850.0 1350.0 0.05619
4950.0 1350.0 0.15296
5050.0 1350.0 0.16103
5150.0 1350.0 0.05472
5250.0 1350.0 -0.13584
5350.0 1350.0 -0.34064
5450.0 1350.0 -0.48026
5550.0 1350.0 -0.51086
5650.0 1350.0 -0.47289
5750.0 1350.0 -0.36133
5850.0 1350.0 -0.15199
5950.0 1350.0 0.09451
6050.0 1350.0 0.29585
6150.0 1350.0 0.39481
6250.0 1350.0 0.38294
6350.0 1350.0 0.30138
50.0 1450.0 -0.00581
150.0 1450.0 0.17569
250.0 1450.0 0.13390
350.0 1450.0 -0.05122
450.0 1450.0 -0.31657
550.0 1450.0 -0.66813
650.0 1450.0 -0.98529
750.0 1450.0 -1.14512
850.0 1450.0 -1.10797
950.0 1450.0 -0.93332
1050.0 1450.0 -0.72599
1150.0 1450.0 -0.53693
1250.0 1450.0 -0.42269
1350.0 1450.0 -0.43381
1450.0 1450.0 -0.56012
1550.0 1450.0 -0.73742
1650.0 1450.0 -0.87441
1750.0 1450.0 -0.89953
1850.0 1450.0 -0.82604
1950.0 1450.0 -0.64961
2050.0 1450.0 -0.27577
2150.0 1450.0 0.21449
2250.0 1450.0 0.66378
2350.0 1450.0 0.94053
2450.0 1450.0 0.99773
2550.0 1450.0 0.88835
2650.0 1450.0 0.72305
2750.0 1450.0 0.52061
2850.0 1450.0 0.30636
2950.0 1450.0 0.14021
3050.0 1450.0 0.06071
3150.0 1450.0 0.06068
3250.0 1450.0 0.09539
3350.0 1450.0 0.12356
3450.0 1450.0 0.16728
3550.0 1450.0 0.23496
3650.0 1450.0 0.26298
3750.0 1450.0 0.19126
3850.0 1450.0 0.01076
3950.0 1450.0 -0.23104
4050.0 1450.0 -0.46666
4150.0 1450.0 -0.67806
4250.0 1450.0 -0.84160
4350.0 1450.0 -0.87485
4450.0 1450.0 -0.73497
4550.0 1450.0 -0.45829
4650.0 1450.0 -0.15203
4750.0 1450.0 0.06049
4850.0 1450.0 0.14143
4950.0 1450.0 0.16975
5050.0 1450.0 0.11519
5150.0 1450.0 -0.02927
5250.0 1450.0 -0.22208
5350.0 1450.0 -0.39957
5450.0 1450.0 -0.50436
5550.0 1450.0 -0.51588
5650.0 1450.0 -0.47360
5750.0 1450.0 -0.35689
5850.0 1450.0 -0.14035
5950.0 1450.0 0.11381
6050.0 1450.0 0.32135
6150.0 1450.0 0.42390
6250.0 1450.0 0.41316
6350.0 1450.0 0.33137
50.0 1550.0 0.17673
150.0 1550.0 0.31303
250.0 1550.0 0.23441
350.0 1550.0 0.02499
450.0 1550.0 -0.27244
550.0 1550.0 -0.66782
650.0 1550.0 -1.02364
750.0 1550.0 -1.19992
850.0 1550.0 -1.15168
950.0 1550.0 -0.94698
1050.0 1550.0 -0.70536
1150.0 1550.0 -0.48462
1250.0 1550.0 -0.34806
1350.0 1550.0 -0.35151
1450.0 1550.0 -0.48252
1550.0 1550.0 -0.66880
1650.0 1550.0 -0.80869
1750.0 1550.0 -0.82320
1850.0 1550.0 -0.72802
1950.0 1550.0 -0.53621
2050.0 1550.0 -0.17206
2150.0 1550.0 0.27706
2250.0 1550.0 0.66204
2350.0 1550.0 0.87083
2450.0 1550.0 0.87850
2550.0 1550.0 0.74877
2650.0 1550.0 0.57440
2750.0 1550.0 0.34952
2850.0 1550.0 0.11123
2950.0 1550.0 -0.05538
3050.0 1550.0 -0.09713
3150.0 1550.0 -0.02675
3250.0 1550.0 0.09008
3350.0 1550.0 0.19473
3450.0 1550.0 0.31469
3550.0 1550.0 0.45171
3650.0 1550.0 0.51979
3750.0 1550.0 0.44590
3850.0 1550.0 0.22919
3950.0 1550.0 -0.05660
4050.0 1550.0 -0.31775
4150.0 1550.0 -0.53761
4250.0 1550.0 -0.69012
4350.0 1550.0 -0.69429
4450.0 1550.0 -0.52925
4550.0 1550.0 -0.25234
4650.0 1550.0 0.02148
4750.0 1550.0 0.17678
4850.0 1550.0 0.19142
4950.0 1550.0 0.15569
5050.0 1550.0 0.05653
5150.0 1550.0 -0.09386
5250.0 1550.0 -0.24988
5350.0 1550.0 -0.36462
5450.0 1550.0 -0.41160
5550.0 1550.0 -0.39609
5650.0 1550.0 -0.34992
5750.0 1550.0 -0.24021
5850.0 1550.0 -0.04858
5950.0 1550.0 0.16578
6050.0 1550.0 0.32888
6150.0 1550.0 0.39476
6250.0 1550.0 0.36407
6350.0 1550.0 0.27812
50.0 1650.0 0.32867
150.0 1650.0 0.39597
250.0 1650.0 0.27555
350.0 1650.0 0.04736
450.0 1650.0 -0.26491
550.0 1650.0 -0.66458
650.0 1650.0 -1.00419
750.0 1650.0 -1.14226
850.0 1650.0 -1.04348
950.0 1650.0 -0.79219
1050.0 1650.0 -0.51926
1150.0 1650.0 -0.27519
1250.0 1650.0 -0.12068
1350.0 1650.0 -0.11487
1450.0 1650.0 -0.24438
1550.0 1650.0 -0.43233
1650.0 1650.0 -0.57077
1750.0 1650.0 -0.57597
1850.0 1650.0 -0.46497
1950.0 1650.0 -0.27481
2050.0 1650.0 0.03598
2150.0 1650.0 0.37779
2250.0 1650.0 0.62619
2350.0 1650.0 0.70753
2450.0 1650.0 0.63191
2550.0 1650.0 0.47380
2650.0 1650.0 0.29354
2750.0 1650.0 0.06135
2850.0 1650.0 -0.17367
2950.0 1650.0 -0.31182
3050.0 1650.0 -0.29684
3150.0 1650.0 -0.15320
3250.0 1650.0 0.03378
3350.0 1650.0 0.19553
3450.0 1650.0 0.37527
3550.0 1650.0 0.58002
3650.0 1650.0 0.70726
3750.0 1650.0 0.66748
3850.0 1650.0 0.45621
3950.0 1650.0 0.15840
4050.0 1650.0 -0.11498
4150.0 1650.0 -0.34161
4250.0 1650.0 -0.49591
4350.0 1650.0 -0.50310
4450.0 1650.0 -0.35433
4550.0 1650.0 -0.11328
4650.0 1650.0 0.10905
4750.0 1650.0 0.20881
4850.0 1650.0 0.17296
4950.0 1650.0 0.09401
5050.0 1650.0 -0.02176
5150.0 1650.0 -0.14755
5250.0 1650.0 -0.24139
5350.0 1650.0 -0.27810
5450.0 1650.0 -0.26186
5550.0 1650.0 -0.21931
5650.0 1650.0 -0.17055
5750.0 1650.0 -0.07517
5850.0 1650.0 0.07386
5950.0 1650.0 0.22305
6050.0 1650.0 0.31516
6150.0 1650.0 0.32364
6250.0 1650.0 0.26234
6350.0 1650.0 0.17036
50.0 1750.0 0.38488
150.0 1750.0 0.38468
250.0 1750.0 0.23041
350.0 1750.0 -0.00716
450.0 1750.0 -0.31558
550.0 1750.0 -0.68342
650.0 1750.0 -0.96167
750.0 1750.0 -1.02155
850.0 1750.0 -0.84853
950.0 1750.0 -0.54647
1050.0 1750.0 -0.25194
1150.0 1750.0 0.00253
1250.0 1750.0 0.16522
1350.0 1750.0 0.17559
1450.0 1750.0 0.04738
1550.0 1750.0 -0.14068
1650.0 1750.0 -0.27803
1750.0 1750.0 -0.27890
1850.0 1750.0 -0.16099
1950.0 1750.0 0.01650
2050.0 1750.0 0.26075
2150.0 1750.0 0.48333
2250.0 1750.0 0.58805
2350.0 1750.0 0.54068
2450.0 1750.0 0.38442
2550.0 1750.0 0.20116
2650.0 1750.0 0.01868
2750.0 1750.0 -0.21125
2850.0 1750.0 -0.43216
2950.0 1750.0 -0.54018
3050.0 1750.0 -0.48224
3150.0 1750.0 -0.29278
3250.0 1750.0 -0.06841
3350.0 1750.0 0.11947
3450.0 1750.0 0.32970
3550.0 1750.0 0.58065
3650.0 1750.0 0.76234
3750.0 1750.0 0.77128
3850.0 1750.0 0.59237
3950.0 1750.0 0.30810
4050.0 1750.0 0.03529
4150.0 1750.0 -0.19491
4250.0 1750.0 -0.35925
4350.0 1750.0 -0.39054
4450.0 1750.0 -0.28154
4550.0 1750.0 -0.09029
4650.0 1750.0 0.08302
4750.0 1750.0 0.14514
4850.0 1750.0 0.08487
4950.0 1750.0 -0.00986
5050.0 1750.0 -0.11735
5150.0 1750.0 -0.20379
5250.0 1750.0 -0.23527
5350.0 1750.0 -0.20560
5450.0 1750.0 -0.14057
5550.0 1750.0 -0.07882
5650.0 1750.0 -0.02903
5750.0 1750.0 0.05282
5850.0 1750.0 0.16394
5950.0 1750.0 0.25614
6050.0 1750.0 0.28677
6150.0 1750.0 0.24593
6250.0 1750.0 0.15858
6350.0 1750.0 0.06159
50.0 1850.0 0.35599
150.0 1850.0 0.30251
250.0 1850.0 0.12552
350.0 1850.0 -0.11434
450.0 1850.0 -0.40815
550.0 1850.0 -0.72664
650.0 1850.0 -0.92455
750.0 1850.0 -0.89269
850.0 1850.0 -0.64122
950.0 1850.0 -0.29277
1050.0 1850.0 0.01451
1150.0 1850.0 0.27000
1250.0 1850.0 0.43278
1350.0 1850.0 0.44201
1450.0 1850.0 0.31175
1550.0 1850.0 0.12150
1650.0 1850.0 -0.01735
1750.0 1850.0 -0.01853
1850.0 1850.0 0.09980
1950.0 1850.0 0.26179
2050.0 1850.0 0.44833
2150.0 1850.0 0.57375
2250.0 1850.0 0.56527
2350.0 1850.0 0.41924
2450.0 1850.0 0.20299
2550.0 1850.0 0.00237
2650.0 1850.0 -0.18005
2750.0 1850.0 -0.40541
2850.0 1850.0 -0.61501
2950.0 1850.0 -0.70627
3050.0 1850.0 -0.63003
3150.0 1850.0 -0.42540
3250.0 1850.0 -0.19222
3350.0 1850.0 -0.00089
3450.0 1850.0 0.21734
3550.0 1850.0 0.49235
3650.0 1850.0 0.71320
3750.0 1850.0 0.76712
3850.0 1850.0 0.62716
3950.0 1850.0 0.36674
4050.0 1850.0 0.10120
4150.0 1850.0 -0.12994
4250.0 1850.0 -0.30632
4350.0 1850.0 -0.36732
4450.0 1850.0 -0.30145
4550.0 1850.0 -0.15602
4650.0 1850.0 -0.01925
4750.0 1850.0 0.02331
4850.0 1850.0 -0.04196
4950.0 1850.0 -0.13413
5050.0 1850.0 -0.22148
5150.0 1850.0 -0.26874
5250.0 1850.0 -0.25085
5350.0 1850.0 -0.17512
5450.0 1850.0 -0.07947
5550.0 1850.0 -0.00688
5650.0 1850.0 0.04288
5750.0 1850.0 0.11590
5850.0 1850.0 0.20347
5950.0 1850.0 0.26079
6050.0 1850.0 0.25413
6150.0 1850.0 0.18358
6250.0 1850.0 0.08061
6350.0 1850.0 -0.01935
50.0 1950.0 0.34691
150.0 1950.0 0.26044
250.0 1950.0 0.07063
350.0 1950.0 -0.16860
450.0 1950.0 -0.44826
550.0 1950.0 -0.72568
650.0 1950.0 -0.86092
750.0 1950.0 -0.76158
850.0 1950.0 -0.45646
950.0 1950.0 -0.08046
1050.0 1950.0 0.22942
1150.0 1950.0 0.48000
1250.0 1950.0 0.64240
1350.0 1950.0 0.65667
1450.0 1950.0 0.53407
1550.0 1950.0 0.35004
1650.0 1950.0 0.21269
1750.0 1950.0 0.20721
1850.0 1950.0 0.31740
1950.0 1950.0 0.45732
2050.0 1950.0 0.58883
2150.0 1950.0 0.63301
2250.0 1950.0 0.53858
2350.0 1950.0 0.32500
2450.0 1950.0 0.07400
2550.0 1950.0 -0.13032
2650.0 1950.0 -0.30489
2750.0 1950.0 -0.52068
2850.0 1950.0 -0.72003
2950.0 1950.0 -0.80281
3050.0 1950.0 -0.72150
3150.0 1950.0 -0.51507
3250.0 1950.0 -0.28167
3350.0 1950.0 -0.09001
3450.0 1950.0 0.12966
3550.0 1950.0 0.41061
3650.0 1950.0 0.64448
3750.0 1950.0 0.71804
3850.0 1950.0 0.60063
3950.0 1950.0 0.36034
4050.0 1950.0 0.10886
4150.0 1950.0 -0.11303
4250.0 1950.0 -0.29559
4350.0 1950.0 -0.38768
4450.0 1950.0 -0.37185
4550.0 1950.0 -0.28037
4650.0 1950.0 -0.18459
4750.0 1950.0 -0.15909
4850.0 1950.0 -0.22093
4950.0 1950.0 -0.30000
5050.0 1950.0 -0.35531
5150.0 1950.0 -0.35402
5250.0 1950.0 -0.28378
5350.0 1950.0 -0.16605
5450.0 1950.0 -0.04786
5550.0 1950.0 0.02801
5650.0 1950.0 0.07232
5750.0 1950.0 0.13770
5850.0 1950.0 0.21442
5950.0 1950.0 0.25845
6050.0 1950.0 0.23804
6150.0 1950.0 0.15546
6250.0 1950.0 0.04357
6350.0 1950.0 -0.06257
50.0 2050.0 0.40424
150.0 2050.0 0.32763
250.0 2050.0 0.14498
350.0 2050.0 -0.08835
450.0 2050.0 -0.35778
550.0 2050.0 -0.61925
650.0 2050.0 -0.74077
750.0 2050.0 -0.63803
850.0 2050.0 -0.34248
950.0 2050.0 0.01485
1050.0 2050.0 0.30387
1150.0 2050.0 0.53684
1250.0 2050.0 0.69948
1350.0 2050.0 0.73539
1450.0 2050.0 0.64502
1550.0 2050.0 0.48804
1650.0 2050.0 0.35947
1750.0 2050.0 0.34002
1850.0 2050.0 0.42156
1950.0 2050.0 0.52286
2050.0 2050.0 0.60324
2150.0 2050.0 0.60049
2250.0 2050.0 0.48150
2350.0 2050.0 0.27211
2450.0 2050.0 0.04583
2550.0 2050.0 -0.12877
2650.0 2050.0 -0.27571
2750.0 2050.0 -0.46854
2850.0 2050.0 -0.65744
2950.0 2050.0 -0.74629
3050.0 2050.0 -0.68394
3150.0 2050.0 -0.49896
3250.0 2050.0 -0.27790
3350.0 2050.0 -0.08684
3450.0 2050.0 0.12507
3550.0 2050.0 0.37499
3650.0 2050.0 0.56445
3750.0 2050.0 0.59997
3850.0 2050.0 0.46684
3950.0 2050.0 0.23798
4050.0 2050.0 0.01773
4150.0 2050.0 -0.16875
4250.0 2050.0 -0.33943
4350.0 2050.0 -0.45939
4450.0 2050.0 -0.50353
4550.0 2050.0 -0.48113
4650.0 2050.0 -0.43609
4750.0 2050.0 -0.42396
4850.0 2050.0 -0.46580
4950.0 2050.0 -0.51087
5050.0 2050.0 -0.51124
5150.0 2050.0 -0.44525
5250.0 2050.0 -0.32122
5350.0 2050.0 -0.17534
5450.0 2050.0 -0.05628
5550.0 2050.0 0.00344
5650.0 2050.0 0.02816
5750.0 2050.0 0.08583
5850.0 2050.0 0.17589
5950.0 2050.0 0.24954
6050.0 2050.0 0.26234
6150.0 2050.0 0.20223
6250.0 2050.0 0.09266
6350.0 2050.0 -0.02926
50.0 2150.0 0.49697
150.0 2150.0 0.46345
250.0 2150.0 0.30383
350.0 2150.0 0.08104
450.0 2150.0 -0.18136
550.0 2150.0 -0.44880
650.0 2150.0 -0.59977
750.0 2150.0 -0.55061
850.0 2150.0 -0.32120
950.0 2150.0 -0.02421
1050.0 2150.0 0.22249
1150.0 2150.0 0.42586
1250.0 2150.0 0.58784
1350.0 2150.0 0.65759
1450.0 2150.0 0.61795
1550.0 2150.0 0.50308
1650.0 2150.0 0.38694
1750.0 2150.0 0.34315
1850.0 2150.0 0.37683
1950.0 2150.0 0.42543
2050.0 2150.0 0.46283
2150.0 2150.0 0.45264
2250.0 2150.0 0.37492
2350.0 2150.0 0.24405
2450.0 2150.0 0.10236
2550.0 2150.0 -0.01017
2650.0 2150.0 -0.11102
2750.0 2150.0 -0.26817
2850.0 2150.0 -0.44576
2950.0 2150.0 -0.55328
3050.0 2150.0 -0.53125
3150.0 2150.0 -0.38860
3250.0 2150.0 -0.19122
3350.0 2150.0 -0.00156
3450.0 2150.0 0.19515
3550.0 2150.0 0.38418
3650.0 2150.0 0.48369
3750.0 2150.0 0.43689
3850.0 2150.0 0.26081
3950.0 2150.0 0.04051
4050.0 2150.0 -0.13092
4150.0 2150.0 -0.25726
4250.0 2150.0 -0.39469
4350.0 2150.0 -0.52826
4450.0 2150.0 -0.62546
4550.0 2150.0 -0.66938
4650.0 2150.0 -0.67119
4750.0 2150.0 -0.66250
4850.0 2150.0 -0.66795
4950.0 2150.0 -0.66168
5050.0 2150.0 -0.59554
5150.0 2150.0 -0.46748
5250.0 2150.0 -0.30987
5350.0 2150.0 -0.16840
5450.0 2150.0 -0.08151
5550.0 2150.0 -0.06046
5650.0 2150.0 -0.06876
5750.0 2150.0 -0.02068
5850.0 2150.0 0.10032
5950.0 2150.0 0.23631
6050.0 2150.0 0.31827
6150.0 2150.0 0.30658
6250.0 2150.0 0.20659
6350.0 2150.0 0.05937
50.0 2250.0 0.56951
150.0 2250.0 0.58377
250.0 2250.0 0.44993
350.0 2250.0 0.23927
450.0 2250.0 -0.01682
550.0 2250.0 -0.29712
650.0 2250.0 -0.49182
750.0 2250.0 -0.51559
850.0 2250.0 -0.37205
950.0 2250.0 -0.15035
1050.0 2250.0 0.04588
1150.0 2250.0 0.21463
1250.0 2250.0 0.37364
1350.0 2250.0 0.47788
1450.0 2250.0 0.49073
1550.0 2250.0 0.41838
1650.0 2250.0 0.31205
1750.0 2250.0 0.23798
1850.0 2250.0 0.21596
1950.0 2250.0 0.20789
2050.0 2250.0 0.21150
2150.0 2250.0 0.21951
2250.0 2250.0 0.22084
2350.0 2250.0 0.20811
2450.0 2250.0 0.18097
2550.0 2250.0 0.14516
2650.0 2250.0 0.09781
2750.0 2250.0 -0.01818
2850.0 2250.0 -0.18324
2950.0 2250.0 -0.31322
3050.0 2250.0 -0.33879
3150.0 2250.0 -0.24589
3250.0 2250.0 -0.07626
3350.0 2250.0 0.11173
3450.0 2250.0 0.29172
3550.0 2250.0 0.41382
3650.0 2250.0 0.41540
3750.0 2250.0 0.28079
3850.0 2250.0 0.06170
3950.0 2250.0 -0.14435
4050.0 2250.0 -0.25776
4150.0 2250.0 -0.31360
4250.0 2250.0 -0.40326
4350.0 2250.0 -0.53004
4450.0 2250.0 -0.65648
4550.0 2250.0 -0.74370
4650.0 2250.0 -0.77385
4750.0 2250.0 -0.75623
4850.0 2250.0 -0.71741
4950.0 2250.0 -0.65560
5050.0 2250.0 -0.53096
5150.0 2250.0 -0.36489
5250.0 2250.0 -0.20993
5350.0 2250.0 -0.11159
5450.0 2250.0 -0.08684
5550.0 2250.0 -0.11929
5650.0 2250.0 -0.16634
5750.0 2250.0 -0.13100
5850.0 2250.0 0.02164
5950.0 2250.0 0.22363
6050.0 2250.0 0.37911
6150.0 2250.0 0.41825
6250.0 2250.0 0.32655
6350.0 2250.0 0.14947
50.0 2350.0 0.57822
150.0 2350.0 0.61504
250.0 2350.0 0.49574
350.0 2350.0 0.29501
450.0 2350.0 0.04730
550.0 2350.0 -0.23483
650.0 2350.0 -0.45247
750.0 2350.0 -0.52261
850.0 2350.0 -0.43927
950.0 2350.0 -0.27463
1050.0 2350.0 -0.12008
1150.0 2350.0 0.01824
1250.0 2350.0 0.17179
1350.0 2350.0 0.29974
1450.0 2350.0 0.34974
1550.0 2350.0 0.30599
1650.0 2350.0 0.20210
1750.0 2350.0 0.09904
1850.0 2350.0 0.02836
1950.0 2350.0 -0.02862
2050.0 2350.0 -0.05319
2150.0 2350.0 -0.02742
2250.0 2350.0 0.04482
2350.0 2350.0 0.13667
2450.0 2350.0 0.21020
2550.0 2350.0 0.24137
2650.0 2350.0 0.24061
2750.0 2350.0 0.16150
2850.0 2350.0 0.00995
2950.0 2350.0 -0.13591
3050.0 2350.0 -0.19915
3150.0 2350.0 -0.14668
3250.0 2350.0 0.00015
3350.0 2350.0 0.18686
3450.0 2350.0 0.35509
3550.0 2350.0 0.43019
3650.0 2350.0 0.36614
3750.0 2350.0 0.17837
3850.0 2350.0 -0.05747
3950.0 2350.0 -0.23817
4050.0 2350.0 -0.29707
4150.0 2350.0 -0.29102
4250.0 2350.0 -0.33225
4350.0 2350.0 -0.43605
4450.0 2350.0 -0.56345
4550.0 2350.0 -0.66284
4650.0 2350.0 -0.69792
4750.0 2350.0 -0.66276
4850.0 2350.0 -0.58394
4950.0 2350.0 -0.47721
5050.0 2350.0 -0.31701
5150.0 2350.0 -0.14571
5250.0 2350.0 -0.02704
5350.0 2350.0 0.00278
5450.0 2350.0 -0.04673
5550.0 2350.0 -0.13271
5650.0 2350.0 -0.21395
5750.0 2350.0 -0.19414
5850.0 2350.0 -0.02586
5950.0 2350.0 0.21597
6050.0 2350.0 0.41662
6150.0 2350.0 0.48505
6250.0 2350.0 0.39279
6350.0 2350.0 0.18830
50.0 2450.0 0.51095
150.0 2450.0 0.52718
250.0 2450.0 0.40249
350.0 2450.0 0.20673
450.0 2450.0 -0.02875
550.0 2450.0 -0.28879
650.0 2450.0 -0.48309
750.0 2450.0 -0.53920
850.0 2450.0 -0.45669
950.0 2450.0 -0.30588
1050.0 2450.0 -0.17128
1150.0 2450.0 -0.05179
1250.0 2450.0 0.09486
1350.0 2450.0 0.22943
1450.0 2450.0 0.29155
1550.0 2450.0 0.25480
1650.0 2450.0 0.14488
1750.0 2450.0 0.02094
1850.0 2450.0 -0.07961
1950.0 2450.0 -0.16958
2050.0 2450.0 -0.22332
2150.0 2450.0 -0.20704
2250.0 2450.0 -0.11533
2350.0 2450.0 0.01947
2450.0 2450.0 0.14163
2550.0 2450.0 0.20982
2650.0 2450.0 0.23746
2750.0 2450.0 0.18310
2850.0 2450.0 0.04525
2950.0 2450.0 -0.10257
3050.0 2450.0 -0.18084
3150.0 2450.0 -0.14701
3250.0 2450.0 -0.01125
3350.0 2450.0 0.17508
3450.0 2450.0 0.34063
3550.0 2450.0 0.40527
3650.0 2450.0 0.33284
3750.0 2450.0 0.15023
3850.0 2450.0 -0.06246
3950.0 2450.0 -0.20684
4050.0 2450.0 -0.22606
4150.0 2450.0 -0.18197
4250.0 2450.0 -0.18878
4350.0 2450.0 -0.26614
4450.0 2450.0 -0.37621
4550.0 2450.0 -0.46432
4650.0 2450.0 -0.48798
4750.0 2450.0 -0.43503
4850.0 2450.0 -0.33085
4950.0 2450.0 -0.19962
5050.0 2450.0 -0.03040
5150.0 2450.0 0.12127
5250.0 2450.0 0.19008
5350.0 2450.0 0.15291
5450.0 2450.0 0.04176
5550.0 2450.0 -0.08242
5650.0 2450.0 -0.18501
5750.0 2450.0 -0.18171
5850.0 2450.0 -0.02278
5950.0 2450.0 0.21533
6050.0 2450.0 0.41363
6150.0 2450.0 0.47617
6250.0 2450.0 0.37120
6350.0 2450.0 0.14780
50.0 2550.0 0.38945
150.0 2550.0 0.34512
250.0 2550.0 0.19620
350.0 2550.0 0.00023
450.0 2550.0 -0.21928
550.0 2550.0 -0.43263
650.0 2550.0 -0.55540
750.0 2550.0 -0.53419
850.0 2550.0 -0.38989
950.0 2550.0 -0.20700
1050.0 2550.0 -0.06888
1150.0 2550.0 0.04465
1250.0 2550.0 0.18450
1350.0 2550.0 0.31053
1450.0 2550.0 0.36210
1550.0 2550.0 0.31346
1650.0 2550.0 0.19168
1750.0 2550.0 0.05725
1850.0 2550.0 -0.05244
1950.0 2550.0 -0.15936
2050.0 2550.0 -0.24839
2150.0 2550.0 -0.27979
2250.0 2550.0 -0.23465
2350.0 2550.0 -0.13283
2450.0 2550.0 -0.02416
2550.0 2550.0 0.04679
2650.0 2550.0 0.08288
2750.0 2550.0 0.03964
2850.0 2550.0 -0.08502
2950.0 2550.0 -0.22059
3050.0 2550.0 -0.29016
3150.0 2550.0 -0.25192
3250.0 2550.0 -0.11474
3350.0 2550.0 0.07211
3450.0 2550.0 0.24372
3550.0 2550.0 0.33297
3650.0 2550.0 0.30622
3750.0 2550.0 0.18238
3850.0 2550.0 0.02738
3950.0 2550.0 -0.07444
4050.0 2550.0 -0.07206
4150.0 2550.0 -0.01647
4250.0 2550.0 -0.00925
4350.0 2550.0 -0.06881
4450.0 2550.0 -0.15933
4550.0 2550.0 -0.22901
4650.0 2550.0 -0.23765
4750.0 2550.0 -0.17375
4850.0 2550.0 -0.06136
4950.0 2550.0 0.07431
5050.0 2550.0 0.23417
5150.0 2550.0 0.35842
5250.0 2550.0 0.38627
5350.0 2550.0 0.30551
5450.0 2550.0 0.16078
5550.0 2550.0 0.02009
5650.0 2550.0 -0.08947
5750.0 2550.0 -0.10175
5850.0 2550.0 0.02581
5950.0 2550.0 0.22045
6050.0 2550.0 0.37280
6150.0 2550.0 0.39764
6250.0 2550.0 0.27018
6350.0 2550.0 0.03783
50.0 2650.0 0.24346
150.0 2650.0 0.12433
250.0 2650.0 -0.05301
350.0 2650.0 -0.24762
450.0 2650.0 -0.44704
550.0 2650.0 -0.60402
650.0 2650.0 -0.63939
750.0 2650.0 -0.52108
850.0 2650.0 -0.29552
950.0 2650.0 -0.06555
1050.0 2650.0 0.08513
1150.0 2650.0 0.19869
1250.0 2650.0 0.33271
1350.0 2650.0 0.44552
1450.0 2650.0 0.47954
1550.0 2650.0 0.41411
1650.0 2650.0 0.28101
1750.0 2650.0 0.14287
1850.0 2650.0 0.03454
1950.0 2650.0 -0.08097
2050.0 2650.0 -0.20655
2150.0 2650.0 -0.30085
2250.0 2650.0 -0.32967
2350.0 2650.0 -0.29253
2450.0 2650.0 -0.22308
2550.0 2650.0 -0.16302
2650.0 2650.0 -0.12580
2750.0 2650.0 -0.16222
2850.0 2650.0 -0.27284
2950.0 2650.0 -0.39052
3050.0 2650.0 -0.44356
3150.0 2650.0 -0.39464
3250.0 2650.0 -0.25439
3350.0 2650.0 -0.06964
3450.0 2650.0 0.10832
3550.0 2650.0 0.23268
3650.0 2650.0 0.27061
3750.0 2650.0 0.22627
3850.0 2650.0 0.14407
3950.0 2650.0 0.08964
4050.0 2650.0 0.10845
4150.0 2650.0 0.16642
4250.0 2650.0 0.17963
4350.0 2650.0 0.13167
4450.0 2650.0 0.05585
4550.0 2650.0 -0.00013
4650.0 2650.0 0.00044
4750.0 2650.0 0.06764
4850.0 2650.0 0.17909
4950.0 2650.0 0.31026
5050.0 2650.0 0.45548
5150.0 2650.0 0.55478
5250.0 2650.0 0.55296
5350.0 2650.0 0.44553
5450.0 2650.0 0.28347
5550.0 2650.0 0.13652
5650.0 2650.0 0.02544
5750.0 2650.0 -0.00119
5850.0 2650.0 0.08931
5950.0 2650.0 0.22966
6050.0 2650.0 0.32446
6150.0 2650.0 0.30387
6250.0 2650.0 0.15290
6350.0 2650.0 -0.08356
50.0 2750.0 0.02655
150.0 2750.0 -0.15553
250.0 2750.0 -0.33283
350.0 2750.0 -0.49354
450.0 2750.0 -0.64899
550.0 2750.0 -0.74993
650.0 2750.0 -0.72636
750.0 2750.0 -0.55827
850.0 2750.0 -0.29912
950.0 2750.0 -0.05081
1050.0 2750.0 0.11013
1150.0 2750.0 0.23119
1250.0 2750.0 0.36392
1350.0 2750.0 0.46685
1450.0 2750.0 0.48960
1550.0 2750.0 0.41934
1650.0 2750.0 0.29234
1750.0 2750.0 0.17058
1850.0 2750.0 0.08374
1950.0 2750.0 -0.01912
2050.0 2750.0 -0.15924
2150.0 2750.0 -0.29796
2250.0 2750.0 -0.38912
2350.0 2750.0 -0.41181
2450.0 2750.0 -0.37980
2550.0 2750.0 -0.32758
2650.0 2750.0 -0.28383
2750.0 2750.0 -0.30263
2850.0 2750.0 -0.38744
2950.0 2750.0 -0.48412
3050.0 2750.0 -0.53195
3150.0 2750.0 -0.49622
3250.0 2750.0 -0.38151
3350.0 2750.0 -0.22564
3450.0 2750.0 -0.06864
3550.0 2750.0 0.06546
3650.0 2750.0 0.15508
3750.0 2750.0 0.19640
3850.0 2750.0 0.20943
3950.0 2750.0 0.22961
4050.0 2750.0 0.28484
4150.0 2750.0 0.35873
4250.0 2750.0 0.38917
4350.0 2750.0 0.35455
4450.0 2750.0 0.27949
4550.0 2750.0 0.20854
4650.0 2750.0 0.18350
4750.0 2750.0 0.22477
4850.0 2750.0 0.31666
4950.0 2750.0 0.42984
5050.0 2750.0 0.55789
5150.0 2750.0 0.64443
5250.0 2750.0 0.63660
5350.0 2750.0 0.52894
5450.0 2750.0 0.36836
5550.0 2750.0 0.22019
5650.0 2750.0 0.10477
5750.0 2750.0 0.06728
5850.0 2750.0 0.13735
5950.0 2750.0 0.25228
6050.0 2750.0 0.32390
6150.0 2750.0 0.28828
6250.0 2750.0 0.13250
6350.0 2750.0 -0.10144
50.0 2850.0 -0.25868
150.0 2850.0 -0.45540
250.0 2850.0 -0.57858
350.0 2850.0 -0.65734
450.0 2850.0 -0.73654
550.0 2850.0 -0.78928
650.0 2850.0 -0.75977
750.0 2850.0 -0.62375
850.0 2850.0 -0.41140
950.0 2850.0 -0.19298
1050.0 2850.0 -0.02693
1150.0 2850.0 0.11200
1250.0 2850.0 0.24778
1350.0 2850.0 0.34097
1450.0 2850.0 0.35521
1550.0 2850.0 0.29113
1650.0 2850.0 0.19073
1750.0 2850.0 0.11223
1850.0 2850.0 0.07559
1950.0 2850.0 0.01726
2050.0 2850.0 -0.10082
2150.0 2850.0 -0.24898
2250.0 2850.0 -0.37598
2350.0 2850.0 -0.44286
2450.0 2850.0 -0.44036
2550.0 2850.0 -0.38993
2650.0 2850.0 -0.33157
2750.0 2850.0 -0.31619
2850.0 2850.0 -0.35632
2950.0 2850.0 -0.42500
3050.0 2850.0 -0.48146
3150.0 2850.0 -0.49157
3250.0 2850.0 -0.44292
3350.0 2850.0 -0.35447
3450.0 2850.0 -0.26088
3550.0 2850.0 -0.16592
3650.0 2850.0 -0.06459
3750.0 2850.0 0.04609
3850.0 2850.0 0.16440
3950.0 2850.0 0.28459
4050.0 2850.0 0.40084
4150.0 2850.0 0.51050
4250.0 2850.0 0.57722
4350.0 2850.0 0.56498
4450.0 2850.0 0.47980
4550.0 2850.0 0.36206
4650.0 2850.0 0.26857
4750.0 2850.0 0.24545
4850.0 2850.0 0.29158
4950.0 2850.0 0.36743
5050.0 2850.0 0.47467
5150.0 2850.0 0.56587
5250.0 2850.0 0.58584
5350.0 2850.0 0.51567
5450.0 2850.0 0.38333
5550.0 2850.0 0.24100
5650.0 2850.0 0.11702
5750.0 2850.0 0.07331
5850.0 2850.0 0.14611
5950.0 2850.0 0.27607
6050.0 2850.0 0.37280
6150.0 2850.0 0.36499
6250.0 2850.0 0.23082
6350.0 2850.0 0.00878
50.0 2950.0 -0.54417
150.0 2950.0 -0.68017
250.0 2950.0 -0.69479
350.0 2950.0 -0.65741
450.0 2950.0 -0.64140
550.0 2950.0 -0.66109
650.0 2950.0 -0.67756
750.0 2950.0 -0.64725
850.0 2950.0 -0.55160
950.0 2950.0 -0.40474
1050.0 2950.0 -0.23934
1150.0 2950.0 -0.07584
1250.0 2950.0 0.06289
1350.0 2950.0 0.13986
1450.0 2950.0 0.13866
1550.0 2950.0 0.07952
1650.0 2950.0 0.01333
1750.0 2950.0 -0.00641
1850.0 2950.0 0.02644
1950.0 2950.0 0.03617
2050.0 2950.0 -0.02845
2150.0 2950.0 -0.15140
2250.0 2950.0 -0.28361
2350.0 2950.0 -0.37310
2450.0 2950.0 -0.38813
2550.0 2950.0 -0.33346
2650.0 2950.0 -0.25485
2750.0 2950.0 -0.19289
2850.0 2950.0 -0.17284
2950.0 2950.0 -0.20517
3050.0 2950.0 -0.27606
3150.0 2950.0 -0.35152
3250.0 2950.0 -0.39526
3350.0 2950.0 -0.40039
3450.0 2950.0 -0.40320
3550.0 2950.0 -0.39708
3650.0 2950.0 -0.33984
3750.0 2950.0 -0.20490
3850.0 2950.0 -0.00473
3950.0 2950.0 0.21371
4050.0 2950.0 0.40168
4150.0 2950.0 0.56079
4250.0 2950.0 0.68032
4350.0 2950.0 0.70537
4450.0 2950.0 0.61518
4550.0 2950.0 0.44199
4650.0 2950.0 0.26093
4750.0 2950.0 0.15218
4850.0 2950.0 0.13549
4950.0 2950.0 0.16082
5050.0 2950.0 0.24467
5150.0 2950.0 0.35224
5250.0 2950.0 0.42287
5350.0 2950.0 0.41573
5450.0 2950.0 0.32977
5550.0 2950.0 0.19805
5650.0 2950.0 0.06261
5750.0 2950.0 0.01530
5850.0 2950.0 0.10523
5950.0 2950.0 0.27574
6050.0 2950.0 0.42832
6150.0 2950.0 0.47580
6250.0 2950.0 0.38033
6350.0 2950.0 0.17642
50.0 3050.0 -0.76042
150.0 3050.0 -0.76806
250.0 3050.0 -0.64472
350.0 3050.0 -0.48711
450.0 3050.0 -0.37933
550.0 3050.0 -0.38152
650.0 3050.0 -0.47051
750.0 3050.0 -0.57680
850.0 3050.0 -0.62441
950.0 3050.0 -0.56464
1050.0 3050.0 -0.40356
1150.0 3050.0 -0.21570
1250.0 3050.0 -0.07855
1350.0 3050.0 -0.02799
1450.0 3050.0 -0.05823
1550.0 3050.0 -0.12558
1650.0 3050.0 -0.16664
1750.0 3050.0 -0.13093
1850.0 3050.0 -0.02791
1950.0 3050.0 0.05392
2050.0 3050.0 0.05425
2150.0 3050.0 -0.02534
2250.0 3050.0 -0.14226
2350.0 3050.0 -0.23684
2450.0 3050.0 -0.25884
2550.0 3050.0 -0.19676
2650.0 3050.0 -0.09736
2750.0 3050.0 0.01358
2850.0 3050.0 0.09856
2950.0 3050.0 0.10844
3050.0 3050.0 0.02823
3150.0 3050.0 -0.10962
3250.0 3050.0 -0.24534
3350.0 3050.0 -0.34531
3450.0 3050.0 -0.45249
3550.0 3050.0 -0.56254
3650.0 3050.0 -0.59524
3750.0 3050.0 -0.48942
3850.0 3050.0 -0.25400
3950.0 3050.0 0.03411
4050.0 3050.0 0.28537
4150.0 3050.0 0.49490
4250.0 3050.0 0.67350
4350.0 3050.0 0.74979
4450.0 3050.0 0.67359
4550.0 3050.0 0.46393
4650.0 3050.0 0.20924
4750.0 3050.0 0.02115
4850.0 3050.0 -0.05817
4950.0 3050.0 -0.08415
5050.0 3050.0 -0.02397
5150.0 3050.0 0.10041
5250.0 3050.0 0.22273
5350.0 3050.0 0.27982
5450.0 3050.0 0.24110
5550.0 3050.0 0.12021
5650.0 3050.0 -0.02691
5750.0 3050.0 -0.07844
5850.0 3050.0 0.02737
5950.0 3050.0 0.23683
6050.0 3050.0 0.44376
6150.0 3050.0 0.54549
6250.0 3050.0 0.48835
6350.0 3050.0 0.30266
50.0 3150.0 -0.87474
150.0 3150.0 -0.72957
250.0 3150.0 -0.47922
350.0 3150.0 -0.22939
450.0 3150.0 -0.05374
550.0 3150.0 -0.04619
650.0 3150.0 -0.19508
750.0 3150.0 -0.41008
850.0 3150.0 -0.57048
950.0 3150.0 -0.57912
1050.0 3150.0 -0.42207
1150.0 3150.0 -0.21679
1250.0 3150.0 -0.08781
1350.0 3150.0 -0.07218
1450.0 3150.0 -0.14450
1550.0 3150.0 -0.23813
1650.0 3150.0 -0.27498
1750.0 3150.0 -0.20414
1850.0 3150.0 -0.04911
1950.0 3150.0 0.08736
2050.0 3150.0 0.13823
2150.0 3150.0 0.09421
2250.0 3150.0 -0.00775
2350.0 3150.0 -0.10313
2450.0 3150.0 -0.12855
2550.0 3150.0 -0.06038
2650.0 3150.0 0.05497
2750.0 3150.0 0.20608
2850.0 3150.0 0.34760
2950.0 3150.0 0.39995
3050.0 3150.0 0.32371
3150.0 3150.0 0.14725
3250.0 3150.0 -0.05366
3350.0 3150.0 -0.22436
3450.0 3150.0 -0.41475
3550.0 3150.0 -0.63170
3650.0 3150.0 -0.76621
3750.0 3150.0 -0.72306
3850.0 3150.0 -0.49754
3950.0 3150.0 -0.18001
4050.0 3150.0 0.11150
4150.0 3150.0 0.35928
4250.0 3150.0 0.58972
4350.0 3150.0 0.72288
4450.0 3150.0 0.68350
4550.0 3150.0 0.47386
4650.0 3150.0 0.18508
4750.0 3150.0 -0.05206
4850.0 3150.0 -0.17672
4950.0 3150.0 -0.24205
5050.0 3150.0 -0.20338
5150.0 3150.0 -0.07321
5250.0 3150.0 0.07957
5350.0 3150.0 0.17727
5450.0 3150.0 0.16903
5550.0 3150.0 0.05453
5650.0 3150.0 -0.10168
5750.0 3150.0 -0.16099
5850.0 3150.0 -0.05545
5950.0 3150.0 0.16521
6050.0 3150.0 0.39370
6150.0 3150.0 0.52086
6250.0 3150.0 0.48448
6350.0 3150.0 0.31099
50.0 3250.0 -0.90236
150.0 3250.0 -0.63483
250.0 3250.0 -0.30379
350.0 3250.0 -0.00876
450.0 3250.0 0.20156
550.0 3250.0 0.22259
650.0 3250.0 0.05980
750.0 3250.0 -0.19020
850.0 3250.0 -0.38999
950.0 3250.0 -0.42287
1050.0 3250.0 -0.26568
1150.0 3250.0 -0.05341
1250.0 3250.0 0.06186
1350.0 3250.0 0.03973
1450.0 3250.0 -0.08104
1550.0 3250.0 -0.21545
1650.0 3250.0 -0.27100
1750.0 3250.0 -0.19280
1850.0 3250.0 -0.01431
1950.0 3250.0 0.14597
2050.0 3250.0 0.21384
2150.0 3250.0 0.17518
2250.0 3250.0 0.06708
2350.0 3250.0 -0.04012
2450.0 3250.0 -0.07407
2550.0 3250.0 -0.00503
2650.0 3250.0 0.11834
2750.0 3250.0 0.29369
2850.0 3250.0 0.47411
2950.0 3250.0 0.56349
3050.0 3250.0 0.50642
3150.0 3250.0 0.32479
3250.0 3250.0 0.09933
3350.0 3250.0 -0.10385
3450.0 3250.0 -0.33710
3550.0 3250.0 -0.61928
3650.0 3250.0 -0.82772
3750.0 3250.0 -0.84507
3850.0 3250.0 -0.65184
3950.0 3250.0 -0.33788
4050.0 3250.0 -0.03296
4150.0 3250.0 0.23346
4250.0 3250.0 0.49835
4350.0 3250.0 0.68302
4450.0 3250.0 0.69637
4550.0 3250.0 0.52361
4650.0 3250.0 0.24730
4750.0 3250.0 0.00127
4850.0 3250.0 -0.14249
4950.0 3250.0 -0.22802
5050.0 3250.0 -0.20729
5150.0 3250.0 -0.08863
5250.0 3250.0 0.06105
5350.0 3250.0 0.16192
5450.0 3250.0 0.15763
5550.0 3250.0 0.04252
5650.0 3250.0 -0.11863
5750.0 3250.0 -0.19052
5850.0 3250.0 -0.10875
5950.0 3250.0 0.08223
6050.0 3250.0 0.28354
6150.0 3250.0 0.39299
6250.0 3250.0 0.35085
6350.0 3250.0 0.18019
50.0 3350.0 -0.89069
150.0 3350.0 -0.54959
250.0 3350.0 -0.18414
350.0 3350.0 0.11892
450.0 3350.0 0.34009
550.0 3350.0 0.38337
650.0 3350.0 0.25169
750.0 3350.0 0.03432
850.0 3350.0 -0.13915
950.0 3350.0 -0.15692
1050.0 3350.0 0.00493
1150.0 3350.0 0.21630
1250.0 3350.0 0.31535
1350.0 3350.0 0.25714
1450.0 3350.0 0.08820
1550.0 3350.0 -0.09299
1650.0 3350.0 -0.18119
1750.0 3350.0 -0.11541
1850.0 3350.0 0.06465
1950.0 3350.0 0.22387
2050.0 3350.0 0.27898
2150.0 3350.0 0.21604
2250.0 3350.0 0.07815
2350.0 3350.0 -0.05577
2450.0 3350.0 -0.10608
2550.0 3350.0 -0.04131
2650.0 3350.0 0.08384
2750.0 3350.0 0.27043
2850.0 3350.0 0.47454
2950.0 3350.0 0.59452
3050.0 3350.0 0.56615
3150.0 3350.0 0.40352
3250.0 3350.0 0.18411
3350.0 3350.0 -0.02212
3450.0 3350.0 -0.26461
3550.0 3350.0 -0.57010
3650.0 3350.0 -0.81395
3750.0 3350.0 -0.86989
3850.0 3350.0 -0.70823
3950.0 3350.0 -0.41197
4050.0 3350.0 -0.11079
4150.0 3350.0 0.15902
4250.0 3350.0 0.44278
4350.0 3350.0 0.66956
4450.0 3350.0 0.74044
4550.0 3350.0 0.62524
4650.0 3350.0 0.39135
4750.0 3350.0 0.16446
4850.0 3350.0 0.02145
4950.0 3350.0 -0.06946
5050.0 3350.0 -0.06381
5150.0 3350.0 0.03012
5250.0 3350.0 0.15096
5350.0 3350.0 0.22624
5450.0 3350.0 0.20547
5550.0 3350.0 0.08436
5650.0 3350.0 -0.07851
5750.0 3350.0 -0.16639
5850.0 3350.0 -0.12571
5950.0 3350.0 0.00527
6050.0 3350.0 0.14314
6150.0 3350.0 0.20267
6250.0 3350.0 0.13488
6350.0 3350.0 -0.04004
50.0 3450.0 -0.86412
150.0 3450.0 -0.47684
250.0 3450.0 -0.10361
350.0 3450.0 0.18584
450.0 3450.0 0.40660
550.0 3450.0 0.48408
650.0 3450.0 0.41731
750.0 3450.0 0.27599
850.0 3450.0 0.16514
950.0 3450.0 0.17796
1050.0 3450.0 0.33699
1150.0 3450.0 0.53210
1250.0 3450.0 0.60159
1350.0 3450.0 0.49679
1450.0 3450.0 0.27105
1550.0 3450.0 0.03448
1650.0 3450.0 -0.09677
1750.0 3450.0 -0.05664
1850.0 3450.0 0.10978
1950.0 3450.0 0.25573
2050.0 3450.0 0.29609
2150.0 3450.0 0.21910
2250.0 3450.0 0.07020
2350.0 3450.0 -0.07098
2450.0 3450.0 -0.12597
2550.0 3450.0 -0.06540
2650.0 3450.0 0.05541
2750.0 3450.0 0.24009
2850.0 3450.0 0.44894
2950.0 3450.0 0.58249
3050.0 3450.0 0.57457
3150.0 3450.0 0.43375
3250.0 3450.0 0.23131
3350.0 3450.0 0.03577
3450.0 3450.0 -0.20001
3550.0 3450.0 -0.51031
3650.0 3450.0 -0.77552
3750.0 3450.0 -0.86700
3850.0 3450.0 -0.74581
3950.0 3450.0 -0.48279
4050.0 3450.0 -0.20013
4150.0 3450.0 0.06027
4250.0 3450.0 0.34653
4350.0 3450.0 0.59896
4450.0 3450.0 0.71886
4550.0 3450.0 0.66535
4650.0 3450.0 0.48864
4750.0 3450.0 0.29914
4850.0 3450.0 0.17256
4950.0 3450.0 0.09132
5050.0 3450.0 0.09612
5150.0 3450.0 0.17444
5250.0 3450.0 0.26756
5350.0 3450.0 0.31143
5450.0 3450.0 0.26615
5550.0 3450.0 0.13404
5650.0 3450.0 -0.03252
5750.0 3450.0 -0.13979
5850.0 3450.0 -0.14496
5950.0 3450.0 -0.07769
6050.0 3450.0 -0.00381
6150.0 3450.0 0.00883
6250.0 3450.0 -0.07935
6350.0 3450.0 -0.25289
50.0 3550.0 -0.78283
150.0 3550.0 -0.41168
250.0 3550.0 -0.09124
350.0 3550.0 0.13556
450.0 3550.0 0.32818
550.0 3550.0 0.45822
650.0 3550.0 0.51628
750.0 3550.0 0.52681
850.0 3550.0 0.53742
950.0 3550.0 0.59739
1050.0 3550.0 0.72531
1150.0 3550.0 0.86173
1250.0 3550.0 0.86970
1350.0 3550.0 0.70191
1450.0 3550.0 0.41500
1550.0 3550.0 0.12156
1650.0 3550.0 -0.06209
1750.0 3550.0 -0.07174
1850.0 3550.0 0.04541
1950.0 3550.0 0.15162
2050.0 3550.0 0.18236
2150.0 3550.0 0.13225
2250.0 3550.0 0.03590
2350.0 3550.0 -0.05028
2450.0 3550.0 -0.07313
2550.0 3550.0 -0.01483
2650.0 3550.0 0.08585
2750.0 3550.0 0.23553
2850.0 3550.0 0.40085
2950.0 3550.0 0.50232
3050.0 3550.0 0.48881
3150.0 3550.0 0.36989
3250.0 3550.0 0.20490
3350.0 3550.0 0.04854
3450.0 3550.0 -0.14694
3550.0 3550.0 -0.42331
3650.0 3550.0 -0.68201
3750.0 3550.0 -0.80659
3850.0 3550.0 -0.75044
3950.0 3550.0 -0.55985
4050.0 3550.0 -0.33236
4150.0 3550.0 -0.11361
4250.0 3550.0 0.13028
4350.0 3550.0 0.35737
4450.0 3550.0 0.49087
4550.0 3550.0 0.49457
4650.0 3550.0 0.40050
4750.0 3550.0 0.28832
4850.0 3550.0 0.21651
4950.0 3550.0 0.18400
5050.0 3550.0 0.22990
5150.0 3550.0 0.32625
5250.0 3550.0 0.40650
5350.0 3550.0 0.41399
5450.0 3550.0 0.32878
5550.0 3550.0 0.17283
5650.0 3550.0 -0.00484
5750.0 3550.0 -0.13858
5850.0 3550.0 -0.19143
5950.0 3550.0 -0.17818
6050.0 3550.0 -0.14570
6150.0 3550.0 -0.14987
6250.0 3550.0 -0.23000
6350.0 3550.0 -0.38101
50.0 3650.0 -0.61015
150.0 3650.0 -0.33001
250.0 3650.0 -0.12764
350.0 3650.0 -0.01247
450.0 3650.0 0.11758
550.0 3650.0 0.29526
650.0 3650.0 0.50025
750.0 3650.0 0.69556
850.0 3650.0 0.85030
950.0 3650.0 0.95316
1050.0 3650.0 1.01685
1150.0 3650.0 1.05454
1250.0 3650.0 0.98415
1350.0 3650.0 0.76893
1450.0 3650.0 0.45923
1550.0 3650.0 0.14973
1650.0 3650.0 -0.06470
1750.0 3650.0 -0.13428
1850.0 3650.0 -0.10010
1950.0 3650.0 -0.06146
2050.0 3650.0 -0.04154
2150.0 3650.0 -0.03490
2250.0 3650.0 -0.02817
2350.0 3650.0 -0.00852
2450.0 3650.0 0.03069
2550.0 3650.0 0.08676
2650.0 3650.0 0.15192
2750.0 3650.0 0.23570
2850.0 3650.0 0.31384
2950.0 3650.0 0.34374
3050.0 3650.0 0.30454
3150.0 3650.0 0.21182
3250.0 3650.0 0.10645
3350.0 3650.0 0.01760
3450.0 3650.0 -0.10264
3550.0 3650.0 -0.29969
3650.0 3650.0 -0.51178
3750.0 3650.0 -0.65203
3850.0 3650.0 -0.67181
3950.0 3650.0 -0.58382
4050.0 3650.0 -0.44497
4150.0 3650.0 -0.29993
4250.0 3650.0 -0.14731
4350.0 3650.0 -0.00731
4450.0 3650.0 0.08852
4550.0 3650.0 0.12798
4650.0 3650.0 0.12844
4750.0 3650.0 0.12639
4850.0 3650.0 0.14609
4950.0 3650.0 0.20076
5050.0 3650.0 0.32871
5150.0 3650.0 0.47548
5250.0 3650.0 0.55656
5350.0 3650.0 0.52193
5450.0 3650.0 0.38107
5550.0 3650.0 0.18841
5650.0 3650.0 -0.00751
5750.0 3650.0 -0.17131
5850.0 3650.0 -0.26477
5950.0 3650.0 -0.28279
6050.0 3650.0 -0.25541
6150.0 3650.0 -0.23551
6250.0 3650.0 -0.27372
6350.0 3650.0 -0.38027
50.0 3750.0 -0.34797
150.0 3750.0 -0.20986
250.0 3750.0 -0.16206
350.0 3750.0 -0.18129
450.0 3750.0 -0.13845
550.0 3750.0 0.05488
650.0 3750.0 0.36884
750.0 3750.0 0.70957
850.0 3750.0 0.97277
950.0 3750.0 1.09000
1050.0 3750.0 1.06776
1150.0 3750.0 0.99109
1250.0 3750.0 0.85381
1350.0 3750.0 0.63928
1450.0 3750.0 0.37924
1550.0 3750.0 0.12678
1650.0 3750.0 -0.06884
1750.0 3750.0 -0.18523
1850.0 3750.0 -0.24724
1950.0 3750.0 -0.29092
2050.0 3750.0 -0.29047
2150.0 3750.0 -0.22723
2250.0 3750.0 -0.11050
2350.0 3750.0 0.02411
2450.0 3750.0 0.13051
2550.0 3750.0 0.18200
2650.0 3750.0 0.20493
2750.0 3750.0 0.21119
2850.0 3750.0 0.18772
2950.0 3750.0 0.13547
3050.0 3750.0 0.06881
3150.0 3750.0 0.00964
3250.0 3750.0 -0.02362
3350.0 3750.0 -0.03189
3450.0 3750.0 -0.05893
3550.0 3750.0 -0.14693
3650.0 3750.0 -0.27812
3750.0 3750.0 -0.40679
3850.0 3750.0 -0.49004
3950.0 3750.0 -0.50728
4050.0 3750.0 -0.46862
4150.0 3750.0 -0.41205
4250.0 3750.0 -0.37863
4350.0 3750.0 -0.36823
4450.0 3750.0 -0.35428
4550.0 3750.0 -0.31078
4650.0 3750.0 -0.22751
4750.0 3750.0 -0.11322
4850.0 3750.0 0.01313
4950.0 3750.0 0.17209
5050.0 3750.0 0.39991
5150.0 3750.0 0.61065
5250.0 3750.0 0.69752
5350.0 3750.0 0.61711
5450.0 3750.0 0.41281
5550.0 3750.0 0.17742
5650.0 3750.0 -0.03970
5750.0 3750.0 -0.23082
5850.0 3750.0 -0.35017
5950.0 3750.0 -0.37223
6050.0 3750.0 -0.31544
6150.0 3750.0 -0.23869
6250.0 3750.0 -0.21220
6350.0 3750.0 -0.26304
50.0 3850.0 -0.04206
150.0 3850.0 -0.04889
250.0 3850.0 -0.14646
350.0 3850.0 -0.28634
450.0 3850.0 -0.33379
550.0 3850.0 -0.16728
650.0 3850.0 0.17831
750.0 3850.0 0.57460
850.0 3850.0 0.87182
950.0 3850.0 0.96543
1050.0 3850.0 0.85729
1150.0 3850.0 0.68189
1250.0 3850.0 0.51089
1350.0 3850.0 0.35295
1450.0 3850.0 0.21238
1550.0 3850.0 0.08532
1650.0 3850.0 -0.03922
1750.0 3850.0 -0.17325
1850.0 3850.0 -0.31844
1950.0 3850.0 -0.43929
2050.0 3850.0 -0.46991
2150.0 3850.0 -0.37916
2250.0 3850.0 -0.19102
2350.0 3850.0 0.02293
2450.0 3850.0 0.17522
2550.0 3850.0 0.21860
2650.0 3850.0 0.20427
2750.0 3850.0 0.14571
2850.0 3850.0 0.04151
2950.0 3850.0 -0.07037
3050.0 3850.0 -0.14770
3150.0 3850.0 -0.16662
3250.0 3850.0 -0.13074
3350.0 3850.0 -0.06656
3450.0 3850.0 -0.00762
3550.0 3850.0 0.01343
3650.0 3850.0 -0.02500
3750.0 3850.0 -0.11873
3850.0 3850.0 -0.23659
3950.0 3850.0 -0.33379
4050.0 3850.0 -0.38001
4150.0 3850.0 -0.40270
4250.0 3850.0 -0.48249
4350.0 3850.0 -0.60475
4450.0 3850.0 -0.68834
4550.0 3850.0 -0.66684
4650.0 3850.0 -0.52957
4750.0 3850.0 -0.32145
4850.0 3850.0 -0.10163
4950.0 3850.0 0.14975
5050.0 3850.0 0.46418
5150.0 3850.0 0.72758
5250.0 3850.0 0.81429
5350.0 3850.0 0.68823
5450.0 3850.0 0.42424
5550.0 3850.0 0.14968
5650.0 3850.0 -0.08611
5750.0 3850.0 -0.29705
5850.0 3850.0 -0.42743
5950.0 3850.0 -0.43528
6050.0 3850.0 -0.33330
6150.0 3850.0 -0.19078
6250.0 3850.0 -0.09873
6350.0 3850.0 -0.09846
50.0 3950.0 0.23749
150.0 3950.0 0.13398
250.0 3950.0 -0.05735
350.0 3950.0 -0.27367
450.0 3950.0 -0.39062
550.0 3950.0 -0.28200
650.0 3950.0 0.01764
750.0 3950.0 0.37443
850.0 3950.0 0.63004
950.0 3950.0 0.67213
1050.0 3950.0 0.50052
1150.0 3950.0 0.26610
1250.0 3950.0 0.09963
1350.0 3950.0 0.03305
1450.0 3950.0 0.04256
1550.0 3950.0 0.06868
1650.0 3950.0 0.04297
1750.0 3950.0 -0.07822
1850.0 3950.0 -0.27328
1950.0 3950.0 -0.44830
2050.0 3950.0 -0.51858
2150.0 3950.0 -0.44409
2250.0 3950.0 -0.24994
2350.0 3950.0 -0.01988
2450.0 3950.0 0.14080
2550.0 3950.0 0.17321
2650.0 3950.0 0.13605
2750.0 3950.0 0.04385
2850.0 3950.0 -0.09467
2950.0 3950.0 -0.22123
3050.0 3950.0 -0.28205
3150.0 3950.0 -0.25818
3250.0 3950.0 -0.17057
3350.0 3950.0 -0.05969
3450.0 3950.0 0.05578
3550.0 3950.0 0.15517
3650.0 3950.0 0.19202
3750.0 3950.0 0.14038
3850.0 3950.0 0.01864
3950.0 3950.0 -0.11763
4050.0 3950.0 -0.21371
4150.0 3950.0 -0.28654
4250.0 3950.0 -0.44162
4350.0 3950.0 -0.65730
4450.0 3950.0 -0.81644
4550.0 3950.0 -0.82352
4650.0 3950.0 -0.66364
4750.0 3950.0 -0.40211
4850.0 3950.0 -0.12433
4950.0 3950.0 0.18385
5050.0 3950.0 0.54647
5150.0 3950.0 0.83147
5250.0 3950.0 0.90395
5350.0 3950.0 0.73623
5450.0 3950.0 0.42622
5550.0 3950.0 0.12406
5650.0 3950.0 -0.12354
5750.0 3950.0 -0.34575
5850.0 3950.0 -0.47993
5950.0 3950.0 -0.47417
6050.0 3950.0 -0.33876
6150.0 3950.0 -0.15087
6250.0 3950.0 -0.01547
6350.0 3950.0 0.01737
50.0 4050.0 0.44067
150.0 4050.0 0.31293
250.0 4050.0 0.09450
350.0 4050.0 -0.14618
450.0 4050.0 -0.29986
550.0 4050.0 -0.25705
650.0 4050.0 -0.04820
750.0 4050.0 0.20991
850.0 4050.0 0.37940
950.0 4050.0 0.36276
1050.0 4050.0 0.16012
1150.0 4050.0 -0.08944
1250.0 4050.0 -0.22495
1350.0 4050.0 -0.19867
1450.0 4050.0 -0.05569
1550.0 4050.0 0.10415
1650.0 4050.0 0.17179
1750.0 4050.0 0.08214
1850.0 4050.0 -0.12593
1950.0 4050.0 -0.32632
2050.0 4050.0 -0.43857
2150.0 4050.0 -0.41831
2250.0 4050.0 -0.27917
2350.0 4050.0 -0.09344
2450.0 4050.0 0.03996
2550.0 4050.0 0.06028
2650.0 4050.0 0.01686
2750.0 4050.0 -0.07492
2850.0 4050.0 -0.19879
2950.0 4050.0 -0.29462
3050.0 4050.0 -0.31422
3150.0 4050.0 -0.24976
3250.0 4050.0 -0.13300
3350.0 4050.0 -0.00560
3450.0 4050.0 0.13006
3550.0 4050.0 0.26333
3650.0 4050.0 0.33978
3750.0 4050.0 0.32019
3850.0 4050.0 0.21384
3950.0 4050.0 0.07563
4050.0 4050.0 -0.03296
4150.0 4050.0 -0.12176
4250.0 4050.0 -0.30248
4350.0 4050.0 -0.55206
4450.0 4050.0 -0.74126
4550.0 4050.0 -0.76371
4650.0 4050.0 -0.60152
4750.0 4050.0 -0.32544
4850.0 4050.0 -0.02963
4950.0 4050.0 0.29418
5050.0 4050.0 0.66092
5150.0 4050.0 0.93242
5250.0 4050.0 0.97547
5350.0 4050.0 0.77174
5450.0 4050.0 0.43224
5550.0 4050.0 0.11613
5650.0 4050.0 -0.13553
5750.0 4050.0 -0.36324
5850.0 4050.0 -0.50369
5950.0 4050.0 -0.50110
6050.0 4050.0 -0.36308
6150.0 4050.0 -0.16714
6250.0 4050.0 -0.02131
6350.0 4050.0 0.02127
50.0 4150.0 0.60002
150.0 4150.0 0.48714
250.0 4150.0 0.27565
350.0 4150.0 0.03611
450.0 4150.0 -0.13694
550.0 4150.0 -0.15924
650.0 4150.0 -0.05545
750.0 4150.0 0.08393
850.0 4150.0 0.15338
950.0 4150.0 0.07933
1050.0 4150.0 -0.13683
1150.0 4150.0 -0.38008
1250.0 4150.0 -0.47518
1350.0 4150.0 -0.36325
1450.0 4150.0 -0.10557
1550.0 4150.0 0.16818
1650.0 4150.0 0.31946
1750.0 4150.0 0.26801
1850.0 4150.0 0.06568
1950.0 4150.0 -0.14448
2050.0 4150.0 -0.29722
2150.0 4150.0 -0.34640
2250.0 4150.0 -0.28872
2350.0 4150.0 -0.17419
2450.0 4150.0 -0.08394
2550.0 4150.0 -0.07565
2650.0 4150.0 -0.11711
2750.0 4150.0 -0.19315
2850.0 4150.0 -0.28186
2950.0 4150.0 -0.32959
3050.0 4150.0 -0.30083
3150.0 4150.0 -0.20047
3250.0 4150.0 -0.06718
3350.0 4150.0 0.06202
3450.0 4150.0 0.20028
3550.0 4150.0 0.34559
3650.0 4150.0 0.44368
3750.0 4150.0 0.45045
3850.0 4150.0 0.36815
3950.0 4150.0 0.24560
4050.0 4150.0 0.14256
4150.0 4150.0 0.05458
4250.0 4150.0 -0.12625
4350.0 4150.0 -0.37767
4450.0 4150.0 -0.57065
4550.0 4150.0 -0.59813
4650.0 4150.0 -0.44087
4750.0 4150.0 -0.16832
4850.0 4150.0 0.12559
4950.0 4150.0 0.44415
5050.0 4150.0 0.79269
5150.0 4150.0 1.03331
5250.0 4150.0 1.04037
5350.0 4150.0 0.80535
5450.0 4150.0 0.44687
5550.0 4150.0 0.12565
5650.0 4150.0 -0.12461
5750.0 4150.0 -0.35515
5850.0 4150.0 -0.50669
5950.0 4150.0 -0.52208
6050.0 4150.0 -0.40425
6150.0 4150.0 -0.22497
6250.0 4150.0 -0.08812
6350.0 4150.0 -0.04723
50.0 4250.0 0.75812
150.0 4250.0 0.68406
250.0 4250.0 0.50418
350.0 4250.0 0.28656
450.0 4250.0 0.10145
550.0 4250.0 -0.00731
650.0 4250.0 -0.05364
750.0 4250.0 -0.08430
850.0 4250.0 -0.15245
950.0 4250.0 -0.29400
1050.0 4250.0 -0.50687
1150.0 4250.0 -0.71920
1250.0 4250.0 -0.75702
1350.0 4250.0 -0.55202
1450.0 4250.0 -0.17711
1550.0 4250.0 0.21508
1650.0 4250.0 0.46233
1750.0 4250.0 0.47140
1850.0 4250.0 0.30358
1950.0 4250.0 0.10918
2050.0 4250.0 -0.07223
2150.0 4250.0 -0.19724
2250.0 4250.0 -0.24188
2350.0 4250.0 -0.22301
2450.0 4250.0 -0.19091
2550.0 4250.0 -0.19321
2650.0 4250.0 -0.22373
2750.0 4250.0 -0.27916
2850.0 4250.0 -0.33820
2950.0 4250.0 -0.35628
3050.0 4250.0 -0.30709
3150.0 4250.0 -0.19984
3250.0 4250.0 -0.07117
3350.0 4250.0 0.04824
3450.0 4250.0 0.18106
3550.0 4250.0 0.33935
3650.0 4250.0 0.47519
3750.0 4250.0 0.53937
3850.0 4250.0 0.51953
3950.0 4250.0 0.44682
4050.0 4250.0 0.37088
4150.0 4250.0 0.29836
4250.0 4250.0 0.13752
4350.0 4250.0 -0.09471
4450.0 4250.0 -0.28106
4550.0 4250.0 -0.32086
4650.0 4250.0 -0.19128
4750.0 4250.0 0.04929
4850.0 4250.0 0.31580
4950.0 4250.0 0.60251
5050.0 4250.0 0.90398
5150.0 4250.0 1.09505
5250.0 4250.0 1.06873
5350.0 4250.0 0.82675
5450.0 4250.0 0.48433
5550.0 4250.0 0.18923
5650.0 4250.0 -0.03552
5750.0 4250.0 -0.25429
5850.0 4250.0 -0.42366
5950.0 4250.0 -0.48802
6050.0 4250.0 -0.43725
6150.0 4250.0 -0.32104
6250.0 4250.0 -0.22252
6350.0 4250.0 -0.19144
50.0 4350.0 0.84262
150.0 4350.0 0.83560
250.0 4350.0 0.72168
350.0 4350.0 0.55780
450.0 4350.0 0.38013
550.0 4350.0 0.17880
650.0 4350.0 -0.04382
750.0 4350.0 -0.27455
850.0 4350.0 -0.49653
950.0 4350.0 -0.69678
1050.0 4350.0 -0.87403
1150.0 4350.0 -1.01924
1250.0 4350.0 -0.98939
1350.0 4350.0 -0.71388
1450.0 4350.0 -0.26345
1550.0 4350.0 0.20904
1650.0 4350.0 0.53867
1750.0 4350.0 0.62852
1850.0 4350.0 0.53853
1950.0 4350.0 0.40326
2050.0 4350.0 0.22452
2150.0 4350.0 0.03526
2250.0 4350.0 -0.11922
2350.0 4350.0 -0.21247
2450.0 4350.0 -0.24878
2550.0 4350.0 -0.25569
2650.0 4350.0 -0.26129
2750.0 4350.0 -0.28879
2850.0 4350.0 -0.32731
2950.0 4350.0 -0.34508
3050.0 4350.0 -0.31946
3150.0 4350.0 -0.25073
3250.0 4350.0 -0.15949
3350.0 4350.0 -0.06763
3450.0 4350.0 0.04450
3550.0 4350.0 0.20524
3650.0 4350.0 0.38258
3750.0 4350.0 0.52680
3850.0 4350.0 0.60614
3950.0 4350.0 0.62171
4050.0 4350.0 0.60158
4150.0 4350.0 0.56704
4250.0 4350.0 0.45819
4350.0 4350.0 0.28011
4450.0 4350.0 0.11997
4550.0 4350.0 0.06018
4650.0 4350.0 0.12965
4750.0 4350.0 0.29551
4850.0 4350.0 0.49521
4950.0 4350.0 0.70929
5050.0 4350.0 0.92137
5150.0 4350.0 1.03860
5250.0 4350.0 0.98897
5350.0 4350.0 0.78361
5450.0 4350.0 0.51585
5550.0 4350.0 0.29721
5650.0 4350.0 0.13641
5750.0 4350.0 -0.04156
5850.0 4350.0 -0.22343
5950.0 4350.0 -0.36182
6050.0 4350.0 -0.42652
6150.0 4350.0 -0.42607
6250.0 4350.0 -0.40124
6350.0 4350.0 -0.39044
50.0 4450.0 0.76988
150.0 4450.0 0.83892
250.0 4450.0 0.81110
350.0 4450.0 0.72389
450.0 4450.0 0.57997
550.0 4450.0 0.32115
650.0 4450.0 -0.03333
750.0 4450.0 -0.41418
850.0 4450.0 -0.74106
950.0 4450.0 -0.95833
1050.0 4450.0 -1.06749
1150.0 4450.0 -1.12210
1250.0 4450.0 -1.03978
1350.0 4450.0 -0.75922
1450.0 4450.0 -0.32953
1550.0 4450.0 0.13018
1650.0 4450.0 0.48464
1750.0 4450.0 0.64883
1850.0 4450.0 0.66590
1950.0 4450.0 0.62616
2050.0 4450.0 0.49068
2150.0 4450.0 0.27543
2250.0 4450.0 0.04033
2350.0 4450.0 -0.14687
2450.0 4450.0 -0.24081
2550.0 4450.0 -0.24275
2650.0 4450.0 -0.21320
2750.0 4450.0 -0.20724
2850.0 4450.0 -0.23126
2950.0 4450.0 -0.26922
3050.0 4450.0 -0.29826
3150.0 4450.0 -0.30034
3250.0 4450.0 -0.27005
3350.0 4450.0 -0.21859
3450.0 4450.0 -0.14271
3550.0 4450.0 -0.00547
3650.0 4450.0 0.18419
3750.0 4450.0 0.38687
3850.0 4450.0 0.55815
3950.0 4450.0 0.66855
4050.0 4450.0 0.71823
4150.0 4450.0 0.73797
4250.0 4450.0 0.70602
4350.0 4450.0 0.61164
4450.0 4450.0 0.49794
4550.0 4450.0 0.41886
4650.0 4450.0 0.40955
4750.0 4450.0 0.47213
4850.0 4450.0 0.57687
4950.0 4450.0 0.68952
5050.0 4450.0 0.78511
5150.0 4450.0 0.81745
5250.0 4450.0 0.75984
5350.0 4450.0 0.63001
5450.0 4450.0 0.48416
5550.0 4450.0 0.38015
5650.0 4450.0 0.31170
5750.0 4450.0 0.20399
5850.0 4450.0 0.03580
5950.0 4450.0 -0.16184
6050.0 4450.0 -0.34191
6150.0 4450.0 -0.46743
6250.0 4450.0 -0.52727
6350.0 4450.0 -0.54159
50.0 4550.0 0.52628
150.0 4550.0 0.65616
250.0 4550.0 0.71041
350.0 4550.0 0.70281
450.0 4550.0 0.61377
550.0 4550.0 0.35899
650.0 4550.0 -0.03010
750.0 4550.0 -0.45117
850.0 4550.0 -0.78905
950.0 4550.0 -0.96693
1050.0 4550.0 -0.99055
1150.0 4550.0 -0.95531
1250.0 4550.0 -0.85524
1350.0 4550.0 -0.64920
1450.0 4550.0 -0.34832
1550.0 4550.0 -0.00819
1650.0 4550.0 0.29470
1750.0 4550.0 0.50201
1850.0 4550.0 0.62698
1950.0 4550.0 0.69492
2050.0 4550.0 0.63396
2150.0 4550.0 0.44088
2250.0 4550.0 0.17896
2350.0 4550.0 -0.05644
2450.0 4550.0 -0.18033
2550.0 4550.0 -0.16848
2650.0 4550.0 -0.10223
2750.0 4550.0 -0.06169
2850.0 4550.0 -0.07122
2950.0 4550.0 -0.13104
3050.0 4550.0 -0.21784
3150.0 4550.0 -0.29429
3250.0 4550.0 -0.32776
3350.0 4550.0 -0.31844
3450.0 4550.0 -0.28746
3550.0 4550.0 -0.20359
3650.0 4550.0 -0.05145
3750.0 4550.0 0.15214
3850.0 4550.0 0.36572
3950.0 4550.0 0.54123
4050.0 4550.0 0.65293
4150.0 4550.0 0.72912
4250.0 4550.0 0.77995
4350.0 4550.0 0.77937
4450.0 4550.0 0.72354
4550.0 4550.0 0.63429
4650.0 4550.0 0.55059
4750.0 4550.0 0.50942
4850.0 4550.0 0.51588
4950.0 4550.0 0.52427
5050.0 4550.0 0.50482
5150.0 4550.0 0.46017
5250.0 4550.0 0.40819
5350.0 4550.0 0.36975
5450.0 4550.0 0.35918
5550.0 4550.0 0.37741
5650.0 4550.0 0.40602
5750.0 4550.0 0.38471
5850.0 4550.0 0.26582
5950.0 4550.0 0.05832
6050.0 4550.0 -0.18654
6150.0 4550.0 -0.39923
6250.0 4550.0 -0.52421
6350.0 4550.0 -0.56038
50.0 4650.0 0.18756
150.0 4650.0 0.34714
250.0 4650.0 0.45763
350.0 4650.0 0.51135
450.0 4650.0 0.48216
550.0 4650.0 0.28698
650.0 4650.0 -0.03819
750.0 4650.0 -0.38780
850.0 4650.0 -0.64740
950.0 4650.0 -0.74438
1050.0 4650.0 -0.68893
1150.0 4650.0 -0.58812
1250.0 4650.0 -0.50617
1350.0 4650.0 -0.42661
1450.0 4650.0 -0.31782
1550.0 4650.0 -0.16186
1650.0 4650.0 0.03434
1750.0 4650.0 0.24538
1850.0 4650.0 0.45066
1950.0 4650.0 0.60815
2050.0 4650.0 0.62744
2150.0 4650.0 0.48933
2250.0 4650.0 0.25057
2350.0 4650.0 0.01602
2450.0 4650.0 -0.10792
2550.0 4650.0 -0.07878
2650.0 4650.0 0.01634
2750.0 4650.0 0.08764
2850.0 4650.0 0.09854
2950.0 4650.0 0.03464
3050.0 4650.0 -0.08381
3150.0 4650.0 -0.20798
3250.0 4650.0 -0.28616
3350.0 4650.0 -0.30884
3450.0 4650.0 -0.32005
3550.0 4650.0 -0.30769
3650.0 4650.0 -0.23728
3750.0 4650.0 -0.09577
3850.0 4650.0 0.09456
3950.0 4650.0 0.28519
4050.0 4650.0 0.43363
4150.0 4650.0 0.55341
4250.0 4650.0 0.67106
4350.0 4650.0 0.74993
4450.0 4650.0 0.74875
4550.0 4650.0 0.66195
4650.0 4650.0 0.52873
4750.0 4650.0 0.41133
4850.0 4650.0 0.34243
4950.0 4650.0 0.27081
5050.0 4650.0 0.16517
5150.0 4650.0 0.06598
5250.0 4650.0 0.02446
5350.0 4650.0 0.06226
5450.0 4650.0 0.15992
5550.0 4650.0 0.27393
5650.0 4650.0 0.37843
5750.0 4650.0 0.43808
5850.0 4650.0 0.39486
5950.0 4650.0 0.23526
6050.0 4650.0 -0.00044
6150.0 4650.0 -0.23341
6250.0 4650.0 -0.38408
6350.0 4650.0 -0.43254
50.0 4750.0 -0.12340
150.0 4750.0 0.03349
250.0 4750.0 0.16471
350.0 4750.0 0.24866
450.0 4750.0 0.26548
550.0 4750.0 0.15257
650.0 4750.0 -0.05626
750.0 4750.0 -0.27474
850.0 4750.0 -0.41450
950.0 4750.0 -0.42423
1050.0 4750.0 -0.31741
1150.0 4750.0 -0.18751
1250.0 4750.0 -0.14342
1350.0 4750.0 -0.18916
1450.0 4750.0 -0.25975
1550.0 4750.0 -0.27853
1650.0 4750.0 -0.19594
1750.0 4750.0 -0.00988
1850.0 4750.0 0.23253
1950.0 4750.0 0.43936
2050.0 4750.0 0.51592
2150.0 4750.0 0.43416
2250.0 4750.0 0.24057
2350.0 4750.0 0.03568
2450.0 4750.0 -0.07059
2550.0 4750.0 -0.02776
2650.0 4750.0 0.08262
2750.0 4750.0 0.17766
2850.0 4750.0 0.21816
2950.0 4750.0 0.17913
3050.0 4750.0 0.07230
3150.0 4750.0 -0.05507
3250.0 4750.0 -0.14582
3350.0 4750.0 -0.18317
3450.0 4750.0 -0.22363
3550.0 4750.0 -0.28028
3650.0 4750.0 -0.30877
3750.0 4750.0 -0.26752
3850.0 4750.0 -0.15058
3950.0 4750.0 0.00863
4050.0 4750.0 0.16299
4150.0 4750.0 0.30436
4250.0 4750.0 0.45834
4350.0 4750.0 0.58435
4450.0 4750.0 0.62127
4550.0 4750.0 0.54706
4650.0 4750.0 0.39801
4750.0 4750.0 0.24706
4850.0 4750.0 0.14139
4950.0 4750.0 0.02988
5050.0 4750.0 -0.11916
5150.0 4750.0 -0.24643
5250.0 4750.0 -0.28391
5350.0 4750.0 -0.20927
5450.0 4750.0 -0.05850
5550.0 4750.0 0.10290
5650.0 4750.0 0.24604
5750.0 4750.0 0.36191
5850.0 4750.0 0.39858
5950.0 4750.0 0.32530
6050.0 4750.0 0.16087
6150.0 4750.0 -0.02911
6250.0 4750.0 -0.16479
6350.0 4750.0 -0.21417
50.0 4850.0 -0.34055
150.0 4850.0 -0.20549
250.0 4850.0 -0.07987
350.0 4850.0 0.00852
450.0 4850.0 0.05153
550.0 4850.0 0.01289
650.0 4850.0 -0.07916
750.0 4850.0 -0.16565
850.0 4850.0 -0.19232
950.0 4850.0 -0.13352
1050.0 4850.0 -0.00454
1150.0 4850.0 0.12597
1250.0 4850.0 0.13122
1350.0 4850.0 -0.00540
1450.0 4850.0 -0.19985
1550.0 4850.0 -0.34091
1650.0 4850.0 -0.34525
1750.0 4850.0 -0.19366
1850.0 4850.0 0.05141
1950.0 4850.0 0.27076
2050.0 4850.0 0.37329
2150.0 4850.0 0.32867
2250.0 4850.0 0.17497
2350.0 4850.0 0.00322
2450.0 4850.0 -0.08304
2550.0 4850.0 -0.03310
2650.0 4850.0 0.08117
2750.0 4850.0 0.19394
2850.0 4850.0 0.27124
2950.0 4850.0 0.28067
3050.0 4850.0 0.22089
3150.0 4850.0 0.12697
3250.0 4850.0 0.05021
3350.0 4850.0 0.01259
3450.0 4850.0 -0.04325
3550.0 4850.0 -0.15435
3650.0 4850.0 -0.27432
3750.0 4850.0 -0.33924
3850.0 4850.0 -0.31438
3950.0 4850.0 -0.21079
4050.0 4850.0 -0.07159
4150.0 4850.0 0.07312
4250.0 4850.0 0.23688
4350.0 4850.0 0.38028
4450.0 4850.0 0.43740
4550.0 4850.0 0.37995
4650.0 4850.0 0.23980
4750.0 4850.0 0.08922
4850.0 4850.0 -0.02138
4950.0 4850.0 -0.13994
5050.0 4850.0 -0.29918
5150.0 4850.0 -0.43696
5250.0 4850.0 -0.48123
5350.0 4850.0 -0.40753
5450.0 4850.0 -0.25278
5550.0 4850.0 -0.08541
5650.0 4850.0 0.06500
5750.0 4850.0 0.21076
5850.0 4850.0 0.31568
5950.0 4850.0 0.33825
6050.0 4850.0 0.27284
6150.0 4850.0 0.15943
6250.0 4850.0 0.06264
6350.0 4850.0 0.01993
50.0 4950.0 -0.54428
150.0 4950.0 -0.44005
250.0 4950.0 -0.33115
350.0 4950.0 -0.24851
450.0 4950.0 -0.18653
550.0 4950.0 -0.15239
650.0 4950.0 -0.12517
750.0 4950.0 -0.07720
850.0 4950.0 0.00781
950.0 4950.0 0.12785
1050.0 4950.0 0.26667
1150.0 4950.0 0.38558
1250.0 4950.0 0.35200
1350.0 4950.0 0.14216
1450.0 4950.0 -0.14530
1550.0 4950.0 -0.37531
1650.0 4950.0 -0.44271
1750.0 4950.0 -0.31874
1850.0 4950.0 -0.07717
1950.0 4950.0 0.14550
2050.0 4950.0 0.26197
2150.0 4950.0 0.24139
2250.0 4950.0 0.11603
2350.0 4950.0 -0.03083
2450.0 4950.0 -0.10185
2550.0 4950.0 -0.04748
2650.0 4950.0 0.06820
2750.0 4950.0 0.19470
2850.0 4950.0 0.30456
2950.0 4950.0 0.36067
3050.0 4950.0 0.35033
3150.0 4950.0 0.29584
3250.0 4950.0 0.24041
3350.0 4950.0 0.20934
3450.0 4950.0 0.14533
3550.0 4950.0 -0.01200
3650.0 4950.0 -0.21605
3750.0 4950.0 -0.38235
3850.0 4950.0 -0.44791
3950.0 4950.0 -0.40027
4050.0 4950.0 -0.27670
4150.0 4950.0 -0.12918
4250.0 4950.0 0.03868
4350.0 4950.0 0.18822
4450.0 4950.0 0.25406
4550.0 4950.0 0.20721
4650.0 4950.0 0.07793
4750.0 4950.0 -0.06332
4850.0 4950.0 -0.16662
4950.0 4950.0 -0.28013
5050.0 4950.0 -0.44162
5150.0 4950.0 -0.59077
5250.0 4950.0 -0.65285
5350.0 4950.0 -0.59766
5450.0 4950.0 -0.45587
5550.0 4950.0 -0.29265
5650.0 4950.0 -0.13985
5750.0 4950.0 0.03236
5850.0 4950.0 0.20497
5950.0 4950.0 0.32626
6050.0 4950.0 0.36505
6150.0 4950.0 0.33347
6250.0 4950.0 0.27858
6350.0 4950.0 0.24265
50.0 5050.0 -0.73590
150.0 5050.0 -0.68030
250.0 5050.0 -0.60971
350.0 5050.0 -0.55212
450.0 5050.0 -0.48443
550.0 5050.0 -0.37948
650.0 5050.0 -0.22758
750.0 5050.0 -0.04052
850.0 5050.0 0.15254
950.0 5050.0 0.31835
1050.0 5050.0 0.44183
1150.0 5050.0 0.52390
1250.0 5050.0 0.44827
1350.0 5050.0 0.19711
1450.0 5050.0 -0.12115
1550.0 5050.0 -0.36655
1650.0 5050.0 -0.43720
1750.0 5050.0 -0.31313
1850.0 5050.0 -0.07430
1950.0 5050.0 0.14495
2050.0 5050.0 0.25850
2150.0 5050.0 0.23643
2250.0 5050.0 0.11138
2350.0 5050.0 -0.03387
2450.0 5050.0 -0.10319
2550.0 5050.0 -0.04809
2650.0 5050.0 0.06772
2750.0 5050.0 0.19597
2850.0 5050.0 0.31435
2950.0 5050.0 0.38957
3050.0 5050.0 0.40793
3150.0 5050.0 0.38564
3250.0 5050.0 0.35819
3350.0 5050.0 0.34822
3450.0 5050.0 0.29293
3550.0 5050.0 0.10978
3650.0 5050.0 -0.15543
3750.0 5050.0 -0.40044
3850.0 5050.0 -0.53643
3950.0 5050.0 -0.52861
4050.0 5050.0 -0.40778
4150.0 5050.0 -0.24687
4250.0 5050.0 -0.07702
4350.0 5050.0 0.05928
4450.0 5050.0 0.10581
4550.0 5050.0 0.04599
4650.0 5050.0 -0.08105
4750.0 5050.0 -0.20310
4850.0 5050.0 -0.27647
4950.0 5050.0 -0.36280
5050.0 5050.0 -0.51662
5150.0 5050.0 -0.68543
5250.0 5050.0 -0.78953
5350.0 5050.0 -0.78309
5450.0 5050.0 -0.67719
5550.0 5050.0 -0.52476
5650.0 5050.0 -0.36594
5750.0 5050.0 -0.16405
5850.0 5050.0 0.07621
5950.0 5050.0 0.29111
6050.0 5050.0 0.42443
6150.0 5050.0 0.46331
6250.0 5050.0 0.44097
6350.0 5050.0 0.40621
50.0 5150.0 -0.81156
150.0 5150.0 -0.81454
250.0 5150.0 -0.80129
350.0 5150.0 -0.78883
450.0 5150.0 -0.73640
550.0 5150.0 -0.58558
650.0 5150.0 -0.34006
750.0 5150.0 -0.05061
850.0 5150.0 0.21150
950.0 5150.0 0.38641
1050.0 5150.0 0.46292
1150.0 5150.0 0.48206
1250.0 5150.0 0.36414
1350.0 5150.0 0.11196
1450.0 5150.0 -0.16262
1550.0 5150.0 -0.33714
1650.0 5150.0 -0.34164
1750.0 5150.0 -0.18550
1850.0 5150.0 0.05173
1950.0 5150.0 0.26097
2050.0 5150.0 0.35563
2150.0 5150.0 0.30814
2250.0 5150.0 0.15736
2350.0 5150.0 -0.00781
2450.0 5150.0 -0.08789
2550.0 5150.0 -0.03544
2650.0 5150.0 0.07882
2750.0 5150.0 0.19303
2850.0 5150.0 0.28725
2950.0 5150.0 0.34235
3050.0 5150.0 0.35713
3150.0 5150.0 0.35158
3250.0 5150.0 0.35537
3350.0 5150.0 0.38129
3450.0 5150.0 0.35490
3550.0 5150.0 0.17739
3650.0 5150.0 -0.10748
3750.0 5150.0 -0.38658
3850.0 5150.0 -0.55347
3950.0 5150.0 -0.55689
4050.0 5150.0 -0.42157
4150.0 5150.0 -0.23609
4250.0 5150.0 -0.06649
4350.0 5150.0 0.03616
4450.0 5150.0 0.03389
4550.0 5150.0 -0.06380
4650.0 5150.0 -0.19773
4750.0 5150.0 -0.29027
4850.0 5150.0 -0.30998
4950.0 5150.0 -0.34470
5050.0 5150.0 -0.47497
5150.0 5150.0 -0.66208
5250.0 5150.0 -0.82132
5350.0 5150.0 -0.88413
5450.0 5150.0 -0.83080
5550.0 5150.0 -0.69361
5650.0 5150.0 -0.52532
5750.0 5150.0 -0.29881
5850.0 5150.0 -0.01336
5950.0 5150.0 0.25668
6050.0 5150.0 0.43906
6150.0 5150.0 0.50834
6250.0 5150.0 0.49404
6350.0 5150.0 0.45184
50.0 5250.0 -0.69638
150.0 5250.0 -0.75157
250.0 5250.0 -0.80040
350.0 5250.0 -0.84281
450.0 5250.0 -0.82515
550.0 5250.0 -0.67038
650.0 5250.0 -0.39413
750.0 5250.0 -0.07417
850.0 5250.0 0.19224
950.0 5250.0 0.33168
1050.0 5250.0 0.33877
1150.0 5250.0 0.28252
1250.0 5250.0 0.12631
1350.0 5250.0 -0.09808
1450.0 5250.0 -0.28019
1550.0 5250.0 -0.32933
1650.0 5250.0 -0.22472
1750.0 5250.0 -0.01685
1850.0 5250.0 0.21974
1950.0 5250.0 0.41634
2050.0 5250.0 0.48641
2150.0 5250.0 0.40538
2250.0 5250.0 0.22025
2350.0 5250.0 0.02823
2450.0 5250.0 -0.06651
2550.0 5250.0 -0.01772
2650.0 5250.0 0.09374
2750.0 5250.0 0.18190
2850.0 5250.0 0.22613
2950.0 5250.0 0.22829
3050.0 5250.0 0.20994
3150.0 5250.0 0.20327
3250.0 5250.0 0.23512
3350.0 5250.0 0.30363
3450.0 5250.0 0.31934
3550.0 5250.0 0.17602
3650.0 5250.0 -0.08536
3750.0 5250.0 -0.34952
3850.0 5250.0 -0.50376
3950.0 5250.0 -0.48916
4050.0 5250.0 -0.32602
4150.0 5250.0 -0.11030
4250.0 5250.0 0.05789
4350.0 5250.0 0.11666
4450.0 5250.0 0.05082
4550.0 5250.0 -0.09722
4650.0 5250.0 -0.24271
4750.0 5250.0 -0.30068
4850.0 5250.0 -0.25500
4950.0 5250.0 -0.22449
5050.0 5250.0 -0.31620
5150.0 5250.0 -0.50797
5250.0 5250.0 -0.71296
5350.0 5250.0 -0.84065
5450.0 5250.0 -0.83869
5550.0 5250.0 -0.71563
5650.0 5250.0 -0.53666
5750.0 5250.0 -0.29897
5850.0 5250.0 -0.00839
5950.0 5250.0 0.25495
6050.0 5250.0 0.41818
6150.0 5250.0 0.46172
6250.0 5250.0 0.42429
6350.0 5250.0 0.36685
50.0 5350.0 -0.41030
150.0 5350.0 -0.49862
250.0 5350.0 -0.59812
350.0 5350.0 -0.69043
450.0 5350.0 -0.71617
550.0 5350.0 -0.59550
650.0 5350.0 -0.35175
750.0 5350.0 -0.07239
850.0 5350.0 0.13998
950.0 5350.0 0.21330
1050.0 5350.0 0.14833
1150.0 5350.0 0.02349
1250.0 5350.0 -0.16488
1350.0 5350.0 -0.35776
1450.0 5350.0 -0.44716
1550.0 5350.0 -0.37355
1650.0 5350.0 -0.16331
1750.0 5350.0 0.09447
1850.0 5350.0 0.33078
1950.0 5350.0 0.51718
2050.0 5350.0 0.56969
2150.0 5350.0 0.46620
2250.0 5350.0 0.25920
2350.0 5350.0 0.05091
2450.0 5350.0 -0.05223
2550.0 5350.0 -0.00536
2650.0 5350.0 0.10310
2750.0 5350.0 0.16266
2850.0 5350.0 0.15022
2950.0 5350.0 0.08879
3050.0 5350.0 0.02469
3150.0 5350.0 0.00538
3250.0 5350.0 0.05740
3350.0 5350.0 0.16414
3450.0 5350.0 0.22199
3550.0 5350.0 0.12476
3650.0 5350.0 -0.08928
3750.0 5350.0 -0.30899
3850.0 5350.0 -0.42422
3950.0 5350.0 -0.37586
4050.0 5350.0 -0.18181
4150.0 5350.0 0.06171
4250.0 5350.0 0.22894
4350.0 5350.0 0.24844
4450.0 5350.0 0.12568
4550.0 5350.0 -0.06715
4650.0 5350.0 -0.22225
4750.0 5350.0 -0.24817
4850.0 5350.0 -0.14266
4950.0 5350.0 -0.05032
5050.0 5350.0 -0.09661
5150.0 5350.0 -0.27410
5250.0 5350.0 -0.49822
5350.0 5350.0 -0.66447
5450.0 5350.0 -0.69591
5550.0 5350.0 -0.58104
5650.0 5350.0 -0.39295
5750.0 5350.0 -0.15910
5850.0 5350.0 0.09891
5950.0 5350.0 0.30104
6050.0 5350.0 0.38797
6150.0 5350.0 0.36121
6250.0 5350.0 0.27817
6350.0 5350.0 0.20222
50.0 5450.0 -0.06370
150.0 5450.0 -0.16306
250.0 5450.0 -0.29125
350.0 5450.0 -0.41595
450.0 5450.0 -0.47803
550.0 5450.0 -0.40552
650.0 5450.0 -0.22458
750.0 5450.0 -0.01876
850.0 5450.0 0.11853
950.0 5450.0 0.12555
1050.0 5450.0 0.00758
1150.0 5450.0 -0.16284
1250.0 5450.0 -0.37827
1350.0 5450.0 -0.56365
1450.0 5450.0 -0.61007
1550.0 5450.0 -0.47372
1650.0 5450.0 -0.20718
1750.0 5450.0 0.07757
1850.0 5450.0 0.31312
1950.0 5450.0 0.49573
2050.0 5450.0 0.54707
2150.0 5450.0 0.44613
2250.0 5450.0 0.24483
2350.0 5450.0 0.04325
2450.0 5450.0 -0.05486
2550.0 5450.0 -0.00623
2650.0 5450.0 0.10017
2750.0 5450.0 0.13969
2850.0 5450.0 0.08709
2950.0 5450.0 -0.02024
3050.0 5450.0 -0.11866
3150.0 5450.0 -0.14955
3250.0 5450.0 -0.08592
3350.0 5450.0 0.04558
3450.0 5450.0 0.13207
3550.0 5450.0 0.06947
3650.0 5450.0 -0.10578
3750.0 5450.0 -0.28708
3850.0 5450.0 -0.36848
3950.0 5450.0 -0.29280
4050.0 5450.0 -0.07690
4150.0 5450.0 0.18493
4250.0 5450.0 0.35309
4350.0 5450.0 0.35074
4450.0 5450.0 0.19623
4550.0 5450.0 -0.02020
4650.0 5450.0 -0.17721
4750.0 5450.0 -0.18002
4850.0 5450.0 -0.03508
4950.0 5450.0 0.09993
5050.0 5450.0 0.09394
5150.0 5450.0 -0.05483
5250.0 5450.0 -0.26774
5350.0 5450.0 -0.43752
5450.0 5450.0 -0.47663
5550.0 5450.0 -0.36220
5650.0 5450.0 -0.16852
5750.0 5450.0 0.05272
5850.0 5450.0 0.26271
5950.0 5450.0 0.38532
6050.0 5450.0 0.38022
6150.0 5450.0 0.27398
6250.0 5450.0 0.14358
6350.0 5450.0 0.05226
50.0 5550.0 0.21727
150.0 5550.0 0.12218
250.0 5550.0 -0.01263
350.0 5550.0 -0.14843
450.0 5550.0 -0.22860
550.0 5550.0 -0.19050
650.0 5550.0 -0.05977
750.0 5550.0 0.08839
850.0 5550.0 0.17242
950.0 5550.0 0.14059
1050.0 5550.0 0.00015
1150.0 5550.0 -0.18810
1250.0 5550.0 -0.42861
1350.0 5550.0 -0.64526
1450.0 5550.0 -0.72226
1550.0 5550.0 -0.60924
1650.0 5550.0 -0.35599
1750.0 5550.0 -0.07643
1850.0 5550.0 0.15736
1950.0 5550.0 0.34338
2050.0 5550.0 0.41137
2150.0 5550.0 0.33980
2250.0 5550.0 0.17353
2350.0 5550.0 0.00299
2450.0 5550.0 -0.07599
2550.0 5550.0 -0.02175
2650.0 5550.0 0.08419
2750.0 5550.0 0.11855
2850.0 5550.0 0.05618
2950.0 5550.0 -0.06130
3050.0 5550.0 -0.16574
3150.0 5550.0 -0.19623
3250.0 5550.0 -0.12647
3350.0 5550.0 0.01390
3450.0 5550.0 0.10910
3550.0 5550.0 0.05343
3650.0 5550.0 -0.11723
3750.0 5550.0 -0.29577
3850.0 5550.0 -0.37484
3950.0 5550.0 -0.29562
4050.0 5550.0 -0.07400
4150.0 5550.0 0.19438
4250.0 5550.0 0.36581
4350.0 5550.0 0.36311
4450.0 5550.0 0.20793
4550.0 5550.0 -0.00590
4650.0 5550.0 -0.15522
4750.0 5550.0 -0.14584
4850.0 5550.0 0.01347
4950.0 5550.0 0.16604
5050.0 5550.0 0.18660
5150.0 5550.0 0.07063
5250.0 5550.0 -0.11046
5350.0 5550.0 -0.25595
5450.0 5550.0 -0.28108
5550.0 5550.0 -0.16100
5650.0 5550.0 0.03442
5750.0 5550.0 0.24375
5850.0 5550.0 0.41712
5950.0 5550.0 0.48260
6050.0 5550.0 0.41403
6150.0 5550.0 0.25513
6250.0 5550.0 0.09516
6350.0 5550.0 -0.00395
50.0 5650.0 0.42116
150.0 5650.0 0.33586
250.0 5650.0 0.20567
350.0 5650.0 0.07092
450.0 5650.0 -0.01432
550.0 5650.0 0.00540
650.0 5650.0 0.10595
750.0 5650.0 0.21966
850.0 5650.0 0.27443
950.0 5650.0 0.22567
1050.0 5650.0 0.08115
1150.0 5650.0 -0.10979
1250.0 5650.0 -0.37450
1350.0 5650.0 -0.64419
1450.0 5650.0 -0.79298
1550.0 5650.0 -0.75161
1650.0 5650.0 -0.55104
1750.0 5650.0 -0.29529
1850.0 5650.0 -0.06456
1950.0 5650.0 0.12824
2050.0 5650.0 0.22224
2150.0 5650.0 0.19441
2250.0 5650.0 0.07879
2350.0 5650.0 -0.04807
2450.0 5650.0 -0.10113
2550.0 5650.0 -0.04026
2650.0 5650.0 0.06502
2750.0 5650.0 0.10190
2850.0 5650.0 0.04699
2950.0 5650.0 -0.05939
3050.0 5650.0 -0.15211
3150.0 5650.0 -0.17359
3250.0 5650.0 -0.09961
3350.0 5650.0 0.04113
3450.0 5650.0 0.13337
3550.0 5650.0 0.06645
3650.0 5650.0 -0.12366
3750.0 5650.0 -0.32530
3850.0 5650.0 -0.42499
3950.0 5650.0 -0.35882
4050.0 5650.0 -0.14150
4150.0 5650.0 0.12694
4250.0 5650.0 0.30307
4350.0 5650.0 0.31217
4450.0 5650.0 0.17380
4550.0 5650.0 -0.02273
4650.0 5650.0 -0.15895
4750.0 5650.0 -0.14344
4850.0 5650.0 0.01628
4950.0 5650.0 0.17215
5050.0 5650.0 0.21019
5150.0 5650.0 0.12643
5250.0 5650.0 -0.01533
5350.0 5650.0 -0.12520
5450.0 5650.0 -0.12759
5550.0 5650.0 -0.00043
5650.0 5650.0 0.19362
5750.0 5650.0 0.39304
5850.0 5650.0 0.54236
5950.0 5650.0 0.57328
6050.0 5650.0 0.46844
6150.0 5650.0 0.28108
6250.0 5650.0 0.10640
6350.0 5650.0 0.00455
50.0 5750.0 0.53062
150.0 5750.0 0.46958
250.0 5750.0 0.36499
350.0 5750.0 0.25297
450.0 5750.0 0.18064
550.0 5750.0 0.19096
650.0 5750.0 0.26132
750.0 5750.0 0.33601
850.0 5750.0 0.35896
950.0 5750.0 0.29850
1050.0 5750.0 0.16428
1150.0 5750.0 -0.01113
1250.0 5750.0 -0.28095
1350.0 5750.0 -0.58978
1450.0 5750.0 -0.80832
1550.0 5750.0 -0.84952
1650.0 5750.0 -0.71970
1750.0 5750.0 -0.50405
1850.0 5750.0 -0.28695
1950.0 5750.0 -0.09076
2050.0 5750.0 0.04081
2150.0 5750.0 0.07980
2250.0 5750.0 0.03942
2350.0 5750.0 -0.02812
2450.0 5750.0 -0.05471
2550.0 5750.0 -0.00060
2650.0 5750.0 0.08567
2750.0 5750.0 0.10720
2850.0 5750.0 0.04450
2950.0 5750.0 -0.06168
3050.0 5750.0 -0.14954
3150.0 5750.0 -0.16724
3250.0 5750.0 -0.09582
3350.0 5750.0 0.03578
3450.0 5750.0 0.11644
3550.0 5750.0 0.03414
3650.0 5750.0 -0.17463
3750.0 5750.0 -0.39583
3850.0 5750.0 -0.51324
3950.0 5750.0 -0.46106
4050.0 5750.0 -0.25396
4150.0 5750.0 0.00717
4250.0 5750.0 0.19086
4350.0 5750.0 0.22828
4450.0 5750.0 0.12944
4550.0 5750.0 -0.03156
4650.0 5750.0 -0.14915
4750.0 5750.0 -0.13690
4850.0 5750.0 0.00399
4950.0 5750.0 0.14645
5050.0 5750.0 0.20033
5150.0 5750.0 0.16284
5250.0 5750.0 0.08205
5350.0 5750.0 0.02556
5450.0 5750.0 0.04999
5550.0 5750.0 0.17174
5650.0 5750.0 0.34324
5750.0 5750.0 0.50953
5850.0 5750.0 0.61321
5950.0 5750.0 0.59597
6050.0 5750.0 0.45232
6150.0 5750.0 0.24228
6250.0 5750.0 0.06006
6350.0 5750.0 -0.04124
50.0 5850.0 0.45662
150.0 5850.0 0.44135
250.0 5850.0 0.39690
350.0 5850.0 0.34468
450.0 5850.0 0.31604
550.0 5850.0 0.33222
650.0 5850.0 0.37199
750.0 5850.0 0.39918
850.0 5850.0 0.38510
950.0 5850.0 0.32114
1050.0 5850.0 0.22128
1150.0 5850.0 0.09300
1250.0 5850.0 -0.14210
1350.0 5850.0 -0.45032
1450.0 5850.0 -0.71348
1550.0 5850.0 -0.83442
1650.0 5850.0 -0.79083
1750.0 5850.0 -0.63660
1850.0 5850.0 -0.45097
1950.0 5850.0 -0.26045
2050.0 5850.0 -0.08205
2150.0 5850.0 0.04593
2250.0 5850.0 0.10267
2350.0 5850.0 0.10354
2450.0 5850.0 0.09330
2550.0 5850.0 0.11410
2650.0 5850.0 0.14943
2750.0 5850.0 0.12657
2850.0 5850.0 0.03475
2950.0 5850.0 -0.08267
3050.0 5850.0 -0.16960
3150.0 5850.0 -0.18626
3250.0 5850.0 -0.12585
3350.0 5850.0 -0.01899
3450.0 5850.0 0.03676
3550.0 5850.0 -0.06282
3650.0 5850.0 -0.28018
3750.0 5850.0 -0.50457
3850.0 5850.0 -0.62556
3950.0 5850.0 -0.58317
4050.0 5850.0 -0.39448
4150.0 5850.0 -0.15329
4250.0 5850.0 0.04034
4350.0 5850.0 0.12797
4450.0 5850.0 0.09829
4550.0 5850.0 -0.00560
4650.0 5850.0 -0.10246
4750.0 5850.0 -0.11307
4850.0 5850.0 -0.02437
4950.0 5850.0 0.07530
5050.0 5850.0 0.13744
5150.0 5850.0 0.16107
5250.0 5850.0 0.16670
5350.0 5850.0 0.18295
5450.0 5850.0 0.23361
5550.0 5850.0 0.32540
5650.0 5850.0 0.43761
5750.0 5850.0 0.53411
5850.0 5850.0 0.56456
5950.0 5850.0 0.49026
6050.0 5850.0 0.31904
6150.0 5850.0 0.10873
6250.0 5850.0 -0.06210
6350.0 5850.0 -0.15609
50.0 5950.0 0.20508
150.0 5950.0 0.24689
250.0 5950.0 0.28697
350.0 5950.0 0.32287
450.0 5950.0 0.36205
550.0 5950.0 0.39730
650.0 5950.0 0.40858
750.0 5950.0 0.38443
850.0 5950.0 0.33162
950.0 5950.0 0.27179
1050.0 5950.0 0.22509
1150.0 5950.0 0.16942
1250.0 5950.0 0.00890
1350.0 5950.0 -0.24814
1450.0 5950.0 -0.50970
1550.0 5950.0 -0.68159
1650.0 5950.0 -0.71671
1750.0 5950.0 -0.63166
1850.0 5950.0 -0.49034
1950.0 5950.0 -0.31667
2050.0 5950.0 -0.09948
2150.0 5950.0 0.10917
2250.0 5950.0 0.25049
2350.0 5950.0 0.30121
2450.0 5950.0 0.28410
2550.0 5950.0 0.24671
2650.0 5950.0 0.20692
2750.0 5950.0 0.12166
2850.0 5950.0 -0.00577
2950.0 5950.0 -0.12952
3050.0 5950.0 -0.20461
3150.0 5950.0 -0.21187
3250.0 5950.0 -0.16404
3350.0 5950.0 -0.09327
3450.0 5950.0 -0.07128
3550.0 5950.0 -0.18400
3650.0 5950.0 -0.39245
3750.0 5950.0 -0.59579
3850.0 5950.0 -0.69913
3950.0 5950.0 -0.65676
4050.0 5950.0 -0.49069
4150.0 5950.0 -0.27940
4250.0 5950.0 -0.07771
4350.0 5950.0 0.06780
4450.0 5950.0 0.11703
4550.0 5950.0 0.07324
4650.0 5950.0 -0.01179
4750.0 5950.0 -0.06556
4850.0 5950.0 -0.05549
4950.0 5950.0 -0.02296
5050.0 5950.0 0.03364
5150.0 5950.0 0.11529
5250.0 5950.0 0.20913
5350.0 5950.0 0.29677
5450.0 5950.0 0.36259
5550.0 5950.0 0.40186
5650.0 5950.0 0.42675
5750.0 5950.0 0.43163
5850.0 5950.0 0.38452
5950.0 5950.0 0.27122
6050.0 5950.0 0.10768
6150.0 5950.0 -0.06448
6250.0 5950.0 -0.19831
6350.0 5950.0 -0.27773
50.0 6050.0 -0.13414
150.0 6050.0 -0.04018
250.0 6050.0 0.08647
350.0 6050.0 0.21615
450.0 6050.0 0.32880
550.0 6050.0 0.38794
650.0 6050.0 0.37449
750.0 6050.0 0.30196
850.0 6050.0 0.21322
950.0 6050.0 0.16095
1050.0 6050.0 0.17183
1150.0 6050.0 0.19566
1250.0 6050.0 0.13088
1350.0 6050.0 -0.03662
1450.0 6050.0 -0.24956
1550.0 6050.0 -0.42933
1650.0 6050.0 -0.51457
1750.0 6050.0 -0.48836
1850.0 6050.0 -0.39281
1950.0 6050.0 -0.24419
2050.0 6050.0 -0.01098
2150.0 6050.0 0.24138
2250.0 6050.0 0.42378
2350.0 6050.0 0.48499
2450.0 6050.0 0.43466
2550.0 6050.0 0.32773
2650.0 6050.0 0.20829
2750.0 6050.0 0.06288
2850.0 6050.0 -0.08775
2950.0 6050.0 -0.19772
3050.0 6050.0 -0.23932
3150.0 6050.0 -0.22088
3250.0 6050.0 -0.17912
3350.0 6050.0 -0.14589
3450.0 6050.0 -0.15756
3550.0 6050.0 -0.27477
3650.0 6050.0 -0.45707
3750.0 6050.0 -0.61814
3850.0 6050.0 -0.68499
3950.0 6050.0 -0.63152
4050.0 6050.0 -0.48607
4150.0 6050.0 -0.30708
4250.0 6050.0 -0.10287
4350.0 6050.0 0.08942
4450.0 6050.0 0.20142
4550.0 6050.0 0.19945
4650.0 6050.0 0.10977
4750.0 6050.0 0.00135
4850.0 6050.0 -0.07388
4950.0 6050.0 -0.11595
5050.0 6050.0 -0.07886
5150.0 6050.0 0.03996
5250.0 6050.0 0.19765
5350.0 6050.0 0.33381
5450.0 6050.0 0.39773
5550.0 6050.0 0.37465
5650.0 6050.0 0.30668
5750.0 6050.0 0.22427
5850.0 6050.0 0.12213
5950.0 6050.0 0.00828
6050.0 6050.0 -0.10321
6150.0 6050.0 -0.19979
6250.0 6050.0 -0.27588
6350.0 6050.0 -0.33634
50.0 6150.0 -0.42770
150.0 6150.0 -0.29987
250.0 6150.0 -0.10751
350.0 6150.0 0.09646
450.0 6150.0 0.26725
550.0 6150.0 0.34437
650.0 6150.0 0.30962
750.0 6150.0 0.19678
850.0 6150.0 0.07792
950.0 6150.0 0.03076
1050.0 6150.0 0.08719
1150.0 6150.0 0.17567
1250.0 6150.0 0.19855
1350.0 6150.0 0.12714
1450.0 6150.0 -0.01372
1550.0 6150.0 -0.16660
1650.0 6150.0 -0.26756
1750.0 6150.0 -0.27745
1850.0 6150.0 -0.21721
1950.0 6150.0 -0.09467
2050.0 6150.0 0.12917
2150.0 6150.0 0.37931
2250.0 6150.0 0.55149
2350.0 6150.0 0.58380
2450.0 6150.0 0.48449
2550.0 6150.0 0.31578
2650.0 6150.0 0.13377
2750.0 6150.0 -0.05088
2850.0 6150.0 -0.20019
2950.0 6150.0 -0.27182
3050.0 6150.0 -0.25894
3150.0 6150.0 -0.19918
3250.0 6150.0 -0.15241
3350.0 6150.0 -0.14772
3450.0 6150.0 -0.18427
3550.0 6150.0 -0.29735
3650.0 6150.0 -0.44546
3750.0 6150.0 -0.55694
3850.0 6150.0 -0.58055
3950.0 6150.0 -0.50930
4050.0 6150.0 -0.37741
4150.0 6150.0 -0.22447
4250.0 6150.0 -0.02404
4350.0 6150.0 0.19128
4450.0 6150.0 0.33293
4550.0 6150.0 0.34310
4650.0 6150.0 0.23341
4750.0 6150.0 0.07341
4850.0 6150.0 -0.07095
4950.0 6150.0 -0.17470
5050.0 6150.0 -0.16403
5150.0 6150.0 -0.03548
5250.0 6150.0 0.14871
5350.0 6150.0 0.30127
5450.0 6150.0 0.34919
5550.0 6150.0 0.27150
5650.0 6150.0 0.13004
5750.0 6150.0 -0.01200
5850.0 6150.0 -0.13194
5950.0 6150.0 -0.20784
6050.0 6150.0 -0.23698
6150.0 6150.0 -0.24086
6250.0 6150.0 -0.25398
6350.0 6150.0 -0.29617
50.0 6250.0 -0.56117
150.0 6250.0 -0.42247
250.0 6250.0 -0.19856
350.0 6250.0 0.04403
450.0 6250.0 0.24356
550.0 6250.0 0.32467
650.0 6250.0 0.27005
750.0 6250.0 0.12626
850.0 6250.0 -0.01671
950.0 6250.0 -0.06605
1050.0 6250.0 0.01298
1150.0 6250.0 0.13624
1250.0 6250.0 0.21262
1350.0 6250.0 0.20799
1450.0 6250.0 0.12701
1550.0 6250.0 0.01016
1650.0 6250.0 -0.08305
1750.0 6250.0 -0.10474
1850.0 6250.0 -0.06230
1950.0 6250.0 0.04101
2050.0 6250.0 0.23984
2150.0 6250.0 0.45525
2250.0 6250.0 0.58311
2350.0 6250.0 0.56645
2450.0 6250.0 0.42101
2550.0 6250.0 0.21407
2650.0 6250.0 0.00034
2750.0 6250.0 -0.19376
2850.0 6250.0 -0.31685
2950.0 6250.0 -0.33305
3050.0 6250.0 -0.25573
3150.0 6250.0 -0.14735
3250.0 6250.0 -0.08527
3350.0 6250.0 -0.09385
3450.0 6250.0 -0.14186
3550.0 6250.0 -0.24649
3650.0 6250.0 -0.36574
3750.0 6250.0 -0.43821
3850.0 6250.0 -0.42756
3950.0 6250.0 -0.33968
4050.0 6250.0 -0.21255
4150.0 6250.0 -0.07363
4250.0 6250.0 0.11910
4350.0 6250.0 0.33239
4450.0 6250.0 0.46940
4550.0 6250.0 0.46494
4650.0 6250.0 0.32855
4750.0 6250.0 0.13348
4850.0 6250.0 -0.04833
4950.0 6250.0 -0.18629
5050.0 6250.0 -0.19828
5150.0 6250.0 -0.08075
5250.0 6250.0 0.09760
5350.0 6250.0 0.24074
5450.0 6250.0 0.26853
5550.0 6250.0 0.15815
5650.0 6250.0 -0.02138
5750.0 6250.0 -0.18500
5850.0 6250.0 -0.28874
5950.0 6250.0 -0.30706
6050.0 6250.0 -0.25282
6150.0 6250.0 -0.17617
6250.0 6250.0 -0.13957
6350.0 6250.0 -0.16907
50.0 6350.0 -0.52358
150.0 6350.0 -0.39050
250.0 6350.0 -0.16388
350.0 6350.0 0.08559
450.0 6350.0 0.28728
550.0 6350.0 0.35873
650.0 6350.0 0.28368
750.0 6350.0 0.11520
850.0 6350.0 -0.04826
950.0 6350.0 -0.10731
1050.0 6350.0 -0.02644
1150.0 6350.0 0.10404
1250.0 6350.0 0.19629
1350.0 6350.0 0.21684
1450.0 6350.0 0.16413
1550.0 6350.0 0.07094
1650.0 6350.0 -0.00848
1750.0 6350.0 -0.02691
1850.0 6350.0 0.01272
1950.0 6350.0 0.10615
2050.0 6350.0 0.27768
2150.0 6350.0 0.44881
2250.0 6350.0 0.52456
2350.0 6350.0 0.46067
2450.0 6350.0 0.28354
2550.0 6350.0 0.06283
2650.0 6350.0 -0.15535
2750.0 6350.0 -0.33559
2850.0 6350.0 -0.41786
2950.0 6350.0 -0.37393
3050.0 6350.0 -0.23401
3150.0 6350.0 -0.07858
3250.0 6350.0 0.00423
3350.0 6350.0 -0.00447
3450.0 6350.0 -0.05304
3550.0 6350.0 -0.14967
3650.0 6350.0 -0.25235
3750.0 6350.0 -0.30421
3850.0 6350.0 -0.27529
3950.0 6350.0 -0.17684
4050.0 6350.0 -0.04823
4150.0 6350.0 0.08759
4250.0 6350.0 0.27197
4350.0 6350.0 0.46787
4450.0 6350.0 0.57969
4550.0 6350.0 0.54717
4650.0 6350.0 0.38620
4750.0 6350.0 0.17484
4850.0 6350.0 -0.01552
4950.0 6350.0 -0.16180
5050.0 6350.0 -0.18698
5150.0 6350.0 -0.08780
5250.0 6350.0 0.06953
5350.0 6350.0 0.19270
5450.0 6350.0 0.20484
5550.0 6350.0 0.08422
5650.0 6350.0 -0.10194
5750.0 6350.0 -0.25806
5850.0 6350.0 -0.32823
5950.0 6350.0 -0.29063
6050.0 6350.0 -0.17261
6150.0 6350.0 -0.04258
6250.0 6350.0 0.02338
6350.0 6350.0 0.00000
