50.0 50.0 -0.35168
150.0 50.0 -0.99389
250.0 50.0 -1.45799
350.0 50.0 -1.51249
450.0 50.0 -1.13748
550.0 50.0 -0.56912
650.0 50.0 -0.13268
750.0 50.0 0.12056
850.0 50.0 0.39707
950.0 50.0 0.64429
1050.0 50.0 0.73300
1150.0 50.0 0.61244
1250.0 50.0 0.35641
1350.0 50.0 0.10733
1450.0 50.0 -0.07348
1550.0 50.0 -0.15841
1650.0 50.0 -0.08362
1750.0 50.0 0.09004
1850.0 50.0 0.24476
1950.0 50.0 0.27510
2050.0 50.0 0.14226
2150.0 50.0 -0.08625
2250.0 50.0 -0.23121
2350.0 50.0 -0.18639
2450.0 50.0 0.00026
2550.0 50.0 0.19988
2650.0 50.0 0.27804
2750.0 50.0 0.16505
2850.0 50.0 -0.07736
2950.0 50.0 -0.18834
3050.0 50.0 -0.00690
3150.0 50.0 0.33937
3250.0 50.0 0.61713
3350.0 50.0 0.63793
3450.0 50.0 0.35106
3550.0 50.0 -0.12151
3650.0 50.0 -0.53423
3750.0 50.0 -0.69052
3850.0 50.0 -0.54483
3950.0 50.0 -0.21198
4050.0 50.0 0.08772
4150.0 50.0 0.14751
4250.0 50.0 -0.04276
4350.0 50.0 -0.19306
4450.0 50.0 -0.12574
4550.0 50.0 0.10400
4650.0 50.0 0.33749
4750.0 50.0 0.41851
4850.0 50.0 0.27233
4950.0 50.0 -0.04260
5050.0 50.0 -0.51547
5150.0 50.0 -1.23150
5250.0 50.0 -1.84096
5350.0 50.0 -1.96931
5450.0 50.0 -1.52760
5550.0 50.0 -0.74911
5650.0 50.0 0.04771
5750.0 50.0 0.87053
5850.0 50.0 1.69815
5950.0 50.0 2.16495
6050.0 50.0 2.01354
6150.0 50.0 1.34332
6250.0 50.0 0.55632
6350.0 50.0 0.00000
50.0 150.0 0.32507
150.0 150.0 -0.42950
250.0 150.0 -1.17736
350.0 150.0 -1.62697
450.0 150.0 -1.63757
550.0 150.0 -1.32982
650.0 150.0 -0.98195
750.0 150.0 -0.72060
850.0 150.0 -0.42453
950.0 150.0 -0.14908
1050.0 150.0 -0.03000
1150.0 150.0 -0.12603
1250.0 150.0 -0.36785
1350.0 150.0 -0.61203
1450.0 150.0 -0.79165
1550.0 150.0 -0.86772
1650.0 150.0 -0.76647
1750.0 150.0 -0.54976
1850.0 150.0 -0.34530
1950.0 150.0 -0.27230
2050.0 150.0 -0.37949
2150.0 150.0 -0.59509
2250.0 150.0 -0.71852
2350.0 150.0 -0.63339
2450.0 150.0 -0.39483
2550.0 150.0 -0.14582
2650.0 150.0 -0.03320
2750.0 150.0 -0.13112
2850.0 150.0 -0.37021
2950.0 150.0 -0.46387
3050.0 150.0 -0.22738
3150.0 150.0 0.20863
3250.0 150.0 0.58850
3350.0 150.0 0.69468
3450.0 150.0 0.45613
3550.0 150.0 0.00114
3650.0 150.0 -0.42256
3750.0 150.0 -0.65757
3850.0 150.0 -0.65591
3950.0 150.0 -0.49327
4050.0 150.0 -0.33668
4150.0 150.0 -0.35350
4250.0 150.0 -0.56186
4350.0 150.0 -0.73168
4450.0 150.0 -0.70916
4550.0 150.0 -0.53751
4650.0 150.0 -0.35344
4750.0 150.0 -0.29682
4850.0 150.0 -0.43967
4950.0 150.0 -0.73481
5050.0 150.0 -1.16031
5150.0 150.0 -1.75401
5250.0 150.0 -2.18435
5350.0 150.0 -2.13282
5450.0 150.0 -1.56514
5550.0 150.0 -0.74026
5650.0 150.0 0.04293
5750.0 150.0 0.84643
5850.0 150.0 1.68029
5950.0 150.0 2.18996
6050.0 150.0 2.11011
6150.0 150.0 1.51637
6250.0 150.0 0.78329
6350.0 150.0 0.24887
50.0 250.0 0.48884
150.0 250.0 -0.36658
250.0 250.0 -1.35995
350.0 250.0 -2.13093
450.0 250.0 -2.42782
550.0 250.0 -2.28092
650.0 250.0 -1.94582
750.0 250.0 -1.61957
850.0 250.0 -1.22552
950.0 250.0 -0.81424
1050.0 250.0 -0.55352
1150.0 250.0 -0.53868
1250.0 250.0 -0.71857
1350.0 250.0 -0.94207
1450.0 250.0 -1.11829
1550.0 250.0 -1.21819
1650.0 250.0 -1.17985
1750.0 250.0 -1.03673
1850.0 250.0 -0.88051
1950.0 250.0 -0.80973
2050.0 250.0 -0.87695
2150.0 250.0 -1.03405
2250.0 250.0 -1.11052
2350.0 250.0 -1.01575
2450.0 250.0 -0.81286
2550.0 250.0 -0.62913
2650.0 250.0 -0.57857
2750.0 250.0 -0.70408
2850.0 250.0 -0.93707
2950.0 250.0 -1.00683
3050.0 250.0 -0.70204
3150.0 250.0 -0.14149
3250.0 250.0 0.40175
3350.0 250.0 0.67047
3450.0 250.0 0.55379
3550.0 250.0 0.17746
3650.0 250.0 -0.17752
3750.0 250.0 -0.37531
3850.0 250.0 -0.40062
3950.0 250.0 -0.33145
4050.0 250.0 -0.29855
4150.0 250.0 -0.41542
4250.0 250.0 -0.67904
4350.0 250.0 -0.92770
4450.0 250.0 -1.04918
4550.0 250.0 -1.03056
4650.0 250.0 -0.93598
4750.0 250.0 -0.87134
4850.0 250.0 -0.92865
4950.0 250.0 -1.11018
5050.0 250.0 -1.39869
5150.0 250.0 -1.82409
5250.0 250.0 -2.13041
5350.0 250.0 -2.06761
5450.0 250.0 -1.60355
5550.0 250.0 -0.93390
5650.0 250.0 -0.28977
5750.0 250.0 0.38809
5850.0 250.0 1.13961
5950.0 250.0 1.66862
6050.0 250.0 1.72409
6150.0 250.0 1.33005
6250.0 250.0 0.77064
6350.0 250.0 0.33008
50.0 350.0 0.09743
150.0 350.0 -0.81672
250.0 350.0 -1.93910
350.0 350.0 -2.84657
450.0 350.0 -3.21897
550.0 350.0 -3.05433
650.0 350.0 -2.62485
750.0 350.0 -2.17381
850.0 350.0 -1.61937
950.0 350.0 -1.01264
1050.0 350.0 -0.57043
1150.0 350.0 -0.43187
1250.0 350.0 -0.55511
1350.0 350.0 -0.76333
1450.0 350.0 -0.93506
1550.0 350.0 -1.08773
1650.0 350.0 -1.19066
1750.0 350.0 -1.22067
1850.0 350.0 -1.19200
1950.0 350.0 -1.15343
2050.0 350.0 -1.15857
2150.0 350.0 -1.20880
2250.0 350.0 -1.20754
2350.0 350.0 -1.12252
2450.0 350.0 -1.02753
2550.0 350.0 -1.00865
2650.0 350.0 -1.10586
2750.0 350.0 -1.29689
2850.0 350.0 -1.52049
2950.0 350.0 -1.57538
3050.0 350.0 -1.24080
3150.0 350.0 -0.60159
3250.0 350.0 0.08071
3350.0 350.0 0.52488
3450.0 350.0 0.57587
3550.0 350.0 0.33862
3650.0 350.0 0.13894
3750.0 350.0 0.11092
3850.0 350.0 0.19922
3950.0 350.0 0.27509
4050.0 350.0 0.22023
4150.0 350.0 -0.01371
4250.0 350.0 -0.37052
4350.0 350.0 -0.75544
4450.0 350.0 -1.10656
4550.0 350.0 -1.31000
4650.0 350.0 -1.31287
4750.0 350.0 -1.17903
4850.0 350.0 -1.05106
4950.0 350.0 -1.01875
5050.0 350.0 -1.07537
5150.0 350.0 -1.27968
5250.0 350.0 -1.51154
5350.0 350.0 -1.60466
5450.0 350.0 -1.47694
5550.0 350.0 -1.16961
5650.0 350.0 -0.79514
5750.0 350.0 -0.35924
5850.0 350.0 0.19352
5950.0 350.0 0.67506
6050.0 350.0 0.88324
6150.0 350.0 0.77655
6250.0 350.0 0.49375
6350.0 350.0 0.21810
50.0 450.0 -0.55171
150.0 450.0 -1.46746
250.0 450.0 -2.56957
350.0 450.0 -3.39446
450.0 450.0 -3.61357
550.0 450.0 -3.25870
650.0 450.0 -2.65329
750.0 450.0 -2.05164
850.0 450.0 -1.33632
950.0 450.0 -0.57851
1050.0 450.0 -0.03846
1150.0 450.0 0.12763
1250.0 450.0 -0.01364
1350.0 450.0 -0.23757
1450.0 450.0 -0.40593
1550.0 450.0 -0.61662
1650.0 450.0 -0.87391
1750.0 450.0 -1.08947
1850.0 450.0 -1.19125
1950.0 450.0 -1.17524
2050.0 450.0 -1.09970
2150.0 450.0 -1.02181
2250.0 450.0 -0.92441
2350.0 450.0 -0.84064
2450.0 450.0 -0.85851
2550.0 450.0 -1.01960
2650.0 450.0 -1.28058
2750.0 450.0 -1.54428
2850.0 450.0 -1.75662
2950.0 450.0 -1.82130
3050.0 450.0 -1.54184
3150.0 450.0 -0.95117
3250.0 450.0 -0.25602
3350.0 450.0 0.28019
3450.0 450.0 0.47718
3550.0 450.0 0.39993
3650.0 450.0 0.39610
3750.0 450.0 0.60834
3850.0 450.0 0.89319
3950.0 450.0 1.04396
4050.0 450.0 0.93687
4150.0 450.0 0.58852
4250.0 450.0 0.12386
4350.0 450.0 -0.41533
4450.0 450.0 -1.00833
4550.0 450.0 -1.42313
4650.0 450.0 -1.48228
4750.0 450.0 -1.21776
4850.0 450.0 -0.84459
4950.0 450.0 -0.55354
5050.0 450.0 -0.33686
5150.0 450.0 -0.29167
5250.0 450.0 -0.45933
5350.0 450.0 -0.76666
5450.0 450.0 -1.06333
5550.0 450.0 -1.20033
5650.0 450.0 -1.14962
5750.0 450.0 -1.01128
5850.0 450.0 -0.73737
5950.0 450.0 -0.38679
6050.0 450.0 -0.08324
6150.0 450.0 0.08016
6250.0 450.0 0.08797
6350.0 450.0 0.00155
50.0 550.0 -1.02696
150.0 550.0 -1.90454
250.0 550.0 -2.88868
350.0 550.0 -3.50109
450.0 550.0 -3.44839
550.0 550.0 -2.83299
650.0 550.0 -2.04034
750.0 550.0 -1.30966
850.0 550.0 -0.49312
950.0 550.0 0.29555
1050.0 550.0 0.77697
1150.0 550.0 0.82254
1250.0 550.0 0.56316
1350.0 550.0 0.28505
1450.0 550.0 0.11742
1550.0 550.0 -0.13069
1650.0 550.0 -0.48503
1750.0 550.0 -0.80728
1850.0 550.0 -0.96690
1950.0 550.0 -0.93085
2050.0 550.0 -0.76975
2150.0 550.0 -0.58060
2250.0 550.0 -0.39090
2350.0 550.0 -0.27761
2450.0 550.0 -0.34546
2550.0 550.0 -0.61147
2650.0 550.0 -0.97588
2750.0 550.0 -1.28564
2850.0 550.0 -1.48725
2950.0 550.0 -1.58775
3050.0 550.0 -1.44582
3150.0 550.0 -1.03856
3250.0 550.0 -0.48489
3350.0 550.0 0.01324
3450.0 550.0 0.28142
3550.0 550.0 0.33513
3650.0 550.0 0.50059
3750.0 550.0 0.92418
3850.0 550.0 1.38644
3950.0 550.0 1.61133
4050.0 550.0 1.46736
4150.0 550.0 1.02481
4250.0 550.0 0.46832
4350.0 550.0 -0.19500
4450.0 550.0 -0.96426
4550.0 550.0 -1.50856
4650.0 550.0 -1.55824
4750.0 550.0 -1.13556
4850.0 550.0 -0.52923
4950.0 550.0 -0.01314
5050.0 550.0 0.44339
5150.0 550.0 0.72699
5250.0 550.0 0.65703
5350.0 550.0 0.21513
5450.0 550.0 -0.40486
5550.0 550.0 -0.90142
5650.0 550.0 -1.12439
5750.0 550.0 -1.24943
5850.0 550.0 -1.25459
5950.0 550.0 -1.08801
6050.0 550.0 -0.78670
6150.0 550.0 -0.46238
6250.0 550.0 -0.24380
6350.0 550.0 -0.17547
50.0 650.0 -0.98341
150.0 650.0 -1.82415
250.0 650.0 -2.70288
350.0 650.0 -3.14082
450.0 650.0 -2.88082
550.0 650.0 -2.08118
650.0 650.0 -1.16922
750.0 650.0 -0.36749
850.0 650.0 0.46315
950.0 650.0 1.15409
1050.0 650.0 1.43631
1150.0 650.0 1.24600
1250.0 650.0 0.80042
1350.0 650.0 0.44435
1450.0 650.0 0.27477
1550.0 650.0 0.02456
1650.0 650.0 -0.33006
1750.0 650.0 -0.63176
1850.0 650.0 -0.74083
1950.0 650.0 -0.63288
2050.0 650.0 -0.39842
2150.0 650.0 -0.14444
2250.0 650.0 0.11295
2350.0 650.0 0.29161
2450.0 650.0 0.27020
2550.0 650.0 0.02376
2650.0 650.0 -0.33995
2750.0 650.0 -0.64972
2850.0 650.0 -0.84335
2950.0 650.0 -0.99193
3050.0 650.0 -1.01934
3150.0 650.0 -0.85973
3250.0 650.0 -0.54106
3350.0 650.0 -0.18355
3450.0 650.0 0.06963
3550.0 650.0 0.19059
3650.0 650.0 0.44484
3750.0 650.0 0.96497
3850.0 650.0 1.49111
3950.0 650.0 1.71848
4050.0 650.0 1.52314
4150.0 650.0 1.01298
4250.0 650.0 0.40310
4350.0 650.0 -0.32200
4450.0 650.0 -1.15965
4550.0 650.0 -1.72571
4650.0 650.0 -1.71307
4750.0 650.0 -1.15593
4850.0 650.0 -0.39587
4950.0 650.0 0.24993
5050.0 650.0 0.85496
5150.0 650.0 1.33156
5250.0 650.0 1.41851
5350.0 650.0 1.01786
5450.0 650.0 0.31224
5550.0 650.0 -0.33609
5650.0 650.0 -0.70412
5750.0 650.0 -0.98544
5850.0 650.0 -1.18722
5950.0 650.0 -1.19527
6050.0 650.0 -0.97862
6150.0 650.0 -0.63392
6250.0 650.0 -0.33495
6350.0 650.0 -0.18702
50.0 750.0 -0.39923
150.0 750.0 -1.23533
250.0 750.0 -2.09976
350.0 750.0 -2.51204
450.0 750.0 -2.21928
550.0 750.0 -1.38833
650.0 750.0 -0.45393
750.0 750.0 0.36006
850.0 750.0 1.13734
950.0 750.0 1.65560
1050.0 750.0 1.67585
1150.0 750.0 1.21319
1250.0 750.0 0.56965
1350.0 750.0 0.13419
1450.0 750.0 -0.03878
1550.0 750.0 -0.26100
1650.0 750.0 -0.53415
1750.0 750.0 -0.71042
1850.0 750.0 -0.68376
1950.0 750.0 -0.46919
2050.0 750.0 -0.18093
2150.0 750.0 0.09048
2250.0 750.0 0.38658
2350.0 750.0 0.65358
2450.0 750.0 0.75566
2550.0 750.0 0.63306
2650.0 750.0 0.35907
2750.0 750.0 0.08867
2850.0 750.0 -0.10009
2950.0 750.0 -0.29276
3050.0 750.0 -0.46771
3150.0 750.0 -0.53592
3250.0 750.0 -0.45549
3350.0 750.0 -0.27219
3450.0 750.0 -0.08864
3550.0 750.0 0.03904
3650.0 750.0 0.29786
3750.0 750.0 0.78755
3850.0 750.0 1.24480
3950.0 750.0 1.38219
4050.0 750.0 1.10494
4150.0 750.0 0.54622
4250.0 750.0 -0.07944
4350.0 750.0 -0.80838
4450.0 750.0 -1.62456
4550.0 750.0 -2.13513
4650.0 750.0 -2.04191
4750.0 750.0 -1.40213
4850.0 750.0 -0.58225
4950.0 750.0 0.09525
5050.0 750.0 0.75575
5150.0 750.0 1.37485
5250.0 750.0 1.66995
5350.0 750.0 1.47793
5450.0 750.0 0.91797
5550.0 750.0 0.32285
5650.0 750.0 -0.06153
5750.0 750.0 -0.38623
5850.0 750.0 -0.67738
5950.0 750.0 -0.80729
6050.0 750.0 -0.70756
6150.0 750.0 -0.44142
6250.0 750.0 -0.17023
6350.0 750.0 -0.01394
50.0 850.0 0.27829
150.0 850.0 -0.56239
250.0 850.0 -1.43892
350.0 850.0 -1.87309
450.0 850.0 -1.60914
550.0 850.0 -0.80690
650.0 850.0 0.10557
750.0 850.0 0.90006
850.0 850.0 1.59521
950.0 850.0 1.92248
1050.0 850.0 1.67939
1150.0 850.0 0.95773
1250.0 850.0 0.13337
1350.0 850.0 -0.37326
1450.0 850.0 -0.55084
1550.0 850.0 -0.74137
1650.0 850.0 -0.92010
1750.0 850.0 -0.95392
1850.0 850.0 -0.77810
1950.0 850.0 -0.45256
2050.0 850.0 -0.11584
2150.0 850.0 0.16277
2250.0 850.0 0.49354
2350.0 850.0 0.85930
2450.0 850.0 1.10742
2550.0 850.0 1.13426
2650.0 850.0 0.96796
2750.0 850.0 0.74057
2850.0 850.0 0.54989
2950.0 850.0 0.31714
3050.0 850.0 0.02558
3150.0 850.0 -0.21900
3250.0 850.0 -0.32323
3350.0 850.0 -0.27766
3450.0 850.0 -0.15456
3550.0 850.0 -0.03084
3650.0 850.0 0.20552
3750.0 850.0 0.60689
3850.0 850.0 0.91969
3950.0 850.0 0.89893
4050.0 850.0 0.49911
4150.0 850.0 -0.11596
4250.0 850.0 -0.74479
4350.0 850.0 -1.45568
4450.0 850.0 -2.21615
4550.0 850.0 -2.63839
4650.0 850.0 -2.44883
4750.0 850.0 -1.73318
4850.0 850.0 -0.87566
4950.0 850.0 -0.19218
5050.0 850.0 0.49495
5150.0 850.0 1.22910
5250.0 850.0 1.72903
5350.0 850.0 1.78063
5450.0 850.0 1.43166
5550.0 850.0 0.95980
5650.0 850.0 0.61402
5750.0 850.0 0.30043
5850.0 850.0 -0.01908
5950.0 850.0 -0.22422
6050.0 850.0 -0.22764
6150.0 850.0 -0.05853
6250.0 850.0 0.15341
6350.0 850.0 0.29370
50.0 950.0 0.63606
150.0 950.0 -0.18886
250.0 950.0 -1.02806
350.0 950.0 -1.43815
450.0 950.0 -1.19208
550.0 950.0 -0.45345
650.0 950.0 0.36939
750.0 950.0 1.06777
850.0 950.0 1.62550
950.0 950.0 1.76099
1050.0 950.0 1.31596
1150.0 950.0 0.43378
1250.0 950.0 -0.48288
1350.0 950.0 -1.02284
1450.0 950.0 -1.20932
1550.0 950.0 -1.38982
1650.0 950.0 -1.51888
1750.0 950.0 -1.46553
1850.0 950.0 -1.18734
1950.0 950.0 -0.77534
2050.0 950.0 -0.39046
2150.0 950.0 -0.09208
2250.0 950.0 0.29012
2350.0 950.0 0.76960
2450.0 950.0 1.16365
2550.0 950.0 1.31844
2650.0 950.0 1.22324
2750.0 950.0 1.00164
2850.0 950.0 0.77949
2950.0 950.0 0.50814
3050.0 950.0 0.17994
3150.0 950.0 -0.08236
3250.0 950.0 -0.17667
3350.0 950.0 -0.10113
3450.0 950.0 0.05334
3550.0 950.0 0.19814
3650.0 950.0 0.40271
3750.0 950.0 0.64205
3850.0 950.0 0.68346
3950.0 950.0 0.36690
4050.0 950.0 -0.25622
4150.0 950.0 -0.96325
4250.0 950.0 -1.57977
4350.0 950.0 -2.24329
4450.0 950.0 -2.90430
4550.0 950.0 -3.18788
4650.0 950.0 -2.85823
4750.0 950.0 -2.03859
4850.0 950.0 -1.13138
4950.0 950.0 -0.43872
5050.0 950.0 0.25333
5150.0 950.0 1.01962
5250.0 950.0 1.61356
5350.0 950.0 1.82808
5450.0 950.0 1.67853
5550.0 950.0 1.38834
5650.0 950.0 1.17740
5750.0 950.0 0.98779
5850.0 950.0 0.77626
5950.0 950.0 0.61836
6050.0 950.0 0.57999
6150.0 950.0 0.65758
6250.0 950.0 0.78051
6350.0 950.0 0.87619
50.0 1050.0 0.53404
150.0 1050.0 -0.24831
250.0 1050.0 -0.98445
350.0 1050.0 -1.30400
450.0 1050.0 -1.04821
550.0 1050.0 -0.40094
650.0 1050.0 0.26156
750.0 1050.0 0.78042
850.0 1050.0 1.16102
950.0 1050.0 1.16136
1050.0 1050.0 0.66526
1150.0 1050.0 -0.18463
1250.0 1050.0 -1.03590
1350.0 1050.0 -1.54365
1450.0 1050.0 -1.74252
1550.0 1050.0 -1.94485
1650.0 1050.0 -2.09640
1750.0 1050.0 -2.05069
1850.0 1050.0 -1.75670
1950.0 1050.0 -1.31077
2050.0 1050.0 -0.88872
2150.0 1050.0 -0.55778
2250.0 1050.0 -0.11581
2350.0 1050.0 0.46263
2450.0 1050.0 0.95482
2550.0 1050.0 1.16355
2650.0 1050.0 1.06141
2750.0 1050.0 0.78798
2850.0 1050.0 0.50010
2950.0 1050.0 0.18777
3050.0 1050.0 -0.10191
3150.0 1050.0 -0.22743
3250.0 1050.0 -0.11917
3350.0 1050.0 0.15450
3450.0 1050.0 0.43390
3550.0 1050.0 0.62677
3650.0 1050.0 0.80975
3750.0 1050.0 0.87855
3850.0 1050.0 0.62631
3950.0 1050.0 -0.00869
4050.0 1050.0 -0.86485
4150.0 1050.0 -1.65434
4250.0 1050.0 -2.23510
4350.0 1050.0 -2.82868
4450.0 1050.0 -3.37978
4550.0 1050.0 -3.53230
4650.0 1050.0 -3.08503
4750.0 1050.0 -2.18708
4850.0 1050.0 -1.24536
4950.0 1050.0 -0.54427
5050.0 1050.0 0.11913
5150.0 1050.0 0.78509
5250.0 1050.0 1.28017
5350.0 1050.0 1.48785
5450.0 1050.0 1.45881
5550.0 1050.0 1.38033
5650.0 1050.0 1.40466
5750.0 1050.0 1.46198
5850.0 1050.0 1.50118
5950.0 1050.0 1.51177
6050.0 1050.0 1.49748
6150.0 1050.0 1.47594
6250.0 1050.0 1.46957
6350.0 1050.0 1.48762
50.0 1150.0 0.08124
150.0 1150.0 -0.64051
250.0 1150.0 -1.22886
350.0 1150.0 -1.40685
450.0 1150.0 -1.10827
550.0 1150.0 -0.55093
650.0 1150.0 -0.07588
750.0 1150.0 0.22685
850.0 1150.0 0.44009
950.0 1150.0 0.40670
1050.0 1150.0 0.03779
1150.0 1150.0 -0.58103
1250.0 1150.0 -1.21596
1350.0 1150.0 -1.63027
1450.0 1150.0 -1.84151
1550.0 1150.0 -2.09069
1650.0 1150.0 -2.32767
1750.0 1150.0 -2.37740
1850.0 1150.0 -2.15303
1950.0 1150.0 -1.73069
2050.0 1150.0 -1.29050
2150.0 1150.0 -0.92257
2250.0 1150.0 -0.43041
2350.0 1150.0 0.19920
2450.0 1150.0 0.70496
2550.0 1150.0 0.86774
2650.0 1150.0 0.67352
2750.0 1150.0 0.30013
2850.0 1150.0 -0.07136
2950.0 1150.0 -0.43101
3050.0 1150.0 -0.66503
3150.0 1150.0 -0.61010
3250.0 1150.0 -0.24016
3350.0 1150.0 0.28636
3450.0 1150.0 0.72326
3550.0 1150.0 0.97569
3650.0 1150.0 1.16862
3750.0 1150.0 1.15870
3850.0 1150.0 0.75748
3950.0 1150.0 -0.03643
4050.0 1150.0 -0.99686
4150.0 1150.0 -1.80031
4250.0 1150.0 -2.32627
4350.0 1150.0 -2.85236
4450.0 1150.0 -3.33851
4550.0 1150.0 -3.44642
4650.0 1150.0 -2.98476
4750.0 1150.0 -2.09483
4850.0 1150.0 -1.16293
4950.0 1150.0 -0.45938
5050.0 1150.0 0.14733
5150.0 1150.0 0.59853
5250.0 1150.0 0.81378
5350.0 1150.0 0.83098
5450.0 1150.0 0.79949
5550.0 1150.0 0.90119
5650.0 1150.0 1.19914
5750.0 1150.0 1.55757
5850.0 1150.0 1.90264
5950.0 1150.0 2.11895
6050.0 1150.0 2.13433
6150.0 1150.0 1.99222
6250.0 1150.0 1.82833
6350.0 1150.0 1.75176
50.0 1250.0 -0.42277
150.0 1250.0 -1.08437
250.0 1250.0 -1.52529
350.0 1250.0 -1.55384
450.0 1250.0 -1.19244
550.0 1250.0 -0.69608
650.0 1250.0 -0.37834
750.0 1250.0 -0.26278
850.0 1250.0 -0.16450
950.0 1250.0 -0.14285
1050.0 1250.0 -0.27829
1150.0 1250.0 -0.57138
1250.0 1250.0 -0.92898
1350.0 1250.0 -1.22660
1450.0 1250.0 -1.44681
1550.0 1250.0 -1.74741
1650.0 1250.0 -2.08902
1750.0 1250.0 -2.26665
1850.0 1250.0 -2.14904
1950.0 1250.0 -1.78086
2050.0 1250.0 -1.33881
2150.0 1250.0 -0.94004
2250.0 1250.0 -0.41933
2350.0 1250.0 0.20804
2450.0 1250.0 0.65395
2550.0 1250.0 0.70099
2650.0 1250.0 0.36969
2750.0 1250.0 -0.11597
2850.0 1250.0 -0.56314
2950.0 1250.0 -0.97680
3050.0 1250.0 -1.20371
3150.0 1250.0 -1.05627
3250.0 1250.0 -0.52767
3350.0 1250.0 0.16618
3450.0 1250.0 0.71604
3550.0 1250.0 1.01813
3650.0 1250.0 1.25584
3750.0 1250.0 1.30554
3850.0 1250.0 0.98183
3950.0 1250.0 0.27694
4050.0 1250.0 -0.59586
4150.0 1250.0 -1.32546
4250.0 1250.0 -1.79235
4350.0 1250.0 -2.27636
4450.0 1250.0 -2.77133
4550.0 1250.0 -2.94976
4650.0 1250.0 -2.59815
4750.0 1250.0 -1.81364
4850.0 1250.0 -0.93969
4950.0 1250.0 -0.24140
5050.0 1250.0 0.30147
5150.0 1250.0 0.50421
5250.0 1250.0 0.37025
5350.0 1250.0 0.10135
5450.0 1250.0 -0.03030
5550.0 1250.0 0.17782
5650.0 1250.0 0.70636
5750.0 1250.0 1.32345
5850.0 1250.0 1.91412
5950.0 1250.0 2.27135
6050.0 1250.0 2.26715
6150.0 1250.0 1.98142
6250.0 1250.0 1.65912
6350.0 1250.0 1.49585
50.0 1350.0 -0.63859
150.0 1350.0 -1.25931
250.0 1350.0 -1.59950
350.0 1350.0 -1.51993
450.0 1350.0 -1.10086
550.0 1350.0 -0.62515
650.0 1350.0 -0.39316
750.0 1350.0 -0.38510
850.0 1350.0 -0.33622
950.0 1350.0 -0.23594
1050.0 1350.0 -0.16842
1150.0 1350.0 -0.20421
1250.0 1350.0 -0.35220
1350.0 1350.0 -0.56281
1450.0 1350.0 -0.78707
1550.0 1350.0 -1.11984
1650.0 1350.0 -1.52886
1750.0 1350.0 -1.79065
1850.0 1350.0 -1.74525
1950.0 1350.0 -1.41598
2050.0 1350.0 -0.97599
2150.0 1350.0 -0.55981
2250.0 1350.0 -0.03192
2350.0 1350.0 0.56536
2450.0 1350.0 0.93263
2550.0 1350.0 0.86623
2650.0 1350.0 0.42075
2750.0 1350.0 -0.14529
2850.0 1350.0 -0.63826
2950.0 1350.0 -1.10903
3050.0 1350.0 -1.41670
3150.0 1350.0 -1.34888
3250.0 1350.0 -0.87151
3350.0 1350.0 -0.19039
3450.0 1350.0 0.37444
3550.0 1350.0 0.70003
3650.0 1350.0 1.00026
3750.0 1350.0 1.21465
3850.0 1350.0 1.14638
3950.0 1350.0 0.72405
4050.0 1350.0 0.08321
4150.0 1350.0 -0.51638
4250.0 1350.0 -0.93770
4350.0 1350.0 -1.41378
4450.0 1350.0 -1.97780
4550.0 1350.0 -2.30380
4650.0 1350.0 -2.13551
4750.0 1350.0 -1.50800
4850.0 1350.0 -0.71576
4950.0 1350.0 -0.02772
5050.0 1350.0 0.46991
5150.0 1350.0 0.49365
5250.0 1350.0 0.09704
5350.0 1350.0 -0.40649
5450.0 1350.0 -0.65253
5550.0 1350.0 -0.41200
5650.0 1350.0 0.24535
5750.0 1350.0 1.00383
5850.0 1350.0 1.69610
5950.0 1350.0 2.06215
6050.0 1350.0 1.96140
6150.0 1350.0 1.52093
6250.0 1350.0 1.06805
6350.0 1350.0 0.84709
50.0 1450.0 -0.42986
150.0 1450.0 -1.03500
250.0 1450.0 -1.33631
350.0 1450.0 -1.20992
450.0 1450.0 -0.75607
550.0 1450.0 -0.27049
650.0 1450.0 -0.05316
750.0 1450.0 -0.06975
850.0 1450.0 -0.02490
950.0 1450.0 0.11434
1050.0 1450.0 0.25919
1150.0 1450.0 0.31386
1250.0 1450.0 0.23651
1350.0 1450.0 0.05483
1450.0 1450.0 -0.16968
1550.0 1450.0 -0.50535
1650.0 1450.0 -0.91686
1750.0 1450.0 -1.17860
1850.0 1450.0 -1.12970
1950.0 1450.0 -0.79462
2050.0 1450.0 -0.34885
2150.0 1450.0 0.07177
2250.0 1450.0 0.59570
2350.0 1450.0 1.16860
2450.0 1450.0 1.49095
2550.0 1450.0 1.37005
2650.0 1450.0 0.87687
2750.0 1450.0 0.28277
2850.0 1450.0 -0.22256
2950.0 1450.0 -0.74923
3050.0 1450.0 -1.21575
3150.0 1450.0 -1.38629
3250.0 1450.0 -1.15705
3350.0 1450.0 -0.65988
3450.0 1450.0 -0.17486
3550.0 1450.0 0.14733
3650.0 1450.0 0.50583
3750.0 1450.0 0.91405
3850.0 1450.0 1.15677
3950.0 1450.0 1.07619
4050.0 1450.0 0.70582
4150.0 1450.0 0.24072
4250.0 1450.0 -0.15642
4350.0 1450.0 -0.64970
4450.0 1450.0 -1.30386
4550.0 1450.0 -1.78788
4650.0 1450.0 -1.80082
4750.0 1450.0 -1.32103
4850.0 1450.0 -0.60358
4950.0 1450.0 0.07371
5050.0 1450.0 0.55659
5150.0 1450.0 0.52075
5250.0 1450.0 0.03225
5350.0 1450.0 -0.56089
5450.0 1450.0 -0.86208
5550.0 1450.0 -0.62865
5650.0 1450.0 0.05651
5750.0 1450.0 0.83426
5850.0 1450.0 1.48469
5950.0 1450.0 1.73563
6050.0 1450.0 1.47531
6150.0 1450.0 0.88372
6250.0 1450.0 0.33800
6350.0 1450.0 0.09160
50.0 1550.0 -0.06893
150.0 1550.0 -0.64446
250.0 1550.0 -0.90637
350.0 1550.0 -0.74111
450.0 1550.0 -0.25921
550.0 1550.0 0.23970
650.0 1550.0 0.45944
750.0 1550.0 0.44162
850.0 1550.0 0.48226
950.0 1550.0 0.61308
1050.0 1550.0 0.74780
1150.0 1550.0 0.79416
1250.0 1550.0 0.71276
1350.0 1550.0 0.53145
1450.0 1550.0 0.30981
1550.0 1550.0 -0.01402
1650.0 1550.0 -0.39603
1750.0 1550.0 -0.61435
1850.0 1550.0 -0.51955
1950.0 1550.0 -0.14886
2050.0 1550.0 0.31497
2150.0 1550.0 0.74155
2250.0 1550.0 1.26633
2350.0 1550.0 1.83213
2450.0 1550.0 2.14224
2550.0 1550.0 2.00977
2650.0 1550.0 1.51104
2750.0 1550.0 0.91952
2850.0 1550.0 0.42104
2950.0 1550.0 -0.15308
3050.0 1550.0 -0.79773
3150.0 1550.0 -1.25799
3250.0 1550.0 -1.34776
3350.0 1550.0 -1.10121
3450.0 1550.0 -0.73672
3550.0 1550.0 -0.43309
3650.0 1550.0 -0.02970
3750.0 1550.0 0.55575
3850.0 1550.0 1.09240
3950.0 1550.0 1.33957
4050.0 1550.0 1.23039
4150.0 1550.0 0.89425
4250.0 1550.0 0.51721
4350.0 1550.0 0.00826
4450.0 1550.0 -0.72179
4550.0 1550.0 -1.34390
4650.0 1550.0 -1.52411
4750.0 1550.0 -1.19198
4850.0 1550.0 -0.56346
4950.0 1550.0 0.08129
5050.0 1550.0 0.54063
5150.0 1550.0 0.47789
5250.0 1550.0 -0.03799
5350.0 1550.0 -0.65512
5450.0 1550.0 -0.97510
5550.0 1550.0 -0.75635
5650.0 1550.0 -0.08443
5750.0 1550.0 0.66675
5850.0 1550.0 1.24168
5950.0 1550.0 1.36971
6050.0 1550.0 0.96989
6150.0 1550.0 0.26142
6250.0 1550.0 -0.35111
6350.0 1550.0 -0.61759
50.0 1650.0 0.26987
150.0 1650.0 -0.15449
250.0 1650.0 -0.27160
350.0 1650.0 -0.01329
450.0 1650.0 0.49086
550.0 1650.0 0.96432
650.0 1650.0 1.15741
750.0 1650.0 1.12824
850.0 1650.0 1.11552
950.0 1650.0 1.12137
1050.0 1650.0 1.08882
1150.0 1650.0 0.97877
1250.0 1650.0 0.79832
1350.0 1650.0 0.59094
1450.0 1650.0 0.38489
1550.0 1650.0 0.09224
1650.0 1650.0 -0.23018
1750.0 1650.0 -0.36263
1850.0 1650.0 -0.17198
1950.0 1650.0 0.28245
2050.0 1650.0 0.80248
2150.0 1650.0 1.26440
2250.0 1650.0 1.82202
2350.0 1650.0 2.42390
2450.0 1650.0 2.77971
2550.0 1650.0 2.70435
2650.0 1650.0 2.26919
2750.0 1650.0 1.73926
2850.0 1650.0 1.29622
2950.0 1650.0 0.72658
3050.0 1650.0 -0.04947
3150.0 1650.0 -0.78295
3250.0 1650.0 -1.21709
3350.0 1650.0 -1.27530
3450.0 1650.0 -1.08532
3550.0 1650.0 -0.83806
3650.0 1650.0 -0.44282
3750.0 1650.0 0.22959
3850.0 1650.0 0.95530
3950.0 1650.0 1.44501
4050.0 1650.0 1.55354
4150.0 1650.0 1.34398
4250.0 1650.0 1.00587
4350.0 1650.0 0.52799
4450.0 1650.0 -0.18257
4550.0 1650.0 -0.84855
4650.0 1650.0 -1.16220
4750.0 1650.0 -1.02706
4850.0 1650.0 -0.59658
4950.0 1650.0 -0.10988
5050.0 1650.0 0.21495
5150.0 1650.0 0.06920
5250.0 1650.0 -0.46316
5350.0 1650.0 -1.05048
5450.0 1650.0 -1.34026
5550.0 1650.0 -1.13855
5650.0 1650.0 -0.54162
5750.0 1650.0 0.13296
5850.0 1650.0 0.67916
5950.0 1650.0 0.83411
6050.0 1650.0 0.49310
6150.0 1650.0 -0.16562
6250.0 1650.0 -0.77458
6350.0 1650.0 -1.08917
50.0 1750.0 0.49206
150.0 1750.0 0.34601
250.0 1750.0 0.45886
350.0 1750.0 0.81998
450.0 1750.0 1.28647
550.0 1750.0 1.65222
650.0 1750.0 1.77087
750.0 1750.0 1.71883
850.0 1750.0 1.61722
950.0 1750.0 1.42104
1050.0 1750.0 1.12316
1150.0 1750.0 0.77021
1250.0 1750.0 0.44140
1350.0 1750.0 0.20155
1450.0 1750.0 0.02706
1550.0 1750.0 -0.22434
1650.0 1750.0 -0.48792
1750.0 1750.0 -0.53821
1850.0 1750.0 -0.24842
1950.0 1750.0 0.30583
2050.0 1750.0 0.90979
2150.0 1750.0 1.43982
2250.0 1750.0 2.05736
2350.0 1750.0 2.71418
2450.0 1750.0 3.13516
2550.0 1750.0 3.14632
2650.0 1750.0 2.81744
2750.0 1750.0 2.40131
2850.0 1750.0 2.06929
2950.0 1750.0 1.58803
3050.0 1750.0 0.81162
3150.0 1750.0 -0.05570
3250.0 1750.0 -0.73471
3350.0 1750.0 -1.06198
3450.0 1750.0 -1.06399
3550.0 1750.0 -0.91227
3650.0 1750.0 -0.59890
3750.0 1750.0 0.01316
3850.0 1750.0 0.73766
3950.0 1750.0 1.29608
4050.0 1750.0 1.51325
4150.0 1750.0 1.39946
4250.0 1750.0 1.11869
4350.0 1750.0 0.73578
4450.0 1750.0 0.19213
4550.0 1750.0 -0.34767
4650.0 1750.0 -0.68804
4750.0 1750.0 -0.75363
4850.0 1750.0 -0.62165
4950.0 1750.0 -0.43560
5050.0 1750.0 -0.37089
5150.0 1750.0 -0.64801
5250.0 1750.0 -1.15443
5350.0 1750.0 -1.61505
5450.0 1750.0 -1.78950
5550.0 1750.0 -1.59298
5650.0 1750.0 -1.14064
5750.0 1750.0 -0.60322
5850.0 1750.0 -0.04121
5950.0 1750.0 0.29772
6050.0 1750.0 0.22615
6150.0 1750.0 -0.20585
6250.0 1750.0 -0.73863
6350.0 1750.0 -1.13594
50.0 1850.0 0.53726
150.0 1850.0 0.71266
250.0 1850.0 1.04739
350.0 1850.0 1.44540
450.0 1850.0 1.77446
550.0 1850.0 1.94308
650.0 1850.0 1.94537
750.0 1850.0 1.86525
850.0 1850.0 1.68611
950.0 1850.0 1.32778
1050.0 1850.0 0.82879
1150.0 1850.0 0.30423
1250.0 1850.0 -0.11601
1350.0 1850.0 -0.35927
1450.0 1850.0 -0.49284
1550.0 1850.0 -0.71453
1650.0 1850.0 -0.96698
1750.0 1850.0 -1.00723
1850.0 1850.0 -0.68920
1950.0 1850.0 -0.08021
2050.0 1850.0 0.59925
2150.0 1850.0 1.21148
2250.0 1850.0 1.88874
2350.0 1850.0 2.56817
2450.0 1850.0 3.00034
2550.0 1850.0 3.04559
2650.0 1850.0 2.79396
2750.0 1850.0 2.49543
2850.0 1850.0 2.30033
2950.0 1850.0 1.97958
3050.0 1850.0 1.36851
3150.0 1850.0 0.59469
3250.0 1850.0 -0.10968
3350.0 1850.0 -0.55784
3450.0 1850.0 -0.70037
3550.0 1850.0 -0.65697
3650.0 1850.0 -0.47747
3750.0 1850.0 -0.05389
3850.0 1850.0 0.48587
3950.0 1850.0 0.92893
4050.0 1850.0 1.12386
4150.0 1850.0 1.05357
4250.0 1850.0 0.83447
4350.0 1850.0 0.59040
4450.0 1850.0 0.33405
4550.0 1850.0 0.08378
4650.0 1850.0 -0.14179
4750.0 1850.0 -0.33879
4850.0 1850.0 -0.51930
4950.0 1850.0 -0.69909
5050.0 1850.0 -0.95125
5150.0 1850.0 -1.36081
5250.0 1850.0 -1.78092
5350.0 1850.0 -2.02190
5450.0 1850.0 -2.00197
5550.0 1850.0 -1.78552
5650.0 1850.0 -1.50892
5750.0 1850.0 -1.14146
5850.0 1850.0 -0.55500
5950.0 1850.0 0.02168
6050.0 1850.0 0.29581
6150.0 1850.0 0.15468
6250.0 1850.0 -0.27866
6350.0 1850.0 -0.77822
50.0 1950.0 0.44360
150.0 1950.0 0.87827
250.0 1950.0 1.34050
350.0 1950.0 1.67197
450.0 1950.0 1.77965
550.0 1950.0 1.70373
650.0 1950.0 1.57644
750.0 1950.0 1.47201
850.0 1950.0 1.26610
950.0 1950.0 0.87742
1050.0 1950.0 0.36429
1150.0 1950.0 -0.14612
1250.0 1950.0 -0.52871
1350.0 1950.0 -0.72770
1450.0 1950.0 -0.82254
1550.0 1950.0 -1.04075
1650.0 1950.0 -1.34935
1750.0 1950.0 -1.47873
1850.0 1950.0 -1.23677
1950.0 1950.0 -0.65290
2050.0 1950.0 0.06301
2150.0 1950.0 0.74569
2250.0 1950.0 1.45604
2350.0 1950.0 2.09361
2450.0 1950.0 2.44113
2550.0 1950.0 2.41710
2650.0 1950.0 2.15980
2750.0 1950.0 1.93344
2850.0 1950.0 1.85815
2950.0 1950.0 1.71907
3050.0 1950.0 1.38201
3150.0 1950.0 0.89015
3250.0 1950.0 0.37647
3350.0 1950.0 -0.01611
3450.0 1950.0 -0.20880
3550.0 1950.0 -0.25383
3650.0 1950.0 -0.21057
3750.0 1950.0 -0.01478
3850.0 1950.0 0.26378
3950.0 1950.0 0.49823
4050.0 1950.0 0.59048
4150.0 1950.0 0.51917
4250.0 1950.0 0.35001
4350.0 1950.0 0.24511
4450.0 1950.0 0.30425
4550.0 1950.0 0.41087
4650.0 1950.0 0.39796
4750.0 1950.0 0.17202
4850.0 1950.0 -0.24318
4950.0 1950.0 -0.74297
5050.0 1950.0 -1.27068
5150.0 1950.0 -1.76715
5250.0 1950.0 -2.05620
5350.0 1950.0 -2.03930
5450.0 1950.0 -1.79514
5550.0 1950.0 -1.53448
5650.0 1950.0 -1.41031
5750.0 1950.0 -1.20065
5850.0 1950.0 -0.62080
5950.0 1950.0 0.11751
6050.0 1950.0 0.64113
6150.0 1950.0 0.71012
6250.0 1950.0 0.33870
6350.0 1950.0 -0.25730
50.0 2050.0 0.33253
150.0 2050.0 0.89257
250.0 2050.0 1.35486
350.0 2050.0 1.53888
450.0 2050.0 1.40722
550.0 2050.0 1.11064
650.0 2050.0 0.87793
750.0 2050.0 0.75997
850.0 2050.0 0.58861
950.0 2050.0 0.31810
1050.0 2050.0 -0.00638
1150.0 2050.0 -0.30887
1250.0 2050.0 -0.52676
1350.0 2050.0 -0.64284
1450.0 2050.0 -0.71175
1550.0 2050.0 -0.95233
1650.0 2050.0 -1.36469
1750.0 2050.0 -1.65160
1850.0 2050.0 -1.56270
1950.0 2050.0 -1.07241
2050.0 2050.0 -0.36749
2150.0 2050.0 0.35417
2250.0 2050.0 1.05950
2350.0 2050.0 1.59584
2450.0 2050.0 1.77639
2550.0 2050.0 1.58840
2650.0 2050.0 1.23605
2750.0 2050.0 1.01266
2850.0 2050.0 1.00583
2950.0 2050.0 1.00461
3050.0 2050.0 0.92721
3150.0 2050.0 0.75422
3250.0 2050.0 0.51594
3350.0 2050.0 0.28017
3450.0 2050.0 0.11429
3550.0 2050.0 0.02259
3650.0 2050.0 -0.02025
3750.0 2050.0 0.02318
3850.0 2050.0 0.11957
3950.0 2050.0 0.20088
4050.0 2050.0 0.20953
4150.0 2050.0 0.12700
4250.0 2050.0 -0.01357
4350.0 2050.0 -0.02397
4450.0 2050.0 0.26718
4550.0 2050.0 0.65935
4650.0 2050.0 0.85415
4750.0 2050.0 0.67523
4850.0 2050.0 0.15167
4950.0 2050.0 -0.53506
5050.0 2050.0 -1.22044
5150.0 2050.0 -1.73724
5250.0 2050.0 -1.89299
5350.0 2050.0 -1.65895
5450.0 2050.0 -1.22908
5550.0 2050.0 -0.91512
5650.0 2050.0 -0.87776
5750.0 2050.0 -0.77465
5850.0 2050.0 -0.25494
5950.0 2050.0 0.48008
6050.0 2050.0 1.03626
6150.0 2050.0 1.13313
6250.0 2050.0 0.74574
6350.0 2050.0 0.08181
50.0 2150.0 0.31335
150.0 2150.0 0.86856
250.0 2150.0 1.23627
350.0 2150.0 1.24898
450.0 2150.0 0.92342
550.0 2150.0 0.47811
650.0 2150.0 0.18381
750.0 2150.0 0.06385
850.0 2150.0 -0.03187
950.0 2150.0 -0.09208
1050.0 2150.0 -0.10792
1150.0 2150.0 -0.09375
1250.0 2150.0 -0.08169
1350.0 2150.0 -0.10204
1450.0 2150.0 -0.16058
1550.0 2150.0 -0.43684
1650.0 2150.0 -0.96170
1750.0 2150.0 -1.41653
1850.0 2150.0 -1.49851
1950.0 2150.0 -1.12837
2050.0 2150.0 -0.46644
2150.0 2150.0 0.26126
2250.0 2150.0 0.93194
2350.0 2150.0 1.33996
2450.0 2150.0 1.32147
2550.0 2150.0 0.92688
2650.0 2150.0 0.42702
2750.0 2150.0 0.15034
2850.0 2150.0 0.15646
2950.0 2150.0 0.21593
3050.0 2150.0 0.28824
3150.0 2150.0 0.32742
3250.0 2150.0 0.29984
3350.0 2150.0 0.21156
3450.0 2150.0 0.10189
3550.0 2150.0 0.00374
3650.0 2150.0 -0.05508
3750.0 2150.0 -0.02878
3850.0 2150.0 0.05649
3950.0 2150.0 0.13765
4050.0 2150.0 0.15560
4150.0 2150.0 0.08504
4250.0 2150.0 -0.04617
4350.0 2150.0 -0.02310
4450.0 2150.0 0.36319
4550.0 2150.0 0.88786
4650.0 2150.0 1.20216
4750.0 2150.0 1.08824
4850.0 2150.0 0.56324
4950.0 2150.0 -0.16772
5050.0 2150.0 -0.88496
5150.0 2150.0 -1.36947
5250.0 2150.0 -1.42618
5350.0 2150.0 -1.06218
5450.0 2150.0 -0.52375
5550.0 2150.0 -0.16441
5650.0 2150.0 -0.14408
5750.0 2150.0 -0.08794
5850.0 2150.0 0.32469
5950.0 2150.0 0.89566
6050.0 2150.0 1.26965
6150.0 2150.0 1.21396
6250.0 2150.0 0.73594
6350.0 2150.0 0.03796
50.0 2250.0 0.29993
150.0 2250.0 0.80677
250.0 2250.0 1.06593
350.0 2250.0 0.93121
450.0 2250.0 0.46192
550.0 2250.0 -0.08296
650.0 2250.0 -0.41637
750.0 2250.0 -0.53769
850.0 2250.0 -0.55333
950.0 2250.0 -0.39011
1050.0 2250.0 -0.07868
1150.0 2250.0 0.27007
1250.0 2250.0 0.52346
1350.0 2250.0 0.60144
1450.0 2250.0 0.55082
1550.0 2250.0 0.23847
1650.0 2250.0 -0.39829
1750.0 2250.0 -1.02500
1850.0 2250.0 -1.28995
1950.0 2250.0 -1.05886
2050.0 2250.0 -0.46075
2150.0 2250.0 0.25370
2250.0 2250.0 0.87614
2350.0 2250.0 1.15300
2450.0 2250.0 0.93974
2550.0 2250.0 0.34218
2650.0 2250.0 -0.30952
2750.0 2250.0 -0.65482
2850.0 2250.0 -0.65830
2950.0 2250.0 -0.56795
3050.0 2250.0 -0.38534
3150.0 2250.0 -0.17207
3250.0 2250.0 -0.01415
3350.0 2250.0 0.03657
3450.0 2250.0 -0.01396
3550.0 2250.0 -0.11263
3650.0 2250.0 -0.17157
3750.0 2250.0 -0.12206
3850.0 2250.0 0.01133
3950.0 2250.0 0.15354
4050.0 2250.0 0.22630
4150.0 2250.0 0.18816
4250.0 2250.0 0.06794
4350.0 2250.0 0.10233
4450.0 2250.0 0.51282
4550.0 2250.0 1.07667
4650.0 2250.0 1.43911
4750.0 2250.0 1.37133
4850.0 2250.0 0.88030
4950.0 2250.0 0.17031
5050.0 2250.0 -0.51723
5150.0 2250.0 -0.93794
5250.0 2250.0 -0.90322
5350.0 2250.0 -0.44451
5450.0 2250.0 0.16650
5550.0 2250.0 0.56268
5650.0 2250.0 0.59146
5750.0 2250.0 0.62300
5850.0 2250.0 0.90971
5950.0 2250.0 1.25578
6050.0 2250.0 1.36931
6150.0 2250.0 1.09900
6250.0 2250.0 0.50988
6350.0 2250.0 -0.20193
50.0 2350.0 0.03481
150.0 2350.0 0.48095
250.0 2350.0 0.69965
350.0 2350.0 0.55162
450.0 2350.0 0.08885
550.0 2350.0 -0.44886
650.0 2350.0 -0.79319
750.0 2350.0 -0.93800
850.0 2350.0 -0.91672
950.0 2350.0 -0.59558
1050.0 2350.0 -0.02326
1150.0 2350.0 0.61569
1250.0 2350.0 1.09781
1350.0 2350.0 1.28630
1450.0 2350.0 1.26459
1550.0 2350.0 0.93611
1650.0 2350.0 0.18896
1750.0 2350.0 -0.64581
1850.0 2350.0 -1.16792
1950.0 2350.0 -1.16598
2050.0 2350.0 -0.70734
2150.0 2350.0 -0.05987
2250.0 2350.0 0.48186
2350.0 2350.0 0.64005
2450.0 2350.0 0.28732
2550.0 2350.0 -0.44054
2650.0 2350.0 -1.18925
2750.0 2350.0 -1.59197
2850.0 2350.0 -1.62857
2950.0 2350.0 -1.50331
3050.0 2350.0 -1.13792
3150.0 2350.0 -0.63009
3250.0 2350.0 -0.16736
3350.0 2350.0 0.09302
3450.0 2350.0 0.10212
3550.0 2350.0 -0.04496
3650.0 2350.0 -0.17609
3750.0 2350.0 -0.20398
3850.0 2350.0 -0.11534
3950.0 2350.0 0.04054
4050.0 2350.0 0.17670
4150.0 2350.0 0.21518
4250.0 2350.0 0.15618
4350.0 2350.0 0.21001
4450.0 2350.0 0.54655
4550.0 2350.0 0.97876
4650.0 2350.0 1.22757
4750.0 2350.0 1.12731
4850.0 2350.0 0.70420
4950.0 2350.0 0.12764
5050.0 2350.0 -0.40747
5150.0 2350.0 -0.66491
5250.0 2350.0 -0.49257
5350.0 2350.0 0.04760
5450.0 2350.0 0.68627
5550.0 2350.0 1.08946
5650.0 2350.0 1.13710
5750.0 2350.0 1.15652
5850.0 2350.0 1.30261
5950.0 2350.0 1.39363
6050.0 2350.0 1.22581
6150.0 2350.0 0.74795
6250.0 2350.0 0.08593
6350.0 2350.0 -0.58256
50.0 2450.0 -0.41434
150.0 2450.0 -0.04557
250.0 2450.0 0.21314
350.0 2450.0 0.21233
450.0 2450.0 -0.06350
550.0 2450.0 -0.46588
650.0 2450.0 -0.78778
750.0 2450.0 -0.98475
850.0 2450.0 -1.00384
950.0 2450.0 -0.67007
1050.0 2450.0 -0.01180
1150.0 2450.0 0.76868
1250.0 2450.0 1.39717
1350.0 2450.0 1.68481
1450.0 2450.0 1.71727
1550.0 2450.0 1.42235
1650.0 2450.0 0.63806
1750.0 2450.0 -0.34361
1850.0 2450.0 -1.10543
1950.0 2450.0 -1.36434
2050.0 2450.0 -1.10545
2150.0 2450.0 -0.58856
2250.0 2450.0 -0.15595
2350.0 2450.0 -0.06481
2450.0 2450.0 -0.43335
2550.0 2450.0 -1.14332
2650.0 2450.0 -1.87756
2750.0 2450.0 -2.30463
2850.0 2450.0 -2.40192
2950.0 2450.0 -2.25797
3050.0 2450.0 -1.69010
3150.0 2450.0 -0.84866
3250.0 2450.0 -0.05189
3350.0 2450.0 0.41471
3450.0 2450.0 0.44204
3550.0 2450.0 0.18243
3650.0 2450.0 -0.10847
3750.0 2450.0 -0.33199
3850.0 2450.0 -0.39265
3950.0 2450.0 -0.27011
4050.0 2450.0 -0.05066
4150.0 2450.0 0.12373
4250.0 2450.0 0.18885
4350.0 2450.0 0.27673
4450.0 2450.0 0.43493
4550.0 2450.0 0.55245
4650.0 2450.0 0.51903
4750.0 2450.0 0.31432
4850.0 2450.0 0.01379
4950.0 2450.0 -0.28832
5050.0 2450.0 -0.52745
5150.0 2450.0 -0.53388
5250.0 2450.0 -0.22763
5350.0 2450.0 0.30789
5450.0 2450.0 0.86142
5550.0 2450.0 1.20477
5650.0 2450.0 1.27896
5750.0 2450.0 1.31068
5850.0 2450.0 1.34065
5950.0 2450.0 1.21552
6050.0 2450.0 0.82959
6150.0 2450.0 0.22761
6250.0 2450.0 -0.41953
6350.0 2450.0 -0.96625
50.0 2550.0 -0.79013
150.0 2550.0 -0.50969
250.0 2550.0 -0.17368
350.0 2550.0 0.05020
450.0 2550.0 0.04941
550.0 2550.0 -0.15493
650.0 2550.0 -0.43867
750.0 2550.0 -0.70465
850.0 2550.0 -0.83670
950.0 2550.0 -0.65253
1050.0 2550.0 -0.12422
1150.0 2550.0 0.59431
1250.0 2550.0 1.23668
1350.0 2550.0 1.58223
1450.0 2550.0 1.68119
1550.0 2550.0 1.47935
1650.0 2550.0 0.79187
1750.0 2550.0 -0.16304
1850.0 2550.0 -1.00951
1950.0 2550.0 -1.43954
2050.0 2550.0 -1.36780
2150.0 2550.0 -1.01127
2250.0 2550.0 -0.68715
2350.0 2550.0 -0.58759
2450.0 2550.0 -0.83295
2550.0 2550.0 -1.36916
2650.0 2550.0 -1.97193
2750.0 2550.0 -2.38035
2850.0 2550.0 -2.55104
2950.0 2550.0 -2.42550
3050.0 2550.0 -1.73862
3150.0 2550.0 -0.69035
3250.0 2550.0 0.29740
3350.0 2550.0 0.84690
3450.0 2550.0 0.81455
3550.0 2550.0 0.40216
3650.0 2550.0 -0.09236
3750.0 2550.0 -0.56504
3850.0 2550.0 -0.81562
3950.0 2550.0 -0.73510
4050.0 2550.0 -0.40908
4150.0 2550.0 -0.06125
4250.0 2550.0 0.16217
4350.0 2550.0 0.29764
4450.0 2550.0 0.24475
4550.0 2550.0 -0.01182
4650.0 2550.0 -0.37468
4750.0 2550.0 -0.68820
4850.0 2550.0 -0.82021
4950.0 2550.0 -0.77059
5050.0 2550.0 -0.64877
5150.0 2550.0 -0.40492
5250.0 2550.0 -0.04813
5350.0 2550.0 0.34403
5450.0 2550.0 0.67629
5550.0 2550.0 0.88454
5650.0 2550.0 0.98259
5750.0 2550.0 1.05163
5850.0 2550.0 1.03521
5950.0 2550.0 0.81569
6050.0 2550.0 0.36329
6150.0 2550.0 -0.21954
6250.0 2550.0 -0.75169
6350.0 2550.0 -1.12481
50.0 2650.0 -0.88054
150.0 2650.0 -0.68783
250.0 2650.0 -0.29978
350.0 2650.0 0.10298
450.0 2650.0 0.32716
550.0 2650.0 0.28547
650.0 2650.0 0.02981
750.0 2650.0 -0.30125
850.0 2650.0 -0.57484
950.0 2650.0 -0.63101
1050.0 2650.0 -0.37149
1150.0 2650.0 0.13849
1250.0 2650.0 0.68510
1350.0 2650.0 1.04046
1450.0 2650.0 1.19891
1550.0 2650.0 1.12697
1650.0 2650.0 0.65693
1750.0 2650.0 -0.08175
1850.0 2650.0 -0.80735
1950.0 2650.0 -1.24865
2050.0 2650.0 -1.28698
2150.0 2650.0 -1.07136
2250.0 2650.0 -0.82699
2350.0 2650.0 -0.66117
2450.0 2650.0 -0.70486
2550.0 2650.0 -0.98850
2650.0 2650.0 -1.40094
2750.0 2650.0 -1.76138
2850.0 2650.0 -1.99666
2950.0 2650.0 -1.92696
3050.0 2650.0 -1.26017
3150.0 2650.0 -0.22529
3250.0 2650.0 0.71949
3350.0 2650.0 1.17819
3450.0 2650.0 1.01482
3550.0 2650.0 0.45464
3650.0 2650.0 -0.22077
3750.0 2650.0 -0.90375
3850.0 2650.0 -1.30027
3950.0 2650.0 -1.22826
4050.0 2650.0 -0.78174
4150.0 2650.0 -0.26457
4250.0 2650.0 0.10465
4350.0 2650.0 0.29290
4450.0 2650.0 0.08399
4550.0 2650.0 -0.45282
4650.0 2650.0 -1.04792
4750.0 2650.0 -1.40603
4850.0 2650.0 -1.35707
4950.0 2650.0 -0.98281
5050.0 2650.0 -0.54723
5150.0 2650.0 -0.14000
5250.0 2650.0 0.15129
5350.0 2650.0 0.28520
5450.0 2650.0 0.31115
5550.0 2650.0 0.34166
5650.0 2650.0 0.45220
5750.0 2650.0 0.57057
5850.0 2650.0 0.58390
5950.0 2650.0 0.40674
6050.0 2650.0 0.04371
6150.0 2650.0 -0.39600
6250.0 2650.0 -0.75529
6350.0 2650.0 -0.95717
50.0 2750.0 -0.63763
150.0 2750.0 -0.52059
250.0 2750.0 -0.15488
350.0 2750.0 0.28163
450.0 2750.0 0.56872
550.0 2750.0 0.57466
650.0 2750.0 0.31654
750.0 2750.0 -0.05674
850.0 2750.0 -0.43831
950.0 2750.0 -0.69824
1050.0 2750.0 -0.68468
1150.0 2750.0 -0.38436
1250.0 2750.0 0.04552
1350.0 2750.0 0.38410
1450.0 2750.0 0.57936
1550.0 2750.0 0.62897
1650.0 2750.0 0.41163
1750.0 2750.0 -0.01780
1850.0 2750.0 -0.48740
1950.0 2750.0 -0.80321
2050.0 2750.0 -0.85418
2150.0 2750.0 -0.72104
2250.0 2750.0 -0.51597
2350.0 2750.0 -0.27852
2450.0 2750.0 -0.15075
2550.0 2750.0 -0.22896
2650.0 2750.0 -0.48684
2750.0 2750.0 -0.80140
2850.0 2750.0 -1.07571
2950.0 2750.0 -1.07730
3050.0 2750.0 -0.54412
3150.0 2750.0 0.29219
3250.0 2750.0 1.00585
3350.0 2750.0 1.25163
3450.0 2750.0 0.93507
3550.0 2750.0 0.27550
3650.0 2750.0 -0.50323
3750.0 2750.0 -1.28597
3850.0 2750.0 -1.72379
3950.0 2750.0 -1.60338
4050.0 2750.0 -1.04027
4150.0 2750.0 -0.39817
4250.0 2750.0 0.06389
4350.0 2750.0 0.29841
4450.0 2750.0 0.04599
4550.0 2750.0 -0.57575
4650.0 2750.0 -1.21551
4750.0 2750.0 -1.52186
4850.0 2750.0 -1.32123
4950.0 2750.0 -0.74035
5050.0 2750.0 -0.12523
5150.0 2750.0 0.32171
5250.0 2750.0 0.46691
5350.0 2750.0 0.32042
5450.0 2750.0 0.05797
5550.0 2750.0 -0.07305
5650.0 2750.0 0.03643
5750.0 2750.0 0.19570
5850.0 2750.0 0.27622
5950.0 2750.0 0.21226
6050.0 2750.0 0.00606
6150.0 2750.0 -0.26001
6250.0 2750.0 -0.46632
6350.0 2750.0 -0.55355
50.0 2850.0 -0.17962
150.0 2850.0 -0.12204
250.0 2850.0 0.14016
350.0 2850.0 0.44918
450.0 2850.0 0.61810
550.0 2850.0 0.54305
650.0 2850.0 0.24889
750.0 2850.0 -0.13835
850.0 2850.0 -0.55681
950.0 2850.0 -0.89170
1050.0 2850.0 -0.97284
1150.0 2850.0 -0.75732
1250.0 2850.0 -0.37872
1350.0 2850.0 -0.05217
1450.0 2850.0 0.15456
1550.0 2850.0 0.28243
1650.0 2850.0 0.26253
1750.0 2850.0 0.10777
1850.0 2850.0 -0.09607
1950.0 2850.0 -0.23497
2050.0 2850.0 -0.23024
2150.0 2850.0 -0.11551
2250.0 2850.0 0.08148
2350.0 2850.0 0.34811
2450.0 2850.0 0.53788
2550.0 2850.0 0.53192
2650.0 2850.0 0.32836
2750.0 2850.0 0.03148
2850.0 2850.0 -0.25401
2950.0 2850.0 -0.31607
3050.0 2850.0 0.04640
3150.0 2850.0 0.61778
3250.0 2850.0 1.04168
3350.0 2850.0 1.05532
3450.0 2850.0 0.61636
3550.0 2850.0 -0.07988
3650.0 2850.0 -0.87423
3750.0 2850.0 -1.63729
3850.0 2850.0 -2.00955
3950.0 2850.0 -1.79089
4050.0 2850.0 -1.12864
4150.0 2850.0 -0.41950
4250.0 2850.0 0.07289
4350.0 2850.0 0.34023
4450.0 2850.0 0.15245
4550.0 2850.0 -0.36490
4650.0 2850.0 -0.87359
4750.0 2850.0 -1.05019
4850.0 2850.0 -0.74918
4950.0 2850.0 -0.10165
5050.0 2850.0 0.54798
5150.0 2850.0 0.93845
5250.0 2850.0 0.92610
5350.0 2850.0 0.56763
5450.0 2850.0 0.11491
5550.0 2850.0 -0.11849
5650.0 2850.0 -0.01899
5750.0 2850.0 0.15910
5850.0 2850.0 0.29300
5950.0 2850.0 0.32233
6050.0 2850.0 0.23201
6150.0 2850.0 0.07491
6250.0 2850.0 -0.05585
6350.0 2850.0 -0.10465
50.0 2950.0 0.35655
150.0 2950.0 0.36377
250.0 2950.0 0.48356
350.0 2950.0 0.58697
450.0 2950.0 0.55032
550.0 2950.0 0.33312
650.0 2950.0 -0.01135
750.0 2950.0 -0.39611
850.0 2950.0 -0.80937
950.0 2950.0 -1.14227
1050.0 2950.0 -1.22821
1150.0 2950.0 -1.02445
1250.0 2950.0 -0.66055
1350.0 2950.0 -0.34624
1450.0 2950.0 -0.14624
1550.0 2950.0 0.02904
1650.0 2950.0 0.16312
1750.0 2950.0 0.24516
1850.0 2950.0 0.29137
1950.0 2950.0 0.33901
2050.0 2950.0 0.42426
2150.0 2950.0 0.54749
2250.0 2950.0 0.74569
2350.0 2950.0 1.01288
2450.0 2950.0 1.20524
2550.0 2950.0 1.20573
2650.0 2950.0 1.01199
2750.0 2950.0 0.72603
2850.0 2950.0 0.44989
2950.0 2950.0 0.34333
3050.0 2950.0 0.53585
3150.0 2950.0 0.83434
3250.0 2950.0 0.96387
3350.0 2950.0 0.75393
3450.0 2950.0 0.21709
3550.0 2950.0 -0.48146
3650.0 2950.0 -1.24680
3750.0 2950.0 -1.93397
3850.0 2950.0 -2.19495
3950.0 2950.0 -1.86259
4050.0 2950.0 -1.11777
4150.0 2950.0 -0.37417
4250.0 2950.0 0.11738
4350.0 2950.0 0.40629
4450.0 2950.0 0.31872
4550.0 2950.0 -0.02869
4650.0 2950.0 -0.34809
4750.0 2950.0 -0.37608
4850.0 2950.0 -0.00593
4950.0 2950.0 0.64357
5050.0 2950.0 1.26576
5150.0 2950.0 1.57280
5250.0 2950.0 1.42683
5350.0 2950.0 0.92126
5450.0 2950.0 0.35116
5550.0 2950.0 0.05775
5650.0 2950.0 0.14681
5750.0 2950.0 0.33069
5850.0 2950.0 0.49501
5950.0 2950.0 0.58153
6050.0 2950.0 0.56166
6150.0 2950.0 0.46771
6250.0 2950.0 0.37578
6350.0 2950.0 0.34041
50.0 3050.0 1.02718
150.0 3050.0 1.01475
250.0 3050.0 0.95290
350.0 3050.0 0.75458
450.0 3050.0 0.40298
550.0 3050.0 -0.02739
650.0 3050.0 -0.42479
750.0 3050.0 -0.76558
850.0 3050.0 -1.10786
950.0 3050.0 -1.35882
1050.0 3050.0 -1.39609
1150.0 3050.0 -1.20544
1250.0 3050.0 -0.90813
1350.0 3050.0 -0.67802
1450.0 3050.0 -0.55324
1550.0 3050.0 -0.39816
1650.0 3050.0 -0.15855
1750.0 3050.0 0.15490
1850.0 3050.0 0.49134
1950.0 3050.0 0.78680
2050.0 3050.0 0.99953
2150.0 3050.0 1.15386
2250.0 3050.0 1.35436
2350.0 3050.0 1.59590
2450.0 3050.0 1.76295
2550.0 3050.0 1.76925
2650.0 3050.0 1.62441
2750.0 3050.0 1.41932
2850.0 3050.0 1.23297
2950.0 3050.0 1.13739
3050.0 3050.0 1.15533
3150.0 3050.0 1.12596
3250.0 3050.0 0.89424
3350.0 3050.0 0.42655
3450.0 3050.0 -0.18230
3550.0 3050.0 -0.81092
3650.0 3050.0 -1.46076
3750.0 3050.0 -1.98756
3850.0 3050.0 -2.09446
3950.0 3050.0 -1.67017
4050.0 3050.0 -0.91401
4150.0 3050.0 -0.21377
4250.0 3050.0 0.22174
4350.0 3050.0 0.49202
4450.0 3050.0 0.48639
4550.0 3050.0 0.30030
4650.0 3050.0 0.15108
4750.0 3050.0 0.22855
4850.0 3050.0 0.60022
4950.0 3050.0 1.17096
5050.0 3050.0 1.70066
5150.0 3050.0 1.92822
5250.0 3050.0 1.74119
5350.0 3050.0 1.24219
5450.0 3050.0 0.70812
5550.0 3050.0 0.44465
5650.0 3050.0 0.53589
5750.0 3050.0 0.70851
5850.0 3050.0 0.85162
5950.0 3050.0 0.92701
6050.0 3050.0 0.92608
6150.0 3050.0 0.88353
6250.0 3050.0 0.85923
6350.0 3050.0 0.88830
50.0 3150.0 1.62727
150.0 3150.0 1.66528
250.0 3150.0 1.44597
350.0 3150.0 0.92632
450.0 3150.0 0.22185
550.0 3150.0 -0.44140
650.0 3150.0 -0.86761
750.0 3150.0 -1.10849
850.0 3150.0 -1.29470
950.0 3150.0 -1.36252
1050.0 3150.0 -1.28652
1150.0 3150.0 -1.11666
1250.0 3150.0 -0.95848
1350.0 3150.0 -0.90901
1450.0 3150.0 -0.95051
1550.0 3150.0 -0.92506
1650.0 3150.0 -0.70220
1750.0 3150.0 -0.25132
1850.0 3150.0 0.33842
1950.0 3150.0 0.89662
2050.0 3150.0 1.27099
2150.0 3150.0 1.48361
2250.0 3150.0 1.68338
2350.0 3150.0 1.85172
2450.0 3150.0 1.93711
2550.0 3150.0 1.92786
2650.0 3150.0 1.86813
2750.0 3150.0 1.82937
2850.0 3150.0 1.83842
2950.0 3150.0 1.84547
3050.0 3150.0 1.74379
3150.0 3150.0 1.41000
3250.0 3150.0 0.83191
3350.0 3150.0 0.14027
3450.0 3150.0 -0.47030
3550.0 3150.0 -0.93003
3650.0 3150.0 -1.35774
3750.0 3150.0 -1.63839
3850.0 3150.0 -1.57584
3950.0 3150.0 -1.13310
4050.0 3150.0 -0.49438
4150.0 3150.0 0.04333
4250.0 3150.0 0.34805
4350.0 3150.0 0.54355
4450.0 3150.0 0.58257
4550.0 3150.0 0.52445
4650.0 3150.0 0.49575
4750.0 3150.0 0.60245
4850.0 3150.0 0.87725
4950.0 3150.0 1.26198
5050.0 3150.0 1.61275
5150.0 3150.0 1.76073
5250.0 3150.0 1.64478
5350.0 3150.0 1.34328
5450.0 3150.0 1.03774
5550.0 3150.0 0.91769
5650.0 3150.0 1.02700
5750.0 3150.0 1.16519
5850.0 3150.0 1.21542
5950.0 3150.0 1.18316
6050.0 3150.0 1.12587
6150.0 3150.0 1.11324
6250.0 3150.0 1.19154
6350.0 3150.0 1.35205
50.0 3250.0 1.85395
150.0 3250.0 2.02200
250.0 3250.0 1.76064
350.0 3250.0 1.05197
450.0 3250.0 0.11543
550.0 3250.0 -0.69310
650.0 3250.0 -1.09745
750.0 3250.0 -1.20505
850.0 3250.0 -1.18876
950.0 3250.0 -1.02064
1050.0 3250.0 -0.80120
1150.0 3250.0 -0.66285
1250.0 3250.0 -0.68930
1350.0 3250.0 -0.87675
1450.0 3250.0 -1.13707
1550.0 3250.0 -1.33080
1650.0 3250.0 -1.27330
1750.0 3250.0 -0.85620
1850.0 3250.0 -0.15592
1950.0 3250.0 0.58436
2050.0 3250.0 1.10241
2150.0 3250.0 1.38558
2250.0 3250.0 1.57703
2350.0 3250.0 1.62728
2450.0 3250.0 1.57164
2550.0 3250.0 1.50580
2650.0 3250.0 1.52993
2750.0 3250.0 1.69623
2850.0 3250.0 1.95985
2950.0 3250.0 2.14637
3050.0 3250.0 2.03871
3150.0 3250.0 1.54341
3250.0 3250.0 0.76677
3350.0 3250.0 -0.02286
3450.0 3250.0 -0.54625
3550.0 3250.0 -0.77576
3650.0 3250.0 -0.93063
3750.0 3250.0 -0.95050
3850.0 3250.0 -0.76456
3950.0 3250.0 -0.40492
4050.0 3250.0 -0.00348
4150.0 3250.0 0.28173
4250.0 3250.0 0.41047
4350.0 3250.0 0.49505
4450.0 3250.0 0.54055
4550.0 3250.0 0.56302
4650.0 3250.0 0.59484
4750.0 3250.0 0.66206
4850.0 3250.0 0.77156
4950.0 3250.0 0.90779
5050.0 3250.0 1.02903
5150.0 3250.0 1.08980
5250.0 3250.0 1.09522
5350.0 3250.0 1.08416
5450.0 3250.0 1.10362
5550.0 3250.0 1.18469
5650.0 3250.0 1.31997
5750.0 3250.0 1.40954
5850.0 3250.0 1.32120
5950.0 3250.0 1.11750
6050.0 3250.0 0.95049
6150.0 3250.0 0.94656
6250.0 3250.0 1.14228
6350.0 3250.0 1.47116
50.0 3350.0 1.60972
150.0 3350.0 1.95389
250.0 3350.0 1.79372
350.0 3350.0 1.10687
450.0 3350.0 0.15044
550.0 3350.0 -0.65707
650.0 3350.0 -0.99009
750.0 3350.0 -0.97126
850.0 3350.0 -0.76916
950.0 3350.0 -0.38847
1050.0 3350.0 -0.04560
1150.0 3350.0 0.05330
1250.0 3350.0 -0.15214
1350.0 3350.0 -0.56285
1450.0 3350.0 -1.02826
1550.0 3350.0 -1.46288
1650.0 3350.0 -1.66524
1750.0 3350.0 -1.43700
1850.0 3350.0 -0.79642
1950.0 3350.0 -0.00552
2050.0 3350.0 0.59651
2150.0 3350.0 0.94119
2250.0 3350.0 1.11631
2350.0 3350.0 1.03037
2450.0 3350.0 0.80339
2550.0 3350.0 0.64259
2650.0 3350.0 0.71306
2750.0 3350.0 1.05619
2850.0 3350.0 1.55587
2950.0 3350.0 1.94270
3050.0 3350.0 1.93932
3150.0 3350.0 1.46629
3250.0 3350.0 0.69036
3350.0 3350.0 -0.04830
3450.0 3350.0 -0.42513
3550.0 3350.0 -0.43325
3650.0 3350.0 -0.34701
3750.0 3350.0 -0.16955
3850.0 3350.0 0.05796
3950.0 3350.0 0.25999
4050.0 3350.0 0.37768
4150.0 3350.0 0.39769
4250.0 3350.0 0.35874
4350.0 3350.0 0.33548
4450.0 3350.0 0.36901
4550.0 3350.0 0.43639
4650.0 3350.0 0.49083
4750.0 3350.0 0.49433
4850.0 3350.0 0.43649
4950.0 3350.0 0.33952
5050.0 3350.0 0.24322
5150.0 3350.0 0.20584
5250.0 3350.0 0.29486
5350.0 3350.0 0.52044
5450.0 3350.0 0.81473
5550.0 3350.0 1.06856
5650.0 3350.0 1.22555
5750.0 3350.0 1.26881
5850.0 3350.0 1.04645
5950.0 3350.0 0.67416
6050.0 3350.0 0.39444
6150.0 3350.0 0.38968
6250.0 3350.0 0.68981
6350.0 3350.0 1.17440
50.0 3450.0 1.07588
150.0 3450.0 1.58053
250.0 3450.0 1.60774
350.0 3450.0 1.10801
450.0 3450.0 0.31069
550.0 3450.0 -0.37686
650.0 3450.0 -0.61974
750.0 3450.0 -0.51834
850.0 3450.0 -0.20165
950.0 3450.0 0.30436
1050.0 3450.0 0.71130
1150.0 3450.0 0.77039
1250.0 3450.0 0.44050
1350.0 3450.0 -0.11653
1450.0 3450.0 -0.71377
1550.0 3450.0 -1.32874
1650.0 3450.0 -1.77385
1750.0 3450.0 -1.78060
1850.0 3450.0 -1.29648
1950.0 3450.0 -0.55988
2050.0 3450.0 0.05943
2150.0 3450.0 0.44017
2250.0 3450.0 0.59531
2350.0 3450.0 0.39328
2450.0 3450.0 0.01235
2550.0 3450.0 -0.25614
2650.0 3450.0 -0.19152
2750.0 3450.0 0.24868
2850.0 3450.0 0.89760
2950.0 3450.0 1.43595
3050.0 3450.0 1.57790
3150.0 3450.0 1.24300
3250.0 3450.0 0.60077
3350.0 3450.0 -0.00331
3450.0 3450.0 -0.23977
3550.0 3450.0 -0.10173
3650.0 3450.0 0.12859
3750.0 3450.0 0.39806
3850.0 3450.0 0.59760
3950.0 3450.0 0.63954
4050.0 3450.0 0.52971
4150.0 3450.0 0.35829
4250.0 3450.0 0.20963
4350.0 3450.0 0.11985
4450.0 3450.0 0.15405
4550.0 3450.0 0.26389
4650.0 3450.0 0.34826
4750.0 3450.0 0.32363
4850.0 3450.0 0.16549
4950.0 3450.0 -0.07906
5050.0 3450.0 -0.32411
5150.0 3450.0 -0.46743
5250.0 3450.0 -0.40005
5350.0 3450.0 -0.10938
5450.0 3450.0 0.28971
5550.0 3450.0 0.61691
5650.0 3450.0 0.78151
5750.0 3450.0 0.79622
5850.0 3450.0 0.49300
5950.0 3450.0 0.02133
6050.0 3450.0 -0.32085
6150.0 3450.0 -0.31832
6250.0 3450.0 0.05252
6350.0 3450.0 0.63706
50.0 3550.0 0.55411
150.0 3550.0 1.15628
250.0 3550.0 1.36455
350.0 3550.0 1.09658
450.0 3550.0 0.52103
550.0 3550.0 -0.00959
650.0 3550.0 -0.17995
750.0 3550.0 -0.05148
850.0 3550.0 0.29464
950.0 3550.0 0.82422
1050.0 3550.0 1.22969
1150.0 3550.0 1.25552
1250.0 3550.0 0.87275
1350.0 3550.0 0.26531
1450.0 3550.0 -0.37311
1550.0 3550.0 -1.06410
1650.0 3550.0 -1.64388
1750.0 3550.0 -1.81249
1850.0 3550.0 -1.46931
1950.0 3550.0 -0.81747
2050.0 3550.0 -0.22146
2150.0 3550.0 0.16767
2250.0 3550.0 0.30482
2350.0 3550.0 0.03098
2450.0 3550.0 -0.45248
2550.0 3550.0 -0.81243
2650.0 3550.0 -0.79358
2750.0 3550.0 -0.34324
2850.0 3550.0 0.34947
2950.0 3550.0 0.95228
3050.0 3550.0 1.19917
3150.0 3550.0 1.00168
3250.0 3550.0 0.50269
3350.0 3550.0 0.01814
3450.0 3550.0 -0.13948
3550.0 3550.0 0.04693
3650.0 3550.0 0.31330
3750.0 3550.0 0.58327
3850.0 3550.0 0.72996
3950.0 3550.0 0.67461
4050.0 3550.0 0.45751
4150.0 3550.0 0.20959
4250.0 3550.0 0.02527
4350.0 3550.0 -0.07577
4450.0 3550.0 -0.00668
4550.0 3550.0 0.17391
4650.0 3550.0 0.33216
4750.0 3550.0 0.35097
4850.0 3550.0 0.18844
4950.0 3550.0 -0.09704
5050.0 3550.0 -0.40489
5150.0 3550.0 -0.65537
5250.0 3550.0 -0.72379
5350.0 3550.0 -0.56115
5450.0 3550.0 -0.25144
5550.0 3550.0 0.03481
5650.0 3550.0 0.19098
5750.0 3550.0 0.20006
5850.0 3550.0 -0.11343
5950.0 3550.0 -0.58981
6050.0 3550.0 -0.92122
6150.0 3550.0 -0.89156
6250.0 3550.0 -0.48576
6350.0 3550.0 0.13172
50.0 3650.0 0.12640
150.0 3650.0 0.78638
250.0 3650.0 1.14387
350.0 3650.0 1.08563
450.0 3650.0 0.71642
550.0 3650.0 0.32670
650.0 3650.0 0.20566
750.0 3650.0 0.33129
850.0 3650.0 0.66363
950.0 3650.0 1.16792
1050.0 3650.0 1.54451
1150.0 3650.0 1.54806
1250.0 3650.0 1.15586
1350.0 3650.0 0.55123
1450.0 3650.0 -0.07971
1550.0 3650.0 -0.78672
1650.0 3650.0 -1.43120
1750.0 3650.0 -1.70464
1850.0 3650.0 -1.47583
1950.0 3650.0 -0.91199
2050.0 3650.0 -0.35592
2150.0 3650.0 0.02674
2250.0 3650.0 0.14950
2350.0 3650.0 -0.16210
2450.0 3650.0 -0.70206
2550.0 3650.0 -1.12208
2650.0 3650.0 -1.14983
2750.0 3650.0 -0.72279
2850.0 3650.0 -0.03622
2950.0 3650.0 0.58116
3050.0 3650.0 0.88804
3150.0 3650.0 0.78982
3250.0 3650.0 0.40100
3350.0 3650.0 0.00340
3450.0 3650.0 -0.11240
3550.0 3650.0 0.08025
3650.0 3650.0 0.33976
3750.0 3650.0 0.58148
3850.0 3650.0 0.68268
3950.0 3650.0 0.57897
4050.0 3650.0 0.32634
4150.0 3650.0 0.06460
4250.0 3650.0 -0.11675
4350.0 3650.0 -0.20021
4450.0 3650.0 -0.07825
4550.0 3650.0 0.18736
4650.0 3650.0 0.44070
4750.0 3650.0 0.53744
4850.0 3650.0 0.41738
4950.0 3650.0 0.14371
5050.0 3650.0 -0.18370
5150.0 3650.0 -0.53996
5250.0 3650.0 -0.79885
5350.0 3650.0 -0.85977
5450.0 3650.0 -0.73793
5550.0 3650.0 -0.55325
5650.0 3650.0 -0.41784
5750.0 3650.0 -0.40675
5850.0 3650.0 -0.69640
5950.0 3650.0 -1.12739
6050.0 3650.0 -1.40537
6150.0 3650.0 -1.33186
6250.0 3650.0 -0.90445
6350.0 3650.0 -0.28648
50.0 3750.0 -0.18229
150.0 3750.0 0.50326
250.0 3750.0 0.96046
350.0 3750.0 1.04151
450.0 3750.0 0.79465
550.0 3750.0 0.46377
650.0 3750.0 0.32578
750.0 3750.0 0.39360
850.0 3750.0 0.64269
950.0 3750.0 1.05724
1050.0 3750.0 1.39134
1150.0 3750.0 1.43070
1250.0 3750.0 1.13698
1350.0 3750.0 0.64572
1450.0 3750.0 0.11390
1550.0 3750.0 -0.52122
1650.0 3750.0 -1.17217
1750.0 3750.0 -1.55424
1850.0 3750.0 -1.50707
1950.0 3750.0 -1.12579
2050.0 3750.0 -0.68130
2150.0 3750.0 -0.34055
2250.0 3750.0 -0.22281
2350.0 3750.0 -0.48025
2450.0 3750.0 -0.92687
2550.0 3750.0 -1.25731
2650.0 3750.0 -1.23933
2750.0 3750.0 -0.82704
2850.0 3750.0 -0.19417
2950.0 3750.0 0.37394
3050.0 3750.0 0.66428
3150.0 3750.0 0.59798
3250.0 3750.0 0.28084
3350.0 3750.0 -0.03709
3450.0 3750.0 -0.10180
3550.0 3750.0 0.10659
3650.0 3750.0 0.36743
3750.0 3750.0 0.59649
3850.0 3750.0 0.68895
3950.0 3750.0 0.59905
4050.0 3750.0 0.38786
4150.0 3750.0 0.18507
4250.0 3750.0 0.06563
4350.0 3750.0 0.03764
4450.0 3750.0 0.20021
4550.0 3750.0 0.49752
4650.0 3750.0 0.78593
4750.0 3750.0 0.93105
4850.0 3750.0 0.87543
4950.0 3750.0 0.67641
5050.0 3750.0 0.39279
5150.0 3750.0 -0.04415
5250.0 3750.0 -0.53689
5350.0 3750.0 -0.93080
5450.0 3750.0 -1.13239
5550.0 3750.0 -1.15486
5650.0 3750.0 -1.09117
5750.0 3750.0 -1.10277
5850.0 3750.0 -1.34968
5950.0 3750.0 -1.67637
6050.0 3750.0 -1.83109
6150.0 3750.0 -1.66725
6250.0 3750.0 -1.21708
6350.0 3750.0 -0.63763
50.0 3850.0 -0.25798
150.0 3850.0 0.40690
250.0 3850.0 0.89040
350.0 3850.0 1.00582
450.0 3850.0 0.75716
550.0 3850.0 0.36553
650.0 3850.0 0.11604
750.0 3850.0 0.04892
850.0 3850.0 0.11393
950.0 3850.0 0.33863
1050.0 3850.0 0.59675
1150.0 3850.0 0.73846
1250.0 3850.0 0.68370
1350.0 3850.0 0.45628
1450.0 3850.0 0.15185
1550.0 3850.0 -0.27755
1650.0 3850.0 -0.82230
1750.0 3850.0 -1.27198
1850.0 3850.0 -1.45268
1950.0 3850.0 -1.35134
2050.0 3850.0 -1.10403
2150.0 3850.0 -0.85394
2250.0 3850.0 -0.73806
2350.0 3850.0 -0.84308
2450.0 3850.0 -1.03274
2550.0 3850.0 -1.11241
2650.0 3850.0 -0.95520
2750.0 3850.0 -0.56104
2850.0 3850.0 -0.04926
2950.0 3850.0 0.38109
3050.0 3850.0 0.54929
3150.0 3850.0 0.42292
3250.0 3850.0 0.12618
3350.0 3850.0 -0.11985
3450.0 3850.0 -0.11869
3550.0 3850.0 0.11991
3650.0 3850.0 0.38924
3750.0 3850.0 0.60879
3850.0 3850.0 0.71261
3950.0 3850.0 0.68842
4050.0 3850.0 0.59841
4150.0 3850.0 0.54267
4250.0 3850.0 0.56565
4350.0 3850.0 0.64188
4450.0 3850.0 0.81158
4550.0 3850.0 1.03881
4650.0 3850.0 1.24769
4750.0 3850.0 1.37509
4850.0 3850.0 1.40197
4950.0 3850.0 1.36327
5050.0 3850.0 1.22734
5150.0 3850.0 0.81107
5250.0 3850.0 0.13834
5350.0 3850.0 -0.61063
5450.0 3850.0 -1.21788
5550.0 3850.0 -1.53939
5650.0 3850.0 -1.60960
5750.0 3850.0 -1.68274
5850.0 3850.0 -1.87898
5950.0 3850.0 -2.05141
6050.0 3850.0 -2.02267
6150.0 3850.0 -1.73459
6250.0 3850.0 -1.27664
6350.0 3850.0 -0.79326
50.0 3950.0 -0.10037
150.0 3950.0 0.51365
250.0 3950.0 0.97313
350.0 3950.0 1.05111
450.0 3950.0 0.71739
550.0 3950.0 0.18718
650.0 3950.0 -0.23275
750.0 3950.0 -0.48140
850.0 3950.0 -0.66616
950.0 3950.0 -0.70545
1050.0 3950.0 -0.56387
1150.0 3950.0 -0.30062
1250.0 3950.0 -0.04702
1350.0 3950.0 0.07371
1450.0 3950.0 0.07372
1550.0 3950.0 -0.05425
1650.0 3950.0 -0.38086
1750.0 3950.0 -0.80760
1850.0 3950.0 -1.17580
1950.0 3950.0 -1.36297
2050.0 3950.0 -1.34335
2150.0 3950.0 -1.21182
2250.0 3950.0 -1.10959
2350.0 3950.0 -1.04517
2450.0 3950.0 -0.94372
2550.0 3950.0 -0.74334
2650.0 3950.0 -0.44127
2750.0 3950.0 -0.08939
2850.0 3950.0 0.25879
2950.0 3950.0 0.49881
3050.0 3950.0 0.48305
3150.0 3950.0 0.24379
3250.0 3950.0 -0.06079
3350.0 3950.0 -0.23768
3450.0 3950.0 -0.16092
3550.0 3950.0 0.11660
3650.0 3950.0 0.39121
3750.0 3950.0 0.57657
3850.0 3950.0 0.66079
3950.0 3950.0 0.68621
4050.0 3950.0 0.72815
4150.0 3950.0 0.85445
4250.0 3950.0 1.06575
4350.0 3950.0 1.26988
4450.0 3950.0 1.40520
4550.0 3950.0 1.46557
4650.0 3950.0 1.48620
4750.0 3950.0 1.52411
4850.0 3950.0 1.62819
4950.0 3950.0 1.79876
5050.0 3950.0 1.89406
5150.0 3950.0 1.64966
5250.0 3950.0 0.98503
5350.0 3950.0 0.04602
5450.0 3950.0 -0.87001
5550.0 3950.0 -1.46938
5650.0 3950.0 -1.69781
5750.0 3950.0 -1.86097
5850.0 3950.0 -2.02634
5950.0 3950.0 -2.05830
6050.0 3950.0 -1.86111
6150.0 3950.0 -1.47129
6250.0 3950.0 -1.03772
6350.0 3950.0 -0.68931
50.0 4050.0 0.16593
150.0 4050.0 0.73103
250.0 4050.0 1.16611
350.0 4050.0 1.20628
450.0 4050.0 0.78956
550.0 4050.0 0.12622
650.0 4050.0 -0.45609
750.0 4050.0 -0.87749
850.0 4050.0 -1.30751
950.0 4050.0 -1.61940
1050.0 4050.0 -1.62020
1150.0 4050.0 -1.27372
1250.0 4050.0 -0.75027
1350.0 4050.0 -0.30813
1450.0 4050.0 -0.01889
1550.0 4050.0 0.16103
1650.0 4050.0 0.10385
1750.0 4050.0 -0.20855
1850.0 4050.0 -0.65918
1950.0 4050.0 -1.05044
2050.0 4050.0 -1.21776
2150.0 4050.0 -1.19702
2250.0 4050.0 -1.12878
2350.0 4050.0 -0.96795
2450.0 4050.0 -0.68850
2550.0 4050.0 -0.32587
2650.0 4050.0 0.03617
2750.0 4050.0 0.31381
2850.0 4050.0 0.50347
2950.0 4050.0 0.56451
3050.0 4050.0 0.37969
3150.0 4050.0 0.04201
3250.0 4050.0 -0.26060
3350.0 4050.0 -0.36464
3450.0 4050.0 -0.21279
3550.0 4050.0 0.10194
3650.0 4050.0 0.37006
3750.0 4050.0 0.48201
3850.0 4050.0 0.48138
3950.0 4050.0 0.48121
4050.0 4050.0 0.59142
4150.0 4050.0 0.86309
4250.0 4050.0 1.24956
4350.0 4050.0 1.56760
4450.0 4050.0 1.64128
4550.0 4050.0 1.49481
4650.0 4050.0 1.28250
4750.0 4050.0 1.19196
4850.0 4050.0 1.34749
4950.0 4050.0 1.71352
5050.0 4050.0 2.05859
5150.0 4050.0 2.10591
5250.0 4050.0 1.67054
5350.0 4050.0 0.80446
5450.0 4050.0 -0.19690
5550.0 4050.0 -0.95164
5650.0 4050.0 -1.31185
5750.0 4050.0 -1.56798
5850.0 4050.0 -1.73928
5950.0 4050.0 -1.70070
6050.0 4050.0 -1.41693
6150.0 4050.0 -0.99200
6250.0 4050.0 -0.61487
6350.0 4050.0 -0.40094
50.0 4150.0 0.34940
150.0 4150.0 0.89901
250.0 4150.0 1.36025
350.0 4150.0 1.43504
450.0 4150.0 1.02282
550.0 4150.0 0.31318
650.0 4150.0 -0.36021
750.0 4150.0 -0.89458
850.0 4150.0 -1.49675
950.0 4150.0 -2.01808
1050.0 4150.0 -2.15676
1150.0 4150.0 -1.80083
1250.0 4150.0 -1.13272
1350.0 4150.0 -0.49272
1450.0 4150.0 -0.01414
1550.0 4150.0 0.38564
1650.0 4150.0 0.55692
1750.0 4150.0 0.39652
1850.0 4150.0 -0.02856
1950.0 4150.0 -0.49539
2050.0 4150.0 -0.76089
2150.0 4150.0 -0.81157
2250.0 4150.0 -0.79420
2350.0 4150.0 -0.65784
2450.0 4150.0 -0.39552
2550.0 4150.0 -0.06747
2650.0 4150.0 0.22837
2750.0 4150.0 0.41101
2850.0 4150.0 0.49253
2950.0 4150.0 0.44407
3050.0 4150.0 0.17413
3150.0 4150.0 -0.18776
3250.0 4150.0 -0.44579
3350.0 4150.0 -0.46892
3450.0 4150.0 -0.25258
3550.0 4150.0 0.08808
3650.0 4150.0 0.33627
3750.0 4150.0 0.34427
3850.0 4150.0 0.19767
3950.0 4150.0 0.08160
4050.0 4150.0 0.15878
4150.0 4150.0 0.48828
4250.0 4150.0 0.98462
4350.0 4150.0 1.37273
4450.0 4150.0 1.38821
4550.0 4150.0 1.07655
4650.0 4150.0 0.67836
4750.0 4150.0 0.47698
4850.0 4150.0 0.65286
4950.0 4150.0 1.14500
5050.0 4150.0 1.68124
5150.0 4150.0 2.03671
5250.0 4150.0 1.95319
5350.0 4150.0 1.36547
5450.0 4150.0 0.49729
5550.0 4150.0 -0.26060
5650.0 4150.0 -0.69039
5750.0 4150.0 -1.01471
5850.0 4150.0 -1.22402
5950.0 4150.0 -1.20006
6050.0 4150.0 -0.93062
6150.0 4150.0 -0.54225
6250.0 4150.0 -0.23435
6350.0 4150.0 -0.11469
50.0 4250.0 0.31571
150.0 4250.0 0.89560
250.0 4250.0 1.45526
350.0 4250.0 1.66799
450.0 4250.0 1.38283
550.0 4250.0 0.74531
650.0 4250.0 0.07489
750.0 4250.0 -0.49549
850.0 4250.0 -1.16996
950.0 4250.0 -1.80309
1050.0 4250.0 -2.04958
1150.0 4250.0 -1.75414
1250.0 4250.0 -1.08413
1350.0 4250.0 -0.39753
1450.0 4250.0 0.14231
1550.0 4250.0 0.63084
1650.0 4250.0 0.92544
1750.0 4250.0 0.88702
1850.0 4250.0 0.54501
1950.0 4250.0 0.10812
2050.0 4250.0 -0.16658
2150.0 4250.0 -0.23977
2250.0 4250.0 -0.27869
2350.0 4250.0 -0.27192
2450.0 4250.0 -0.20079
2550.0 4250.0 -0.07953
2650.0 4250.0 0.04837
2750.0 4250.0 0.13567
2850.0 4250.0 0.17605
2950.0 4250.0 0.10655
3050.0 4250.0 -0.14281
3150.0 4250.0 -0.43664
3250.0 4250.0 -0.59847
3350.0 4250.0 -0.53260
3450.0 4250.0 -0.26639
3550.0 4250.0 0.08575
3650.0 4250.0 0.30564
3750.0 4250.0 0.20209
3850.0 4250.0 -0.11770
3950.0 4250.0 -0.40935
4050.0 4250.0 -0.45100
4150.0 4250.0 -0.15462
4250.0 4250.0 0.37077
4350.0 4250.0 0.77933
4450.0 4250.0 0.76650
4550.0 4250.0 0.38536
4650.0 4250.0 -0.09092
4750.0 4250.0 -0.34245
4850.0 4250.0 -0.16695
4950.0 4250.0 0.36534
5050.0 4250.0 0.99253
5150.0 4250.0 1.56993
5250.0 4250.0 1.81040
5350.0 4250.0 1.55269
5450.0 4250.0 0.92415
5550.0 4250.0 0.26758
5650.0 4250.0 -0.16753
5750.0 4250.0 -0.52210
5850.0 4250.0 -0.78143
5950.0 4250.0 -0.82926
6050.0 4250.0 -0.64278
6150.0 4250.0 -0.33195
6250.0 4250.0 -0.08216
6350.0 4250.0 -0.00006
50.0 4350.0 0.12553
150.0 4350.0 0.75391
250.0 4350.0 1.44536
350.0 4350.0 1.84916
450.0 4350.0 1.75818
550.0 4350.0 1.25978
650.0 4350.0 0.64568
750.0 4350.0 0.08232
850.0 4350.0 -0.60747
950.0 4350.0 -1.29240
1050.0 4350.0 -1.61851
1150.0 4350.0 -1.40665
1250.0 4350.0 -0.79804
1350.0 4350.0 -0.13667
1450.0 4350.0 0.40177
1550.0 4350.0 0.90966
1650.0 4350.0 1.26068
1750.0 4350.0 1.30623
1850.0 4350.0 1.05086
1950.0 4350.0 0.67707
2050.0 4350.0 0.42837
2150.0 4350.0 0.35518
2250.0 4350.0 0.25932
2350.0 4350.0 0.09356
2450.0 4350.0 -0.09709
2550.0 4350.0 -0.25000
2650.0 4350.0 -0.32572
2750.0 4350.0 -0.32613
2850.0 4350.0 -0.29137
2950.0 4350.0 -0.33492
3050.0 4350.0 -0.50626
3150.0 4350.0 -0.68213
3250.0 4350.0 -0.72144
3350.0 4350.0 -0.56581
3450.0 4350.0 -0.26253
3550.0 4350.0 0.08812
3650.0 4350.0 0.27196
3750.0 4350.0 0.05651
3850.0 4350.0 -0.43817
3950.0 4350.0 -0.91781
4050.0 4350.0 -1.10434
4150.0 4350.0 -0.87621
4250.0 4350.0 -0.35874
4350.0 4350.0 0.05040
4450.0 4350.0 0.03609
4550.0 4350.0 -0.34979
4650.0 4350.0 -0.83370
4750.0 4350.0 -1.09370
4850.0 4350.0 -0.92496
4950.0 4350.0 -0.39679
5050.0 4350.0 0.26320
5150.0 4350.0 0.99250
5250.0 4350.0 1.49884
5350.0 4350.0 1.54774
5450.0 4350.0 1.17241
5550.0 4350.0 0.64901
5650.0 4350.0 0.23726
5750.0 4350.0 -0.12841
5850.0 4350.0 -0.44278
5950.0 4350.0 -0.58957
6050.0 4350.0 -0.51909
6150.0 4350.0 -0.30574
6250.0 4350.0 -0.10883
6350.0 4350.0 -0.03679
50.0 4450.0 -0.32330
150.0 4450.0 0.29830
250.0 4450.0 1.07259
350.0 4450.0 1.66183
450.0 4450.0 1.81770
550.0 4450.0 1.54957
650.0 4450.0 1.08288
750.0 4450.0 0.60395
850.0 4450.0 -0.00389
950.0 4450.0 -0.62859
1050.0 4450.0 -0.94515
1150.0 4450.0 -0.77778
1250.0 4450.0 -0.23893
1350.0 4450.0 0.36865
1450.0 4450.0 0.87887
1550.0 4450.0 1.36804
1650.0 4450.0 1.71981
1750.0 4450.0 1.78888
1850.0 4450.0 1.57113
1950.0 4450.0 1.23217
2050.0 4450.0 1.00023
2150.0 4450.0 0.92580
2250.0 4450.0 0.75738
2350.0 4450.0 0.38046
2450.0 4450.0 -0.11526
2550.0 4450.0 -0.56766
2650.0 4450.0 -0.84265
2750.0 4450.0 -0.90097
2850.0 4450.0 -0.83100
2950.0 4450.0 -0.78780
3050.0 4450.0 -0.79744
3150.0 4450.0 -0.78859
3250.0 4450.0 -0.69115
3350.0 4450.0 -0.48820
3450.0 4450.0 -0.22024
3550.0 4450.0 0.05625
3650.0 4450.0 0.13828
3750.0 4450.0 -0.22748
3850.0 4450.0 -0.88986
3950.0 4450.0 -1.50884
4050.0 4450.0 -1.77818
4150.0 4450.0 -1.57892
4250.0 4450.0 -1.06365
4350.0 4450.0 -0.63310
4450.0 4450.0 -0.57638
4550.0 4450.0 -0.86554
4650.0 4450.0 -1.27035
4750.0 4450.0 -1.50086
4850.0 4450.0 -1.35715
4950.0 4450.0 -0.88596
5050.0 4450.0 -0.25524
5150.0 4450.0 0.56206
5250.0 4450.0 1.29129
5350.0 4450.0 1.64086
5450.0 4450.0 1.54445
5550.0 4450.0 1.18790
5650.0 4450.0 0.82111
5750.0 4450.0 0.44652
5850.0 4450.0 0.02301
5950.0 4450.0 -0.33445
6050.0 4450.0 -0.51597
6150.0 4450.0 -0.51444
6250.0 4450.0 -0.42808
6350.0 4450.0 -0.36805
50.0 4550.0 -0.95269
150.0 4550.0 -0.44582
250.0 4550.0 0.27591
350.0 4550.0 0.95546
450.0 4550.0 1.35135
550.0 4550.0 1.39060
650.0 4550.0 1.18521
750.0 4550.0 0.90475
850.0 4550.0 0.51756
950.0 4550.0 0.10358
1050.0 4550.0 -0.09379
1150.0 4550.0 0.06469
1250.0 4550.0 0.50625
1350.0 4550.0 1.01280
1450.0 4550.0 1.45634
1550.0 4550.0 1.87462
1650.0 4550.0 2.15323
1750.0 4550.0 2.16722
1850.0 4550.0 1.92456
1950.0 4550.0 1.58494
2050.0 4550.0 1.35794
2150.0 4550.0 1.28029
2250.0 4550.0 1.03573
2350.0 4550.0 0.45218
2450.0 4550.0 -0.31773
2550.0 4550.0 -1.00669
2650.0 4550.0 -1.39918
2750.0 4550.0 -1.43820
2850.0 4550.0 -1.26974
2950.0 4550.0 -1.05874
3050.0 4550.0 -0.81223
3150.0 4550.0 -0.56667
3250.0 4550.0 -0.36256
3350.0 4550.0 -0.21534
3450.0 4550.0 -0.10958
3550.0 4550.0 -0.01864
3650.0 4550.0 -0.12889
3750.0 4550.0 -0.67195
3850.0 4550.0 -1.44071
3950.0 4550.0 -2.06962
4050.0 4550.0 -2.28347
4150.0 4550.0 -2.03127
4250.0 4550.0 -1.50533
4350.0 4550.0 -1.02635
4450.0 4550.0 -0.81044
4550.0 4550.0 -0.88607
4650.0 4550.0 -1.12168
4750.0 4550.0 -1.29763
4850.0 4550.0 -1.22178
4950.0 4550.0 -0.88812
5050.0 4550.0 -0.38813
5150.0 4550.0 0.38135
5250.0 4550.0 1.19846
5350.0 4550.0 1.75806
5450.0 4550.0 1.91114
5550.0 4550.0 1.73578
5650.0 4550.0 1.43952
5750.0 4550.0 1.07014
5850.0 4550.0 0.51047
5950.0 4550.0 -0.12825
6050.0 4550.0 -0.65253
6150.0 4550.0 -0.93971
6250.0 4550.0 -0.99977
6350.0 4550.0 -0.94594
50.0 4650.0 -1.41163
150.0 4650.0 -1.12078
250.0 4650.0 -0.62107
350.0 4650.0 -0.02941
450.0 4650.0 0.48528
550.0 4650.0 0.79954
650.0 4650.0 0.89718
750.0 4650.0 0.88551
850.0 4650.0 0.79826
950.0 4650.0 0.66709
1050.0 4650.0 0.62482
1150.0 4650.0 0.76301
1250.0 4650.0 1.06562
1350.0 4650.0 1.43161
1450.0 4650.0 1.78364
1550.0 4650.0 2.10157
1650.0 4650.0 2.27053
1750.0 4650.0 2.19501
1850.0 4650.0 1.90365
1950.0 4650.0 1.55247
2050.0 4650.0 1.32779
2150.0 4650.0 1.24675
2250.0 4650.0 0.95181
2350.0 4650.0 0.25046
2450.0 4650.0 -0.64293
2550.0 4650.0 -1.39042
2650.0 4650.0 -1.74518
2750.0 4650.0 -1.67051
2850.0 4650.0 -1.35936
2950.0 4650.0 -0.94193
3050.0 4650.0 -0.42126
3150.0 4650.0 0.02827
3250.0 4650.0 0.24938
3350.0 4650.0 0.22147
3450.0 4650.0 0.05971
3550.0 4650.0 -0.10814
3650.0 4650.0 -0.45573
3750.0 4650.0 -1.14950
3850.0 4650.0 -1.91512
3950.0 4650.0 -2.39445
4050.0 4650.0 -2.40436
4150.0 4650.0 -2.01812
4250.0 4650.0 -1.46958
4350.0 4650.0 -0.93236
4450.0 4650.0 -0.52985
4550.0 4650.0 -0.36540
4650.0 4650.0 -0.42782
4750.0 4650.0 -0.57595
4850.0 4650.0 -0.61646
4950.0 4650.0 -0.47460
5050.0 4650.0 -0.18357
5150.0 4650.0 0.39272
5250.0 4650.0 1.11000
5350.0 4650.0 1.70532
5450.0 4650.0 1.99341
5550.0 4650.0 1.95833
5650.0 4650.0 1.74030
5750.0 4650.0 1.40138
5850.0 4650.0 0.76490
5950.0 4650.0 -0.06348
6050.0 4650.0 -0.82880
6150.0 4650.0 -1.31996
6250.0 4650.0 -1.47691
6350.0 4650.0 -1.41179
50.0 4750.0 -1.43693
150.0 4750.0 -1.40268
250.0 4750.0 -1.23850
350.0 4750.0 -0.90170
450.0 4750.0 -0.44022
550.0 4750.0 0.02352
650.0 4750.0 0.37091
750.0 4750.0 0.61675
850.0 4750.0 0.80649
950.0 4750.0 0.91280
1050.0 4750.0 0.96802
1150.0 4750.0 1.03319
1250.0 4750.0 1.16318
1350.0 4750.0 1.37792
1450.0 4750.0 1.64056
1550.0 4750.0 1.86730
1650.0 4750.0 1.94732
1750.0 4750.0 1.81074
1850.0 4750.0 1.49867
1950.0 4750.0 1.15564
2050.0 4750.0 0.94128
2150.0 4750.0 0.85863
2250.0 4750.0 0.55496
2350.0 4750.0 -0.13773
2450.0 4750.0 -0.96334
2550.0 4750.0 -1.57014
2650.0 4750.0 -1.74059
2750.0 4750.0 -1.49083
2850.0 4750.0 -1.03561
2950.0 4750.0 -0.43645
3050.0 4750.0 0.28970
3150.0 4750.0 0.84245
3250.0 4750.0 0.97858
3350.0 4750.0 0.70327
3450.0 4750.0 0.24655
3550.0 4750.0 -0.17583
3650.0 4750.0 -0.73599
3750.0 4750.0 -1.51402
3850.0 4750.0 -2.17673
3950.0 4750.0 -2.40161
4050.0 4750.0 -2.12803
4150.0 4750.0 -1.57058
4250.0 4750.0 -0.99480
4350.0 4750.0 -0.41217
4450.0 4750.0 0.12850
4550.0 4750.0 0.45444
4650.0 4750.0 0.48019
4750.0 4750.0 0.29515
4850.0 4750.0 0.10988
4950.0 4750.0 0.06113
5050.0 4750.0 0.13008
5150.0 4750.0 0.43568
5250.0 4750.0 0.91227
5350.0 4750.0 1.37756
5450.0 4750.0 1.66140
5550.0 4750.0 1.69175
5650.0 4750.0 1.53754
5750.0 4750.0 1.25205
5850.0 4750.0 0.65363
5950.0 4750.0 -0.15805
6050.0 4750.0 -0.92279
6150.0 4750.0 -1.41534
6250.0 4750.0 -1.55990
6350.0 4750.0 -1.46357
50.0 4850.0 -1.02187
150.0 4850.0 -1.19925
250.0 4850.0 -1.35978
350.0 4850.0 -1.33371
450.0 4850.0 -1.04599
550.0 4850.0 -0.57737
650.0 4850.0 -0.09767
750.0 4850.0 0.31875
850.0 4850.0 0.67304
950.0 4850.0 0.87994
1050.0 4850.0 0.91503
1150.0 4850.0 0.84420
1250.0 4850.0 0.79604
1350.0 4850.0 0.88437
1450.0 4850.0 1.08570
1550.0 4850.0 1.26395
1650.0 4850.0 1.32112
1750.0 4850.0 1.19843
1850.0 4850.0 0.92923
1950.0 4850.0 0.63318
2050.0 4850.0 0.44314
2150.0 4850.0 0.36154
2250.0 4850.0 0.08194
2350.0 4850.0 -0.51314
2450.0 4850.0 -1.15304
2550.0 4850.0 -1.51754
2650.0 4850.0 -1.45339
2750.0 4850.0 -1.03716
2850.0 4850.0 -0.48053
2950.0 4850.0 0.22642
3050.0 4850.0 1.04285
3150.0 4850.0 1.58956
3250.0 4850.0 1.58723
3350.0 4850.0 1.08304
3450.0 4850.0 0.39898
3550.0 4850.0 -0.19794
3650.0 4850.0 -0.89019
3750.0 4850.0 -1.68547
3850.0 4850.0 -2.21496
3950.0 4850.0 -2.19835
4050.0 4850.0 -1.67884
4150.0 4850.0 -0.97961
4250.0 4850.0 -0.38210
4350.0 4850.0 0.21796
4450.0 4850.0 0.80067
4550.0 4850.0 1.15026
4650.0 4850.0 1.14005
4750.0 4850.0 0.85367
4850.0 4850.0 0.53253
4950.0 4850.0 0.34964
5050.0 4850.0 0.25701
5150.0 4850.0 0.32925
5250.0 4850.0 0.55579
5350.0 4850.0 0.83293
5450.0 4850.0 1.03143
5550.0 4850.0 1.06283
5650.0 4850.0 0.94430
5750.0 4850.0 0.71921
5850.0 4850.0 0.26112
5950.0 4850.0 -0.33486
6050.0 4850.0 -0.86044
6150.0 4850.0 -1.15381
6250.0 4850.0 -1.18167
6350.0 4850.0 -1.04361
50.0 4950.0 -0.38046
150.0 4950.0 -0.66688
250.0 4950.0 -1.03027
350.0 4950.0 -1.23883
450.0 4950.0 -1.13689
550.0 4950.0 -0.75352
650.0 4950.0 -0.26025
750.0 4950.0 0.21246
850.0 4950.0 0.59126
950.0 4950.0 0.74464
1050.0 4950.0 0.64459
1150.0 4950.0 0.39671
1250.0 4950.0 0.19403
1350.0 4950.0 0.20163
1450.0 4950.0 0.37999
1550.0 4950.0 0.56249
1650.0 4950.0 0.67235
1750.0 4950.0 0.64457
1850.0 4950.0 0.48329
1950.0 4950.0 0.27157
2050.0 4950.0 0.11842
2150.0 4950.0 0.04004
2250.0 4950.0 -0.20739
2350.0 4950.0 -0.69556
2450.0 4950.0 -1.15948
2550.0 4950.0 -1.32233
2650.0 4950.0 -1.08867
2750.0 4950.0 -0.57582
2850.0 4950.0 0.01962
2950.0 4950.0 0.75132
3050.0 4950.0 1.55691
3150.0 4950.0 2.03503
3250.0 4950.0 1.91294
3350.0 4950.0 1.27413
3450.0 4950.0 0.48554
3550.0 4950.0 -0.17503
3650.0 4950.0 -0.90695
3750.0 4950.0 -1.68548
3850.0 4950.0 -2.13167
3950.0 4950.0 -1.99039
4050.0 4950.0 -1.35339
4150.0 4950.0 -0.58946
4250.0 4950.0 0.01755
4350.0 4950.0 0.60684
4450.0 4950.0 1.13890
4550.0 4950.0 1.38777
4650.0 4950.0 1.24297
4750.0 4950.0 0.82333
4850.0 4950.0 0.40569
4950.0 4950.0 0.16863
5050.0 4950.0 0.01358
5150.0 4950.0 -0.02131
5250.0 4950.0 0.07364
5350.0 4950.0 0.23443
5450.0 4950.0 0.36156
5550.0 4950.0 0.37161
5650.0 4950.0 0.26185
5750.0 4950.0 0.08565
5850.0 4950.0 -0.19279
5950.0 4950.0 -0.48056
6050.0 4950.0 -0.65063
6150.0 4950.0 -0.64647
6250.0 4950.0 -0.51014
6350.0 4950.0 -0.33394
50.0 5050.0 0.29087
150.0 5050.0 -0.04236
250.0 5050.0 -0.51732
350.0 5050.0 -0.87973
450.0 5050.0 -0.92837
550.0 5050.0 -0.64857
650.0 5050.0 -0.19389
750.0 5050.0 0.27438
850.0 5050.0 0.60511
950.0 5050.0 0.62911
1050.0 5050.0 0.34181
1150.0 5050.0 -0.09593
1250.0 5050.0 -0.43444
1350.0 5050.0 -0.48141
1450.0 5050.0 -0.30635
1550.0 5050.0 -0.09307
1650.0 5050.0 0.10752
1750.0 5050.0 0.21595
1850.0 5050.0 0.19660
1950.0 5050.0 0.08979
2050.0 5050.0 -0.01828
2150.0 5050.0 -0.09098
2250.0 5050.0 -0.31072
2350.0 5050.0 -0.71754
2450.0 5050.0 -1.05858
2550.0 5050.0 -1.09268
2650.0 5050.0 -0.76293
2750.0 5050.0 -0.20779
2850.0 5050.0 0.39169
2950.0 5050.0 1.10726
3050.0 5050.0 1.85914
3150.0 5050.0 2.25319
3250.0 5050.0 2.04132
3350.0 5050.0 1.33447
3450.0 5050.0 0.51558
3550.0 5050.0 -0.14686
3650.0 5050.0 -0.86945
3750.0 5050.0 -1.61968
3850.0 5050.0 -2.02265
3950.0 5050.0 -1.83621
4050.0 5050.0 -1.16587
4150.0 5050.0 -0.38793
4250.0 5050.0 0.21833
4350.0 5050.0 0.78168
4450.0 5050.0 1.22122
4550.0 5050.0 1.31781
4650.0 5050.0 1.00312
4750.0 5050.0 0.44705
4850.0 5050.0 -0.03995
4950.0 5050.0 -0.28913
5050.0 5050.0 -0.45244
5150.0 5050.0 -0.51485
5250.0 5050.0 -0.46382
5350.0 5050.0 -0.35025
5450.0 5050.0 -0.25898
5550.0 5050.0 -0.26486
5650.0 5050.0 -0.37401
5750.0 5050.0 -0.50904
5850.0 5050.0 -0.60896
5950.0 5050.0 -0.58311
6050.0 5050.0 -0.38976
6150.0 5050.0 -0.08296
6250.0 5050.0 0.21598
6350.0 5050.0 0.42234
50.0 5150.0 0.97367
150.0 5150.0 0.57759
250.0 5150.0 0.01809
350.0 5150.0 -0.44011
450.0 5150.0 -0.57909
550.0 5150.0 -0.37069
650.0 5150.0 0.03481
750.0 5150.0 0.46264
850.0 5150.0 0.70399
950.0 5150.0 0.55779
1050.0 5150.0 0.05370
1150.0 5150.0 -0.58682
1250.0 5150.0 -1.06206
1350.0 5150.0 -1.16317
1450.0 5150.0 -0.99482
1550.0 5150.0 -0.74861
1650.0 5150.0 -0.43761
1750.0 5150.0 -0.15126
1850.0 5150.0 0.02807
1950.0 5150.0 0.08216
2050.0 5150.0 0.05911
2150.0 5150.0 0.01662
2250.0 5150.0 -0.16786
2350.0 5150.0 -0.52612
2450.0 5150.0 -0.82041
2550.0 5150.0 -0.82511
2650.0 5150.0 -0.48846
2750.0 5150.0 0.05806
2850.0 5150.0 0.64411
2950.0 5150.0 1.31301
3050.0 5150.0 1.95473
3150.0 5150.0 2.20905
3250.0 5150.0 1.88217
3350.0 5150.0 1.12375
3450.0 5150.0 0.32132
3550.0 5150.0 -0.28686
3650.0 5150.0 -0.92424
3750.0 5150.0 -1.53793
3850.0 5150.0 -1.79188
3950.0 5150.0 -1.49595
4050.0 5150.0 -0.78344
4150.0 5150.0 -0.02168
4250.0 5150.0 0.54324
4350.0 5150.0 1.03923
4450.0 5150.0 1.34874
4550.0 5150.0 1.27024
4650.0 5150.0 0.78222
4750.0 5150.0 0.09900
4850.0 5150.0 -0.44929
4950.0 5150.0 -0.71224
5050.0 5150.0 -0.90305
5150.0 5150.0 -1.05270
5250.0 5150.0 -1.12771
5350.0 5150.0 -1.13002
5450.0 5150.0 -1.10288
5550.0 5150.0 -1.10768
5650.0 5150.0 -1.17181
5750.0 5150.0 -1.21773
5850.0 5150.0 -1.10397
5950.0 5150.0 -0.76200
6050.0 5150.0 -0.24151
6150.0 5150.0 0.30884
6250.0 5150.0 0.71817
6350.0 5150.0 0.92771
50.0 5250.0 1.44534
150.0 5250.0 0.96476
250.0 5250.0 0.38024
350.0 5250.0 -0.05442
450.0 5250.0 -0.15836
550.0 5250.0 0.05258
650.0 5250.0 0.40250
750.0 5250.0 0.73632
850.0 5250.0 0.84613
950.0 5250.0 0.52350
1050.0 5250.0 -0.16182
1150.0 5250.0 -0.94395
1250.0 5250.0 -1.50044
1350.0 5250.0 -1.63355
1450.0 5250.0 -1.47786
1550.0 5250.0 -1.21521
1650.0 5250.0 -0.81665
1750.0 5250.0 -0.36508
1850.0 5250.0 0.02270
1950.0 5250.0 0.26875
2050.0 5250.0 0.37069
2150.0 5250.0 0.39636
2250.0 5250.0 0.26305
2350.0 5250.0 -0.08828
2450.0 5250.0 -0.44097
2550.0 5250.0 -0.55729
2650.0 5250.0 -0.34225
2750.0 5250.0 0.12142
2850.0 5250.0 0.66832
2950.0 5250.0 1.25021
3050.0 5250.0 1.71512
3150.0 5250.0 1.77569
3250.0 5250.0 1.32928
3350.0 5250.0 0.57147
3450.0 5250.0 -0.12930
3550.0 5250.0 -0.59408
3650.0 5250.0 -1.03605
3750.0 5250.0 -1.37459
3850.0 5250.0 -1.36463
3950.0 5250.0 -0.91533
4050.0 5250.0 -0.19270
4150.0 5250.0 0.48193
4250.0 5250.0 0.93678
4350.0 5250.0 1.30835
4450.0 5250.0 1.46594
4550.0 5250.0 1.23957
4650.0 5250.0 0.64332
4750.0 5250.0 -0.09670
4850.0 5250.0 -0.66718
4950.0 5250.0 -0.94505
5050.0 5250.0 -1.19229
5150.0 5250.0 -1.50713
5250.0 5250.0 -1.80552
5350.0 5250.0 -1.99207
5450.0 5250.0 -2.03804
5550.0 5250.0 -1.99393
5650.0 5250.0 -1.93672
5750.0 5250.0 -1.82494
5850.0 5250.0 -1.48690
5950.0 5250.0 -0.90847
6050.0 5250.0 -0.21780
6150.0 5250.0 0.39791
6250.0 5250.0 0.78840
6350.0 5250.0 0.94923
50.0 5350.0 1.44625
150.0 5350.0 0.87900
250.0 5350.0 0.34056
350.0 5350.0 0.05327
450.0 5350.0 0.11190
550.0 5350.0 0.40518
650.0 5350.0 0.70661
750.0 5350.0 0.91264
850.0 5350.0 0.89236
950.0 5350.0 0.46900
1050.0 5350.0 -0.25839
1150.0 5350.0 -1.02449
1250.0 5350.0 -1.54196
1350.0 5350.0 -1.65927
1450.0 5350.0 -1.51903
1550.0 5350.0 -1.27720
1650.0 5350.0 -0.88161
1750.0 5350.0 -0.38497
1850.0 5350.0 0.10246
1950.0 5350.0 0.47695
2050.0 5350.0 0.69535
2150.0 5350.0 0.81186
2250.0 5350.0 0.74470
2350.0 5350.0 0.38576
2450.0 5350.0 -0.07533
2550.0 5350.0 -0.37613
2650.0 5350.0 -0.35258
2750.0 5350.0 -0.01431
2850.0 5350.0 0.47708
2950.0 5350.0 0.95507
3050.0 5350.0 1.23175
3150.0 5350.0 1.11446
3250.0 5350.0 0.60138
3350.0 5350.0 -0.07814
3450.0 5350.0 -0.60060
3550.0 5350.0 -0.86039
3650.0 5350.0 -1.04837
3750.0 5350.0 -1.07272
3850.0 5350.0 -0.80874
3950.0 5350.0 -0.27182
4050.0 5350.0 0.36492
4150.0 5350.0 0.86916
4250.0 5350.0 1.16342
4350.0 5350.0 1.38606
4450.0 5350.0 1.42993
4550.0 5350.0 1.16197
4650.0 5350.0 0.59965
4750.0 5350.0 -0.07102
4850.0 5350.0 -0.59788
4950.0 5350.0 -0.88545
5050.0 5350.0 -1.20010
5150.0 5350.0 -1.69670
5250.0 5350.0 -2.22230
5350.0 5350.0 -2.56877
5450.0 5350.0 -2.63647
5550.0 5350.0 -2.48155
5650.0 5350.0 -2.24693
5750.0 5350.0 -1.94607
5850.0 5350.0 -1.44460
5950.0 5350.0 -0.80402
6050.0 5350.0 -0.18945
6150.0 5350.0 0.25404
6250.0 5350.0 0.47519
6350.0 5350.0 0.54037
50.0 5450.0 0.96090
150.0 5450.0 0.32594
250.0 5450.0 -0.12132
350.0 5450.0 -0.19862
450.0 5450.0 0.08446
550.0 5450.0 0.50344
650.0 5450.0 0.77355
750.0 5450.0 0.85622
850.0 5450.0 0.75119
950.0 5450.0 0.34639
1050.0 5450.0 -0.25181
1150.0 5450.0 -0.82929
1250.0 5450.0 -1.18504
1350.0 5450.0 -1.23790
1450.0 5450.0 -1.11124
1550.0 5450.0 -0.92893
1650.0 5450.0 -0.64794
1750.0 5450.0 -0.27258
1850.0 5450.0 0.14217
1950.0 5450.0 0.51855
2050.0 5450.0 0.79974
2150.0 5450.0 1.00209
2250.0 5450.0 1.00711
2350.0 5450.0 0.66150
2450.0 5450.0 0.12509
2550.0 5450.0 -0.32453
2650.0 5450.0 -0.46516
2750.0 5450.0 -0.23981
2850.0 5450.0 0.19803
2950.0 5450.0 0.58819
3050.0 5450.0 0.72784
3150.0 5450.0 0.51171
3250.0 5450.0 0.01546
3350.0 5450.0 -0.52328
3450.0 5450.0 -0.84030
3550.0 5450.0 -0.89443
3650.0 5450.0 -0.85383
3750.0 5450.0 -0.64767
3850.0 5450.0 -0.26208
3950.0 5450.0 0.21943
4050.0 5450.0 0.65989
4150.0 5450.0 0.94210
4250.0 5450.0 1.07074
4350.0 5450.0 1.16633
4450.0 5450.0 1.17584
4550.0 5450.0 0.99703
4650.0 5450.0 0.61411
4750.0 5450.0 0.12900
4850.0 5450.0 -0.29606
4950.0 5450.0 -0.58441
5050.0 5450.0 -0.95322
5150.0 5450.0 -1.57648
5250.0 5450.0 -2.23534
5350.0 5450.0 -2.63545
5450.0 5450.0 -2.63899
5550.0 5450.0 -2.32988
5650.0 5450.0 -1.91232
5750.0 5450.0 -1.44581
5850.0 5450.0 -0.88257
5950.0 5450.0 -0.35836
6050.0 5450.0 -0.02667
6150.0 5450.0 0.07256
6250.0 5450.0 0.03210
6350.0 5450.0 -0.01526
50.0 5550.0 0.26378
150.0 5550.0 -0.41007
250.0 5550.0 -0.77399
350.0 5550.0 -0.67749
450.0 5550.0 -0.21084
550.0 5550.0 0.31474
650.0 5550.0 0.57056
750.0 5550.0 0.57000
850.0 5550.0 0.44258
950.0 5550.0 0.14824
1050.0 5550.0 -0.21945
1150.0 5550.0 -0.52367
1250.0 5550.0 -0.66580
1350.0 5550.0 -0.63371
1450.0 5550.0 -0.51513
1550.0 5550.0 -0.40943
1650.0 5550.0 -0.30932
1750.0 5550.0 -0.16867
1850.0 5550.0 0.04011
1950.0 5550.0 0.30402
2050.0 5550.0 0.58106
2150.0 5550.0 0.83943
2250.0 5550.0 0.91010
2350.0 5550.0 0.62186
2450.0 5550.0 0.10686
2550.0 5550.0 -0.36827
2650.0 5550.0 -0.56450
2750.0 5550.0 -0.39179
2850.0 5550.0 0.01163
2950.0 5550.0 0.35358
3050.0 5550.0 0.43969
3150.0 5550.0 0.21997
3250.0 5550.0 -0.19501
3350.0 5550.0 -0.58299
3450.0 5550.0 -0.73333
3550.0 5550.0 -0.64268
3650.0 5550.0 -0.46809
3750.0 5550.0 -0.18833
3850.0 5550.0 0.14250
3950.0 5550.0 0.43330
4050.0 5550.0 0.61848
4150.0 5550.0 0.68959
4250.0 5550.0 0.69625
4350.0 5550.0 0.72014
4450.0 5550.0 0.76868
4550.0 5550.0 0.75628
4650.0 5550.0 0.61478
4750.0 5550.0 0.35214
4850.0 5550.0 0.04472
4950.0 5550.0 -0.23708
5050.0 5550.0 -0.63040
5150.0 5550.0 -1.28615
5250.0 5550.0 -1.94222
5350.0 5550.0 -2.27085
5450.0 5550.0 -2.14094
5550.0 5550.0 -1.67871
5650.0 5550.0 -1.12672
5750.0 5550.0 -0.55901
5850.0 5550.0 -0.01597
5950.0 5550.0 0.31559
6050.0 5550.0 0.32064
6150.0 5550.0 0.07195
6250.0 5550.0 -0.20892
6350.0 5550.0 -0.34547
50.0 5650.0 -0.27479
150.0 5650.0 -0.96389
250.0 5650.0 -1.29900
350.0 5650.0 -1.14099
450.0 5650.0 -0.60917
550.0 5650.0 -0.04607
650.0 5650.0 0.20366
750.0 5650.0 0.17377
850.0 5650.0 0.07084
950.0 5650.0 -0.09410
1050.0 5650.0 -0.24846
1150.0 5650.0 -0.32197
1250.0 5650.0 -0.29267
1350.0 5650.0 -0.19251
1450.0 5650.0 -0.07589
1550.0 5650.0 -0.03451
1650.0 5650.0 -0.10438
1750.0 5650.0 -0.20357
1850.0 5650.0 -0.22890
1950.0 5650.0 -0.12194
2050.0 5650.0 0.10538
2150.0 5650.0 0.38141
2250.0 5650.0 0.50249
2350.0 5650.0 0.31538
2450.0 5650.0 -0.06985
2550.0 5650.0 -0.42610
2650.0 5650.0 -0.54689
2750.0 5650.0 -0.35148
2850.0 5650.0 0.04338
2950.0 5650.0 0.37904
3050.0 5650.0 0.48351
3150.0 5650.0 0.32250
3250.0 5650.0 0.00222
3350.0 5650.0 -0.28035
3450.0 5650.0 -0.34605
3550.0 5650.0 -0.19940
3650.0 5650.0 -0.00340
3750.0 5650.0 0.20284
3850.0 5650.0 0.35022
3950.0 5650.0 0.39129
4050.0 5650.0 0.34136
4150.0 5650.0 0.26659
4250.0 5650.0 0.21923
4350.0 5650.0 0.23067
4450.0 5650.0 0.34851
4550.0 5650.0 0.48935
4650.0 5650.0 0.53989
4750.0 5650.0 0.44200
4850.0 5650.0 0.21946
4950.0 5650.0 -0.05371
5050.0 5650.0 -0.44125
5150.0 5650.0 -1.04592
5250.0 5650.0 -1.59212
5350.0 5650.0 -1.76976
5450.0 5650.0 -1.48827
5550.0 5650.0 -0.91597
5650.0 5650.0 -0.30504
5750.0 5650.0 0.29295
5850.0 5650.0 0.79439
5950.0 5650.0 0.99364
6050.0 5650.0 0.80646
6150.0 5650.0 0.36915
6250.0 5650.0 -0.03316
6350.0 5650.0 -0.20897
50.0 5750.0 -0.58152
150.0 5750.0 -1.27477
250.0 5750.0 -1.62580
350.0 5750.0 -1.49365
450.0 5750.0 -0.99048
550.0 5750.0 -0.44997
650.0 5750.0 -0.21137
750.0 5750.0 -0.24309
850.0 5750.0 -0.30715
950.0 5750.0 -0.36053
1050.0 5750.0 -0.35040
1150.0 5750.0 -0.25530
1250.0 5750.0 -0.10437
1350.0 5750.0 0.04496
1450.0 5750.0 0.16379
1550.0 5750.0 0.15853
1650.0 5750.0 -0.04639
1750.0 5750.0 -0.34606
1850.0 5750.0 -0.57784
1950.0 5750.0 -0.62087
2050.0 5750.0 -0.45505
2150.0 5750.0 -0.18107
2250.0 5750.0 -0.01936
2350.0 5750.0 -0.08701
2450.0 5750.0 -0.29281
2550.0 5750.0 -0.46263
2650.0 5750.0 -0.44621
2750.0 5750.0 -0.19281
2850.0 5750.0 0.20497
2950.0 5750.0 0.55332
3050.0 5750.0 0.70747
3150.0 5750.0 0.62770
3250.0 5750.0 0.39690
3350.0 5750.0 0.18442
3450.0 5750.0 0.15199
3550.0 5750.0 0.30283
3650.0 5750.0 0.46174
3750.0 5750.0 0.53276
3850.0 5750.0 0.45924
3950.0 5750.0 0.25568
4050.0 5750.0 0.01155
4150.0 5750.0 -0.15920
4250.0 5750.0 -0.22225
4350.0 5750.0 -0.19752
4450.0 5750.0 -0.01645
4550.0 5750.0 0.23470
4650.0 5750.0 0.41248
4750.0 5750.0 0.41973
4850.0 5750.0 0.25256
4950.0 5750.0 -0.00944
5050.0 5750.0 -0.37476
5150.0 5750.0 -0.89573
5250.0 5750.0 -1.30070
5350.0 5750.0 -1.31825
5450.0 5750.0 -0.90596
5550.0 5750.0 -0.26518
5650.0 5750.0 0.35834
5750.0 5750.0 0.95217
5850.0 5750.0 1.42912
5950.0 5750.0 1.58276
6050.0 5750.0 1.34070
6150.0 5750.0 0.85591
6250.0 5750.0 0.42652
6350.0 5750.0 0.24396
50.0 5850.0 -0.54752
150.0 5850.0 -1.19010
250.0 5850.0 -1.58392
350.0 5850.0 -1.60049
450.0 5850.0 -1.30846
550.0 5850.0 -0.96068
650.0 5850.0 -0.82821
750.0 5850.0 -0.89787
850.0 5850.0 -0.94488
950.0 5850.0 -0.87735
1050.0 5850.0 -0.65365
1150.0 5850.0 -0.31335
1250.0 5850.0 0.03481
1350.0 5850.0 0.28056
1450.0 5850.0 0.42376
1550.0 5850.0 0.39257
1650.0 5850.0 0.07337
1750.0 5850.0 -0.40764
1850.0 5850.0 -0.82925
1950.0 5850.0 -1.00758
2050.0 5850.0 -0.88887
2150.0 5850.0 -0.60207
2250.0 5850.0 -0.39194
2350.0 5850.0 -0.36045
2450.0 5850.0 -0.44929
2550.0 5850.0 -0.52986
2650.0 5850.0 -0.48046
2750.0 5850.0 -0.24876
2850.0 5850.0 0.10143
2950.0 5850.0 0.44358
3050.0 5850.0 0.69671
3150.0 5850.0 0.80792
3250.0 5850.0 0.79512
3350.0 5850.0 0.74827
3450.0 5850.0 0.77719
3550.0 5850.0 0.90644
3650.0 5850.0 1.01030
3750.0 5850.0 0.96677
3850.0 5850.0 0.72650
3950.0 5850.0 0.34148
4050.0 5850.0 -0.05378
4150.0 5850.0 -0.31613
4250.0 5850.0 -0.42200
4350.0 5850.0 -0.42940
4450.0 5850.0 -0.25253
4550.0 5850.0 0.05182
4650.0 5850.0 0.34295
4750.0 5850.0 0.49184
4850.0 5850.0 0.44593
4950.0 5850.0 0.26288
5050.0 5850.0 -0.02887
5150.0 5850.0 -0.47703
5250.0 5850.0 -0.83723
5350.0 5850.0 -0.85568
5450.0 5850.0 -0.48107
5550.0 5850.0 0.11544
5650.0 5850.0 0.71196
5750.0 5850.0 1.29663
5850.0 5850.0 1.80852
5950.0 5850.0 2.04126
6050.0 5850.0 1.89557
6150.0 5850.0 1.48870
6250.0 5850.0 1.09249
6350.0 5850.0 0.90009
50.0 5950.0 -0.03496
150.0 5950.0 -0.50535
250.0 5950.0 -0.91932
350.0 5950.0 -1.20031
450.0 5950.0 -1.34042
550.0 5950.0 -1.41574
650.0 5950.0 -1.53234
750.0 5950.0 -1.70589
850.0 5950.0 -1.79759
950.0 5950.0 -1.65039
1050.0 5950.0 -1.20806
1150.0 5950.0 -0.56887
1250.0 5950.0 0.05231
1350.0 5950.0 0.45493
1450.0 5950.0 0.65987
1550.0 5950.0 0.64642
1650.0 5950.0 0.27140
1750.0 5950.0 -0.32360
1850.0 5950.0 -0.86989
1950.0 5950.0 -1.13025
2050.0 5950.0 -1.02056
2150.0 5950.0 -0.69196
2250.0 5950.0 -0.41641
2350.0 5950.0 -0.31589
2450.0 5950.0 -0.39097
2550.0 5950.0 -0.54771
2650.0 5950.0 -0.64561
2750.0 5950.0 -0.57528
2850.0 5950.0 -0.36262
2950.0 5950.0 -0.07719
3050.0 5950.0 0.30777
3150.0 5950.0 0.72089
3250.0 5950.0 1.06654
3350.0 5950.0 1.29050
3450.0 5950.0 1.40429
3550.0 5950.0 1.46780
3650.0 5950.0 1.49762
3750.0 5950.0 1.40779
3850.0 5950.0 1.14221
3950.0 5950.0 0.73338
4050.0 5950.0 0.29594
4150.0 5950.0 -0.03705
4250.0 5950.0 -0.23472
4350.0 5950.0 -0.36093
4450.0 5950.0 -0.32349
4550.0 5950.0 -0.09113
4650.0 5950.0 0.26290
4750.0 5950.0 0.59757
4850.0 5950.0 0.77885
4950.0 5950.0 0.79202
5050.0 5950.0 0.66810
5150.0 5950.0 0.29301
5250.0 5950.0 -0.15664
5350.0 5950.0 -0.41642
5450.0 5950.0 -0.33828
5550.0 5950.0 0.03782
5650.0 5950.0 0.54491
5750.0 5950.0 1.10737
5850.0 5950.0 1.72307
5950.0 5950.0 2.18567
6050.0 5950.0 2.31912
6150.0 5950.0 2.13860
6250.0 5950.0 1.84092
6350.0 5950.0 1.62416
50.0 6050.0 0.67449
150.0 6050.0 0.49935
250.0 6050.0 0.17694
350.0 6050.0 -0.31484
450.0 6050.0 -0.90861
550.0 6050.0 -1.47600
650.0 6050.0 -1.90731
750.0 6050.0 -2.23096
850.0 6050.0 -2.44374
950.0 6050.0 -2.33478
1050.0 6050.0 -1.79883
1150.0 6050.0 -0.95304
1250.0 6050.0 -0.09828
1350.0 6050.0 0.46695
1450.0 6050.0 0.75803
1550.0 6050.0 0.80646
1650.0 6050.0 0.45529
1750.0 6050.0 -0.14911
1850.0 6050.0 -0.71520
1950.0 6050.0 -0.97696
2050.0 6050.0 -0.83145
2150.0 6050.0 -0.43917
2250.0 6050.0 -0.08285
2350.0 6050.0 0.07598
2450.0 6050.0 -0.04197
2550.0 6050.0 -0.37436
2650.0 6050.0 -0.73374
2750.0 6050.0 -0.91742
2850.0 6050.0 -0.90538
2950.0 6050.0 -0.73521
3050.0 6050.0 -0.27115
3150.0 6050.0 0.40274
3250.0 6050.0 1.07753
3350.0 6050.0 1.54812
3450.0 6050.0 1.71812
3550.0 6050.0 1.67989
3650.0 6050.0 1.63354
3750.0 6050.0 1.58539
3850.0 6050.0 1.45864
3950.0 6050.0 1.20781
4050.0 6050.0 0.86047
4150.0 6050.0 0.49836
4250.0 6050.0 0.17793
4350.0 6050.0 -0.13481
4450.0 6050.0 -0.35811
4550.0 6050.0 -0.32954
4650.0 6050.0 0.00283
4750.0 6050.0 0.51496
4850.0 6050.0 0.97816
4950.0 6050.0 1.26703
5050.0 6050.0 1.38468
5150.0 6050.0 1.11464
5250.0 6050.0 0.53600
5350.0 6050.0 -0.07145
5450.0 6050.0 -0.42033
5550.0 6050.0 -0.36161
5650.0 6050.0 0.01671
5750.0 6050.0 0.53747
5850.0 6050.0 1.25687
5950.0 6050.0 1.96888
6050.0 6050.0 2.40897
6150.0 6050.0 2.47451
6250.0 6050.0 2.27545
6350.0 6050.0 2.01538
50.0 6150.0 1.18257
150.0 6150.0 1.36192
250.0 6150.0 1.27616
350.0 6150.0 0.77516
450.0 6150.0 -0.07446
550.0 6150.0 -0.99801
650.0 6150.0 -1.69421
750.0 6150.0 -2.16898
850.0 6150.0 -2.55388
950.0 6150.0 -2.61826
1050.0 6150.0 -2.18273
1150.0 6150.0 -1.32574
1250.0 6150.0 -0.37591
1350.0 6150.0 0.29757
1450.0 6150.0 0.67271
1550.0 6150.0 0.80418
1650.0 6150.0 0.53624
1750.0 6150.0 0.01020
1850.0 6150.0 -0.48516
1950.0 6150.0 -0.68205
2050.0 6150.0 -0.47271
2150.0 6150.0 -0.01390
2250.0 6150.0 0.42867
2350.0 6150.0 0.66097
2450.0 6150.0 0.52221
2550.0 6150.0 0.03629
2650.0 6150.0 -0.56911
2750.0 6150.0 -1.00118
2850.0 6150.0 -1.19131
2950.0 6150.0 -1.17216
3050.0 6150.0 -0.74291
3150.0 6150.0 0.01404
3250.0 6150.0 0.82734
3350.0 6150.0 1.39841
3450.0 6150.0 1.55682
3550.0 6150.0 1.40850
3650.0 6150.0 1.30258
3750.0 6150.0 1.35786
3850.0 6150.0 1.47040
3950.0 6150.0 1.48786
4050.0 6150.0 1.31685
4150.0 6150.0 0.96650
4250.0 6150.0 0.52760
4350.0 6150.0 0.01640
4450.0 6150.0 -0.50993
4550.0 6150.0 -0.75376
4650.0 6150.0 -0.51813
4750.0 6150.0 0.11286
4850.0 6150.0 0.83021
4950.0 6150.0 1.39262
5050.0 6150.0 1.76497
5150.0 6150.0 1.64803
5250.0 6150.0 1.02055
5350.0 6150.0 0.15540
5450.0 6150.0 -0.54791
5550.0 6150.0 -0.76951
5650.0 6150.0 -0.51428
5750.0 6150.0 -0.05107
5850.0 6150.0 0.70011
5950.0 6150.0 1.53389
6050.0 6150.0 2.13169
6150.0 6150.0 2.31835
6250.0 6150.0 2.14998
6350.0 6150.0 1.83309
50.0 6250.0 1.21183
150.0 6250.0 1.70599
250.0 6250.0 1.94902
350.0 6250.0 1.66804
450.0 6250.0 0.86150
550.0 6250.0 -0.15877
650.0 6250.0 -0.98450
750.0 6250.0 -1.56580
850.0 6250.0 -2.11820
950.0 6250.0 -2.42781
1050.0 6250.0 -2.24022
1150.0 6250.0 -1.55401
1250.0 6250.0 -0.66410
1350.0 6250.0 0.03568
1450.0 6250.0 0.46761
1550.0 6250.0 0.66779
1650.0 6250.0 0.48690
1750.0 6250.0 0.05804
1850.0 6250.0 -0.34422
1950.0 6250.0 -0.46374
2050.0 6250.0 -0.19598
2150.0 6250.0 0.31153
2250.0 6250.0 0.83270
2350.0 6250.0 1.17048
2450.0 6250.0 1.09829
2550.0 6250.0 0.58910
2650.0 6250.0 -0.12676
2750.0 6250.0 -0.70695
2850.0 6250.0 -1.03849
2950.0 6250.0 -1.16214
3050.0 6250.0 -0.87486
3150.0 6250.0 -0.24310
3250.0 6250.0 0.47056
3350.0 6250.0 0.96122
3450.0 6250.0 1.04152
3550.0 6250.0 0.80731
3650.0 6250.0 0.66721
3750.0 6250.0 0.82476
3850.0 6250.0 1.15386
3950.0 6250.0 1.41299
4050.0 6250.0 1.40731
4150.0 6250.0 1.08464
4250.0 6250.0 0.56414
4350.0 6250.0 -0.09468
4450.0 6250.0 -0.86237
4550.0 6250.0 -1.34338
4650.0 6250.0 -1.22550
4750.0 6250.0 -0.54953
4850.0 6250.0 0.32846
4950.0 6250.0 1.08209
5050.0 6250.0 1.65403
5150.0 6250.0 1.72565
5250.0 6250.0 1.20121
5350.0 6250.0 0.31061
5450.0 6250.0 -0.51513
5550.0 6250.0 -0.86833
5650.0 6250.0 -0.68903
5750.0 6250.0 -0.28615
5850.0 6250.0 0.39605
5950.0 6250.0 1.15308
6050.0 6250.0 1.67225
6150.0 6250.0 1.78515
6250.0 6250.0 1.55208
6350.0 6250.0 1.17834
50.0 6350.0 0.73997
150.0 6350.0 1.43349
250.0 6350.0 1.99812
350.0 6350.0 2.07465
450.0 6350.0 1.55381
550.0 6350.0 0.68221
650.0 6350.0 -0.12448
750.0 6350.0 -0.74631
850.0 6350.0 -1.40981
950.0 6350.0 -1.93774
1050.0 6350.0 -2.02390
1150.0 6350.0 -1.58317
1250.0 6350.0 -0.84392
1350.0 6350.0 -0.18422
1450.0 6350.0 0.26682
1550.0 6350.0 0.49421
1650.0 6350.0 0.34812
1750.0 6350.0 -0.04169
1850.0 6350.0 -0.40646
1950.0 6350.0 -0.49492
2050.0 6350.0 -0.20392
2150.0 6350.0 0.32356
2250.0 6350.0 0.90689
2350.0 6350.0 1.38192
2450.0 6350.0 1.48211
2550.0 6350.0 1.11777
2650.0 6350.0 0.47378
2750.0 6350.0 -0.11394
2850.0 6350.0 -0.49693
2950.0 6350.0 -0.71657
3050.0 6350.0 -0.61635
3150.0 6350.0 -0.23994
3250.0 6350.0 0.21296
3350.0 6350.0 0.50216
3450.0 6350.0 0.47354
3550.0 6350.0 0.19679
3650.0 6350.0 0.04333
3750.0 6350.0 0.24135
3850.0 6350.0 0.65599
3950.0 6350.0 1.01057
4050.0 6350.0 1.07025
4150.0 6350.0 0.75864
4250.0 6350.0 0.20607
4350.0 6350.0 -0.51478
4450.0 6350.0 -1.39282
4550.0 6350.0 -1.99287
4650.0 6350.0 -1.95019
4750.0 6350.0 -1.27975
4850.0 6350.0 -0.35025
4950.0 6350.0 0.47685
5050.0 6350.0 1.15530
5150.0 6350.0 1.42036
5250.0 6350.0 1.14202
5350.0 6350.0 0.47654
5450.0 6350.0 -0.20448
5550.0 6350.0 -0.50880
5650.0 6350.0 -0.34226
5750.0 6350.0 0.01167
5850.0 6350.0 0.54819
5950.0 6350.0 1.06372
6050.0 6350.0 1.30518
6150.0 6350.0 1.18223
6250.0 6350.0 0.81170
6350.0 6350.0 0.39423
