50.0 50.0 -0.03868
150.0 50.0 -0.13907
250.0 50.0 -0.28056
350.0 50.0 -0.42219
450.0 50.0 -0.50074
550.0 50.0 -0.43878
650.0 50.0 -0.25584
750.0 50.0 -0.03395
850.0 50.0 0.12788
950.0 50.0 0.15778
1050.0 50.0 0.05365
1150.0 50.0 -0.08851
1250.0 50.0 -0.16803
1350.0 50.0 -0.13869
1450.0 50.0 -0.00581
1550.0 50.0 0.17673
1650.0 50.0 0.32867
1750.0 50.0 0.38488
1850.0 50.0 0.35599
1950.0 50.0 0.34691
2050.0 50.0 0.40424
2150.0 50.0 0.49697
2250.0 50.0 0.56951
2350.0 50.0 0.57822
2450.0 50.0 0.51095
2550.0 50.0 0.38945
2650.0 50.0 0.24346
2750.0 50.0 0.02655
2850.0 50.0 -0.25868
2950.0 50.0 -0.54417
3050.0 50.0 -0.76042
3150.0 50.0 -0.87474
3250.0 50.0 -0.90236
3350.0 50.0 -0.89069
3450.0 50.0 -0.86412
3550.0 50.0 -0.78283
3650.0 50.0 -0.61015
3750.0 50.0 -0.34797
3850.0 50.0 -0.04206
3950.0 50.0 0.23749
4050.0 50.0 0.44067
4150.0 50.0 0.60002
4250.0 50.0 0.75812
4350.0 50.0 0.84262
4450.0 50.0 0.76988
4550.0 50.0 0.52628
4650.0 50.0 0.18756
4750.0 50.0 -0.12340
4850.0 50.0 -0.34055
4950.0 50.0 -0.54428
5050.0 50.0 -0.73590
5150.0 50.0 -0.81156
5250.0 50.0 -0.69638
5350.0 50.0 -0.41030
5450.0 50.0 -0.06370
5550.0 50.0 0.21727
5650.0 50.0 0.42116
5750.0 50.0 0.53062
5850.0 50.0 0.45662
5950.0 50.0 0.20508
6050.0 50.0 -0.13414
6150.0 50.0 -0.42770
6250.0 50.0 -0.56117
6350.0 50.0 -0.52358
50.0 150.0 0.06126
150.0 150.0 0.00668
250.0 150.0 -0.11375
350.0 150.0 -0.25427
450.0 150.0 -0.34400
550.0 150.0 -0.31154
650.0 150.0 -0.16563
750.0 150.0 0.02794
850.0 150.0 0.18146
950.0 150.0 0.22454
1050.0 150.0 0.14730
1150.0 150.0 0.03697
1250.0 150.0 -0.00528
1350.0 150.0 0.04972
1450.0 150.0 0.17569
1550.0 150.0 0.31303
1650.0 150.0 0.39597
1750.0 150.0 0.38468
1850.0 150.0 0.30251
1950.0 150.0 0.26044
2050.0 150.0 0.32763
2150.0 150.0 0.46345
2250.0 150.0 0.58377
2350.0 150.0 0.61504
2450.0 150.0 0.52718
2550.0 150.0 0.34512
2650.0 150.0 0.12433
2750.0 150.0 -0.15553
2850.0 150.0 -0.45540
2950.0 150.0 -0.68017
3050.0 150.0 -0.76806
3150.0 150.0 -0.72957
3250.0 150.0 -0.63483
3350.0 150.0 -0.54959
3450.0 150.0 -0.47684
3550.0 150.0 -0.41168
3650.0 150.0 -0.33001
3750.0 150.0 -0.20986
3850.0 150.0 -0.04889
3950.0 150.0 0.13398
4050.0 150.0 0.31293
4150.0 150.0 0.48714
4250.0 150.0 0.68406
4350.0 150.0 0.83560
4450.0 150.0 0.83892
4550.0 150.0 0.65616
4650.0 150.0 0.34714
4750.0 150.0 0.03349
4850.0 150.0 -0.20549
4950.0 150.0 -0.44005
5050.0 150.0 -0.68030
5150.0 150.0 -0.81454
5250.0 150.0 -0.75157
5350.0 150.0 -0.49862
5450.0 150.0 -0.16306
5550.0 150.0 0.12218
5650.0 150.0 0.33586
5750.0 150.0 0.46958
5850.0 150.0 0.44135
5950.0 150.0 0.24689
6050.0 150.0 -0.04018
6150.0 150.0 -0.29987
6250.0 150.0 -0.42247
6350.0 150.0 -0.39050
50.0 250.0 0.20051
150.0 250.0 0.14851
250.0 250.0 0.03001
350.0 250.0 -0.11075
450.0 250.0 -0.21147
550.0 250.0 -0.21183
650.0 250.0 -0.11432
750.0 250.0 0.03014
850.0 250.0 0.14859
950.0 250.0 0.17875
1050.0 250.0 0.10796
1150.0 250.0 0.01003
1250.0 250.0 -0.02304
1350.0 250.0 0.02904
1450.0 250.0 0.13390
1550.0 250.0 0.23441
1650.0 250.0 0.27555
1750.0 250.0 0.23041
1850.0 250.0 0.12552
1950.0 250.0 0.07063
2050.0 250.0 0.14498
2150.0 250.0 0.30383
2250.0 250.0 0.44993
2350.0 250.0 0.49574
2450.0 250.0 0.40249
2550.0 250.0 0.19620
2650.0 250.0 -0.05301
2750.0 250.0 -0.33283
2850.0 250.0 -0.57858
2950.0 250.0 -0.69479
3050.0 250.0 -0.64472
3150.0 250.0 -0.47922
3250.0 250.0 -0.30379
3350.0 250.0 -0.18414
3450.0 250.0 -0.10361
3550.0 250.0 -0.09124
3650.0 250.0 -0.12764
3750.0 250.0 -0.16206
3850.0 250.0 -0.14646
3950.0 250.0 -0.05735
4050.0 250.0 0.09450
4150.0 250.0 0.27565
4250.0 250.0 0.50418
4350.0 250.0 0.72168
4450.0 250.0 0.81110
4550.0 250.0 0.71041
4650.0 250.0 0.45763
4750.0 250.0 0.16471
4850.0 250.0 -0.07987
4950.0 250.0 -0.33115
5050.0 250.0 -0.60971
5150.0 250.0 -0.80129
5250.0 250.0 -0.80040
5350.0 250.0 -0.59812
5450.0 250.0 -0.29125
5550.0 250.0 -0.01263
5650.0 250.0 0.20567
5750.0 250.0 0.36499
5850.0 250.0 0.39690
5950.0 250.0 0.28697
6050.0 250.0 0.08647
6150.0 250.0 -0.10751
6250.0 250.0 -0.19856
6350.0 250.0 -0.16388
50.0 350.0 0.33392
150.0 350.0 0.25282
250.0 350.0 0.12254
350.0 350.0 -0.01913
450.0 350.0 -0.12944
550.0 350.0 -0.16143
650.0 350.0 -0.11467
750.0 350.0 -0.02731
850.0 350.0 0.04324
950.0 350.0 0.04614
1050.0 350.0 -0.03083
1150.0 350.0 -0.12868
1250.0 350.0 -0.16847
1350.0 350.0 -0.13276
1450.0 350.0 -0.05122
1550.0 350.0 0.02499
1650.0 350.0 0.04736
1750.0 350.0 -0.00716
1850.0 350.0 -0.11434
1950.0 350.0 -0.16860
2050.0 350.0 -0.08835
2150.0 350.0 0.08104
2250.0 350.0 0.23927
2350.0 350.0 0.29501
2450.0 350.0 0.20673
2550.0 350.0 0.00023
2650.0 350.0 -0.24762
2750.0 350.0 -0.49354
2850.0 350.0 -0.65734
2950.0 350.0 -0.65741
3050.0 350.0 -0.48711
3150.0 350.0 -0.22939
3250.0 350.0 -0.00876
3350.0 350.0 0.11892
3450.0 350.0 0.18584
3550.0 350.0 0.13556
3650.0 350.0 -0.01247
3750.0 350.0 -0.18129
3850.0 350.0 -0.28634
3950.0 350.0 -0.27367
4050.0 350.0 -0.14618
4150.0 350.0 0.03611
4250.0 350.0 0.28656
4350.0 350.0 0.55780
4450.0 350.0 0.72389
4550.0 350.0 0.70281
4650.0 350.0 0.51135
4750.0 350.0 0.24866
4850.0 350.0 0.00852
4950.0 350.0 -0.24851
5050.0 350.0 -0.55212
5150.0 350.0 -0.78883
5250.0 350.0 -0.84281
5350.0 350.0 -0.69043
5450.0 350.0 -0.41595
5550.0 350.0 -0.14843
5650.0 350.0 0.07092
5750.0 350.0 0.25297
5850.0 350.0 0.34468
5950.0 350.0 0.32287
6050.0 350.0 0.21615
6150.0 350.0 0.09646
6250.0 350.0 0.04403
6350.0 350.0 0.08559
50.0 450.0 0.43626
150.0 450.0 0.32563
250.0 450.0 0.19368
350.0 450.0 0.06578
450.0 450.0 -0.04067
550.0 450.0 -0.09709
650.0 450.0 -0.10376
750.0 450.0 -0.08544
850.0 450.0 -0.07867
950.0 450.0 -0.11541
1050.0 450.0 -0.20292
1150.0 450.0 -0.30292
1250.0 450.0 -0.36004
1350.0 450.0 -0.35831
1450.0 450.0 -0.31657
1550.0 450.0 -0.27244
1650.0 450.0 -0.26491
1750.0 450.0 -0.31558
1850.0 450.0 -0.40815
1950.0 450.0 -0.44826
2050.0 450.0 -0.35778
2150.0 450.0 -0.18136
2250.0 450.0 -0.01682
2350.0 450.0 0.04730
2450.0 450.0 -0.02875
2550.0 450.0 -0.21928
2650.0 450.0 -0.44704
2750.0 450.0 -0.64899
2850.0 450.0 -0.73654
2950.0 450.0 -0.64140
3050.0 450.0 -0.37933
3150.0 450.0 -0.05374
3250.0 450.0 0.20156
3350.0 450.0 0.34009
3450.0 450.0 0.40660
3550.0 450.0 0.32818
3650.0 450.0 0.11758
3750.0 450.0 -0.13845
3850.0 450.0 -0.33379
3950.0 450.0 -0.39062
4050.0 450.0 -0.29986
4150.0 450.0 -0.13694
4250.0 450.0 0.10145
4350.0 450.0 0.38013
4450.0 450.0 0.57997
4550.0 450.0 0.61377
4650.0 450.0 0.48216
4750.0 450.0 0.26548
4850.0 450.0 0.05153
4950.0 450.0 -0.18653
5050.0 450.0 -0.48443
5150.0 450.0 -0.73640
5250.0 450.0 -0.82515
5350.0 450.0 -0.71617
5450.0 450.0 -0.47803
5550.0 450.0 -0.22860
5650.0 450.0 -0.01432
5750.0 450.0 0.18064
5850.0 450.0 0.31604
5950.0 450.0 0.36205
6050.0 450.0 0.32880
6150.0 450.0 0.26725
6250.0 450.0 0.24356
6350.0 450.0 0.28728
50.0 550.0 0.44169
150.0 550.0 0.31864
250.0 550.0 0.21580
350.0 550.0 0.13592
450.0 550.0 0.06636
550.0 550.0 0.00979
650.0 550.0 -0.04314
750.0 550.0 -0.10500
850.0 550.0 -0.18350
950.0 550.0 -0.27811
1050.0 550.0 -0.38167
1150.0 550.0 -0.48594
1250.0 550.0 -0.57834
1350.0 550.0 -0.64155
1450.0 550.0 -0.66813
1550.0 550.0 -0.66782
1650.0 550.0 -0.66458
1750.0 550.0 -0.68342
1850.0 550.0 -0.72664
1950.0 550.0 -0.72568
2050.0 550.0 -0.61925
2150.0 550.0 -0.44880
2250.0 550.0 -0.29712
2350.0 550.0 -0.23483
2450.0 550.0 -0.28879
2550.0 550.0 -0.43263
2650.0 550.0 -0.60402
2750.0 550.0 -0.74993
2850.0 550.0 -0.78928
2950.0 550.0 -0.66109
3050.0 550.0 -0.38152
3150.0 550.0 -0.04619
3250.0 550.0 0.22259
3350.0 550.0 0.38337
3450.0 550.0 0.48408
3550.0 550.0 0.45822
3650.0 550.0 0.29526
3750.0 550.0 0.05488
3850.0 550.0 -0.16728
3950.0 550.0 -0.28200
4050.0 550.0 -0.25705
4150.0 550.0 -0.15924
4250.0 550.0 -0.00731
4350.0 550.0 0.17880
4450.0 550.0 0.32115
4550.0 550.0 0.35899
4650.0 550.0 0.28698
4750.0 550.0 0.15257
4850.0 550.0 0.01289
4950.0 550.0 -0.15239
5050.0 550.0 -0.37948
5150.0 550.0 -0.58558
5250.0 550.0 -0.67038
5350.0 550.0 -0.59550
5450.0 550.0 -0.40552
5550.0 550.0 -0.19050
5650.0 550.0 0.00540
5750.0 550.0 0.19096
5850.0 550.0 0.33222
5950.0 550.0 0.39730
6050.0 550.0 0.38794
6150.0 550.0 0.34437
6250.0 550.0 0.32467
6350.0 550.0 0.35873
50.0 650.0 0.31308
150.0 650.0 0.21042
250.0 650.0 0.17108
350.0 650.0 0.16998
450.0 650.0 0.17045
550.0 650.0 0.14851
650.0 650.0 0.07736
750.0 650.0 -0.04994
850.0 650.0 -0.21177
950.0 650.0 -0.36814
1050.0 650.0 -0.48948
1150.0 650.0 -0.59920
1250.0 650.0 -0.73726
1350.0 650.0 -0.88096
1450.0 650.0 -0.98529
1550.0 650.0 -1.02364
1650.0 650.0 -1.00419
1750.0 650.0 -0.96167
1850.0 650.0 -0.92455
1950.0 650.0 -0.86092
2050.0 650.0 -0.74077
2150.0 650.0 -0.59977
2250.0 650.0 -0.49182
2350.0 650.0 -0.45247
2450.0 650.0 -0.48309
2550.0 650.0 -0.55540
2650.0 650.0 -0.63939
2750.0 650.0 -0.72636
2850.0 650.0 -0.75977
2950.0 650.0 -0.67756
3050.0 650.0 -0.47051
3150.0 650.0 -0.19508
3250.0 650.0 0.05980
3350.0 650.0 0.25169
3450.0 650.0 0.41731
3550.0 650.0 0.51628
3650.0 650.0 0.50025
3750.0 650.0 0.36884
3850.0 650.0 0.17831
3950.0 650.0 0.01764
4050.0 650.0 -0.04820
4150.0 650.0 -0.05545
4250.0 650.0 -0.05364
4350.0 650.0 -0.04382
4450.0 650.0 -0.03333
4550.0 650.0 -0.03010
4650.0 650.0 -0.03819
4750.0 650.0 -0.05626
4850.0 650.0 -0.07916
4950.0 650.0 -0.12517
5050.0 650.0 -0.22758
5150.0 650.0 -0.34006
5250.0 650.0 -0.39413
5350.0 650.0 -0.35175
5450.0 650.0 -0.22458
5550.0 650.0 -0.05977
5650.0 650.0 0.10595
5750.0 650.0 0.26132
5850.0 650.0 0.37199
5950.0 650.0 0.40858
6050.0 650.0 0.37449
6150.0 650.0 0.30962
6250.0 650.0 0.27005
6350.0 650.0 0.28368
50.0 750.0 0.07322
150.0 750.0 0.02585
250.0 750.0 0.07169
350.0 750.0 0.16096
450.0 750.0 0.24845
550.0 750.0 0.29108
650.0 750.0 0.24009
750.0 750.0 0.08493
850.0 750.0 -0.13210
950.0 750.0 -0.33562
1050.0 750.0 -0.47126
1150.0 750.0 -0.58592
1250.0 750.0 -0.76614
1350.0 750.0 -0.98040
1450.0 750.0 -1.14512
1550.0 750.0 -1.19992
1650.0 750.0 -1.14226
1750.0 750.0 -1.02155
1850.0 750.0 -0.89269
1950.0 750.0 -0.76158
2050.0 750.0 -0.63803
2150.0 750.0 -0.55061
2250.0 750.0 -0.51559
2350.0 750.0 -0.52261
2450.0 750.0 -0.53920
2550.0 750.0 -0.53419
2650.0 750.0 -0.52108
2750.0 750.0 -0.55827
2850.0 750.0 -0.62375
2950.0 750.0 -0.64725
3050.0 750.0 -0.57680
3150.0 750.0 -0.41008
3250.0 750.0 -0.19020
3350.0 750.0 0.03432
3450.0 750.0 0.27599
3550.0 750.0 0.52681
3650.0 750.0 0.69556
3750.0 750.0 0.70957
3850.0 750.0 0.57460
3950.0 750.0 0.37443
4050.0 750.0 0.20991
4150.0 750.0 0.08393
4250.0 750.0 -0.08430
4350.0 750.0 -0.27455
4450.0 750.0 -0.41418
4550.0 750.0 -0.45117
4650.0 750.0 -0.38780
4750.0 750.0 -0.27474
4850.0 750.0 -0.16565
4950.0 750.0 -0.07720
5050.0 750.0 -0.04052
5150.0 750.0 -0.05061
5250.0 750.0 -0.07417
5350.0 750.0 -0.07239
5450.0 750.0 -0.01876
5550.0 750.0 0.08839
5650.0 750.0 0.21966
5750.0 750.0 0.33601
5850.0 750.0 0.39918
5950.0 750.0 0.38443
6050.0 750.0 0.30196
6150.0 750.0 0.19678
6250.0 750.0 0.12626
6350.0 750.0 0.11520
50.0 850.0 -0.19977
150.0 850.0 -0.17251
250.0 850.0 -0.04304
350.0 850.0 0.12381
450.0 850.0 0.29112
550.0 850.0 0.40843
650.0 850.0 0.40671
750.0 850.0 0.26440
850.0 850.0 0.03147
950.0 850.0 -0.19404
1050.0 850.0 -0.33718
1150.0 850.0 -0.45492
1250.0 850.0 -0.66215
1350.0 850.0 -0.91734
1450.0 850.0 -1.10797
1550.0 850.0 -1.15168
1650.0 850.0 -1.04348
1750.0 850.0 -0.84853
1850.0 850.0 -0.64122
1950.0 850.0 -0.45646
2050.0 850.0 -0.34248
2150.0 850.0 -0.32120
2250.0 850.0 -0.37205
2350.0 850.0 -0.43927
2450.0 850.0 -0.45669
2550.0 850.0 -0.38989
2650.0 850.0 -0.29552
2750.0 850.0 -0.29912
2850.0 850.0 -0.41140
2950.0 850.0 -0.55160
3050.0 850.0 -0.62441
3150.0 850.0 -0.57048
3250.0 850.0 -0.38999
3350.0 850.0 -0.13915
3450.0 850.0 0.16514
3550.0 850.0 0.53742
3650.0 850.0 0.85030
3750.0 850.0 0.97277
3850.0 850.0 0.87182
3950.0 850.0 0.63004
4050.0 850.0 0.37940
4150.0 850.0 0.15338
4250.0 850.0 -0.15245
4350.0 850.0 -0.49653
4450.0 850.0 -0.74106
4550.0 850.0 -0.78905
4650.0 850.0 -0.64740
4750.0 850.0 -0.41450
4850.0 850.0 -0.19232
4950.0 850.0 0.00781
5050.0 850.0 0.15254
5150.0 850.0 0.21150
5250.0 850.0 0.19224
5350.0 850.0 0.13998
5450.0 850.0 0.11853
5550.0 850.0 0.17242
5650.0 850.0 0.27443
5750.0 850.0 0.35896
5850.0 850.0 0.38510
5950.0 850.0 0.33162
6050.0 850.0 0.21322
6150.0 850.0 0.07792
6250.0 850.0 -0.01671
6350.0 850.0 -0.04826
50.0 950.0 -0.40808
150.0 950.0 -0.31284
250.0 950.0 -0.12455
350.0 950.0 0.08836
450.0 950.0 0.30693
550.0 950.0 0.48336
650.0 950.0 0.53553
750.0 950.0 0.42921
850.0 950.0 0.21119
950.0 950.0 -0.01306
1050.0 950.0 -0.15697
1150.0 950.0 -0.27547
1250.0 950.0 -0.49019
1350.0 950.0 -0.75146
1450.0 950.0 -0.93332
1550.0 950.0 -0.94698
1650.0 950.0 -0.79219
1750.0 950.0 -0.54647
1850.0 950.0 -0.29277
1950.0 950.0 -0.08046
2050.0 950.0 0.01485
2150.0 950.0 -0.02421
2250.0 950.0 -0.15035
2350.0 950.0 -0.27463
2450.0 950.0 -0.30588
2550.0 950.0 -0.20700
2650.0 950.0 -0.06555
2750.0 950.0 -0.05081
2850.0 950.0 -0.19298
2950.0 950.0 -0.40474
3050.0 950.0 -0.56464
3150.0 950.0 -0.57912
3250.0 950.0 -0.42287
3350.0 950.0 -0.15692
3450.0 950.0 0.17796
3550.0 950.0 0.59739
3650.0 950.0 0.95316
3750.0 950.0 1.09000
3850.0 950.0 0.96543
3950.0 950.0 0.67213
4050.0 950.0 0.36276
4150.0 950.0 0.07933
4250.0 950.0 -0.29400
4350.0 950.0 -0.69678
4450.0 950.0 -0.95833
4550.0 950.0 -0.96693
4650.0 950.0 -0.74438
4750.0 950.0 -0.42423
4850.0 950.0 -0.13352
4950.0 950.0 0.12785
5050.0 950.0 0.31835
5150.0 950.0 0.38641
5250.0 950.0 0.33168
5350.0 950.0 0.21330
5450.0 950.0 0.12555
5550.0 950.0 0.14059
5650.0 950.0 0.22567
5750.0 950.0 0.29850
5850.0 950.0 0.32114
5950.0 950.0 0.27179
6050.0 950.0 0.16095
6150.0 950.0 0.03076
6250.0 950.0 -0.06605
6350.0 950.0 -0.10731
50.0 1050.0 -0.50086
150.0 1050.0 -0.36221
250.0 1050.0 -0.14806
350.0 1050.0 0.07765
450.0 1050.0 0.31383
550.0 1050.0 0.51990
650.0 1050.0 0.60913
750.0 1050.0 0.53834
850.0 1050.0 0.34639
950.0 1050.0 0.13541
1050.0 1050.0 -0.00538
1150.0 1050.0 -0.12291
1250.0 1050.0 -0.33033
1350.0 1050.0 -0.57319
1450.0 1050.0 -0.72599
1550.0 1050.0 -0.70536
1650.0 1050.0 -0.51926
1750.0 1050.0 -0.25194
1850.0 1050.0 0.01451
1950.0 1050.0 0.22942
2050.0 1050.0 0.30387
2150.0 1050.0 0.22249
2250.0 1050.0 0.04588
2350.0 1050.0 -0.12008
2450.0 1050.0 -0.17128
2550.0 1050.0 -0.06888
2650.0 1050.0 0.08513
2750.0 1050.0 0.11013
2850.0 1050.0 -0.02693
2950.0 1050.0 -0.23934
3050.0 1050.0 -0.40356
3150.0 1050.0 -0.42207
3250.0 1050.0 -0.26568
3350.0 1050.0 0.00493
3450.0 1050.0 0.33699
3550.0 1050.0 0.72531
3650.0 1050.0 1.01685
3750.0 1050.0 1.06776
3850.0 1050.0 0.85729
3950.0 1050.0 0.50052
4050.0 1050.0 0.16012
4150.0 1050.0 -0.13683
4250.0 1050.0 -0.50687
4350.0 1050.0 -0.87403
4450.0 1050.0 -1.06749
4550.0 1050.0 -0.99055
4650.0 1050.0 -0.68893
4750.0 1050.0 -0.31741
4850.0 1050.0 -0.00454
4950.0 1050.0 0.26667
5050.0 1050.0 0.44183
5150.0 1050.0 0.46292
5250.0 1050.0 0.33877
5350.0 1050.0 0.14833
5450.0 1050.0 0.00758
5550.0 1050.0 0.00015
5650.0 1050.0 0.08115
5750.0 1050.0 0.16428
5850.0 1050.0 0.22128
5950.0 1050.0 0.22509
6050.0 1050.0 0.17183
6150.0 1050.0 0.08719
6250.0 1050.0 0.01298
6350.0 1050.0 -0.02644
50.0 1150.0 -0.55240
150.0 1150.0 -0.38586
250.0 1150.0 -0.16305
350.0 1150.0 0.05934
450.0 1150.0 0.29737
550.0 1150.0 0.52024
650.0 1150.0 0.64039
750.0 1150.0 0.60670
850.0 1150.0 0.44727
950.0 1150.0 0.25541
1050.0 1150.0 0.11891
1150.0 1150.0 0.00176
1250.0 1150.0 -0.19571
1350.0 1150.0 -0.41565
1450.0 1150.0 -0.53693
1550.0 1150.0 -0.48462
1650.0 1150.0 -0.27519
1750.0 1150.0 0.00253
1850.0 1150.0 0.27000
1950.0 1150.0 0.48000
2050.0 1150.0 0.53684
2150.0 1150.0 0.42586
2250.0 1150.0 0.21463
2350.0 1150.0 0.01824
2450.0 1150.0 -0.05179
2550.0 1150.0 0.04465
2650.0 1150.0 0.19869
2750.0 1150.0 0.23119
2850.0 1150.0 0.11200
2950.0 1150.0 -0.07584
3050.0 1150.0 -0.21570
3150.0 1150.0 -0.21679
3250.0 1150.0 -0.05341
3350.0 1150.0 0.21630
3450.0 1150.0 0.53210
3550.0 1150.0 0.86173
3650.0 1150.0 1.05454
3750.0 1150.0 0.99109
3850.0 1150.0 0.68189
3950.0 1150.0 0.26610
4050.0 1150.0 -0.08944
4150.0 1150.0 -0.38008
4250.0 1150.0 -0.71920
4350.0 1150.0 -1.01924
4450.0 1150.0 -1.12210
4550.0 1150.0 -0.95531
4650.0 1150.0 -0.58812
4750.0 1150.0 -0.18751
4850.0 1150.0 0.12597
4950.0 1150.0 0.38558
5050.0 1150.0 0.52390
5150.0 1150.0 0.48206
5250.0 1150.0 0.28252
5350.0 1150.0 0.02349
5450.0 1150.0 -0.16284
5550.0 1150.0 -0.18810
5650.0 1150.0 -0.10979
5750.0 1150.0 -0.01113
5850.0 1150.0 0.09300
5950.0 1150.0 0.16942
6050.0 1150.0 0.19566
6150.0 1150.0 0.17567
6250.0 1150.0 0.13624
6350.0 1150.0 0.10404
50.0 1250.0 -0.63195
150.0 1250.0 -0.46382
250.0 1250.0 -0.26412
350.0 1250.0 -0.07757
450.0 1250.0 0.13652
550.0 1250.0 0.37006
650.0 1250.0 0.53932
750.0 1250.0 0.57880
850.0 1250.0 0.49051
950.0 1250.0 0.34178
1050.0 1250.0 0.21144
1150.0 1250.0 0.08716
1250.0 1250.0 -0.11078
1350.0 1250.0 -0.32057
1450.0 1250.0 -0.42269
1550.0 1250.0 -0.34806
1650.0 1250.0 -0.12068
1750.0 1250.0 0.16522
1850.0 1250.0 0.43278
1950.0 1250.0 0.64240
2050.0 1250.0 0.69948
2150.0 1250.0 0.58784
2250.0 1250.0 0.37364
2350.0 1250.0 0.17179
2450.0 1250.0 0.09486
2550.0 1250.0 0.18450
2650.0 1250.0 0.33271
2750.0 1250.0 0.36392
2850.0 1250.0 0.24778
2950.0 1250.0 0.06289
3050.0 1250.0 -0.07855
3150.0 1250.0 -0.08781
3250.0 1250.0 0.06186
3350.0 1250.0 0.31535
3450.0 1250.0 0.60159
3550.0 1250.0 0.86970
3650.0 1250.0 0.98415
3750.0 1250.0 0.85381
3850.0 1250.0 0.51089
3950.0 1250.0 0.09963
4050.0 1250.0 -0.22495
4150.0 1250.0 -0.47518
4250.0 1250.0 -0.75702
4350.0 1250.0 -0.98939
4450.0 1250.0 -1.03978
4550.0 1250.0 -0.85524
4650.0 1250.0 -0.50617
4750.0 1250.0 -0.14342
4850.0 1250.0 0.13122
4950.0 1250.0 0.35200
5050.0 1250.0 0.44827
5150.0 1250.0 0.36414
5250.0 1250.0 0.12631
5350.0 1250.0 -0.16488
5450.0 1250.0 -0.37827
5550.0 1250.0 -0.42861
5650.0 1250.0 -0.37450
5750.0 1250.0 -0.28095
5850.0 1250.0 -0.14210
5950.0 1250.0 0.00890
6050.0 1250.0 0.13088
6150.0 1250.0 0.19855
6250.0 1250.0 0.21262
6350.0 1250.0 0.19629
50.0 1350.0 -0.68845
150.0 1350.0 -0.55182
250.0 1350.0 -0.41660
350.0 1350.0 -0.30899
450.0 1350.0 -0.15653
550.0 1350.0 0.06821
650.0 1350.0 0.29253
750.0 1350.0 0.43236
850.0 1350.0 0.44893
950.0 1350.0 0.36500
1050.0 1350.0 0.24071
1150.0 1350.0 0.09919
1250.0 1350.0 -0.11385
1350.0 1350.0 -0.33216
1450.0 1350.0 -0.43381
1550.0 1350.0 -0.35151
1650.0 1350.0 -0.11487
1750.0 1350.0 0.17559
1850.0 1350.0 0.44201
1950.0 1350.0 0.65667
2050.0 1350.0 0.73539
2150.0 1350.0 0.65759
2250.0 1350.0 0.47788
2350.0 1350.0 0.29974
2450.0 1350.0 0.22943
2550.0 1350.0 0.31053
2650.0 1350.0 0.44552
2750.0 1350.0 0.46685
2850.0 1350.0 0.34097
2950.0 1350.0 0.13986
3050.0 1350.0 -0.02799
3150.0 1350.0 -0.07218
3250.0 1350.0 0.03973
3350.0 1350.0 0.25714
3450.0 1350.0 0.49679
3550.0 1350.0 0.70191
3650.0 1350.0 0.76893
3750.0 1350.0 0.63928
3850.0 1350.0 0.35295
3950.0 1350.0 0.03305
4050.0 1350.0 -0.19867
4150.0 1350.0 -0.36325
4250.0 1350.0 -0.55202
4350.0 1350.0 -0.71388
4450.0 1350.0 -0.75922
4550.0 1350.0 -0.64920
4650.0 1350.0 -0.42661
4750.0 1350.0 -0.18916
4850.0 1350.0 -0.00540
4950.0 1350.0 0.14216
5050.0 1350.0 0.19711
5150.0 1350.0 0.11196
5250.0 1350.0 -0.09808
5350.0 1350.0 -0.35776
5450.0 1350.0 -0.56365
5550.0 1350.0 -0.64526
5650.0 1350.0 -0.64419
5750.0 1350.0 -0.58978
5850.0 1350.0 -0.45032
5950.0 1350.0 -0.24814
6050.0 1350.0 -0.03662
6150.0 1350.0 0.12714
6250.0 1350.0 0.20799
6350.0 1350.0 0.21684
50.0 1450.0 -0.64909
150.0 1450.0 -0.56285
250.0 1450.0 -0.51761
350.0 1450.0 -0.51650
450.0 1450.0 -0.45448
550.0 1450.0 -0.26627
650.0 1450.0 -0.00763
750.0 1450.0 0.22219
850.0 1450.0 0.34169
950.0 1450.0 0.32279
1050.0 1450.0 0.20096
1150.0 1450.0 0.03561
1250.0 1450.0 -0.20294
1350.0 1450.0 -0.44397
1450.0 1450.0 -0.56012
1550.0 1450.0 -0.48252
1650.0 1450.0 -0.24438
1750.0 1450.0 0.04738
1850.0 1450.0 0.31175
1950.0 1450.0 0.53407
2050.0 1450.0 0.64502
2150.0 1450.0 0.61795
2250.0 1450.0 0.49073
2350.0 1450.0 0.34974
2450.0 1450.0 0.29155
2550.0 1450.0 0.36210
2650.0 1450.0 0.47954
2750.0 1450.0 0.48960
2850.0 1450.0 0.35521
2950.0 1450.0 0.13866
3050.0 1450.0 -0.05823
3150.0 1450.0 -0.14450
3250.0 1450.0 -0.08104
3350.0 1450.0 0.08820
3450.0 1450.0 0.27105
3550.0 1450.0 0.41500
3650.0 1450.0 0.45923
3750.0 1450.0 0.37924
3850.0 1450.0 0.21238
3950.0 1450.0 0.04256
4050.0 1450.0 -0.05569
4150.0 1450.0 -0.10557
4250.0 1450.0 -0.17711
4350.0 1450.0 -0.26345
4450.0 1450.0 -0.32953
4550.0 1450.0 -0.34832
4650.0 1450.0 -0.31782
4750.0 1450.0 -0.25975
4850.0 1450.0 -0.19985
4950.0 1450.0 -0.14530
5050.0 1450.0 -0.12115
5150.0 1450.0 -0.16262
5250.0 1450.0 -0.28019
5350.0 1450.0 -0.44716
5450.0 1450.0 -0.61007
5550.0 1450.0 -0.72226
5650.0 1450.0 -0.79298
5750.0 1450.0 -0.80832
5850.0 1450.0 -0.71348
5950.0 1450.0 -0.50970
6050.0 1450.0 -0.24956
6150.0 1450.0 -0.01372
6250.0 1450.0 0.12701
6350.0 1450.0 0.16413
50.0 1550.0 -0.48597
150.0 1550.0 -0.44592
250.0 1550.0 -0.48833
350.0 1550.0 -0.59284
450.0 1550.0 -0.62766
550.0 1550.0 -0.49895
650.0 1550.0 -0.24371
750.0 1550.0 0.03302
850.0 1550.0 0.21878
950.0 1550.0 0.24352
1050.0 1550.0 0.11880
1150.0 1550.0 -0.07039
1250.0 1550.0 -0.33574
1350.0 1550.0 -0.60254
1450.0 1550.0 -0.73742
1550.0 1550.0 -0.66880
1650.0 1550.0 -0.43233
1750.0 1550.0 -0.14068
1850.0 1550.0 0.12150
1950.0 1550.0 0.35004
2050.0 1550.0 0.48804
2150.0 1550.0 0.50308
2250.0 1550.0 0.41838
2350.0 1550.0 0.30599
2450.0 1550.0 0.25480
2550.0 1550.0 0.31346
2650.0 1550.0 0.41411
2750.0 1550.0 0.41934
2850.0 1550.0 0.29113
2950.0 1550.0 0.07952
3050.0 1550.0 -0.12558
3150.0 1550.0 -0.23813
3250.0 1550.0 -0.21545
3350.0 1550.0 -0.09299
3450.0 1550.0 0.03448
3550.0 1550.0 0.12156
3650.0 1550.0 0.14973
3750.0 1550.0 0.12678
3850.0 1550.0 0.08532
3950.0 1550.0 0.06868
4050.0 1550.0 0.10415
4150.0 1550.0 0.16818
4250.0 1550.0 0.21508
4350.0 1550.0 0.20904
4450.0 1550.0 0.13018
4550.0 1550.0 -0.00819
4650.0 1550.0 -0.16186
4750.0 1550.0 -0.27853
4850.0 1550.0 -0.34091
4950.0 1550.0 -0.37531
5050.0 1550.0 -0.36655
5150.0 1550.0 -0.33714
5250.0 1550.0 -0.32933
5350.0 1550.0 -0.37355
5450.0 1550.0 -0.47372
5550.0 1550.0 -0.60924
5650.0 1550.0 -0.75161
5750.0 1550.0 -0.84952
5850.0 1550.0 -0.83442
5950.0 1550.0 -0.68159
6050.0 1550.0 -0.42933
6150.0 1550.0 -0.16660
6250.0 1550.0 0.01016
6350.0 1550.0 0.07094
50.0 1650.0 -0.23647
150.0 1650.0 -0.21747
250.0 1650.0 -0.31850
350.0 1650.0 -0.49965
450.0 1650.0 -0.61190
550.0 1650.0 -0.54877
650.0 1650.0 -0.33175
750.0 1650.0 -0.06125
850.0 1650.0 0.13858
950.0 1650.0 0.17525
1050.0 1650.0 0.04331
1150.0 1650.0 -0.16312
1250.0 1650.0 -0.44671
1350.0 1650.0 -0.72955
1450.0 1650.0 -0.87441
1550.0 1650.0 -0.80869
1650.0 1650.0 -0.57077
1750.0 1650.0 -0.27803
1850.0 1650.0 -0.01735
1950.0 1650.0 0.21269
2050.0 1650.0 0.35947
2150.0 1650.0 0.38694
2250.0 1650.0 0.31205
2350.0 1650.0 0.20210
2450.0 1650.0 0.14488
2550.0 1650.0 0.19168
2650.0 1650.0 0.28101
2750.0 1650.0 0.29234
2850.0 1650.0 0.19073
2950.0 1650.0 0.01333
3050.0 1650.0 -0.16664
3150.0 1650.0 -0.27498
3250.0 1650.0 -0.27100
3350.0 1650.0 -0.18119
3450.0 1650.0 -0.09677
3550.0 1650.0 -0.06209
3650.0 1650.0 -0.06470
3750.0 1650.0 -0.06884
3850.0 1650.0 -0.03922
3950.0 1650.0 0.04297
4050.0 1650.0 0.17179
4150.0 1650.0 0.31946
4250.0 1650.0 0.46233
4350.0 1650.0 0.53867
4450.0 1650.0 0.48464
4550.0 1650.0 0.29470
4650.0 1650.0 0.03434
4750.0 1650.0 -0.19594
4850.0 1650.0 -0.34525
4950.0 1650.0 -0.44271
5050.0 1650.0 -0.43720
5150.0 1650.0 -0.34164
5250.0 1650.0 -0.22472
5350.0 1650.0 -0.16331
5450.0 1650.0 -0.20718
5550.0 1650.0 -0.35599
5650.0 1650.0 -0.55104
5750.0 1650.0 -0.71970
5850.0 1650.0 -0.79083
5950.0 1650.0 -0.71671
6050.0 1650.0 -0.51457
6150.0 1650.0 -0.26756
6250.0 1650.0 -0.08305
6350.0 1650.0 -0.00848
50.0 1750.0 0.02266
150.0 1750.0 0.05480
250.0 1750.0 -0.06287
350.0 1750.0 -0.27735
450.0 1750.0 -0.43103
550.0 1750.0 -0.42011
650.0 1750.0 -0.25718
750.0 1750.0 -0.03147
850.0 1750.0 0.13904
950.0 1750.0 0.16031
1050.0 1750.0 0.01989
1150.0 1750.0 -0.19370
1250.0 1750.0 -0.48125
1350.0 1750.0 -0.76226
1450.0 1750.0 -0.89953
1550.0 1750.0 -0.82320
1650.0 1750.0 -0.57597
1750.0 1750.0 -0.27890
1850.0 1750.0 -0.01853
1950.0 1750.0 0.20721
2050.0 1750.0 0.34002
2150.0 1750.0 0.34315
2250.0 1750.0 0.23798
2350.0 1750.0 0.09904
2450.0 1750.0 0.02094
2550.0 1750.0 0.05725
2650.0 1750.0 0.14287
2750.0 1750.0 0.17058
2850.0 1750.0 0.11223
2950.0 1750.0 -0.00641
3050.0 1750.0 -0.13093
3150.0 1750.0 -0.20414
3250.0 1750.0 -0.19280
3350.0 1750.0 -0.11541
3450.0 1750.0 -0.05664
3550.0 1750.0 -0.07174
3650.0 1750.0 -0.13428
3750.0 1750.0 -0.18523
3850.0 1750.0 -0.17325
3950.0 1750.0 -0.07822
4050.0 1750.0 0.08214
4150.0 1750.0 0.26801
4250.0 1750.0 0.47140
4350.0 1750.0 0.62852
4450.0 1750.0 0.64883
4550.0 1750.0 0.50201
4650.0 1750.0 0.24538
4750.0 1750.0 -0.00988
4850.0 1750.0 -0.19366
4950.0 1750.0 -0.31874
5050.0 1750.0 -0.31313
5150.0 1750.0 -0.18550
5250.0 1750.0 -0.01685
5350.0 1750.0 0.09447
5450.0 1750.0 0.07757
5550.0 1750.0 -0.07643
5650.0 1750.0 -0.29529
5750.0 1750.0 -0.50405
5850.0 1750.0 -0.63660
5950.0 1750.0 -0.63166
6050.0 1750.0 -0.48836
6150.0 1750.0 -0.27745
6250.0 1750.0 -0.10474
6350.0 1750.0 -0.02691
50.0 1850.0 0.24708
150.0 1850.0 0.31575
250.0 1850.0 0.21089
350.0 1850.0 -0.00609
450.0 1850.0 -0.17325
550.0 1850.0 -0.19727
650.0 1850.0 -0.08726
750.0 1850.0 0.08042
850.0 1850.0 0.20282
950.0 1850.0 0.19640
1050.0 1850.0 0.04853
1150.0 1850.0 -0.16478
1250.0 1850.0 -0.44536
1350.0 1850.0 -0.71048
1450.0 1850.0 -0.82604
1550.0 1850.0 -0.72802
1650.0 1850.0 -0.46497
1750.0 1850.0 -0.16099
1850.0 1850.0 0.09980
1950.0 1850.0 0.31740
2050.0 1850.0 0.42156
2150.0 1850.0 0.37683
2250.0 1850.0 0.21596
2350.0 1850.0 0.02836
2450.0 1850.0 -0.07961
2550.0 1850.0 -0.05244
2650.0 1850.0 0.03454
2750.0 1850.0 0.08374
2850.0 1850.0 0.07559
2950.0 1850.0 0.02644
3050.0 1850.0 -0.02791
3150.0 1850.0 -0.04911
3250.0 1850.0 -0.01431
3350.0 1850.0 0.06465
3450.0 1850.0 0.10978
3550.0 1850.0 0.04541
3650.0 1850.0 -0.10010
3750.0 1850.0 -0.24724
3850.0 1850.0 -0.31844
3950.0 1850.0 -0.27328
4050.0 1850.0 -0.12593
4150.0 1850.0 0.06568
4250.0 1850.0 0.30358
4350.0 1850.0 0.53853
4450.0 1850.0 0.66590
4550.0 1850.0 0.62698
4650.0 1850.0 0.45066
4750.0 1850.0 0.23253
4850.0 1850.0 0.05141
4950.0 1850.0 -0.07717
5050.0 1850.0 -0.07430
5150.0 1850.0 0.05173
5250.0 1850.0 0.21974
5350.0 1850.0 0.33078
5450.0 1850.0 0.31312
5550.0 1850.0 0.15736
5650.0 1850.0 -0.06456
5750.0 1850.0 -0.28695
5850.0 1850.0 -0.45097
5950.0 1850.0 -0.49034
6050.0 1850.0 -0.39281
6150.0 1850.0 -0.21721
6250.0 1850.0 -0.06230
6350.0 1850.0 0.01272
50.0 1950.0 0.47520
150.0 1950.0 0.60235
250.0 1950.0 0.52370
350.0 1950.0 0.31116
450.0 1950.0 0.13200
550.0 1950.0 0.06520
650.0 1950.0 0.10919
750.0 1950.0 0.20774
850.0 1950.0 0.27896
950.0 1950.0 0.25196
1050.0 1950.0 0.11139
1150.0 1950.0 -0.08382
1250.0 1950.0 -0.33546
1350.0 1950.0 -0.56463
1450.0 1950.0 -0.64961
1550.0 1950.0 -0.53621
1650.0 1950.0 -0.27481
1750.0 1950.0 0.01650
1850.0 1950.0 0.26179
1950.0 1950.0 0.45732
2050.0 1950.0 0.52286
2150.0 1950.0 0.42543
2250.0 1950.0 0.20789
2350.0 1950.0 -0.02862
2450.0 1950.0 -0.16958
2550.0 1950.0 -0.15936
2650.0 1950.0 -0.08097
2750.0 1950.0 -0.01912
2850.0 1950.0 0.01726
2950.0 1950.0 0.03617
3050.0 1950.0 0.05392
3150.0 1950.0 0.08736
3250.0 1950.0 0.14597
3350.0 1950.0 0.22387
3450.0 1950.0 0.25573
3550.0 1950.0 0.15162
3650.0 1950.0 -0.06146
3750.0 1950.0 -0.29092
3850.0 1950.0 -0.43929
3950.0 1950.0 -0.44830
4050.0 1950.0 -0.32632
4150.0 1950.0 -0.14448
4250.0 1950.0 0.10918
4350.0 1950.0 0.40326
4450.0 1950.0 0.62616
4550.0 1950.0 0.69492
4650.0 1950.0 0.60815
4750.0 1950.0 0.43936
4850.0 1950.0 0.27076
4950.0 1950.0 0.14550
5050.0 1950.0 0.14495
5150.0 1950.0 0.26097
5250.0 1950.0 0.41634
5350.0 1950.0 0.51718
5450.0 1950.0 0.49573
5550.0 1950.0 0.34338
5650.0 1950.0 0.12824
5750.0 1950.0 -0.09076
5850.0 1950.0 -0.26045
5950.0 1950.0 -0.31667
6050.0 1950.0 -0.24419
6150.0 1950.0 -0.09467
6250.0 1950.0 0.04101
6350.0 1950.0 0.10615
50.0 2050.0 0.67670
150.0 2050.0 0.89260
250.0 2050.0 0.85779
350.0 2050.0 0.65762
450.0 2050.0 0.46341
550.0 2050.0 0.33388
650.0 2050.0 0.28677
750.0 2050.0 0.30220
850.0 2050.0 0.32943
950.0 2050.0 0.30985
1050.0 2050.0 0.21639
1150.0 2050.0 0.08360
1250.0 2050.0 -0.08649
1350.0 2050.0 -0.23521
1450.0 2050.0 -0.27577
1550.0 2050.0 -0.17206
1650.0 2050.0 0.03598
1750.0 2050.0 0.26075
1850.0 2050.0 0.44833
1950.0 2050.0 0.58883
2050.0 2050.0 0.60324
2150.0 2050.0 0.46283
2250.0 2050.0 0.21150
2350.0 2050.0 -0.05319
2450.0 2050.0 -0.22332
2550.0 2050.0 -0.24839
2650.0 2050.0 -0.20655
2750.0 2050.0 -0.15924
2850.0 2050.0 -0.10082
2950.0 2050.0 -0.02845
3050.0 2050.0 0.05425
3150.0 2050.0 0.13823
3250.0 2050.0 0.21384
3350.0 2050.0 0.27898
3450.0 2050.0 0.29609
3550.0 2050.0 0.18236
3650.0 2050.0 -0.04154
3750.0 2050.0 -0.29047
3850.0 2050.0 -0.46991
3950.0 2050.0 -0.51858
4050.0 2050.0 -0.43857
4150.0 2050.0 -0.29722
4250.0 2050.0 -0.07223
4350.0 2050.0 0.22452
4450.0 2050.0 0.49068
4550.0 2050.0 0.63396
4650.0 2050.0 0.62744
4750.0 2050.0 0.51592
4850.0 2050.0 0.37329
4950.0 2050.0 0.26197
5050.0 2050.0 0.25850
5150.0 2050.0 0.35563
5250.0 2050.0 0.48641
5350.0 2050.0 0.56969
5450.0 2050.0 0.54707
5550.0 2050.0 0.41137
5650.0 2050.0 0.22224
5750.0 2050.0 0.04081
5850.0 2050.0 -0.08205
5950.0 2050.0 -0.09948
6050.0 2050.0 -0.01098
6150.0 2050.0 0.12917
6250.0 2050.0 0.23984
6350.0 2050.0 0.27768
50.0 2150.0 0.76092
150.0 2150.0 1.05908
250.0 2150.0 1.07013
350.0 2150.0 0.88855
450.0 2150.0 0.68037
550.0 2150.0 0.48216
650.0 2150.0 0.34090
750.0 2150.0 0.28312
850.0 2150.0 0.29240
950.0 2150.0 0.31750
1050.0 2150.0 0.31104
1150.0 2150.0 0.28151
1250.0 2150.0 0.23902
1350.0 2150.0 0.20600
1450.0 2150.0 0.21449
1550.0 2150.0 0.27706
1650.0 2150.0 0.37779
1750.0 2150.0 0.48333
1850.0 2150.0 0.57375
1950.0 2150.0 0.63301
2050.0 2150.0 0.60049
2150.0 2150.0 0.45264
2250.0 2150.0 0.21951
2350.0 2150.0 -0.02742
2450.0 2150.0 -0.20704
2550.0 2150.0 -0.27979
2650.0 2150.0 -0.30085
2750.0 2150.0 -0.29796
2850.0 2150.0 -0.24898
2950.0 2150.0 -0.15140
3050.0 2150.0 -0.02534
3150.0 2150.0 0.09421
3250.0 2150.0 0.17518
3350.0 2150.0 0.21604
3450.0 2150.0 0.21910
3550.0 2150.0 0.13225
3650.0 2150.0 -0.03490
3750.0 2150.0 -0.22723
3850.0 2150.0 -0.37916
3950.0 2150.0 -0.44409
4050.0 2150.0 -0.41831
4150.0 2150.0 -0.34640
4250.0 2150.0 -0.19724
4350.0 2150.0 0.03526
4450.0 2150.0 0.27543
4550.0 2150.0 0.44088
4650.0 2150.0 0.48933
4750.0 2150.0 0.43416
4850.0 2150.0 0.32867
4950.0 2150.0 0.24139
5050.0 2150.0 0.23643
5150.0 2150.0 0.30814
5250.0 2150.0 0.40538
5350.0 2150.0 0.46620
5450.0 2150.0 0.44613
5550.0 2150.0 0.33980
5650.0 2150.0 0.19441
5750.0 2150.0 0.07980
5850.0 2150.0 0.04593
5950.0 2150.0 0.10917
6050.0 2150.0 0.24138
6150.0 2150.0 0.37931
6250.0 2150.0 0.45525
6350.0 2150.0 0.44881
50.0 2250.0 0.67757
150.0 2250.0 1.01022
250.0 2250.0 1.04919
350.0 2250.0 0.88722
450.0 2250.0 0.67058
550.0 2250.0 0.41776
650.0 2250.0 0.20757
750.0 2250.0 0.11039
850.0 2250.0 0.13739
950.0 2250.0 0.23675
1050.0 2250.0 0.33696
1150.0 2250.0 0.42656
1250.0 2250.0 0.52635
1350.0 2250.0 0.61512
1450.0 2250.0 0.66378
1550.0 2250.0 0.66204
1650.0 2250.0 0.62619
1750.0 2250.0 0.58805
1850.0 2250.0 0.56527
1950.0 2250.0 0.53858
2050.0 2250.0 0.48150
2150.0 2250.0 0.37492
2250.0 2250.0 0.22084
2350.0 2250.0 0.04482
2450.0 2250.0 -0.11533
2550.0 2250.0 -0.23465
2650.0 2250.0 -0.32967
2750.0 2250.0 -0.38912
2850.0 2250.0 -0.37598
2950.0 2250.0 -0.28361
3050.0 2250.0 -0.14226
3150.0 2250.0 -0.00775
3250.0 2250.0 0.06708
3350.0 2250.0 0.07815
3450.0 2250.0 0.07020
3550.0 2250.0 0.03590
3650.0 2250.0 -0.02817
3750.0 2250.0 -0.11050
3850.0 2250.0 -0.19102
3950.0 2250.0 -0.24994
4050.0 2250.0 -0.27917
4150.0 2250.0 -0.28872
4250.0 2250.0 -0.24188
4350.0 2250.0 -0.11922
4450.0 2250.0 0.04033
4550.0 2250.0 0.17896
4650.0 2250.0 0.25057
4750.0 2250.0 0.24057
4850.0 2250.0 0.17497
4950.0 2250.0 0.11603
5050.0 2250.0 0.11138
5150.0 2250.0 0.15736
5250.0 2250.0 0.22025
5350.0 2250.0 0.25920
5450.0 2250.0 0.24483
5550.0 2250.0 0.17353
5650.0 2250.0 0.07879
5750.0 2250.0 0.03942
5850.0 2250.0 0.10267
5950.0 2250.0 0.25049
6050.0 2250.0 0.42378
6150.0 2250.0 0.55149
6250.0 2250.0 0.58311
6350.0 2250.0 0.52456
50.0 2350.0 0.46145
150.0 2350.0 0.76475
250.0 2350.0 0.80335
350.0 2350.0 0.65647
450.0 2350.0 0.43841
550.0 2350.0 0.15741
650.0 2350.0 -0.08179
750.0 2350.0 -0.17827
850.0 2350.0 -0.10632
950.0 2350.0 0.07471
1050.0 2350.0 0.27198
1150.0 2350.0 0.46455
1250.0 2350.0 0.68372
1350.0 2350.0 0.86918
1450.0 2350.0 0.94053
1550.0 2350.0 0.87083
1650.0 2350.0 0.70753
1750.0 2350.0 0.54068
1850.0 2350.0 0.41924
1950.0 2350.0 0.32500
2050.0 2350.0 0.27211
2150.0 2350.0 0.24405
2250.0 2350.0 0.20811
2350.0 2350.0 0.13667
2450.0 2350.0 0.01947
2550.0 2350.0 -0.13283
2650.0 2350.0 -0.29253
2750.0 2350.0 -0.41181
2850.0 2350.0 -0.44286
2950.0 2350.0 -0.37310
3050.0 2350.0 -0.23684
3150.0 2350.0 -0.10313
3250.0 2350.0 -0.04012
3350.0 2350.0 -0.05577
3450.0 2350.0 -0.07098
3550.0 2350.0 -0.05028
3650.0 2350.0 -0.00852
3750.0 2350.0 0.02411
3850.0 2350.0 0.02293
3950.0 2350.0 -0.01988
4050.0 2350.0 -0.09344
4150.0 2350.0 -0.17419
4250.0 2350.0 -0.22301
4350.0 2350.0 -0.21247
4450.0 2350.0 -0.14687
4550.0 2350.0 -0.05644
4650.0 2350.0 0.01602
4750.0 2350.0 0.03568
4850.0 2350.0 0.00322
4950.0 2350.0 -0.03083
5050.0 2350.0 -0.03387
5150.0 2350.0 -0.00781
5250.0 2350.0 0.02823
5350.0 2350.0 0.05091
5450.0 2350.0 0.04325
5550.0 2350.0 0.00299
5650.0 2350.0 -0.04807
5750.0 2350.0 -0.02812
5850.0 2350.0 0.10354
5950.0 2350.0 0.30121
6050.0 2350.0 0.48499
6150.0 2350.0 0.58380
6250.0 2350.0 0.56645
6350.0 2350.0 0.46067
50.0 2450.0 0.21727
150.0 2450.0 0.44371
250.0 2450.0 0.45758
350.0 2450.0 0.31789
450.0 2450.0 0.10341
550.0 2450.0 -0.18029
650.0 2450.0 -0.41394
750.0 2450.0 -0.48386
850.0 2450.0 -0.36256
950.0 2450.0 -0.11921
1050.0 2450.0 0.14014
1150.0 2450.0 0.39474
1250.0 2450.0 0.68331
1350.0 2450.0 0.92107
1450.0 2450.0 0.99773
1550.0 2450.0 0.87850
1650.0 2450.0 0.63191
1750.0 2450.0 0.38442
1850.0 2450.0 0.20299
1950.0 2450.0 0.07400
2050.0 2450.0 0.04583
2150.0 2450.0 0.10236
2250.0 2450.0 0.18097
2350.0 2450.0 0.21020
2450.0 2450.0 0.14163
2550.0 2450.0 -0.02416
2650.0 2450.0 -0.22308
2750.0 2450.0 -0.37980
2850.0 2450.0 -0.44036
2950.0 2450.0 -0.38813
3050.0 2450.0 -0.25884
3150.0 2450.0 -0.12855
3250.0 2450.0 -0.07407
3350.0 2450.0 -0.10608
3450.0 2450.0 -0.12597
3550.0 2450.0 -0.07313
3650.0 2450.0 0.03069
3750.0 2450.0 0.13051
3850.0 2450.0 0.17522
3950.0 2450.0 0.14080
4050.0 2450.0 0.03996
4150.0 2450.0 -0.08394
4250.0 2450.0 -0.19091
4350.0 2450.0 -0.24878
4450.0 2450.0 -0.24081
4550.0 2450.0 -0.18033
4650.0 2450.0 -0.10792
4750.0 2450.0 -0.07059
4850.0 2450.0 -0.08304
4950.0 2450.0 -0.10185
5050.0 2450.0 -0.10319
5150.0 2450.0 -0.08789
5250.0 2450.0 -0.06651
5350.0 2450.0 -0.05223
5450.0 2450.0 -0.05486
5550.0 2450.0 -0.07599
5650.0 2450.0 -0.10113
5750.0 2450.0 -0.05471
5850.0 2450.0 0.09330
5950.0 2450.0 0.28410
6050.0 2450.0 0.43466
6150.0 2450.0 0.48449
6250.0 2450.0 0.42101
6350.0 2450.0 0.28354
50.0 2550.0 0.04437
150.0 2550.0 0.18012
250.0 2550.0 0.15842
350.0 2550.0 0.01847
450.0 2550.0 -0.19124
550.0 2550.0 -0.46358
650.0 2550.0 -0.67617
750.0 2550.0 -0.71645
850.0 2550.0 -0.56236
950.0 2550.0 -0.29029
1050.0 2550.0 -0.01033
1150.0 2550.0 0.26182
1250.0 2550.0 0.56819
1350.0 2550.0 0.81636
1450.0 2550.0 0.88835
1550.0 2550.0 0.74877
1650.0 2550.0 0.47380
1750.0 2550.0 0.20116
1850.0 2550.0 0.00237
1950.0 2550.0 -0.13032
2050.0 2550.0 -0.12877
2150.0 2550.0 -0.01017
2250.0 2550.0 0.14516
2350.0 2550.0 0.24137
2450.0 2550.0 0.20982
2550.0 2550.0 0.04679
2650.0 2550.0 -0.16302
2750.0 2550.0 -0.32758
2850.0 2550.0 -0.38993
2950.0 2550.0 -0.33346
3050.0 2550.0 -0.19676
3150.0 2550.0 -0.06038
3250.0 2550.0 -0.00503
3350.0 2550.0 -0.04131
3450.0 2550.0 -0.06540
3550.0 2550.0 -0.01483
3650.0 2550.0 0.08676
3750.0 2550.0 0.18200
3850.0 2550.0 0.21860
3950.0 2550.0 0.17321
4050.0 2550.0 0.06028
4150.0 2550.0 -0.07565
4250.0 2550.0 -0.19321
4350.0 2550.0 -0.25569
4450.0 2550.0 -0.24275
4550.0 2550.0 -0.16848
4650.0 2550.0 -0.07878
4750.0 2550.0 -0.02776
4850.0 2550.0 -0.03310
4950.0 2550.0 -0.04748
5050.0 2550.0 -0.04809
5150.0 2550.0 -0.03544
5250.0 2550.0 -0.01772
5350.0 2550.0 -0.00536
5450.0 2550.0 -0.00623
5550.0 2550.0 -0.02175
5650.0 2550.0 -0.04026
5750.0 2550.0 -0.00060
5850.0 2550.0 0.11410
5950.0 2550.0 0.24671
6050.0 2550.0 0.32773
6150.0 2550.0 0.31578
6250.0 2550.0 0.21407
6350.0 2550.0 0.06283
50.0 2650.0 -0.07302
150.0 2650.0 -0.02443
250.0 2650.0 -0.08301
350.0 2650.0 -0.22677
450.0 2650.0 -0.43232
550.0 2650.0 -0.68940
650.0 2650.0 -0.87734
750.0 2650.0 -0.89019
850.0 2650.0 -0.71367
950.0 2650.0 -0.42970
1050.0 2650.0 -0.14835
1150.0 2650.0 0.12122
1250.0 2650.0 0.42204
1350.0 2650.0 0.66133
1450.0 2650.0 0.72305
1550.0 2650.0 0.57440
1650.0 2650.0 0.29354
1750.0 2650.0 0.01868
1850.0 2650.0 -0.18005
1950.0 2650.0 -0.30489
2050.0 2650.0 -0.27571
2150.0 2650.0 -0.11102
2250.0 2650.0 0.09781
2350.0 2650.0 0.24061
2450.0 2650.0 0.23746
2550.0 2650.0 0.08288
2650.0 2650.0 -0.12580
2750.0 2650.0 -0.28383
2850.0 2650.0 -0.33157
2950.0 2650.0 -0.25485
3050.0 2650.0 -0.09736
3150.0 2650.0 0.05497
3250.0 2650.0 0.11834
3350.0 2650.0 0.08384
3450.0 2650.0 0.05541
3550.0 2650.0 0.08585
3650.0 2650.0 0.15192
3750.0 2650.0 0.20493
3850.0 2650.0 0.20427
3950.0 2650.0 0.13605
4050.0 2650.0 0.01686
4150.0 2650.0 -0.11711
4250.0 2650.0 -0.22373
4350.0 2650.0 -0.26129
4450.0 2650.0 -0.21320
4550.0 2650.0 -0.10223
4650.0 2650.0 0.01634
4750.0 2650.0 0.08262
4850.0 2650.0 0.08117
4950.0 2650.0 0.06820
5050.0 2650.0 0.06772
5150.0 2650.0 0.07882
5250.0 2650.0 0.09374
5350.0 2650.0 0.10310
5450.0 2650.0 0.10017
5550.0 2650.0 0.08419
5650.0 2650.0 0.06502
5750.0 2650.0 0.08567
5850.0 2650.0 0.14943
5950.0 2650.0 0.20692
6050.0 2650.0 0.20829
6150.0 2650.0 0.13377
6250.0 2650.0 0.00034
6350.0 2650.0 -0.15535
50.0 2750.0 -0.13544
150.0 2750.0 -0.16233
250.0 2750.0 -0.25966
350.0 2750.0 -0.41512
450.0 2750.0 -0.61846
550.0 2750.0 -0.84998
650.0 2750.0 -0.99596
750.0 2750.0 -0.96656
850.0 2750.0 -0.76326
950.0 2750.0 -0.47636
1050.0 2750.0 -0.21267
1150.0 2750.0 0.03122
1250.0 2750.0 0.29687
1350.0 2750.0 0.49500
1450.0 2750.0 0.52061
1550.0 2750.0 0.34952
1650.0 2750.0 0.06135
1750.0 2750.0 -0.21125
1850.0 2750.0 -0.40541
1950.0 2750.0 -0.52068
2050.0 2750.0 -0.46854
2150.0 2750.0 -0.26817
2250.0 2750.0 -0.01818
2350.0 2750.0 0.16150
2450.0 2750.0 0.18310
2550.0 2750.0 0.03964
2650.0 2750.0 -0.16222
2750.0 2750.0 -0.30263
2850.0 2750.0 -0.31619
2950.0 2750.0 -0.19289
3050.0 2750.0 0.01358
3150.0 2750.0 0.20608
3250.0 2750.0 0.29369
3350.0 2750.0 0.27043
3450.0 2750.0 0.24009
3550.0 2750.0 0.23553
3650.0 2750.0 0.23570
3750.0 2750.0 0.21119
3850.0 2750.0 0.14571
3950.0 2750.0 0.04385
4050.0 2750.0 -0.07492
4150.0 2750.0 -0.19315
4250.0 2750.0 -0.27916
4350.0 2750.0 -0.28879
4450.0 2750.0 -0.20724
4550.0 2750.0 -0.06169
4650.0 2750.0 0.08764
4750.0 2750.0 0.17766
4850.0 2750.0 0.19394
4950.0 2750.0 0.19470
5050.0 2750.0 0.19597
5150.0 2750.0 0.19303
5250.0 2750.0 0.18190
5350.0 2750.0 0.16266
5450.0 2750.0 0.13969
5550.0 2750.0 0.11855
5650.0 2750.0 0.10190
5750.0 2750.0 0.10720
5850.0 2750.0 0.12657
5950.0 2750.0 0.12166
6050.0 2750.0 0.06288
6150.0 2750.0 -0.05088
6250.0 2750.0 -0.19376
6350.0 2750.0 -0.33559
50.0 2850.0 -0.09810
150.0 2850.0 -0.17146
250.0 2850.0 -0.30519
350.0 2850.0 -0.48328
450.0 2850.0 -0.68876
550.0 2850.0 -0.88487
650.0 2850.0 -0.97192
750.0 2850.0 -0.88786
850.0 2850.0 -0.65891
950.0 2850.0 -0.38619
1050.0 2850.0 -0.16847
1150.0 2850.0 0.01752
1250.0 2850.0 0.21182
1350.0 2850.0 0.33601
1450.0 2850.0 0.30636
1550.0 2850.0 0.11123
1650.0 2850.0 -0.17367
1750.0 2850.0 -0.43216
1850.0 2850.0 -0.61501
1950.0 2850.0 -0.72003
2050.0 2850.0 -0.65744
2150.0 2850.0 -0.44576
2250.0 2850.0 -0.18324
2350.0 2850.0 0.00995
2450.0 2850.0 0.04525
2550.0 2850.0 -0.08502
2650.0 2850.0 -0.27284
2750.0 2850.0 -0.38744
2850.0 2850.0 -0.35632
2950.0 2850.0 -0.17284
3050.0 2850.0 0.09856
3150.0 2850.0 0.34760
3250.0 2850.0 0.47411
3350.0 2850.0 0.47454
3450.0 2850.0 0.44894
3550.0 2850.0 0.40085
3650.0 2850.0 0.31384
3750.0 2850.0 0.18772
3850.0 2850.0 0.04151
3950.0 2850.0 -0.09467
4050.0 2850.0 -0.19879
4150.0 2850.0 -0.28186
4250.0 2850.0 -0.33820
4350.0 2850.0 -0.32731
4450.0 2850.0 -0.23126
4550.0 2850.0 -0.07122
4650.0 2850.0 0.09854
4750.0 2850.0 0.21816
4850.0 2850.0 0.27124
4950.0 2850.0 0.30456
5050.0 2850.0 0.31435
5150.0 2850.0 0.28725
5250.0 2850.0 0.22613
5350.0 2850.0 0.15022
5450.0 2850.0 0.08709
5550.0 2850.0 0.05618
5650.0 2850.0 0.04699
5750.0 2850.0 0.04450
5850.0 2850.0 0.03475
5950.0 2850.0 -0.00577
6050.0 2850.0 -0.08775
6150.0 2850.0 -0.20019
6250.0 2850.0 -0.31685
6350.0 2850.0 -0.41786
50.0 2950.0 0.03684
150.0 2950.0 -0.04637
250.0 2950.0 -0.20790
350.0 2950.0 -0.41553
450.0 2950.0 -0.62823
550.0 2950.0 -0.78911
650.0 2950.0 -0.81670
750.0 2950.0 -0.68199
850.0 2950.0 -0.43873
950.0 2950.0 -0.19799
1050.0 2950.0 -0.04714
1150.0 2950.0 0.06005
1250.0 2950.0 0.16689
1350.0 2950.0 0.21329
1450.0 2950.0 0.14021
1550.0 2950.0 -0.05538
1650.0 2950.0 -0.31182
1750.0 2950.0 -0.54018
1850.0 2950.0 -0.70627
1950.0 2950.0 -0.80281
2050.0 2950.0 -0.74629
2150.0 2950.0 -0.55328
2250.0 2950.0 -0.31322
2350.0 2950.0 -0.13591
2450.0 2950.0 -0.10257
2550.0 2950.0 -0.22059
2650.0 2950.0 -0.39052
2750.0 2950.0 -0.48412
2850.0 2950.0 -0.42500
2950.0 2950.0 -0.20517
3050.0 2950.0 0.10844
3150.0 2950.0 0.39995
3250.0 2950.0 0.56349
3350.0 2950.0 0.59452
3450.0 2950.0 0.58249
3550.0 2950.0 0.50232
3650.0 2950.0 0.34374
3750.0 2950.0 0.13547
3850.0 2950.0 -0.07037
3950.0 2950.0 -0.22123
4050.0 2950.0 -0.29462
4150.0 2950.0 -0.32959
4250.0 2950.0 -0.35628
4350.0 2950.0 -0.34508
4450.0 2950.0 -0.26922
4550.0 2950.0 -0.13104
4650.0 2950.0 0.03464
4750.0 2950.0 0.17913
4850.0 2950.0 0.28067
4950.0 2950.0 0.36067
5050.0 2950.0 0.38957
5150.0 2950.0 0.34235
5250.0 2950.0 0.22829
5350.0 2950.0 0.08879
5450.0 2950.0 -0.02024
5550.0 2950.0 -0.06130
5650.0 2950.0 -0.05939
5750.0 2950.0 -0.06168
5850.0 2950.0 -0.08267
5950.0 2950.0 -0.12952
6050.0 2950.0 -0.19772
6150.0 2950.0 -0.27182
6250.0 2950.0 -0.33305
6350.0 2950.0 -0.37393
50.0 3050.0 0.22163
150.0 3050.0 0.15582
250.0 3050.0 -0.02259
350.0 3050.0 -0.25936
450.0 3050.0 -0.48275
550.0 3050.0 -0.61866
650.0 3050.0 -0.60325
750.0 3050.0 -0.43678
850.0 3050.0 -0.19565
950.0 3050.0 0.00290
1050.0 3050.0 0.08334
1150.0 3050.0 0.11209
1250.0 3050.0 0.14334
1350.0 3050.0 0.13938
1450.0 3050.0 0.06071
1550.0 3050.0 -0.09713
1650.0 3050.0 -0.29684
1750.0 3050.0 -0.48224
1850.0 3050.0 -0.63003
1950.0 3050.0 -0.72150
2050.0 3050.0 -0.68394
2150.0 3050.0 -0.53125
2250.0 3050.0 -0.33879
2350.0 3050.0 -0.19915
2450.0 3050.0 -0.18084
2550.0 3050.0 -0.29016
2650.0 3050.0 -0.44356
2750.0 3050.0 -0.53195
2850.0 3050.0 -0.48146
2950.0 3050.0 -0.27606
3050.0 3050.0 0.02823
3150.0 3050.0 0.32371
3250.0 3050.0 0.50642
3350.0 3050.0 0.56615
3450.0 3050.0 0.57457
3550.0 3050.0 0.48881
3650.0 3050.0 0.30454
3750.0 3050.0 0.06881
3850.0 3050.0 -0.14770
3950.0 3050.0 -0.28205
4050.0 3050.0 -0.31422
4150.0 3050.0 -0.30083
4250.0 3050.0 -0.30709
4350.0 3050.0 -0.31946
4450.0 3050.0 -0.29826
4550.0 3050.0 -0.21784
4650.0 3050.0 -0.08381
4750.0 3050.0 0.07230
4850.0 3050.0 0.22089
4950.0 3050.0 0.35033
5050.0 3050.0 0.40793
5150.0 3050.0 0.35713
5250.0 3050.0 0.20994
5350.0 3050.0 0.02469
5450.0 3050.0 -0.11866
5550.0 3050.0 -0.16574
5650.0 3050.0 -0.15211
5750.0 3050.0 -0.14954
5850.0 3050.0 -0.16960
5950.0 3050.0 -0.20461
6050.0 3050.0 -0.23932
6150.0 3050.0 -0.25894
6250.0 3050.0 -0.25573
6350.0 3050.0 -0.23401
50.0 3150.0 0.38253
150.0 3150.0 0.33774
250.0 3150.0 0.14996
350.0 3150.0 -0.10846
450.0 3150.0 -0.34257
550.0 3150.0 -0.46846
650.0 3150.0 -0.43476
750.0 3150.0 -0.26027
850.0 3150.0 -0.03412
950.0 3150.0 0.12496
1050.0 3150.0 0.15054
1150.0 3150.0 0.12219
1250.0 3150.0 0.11129
1350.0 3150.0 0.10110
1450.0 3150.0 0.06068
1550.0 3150.0 -0.02675
1650.0 3150.0 -0.15320
1750.0 3150.0 -0.29278
1850.0 3150.0 -0.42540
1950.0 3150.0 -0.51507
2050.0 3150.0 -0.49896
2150.0 3150.0 -0.38860
2250.0 3150.0 -0.24589
2350.0 3150.0 -0.14668
2450.0 3150.0 -0.14701
2550.0 3150.0 -0.25192
2650.0 3150.0 -0.39464
2750.0 3150.0 -0.49622
2850.0 3150.0 -0.49157
2950.0 3150.0 -0.35152
3050.0 3150.0 -0.10962
3150.0 3150.0 0.14725
3250.0 3150.0 0.32479
3350.0 3150.0 0.40352
3450.0 3150.0 0.43375
3550.0 3150.0 0.36989
3650.0 3150.0 0.21182
3750.0 3150.0 0.00964
3850.0 3150.0 -0.16662
3950.0 3150.0 -0.25818
4050.0 3150.0 -0.24976
4150.0 3150.0 -0.20047
4250.0 3150.0 -0.19984
4350.0 3150.0 -0.25073
4450.0 3150.0 -0.30034
4550.0 3150.0 -0.29429
4650.0 3150.0 -0.20798
4750.0 3150.0 -0.05507
4850.0 3150.0 0.12697
4950.0 3150.0 0.29584
5050.0 3150.0 0.38564
5150.0 3150.0 0.35158
5250.0 3150.0 0.20327
5350.0 3150.0 0.00538
5450.0 3150.0 -0.14955
5550.0 3150.0 -0.19623
5650.0 3150.0 -0.17359
5750.0 3150.0 -0.16724
5850.0 3150.0 -0.18626
5950.0 3150.0 -0.21187
6050.0 3150.0 -0.22088
6150.0 3150.0 -0.19918
6250.0 3150.0 -0.14735
6350.0 3150.0 -0.07858
50.0 3250.0 0.45682
150.0 3250.0 0.41123
250.0 3250.0 0.21461
350.0 3250.0 -0.05443
450.0 3250.0 -0.29581
550.0 3250.0 -0.42424
650.0 3250.0 -0.39359
750.0 3250.0 -0.22850
850.0 3250.0 -0.02057
950.0 3250.0 0.11347
1050.0 3250.0 0.11157
1150.0 3250.0 0.05847
1250.0 3250.0 0.04474
1350.0 3250.0 0.06840
1450.0 3250.0 0.09539
1550.0 3250.0 0.09008
1650.0 3250.0 0.03378
1750.0 3250.0 -0.06841
1850.0 3250.0 -0.19222
1950.0 3250.0 -0.28167
2050.0 3250.0 -0.27790
2150.0 3250.0 -0.19122
2250.0 3250.0 -0.07626
2350.0 3250.0 0.00015
2450.0 3250.0 -0.01125
2550.0 3250.0 -0.11474
2650.0 3250.0 -0.25439
2750.0 3250.0 -0.38151
2850.0 3250.0 -0.44292
2950.0 3250.0 -0.39526
3050.0 3250.0 -0.24534
3150.0 3250.0 -0.05366
3250.0 3250.0 0.09933
3350.0 3250.0 0.18411
3450.0 3250.0 0.23131
3550.0 3250.0 0.20490
3650.0 3250.0 0.10645
3750.0 3250.0 -0.02362
3850.0 3250.0 -0.13074
3950.0 3250.0 -0.17057
4050.0 3250.0 -0.13300
4150.0 3250.0 -0.06718
4250.0 3250.0 -0.07117
4350.0 3250.0 -0.15949
4450.0 3250.0 -0.27005
4550.0 3250.0 -0.32776
4650.0 3250.0 -0.28616
4750.0 3250.0 -0.14582
4850.0 3250.0 0.05021
4950.0 3250.0 0.24041
5050.0 3250.0 0.35819
5150.0 3250.0 0.35537
5250.0 3250.0 0.23512
5350.0 3250.0 0.05740
5450.0 3250.0 -0.08592
5550.0 3250.0 -0.12647
5650.0 3250.0 -0.09961
5750.0 3250.0 -0.09582
5850.0 3250.0 -0.12585
5950.0 3250.0 -0.16404
6050.0 3250.0 -0.17912
6150.0 3250.0 -0.15241
6250.0 3250.0 -0.08527
6350.0 3250.0 0.00423
50.0 3350.0 0.44645
150.0 3350.0 0.37323
250.0 3350.0 0.16406
350.0 3350.0 -0.10732
450.0 3350.0 -0.35199
550.0 3350.0 -0.48847
650.0 3350.0 -0.47068
750.0 3350.0 -0.32095
850.0 3350.0 -0.12740
950.0 3350.0 -0.00365
1050.0 3350.0 -0.01098
1150.0 3350.0 -0.06455
1250.0 3350.0 -0.05589
1350.0 3350.0 0.02148
1450.0 3350.0 0.12356
1550.0 3350.0 0.19473
1650.0 3350.0 0.19553
1750.0 3350.0 0.11947
1850.0 3350.0 -0.00089
1950.0 3350.0 -0.09001
2050.0 3350.0 -0.08684
2150.0 3350.0 -0.00156
2250.0 3350.0 0.11173
2350.0 3350.0 0.18686
2450.0 3350.0 0.17508
2550.0 3350.0 0.07211
2650.0 3350.0 -0.06964
2750.0 3350.0 -0.22564
2850.0 3350.0 -0.35447
2950.0 3350.0 -0.40039
3050.0 3350.0 -0.34531
3150.0 3350.0 -0.22436
3250.0 3350.0 -0.10385
3350.0 3350.0 -0.02212
3450.0 3350.0 0.03577
3550.0 3350.0 0.04854
3650.0 3350.0 0.01760
3750.0 3350.0 -0.03189
3850.0 3350.0 -0.06656
3950.0 3350.0 -0.05969
4050.0 3350.0 -0.00560
4150.0 3350.0 0.06202
4250.0 3350.0 0.04824
4350.0 3350.0 -0.06763
4450.0 3350.0 -0.21859
4550.0 3350.0 -0.31844
4650.0 3350.0 -0.30884
4750.0 3350.0 -0.18317
4850.0 3350.0 0.01259
4950.0 3350.0 0.20934
5050.0 3350.0 0.34822
5150.0 3350.0 0.38129
5250.0 3350.0 0.30363
5350.0 3350.0 0.16414
5450.0 3350.0 0.04558
5550.0 3350.0 0.01390
5650.0 3350.0 0.04113
5750.0 3350.0 0.03578
5850.0 3350.0 -0.01899
5950.0 3350.0 -0.09327
6050.0 3350.0 -0.14589
6150.0 3350.0 -0.14772
6250.0 3350.0 -0.09385
6350.0 3350.0 -0.00447
50.0 3450.0 0.37030
150.0 3450.0 0.27082
250.0 3450.0 0.06194
350.0 3450.0 -0.19452
450.0 3450.0 -0.42280
550.0 3450.0 -0.54594
650.0 3450.0 -0.52342
750.0 3450.0 -0.37976
850.0 3450.0 -0.19974
950.0 3450.0 -0.08976
1050.0 3450.0 -0.10522
1150.0 3450.0 -0.16103
1250.0 3450.0 -0.13348
1350.0 3450.0 -0.00678
1450.0 3450.0 0.16728
1550.0 3450.0 0.31469
1650.0 3450.0 0.37527
1750.0 3450.0 0.32970
1850.0 3450.0 0.21734
1950.0 3450.0 0.12966
2050.0 3450.0 0.12507
2150.0 3450.0 0.19515
2250.0 3450.0 0.29172
2350.0 3450.0 0.35509
2450.0 3450.0 0.34063
2550.0 3450.0 0.24372
2650.0 3450.0 0.10832
2750.0 3450.0 -0.06864
2850.0 3450.0 -0.26088
2950.0 3450.0 -0.40320
3050.0 3450.0 -0.45249
3150.0 3450.0 -0.41475
3250.0 3450.0 -0.33710
3350.0 3450.0 -0.26461
3450.0 3450.0 -0.20001
3550.0 3450.0 -0.14694
3650.0 3450.0 -0.10264
3750.0 3450.0 -0.05893
3850.0 3450.0 -0.00762
3950.0 3450.0 0.05578
4050.0 3450.0 0.13006
4150.0 3450.0 0.20028
4250.0 3450.0 0.18106
4350.0 3450.0 0.04450
4450.0 3450.0 -0.14271
4550.0 3450.0 -0.28746
4650.0 3450.0 -0.32005
4750.0 3450.0 -0.22363
4850.0 3450.0 -0.04325
4950.0 3450.0 0.14533
5050.0 3450.0 0.29293
5150.0 3450.0 0.35490
5250.0 3450.0 0.31934
5350.0 3450.0 0.22199
5450.0 3450.0 0.13207
5550.0 3450.0 0.10910
5650.0 3450.0 0.13337
5750.0 3450.0 0.11644
5850.0 3450.0 0.03676
5950.0 3450.0 -0.07128
6050.0 3450.0 -0.15756
6150.0 3450.0 -0.18427
6250.0 3450.0 -0.14186
6350.0 3450.0 -0.05304
50.0 3550.0 0.15342
150.0 3550.0 0.05532
250.0 3550.0 -0.10778
350.0 3550.0 -0.30001
450.0 3550.0 -0.45540
550.0 3550.0 -0.50332
650.0 3550.0 -0.42744
750.0 3550.0 -0.26962
850.0 3550.0 -0.11165
950.0 3550.0 -0.03834
1050.0 3550.0 -0.08180
1150.0 3550.0 -0.15696
1250.0 3550.0 -0.13594
1350.0 3550.0 0.01084
1450.0 3550.0 0.23496
1550.0 3550.0 0.45171
1650.0 3550.0 0.58002
1750.0 3550.0 0.58065
1850.0 3550.0 0.49235
1950.0 3550.0 0.41061
2050.0 3550.0 0.37499
2150.0 3550.0 0.38418
2250.0 3550.0 0.41382
2350.0 3550.0 0.43019
2450.0 3550.0 0.40527
2550.0 3550.0 0.33297
2650.0 3550.0 0.23268
2750.0 3550.0 0.06546
2850.0 3550.0 -0.16592
2950.0 3550.0 -0.39708
3050.0 3550.0 -0.56254
3150.0 3550.0 -0.63170
3250.0 3550.0 -0.61928
3350.0 3550.0 -0.57010
3450.0 3550.0 -0.51031
3550.0 3550.0 -0.42331
3650.0 3550.0 -0.29969
3750.0 3550.0 -0.14693
3850.0 3550.0 0.01343
3950.0 3550.0 0.15517
4050.0 3550.0 0.26333
4150.0 3550.0 0.34559
4250.0 3550.0 0.33935
4350.0 3550.0 0.20524
4450.0 3550.0 -0.00547
4550.0 3550.0 -0.20359
4650.0 3550.0 -0.30769
4750.0 3550.0 -0.28028
4850.0 3550.0 -0.15435
4950.0 3550.0 -0.01200
5050.0 3550.0 0.10978
5150.0 3550.0 0.17739
5250.0 3550.0 0.17602
5350.0 3550.0 0.12476
5450.0 3550.0 0.06947
5550.0 3550.0 0.05343
5650.0 3550.0 0.06645
5750.0 3550.0 0.03414
5850.0 3550.0 -0.06282
5950.0 3550.0 -0.18400
6050.0 3550.0 -0.27477
6150.0 3550.0 -0.29735
6250.0 3550.0 -0.24649
6350.0 3550.0 -0.14967
50.0 3650.0 -0.17151
150.0 3650.0 -0.22558
250.0 3650.0 -0.29166
350.0 3650.0 -0.37055
450.0 3650.0 -0.40020
550.0 3650.0 -0.32108
650.0 3650.0 -0.15867
750.0 3650.0 0.01657
850.0 3650.0 0.12999
950.0 3650.0 0.13585
1050.0 3650.0 0.04268
1150.0 3650.0 -0.06966
1250.0 3650.0 -0.08806
1350.0 3650.0 0.03308
1450.0 3650.0 0.26298
1550.0 3650.0 0.51979
1650.0 3650.0 0.70726
1750.0 3650.0 0.76234
1850.0 3650.0 0.71320
1950.0 3650.0 0.64448
2050.0 3650.0 0.56445
2150.0 3650.0 0.48369
2250.0 3650.0 0.41540
2350.0 3650.0 0.36614
2450.0 3650.0 0.33284
2550.0 3650.0 0.30622
2650.0 3650.0 0.27061
2750.0 3650.0 0.15508
2850.0 3650.0 -0.06459
2950.0 3650.0 -0.33984
3050.0 3650.0 -0.59524
3150.0 3650.0 -0.76621
3250.0 3650.0 -0.82772
3350.0 3650.0 -0.81395
3450.0 3650.0 -0.77552
3550.0 3650.0 -0.68201
3650.0 3650.0 -0.51178
3750.0 3650.0 -0.27812
3850.0 3650.0 -0.02500
3950.0 3650.0 0.19202
4050.0 3650.0 0.33978
4150.0 3650.0 0.44368
4250.0 3650.0 0.47519
4350.0 3650.0 0.38258
4450.0 3650.0 0.18419
4550.0 3650.0 -0.05145
4650.0 3650.0 -0.23728
4750.0 3650.0 -0.30877
4850.0 3650.0 -0.27432
4950.0 3650.0 -0.21605
5050.0 3650.0 -0.15543
5150.0 3650.0 -0.10748
5250.0 3650.0 -0.08536
5350.0 3650.0 -0.08928
5450.0 3650.0 -0.10578
5550.0 3650.0 -0.11723
5650.0 3650.0 -0.12366
5750.0 3650.0 -0.17463
5850.0 3650.0 -0.28018
5950.0 3650.0 -0.39245
6050.0 3650.0 -0.45707
6150.0 3650.0 -0.44546
6250.0 3650.0 -0.36574
6350.0 3650.0 -0.25235
50.0 3750.0 -0.50515
150.0 3750.0 -0.47609
250.0 3750.0 -0.41389
350.0 3750.0 -0.35682
450.0 3750.0 -0.24071
550.0 3750.0 -0.02319
650.0 3750.0 0.22151
750.0 3750.0 0.39400
850.0 3750.0 0.43450
950.0 3750.0 0.34847
1050.0 3750.0 0.19314
1150.0 3750.0 0.03434
1250.0 3750.0 -0.04833
1350.0 3750.0 0.00483
1450.0 3750.0 0.19126
1550.0 3750.0 0.44590
1650.0 3750.0 0.66748
1750.0 3750.0 0.77128
1850.0 3750.0 0.76712
1950.0 3750.0 0.71804
2050.0 3750.0 0.59997
2150.0 3750.0 0.43689
2250.0 3750.0 0.28079
2350.0 3750.0 0.17837
2450.0 3750.0 0.15023
2550.0 3750.0 0.18238
2650.0 3750.0 0.22627
2750.0 3750.0 0.19640
2850.0 3750.0 0.04609
2950.0 3750.0 -0.20490
3050.0 3750.0 -0.48942
3150.0 3750.0 -0.72306
3250.0 3750.0 -0.84507
3350.0 3750.0 -0.86989
3450.0 3750.0 -0.86700
3550.0 3750.0 -0.80659
3650.0 3750.0 -0.65203
3750.0 3750.0 -0.40679
3850.0 3750.0 -0.11873
3950.0 3750.0 0.14038
4050.0 3750.0 0.32019
4150.0 3750.0 0.45045
4250.0 3750.0 0.53937
4350.0 3750.0 0.52680
4450.0 3750.0 0.38687
4550.0 3750.0 0.15214
4650.0 3750.0 -0.09577
4750.0 3750.0 -0.26752
4850.0 3750.0 -0.33924
4950.0 3750.0 -0.38235
5050.0 3750.0 -0.40044
5150.0 3750.0 -0.38658
5250.0 3750.0 -0.34952
5350.0 3750.0 -0.30899
5450.0 3750.0 -0.28708
5550.0 3750.0 -0.29577
5650.0 3750.0 -0.32530
5750.0 3750.0 -0.39583
5850.0 3750.0 -0.50457
5950.0 3750.0 -0.59579
6050.0 3750.0 -0.61814
6150.0 3750.0 -0.55694
6250.0 3750.0 -0.43821
6350.0 3750.0 -0.30421
50.0 3850.0 -0.74727
150.0 3850.0 -0.61865
250.0 3850.0 -0.43155
350.0 3850.0 -0.25255
450.0 3850.0 -0.01220
550.0 3850.0 0.31038
650.0 3850.0 0.59908
750.0 3850.0 0.73596
850.0 3850.0 0.68342
950.0 3850.0 0.49920
1050.0 3850.0 0.28430
1150.0 3850.0 0.08260
1250.0 3850.0 -0.06923
1350.0 3850.0 -0.10237
1450.0 3850.0 0.01076
1550.0 3850.0 0.22919
1650.0 3850.0 0.45621
1750.0 3850.0 0.59237
1850.0 3850.0 0.62716
1950.0 3850.0 0.60063
2050.0 3850.0 0.46684
2150.0 3850.0 0.26081
2250.0 3850.0 0.06170
2350.0 3850.0 -0.05747
2450.0 3850.0 -0.06246
2550.0 3850.0 0.02738
2650.0 3850.0 0.14407
2750.0 3850.0 0.20943
2850.0 3850.0 0.16440
2950.0 3850.0 -0.00473
3050.0 3850.0 -0.25400
3150.0 3850.0 -0.49754
3250.0 3850.0 -0.65184
3350.0 3850.0 -0.70823
3450.0 3850.0 -0.74581
3550.0 3850.0 -0.75044
3650.0 3850.0 -0.67181
3750.0 3850.0 -0.49004
3850.0 3850.0 -0.23659
3950.0 3850.0 0.01864
4050.0 3850.0 0.21384
4150.0 3850.0 0.36815
4250.0 3850.0 0.51953
4350.0 3850.0 0.60614
4450.0 3850.0 0.55815
4550.0 3850.0 0.36572
4650.0 3850.0 0.09456
4750.0 3850.0 -0.15058
4850.0 3850.0 -0.31438
4950.0 3850.0 -0.44791
5050.0 3850.0 -0.53643
5150.0 3850.0 -0.55347
5250.0 3850.0 -0.50376
5350.0 3850.0 -0.42422
5450.0 3850.0 -0.36848
5550.0 3850.0 -0.37484
5650.0 3850.0 -0.42499
5750.0 3850.0 -0.51324
5850.0 3850.0 -0.62556
5950.0 3850.0 -0.69913
6050.0 3850.0 -0.68499
6150.0 3850.0 -0.58055
6250.0 3850.0 -0.42756
6350.0 3850.0 -0.27529
50.0 3950.0 -0.84221
150.0 3950.0 -0.62953
250.0 3950.0 -0.35493
350.0 3950.0 -0.09858
450.0 3950.0 0.21287
550.0 3950.0 0.57846
650.0 3950.0 0.85772
750.0 3950.0 0.93018
850.0 3950.0 0.78351
950.0 3950.0 0.51680
1050.0 3950.0 0.25910
1150.0 3950.0 0.02945
1250.0 3950.0 -0.17328
1350.0 3950.0 -0.27667
1450.0 3950.0 -0.23104
1550.0 3950.0 -0.05660
1650.0 3950.0 0.15840
1750.0 3950.0 0.30810
1850.0 3950.0 0.36674
1950.0 3950.0 0.36034
2050.0 3950.0 0.23798
2150.0 3950.0 0.04051
2250.0 3950.0 -0.14435
2350.0 3950.0 -0.23817
2450.0 3950.0 -0.20684
2550.0 3950.0 -0.07444
2650.0 3950.0 0.08964
2750.0 3950.0 0.22961
2850.0 3950.0 0.28459
2950.0 3950.0 0.21371
3050.0 3950.0 0.03411
3150.0 3950.0 -0.18001
3250.0 3950.0 -0.33788
3350.0 3950.0 -0.41197
3450.0 3950.0 -0.48279
3550.0 3950.0 -0.55985
3650.0 3950.0 -0.58382
3750.0 3950.0 -0.50728
3850.0 3950.0 -0.33379
3950.0 3950.0 -0.11763
4050.0 3950.0 0.07563
4150.0 3950.0 0.24560
4250.0 3950.0 0.44682
4350.0 3950.0 0.62171
4450.0 3950.0 0.66855
4550.0 3950.0 0.54123
4650.0 3950.0 0.28519
4750.0 3950.0 0.00863
4850.0 3950.0 -0.21079
4950.0 3950.0 -0.40027
5050.0 3950.0 -0.52861
5150.0 3950.0 -0.55689
5250.0 3950.0 -0.48916
5350.0 3950.0 -0.37586
5450.0 3950.0 -0.29280
5550.0 3950.0 -0.29562
5650.0 3950.0 -0.35882
5750.0 3950.0 -0.46106
5850.0 3950.0 -0.58317
5950.0 3950.0 -0.65676
6050.0 3950.0 -0.63152
6150.0 3950.0 -0.50930
6250.0 3950.0 -0.33968
6350.0 3950.0 -0.17684
50.0 4050.0 -0.80394
150.0 4050.0 -0.54401
250.0 4050.0 -0.23309
350.0 4050.0 0.04835
450.0 4050.0 0.37270
550.0 4050.0 0.72057
650.0 4050.0 0.94643
750.0 4050.0 0.94143
850.0 4050.0 0.71662
950.0 4050.0 0.39567
1050.0 4050.0 0.11719
1150.0 4050.0 -0.12189
1250.0 4050.0 -0.34480
1350.0 4050.0 -0.47917
1450.0 4050.0 -0.46666
1550.0 4050.0 -0.31775
1650.0 4050.0 -0.11498
1750.0 4050.0 0.03529
1850.0 4050.0 0.10120
1950.0 4050.0 0.10886
2050.0 4050.0 0.01773
2150.0 4050.0 -0.13092
2250.0 4050.0 -0.25776
2350.0 4050.0 -0.29707
2450.0 4050.0 -0.22606
2550.0 4050.0 -0.07206
2650.0 4050.0 0.10845
2750.0 4050.0 0.28484
2850.0 4050.0 0.40084
2950.0 4050.0 0.40168
3050.0 4050.0 0.28537
3150.0 4050.0 0.11150
3250.0 4050.0 -0.03296
3350.0 4050.0 -0.11079
3450.0 4050.0 -0.20013
3550.0 4050.0 -0.33236
3650.0 4050.0 -0.44497
3750.0 4050.0 -0.46862
3850.0 4050.0 -0.38001
3950.0 4050.0 -0.21371
4050.0 4050.0 -0.03296
4150.0 4050.0 0.14256
4250.0 4050.0 0.37088
4350.0 4050.0 0.60158
4450.0 4050.0 0.71823
4550.0 4050.0 0.65293
4650.0 4050.0 0.43363
4750.0 4050.0 0.16299
4850.0 4050.0 -0.07159
4950.0 4050.0 -0.27670
5050.0 4050.0 -0.40778
5150.0 4050.0 -0.42157
5250.0 4050.0 -0.32602
5350.0 4050.0 -0.18181
5450.0 4050.0 -0.07690
5550.0 4050.0 -0.07400
5650.0 4050.0 -0.14150
5750.0 4050.0 -0.25396
5850.0 4050.0 -0.39448
5950.0 4050.0 -0.49069
6050.0 4050.0 -0.48607
6150.0 4050.0 -0.37741
6250.0 4050.0 -0.21255
6350.0 4050.0 -0.04823
50.0 4150.0 -0.70065
150.0 4150.0 -0.41483
250.0 4150.0 -0.09479
350.0 4150.0 0.18514
450.0 4150.0 0.49334
550.0 4150.0 0.79416
650.0 4150.0 0.94664
750.0 4150.0 0.86021
850.0 4150.0 0.56762
950.0 4150.0 0.20808
1050.0 4150.0 -0.07965
1150.0 4150.0 -0.31836
1250.0 4150.0 -0.54313
1350.0 4150.0 -0.68274
1450.0 4150.0 -0.67806
1550.0 4150.0 -0.53761
1650.0 4150.0 -0.34161
1750.0 4150.0 -0.19491
1850.0 4150.0 -0.12994
1950.0 4150.0 -0.11303
2050.0 4150.0 -0.16875
2150.0 4150.0 -0.25726
2250.0 4150.0 -0.31360
2350.0 4150.0 -0.29102
2450.0 4150.0 -0.18197
2550.0 4150.0 -0.01647
2650.0 4150.0 0.16642
2750.0 4150.0 0.35873
2850.0 4150.0 0.51050
2950.0 4150.0 0.56079
3050.0 4150.0 0.49490
3150.0 4150.0 0.35928
3250.0 4150.0 0.23346
3350.0 4150.0 0.15902
3450.0 4150.0 0.06027
3550.0 4150.0 -0.11361
3650.0 4150.0 -0.29993
3750.0 4150.0 -0.41205
3850.0 4150.0 -0.40270
3950.0 4150.0 -0.28654
4050.0 4150.0 -0.12176
4150.0 4150.0 0.05458
4250.0 4150.0 0.29836
4350.0 4150.0 0.56704
4450.0 4150.0 0.73797
4550.0 4150.0 0.72912
4650.0 4150.0 0.55341
4750.0 4150.0 0.30436
4850.0 4150.0 0.07312
4950.0 4150.0 -0.12918
5050.0 4150.0 -0.24687
5150.0 4150.0 -0.23609
5250.0 4150.0 -0.11030
5350.0 4150.0 0.06171
5450.0 4150.0 0.18493
5550.0 4150.0 0.19438
5650.0 4150.0 0.12694
5750.0 4150.0 0.00717
5850.0 4150.0 -0.15329
5950.0 4150.0 -0.27940
6050.0 4150.0 -0.30708
6150.0 4150.0 -0.22447
6250.0 4150.0 -0.07363
6350.0 4150.0 0.08759
50.0 4250.0 -0.45110
150.0 4250.0 -0.14777
250.0 4250.0 0.15319
350.0 4250.0 0.39838
450.0 4250.0 0.65070
550.0 4250.0 0.85757
650.0 4250.0 0.89583
750.0 4250.0 0.70550
850.0 4250.0 0.34372
950.0 4250.0 -0.04275
1050.0 4250.0 -0.32680
1150.0 4250.0 -0.55232
1250.0 4250.0 -0.75575
1350.0 4250.0 -0.86878
1450.0 4250.0 -0.84160
1550.0 4250.0 -0.69012
1650.0 4250.0 -0.49591
1750.0 4250.0 -0.35925
1850.0 4250.0 -0.30632
1950.0 4250.0 -0.29559
2050.0 4250.0 -0.33943
2150.0 4250.0 -0.39469
2250.0 4250.0 -0.40326
2350.0 4250.0 -0.33225
2450.0 4250.0 -0.18878
2550.0 4250.0 -0.00925
2650.0 4250.0 0.17963
2750.0 4250.0 0.38917
2850.0 4250.0 0.57722
2950.0 4250.0 0.68032
3050.0 4250.0 0.67350
3150.0 4250.0 0.58972
3250.0 4250.0 0.49835
3350.0 4250.0 0.44278
3450.0 4250.0 0.34653
3550.0 4250.0 0.13028
3650.0 4250.0 -0.14731
3750.0 4250.0 -0.37863
3850.0 4250.0 -0.48249
3950.0 4250.0 -0.44162
4050.0 4250.0 -0.30248
4150.0 4250.0 -0.12625
4250.0 4250.0 0.13752
4350.0 4250.0 0.45819
4450.0 4250.0 0.70602
4550.0 4250.0 0.77995
4650.0 4250.0 0.67106
4750.0 4250.0 0.45834
4850.0 4250.0 0.23688
4950.0 4250.0 0.03868
5050.0 4250.0 -0.07702
5150.0 4250.0 -0.06649
5250.0 4250.0 0.05789
5350.0 4250.0 0.22894
5450.0 4250.0 0.35309
5550.0 4250.0 0.36581
5650.0 4250.0 0.30307
5750.0 4250.0 0.19086
5850.0 4250.0 0.04034
5950.0 4250.0 -0.07771
6050.0 4250.0 -0.10287
6150.0 4250.0 -0.02404
6250.0 4250.0 0.11910
6350.0 4250.0 0.27197
50.0 4350.0 -0.02804
150.0 4350.0 0.25776
250.0 4350.0 0.48663
350.0 4350.0 0.64483
450.0 4350.0 0.78651
550.0 4350.0 0.84923
650.0 4350.0 0.74624
750.0 4350.0 0.45831
850.0 4350.0 0.06005
950.0 4350.0 -0.31494
1050.0 4350.0 -0.57003
1150.0 4350.0 -0.76288
1250.0 4350.0 -0.91312
1350.0 4350.0 -0.95933
1450.0 4350.0 -0.87485
1550.0 4350.0 -0.69429
1650.0 4350.0 -0.50310
1750.0 4350.0 -0.39054
1850.0 4350.0 -0.36732
1950.0 4350.0 -0.38768
2050.0 4350.0 -0.45939
2150.0 4350.0 -0.52826
2250.0 4350.0 -0.53004
2350.0 4350.0 -0.43605
2450.0 4350.0 -0.26614
2550.0 4350.0 -0.06881
2650.0 4350.0 0.13167
2750.0 4350.0 0.35455
2850.0 4350.0 0.56498
2950.0 4350.0 0.70537
3050.0 4350.0 0.74979
3150.0 4350.0 0.72288
3250.0 4350.0 0.68302
3350.0 4350.0 0.66956
3450.0 4350.0 0.59896
3550.0 4350.0 0.35737
3650.0 4350.0 -0.00731
3750.0 4350.0 -0.36823
3850.0 4350.0 -0.60475
3950.0 4350.0 -0.65730
4050.0 4350.0 -0.55206
4150.0 4350.0 -0.37767
4250.0 4350.0 -0.09471
4350.0 4350.0 0.28011
4450.0 4350.0 0.61164
4550.0 4350.0 0.77937
4650.0 4350.0 0.74993
4750.0 4350.0 0.58435
4850.0 4350.0 0.38028
4950.0 4350.0 0.18822
5050.0 4350.0 0.05928
5150.0 4350.0 0.03616
5250.0 4350.0 0.11666
5350.0 4350.0 0.24844
5450.0 4350.0 0.35074
5550.0 4350.0 0.36311
5650.0 4350.0 0.31217
5750.0 4350.0 0.22828
5850.0 4350.0 0.12797
5950.0 4350.0 0.06780
6050.0 4350.0 0.08942
6150.0 4350.0 0.19128
6250.0 4350.0 0.33239
6350.0 4350.0 0.46787
50.0 4450.0 0.44167
150.0 4450.0 0.65252
250.0 4450.0 0.75759
350.0 4450.0 0.79001
450.0 4450.0 0.79140
550.0 4450.0 0.70614
650.0 4450.0 0.49456
750.0 4450.0 0.17270
850.0 4450.0 -0.18834
950.0 4450.0 -0.49492
1050.0 4450.0 -0.69526
1150.0 4450.0 -0.84203
1250.0 4450.0 -0.92189
1350.0 4450.0 -0.88485
1450.0 4450.0 -0.73497
1550.0 4450.0 -0.52925
1650.0 4450.0 -0.35433
1750.0 4450.0 -0.28154
1850.0 4450.0 -0.30145
1950.0 4450.0 -0.37185
2050.0 4450.0 -0.50353
2150.0 4450.0 -0.62546
2250.0 4450.0 -0.65648
2350.0 4450.0 -0.56345
2450.0 4450.0 -0.37621
2550.0 4450.0 -0.15933
2650.0 4450.0 0.05585
2750.0 4450.0 0.27949
2850.0 4450.0 0.47980
2950.0 4450.0 0.61518
3050.0 4450.0 0.67359
3150.0 4450.0 0.68350
3250.0 4450.0 0.69637
3350.0 4450.0 0.74044
3450.0 4450.0 0.71886
3550.0 4450.0 0.49087
3650.0 4450.0 0.08852
3750.0 4450.0 -0.35428
3850.0 4450.0 -0.68834
3950.0 4450.0 -0.81644
4050.0 4450.0 -0.74126
4150.0 4450.0 -0.57065
4250.0 4450.0 -0.28106
4350.0 4450.0 0.11997
4450.0 4450.0 0.49794
4550.0 4450.0 0.72354
4650.0 4450.0 0.74875
4750.0 4450.0 0.62127
4850.0 4450.0 0.43740
4950.0 4450.0 0.25406
5050.0 4450.0 0.10581
5150.0 4450.0 0.03389
5250.0 4450.0 0.05082
5350.0 4450.0 0.12568
5450.0 4450.0 0.19623
5550.0 4450.0 0.20793
5650.0 4450.0 0.17380
5750.0 4450.0 0.12944
5850.0 4450.0 0.09829
5950.0 4450.0 0.11703
6050.0 4450.0 0.20142
6150.0 4450.0 0.33293
6250.0 4450.0 0.46940
6350.0 4450.0 0.57969
50.0 4550.0 0.80410
150.0 4550.0 0.88610
250.0 4550.0 0.84117
350.0 4550.0 0.74121
450.0 4550.0 0.61266
550.0 4550.0 0.42563
650.0 4550.0 0.18504
750.0 4550.0 -0.07709
850.0 4550.0 -0.31893
950.0 4550.0 -0.50752
1050.0 4550.0 -0.63886
1150.0 4550.0 -0.73869
1250.0 4550.0 -0.75429
1350.0 4550.0 -0.65006
1450.0 4550.0 -0.45829
1550.0 4550.0 -0.25234
1650.0 4550.0 -0.11328
1750.0 4550.0 -0.09029
1850.0 4550.0 -0.15602
1950.0 4550.0 -0.28037
2050.0 4550.0 -0.48113
2150.0 4550.0 -0.66938
2250.0 4550.0 -0.74370
2350.0 4550.0 -0.66284
2450.0 4550.0 -0.46432
2550.0 4550.0 -0.22901
2650.0 4550.0 -0.00013
2750.0 4550.0 0.20854
2850.0 4550.0 0.36206
2950.0 4550.0 0.44199
3050.0 4550.0 0.46393
3150.0 4550.0 0.47386
3250.0 4550.0 0.52361
3350.0 4550.0 0.62524
3450.0 4550.0 0.66535
3550.0 4550.0 0.49457
3650.0 4550.0 0.12798
3750.0 4550.0 -0.31078
3850.0 4550.0 -0.66684
3950.0 4550.0 -0.82352
4050.0 4550.0 -0.76371
4150.0 4550.0 -0.59813
4250.0 4550.0 -0.32086
4350.0 4550.0 0.06018
4450.0 4550.0 0.41886
4550.0 4550.0 0.63429
4650.0 4550.0 0.66195
4750.0 4550.0 0.54706
4850.0 4550.0 0.37995
4950.0 4550.0 0.20721
5050.0 4550.0 0.04599
5150.0 4550.0 -0.06380
5250.0 4550.0 -0.09722
5350.0 4550.0 -0.06715
5450.0 4550.0 -0.02020
5550.0 4550.0 -0.00590
5650.0 4550.0 -0.02273
5750.0 4550.0 -0.03156
5850.0 4550.0 -0.00560
5950.0 4550.0 0.07324
6050.0 4550.0 0.19945
6150.0 4550.0 0.34310
6250.0 4550.0 0.46494
6350.0 4550.0 0.54717
50.0 4650.0 0.96341
150.0 4650.0 0.89426
250.0 4650.0 0.71200
350.0 4650.0 0.50820
450.0 4650.0 0.29414
550.0 4650.0 0.07683
650.0 4650.0 -0.10845
750.0 4650.0 -0.23651
850.0 4650.0 -0.31183
950.0 4650.0 -0.36595
1050.0 4650.0 -0.43287
1150.0 4650.0 -0.49775
1250.0 4650.0 -0.47500
1350.0 4650.0 -0.34330
1450.0 4650.0 -0.15203
1550.0 4650.0 0.02148
1650.0 4650.0 0.10905
1750.0 4650.0 0.08302
1850.0 4650.0 -0.01925
1950.0 4650.0 -0.18459
2050.0 4650.0 -0.43609
2150.0 4650.0 -0.67119
2250.0 4650.0 -0.77385
2350.0 4650.0 -0.69792
2450.0 4650.0 -0.48798
2550.0 4650.0 -0.23765
2650.0 4650.0 0.00044
2750.0 4650.0 0.18350
2850.0 4650.0 0.26857
2950.0 4650.0 0.26093
3050.0 4650.0 0.20924
3150.0 4650.0 0.18508
3250.0 4650.0 0.24730
3350.0 4650.0 0.39135
3450.0 4650.0 0.48864
3550.0 4650.0 0.40050
3650.0 4650.0 0.12844
3750.0 4650.0 -0.22751
3850.0 4650.0 -0.52957
3950.0 4650.0 -0.66364
4050.0 4650.0 -0.60152
4150.0 4650.0 -0.44087
4250.0 4650.0 -0.19128
4350.0 4650.0 0.12965
4450.0 4650.0 0.40955
4550.0 4650.0 0.55059
4650.0 4650.0 0.52873
4750.0 4650.0 0.39801
4850.0 4650.0 0.23980
4950.0 4650.0 0.07793
5050.0 4650.0 -0.08105
5150.0 4650.0 -0.19773
5250.0 4650.0 -0.24271
5350.0 4650.0 -0.22225
5450.0 4650.0 -0.17721
5550.0 4650.0 -0.15522
5650.0 4650.0 -0.15895
5750.0 4650.0 -0.14915
5850.0 4650.0 -0.10246
5950.0 4650.0 -0.01179
6050.0 4650.0 0.10977
6150.0 4650.0 0.23341
6250.0 4650.0 0.32855
6350.0 4650.0 0.38620
50.0 4750.0 0.91998
150.0 4750.0 0.72027
250.0 4750.0 0.44673
350.0 4750.0 0.18969
450.0 4750.0 -0.05223
550.0 4750.0 -0.23708
650.0 4750.0 -0.31854
750.0 4750.0 -0.29364
850.0 4750.0 -0.21312
950.0 4750.0 -0.15793
1050.0 4750.0 -0.18192
1150.0 4750.0 -0.23114
1250.0 4750.0 -0.20357
1350.0 4750.0 -0.08907
1450.0 4750.0 0.06049
1550.0 4750.0 0.17678
1650.0 4750.0 0.20881
1750.0 4750.0 0.14514
1850.0 4750.0 0.02331
1950.0 4750.0 -0.15909
2050.0 4750.0 -0.42396
2150.0 4750.0 -0.66250
2250.0 4750.0 -0.75623
2350.0 4750.0 -0.66276
2450.0 4750.0 -0.43503
2550.0 4750.0 -0.17375
2650.0 4750.0 0.06764
2750.0 4750.0 0.22477
2850.0 4750.0 0.24545
2950.0 4750.0 0.15218
3050.0 4750.0 0.02115
3150.0 4750.0 -0.05206
3250.0 4750.0 0.00127
3350.0 4750.0 0.16446
3450.0 4750.0 0.29914
3550.0 4750.0 0.28832
3650.0 4750.0 0.12639
3750.0 4750.0 -0.11322
3850.0 4750.0 -0.32145
3950.0 4750.0 -0.40211
4050.0 4750.0 -0.32544
4150.0 4750.0 -0.16832
4250.0 4750.0 0.04929
4350.0 4750.0 0.29551
4450.0 4750.0 0.47213
4550.0 4750.0 0.50942
4650.0 4750.0 0.41133
4750.0 4750.0 0.24706
4850.0 4750.0 0.08922
4950.0 4750.0 -0.06332
5050.0 4750.0 -0.20310
5150.0 4750.0 -0.29027
5250.0 4750.0 -0.30068
5350.0 4750.0 -0.24817
5450.0 4750.0 -0.18002
5550.0 4750.0 -0.14584
5650.0 4750.0 -0.14344
5750.0 4750.0 -0.13690
5850.0 4750.0 -0.11307
5950.0 4750.0 -0.06556
6050.0 4750.0 0.00135
6150.0 4750.0 0.07341
6250.0 4750.0 0.13348
6350.0 4750.0 0.17484
50.0 4850.0 0.76167
150.0 4850.0 0.47036
250.0 4850.0 0.15294
350.0 4850.0 -0.11463
450.0 4850.0 -0.34325
550.0 4850.0 -0.46558
650.0 4850.0 -0.43843
750.0 4850.0 -0.28507
850.0 4850.0 -0.09167
950.0 4850.0 0.03210
1050.0 4850.0 0.02805
1150.0 4850.0 -0.02109
1250.0 4850.0 -0.01262
1350.0 4850.0 0.05619
1450.0 4850.0 0.14143
1550.0 4850.0 0.19142
1650.0 4850.0 0.17296
1750.0 4850.0 0.08487
1850.0 4850.0 -0.04196
1950.0 4850.0 -0.22093
2050.0 4850.0 -0.46580
2150.0 4850.0 -0.66795
2250.0 4850.0 -0.71741
2350.0 4850.0 -0.58394
2450.0 4850.0 -0.33085
2550.0 4850.0 -0.06136
2650.0 4850.0 0.17909
2750.0 4850.0 0.31666
2850.0 4850.0 0.29158
2950.0 4850.0 0.13549
3050.0 4850.0 -0.05817
3150.0 4850.0 -0.17672
3250.0 4850.0 -0.14249
3350.0 4850.0 0.02145
3450.0 4850.0 0.17256
3550.0 4850.0 0.21651
3650.0 4850.0 0.14609
3750.0 4850.0 0.01313
3850.0 4850.0 -0.10163
3950.0 4850.0 -0.12433
4050.0 4850.0 -0.02963
4150.0 4850.0 0.12559
4250.0 4850.0 0.31580
4350.0 4850.0 0.49521
4450.0 4850.0 0.57687
4550.0 4850.0 0.51588
4650.0 4850.0 0.34243
4750.0 4850.0 0.14139
4850.0 4850.0 -0.02138
4950.0 4850.0 -0.16662
5050.0 4850.0 -0.27647
5150.0 4850.0 -0.30998
5250.0 4850.0 -0.25500
5350.0 4850.0 -0.14266
5450.0 4850.0 -0.03508
5550.0 4850.0 0.01347
5650.0 4850.0 0.01628
5750.0 4850.0 0.00399
5850.0 4850.0 -0.02437
5950.0 4850.0 -0.05549
6050.0 4850.0 -0.07388
6150.0 4850.0 -0.07095
6250.0 4850.0 -0.04833
6350.0 4850.0 -0.01552
50.0 4950.0 0.58158
150.0 4950.0 0.22717
250.0 4950.0 -0.11103
350.0 4950.0 -0.37365
450.0 4950.0 -0.57640
550.0 4950.0 -0.63181
650.0 4950.0 -0.50457
750.0 4950.0 -0.24341
850.0 4950.0 0.03703
950.0 4950.0 0.20813
1050.0 4950.0 0.21323
1150.0 4950.0 0.15759
1250.0 4950.0 0.13825
1350.0 4950.0 0.15296
1450.0 4950.0 0.16975
1550.0 4950.0 0.15569
1650.0 4950.0 0.09401
1750.0 4950.0 -0.00986
1850.0 4950.0 -0.13413
1950.0 4950.0 -0.30000
2050.0 4950.0 -0.51087
2150.0 4950.0 -0.66168
2250.0 4950.0 -0.65560
2350.0 4950.0 -0.47721
2450.0 4950.0 -0.19962
2550.0 4950.0 0.07431
2650.0 4950.0 0.31026
2750.0 4950.0 0.42984
2850.0 4950.0 0.36743
2950.0 4950.0 0.16082
3050.0 4950.0 -0.08415
3150.0 4950.0 -0.24205
3250.0 4950.0 -0.22802
3350.0 4950.0 -0.06946
3450.0 4950.0 0.09132
3550.0 4950.0 0.18400
3650.0 4950.0 0.20076
3750.0 4950.0 0.17209
3850.0 4950.0 0.14975
3950.0 4950.0 0.18385
4050.0 4950.0 0.29418
4150.0 4950.0 0.44415
4250.0 4950.0 0.60251
4350.0 4950.0 0.70929
4450.0 4950.0 0.68952
4550.0 4950.0 0.52427
4650.0 4950.0 0.27081
4750.0 4950.0 0.02988
4850.0 4950.0 -0.13994
4950.0 4950.0 -0.28013
5050.0 4950.0 -0.36280
5150.0 4950.0 -0.34470
5250.0 4950.0 -0.22449
5350.0 4950.0 -0.05032
5450.0 4950.0 0.09993
5550.0 4950.0 0.16604
5650.0 4950.0 0.17215
5750.0 4950.0 0.14645
5850.0 4950.0 0.07530
5950.0 4950.0 -0.02296
6050.0 4950.0 -0.11595
6150.0 4950.0 -0.17470
6250.0 4950.0 -0.18629
6350.0 4950.0 -0.16180
50.0 5050.0 0.39253
150.0 5050.0 0.04862
250.0 5050.0 -0.26025
350.0 5050.0 -0.49116
450.0 5050.0 -0.64982
550.0 5050.0 -0.64024
650.0 5050.0 -0.44282
750.0 5050.0 -0.12705
850.0 5050.0 0.18017
950.0 5050.0 0.35177
1050.0 5050.0 0.34329
1150.0 5050.0 0.26811
1250.0 5050.0 0.20760
1350.0 5050.0 0.16103
1450.0 5050.0 0.11519
1550.0 5050.0 0.05653
1650.0 5050.0 -0.02176
1750.0 5050.0 -0.11735
1850.0 5050.0 -0.22148
1950.0 5050.0 -0.35531
2050.0 5050.0 -0.51124
2150.0 5050.0 -0.59554
2250.0 5050.0 -0.53096
2350.0 5050.0 -0.31701
2450.0 5050.0 -0.03040
2550.0 5050.0 0.23417
2650.0 5050.0 0.45548
2750.0 5050.0 0.55789
2850.0 5050.0 0.47467
2950.0 5050.0 0.24467
3050.0 5050.0 -0.02397
3150.0 5050.0 -0.20338
3250.0 5050.0 -0.20729
3350.0 5050.0 -0.06381
3450.0 5050.0 0.09612
3550.0 5050.0 0.22990
3650.0 5050.0 0.32871
3750.0 5050.0 0.39991
3850.0 5050.0 0.46418
3950.0 5050.0 0.54647
4050.0 5050.0 0.66092
4150.0 5050.0 0.79269
4250.0 5050.0 0.90398
4350.0 5050.0 0.92137
4450.0 5050.0 0.78511
4550.0 5050.0 0.50482
4650.0 5050.0 0.16517
4750.0 5050.0 -0.11916
4850.0 5050.0 -0.29918
4950.0 5050.0 -0.44162
5050.0 5050.0 -0.51662
5150.0 5050.0 -0.47497
5250.0 5050.0 -0.31620
5350.0 5050.0 -0.09661
5450.0 5050.0 0.09394
5550.0 5050.0 0.18660
5650.0 5050.0 0.21019
5750.0 5050.0 0.20033
5850.0 5050.0 0.13744
5950.0 5050.0 0.03364
6050.0 5050.0 -0.07886
6150.0 5050.0 -0.16403
6250.0 5050.0 -0.19828
6350.0 5050.0 -0.18698
50.0 5150.0 0.21554
150.0 5150.0 -0.03119
250.0 5150.0 -0.25426
350.0 5150.0 -0.42512
450.0 5150.0 -0.52379
550.0 5150.0 -0.46171
650.0 5150.0 -0.24229
750.0 5150.0 0.05327
850.0 5150.0 0.30803
950.0 5150.0 0.42168
1050.0 5150.0 0.37336
1150.0 5150.0 0.26576
1250.0 5150.0 0.15640
1350.0 5150.0 0.05472
1450.0 5150.0 -0.02927
1550.0 5150.0 -0.09386
1650.0 5150.0 -0.14755
1750.0 5150.0 -0.20379
1850.0 5150.0 -0.26874
1950.0 5150.0 -0.35402
2050.0 5150.0 -0.44525
2150.0 5150.0 -0.46748
2250.0 5150.0 -0.36489
2350.0 5150.0 -0.14571
2450.0 5150.0 0.12127
2550.0 5150.0 0.35842
2650.0 5150.0 0.55478
2750.0 5150.0 0.64443
2850.0 5150.0 0.56587
2950.0 5150.0 0.35224
3050.0 5150.0 0.10041
3150.0 5150.0 -0.07321
3250.0 5150.0 -0.08863
3350.0 5150.0 0.03012
3450.0 5150.0 0.17444
3550.0 5150.0 0.32625
3650.0 5150.0 0.47548
3750.0 5150.0 0.61065
3850.0 5150.0 0.72758
3950.0 5150.0 0.83147
4050.0 5150.0 0.93242
4150.0 5150.0 1.03331
4250.0 5150.0 1.09505
4350.0 5150.0 1.03860
4450.0 5150.0 0.81745
4550.0 5150.0 0.46017
4650.0 5150.0 0.06598
4750.0 5150.0 -0.24643
4850.0 5150.0 -0.43696
4950.0 5150.0 -0.59077
5050.0 5150.0 -0.68543
5150.0 5150.0 -0.66208
5250.0 5150.0 -0.50797
5350.0 5150.0 -0.27410
5450.0 5150.0 -0.05483
5550.0 5150.0 0.07063
5650.0 5150.0 0.12643
5750.0 5150.0 0.16284
5850.0 5150.0 0.16107
5950.0 5150.0 0.11529
6050.0 5150.0 0.03996
6150.0 5150.0 -0.03548
6250.0 5150.0 -0.08075
6350.0 5150.0 -0.08780
50.0 5250.0 0.07224
150.0 5250.0 -0.02212
250.0 5250.0 -0.12632
350.0 5250.0 -0.22276
450.0 5250.0 -0.25775
550.0 5250.0 -0.16288
650.0 5250.0 0.03297
750.0 5250.0 0.24674
850.0 5250.0 0.38901
950.0 5250.0 0.40369
1050.0 5250.0 0.29944
1150.0 5250.0 0.15403
1250.0 5250.0 0.00019
1350.0 5250.0 -0.13584
1450.0 5250.0 -0.22208
1550.0 5250.0 -0.24988
1650.0 5250.0 -0.24139
1750.0 5250.0 -0.23527
1850.0 5250.0 -0.25085
1950.0 5250.0 -0.28378
2050.0 5250.0 -0.32122
2150.0 5250.0 -0.30987
2250.0 5250.0 -0.20993
2350.0 5250.0 -0.02704
2450.0 5250.0 0.19008
2550.0 5250.0 0.38627
2650.0 5250.0 0.55296
2750.0 5250.0 0.63660
2850.0 5250.0 0.58584
2950.0 5250.0 0.42287
3050.0 5250.0 0.22273
3150.0 5250.0 0.07957
3250.0 5250.0 0.06105
3350.0 5250.0 0.15096
3450.0 5250.0 0.26756
3550.0 5250.0 0.40650
3650.0 5250.0 0.55656
3750.0 5250.0 0.69752
3850.0 5250.0 0.81429
3950.0 5250.0 0.90395
4050.0 5250.0 0.97547
4150.0 5250.0 1.04037
4250.0 5250.0 1.06873
4350.0 5250.0 0.98897
4450.0 5250.0 0.75984
4550.0 5250.0 0.40819
4650.0 5250.0 0.02446
4750.0 5250.0 -0.28391
4850.0 5250.0 -0.48123
4950.0 5250.0 -0.65285
5050.0 5250.0 -0.78953
5150.0 5250.0 -0.82132
5250.0 5250.0 -0.71296
5350.0 5250.0 -0.49822
5450.0 5250.0 -0.26774
5550.0 5250.0 -0.11046
5650.0 5250.0 -0.01533
5750.0 5250.0 0.08205
5850.0 5250.0 0.16670
5950.0 5250.0 0.20913
6050.0 5250.0 0.19765
6150.0 5250.0 0.14871
6250.0 5250.0 0.09760
6350.0 5250.0 0.06953
50.0 5350.0 -0.03274
150.0 5350.0 0.02322
250.0 5350.0 0.03224
350.0 5350.0 0.00411
450.0 5350.0 0.02288
550.0 5350.0 0.13341
650.0 5350.0 0.28472
750.0 5350.0 0.39774
850.0 5350.0 0.41522
950.0 5350.0 0.32666
1050.0 5350.0 0.16802
1150.0 5350.0 -0.01070
1250.0 5350.0 -0.19508
1350.0 5350.0 -0.34064
1450.0 5350.0 -0.39957
1550.0 5350.0 -0.36462
1650.0 5350.0 -0.27810
1750.0 5350.0 -0.20560
1850.0 5350.0 -0.17512
1950.0 5350.0 -0.16605
2050.0 5350.0 -0.17534
2150.0 5350.0 -0.16840
2250.0 5350.0 -0.11159
2350.0 5350.0 0.00278
2450.0 5350.0 0.15291
2550.0 5350.0 0.30551
2650.0 5350.0 0.44553
2750.0 5350.0 0.52894
2850.0 5350.0 0.51567
2950.0 5350.0 0.41573
3050.0 5350.0 0.27982
3150.0 5350.0 0.17727
3250.0 5350.0 0.16192
3350.0 5350.0 0.22624
3450.0 5350.0 0.31143
3550.0 5350.0 0.41399
3650.0 5350.0 0.52193
3750.0 5350.0 0.61711
3850.0 5350.0 0.68823
3950.0 5350.0 0.73623
4050.0 5350.0 0.77174
4150.0 5350.0 0.80535
4250.0 5350.0 0.82675
4350.0 5350.0 0.78361
4450.0 5350.0 0.63001
4550.0 5350.0 0.36975
4650.0 5350.0 0.06226
4750.0 5350.0 -0.20927
4850.0 5350.0 -0.40753
4950.0 5350.0 -0.59766
5050.0 5350.0 -0.78309
5150.0 5350.0 -0.88413
5250.0 5350.0 -0.84065
5350.0 5350.0 -0.66447
5450.0 5350.0 -0.43752
5550.0 5350.0 -0.25595
5650.0 5350.0 -0.12520
5750.0 5350.0 0.02556
5850.0 5350.0 0.18295
5950.0 5350.0 0.29677
6050.0 5350.0 0.33381
6150.0 5350.0 0.30127
6250.0 5350.0 0.24074
6350.0 5350.0 0.19270
50.0 5450.0 -0.11481
150.0 5450.0 0.03169
250.0 5450.0 0.11148
350.0 5450.0 0.12769
450.0 5450.0 0.18157
550.0 5450.0 0.30225
650.0 5450.0 0.42438
750.0 5450.0 0.47148
850.0 5450.0 0.40735
950.0 5450.0 0.25131
1050.0 5450.0 0.05713
1150.0 5450.0 -0.14262
1250.0 5450.0 -0.34110
1350.0 5450.0 -0.48026
1450.0 5450.0 -0.50436
1550.0 5450.0 -0.41160
1650.0 5450.0 -0.26186
1750.0 5450.0 -0.14057
1850.0 5450.0 -0.07947
1950.0 5450.0 -0.04786
2050.0 5450.0 -0.05628
2150.0 5450.0 -0.08151
2250.0 5450.0 -0.08684
2350.0 5450.0 -0.04673
2450.0 5450.0 0.04176
2550.0 5450.0 0.16078
2650.0 5450.0 0.28347
2750.0 5450.0 0.36836
2850.0 5450.0 0.38333
2950.0 5450.0 0.32977
3050.0 5450.0 0.24110
3150.0 5450.0 0.16903
3250.0 5450.0 0.15763
3350.0 5450.0 0.20547
3450.0 5450.0 0.26615
3550.0 5450.0 0.32878
3650.0 5450.0 0.38107
3750.0 5450.0 0.41281
3850.0 5450.0 0.42424
3950.0 5450.0 0.42622
4050.0 5450.0 0.43224
4150.0 5450.0 0.44687
4250.0 5450.0 0.48433
4350.0 5450.0 0.51585
4450.0 5450.0 0.48416
4550.0 5450.0 0.35918
4650.0 5450.0 0.15992
4750.0 5450.0 -0.05850
4850.0 5450.0 -0.25278
4950.0 5450.0 -0.45587
5050.0 5450.0 -0.67719
5150.0 5450.0 -0.83080
5250.0 5450.0 -0.83869
5350.0 5450.0 -0.69591
5450.0 5450.0 -0.47663
5550.0 5450.0 -0.28108
5650.0 5450.0 -0.12759
5750.0 5450.0 0.04999
5850.0 5450.0 0.23361
5950.0 5450.0 0.36259
6050.0 5450.0 0.39773
6150.0 5450.0 0.34919
6250.0 5450.0 0.26853
6350.0 5450.0 0.20484
50.0 5550.0 -0.19780
150.0 5550.0 -0.04707
250.0 5550.0 0.04604
350.0 5550.0 0.07681
450.0 5550.0 0.14724
550.0 5550.0 0.28552
650.0 5550.0 0.42008
750.0 5550.0 0.46978
850.0 5550.0 0.39888
950.0 5550.0 0.23193
1050.0 5550.0 0.02860
1150.0 5550.0 -0.17815
1250.0 5550.0 -0.37913
1350.0 5550.0 -0.51086
1450.0 5550.0 -0.51588
1550.0 5550.0 -0.39609
1650.0 5550.0 -0.21931
1750.0 5550.0 -0.07882
1850.0 5550.0 -0.00688
1950.0 5550.0 0.02801
2050.0 5550.0 0.00344
2150.0 5550.0 -0.06046
2250.0 5550.0 -0.11929
2350.0 5550.0 -0.13271
2450.0 5550.0 -0.08242
2550.0 5550.0 0.02009
2650.0 5550.0 0.13652
2750.0 5550.0 0.22019
2850.0 5550.0 0.24100
2950.0 5550.0 0.19805
3050.0 5550.0 0.12021
3150.0 5550.0 0.05453
3250.0 5550.0 0.04252
3350.0 5550.0 0.08436
3450.0 5550.0 0.13404
3550.0 5550.0 0.17283
3650.0 5550.0 0.18841
3750.0 5550.0 0.17742
3850.0 5550.0 0.14968
3950.0 5550.0 0.12406
4050.0 5550.0 0.11613
4150.0 5550.0 0.12565
4250.0 5550.0 0.18923
4350.0 5550.0 0.29721
4450.0 5550.0 0.38015
4550.0 5550.0 0.37741
4650.0 5550.0 0.27393
4750.0 5550.0 0.10290
4850.0 5550.0 -0.08541
4950.0 5550.0 -0.29265
5050.0 5550.0 -0.52476
5150.0 5550.0 -0.69361
5250.0 5550.0 -0.71563
5350.0 5550.0 -0.58104
5450.0 5550.0 -0.36220
5550.0 5550.0 -0.16100
5650.0 5550.0 -0.00043
5750.0 5550.0 0.17174
5850.0 5550.0 0.32540
5950.0 5550.0 0.40186
6050.0 5550.0 0.37465
6150.0 5550.0 0.27150
6250.0 5550.0 0.15815
6350.0 5550.0 0.08422
50.0 5650.0 -0.29115
150.0 5650.0 -0.18435
250.0 5650.0 -0.10873
350.0 5650.0 -0.07817
450.0 5650.0 0.00101
550.0 5650.0 0.16485
650.0 5650.0 0.33959
750.0 5650.0 0.43437
850.0 5650.0 0.40155
950.0 5650.0 0.25695
1050.0 5650.0 0.05987
1150.0 5650.0 -0.14594
1250.0 5650.0 -0.34477
1350.0 5650.0 -0.47289
1450.0 5650.0 -0.47360
1550.0 5650.0 -0.34992
1650.0 5650.0 -0.17055
1750.0 5650.0 -0.02903
1850.0 5650.0 0.04288
1950.0 5650.0 0.07232
2050.0 5650.0 0.02816
2150.0 5650.0 -0.06876
2250.0 5650.0 -0.16634
2350.0 5650.0 -0.21395
2450.0 5650.0 -0.18501
2550.0 5650.0 -0.08947
2650.0 5650.0 0.02544
2750.0 5650.0 0.10477
2850.0 5650.0 0.11702
2950.0 5650.0 0.06261
3050.0 5650.0 -0.02691
3150.0 5650.0 -0.10168
3250.0 5650.0 -0.11863
3350.0 5650.0 -0.07851
3450.0 5650.0 -0.03252
3550.0 5650.0 -0.00484
3650.0 5650.0 -0.00751
3750.0 5650.0 -0.03970
3850.0 5650.0 -0.08611
3950.0 5650.0 -0.12354
4050.0 5650.0 -0.13553
4150.0 5650.0 -0.12461
4250.0 5650.0 -0.03552
4350.0 5650.0 0.13641
4450.0 5650.0 0.31170
4550.0 5650.0 0.40602
4650.0 5650.0 0.37843
4750.0 5650.0 0.24604
4850.0 5650.0 0.06500
4950.0 5650.0 -0.13985
5050.0 5650.0 -0.36594
5150.0 5650.0 -0.52532
5250.0 5650.0 -0.53666
5350.0 5650.0 -0.39295
5450.0 5650.0 -0.16852
5550.0 5650.0 0.03442
5650.0 5650.0 0.19362
5750.0 5650.0 0.34324
5850.0 5650.0 0.43761
5950.0 5650.0 0.42675
6050.0 5650.0 0.30668
6150.0 5650.0 0.13004
6250.0 5650.0 -0.02138
6350.0 5650.0 -0.10194
50.0 5750.0 -0.40356
150.0 5750.0 -0.34815
250.0 5750.0 -0.28899
350.0 5750.0 -0.24988
450.0 5750.0 -0.15514
550.0 5750.0 0.03601
650.0 5750.0 0.25028
750.0 5750.0 0.39133
850.0 5750.0 0.40285
950.0 5750.0 0.29265
1050.0 5750.0 0.11780
1150.0 5750.0 -0.06977
1250.0 5750.0 -0.24890
1350.0 5750.0 -0.36133
1450.0 5750.0 -0.35689
1550.0 5750.0 -0.24021
1650.0 5750.0 -0.07517
1750.0 5750.0 0.05282
1850.0 5750.0 0.11590
1950.0 5750.0 0.13770
2050.0 5750.0 0.08583
2150.0 5750.0 -0.02068
2250.0 5750.0 -0.13100
2350.0 5750.0 -0.19414
2450.0 5750.0 -0.18171
2550.0 5750.0 -0.10175
2650.0 5750.0 -0.00119
2750.0 5750.0 0.06728
2850.0 5750.0 0.07331
2950.0 5750.0 0.01530
3050.0 5750.0 -0.07844
3150.0 5750.0 -0.16099
3250.0 5750.0 -0.19052
3350.0 5750.0 -0.16639
3450.0 5750.0 -0.13979
3550.0 5750.0 -0.13858
3650.0 5750.0 -0.17131
3750.0 5750.0 -0.23082
3850.0 5750.0 -0.29705
3950.0 5750.0 -0.34575
4050.0 5750.0 -0.36324
4150.0 5750.0 -0.35515
4250.0 5750.0 -0.25429
4350.0 5750.0 -0.04156
4450.0 5750.0 0.20399
4550.0 5750.0 0.38471
4650.0 5750.0 0.43808
4750.0 5750.0 0.36191
4850.0 5750.0 0.21076
4950.0 5750.0 0.03236
5050.0 5750.0 -0.16405
5150.0 5750.0 -0.29881
5250.0 5750.0 -0.29897
5350.0 5750.0 -0.15910
5450.0 5750.0 0.05272
5550.0 5750.0 0.24375
5650.0 5750.0 0.39304
5750.0 5750.0 0.50953
5850.0 5750.0 0.53411
5950.0 5750.0 0.43163
6050.0 5750.0 0.22427
6150.0 5750.0 -0.01200
6250.0 5750.0 -0.18500
6350.0 5750.0 -0.25806
50.0 5850.0 -0.50782
150.0 5850.0 -0.50647
250.0 5850.0 -0.45684
350.0 5850.0 -0.39257
450.0 5850.0 -0.27295
550.0 5850.0 -0.06236
650.0 5850.0 0.17162
750.0 5850.0 0.33916
850.0 5850.0 0.38682
950.0 5850.0 0.32045
1050.0 5850.0 0.19236
1150.0 5850.0 0.05280
1250.0 5850.0 -0.07635
1350.0 5850.0 -0.15199
1450.0 5850.0 -0.14035
1550.0 5850.0 -0.04858
1650.0 5850.0 0.07386
1750.0 5850.0 0.16394
1850.0 5850.0 0.20347
1950.0 5850.0 0.21442
2050.0 5850.0 0.17589
2150.0 5850.0 0.10032
2250.0 5850.0 0.02164
2350.0 5850.0 -0.02586
2450.0 5850.0 -0.02278
2550.0 5850.0 0.02581
2650.0 5850.0 0.08931
2750.0 5850.0 0.13735
2850.0 5850.0 0.14611
2950.0 5850.0 0.10523
3050.0 5850.0 0.02737
3150.0 5850.0 -0.05545
3250.0 5850.0 -0.10875
3350.0 5850.0 -0.12571
3450.0 5850.0 -0.14496
3550.0 5850.0 -0.19143
3650.0 5850.0 -0.26477
3750.0 5850.0 -0.35017
3850.0 5850.0 -0.42743
3950.0 5850.0 -0.47993
4050.0 5850.0 -0.50369
4150.0 5850.0 -0.50669
4250.0 5850.0 -0.42366
4350.0 5850.0 -0.22343
4450.0 5850.0 0.03580
4550.0 5850.0 0.26582
4650.0 5850.0 0.39486
4750.0 5850.0 0.39858
4850.0 5850.0 0.31568
4950.0 5850.0 0.20497
5050.0 5850.0 0.07621
5150.0 5850.0 -0.01336
5250.0 5850.0 -0.00839
5350.0 5850.0 0.09891
5450.0 5850.0 0.26271
5550.0 5850.0 0.41712
5650.0 5850.0 0.54236
5750.0 5850.0 0.61321
5850.0 5850.0 0.56456
5950.0 5850.0 0.38452
6050.0 5850.0 0.12213
6150.0 5850.0 -0.13194
6250.0 5850.0 -0.28874
6350.0 5850.0 -0.32823
50.0 5950.0 -0.54661
150.0 5950.0 -0.59151
250.0 5950.0 -0.54200
350.0 5950.0 -0.43955
450.0 5950.0 -0.29248
550.0 5950.0 -0.08341
650.0 5950.0 0.13112
750.0 5950.0 0.28287
850.0 5950.0 0.33745
950.0 5950.0 0.30886
1050.0 5950.0 0.24299
1150.0 5950.0 0.17425
1250.0 5950.0 0.11797
1350.0 5950.0 0.09451
1450.0 5950.0 0.11381
1550.0 5950.0 0.16578
1650.0 5950.0 0.22305
1750.0 5950.0 0.25614
1850.0 5950.0 0.26079
1950.0 5950.0 0.25845
2050.0 5950.0 0.24954
2150.0 5950.0 0.23631
2250.0 5950.0 0.22363
2350.0 5950.0 0.21597
2450.0 5950.0 0.21533
2550.0 5950.0 0.22045
2650.0 5950.0 0.22966
2750.0 5950.0 0.25228
2850.0 5950.0 0.27607
2950.0 5950.0 0.27574
3050.0 5950.0 0.23683
3150.0 5950.0 0.16521
3250.0 5950.0 0.08223
3350.0 5950.0 0.00527
3450.0 5950.0 -0.07769
3550.0 5950.0 -0.17818
3650.0 5950.0 -0.28279
3750.0 5950.0 -0.37223
3850.0 5950.0 -0.43528
3950.0 5950.0 -0.47417
4050.0 5950.0 -0.50110
4150.0 5950.0 -0.52208
4250.0 5950.0 -0.48802
4350.0 5950.0 -0.36182
4450.0 5950.0 -0.16184
4550.0 5950.0 0.05832
4650.0 5950.0 0.23526
4750.0 5950.0 0.32530
4850.0 5950.0 0.33825
4950.0 5950.0 0.32626
5050.0 5950.0 0.29111
5150.0 5950.0 0.25668
5250.0 5950.0 0.25495
5350.0 5950.0 0.30104
5450.0 5950.0 0.38532
5550.0 5950.0 0.48260
5650.0 5950.0 0.57328
5750.0 5950.0 0.59597
5850.0 5950.0 0.49026
5950.0 5950.0 0.27122
6050.0 5950.0 0.00828
6150.0 5950.0 -0.20784
6250.0 5950.0 -0.30706
6350.0 5950.0 -0.29063
50.0 6050.0 -0.48942
150.0 6050.0 -0.56524
250.0 6050.0 -0.50821
350.0 6050.0 -0.36453
450.0 6050.0 -0.19586
550.0 6050.0 -0.01339
650.0 6050.0 0.14024
750.0 6050.0 0.22975
850.0 6050.0 0.25332
950.0 6050.0 0.24273
1050.0 6050.0 0.23755
1150.0 6050.0 0.24429
1250.0 6050.0 0.26511
1350.0 6050.0 0.29585
1450.0 6050.0 0.32135
1550.0 6050.0 0.32888
1650.0 6050.0 0.31516
1750.0 6050.0 0.28677
1850.0 6050.0 0.25413
1950.0 6050.0 0.23804
2050.0 6050.0 0.26234
2150.0 6050.0 0.31827
2250.0 6050.0 0.37911
2350.0 6050.0 0.41662
2450.0 6050.0 0.41363
2550.0 6050.0 0.37280
2650.0 6050.0 0.32446
2750.0 6050.0 0.32390
2850.0 6050.0 0.37280
2950.0 6050.0 0.42832
3050.0 6050.0 0.44376
3150.0 6050.0 0.39370
3250.0 6050.0 0.28354
3350.0 6050.0 0.14314
3450.0 6050.0 -0.00381
3550.0 6050.0 -0.14570
3650.0 6050.0 -0.25541
3750.0 6050.0 -0.31544
3850.0 6050.0 -0.33330
3950.0 6050.0 -0.33876
4050.0 6050.0 -0.36308
4150.0 6050.0 -0.40425
4250.0 6050.0 -0.43725
4350.0 6050.0 -0.42652
4450.0 6050.0 -0.34191
4550.0 6050.0 -0.18654
4650.0 6050.0 -0.00044
4750.0 6050.0 0.16087
4850.0 6050.0 0.27284
4950.0 6050.0 0.36505
5050.0 6050.0 0.42443
5150.0 6050.0 0.43906
5250.0 6050.0 0.41818
5350.0 6050.0 0.38797
5450.0 6050.0 0.38022
5550.0 6050.0 0.41403
5650.0 6050.0 0.46844
5750.0 6050.0 0.45232
5850.0 6050.0 0.31904
5950.0 6050.0 0.10768
6050.0 6050.0 -0.10321
6150.0 6050.0 -0.23698
6250.0 6050.0 -0.25282
6350.0 6050.0 -0.17261
50.0 6150.0 -0.35603
150.0 6150.0 -0.44799
250.0 6150.0 -0.38147
350.0 6150.0 -0.20486
450.0 6150.0 -0.02568
550.0 6150.0 0.11403
650.0 6150.0 0.18453
750.0 6150.0 0.18531
850.0 6150.0 0.15102
950.0 6150.0 0.13545
1050.0 6150.0 0.17359
1150.0 6150.0 0.24026
1250.0 6150.0 0.32194
1350.0 6150.0 0.39481
1450.0 6150.0 0.42390
1550.0 6150.0 0.39476
1650.0 6150.0 0.32364
1750.0 6150.0 0.24593
1850.0 6150.0 0.18358
1950.0 6150.0 0.15546
2050.0 6150.0 0.20223
2150.0 6150.0 0.30658
2250.0 6150.0 0.41825
2350.0 6150.0 0.48505
2450.0 6150.0 0.47617
2550.0 6150.0 0.39764
2650.0 6150.0 0.30387
2750.0 6150.0 0.28828
2850.0 6150.0 0.36499
2950.0 6150.0 0.47580
3050.0 6150.0 0.54549
3150.0 6150.0 0.52086
3250.0 6150.0 0.39299
3350.0 6150.0 0.20267
3450.0 6150.0 0.00883
3550.0 6150.0 -0.14987
3650.0 6150.0 -0.23551
3750.0 6150.0 -0.23869
3850.0 6150.0 -0.19078
3950.0 6150.0 -0.15087
4050.0 6150.0 -0.16714
4150.0 6150.0 -0.22497
4250.0 6150.0 -0.32104
4350.0 6150.0 -0.42607
4450.0 6150.0 -0.46743
4550.0 6150.0 -0.39923
4650.0 6150.0 -0.23341
4750.0 6150.0 -0.02911
4850.0 6150.0 0.15943
4950.0 6150.0 0.33347
5050.0 6150.0 0.46331
5150.0 6150.0 0.50834
5250.0 6150.0 0.46172
5350.0 6150.0 0.36121
5450.0 6150.0 0.27398
5550.0 6150.0 0.25513
5650.0 6150.0 0.28108
5750.0 6150.0 0.24228
5850.0 6150.0 0.10873
5950.0 6150.0 -0.06448
6050.0 6150.0 -0.19979
6150.0 6150.0 -0.24086
6250.0 6150.0 -0.17617
6350.0 6150.0 -0.04258
50.0 6250.0 -0.20419
150.0 6250.0 -0.30534
250.0 6250.0 -0.23417
350.0 6250.0 -0.04047
450.0 6250.0 0.13820
550.0 6250.0 0.23611
650.0 6250.0 0.23190
750.0 6250.0 0.15095
850.0 6250.0 0.05651
950.0 6250.0 0.02097
1050.0 6250.0 0.07734
1150.0 6250.0 0.17532
1250.0 6250.0 0.28859
1350.0 6250.0 0.38294
1450.0 6250.0 0.41316
1550.0 6250.0 0.36407
1650.0 6250.0 0.26234
1750.0 6250.0 0.15858
1850.0 6250.0 0.08061
1950.0 6250.0 0.04357
2050.0 6250.0 0.09266
2150.0 6250.0 0.20659
2250.0 6250.0 0.32655
2350.0 6250.0 0.39279
2450.0 6250.0 0.37120
2550.0 6250.0 0.27018
2650.0 6250.0 0.15290
2750.0 6250.0 0.13250
2850.0 6250.0 0.23082
2950.0 6250.0 0.38033
3050.0 6250.0 0.48835
3150.0 6250.0 0.48448
3250.0 6250.0 0.35085
3350.0 6250.0 0.13488
3450.0 6250.0 -0.07935
3550.0 6250.0 -0.23000
3650.0 6250.0 -0.27372
3750.0 6250.0 -0.21220
3850.0 6250.0 -0.09873
3950.0 6250.0 -0.01547
4050.0 6250.0 -0.02131
4150.0 6250.0 -0.08812
4250.0 6250.0 -0.22252
4350.0 6250.0 -0.40124
4450.0 6250.0 -0.52727
4550.0 6250.0 -0.52421
4650.0 6250.0 -0.38408
4750.0 6250.0 -0.16479
4850.0 6250.0 0.06264
4950.0 6250.0 0.27858
5050.0 6250.0 0.44097
5150.0 6250.0 0.49404
5250.0 6250.0 0.42429
5350.0 6250.0 0.27817
5450.0 6250.0 0.14358
5550.0 6250.0 0.09516
5650.0 6250.0 0.10640
5750.0 6250.0 0.06006
5850.0 6250.0 -0.06210
5950.0 6250.0 -0.19831
6050.0 6250.0 -0.27588
6150.0 6250.0 -0.25398
6250.0 6250.0 -0.13957
6350.0 6250.0 0.02338
50.0 6350.0 -0.08147
150.0 6350.0 -0.19322
250.0 6350.0 -0.12485
350.0 6350.0 0.07158
450.0 6350.0 0.24348
550.0 6350.0 0.31190
650.0 6350.0 0.25892
750.0 6350.0 0.12334
850.0 6350.0 -0.01564
950.0 6350.0 -0.07428
1050.0 6350.0 -0.01947
1150.0 6350.0 0.08432
1250.0 6350.0 0.20334
1350.0 6350.0 0.30138
1450.0 6350.0 0.33137
1550.0 6350.0 0.27812
1650.0 6350.0 0.17036
1750.0 6350.0 0.06159
1850.0 6350.0 -0.01935
1950.0 6350.0 -0.06257
2050.0 6350.0 -0.02926
2150.0 6350.0 0.05937
2250.0 6350.0 0.14947
2350.0 6350.0 0.18830
2450.0 6350.0 0.14780
2550.0 6350.0 0.03783
2650.0 6350.0 -0.08356
2750.0 6350.0 -0.10144
2850.0 6350.0 0.00878
2950.0 6350.0 0.17642
3050.0 6350.0 0.30266
3150.0 6350.0 0.31099
3250.0 6350.0 0.18019
3350.0 6350.0 -0.04004
3450.0 6350.0 -0.25289
3550.0 6350.0 -0.38101
3650.0 6350.0 -0.38027
3750.0 6350.0 -0.26304
3850.0 6350.0 -0.09846
3950.0 6350.0 0.01737
4050.0 6350.0 0.02127
4150.0 6350.0 -0.04723
4250.0 6350.0 -0.19144
4350.0 6350.0 -0.39044
4450.0 6350.0 -0.54159
4550.0 6350.0 -0.56038
4650.0 6350.0 -0.43254
4750.0 6350.0 -0.21417
4850.0 6350.0 0.01993
4950.0 6350.0 0.24265
5050.0 6350.0 0.40621
5150.0 6350.0 0.45184
5250.0 6350.0 0.36685
5350.0 6350.0 0.20222
5450.0 6350.0 0.05226
5550.0 6350.0 -0.00395
5650.0 6350.0 0.00455
5750.0 6350.0 -0.04124
5850.0 6350.0 -0.15609
5950.0 6350.0 -0.27773
6050.0 6350.0 -0.33634
6150.0 6350.0 -0.29617
6250.0 6350.0 -0.16907
6350.0 6350.0 0.00000
