50.0 50.0 0.09382
150.0 50.0 0.15589
250.0 50.0 0.15861
350.0 50.0 0.12546
450.0 50.0 0.09073
550.0 50.0 0.07540
650.0 50.0 0.04914
750.0 50.0 -0.03594
850.0 50.0 -0.18177
950.0 50.0 -0.34443
1050.0 50.0 -0.48589
1150.0 50.0 -0.49954
1250.0 50.0 -0.35621
1350.0 50.0 -0.17924
1450.0 50.0 -0.11517
1550.0 50.0 -0.22592
1650.0 50.0 -0.40051
1750.0 50.0 -0.34845
1850.0 50.0 -0.01561
1950.0 50.0 0.39015
2050.0 50.0 0.60919
2150.0 50.0 0.52262
2250.0 50.0 0.28026
2350.0 50.0 -0.00297
2450.0 50.0 -0.17107
2550.0 50.0 -0.08511
2650.0 50.0 0.19205
2750.0 50.0 0.46137
2850.0 50.0 0.64279
2950.0 50.0 0.60614
3050.0 50.0 0.33866
3150.0 50.0 0.03650
3250.0 50.0 -0.08100
3350.0 50.0 0.06491
3450.0 50.0 0.30022
3550.0 50.0 0.39332
3650.0 50.0 0.25227
3750.0 50.0 -0.04697
3850.0 50.0 -0.30450
3950.0 50.0 -0.36177
4050.0 50.0 -0.33890
4150.0 50.0 -0.40999
4250.0 50.0 -0.54872
4350.0 50.0 -0.65924
4450.0 50.0 -0.66964
4550.0 50.0 -0.58244
4650.0 50.0 -0.43637
4750.0 50.0 -0.16189
4850.0 50.0 0.14238
4950.0 50.0 0.32005
5050.0 50.0 0.31797
5150.0 50.0 0.20940
5250.0 50.0 0.08016
5350.0 50.0 -0.05634
5450.0 50.0 -0.16439
5550.0 50.0 -0.22123
5650.0 50.0 -0.24547
5750.0 50.0 -0.27485
5850.0 50.0 -0.31448
5950.0 50.0 -0.33475
6050.0 50.0 -0.27216
6150.0 50.0 -0.11373
6250.0 50.0 0.07608
6350.0 50.0 0.22255
50.0 150.0 -0.10842
150.0 150.0 -0.12634
250.0 150.0 -0.12732
350.0 150.0 -0.10850
450.0 150.0 -0.08119
550.0 150.0 -0.06420
650.0 150.0 -0.08190
750.0 150.0 -0.14034
850.0 150.0 -0.21425
950.0 150.0 -0.26656
1050.0 150.0 -0.28578
1150.0 150.0 -0.19395
1250.0 150.0 -0.02698
1350.0 150.0 0.06256
1450.0 150.0 -0.01485
1550.0 150.0 -0.22406
1650.0 150.0 -0.44616
1750.0 150.0 -0.42665
1850.0 150.0 -0.09971
1950.0 150.0 0.32216
2050.0 150.0 0.55770
2150.0 150.0 0.46643
2250.0 150.0 0.21037
2350.0 150.0 -0.04378
2450.0 150.0 -0.14862
2550.0 150.0 -0.01422
2650.0 150.0 0.26026
2750.0 150.0 0.47738
2850.0 150.0 0.59448
2950.0 150.0 0.53313
3050.0 150.0 0.30364
3150.0 150.0 0.07871
3250.0 150.0 0.02381
3350.0 150.0 0.17658
3450.0 150.0 0.38682
3550.0 150.0 0.44050
3650.0 150.0 0.26790
3750.0 150.0 -0.02965
3850.0 150.0 -0.25370
3950.0 150.0 -0.26923
4050.0 150.0 -0.19878
4150.0 150.0 -0.19034
4250.0 150.0 -0.26704
4350.0 150.0 -0.38733
4450.0 150.0 -0.47552
4550.0 150.0 -0.48409
4650.0 150.0 -0.41851
4750.0 150.0 -0.16452
4850.0 150.0 0.18442
4950.0 150.0 0.42487
5050.0 150.0 0.44262
5150.0 150.0 0.28513
5250.0 150.0 0.08081
5350.0 150.0 -0.13139
5450.0 150.0 -0.28600
5550.0 150.0 -0.34569
5650.0 150.0 -0.34977
5750.0 150.0 -0.36923
5850.0 150.0 -0.41263
5950.0 150.0 -0.45828
6050.0 150.0 -0.43090
6150.0 150.0 -0.29531
6250.0 150.0 -0.10378
6350.0 150.0 0.06326
50.0 250.0 -0.22933
150.0 250.0 -0.30427
250.0 250.0 -0.30372
350.0 250.0 -0.24247
450.0 250.0 -0.16620
550.0 250.0 -0.11910
650.0 250.0 -0.11877
750.0 250.0 -0.14240
850.0 250.0 -0.14932
950.0 250.0 -0.11124
1050.0 250.0 -0.03442
1150.0 250.0 0.14259
1250.0 250.0 0.33387
1350.0 250.0 0.36191
1450.0 250.0 0.17891
1550.0 250.0 -0.10558
1650.0 250.0 -0.36743
1750.0 250.0 -0.40421
1850.0 250.0 -0.14888
1950.0 250.0 0.20692
2050.0 250.0 0.39801
2150.0 250.0 0.28389
2250.0 250.0 0.01608
2350.0 250.0 -0.22191
2450.0 250.0 -0.29104
2550.0 250.0 -0.13460
2650.0 250.0 0.12647
2750.0 250.0 0.29914
2850.0 250.0 0.36728
2950.0 250.0 0.29991
3050.0 250.0 0.12703
3150.0 250.0 -0.00723
3250.0 250.0 0.00784
3350.0 250.0 0.17218
3450.0 250.0 0.36601
3550.0 250.0 0.41421
3650.0 250.0 0.26627
3750.0 250.0 0.02437
3850.0 250.0 -0.13675
3950.0 250.0 -0.10941
4050.0 250.0 0.00011
4150.0 250.0 0.08340
4250.0 250.0 0.07884
4350.0 250.0 -0.02370
4450.0 250.0 -0.15610
4550.0 250.0 -0.23537
4650.0 250.0 -0.23944
4750.0 250.0 -0.04446
4850.0 250.0 0.26152
4950.0 250.0 0.46894
5050.0 250.0 0.44960
5150.0 250.0 0.24114
5250.0 250.0 -0.01513
5350.0 250.0 -0.24633
5450.0 250.0 -0.36660
5550.0 250.0 -0.35542
5650.0 250.0 -0.29823
5750.0 250.0 -0.29982
5850.0 250.0 -0.35113
5950.0 250.0 -0.44322
6050.0 250.0 -0.48869
6150.0 250.0 -0.41671
6250.0 250.0 -0.25150
6350.0 250.0 -0.07401
50.0 350.0 -0.21910
150.0 350.0 -0.27455
250.0 350.0 -0.24069
350.0 350.0 -0.15006
450.0 350.0 -0.05495
550.0 350.0 -0.00994
650.0 350.0 -0.03537
750.0 350.0 -0.08570
850.0 350.0 -0.09727
950.0 350.0 -0.03534
1050.0 350.0 0.07938
1150.0 350.0 0.30019
1250.0 350.0 0.52480
1350.0 350.0 0.55742
1450.0 350.0 0.35453
1550.0 350.0 0.04818
1650.0 350.0 -0.23096
1750.0 350.0 -0.31303
1850.0 350.0 -0.13636
1950.0 350.0 0.13409
2050.0 350.0 0.26440
2150.0 350.0 0.12686
2250.0 350.0 -0.14674
2350.0 350.0 -0.38784
2450.0 350.0 -0.46273
2550.0 350.0 -0.32034
2650.0 350.0 -0.08062
2750.0 350.0 0.06959
2850.0 350.0 0.11895
2950.0 350.0 0.05302
3050.0 350.0 -0.09012
3150.0 350.0 -0.18036
3250.0 350.0 -0.13200
3350.0 350.0 0.03862
3450.0 350.0 0.22879
3550.0 350.0 0.29685
3650.0 350.0 0.20129
3750.0 350.0 0.02817
3850.0 350.0 -0.07657
3950.0 350.0 -0.02366
4050.0 350.0 0.10279
4150.0 350.0 0.22701
4250.0 350.0 0.27257
4350.0 350.0 0.20057
4450.0 350.0 0.06642
4550.0 350.0 -0.03646
4650.0 350.0 -0.07315
4750.0 350.0 0.06378
4850.0 350.0 0.28944
4950.0 350.0 0.41695
5050.0 350.0 0.34023
5150.0 350.0 0.10156
5250.0 350.0 -0.16691
5350.0 350.0 -0.35795
5450.0 350.0 -0.38114
5550.0 350.0 -0.25590
5650.0 350.0 -0.12101
5750.0 350.0 -0.10368
5850.0 350.0 -0.16123
5950.0 350.0 -0.28832
6050.0 350.0 -0.39096
6150.0 350.0 -0.37286
6250.0 350.0 -0.23547
6350.0 350.0 -0.05747
50.0 450.0 -0.14536
150.0 450.0 -0.12885
250.0 450.0 -0.03755
350.0 450.0 0.07660
450.0 450.0 0.17242
550.0 450.0 0.19194
650.0 450.0 0.10441
750.0 450.0 -0.02240
850.0 450.0 -0.09202
950.0 450.0 -0.05065
1050.0 450.0 0.06599
1150.0 450.0 0.30349
1250.0 450.0 0.56349
1350.0 450.0 0.63766
1450.0 450.0 0.46548
1550.0 450.0 0.17011
1650.0 450.0 -0.11047
1750.0 450.0 -0.21753
1850.0 450.0 -0.09552
1950.0 450.0 0.11096
2050.0 450.0 0.19509
2150.0 450.0 0.04280
2250.0 450.0 -0.23127
2350.0 450.0 -0.48345
2450.0 450.0 -0.58336
2550.0 450.0 -0.47103
2650.0 450.0 -0.25379
2750.0 450.0 -0.11164
2850.0 450.0 -0.06362
2950.0 450.0 -0.13126
3050.0 450.0 -0.27621
3150.0 450.0 -0.36769
3250.0 450.0 -0.31979
3350.0 450.0 -0.14921
3450.0 450.0 0.04421
3550.0 450.0 0.13848
3650.0 450.0 0.09415
3750.0 450.0 -0.02217
3850.0 450.0 -0.08808
3950.0 450.0 -0.02381
4050.0 450.0 0.10565
4150.0 450.0 0.24618
4250.0 450.0 0.32067
4350.0 450.0 0.27834
4450.0 450.0 0.16228
4550.0 450.0 0.06256
4650.0 450.0 0.01773
4750.0 450.0 0.11229
4850.0 450.0 0.26353
4950.0 450.0 0.31405
5050.0 450.0 0.18897
5150.0 450.0 -0.06072
5250.0 450.0 -0.31768
5350.0 450.0 -0.44405
5450.0 450.0 -0.35410
5550.0 450.0 -0.11223
5650.0 450.0 0.09532
5750.0 450.0 0.12904
5850.0 450.0 0.06887
5950.0 450.0 -0.07424
6050.0 450.0 -0.20533
6150.0 450.0 -0.21721
6250.0 450.0 -0.09920
6350.0 450.0 0.07338
50.0 550.0 -0.17511
150.0 550.0 -0.08782
250.0 550.0 0.06382
350.0 550.0 0.20759
450.0 550.0 0.31216
550.0 550.0 0.33020
650.0 550.0 0.22469
750.0 550.0 0.06914
850.0 550.0 -0.02616
950.0 550.0 0.00421
1050.0 550.0 0.11849
1150.0 550.0 0.33864
1250.0 550.0 0.56648
1350.0 550.0 0.61175
1450.0 550.0 0.42909
1550.0 550.0 0.14305
1650.0 550.0 -0.12236
1750.0 550.0 -0.23353
1850.0 550.0 -0.13953
1950.0 550.0 0.03267
2050.0 550.0 0.09833
2150.0 550.0 -0.04642
2250.0 550.0 -0.30037
2350.0 550.0 -0.53329
2450.0 550.0 -0.62410
2550.0 550.0 -0.51768
2650.0 550.0 -0.31436
2750.0 550.0 -0.18157
2850.0 550.0 -0.13936
2950.0 550.0 -0.22460
3050.0 550.0 -0.39737
3150.0 550.0 -0.51464
3250.0 550.0 -0.48010
3350.0 550.0 -0.30934
3450.0 550.0 -0.10819
3550.0 550.0 0.01417
3650.0 550.0 0.01926
3750.0 550.0 -0.04395
3850.0 550.0 -0.07329
3950.0 550.0 0.00352
4050.0 550.0 0.13972
4150.0 550.0 0.30465
4250.0 550.0 0.41634
4350.0 550.0 0.40607
4450.0 550.0 0.30343
4550.0 550.0 0.19880
4650.0 550.0 0.13531
4750.0 550.0 0.17079
4850.0 550.0 0.23804
4950.0 550.0 0.22100
5050.0 550.0 0.07250
5150.0 550.0 -0.16134
5250.0 550.0 -0.38426
5350.0 550.0 -0.43935
5450.0 550.0 -0.25215
5550.0 550.0 0.07758
5650.0 550.0 0.33609
5750.0 550.0 0.38426
5850.0 550.0 0.33014
5950.0 550.0 0.18824
6050.0 550.0 0.03828
6150.0 550.0 -0.01548
6250.0 550.0 0.05327
6350.0 550.0 0.18719
50.0 650.0 -0.32179
150.0 650.0 -0.20372
250.0 650.0 -0.01639
350.0 650.0 0.15564
450.0 650.0 0.28135
550.0 650.0 0.33339
650.0 650.0 0.27407
750.0 650.0 0.15944
850.0 650.0 0.08676
950.0 650.0 0.12211
1050.0 650.0 0.23093
1150.0 650.0 0.39687
1250.0 650.0 0.51882
1350.0 650.0 0.45994
1450.0 650.0 0.22577
1550.0 650.0 -0.04761
1650.0 650.0 -0.27460
1750.0 650.0 -0.36247
1850.0 650.0 -0.26291
1950.0 650.0 -0.08743
2050.0 650.0 -0.00390
2150.0 650.0 -0.11028
2250.0 650.0 -0.31487
2350.0 650.0 -0.48856
2450.0 650.0 -0.52926
2550.0 650.0 -0.40399
2650.0 650.0 -0.21026
2750.0 650.0 -0.09225
2850.0 650.0 -0.06263
2950.0 650.0 -0.17980
3050.0 650.0 -0.39879
3150.0 650.0 -0.55503
3250.0 650.0 -0.53684
3350.0 650.0 -0.36111
3450.0 650.0 -0.14760
3550.0 650.0 -0.00699
3650.0 650.0 0.02140
3750.0 650.0 -0.01917
3850.0 650.0 -0.03163
3950.0 650.0 0.05555
4050.0 650.0 0.20378
4150.0 650.0 0.39891
4250.0 650.0 0.54686
4350.0 650.0 0.55678
4450.0 650.0 0.44922
4550.0 650.0 0.32349
4650.0 650.0 0.22672
4750.0 650.0 0.19312
4850.0 650.0 0.18998
4950.0 650.0 0.14843
5050.0 650.0 0.03116
5150.0 650.0 -0.14434
5250.0 650.0 -0.30610
5350.0 650.0 -0.30635
5450.0 650.0 -0.08924
5550.0 650.0 0.24177
5650.0 650.0 0.49224
5750.0 650.0 0.54608
5850.0 650.0 0.51288
5950.0 650.0 0.40913
6050.0 650.0 0.27469
6150.0 650.0 0.18259
6250.0 650.0 0.17150
6350.0 650.0 0.22144
50.0 750.0 -0.46119
150.0 750.0 -0.37692
250.0 750.0 -0.20181
350.0 750.0 -0.01700
450.0 750.0 0.13401
550.0 750.0 0.23224
650.0 750.0 0.24013
750.0 750.0 0.18866
850.0 750.0 0.15359
950.0 750.0 0.19873
1050.0 750.0 0.30193
1150.0 750.0 0.41465
1250.0 750.0 0.43680
1350.0 750.0 0.28634
1450.0 750.0 0.01607
1550.0 750.0 -0.23219
1650.0 750.0 -0.41142
1750.0 750.0 -0.46698
1850.0 750.0 -0.35257
1950.0 750.0 -0.16364
2050.0 750.0 -0.05129
2150.0 750.0 -0.10823
2250.0 750.0 -0.25259
2350.0 750.0 -0.35793
2450.0 750.0 -0.34631
2550.0 750.0 -0.20848
2650.0 750.0 -0.03407
2750.0 750.0 0.06341
2850.0 750.0 0.07902
2950.0 750.0 -0.06383
3050.0 750.0 -0.31235
3150.0 750.0 -0.48584
3250.0 750.0 -0.46646
3350.0 750.0 -0.27834
3450.0 750.0 -0.05278
3550.0 750.0 0.08469
3650.0 750.0 0.09204
3750.0 750.0 0.02460
3850.0 750.0 -0.00405
3950.0 750.0 0.08563
4050.0 750.0 0.24641
4150.0 750.0 0.46304
4250.0 750.0 0.62630
4350.0 750.0 0.62950
4450.0 750.0 0.49518
4550.0 750.0 0.33816
4650.0 750.0 0.20580
4750.0 750.0 0.12160
4850.0 750.0 0.09420
4950.0 750.0 0.08812
5050.0 750.0 0.05119
5150.0 750.0 -0.04256
5250.0 750.0 -0.13842
5350.0 750.0 -0.12538
5450.0 750.0 0.03343
5550.0 750.0 0.26786
5650.0 750.0 0.44739
5750.0 750.0 0.49463
5850.0 750.0 0.49177
5950.0 750.0 0.45970
6050.0 750.0 0.38661
6150.0 750.0 0.29016
6250.0 750.0 0.20685
6350.0 750.0 0.15892
50.0 850.0 -0.47716
150.0 850.0 -0.46594
250.0 850.0 -0.33713
350.0 850.0 -0.15698
450.0 850.0 0.01220
550.0 850.0 0.13667
650.0 850.0 0.17444
750.0 850.0 0.14483
850.0 850.0 0.11831
950.0 850.0 0.16341
1050.0 850.0 0.26383
1150.0 850.0 0.36064
1250.0 850.0 0.36265
1350.0 850.0 0.20965
1450.0 850.0 -0.03780
1550.0 850.0 -0.24902
1650.0 850.0 -0.39194
1750.0 850.0 -0.43111
1850.0 850.0 -0.32346
1950.0 850.0 -0.14553
2050.0 850.0 -0.02666
2150.0 850.0 -0.05097
2250.0 850.0 -0.15050
2350.0 850.0 -0.21560
2450.0 850.0 -0.18915
2550.0 850.0 -0.07068
2650.0 850.0 0.06835
2750.0 850.0 0.14363
2850.0 850.0 0.15015
2950.0 850.0 0.00323
3050.0 850.0 -0.23650
3150.0 850.0 -0.38789
3250.0 850.0 -0.34315
3350.0 850.0 -0.13830
3450.0 850.0 0.09443
3550.0 850.0 0.21239
3650.0 850.0 0.17040
3750.0 850.0 0.04584
3850.0 850.0 -0.01992
3950.0 850.0 0.06482
4050.0 850.0 0.23362
4150.0 850.0 0.45551
4250.0 850.0 0.60948
4350.0 850.0 0.58493
4450.0 850.0 0.41525
4550.0 850.0 0.23045
4650.0 850.0 0.07399
4750.0 850.0 -0.02852
4850.0 850.0 -0.03745
4950.0 850.0 0.02264
5050.0 850.0 0.07218
5150.0 850.0 0.04696
5250.0 850.0 -0.00379
5350.0 850.0 -0.01183
5450.0 850.0 0.04743
5550.0 850.0 0.15127
5650.0 850.0 0.24122
5750.0 850.0 0.27557
5850.0 850.0 0.29992
5950.0 850.0 0.34405
6050.0 850.0 0.35432
6150.0 850.0 0.29135
6250.0 850.0 0.17503
6350.0 850.0 0.05676
50.0 950.0 -0.34616
150.0 950.0 -0.39212
250.0 950.0 -0.30404
350.0 950.0 -0.13481
450.0 950.0 0.03947
550.0 950.0 0.15299
650.0 950.0 0.15284
750.0 950.0 0.07114
850.0 950.0 0.00173
950.0 950.0 0.02968
1050.0 950.0 0.13103
1150.0 950.0 0.25756
1250.0 950.0 0.33290
1350.0 950.0 0.27601
1450.0 950.0 0.10955
1550.0 950.0 -0.06230
1650.0 950.0 -0.19259
1750.0 950.0 -0.24434
1850.0 950.0 -0.17981
1950.0 950.0 -0.05367
2050.0 950.0 0.03285
2150.0 950.0 0.00907
2250.0 950.0 -0.07586
2350.0 950.0 -0.14501
2450.0 950.0 -0.15283
2550.0 950.0 -0.08728
2650.0 950.0 0.00607
2750.0 950.0 0.06285
2850.0 950.0 0.06785
2950.0 950.0 -0.06239
3050.0 950.0 -0.26223
3150.0 950.0 -0.36421
3250.0 950.0 -0.28146
3350.0 950.0 -0.06193
3450.0 950.0 0.17215
3550.0 950.0 0.27166
3650.0 950.0 0.18956
3750.0 950.0 0.01981
3850.0 950.0 -0.07593
3950.0 950.0 0.00248
4050.0 950.0 0.17310
4150.0 950.0 0.38869
4250.0 950.0 0.52373
4350.0 950.0 0.47217
4450.0 950.0 0.27836
4550.0 950.0 0.08039
4650.0 950.0 -0.08345
4750.0 950.0 -0.18253
4850.0 950.0 -0.16597
4950.0 950.0 -0.06163
5050.0 950.0 0.03263
5150.0 950.0 0.03593
5250.0 950.0 -0.00050
5350.0 950.0 -0.03081
5450.0 950.0 -0.03393
5550.0 950.0 -0.00485
5650.0 950.0 0.03550
5750.0 950.0 0.06144
5850.0 950.0 0.09961
5950.0 950.0 0.19191
6050.0 950.0 0.26694
6150.0 950.0 0.25055
6250.0 950.0 0.14259
6350.0 950.0 0.00238
50.0 1050.0 -0.14438
150.0 1050.0 -0.22098
250.0 1050.0 -0.15856
350.0 1050.0 -0.00115
450.0 1050.0 0.16836
550.0 1050.0 0.24724
650.0 1050.0 0.16971
750.0 1050.0 -0.00437
850.0 1050.0 -0.14250
950.0 1050.0 -0.13862
1050.0 1050.0 -0.03297
1150.0 1050.0 0.14409
1250.0 1050.0 0.33158
1350.0 1050.0 0.40862
1450.0 1050.0 0.34209
1550.0 1050.0 0.20594
1650.0 1050.0 0.07497
1750.0 1050.0 -0.00454
1850.0 1050.0 -0.00090
1950.0 1050.0 0.05419
2050.0 1050.0 0.08984
2150.0 1050.0 0.05046
2250.0 1050.0 -0.03577
2350.0 1050.0 -0.13287
2450.0 1050.0 -0.20121
2550.0 1050.0 -0.20535
2650.0 1050.0 -0.16087
2750.0 1050.0 -0.11799
2850.0 1050.0 -0.10804
2950.0 1050.0 -0.20991
3050.0 1050.0 -0.35733
3150.0 1050.0 -0.40427
3250.0 1050.0 -0.28688
3350.0 1050.0 -0.06067
3450.0 1050.0 0.16781
3550.0 1050.0 0.25278
3650.0 1050.0 0.14814
3750.0 1050.0 -0.04372
3850.0 1050.0 -0.15318
3950.0 1050.0 -0.07851
4050.0 1050.0 0.09077
4150.0 1050.0 0.29868
4250.0 1050.0 0.41934
4350.0 1050.0 0.35204
4450.0 1050.0 0.14742
4550.0 1050.0 -0.05399
4650.0 1050.0 -0.21722
4750.0 1050.0 -0.30768
4850.0 1050.0 -0.27461
4950.0 1050.0 -0.15251
5050.0 1050.0 -0.04683
5150.0 1050.0 -0.04099
5250.0 1050.0 -0.07925
5350.0 1050.0 -0.11891
5450.0 1050.0 -0.13842
5550.0 1050.0 -0.12647
5650.0 1050.0 -0.09715
5750.0 1050.0 -0.07421
5850.0 1050.0 -0.03282
5950.0 1050.0 0.07978
6050.0 1050.0 0.19030
6150.0 1050.0 0.21030
6250.0 1050.0 0.12466
6350.0 1050.0 -0.01079
50.0 1150.0 0.11308
150.0 1150.0 0.00448
250.0 1150.0 0.01693
350.0 1150.0 0.12749
450.0 1150.0 0.25784
550.0 1150.0 0.26609
650.0 1150.0 0.09123
750.0 1150.0 -0.16263
850.0 1150.0 -0.33304
950.0 1150.0 -0.31969
1050.0 1150.0 -0.18896
1150.0 1150.0 0.04139
1250.0 1150.0 0.31374
1350.0 1150.0 0.47791
1450.0 1150.0 0.47040
1550.0 1150.0 0.35580
1650.0 1150.0 0.22739
1750.0 1150.0 0.12913
1850.0 1150.0 0.09238
1950.0 1150.0 0.10729
2050.0 1150.0 0.12413
2150.0 1150.0 0.09249
2250.0 1150.0 0.01941
2350.0 1150.0 -0.11433
2450.0 1150.0 -0.27502
2550.0 1150.0 -0.38101
2650.0 1150.0 -0.39529
2750.0 1150.0 -0.34804
2850.0 1150.0 -0.29977
2950.0 1150.0 -0.32093
3050.0 1150.0 -0.37467
3150.0 1150.0 -0.37261
3250.0 1150.0 -0.27216
3350.0 1150.0 -0.10238
3450.0 1150.0 0.06370
3550.0 1150.0 0.09428
3650.0 1150.0 -0.03462
3750.0 1150.0 -0.21505
3850.0 1150.0 -0.30024
3950.0 1150.0 -0.21881
4050.0 1150.0 -0.05364
4150.0 1150.0 0.15875
4250.0 1150.0 0.29206
4350.0 1150.0 0.23780
4450.0 1150.0 0.03867
4550.0 1150.0 -0.16692
4650.0 1150.0 -0.33309
4750.0 1150.0 -0.40332
4850.0 1150.0 -0.33038
4950.0 1150.0 -0.16981
5050.0 1150.0 -0.04672
5150.0 1150.0 -0.04799
5250.0 1150.0 -0.09891
5350.0 1150.0 -0.14252
5450.0 1150.0 -0.15691
5550.0 1150.0 -0.13759
5650.0 1150.0 -0.10725
5750.0 1150.0 -0.09292
5850.0 1150.0 -0.06852
5950.0 1150.0 0.00910
6050.0 1150.0 0.08038
6150.0 1150.0 0.07709
6250.0 1150.0 -0.00859
6350.0 1150.0 -0.12979
50.0 1250.0 0.34356
150.0 1250.0 0.22438
250.0 1250.0 0.17206
350.0 1250.0 0.19539
450.0 1250.0 0.24113
550.0 1250.0 0.14462
650.0 1250.0 -0.11994
750.0 1250.0 -0.39381
850.0 1250.0 -0.51431
950.0 1250.0 -0.43374
1050.0 1250.0 -0.25025
1150.0 1250.0 0.02189
1250.0 1250.0 0.30755
1350.0 1250.0 0.45421
1450.0 1250.0 0.41982
1550.0 1250.0 0.29734
1650.0 1250.0 0.17653
1750.0 1250.0 0.07473
1850.0 1250.0 0.03124
1950.0 1250.0 0.05469
2050.0 1250.0 0.10152
2150.0 1250.0 0.11170
2250.0 1250.0 0.07409
2350.0 1250.0 -0.08896
2450.0 1250.0 -0.34660
2550.0 1250.0 -0.55433
2650.0 1250.0 -0.60993
2750.0 1250.0 -0.52382
2850.0 1250.0 -0.39286
2950.0 1250.0 -0.27238
3050.0 1250.0 -0.19703
3150.0 1250.0 -0.17752
3250.0 1250.0 -0.18039
3350.0 1250.0 -0.15777
3450.0 1250.0 -0.13083
3550.0 1250.0 -0.20342
3650.0 1250.0 -0.34827
3750.0 1250.0 -0.45986
3850.0 1250.0 -0.46098
3950.0 1250.0 -0.35618
4050.0 1250.0 -0.19946
4150.0 1250.0 0.02911
4250.0 1250.0 0.20232
4350.0 1250.0 0.18976
4450.0 1250.0 0.01109
4550.0 1250.0 -0.20193
4650.0 1250.0 -0.37782
4750.0 1250.0 -0.42198
4850.0 1250.0 -0.29463
4950.0 1250.0 -0.08476
5050.0 1250.0 0.05351
5150.0 1250.0 0.03029
5250.0 1250.0 -0.04751
5350.0 1250.0 -0.08947
5450.0 1250.0 -0.07357
5550.0 1250.0 -0.01828
5650.0 1250.0 0.02635
5750.0 1250.0 0.02380
5850.0 1250.0 0.00742
5950.0 1250.0 -0.00635
6050.0 1250.0 -0.04465
6150.0 1250.0 -0.12156
6250.0 1250.0 -0.21994
6350.0 1250.0 -0.31141
50.0 1350.0 0.42478
150.0 1350.0 0.33756
250.0 1350.0 0.24243
350.0 1350.0 0.17464
450.0 1350.0 0.12109
550.0 1350.0 -0.07302
650.0 1350.0 -0.37850
750.0 1350.0 -0.59435
850.0 1350.0 -0.59215
950.0 1350.0 -0.40750
1050.0 1350.0 -0.16218
1150.0 1350.0 0.12759
1250.0 1350.0 0.35543
1350.0 1350.0 0.39241
1450.0 1350.0 0.25951
1550.0 1350.0 0.10418
1650.0 1350.0 -0.00735
1750.0 1350.0 -0.10418
1850.0 1350.0 -0.13571
1950.0 1350.0 -0.07845
2050.0 1350.0 0.02158
2150.0 1350.0 0.08771
2250.0 1350.0 0.09608
2350.0 1350.0 -0.06846
2450.0 1350.0 -0.37203
2550.0 1350.0 -0.62091
2650.0 1350.0 -0.66850
2750.0 1350.0 -0.51756
2850.0 1350.0 -0.28933
2950.0 1350.0 -0.01961
3050.0 1350.0 0.16879
3150.0 1350.0 0.16201
3250.0 1350.0 0.00228
3350.0 1350.0 -0.16153
3450.0 1350.0 -0.30033
3550.0 1350.0 -0.48517
3650.0 1350.0 -0.62651
3750.0 1350.0 -0.63046
3850.0 1350.0 -0.51377
3950.0 1350.0 -0.37623
4050.0 1350.0 -0.23045
4150.0 1350.0 0.01161
4250.0 1350.0 0.22162
4350.0 1350.0 0.24715
4450.0 1350.0 0.08513
4550.0 1350.0 -0.13884
4650.0 1350.0 -0.32905
4750.0 1350.0 -0.35904
4850.0 1350.0 -0.19743
4950.0 1350.0 0.03885
5050.0 1350.0 0.17437
5150.0 1350.0 0.11974
5250.0 1350.0 0.00973
5350.0 1350.0 -0.02971
5450.0 1350.0 0.02348
5550.0 1350.0 0.12291
5650.0 1350.0 0.18531
5750.0 1350.0 0.16262
5850.0 1350.0 0.10153
5950.0 1350.0 0.00075
6050.0 1350.0 -0.13036
6150.0 1350.0 -0.25649
6250.0 1350.0 -0.34643
6350.0 1350.0 -0.39737
50.0 1450.0 0.35219
150.0 1450.0 0.32733
250.0 1450.0 0.23036
350.0 1450.0 0.10629
450.0 1450.0 -0.01988
550.0 1450.0 -0.26956
650.0 1450.0 -0.56455
750.0 1450.0 -0.68664
850.0 1450.0 -0.55418
950.0 1450.0 -0.27742
1050.0 1450.0 0.01361
1150.0 1450.0 0.30309
1250.0 1450.0 0.45718
1350.0 1450.0 0.37553
1450.0 1450.0 0.14164
1550.0 1450.0 -0.04791
1650.0 1450.0 -0.15305
1750.0 1450.0 -0.24953
1850.0 1450.0 -0.27941
1950.0 1450.0 -0.20548
2050.0 1450.0 -0.07195
2150.0 1450.0 0.03390
2250.0 1450.0 0.07909
2350.0 1450.0 -0.06051
2450.0 1450.0 -0.34392
2550.0 1450.0 -0.56093
2650.0 1450.0 -0.55800
2750.0 1450.0 -0.34460
2850.0 1450.0 -0.04490
2950.0 1450.0 0.32370
3050.0 1450.0 0.57112
3150.0 1450.0 0.51611
3250.0 1450.0 0.21936
3350.0 1450.0 -0.08961
3450.0 1450.0 -0.35124
3550.0 1450.0 -0.61157
3650.0 1450.0 -0.73401
3750.0 1450.0 -0.63965
3850.0 1450.0 -0.42284
3950.0 1450.0 -0.25749
4050.0 1450.0 -0.12143
4150.0 1450.0 0.11944
4250.0 1450.0 0.33583
4350.0 1450.0 0.36705
4450.0 1450.0 0.20250
4550.0 1450.0 -0.03353
4650.0 1450.0 -0.23699
4750.0 1450.0 -0.27285
4850.0 1450.0 -0.11555
4950.0 1450.0 0.10894
5050.0 1450.0 0.22222
5150.0 1450.0 0.13928
5250.0 1450.0 0.00456
5350.0 1450.0 -0.03681
5450.0 1450.0 0.03753
5550.0 1450.0 0.16302
5650.0 1450.0 0.23438
5750.0 1450.0 0.19569
5850.0 1450.0 0.10839
5950.0 1450.0 -0.01895
6050.0 1450.0 -0.15386
6150.0 1450.0 -0.25053
6250.0 1450.0 -0.29411
6350.0 1450.0 -0.30658
50.0 1550.0 0.23579
150.0 1550.0 0.26897
250.0 1550.0 0.19958
350.0 1550.0 0.06667
450.0 1550.0 -0.08409
550.0 1550.0 -0.34386
650.0 1550.0 -0.61262
750.0 1550.0 -0.67393
850.0 1550.0 -0.47431
950.0 1550.0 -0.15715
1050.0 1550.0 0.15040
1150.0 1550.0 0.44119
1250.0 1550.0 0.57250
1350.0 1550.0 0.45286
1450.0 1550.0 0.18621
1550.0 1550.0 -0.01439
1650.0 1550.0 -0.11842
1750.0 1550.0 -0.22879
1850.0 1550.0 -0.28859
1950.0 1550.0 -0.24459
2050.0 1550.0 -0.12536
2150.0 1550.0 -0.01422
2250.0 1550.0 0.04588
2350.0 1550.0 -0.06343
2450.0 1550.0 -0.29478
2550.0 1550.0 -0.44889
2650.0 1550.0 -0.39140
2750.0 1550.0 -0.14436
2850.0 1550.0 0.17999
2950.0 1550.0 0.57684
3050.0 1550.0 0.83167
3150.0 1550.0 0.74453
3250.0 1550.0 0.38894
3350.0 1550.0 0.02562
3450.0 1550.0 -0.27862
3550.0 1550.0 -0.55939
3650.0 1550.0 -0.66309
3750.0 1550.0 -0.52074
3850.0 1550.0 -0.25961
3950.0 1550.0 -0.08194
4050.0 1550.0 0.04841
4150.0 1550.0 0.27242
4250.0 1550.0 0.46018
4350.0 1550.0 0.46017
4450.0 1550.0 0.27286
4550.0 1550.0 0.02692
4650.0 1550.0 -0.18387
4750.0 1550.0 -0.23887
4850.0 1550.0 -0.11405
4950.0 1550.0 0.07363
5050.0 1550.0 0.15815
5150.0 1550.0 0.06020
5250.0 1550.0 -0.08456
5350.0 1550.0 -0.13429
5450.0 1550.0 -0.06598
5550.0 1550.0 0.05478
5650.0 1550.0 0.12064
5750.0 1550.0 0.07437
5850.0 1550.0 -0.01205
5950.0 1550.0 -0.09464
6050.0 1550.0 -0.13865
6150.0 1550.0 -0.13168
6250.0 1550.0 -0.10254
6350.0 1550.0 -0.08991
50.0 1650.0 0.14205
150.0 1650.0 0.21162
250.0 1650.0 0.17159
350.0 1650.0 0.05084
450.0 1650.0 -0.09795
550.0 1650.0 -0.34603
650.0 1650.0 -0.58939
750.0 1650.0 -0.62151
850.0 1650.0 -0.40156
950.0 1650.0 -0.07892
1050.0 1650.0 0.22678
1150.0 1650.0 0.52294
1250.0 1650.0 0.67111
1350.0 1650.0 0.57422
1450.0 1650.0 0.32620
1550.0 1650.0 0.13320
1650.0 1650.0 0.02820
1750.0 1650.0 -0.10618
1850.0 1650.0 -0.21874
1950.0 1650.0 -0.23599
2050.0 1650.0 -0.16011
2150.0 1650.0 -0.06155
2250.0 1650.0 0.00345
2350.0 1650.0 -0.07731
2450.0 1650.0 -0.25402
2550.0 1650.0 -0.34899
2650.0 1650.0 -0.25244
2750.0 1650.0 0.00412
2850.0 1650.0 0.32469
2950.0 1650.0 0.71291
3050.0 1650.0 0.95558
3150.0 1650.0 0.85791
3250.0 1650.0 0.49715
3350.0 1650.0 0.13382
3450.0 1650.0 -0.16786
3550.0 1650.0 -0.43945
3650.0 1650.0 -0.52787
3750.0 1650.0 -0.37035
3850.0 1650.0 -0.10017
3950.0 1650.0 0.07906
4050.0 1650.0 0.20504
4150.0 1650.0 0.40502
4250.0 1650.0 0.55096
4350.0 1650.0 0.50925
4450.0 1650.0 0.29793
4550.0 1650.0 0.04966
4650.0 1650.0 -0.16026
4750.0 1650.0 -0.23614
4850.0 1650.0 -0.15457
4950.0 1650.0 -0.01474
5050.0 1650.0 0.03857
5150.0 1650.0 -0.06613
5250.0 1650.0 -0.21150
5350.0 1650.0 -0.27139
5450.0 1650.0 -0.22301
5550.0 1650.0 -0.12436
5650.0 1650.0 -0.07350
5750.0 1650.0 -0.12426
5850.0 1650.0 -0.19823
5950.0 1650.0 -0.20787
6050.0 1650.0 -0.12549
6150.0 1650.0 0.01072
6250.0 1650.0 0.11918
6350.0 1650.0 0.14910
50.0 1750.0 0.04959
150.0 1750.0 0.08246
250.0 1750.0 0.02964
350.0 1750.0 -0.08168
450.0 1750.0 -0.21079
550.0 1750.0 -0.40661
650.0 1750.0 -0.56906
750.0 1750.0 -0.53486
850.0 1750.0 -0.29441
950.0 1750.0 0.00612
1050.0 1750.0 0.27504
1150.0 1750.0 0.53872
1250.0 1750.0 0.67726
1350.0 1750.0 0.60198
1450.0 1750.0 0.39090
1550.0 1750.0 0.22292
1650.0 1750.0 0.12494
1750.0 1750.0 -0.04452
1850.0 1750.0 -0.23978
1950.0 1750.0 -0.34714
2050.0 1750.0 -0.32374
2150.0 1750.0 -0.22328
2250.0 1750.0 -0.12714
2350.0 1750.0 -0.14155
2450.0 1750.0 -0.23651
2550.0 1750.0 -0.28185
2650.0 1750.0 -0.18914
2750.0 1750.0 0.02796
2850.0 1750.0 0.30007
2950.0 1750.0 0.63381
3050.0 1750.0 0.84473
3150.0 1750.0 0.76137
3250.0 1750.0 0.44759
3350.0 1750.0 0.12789
3450.0 1750.0 -0.13850
3550.0 1750.0 -0.36780
3650.0 1750.0 -0.42305
3750.0 1750.0 -0.25725
3850.0 1750.0 0.00052
3950.0 1750.0 0.16503
4050.0 1750.0 0.27429
4150.0 1750.0 0.43509
4250.0 1750.0 0.54572
4350.0 1750.0 0.50618
4450.0 1750.0 0.33771
4550.0 1750.0 0.14808
4650.0 1750.0 -0.01261
4750.0 1750.0 -0.09513
4850.0 1750.0 -0.08975
4950.0 1750.0 -0.05627
5050.0 1750.0 -0.07634
5150.0 1750.0 -0.18707
5250.0 1750.0 -0.31530
5350.0 1750.0 -0.36926
5450.0 1750.0 -0.33776
5550.0 1750.0 -0.27529
5650.0 1750.0 -0.26087
5750.0 1750.0 -0.33158
5850.0 1750.0 -0.40838
5950.0 1750.0 -0.37086
6050.0 1750.0 -0.18814
6150.0 1750.0 0.06372
6250.0 1750.0 0.25302
6350.0 1750.0 0.30928
50.0 1850.0 -0.02514
150.0 1850.0 -0.08909
250.0 1850.0 -0.18306
350.0 1850.0 -0.27905
450.0 1850.0 -0.36697
550.0 1850.0 -0.47181
650.0 1850.0 -0.51204
750.0 1850.0 -0.39967
850.0 1850.0 -0.16520
950.0 1850.0 0.06845
1050.0 1850.0 0.25592
1150.0 1850.0 0.43805
1250.0 1850.0 0.53104
1350.0 1850.0 0.47318
1450.0 1850.0 0.32037
1550.0 1850.0 0.19903
1650.0 1850.0 0.11978
1750.0 1850.0 -0.08237
1850.0 1850.0 -0.36257
1950.0 1850.0 -0.55439
2050.0 1850.0 -0.56384
2150.0 1850.0 -0.43206
2250.0 1850.0 -0.27143
2350.0 1850.0 -0.18043
2450.0 1850.0 -0.17900
2550.0 1850.0 -0.20999
2650.0 1850.0 -0.19222
2750.0 1850.0 -0.08194
2850.0 1850.0 0.08511
2950.0 1850.0 0.30643
3050.0 1850.0 0.46050
3150.0 1850.0 0.42205
3250.0 1850.0 0.22000
3350.0 1850.0 -0.00193
3450.0 1850.0 -0.19341
3550.0 1850.0 -0.34562
3650.0 1850.0 -0.35761
3750.0 1850.0 -0.20568
3850.0 1850.0 0.00356
3950.0 1850.0 0.13010
4050.0 1850.0 0.20571
4150.0 1850.0 0.30117
4250.0 1850.0 0.37231
4350.0 1850.0 0.37767
4450.0 1850.0 0.32886
4550.0 1850.0 0.27362
4650.0 1850.0 0.22724
4750.0 1850.0 0.17672
4850.0 1850.0 0.10065
4950.0 1850.0 -0.00833
5050.0 1850.0 -0.13111
5150.0 1850.0 -0.24132
5250.0 1850.0 -0.32856
5350.0 1850.0 -0.34799
5450.0 1850.0 -0.31523
5550.0 1850.0 -0.29223
5650.0 1850.0 -0.33266
5750.0 1850.0 -0.44134
5850.0 1850.0 -0.54646
5950.0 1850.0 -0.52464
6050.0 1850.0 -0.32533
6150.0 1850.0 -0.02570
6250.0 1850.0 0.21623
6350.0 1850.0 0.30462
50.0 1950.0 -0.06964
150.0 1950.0 -0.20438
250.0 1950.0 -0.31303
350.0 1950.0 -0.37787
450.0 1950.0 -0.41810
550.0 1950.0 -0.43722
650.0 1950.0 -0.38389
750.0 1950.0 -0.24113
850.0 1950.0 -0.06069
950.0 1950.0 0.07692
1050.0 1950.0 0.16798
1150.0 1950.0 0.25259
1250.0 1950.0 0.28813
1350.0 1950.0 0.24602
1450.0 1950.0 0.15813
1550.0 1950.0 0.09032
1650.0 1950.0 0.03546
1750.0 1950.0 -0.17608
1850.0 1950.0 -0.49301
1950.0 1950.0 -0.71001
2050.0 1950.0 -0.70404
2150.0 1950.0 -0.51743
2250.0 1950.0 -0.28256
2350.0 1950.0 -0.08705
2450.0 1950.0 -0.01277
2550.0 1950.0 -0.07333
2650.0 1950.0 -0.17658
2750.0 1950.0 -0.20219
2850.0 1950.0 -0.15862
2950.0 1950.0 -0.06873
3050.0 1950.0 0.01986
3150.0 1950.0 0.03560
3250.0 1950.0 -0.03420
3350.0 1950.0 -0.14098
3450.0 1950.0 -0.24590
3550.0 1950.0 -0.31915
3650.0 1950.0 -0.30289
3750.0 1950.0 -0.19204
3850.0 1950.0 -0.05656
3950.0 1950.0 0.02071
4050.0 1950.0 0.05586
4150.0 1950.0 0.06798
4250.0 1950.0 0.08038
4350.0 1950.0 0.12518
4450.0 1950.0 0.20817
4550.0 1950.0 0.30854
4650.0 1950.0 0.40183
4750.0 1950.0 0.42388
4850.0 1950.0 0.31564
4950.0 1950.0 0.10629
5050.0 1950.0 -0.09428
5150.0 1950.0 -0.19357
5250.0 1950.0 -0.23027
5350.0 1950.0 -0.19510
5450.0 1950.0 -0.13619
5550.0 1950.0 -0.13411
5650.0 1950.0 -0.22312
5750.0 1950.0 -0.37289
5850.0 1950.0 -0.52202
5950.0 1950.0 -0.57616
6050.0 1950.0 -0.45534
6150.0 1950.0 -0.19865
6250.0 1950.0 0.04522
6350.0 1950.0 0.15913
50.0 2050.0 -0.09518
150.0 2050.0 -0.21067
250.0 2050.0 -0.27454
350.0 2050.0 -0.29498
450.0 2050.0 -0.30077
550.0 2050.0 -0.27827
650.0 2050.0 -0.20617
750.0 2050.0 -0.10196
850.0 2050.0 -0.00738
950.0 2050.0 0.04291
1050.0 2050.0 0.06324
1150.0 2050.0 0.07907
1250.0 2050.0 0.07800
1350.0 2050.0 0.05370
1450.0 2050.0 0.01788
1550.0 2050.0 -0.00922
1650.0 2050.0 -0.04431
1750.0 2050.0 -0.23967
1850.0 2050.0 -0.53326
1950.0 2050.0 -0.70972
2050.0 2050.0 -0.64959
2150.0 2050.0 -0.40865
2250.0 2050.0 -0.12042
2350.0 2050.0 0.14037
2450.0 2050.0 0.24491
2550.0 2050.0 0.13655
2650.0 2050.0 -0.07364
2750.0 2050.0 -0.20421
2850.0 2050.0 -0.25096
2950.0 2050.0 -0.25869
3050.0 2050.0 -0.22145
3150.0 2050.0 -0.17025
3250.0 2050.0 -0.14642
3350.0 2050.0 -0.17008
3450.0 2050.0 -0.21319
3550.0 2050.0 -0.23924
3650.0 2050.0 -0.22254
3750.0 2050.0 -0.16384
3850.0 2050.0 -0.09715
3950.0 2050.0 -0.05996
4050.0 2050.0 -0.05692
4150.0 2050.0 -0.12419
4250.0 2050.0 -0.18956
4350.0 2050.0 -0.15364
4450.0 2050.0 0.00070
4550.0 2050.0 0.20813
4650.0 2050.0 0.40797
4750.0 2050.0 0.51356
4850.0 2050.0 0.43747
4950.0 2050.0 0.21358
5050.0 2050.0 -0.00618
5150.0 2050.0 -0.08850
5250.0 2050.0 -0.08647
5350.0 2050.0 -0.00056
5450.0 2050.0 0.09664
5550.0 2050.0 0.10331
5650.0 2050.0 -0.00877
5750.0 2050.0 -0.18576
5850.0 2050.0 -0.37288
5950.0 2050.0 -0.51387
6050.0 2050.0 -0.50393
6150.0 2050.0 -0.33274
6250.0 2050.0 -0.12024
6350.0 2050.0 0.00558
50.0 2150.0 -0.12674
150.0 2150.0 -0.13597
250.0 2150.0 -0.10669
350.0 2150.0 -0.08174
450.0 2150.0 -0.07604
550.0 2150.0 -0.06198
650.0 2150.0 -0.03646
750.0 2150.0 -0.01007
850.0 2150.0 0.00615
950.0 2150.0 0.00879
1050.0 2150.0 0.00529
1150.0 2150.0 0.00405
1250.0 2150.0 0.00416
1350.0 2150.0 0.00191
1450.0 2150.0 -0.00449
1550.0 2150.0 -0.01374
1650.0 2150.0 -0.04045
1750.0 2150.0 -0.21051
1850.0 2150.0 -0.45304
1950.0 2150.0 -0.56516
2050.0 2150.0 -0.44987
2150.0 2150.0 -0.17841
2250.0 2150.0 0.12744
2350.0 2150.0 0.40528
2450.0 2150.0 0.50999
2550.0 2150.0 0.37422
2650.0 2150.0 0.12017
2750.0 2150.0 -0.04803
2850.0 2150.0 -0.12543
2950.0 2150.0 -0.16973
3050.0 2150.0 -0.15764
3150.0 2150.0 -0.10358
3250.0 2150.0 -0.05470
3350.0 2150.0 -0.05244
3450.0 2150.0 -0.07617
3550.0 2150.0 -0.09663
3650.0 2150.0 -0.09956
3750.0 2150.0 -0.08004
3850.0 2150.0 -0.05104
3950.0 2150.0 -0.03132
4050.0 2150.0 -0.04323
4150.0 2150.0 -0.16719
4250.0 2150.0 -0.31519
4350.0 2150.0 -0.34326
4450.0 2150.0 -0.20522
4550.0 2150.0 0.02758
4650.0 2150.0 0.26755
4750.0 2150.0 0.43045
4850.0 2150.0 0.41846
4950.0 2150.0 0.24598
5050.0 2150.0 0.05583
5150.0 2150.0 -0.01216
5250.0 2150.0 0.00438
5350.0 2150.0 0.11644
5450.0 2150.0 0.24261
5550.0 2150.0 0.26753
5650.0 2150.0 0.15813
5750.0 2150.0 -0.02565
5850.0 2150.0 -0.22772
5950.0 2150.0 -0.40986
6050.0 2150.0 -0.45764
6150.0 2150.0 -0.33591
6250.0 2150.0 -0.14652
6350.0 2150.0 -0.01930
50.0 2250.0 -0.17749
150.0 2250.0 -0.05130
250.0 2250.0 0.08552
350.0 2250.0 0.15367
450.0 2250.0 0.16076
550.0 2250.0 0.14696
650.0 2250.0 0.10533
750.0 2250.0 0.04991
850.0 2250.0 0.00500
950.0 2250.0 -0.01290
1050.0 2250.0 -0.01349
1150.0 2250.0 -0.00356
1250.0 2250.0 0.01763
1350.0 2250.0 0.03972
1450.0 2250.0 0.05190
1550.0 2250.0 0.05077
1650.0 2250.0 0.02871
1750.0 2250.0 -0.11653
1850.0 2250.0 -0.31112
1950.0 2250.0 -0.37191
2050.0 2250.0 -0.22385
2150.0 2250.0 0.05386
2250.0 2250.0 0.35393
2350.0 2250.0 0.62546
2450.0 2250.0 0.72698
2550.0 2250.0 0.59374
2650.0 2250.0 0.34599
2750.0 2250.0 0.18324
2850.0 2250.0 0.10893
2950.0 2250.0 0.06146
3050.0 2250.0 0.06278
3150.0 2250.0 0.10351
3250.0 2250.0 0.14343
3350.0 2250.0 0.14467
3450.0 2250.0 0.12186
3550.0 2250.0 0.09081
3650.0 2250.0 0.06277
3750.0 2250.0 0.05130
3850.0 2250.0 0.05656
3950.0 2250.0 0.06706
4050.0 2250.0 0.04606
4150.0 2250.0 -0.12384
4250.0 2250.0 -0.35499
4350.0 2250.0 -0.47189
4450.0 2250.0 -0.39278
4550.0 2250.0 -0.17680
4650.0 2250.0 0.06681
4750.0 2250.0 0.26567
4850.0 2250.0 0.32065
4950.0 2250.0 0.21874
5050.0 2250.0 0.07280
5150.0 2250.0 0.01352
5250.0 2250.0 0.02938
5350.0 2250.0 0.15000
5450.0 2250.0 0.29431
5550.0 2250.0 0.33965
5650.0 2250.0 0.24387
5750.0 2250.0 0.06350
5850.0 2250.0 -0.13800
5950.0 2250.0 -0.31918
6050.0 2250.0 -0.36729
6150.0 2250.0 -0.24820
6250.0 2250.0 -0.06292
6350.0 2250.0 0.06039
50.0 2350.0 -0.29454
150.0 2350.0 -0.05579
250.0 2350.0 0.18223
350.0 2350.0 0.30037
450.0 2350.0 0.31848
550.0 2350.0 0.27919
650.0 2350.0 0.17019
750.0 2350.0 0.04306
850.0 2350.0 -0.03782
950.0 2350.0 -0.04264
1050.0 2350.0 -0.00682
1150.0 2350.0 0.03696
1250.0 2350.0 0.08311
1350.0 2350.0 0.12093
1450.0 2350.0 0.14635
1550.0 2350.0 0.16457
1650.0 2350.0 0.16968
1750.0 2350.0 0.06824
1850.0 2350.0 -0.09291
1950.0 2350.0 -0.16703
2050.0 2350.0 -0.07834
2150.0 2350.0 0.12844
2250.0 2350.0 0.36473
2350.0 2350.0 0.58887
2450.0 2350.0 0.70208
2550.0 2350.0 0.65181
2650.0 2350.0 0.51451
2750.0 2350.0 0.42728
2850.0 2350.0 0.39705
2950.0 2350.0 0.37637
3050.0 2350.0 0.37644
3150.0 2350.0 0.39681
3250.0 2350.0 0.42102
3350.0 2350.0 0.43063
3450.0 2350.0 0.42845
3550.0 2350.0 0.40638
3650.0 2350.0 0.35501
3750.0 2350.0 0.28661
3850.0 2350.0 0.22672
3950.0 2350.0 0.19339
4050.0 2350.0 0.13735
4150.0 2350.0 -0.09515
4250.0 2350.0 -0.41696
4350.0 2350.0 -0.62900
4450.0 2350.0 -0.62273
4550.0 2350.0 -0.44795
4650.0 2350.0 -0.22568
4750.0 2350.0 0.00081
4850.0 2350.0 0.13148
4950.0 2350.0 0.11229
5050.0 2350.0 0.00988
5150.0 2350.0 -0.06009
5250.0 2350.0 -0.07100
5350.0 2350.0 0.03499
5450.0 2350.0 0.18890
5550.0 2350.0 0.26403
5650.0 2350.0 0.19796
5750.0 2350.0 0.02962
5850.0 2350.0 -0.15400
5950.0 2350.0 -0.26969
6050.0 2350.0 -0.22888
6150.0 2350.0 -0.04558
6250.0 2350.0 0.15117
6350.0 2350.0 0.24376
50.0 2450.0 -0.44345
150.0 2450.0 -0.17400
250.0 2450.0 0.11541
350.0 2450.0 0.27544
450.0 2450.0 0.31623
550.0 2450.0 0.26231
650.0 2450.0 0.10404
750.0 2450.0 -0.06056
850.0 2450.0 -0.13057
950.0 2450.0 -0.07599
1050.0 2450.0 0.03569
1150.0 2450.0 0.13091
1250.0 2450.0 0.18544
1350.0 2450.0 0.20349
1450.0 2450.0 0.21727
1550.0 2450.0 0.26207
1650.0 2450.0 0.32236
1750.0 2450.0 0.29726
1850.0 2450.0 0.17285
1950.0 2450.0 0.03182
2050.0 2450.0 -0.03212
2150.0 2450.0 0.01680
2250.0 2450.0 0.11799
2350.0 2450.0 0.22730
2450.0 2450.0 0.33214
2550.0 2450.0 0.41770
2650.0 2450.0 0.48457
2750.0 2450.0 0.54683
2850.0 2450.0 0.60892
2950.0 2450.0 0.64643
3050.0 2450.0 0.64827
3150.0 2450.0 0.63094
3250.0 2450.0 0.62568
3350.0 2450.0 0.65381
3450.0 2450.0 0.69836
3550.0 2450.0 0.72374
3650.0 2450.0 0.67928
3750.0 2450.0 0.55312
3850.0 2450.0 0.39838
3950.0 2450.0 0.28484
4050.0 2450.0 0.16687
4150.0 2450.0 -0.11543
4250.0 2450.0 -0.47456
4350.0 2450.0 -0.72153
4450.0 2450.0 -0.75965
4550.0 2450.0 -0.64313
4650.0 2450.0 -0.47394
4750.0 2450.0 -0.24466
4850.0 2450.0 -0.05548
4950.0 2450.0 -0.00693
5050.0 2450.0 -0.08567
5150.0 2450.0 -0.19418
5250.0 2450.0 -0.26360
5350.0 2450.0 -0.20288
5450.0 2450.0 -0.05465
5550.0 2450.0 0.05618
5650.0 2450.0 0.03569
5750.0 2450.0 -0.11116
5850.0 2450.0 -0.26127
5950.0 2450.0 -0.26073
6050.0 2450.0 -0.06934
6150.0 2450.0 0.21249
6250.0 2450.0 0.41157
6350.0 2450.0 0.43552
50.0 2550.0 -0.53570
150.0 2550.0 -0.33257
250.0 2550.0 -0.06371
350.0 2550.0 0.11335
450.0 2550.0 0.17980
550.0 2550.0 0.12483
650.0 2550.0 -0.05281
750.0 2550.0 -0.21469
850.0 2550.0 -0.23719
950.0 2550.0 -0.10132
1050.0 2550.0 0.09689
1150.0 2550.0 0.23597
1250.0 2550.0 0.26552
1350.0 2550.0 0.21928
1450.0 2550.0 0.18864
1550.0 2550.0 0.25302
1650.0 2550.0 0.37736
1750.0 2550.0 0.45091
1850.0 2550.0 0.39248
1950.0 2550.0 0.20250
2050.0 2550.0 -0.01648
2150.0 2550.0 -0.14217
2250.0 2550.0 -0.19873
2350.0 2550.0 -0.24853
2450.0 2550.0 -0.21010
2550.0 2550.0 -0.03372
2650.0 2550.0 0.22137
2750.0 2550.0 0.44079
2850.0 2550.0 0.60820
2950.0 2550.0 0.70729
3050.0 2550.0 0.70050
3150.0 2550.0 0.62786
3250.0 2550.0 0.58043
3350.0 2550.0 0.62738
3450.0 2550.0 0.72855
3550.0 2550.0 0.83220
3650.0 2550.0 0.84179
3750.0 2550.0 0.70002
3850.0 2550.0 0.47059
3950.0 2550.0 0.27438
4050.0 2550.0 0.09319
4150.0 2550.0 -0.18949
4250.0 2550.0 -0.48480
4350.0 2550.0 -0.65698
4450.0 2550.0 -0.67051
4550.0 2550.0 -0.60138
4650.0 2550.0 -0.49755
4750.0 2550.0 -0.29369
4850.0 2550.0 -0.08928
4950.0 2550.0 -0.01767
5050.0 2550.0 -0.10430
5150.0 2550.0 -0.26553
5250.0 2550.0 -0.40324
5350.0 2550.0 -0.40067
5450.0 2550.0 -0.26975
5550.0 2550.0 -0.12901
5650.0 2550.0 -0.10405
5750.0 2550.0 -0.22775
5850.0 2550.0 -0.34664
5950.0 2550.0 -0.25148
6050.0 2550.0 0.04656
6150.0 2550.0 0.37454
6250.0 2550.0 0.53574
6350.0 2550.0 0.47251
50.0 2650.0 -0.52904
150.0 2650.0 -0.42828
250.0 2650.0 -0.21725
350.0 2650.0 -0.04496
450.0 2650.0 0.03933
550.0 2650.0 -0.01110
650.0 2650.0 -0.19002
750.0 2650.0 -0.33461
850.0 2650.0 -0.31157
950.0 2650.0 -0.11352
1050.0 2650.0 0.14541
1150.0 2650.0 0.30207
1250.0 2650.0 0.28298
1350.0 2650.0 0.15394
1450.0 2650.0 0.06399
1550.0 2650.0 0.13252
1650.0 2650.0 0.30411
1750.0 2650.0 0.47119
1850.0 2650.0 0.51050
1950.0 2650.0 0.34538
2050.0 2650.0 0.05963
2150.0 2650.0 -0.17573
2250.0 2650.0 -0.34740
2350.0 2650.0 -0.54333
2450.0 2650.0 -0.62109
2550.0 2650.0 -0.45933
2650.0 2650.0 -0.12673
2750.0 2650.0 0.18672
2850.0 2650.0 0.42782
2950.0 2650.0 0.56186
3050.0 2650.0 0.53107
3150.0 2650.0 0.39902
3250.0 2650.0 0.30766
3350.0 2650.0 0.36388
3450.0 2650.0 0.50801
3550.0 2650.0 0.68916
3650.0 2650.0 0.77963
3750.0 2650.0 0.67344
3850.0 2650.0 0.42242
3950.0 2650.0 0.17618
4050.0 2650.0 -0.04349
4150.0 2650.0 -0.27999
4250.0 2650.0 -0.44271
4350.0 2650.0 -0.46778
4450.0 2650.0 -0.40202
4550.0 2650.0 -0.35061
4650.0 2650.0 -0.29584
4750.0 2650.0 -0.12686
4850.0 2650.0 0.05790
4950.0 2650.0 0.11374
5050.0 2650.0 0.00091
5150.0 2650.0 -0.20276
5250.0 2650.0 -0.38943
5350.0 2650.0 -0.43047
5450.0 2650.0 -0.31582
5550.0 2650.0 -0.15789
5650.0 2650.0 -0.10313
5750.0 2650.0 -0.21093
5850.0 2650.0 -0.31661
5950.0 2650.0 -0.20225
6050.0 2650.0 0.08967
6150.0 2650.0 0.36762
6250.0 2650.0 0.45177
6350.0 2650.0 0.31631
50.0 2750.0 -0.45380
150.0 2750.0 -0.40613
250.0 2750.0 -0.22965
350.0 2750.0 -0.06524
450.0 2750.0 0.02421
550.0 2750.0 -0.02790
650.0 2750.0 -0.21455
750.0 2750.0 -0.36269
850.0 2750.0 -0.33219
950.0 2750.0 -0.11709
1050.0 2750.0 0.15991
1150.0 2750.0 0.30866
1250.0 2750.0 0.24377
1350.0 2750.0 0.05202
1450.0 2750.0 -0.08397
1550.0 2750.0 -0.02378
1650.0 2750.0 0.16547
1750.0 2750.0 0.39798
1850.0 2750.0 0.54629
1950.0 2750.0 0.48088
2050.0 2750.0 0.24107
2150.0 2750.0 -0.00646
2250.0 2750.0 -0.21791
2350.0 2750.0 -0.50072
2450.0 2750.0 -0.70050
2550.0 2750.0 -0.64149
2650.0 2750.0 -0.35427
2750.0 2750.0 -0.03319
2850.0 2750.0 0.22944
2950.0 2750.0 0.36181
3050.0 2750.0 0.29792
3150.0 2750.0 0.11844
3250.0 2750.0 -0.00668
3350.0 2750.0 0.04656
3450.0 2750.0 0.20693
3550.0 2750.0 0.43468
3650.0 2750.0 0.59374
3750.0 2750.0 0.54619
3850.0 2750.0 0.32043
3950.0 2750.0 0.06730
4050.0 2750.0 -0.15863
4150.0 2750.0 -0.33876
4250.0 2750.0 -0.38121
4350.0 2750.0 -0.27536
4450.0 2750.0 -0.12898
4550.0 2750.0 -0.06876
4650.0 2750.0 -0.03071
4750.0 2750.0 0.11898
4850.0 2750.0 0.28249
4950.0 2750.0 0.31747
5050.0 2750.0 0.18623
5150.0 2750.0 -0.03326
5250.0 2750.0 -0.23523
5350.0 2750.0 -0.28917
5450.0 2750.0 -0.17818
5550.0 2750.0 -0.01333
5650.0 2750.0 0.05176
5750.0 2750.0 -0.05082
5850.0 2750.0 -0.16358
5950.0 2750.0 -0.10333
6050.0 2750.0 0.08415
6150.0 2750.0 0.24272
6250.0 2750.0 0.23996
6350.0 2750.0 0.06893
50.0 2850.0 -0.36275
150.0 2850.0 -0.31417
250.0 2850.0 -0.13996
350.0 2850.0 0.02020
450.0 2850.0 0.10467
550.0 2850.0 0.04037
650.0 2850.0 -0.16774
750.0 2850.0 -0.33925
850.0 2850.0 -0.32533
950.0 2850.0 -0.11644
1050.0 2850.0 0.15863
1150.0 2850.0 0.29192
1250.0 2850.0 0.19081
1350.0 2850.0 -0.04750
1450.0 2850.0 -0.22226
1550.0 2850.0 -0.18075
1650.0 2850.0 0.00560
1750.0 2850.0 0.28238
1850.0 2850.0 0.53915
1950.0 2850.0 0.60856
2050.0 2850.0 0.47256
2150.0 2850.0 0.26399
2250.0 2850.0 0.05273
2350.0 2850.0 -0.28055
2450.0 2850.0 -0.59406
2550.0 2850.0 -0.67082
2650.0 2850.0 -0.48385
2750.0 2850.0 -0.19723
2850.0 2850.0 0.06051
2950.0 2850.0 0.17795
3050.0 2850.0 0.08736
3150.0 2850.0 -0.12150
3250.0 2850.0 -0.26765
3350.0 2850.0 -0.22249
3450.0 2850.0 -0.06229
3550.0 2850.0 0.18488
3650.0 2850.0 0.38810
3750.0 2850.0 0.39490
3850.0 2850.0 0.21131
3950.0 2850.0 -0.02432
4050.0 2850.0 -0.23593
4150.0 2850.0 -0.35853
4250.0 2850.0 -0.30256
4350.0 2850.0 -0.09587
4450.0 2850.0 0.11393
4550.0 2850.0 0.18919
4650.0 2850.0 0.22498
4750.0 2850.0 0.36642
4850.0 2850.0 0.51708
4950.0 2850.0 0.54025
5050.0 2850.0 0.40295
5150.0 2850.0 0.18353
5250.0 2850.0 -0.01726
5350.0 2850.0 -0.07291
5450.0 2850.0 0.03392
5550.0 2850.0 0.19468
5650.0 2850.0 0.25819
5750.0 2850.0 0.15703
5850.0 2850.0 0.03163
5950.0 2850.0 0.01478
6050.0 2850.0 0.06966
6150.0 2850.0 0.09475
6250.0 2850.0 0.01280
6350.0 2850.0 -0.17183
50.0 2950.0 -0.26494
150.0 2950.0 -0.13120
250.0 2950.0 0.08169
350.0 2950.0 0.22580
450.0 2950.0 0.26921
550.0 2950.0 0.15653
650.0 2950.0 -0.09846
750.0 2950.0 -0.30102
850.0 2950.0 -0.30040
950.0 2950.0 -0.09852
1050.0 2950.0 0.16831
1150.0 2950.0 0.29852
1250.0 2950.0 0.18308
1350.0 2950.0 -0.09939
1450.0 2950.0 -0.34331
1550.0 2950.0 -0.37256
1650.0 2950.0 -0.24608
1750.0 2950.0 0.01958
1850.0 2950.0 0.36648
1950.0 2950.0 0.61273
2050.0 2950.0 0.65877
2150.0 2950.0 0.55334
2250.0 2950.0 0.38603
2350.0 2950.0 0.04224
2450.0 2950.0 -0.37476
2550.0 2950.0 -0.62100
2650.0 2950.0 -0.59151
2750.0 2950.0 -0.38322
2850.0 2950.0 -0.15468
2950.0 2950.0 -0.03969
3050.0 2950.0 -0.10087
3150.0 2950.0 -0.26947
3250.0 2950.0 -0.39363
3350.0 2950.0 -0.35962
3450.0 2950.0 -0.22956
3550.0 2950.0 -0.02965
3650.0 2950.0 0.14280
3750.0 2950.0 0.16999
3850.0 2950.0 0.05142
3950.0 2950.0 -0.11180
4050.0 2950.0 -0.24935
4150.0 2950.0 -0.26125
4250.0 2950.0 -0.08586
4350.0 2950.0 0.20222
4450.0 2950.0 0.43972
4550.0 2950.0 0.51131
4650.0 2950.0 0.53649
4750.0 2950.0 0.65853
4850.0 2950.0 0.79165
4950.0 2950.0 0.81180
5050.0 2950.0 0.68689
5150.0 2950.0 0.48569
5250.0 2950.0 0.29554
5350.0 2950.0 0.21456
5450.0 2950.0 0.26396
5550.0 2950.0 0.36596
5650.0 2950.0 0.40099
5750.0 2950.0 0.30918
5850.0 2950.0 0.18847
5950.0 2950.0 0.11210
6050.0 2950.0 0.05646
6150.0 2950.0 -0.02372
6250.0 2950.0 -0.15378
6350.0 2950.0 -0.32272
50.0 3050.0 -0.17399
150.0 3050.0 0.09143
250.0 3050.0 0.35102
350.0 3050.0 0.45059
450.0 3050.0 0.41192
550.0 3050.0 0.22109
650.0 3050.0 -0.08262
750.0 3050.0 -0.29159
850.0 3050.0 -0.27481
950.0 3050.0 -0.07108
1050.0 3050.0 0.18204
1150.0 3050.0 0.33864
1250.0 3050.0 0.26818
1350.0 3050.0 -0.01454
1450.0 3050.0 -0.33152
1550.0 3050.0 -0.47989
1650.0 3050.0 -0.48070
1750.0 3050.0 -0.32453
1850.0 3050.0 0.01446
1950.0 3050.0 0.39440
2050.0 3050.0 0.64489
2150.0 3050.0 0.69299
2250.0 3050.0 0.62201
2350.0 3050.0 0.34848
2450.0 3050.0 -0.08583
2550.0 3050.0 -0.45377
2650.0 3050.0 -0.58523
2750.0 3050.0 -0.48549
2850.0 3050.0 -0.31400
2950.0 3050.0 -0.19400
3050.0 3050.0 -0.17593
3150.0 3050.0 -0.24095
3250.0 3050.0 -0.30520
3350.0 3050.0 -0.28904
3450.0 3050.0 -0.22342
3550.0 3050.0 -0.14930
3650.0 3050.0 -0.09817
3750.0 3050.0 -0.09522
3850.0 3050.0 -0.12695
3950.0 3050.0 -0.15655
4050.0 3050.0 -0.15670
4150.0 3050.0 -0.03010
4250.0 3050.0 0.22721
4350.0 3050.0 0.50841
4450.0 3050.0 0.68928
4550.0 3050.0 0.72442
4650.0 3050.0 0.72931
4750.0 3050.0 0.81993
4850.0 3050.0 0.93161
4950.0 3050.0 0.96032
5050.0 3050.0 0.86973
5150.0 3050.0 0.70749
5250.0 3050.0 0.54139
5350.0 3050.0 0.42472
5450.0 3050.0 0.38539
5550.0 3050.0 0.39684
5650.0 3050.0 0.39184
5750.0 3050.0 0.32269
5850.0 3050.0 0.23110
5950.0 3050.0 0.13986
6050.0 3050.0 0.04057
6150.0 3050.0 -0.07074
6250.0 3050.0 -0.18836
6350.0 3050.0 -0.30334
50.0 3150.0 -0.10458
150.0 3150.0 0.23731
250.0 3150.0 0.49331
350.0 3150.0 0.52089
450.0 3150.0 0.39005
550.0 3150.0 0.12930
650.0 3150.0 -0.18673
750.0 3150.0 -0.35074
850.0 3150.0 -0.27586
950.0 3150.0 -0.05521
1050.0 3150.0 0.18482
1150.0 3150.0 0.39595
1250.0 3150.0 0.43249
1350.0 3150.0 0.21724
1450.0 3150.0 -0.13128
1550.0 3150.0 -0.39572
1650.0 3150.0 -0.54417
1750.0 3150.0 -0.57044
1850.0 3150.0 -0.36936
1950.0 3150.0 0.00934
2050.0 3150.0 0.37921
2150.0 3150.0 0.56303
2250.0 3150.0 0.60547
2350.0 3150.0 0.47114
2450.0 3150.0 0.14332
2550.0 3150.0 -0.21675
2650.0 3150.0 -0.42624
2750.0 3150.0 -0.41613
2850.0 3150.0 -0.30927
2950.0 3150.0 -0.19203
3050.0 3150.0 -0.10173
3150.0 3150.0 -0.06927
3250.0 3150.0 -0.07934
3350.0 3150.0 -0.08714
3450.0 3150.0 -0.09498
3550.0 3150.0 -0.16988
3650.0 3150.0 -0.26996
3750.0 3150.0 -0.31051
3850.0 3150.0 -0.25558
3950.0 3150.0 -0.13797
4050.0 3150.0 0.00862
4150.0 3150.0 0.23532
4250.0 3150.0 0.48032
4350.0 3150.0 0.64130
4450.0 3150.0 0.68448
4550.0 3150.0 0.65949
4650.0 3150.0 0.64188
4750.0 3150.0 0.69936
4850.0 3150.0 0.79091
4950.0 3150.0 0.83346
5050.0 3150.0 0.78416
5150.0 3150.0 0.66638
5250.0 3150.0 0.53155
5350.0 3150.0 0.39968
5450.0 3150.0 0.30440
5550.0 3150.0 0.25926
5650.0 3150.0 0.23737
5750.0 3150.0 0.19996
5850.0 3150.0 0.14975
5950.0 3150.0 0.08795
6050.0 3150.0 0.01828
6150.0 3150.0 -0.04853
6250.0 3150.0 -0.10407
6350.0 3150.0 -0.14857
50.0 3250.0 -0.05411
150.0 3250.0 0.25289
250.0 3250.0 0.43755
350.0 3250.0 0.38829
450.0 3250.0 0.19343
550.0 3250.0 -0.09832
650.0 3250.0 -0.38146
750.0 3250.0 -0.46340
850.0 3250.0 -0.30930
950.0 3250.0 -0.06243
1050.0 3250.0 0.17056
1150.0 3250.0 0.44096
1250.0 3250.0 0.60033
1350.0 3250.0 0.49026
1450.0 3250.0 0.16349
1550.0 3250.0 -0.16605
1650.0 3250.0 -0.42039
1750.0 3250.0 -0.61970
1850.0 3250.0 -0.61551
1950.0 3250.0 -0.35660
2050.0 3250.0 0.00935
2150.0 3250.0 0.25833
2250.0 3250.0 0.38328
2350.0 3250.0 0.39127
2450.0 3250.0 0.23305
2550.0 3250.0 -0.01150
2650.0 3250.0 -0.19684
2750.0 3250.0 -0.22421
2850.0 3250.0 -0.16375
2950.0 3250.0 -0.06581
3050.0 3250.0 0.03954
3150.0 3250.0 0.10021
3250.0 3250.0 0.10041
3350.0 3250.0 0.06790
3450.0 3250.0 0.00948
3550.0 3250.0 -0.16531
3650.0 3250.0 -0.36353
3750.0 3250.0 -0.42686
3850.0 3250.0 -0.30683
3950.0 3250.0 -0.08575
4050.0 3250.0 0.15673
4150.0 3250.0 0.41056
4250.0 3250.0 0.56766
4350.0 3250.0 0.55977
4450.0 3250.0 0.45122
4550.0 3250.0 0.36998
4650.0 3250.0 0.33666
4750.0 3250.0 0.37073
4850.0 3250.0 0.44756
4950.0 3250.0 0.49890
5050.0 3250.0 0.47771
5150.0 3250.0 0.39064
5250.0 3250.0 0.28260
5350.0 3250.0 0.17006
5450.0 3250.0 0.08850
5550.0 3250.0 0.05835
5650.0 3250.0 0.05851
5750.0 3250.0 0.05059
5850.0 3250.0 0.03246
5950.0 3250.0 0.00921
6050.0 3250.0 -0.00903
6150.0 3250.0 -0.01374
6250.0 3250.0 -0.00735
6350.0 3250.0 0.00088
50.0 3350.0 -0.00666
150.0 3350.0 0.17940
250.0 3350.0 0.25630
350.0 3350.0 0.15042
450.0 3350.0 -0.06373
550.0 3350.0 -0.34577
650.0 3350.0 -0.57448
750.0 3350.0 -0.57722
850.0 3350.0 -0.35765
950.0 3350.0 -0.08740
1050.0 3350.0 0.14553
1150.0 3350.0 0.45417
1250.0 3350.0 0.69679
1350.0 3350.0 0.67417
1450.0 3350.0 0.39590
1550.0 3350.0 0.06192
1650.0 3350.0 -0.22677
1750.0 3350.0 -0.51769
1850.0 3350.0 -0.65957
1950.0 3350.0 -0.53922
2050.0 3350.0 -0.24960
2150.0 3350.0 -0.00644
2250.0 3350.0 0.14615
2350.0 3350.0 0.23440
2450.0 3350.0 0.20612
2550.0 3350.0 0.08737
2650.0 3350.0 -0.02566
2750.0 3350.0 -0.04360
2850.0 3350.0 0.00044
2950.0 3350.0 0.06587
3050.0 3350.0 0.12171
3150.0 3350.0 0.13007
3250.0 3350.0 0.09122
3350.0 3350.0 0.03892
3450.0 3350.0 -0.03294
3550.0 3350.0 -0.22412
3650.0 3350.0 -0.42574
3750.0 3350.0 -0.46758
3850.0 3350.0 -0.30918
3950.0 3350.0 -0.05216
4050.0 3350.0 0.21386
4150.0 3350.0 0.44056
4250.0 3350.0 0.50560
4350.0 3350.0 0.37659
4450.0 3350.0 0.17631
4550.0 3350.0 0.06631
4650.0 3350.0 0.02788
4750.0 3350.0 0.05233
4850.0 3350.0 0.11991
4950.0 3350.0 0.16869
5050.0 3350.0 0.15253
5150.0 3350.0 0.07376
5250.0 3350.0 -0.02002
5350.0 3350.0 -0.08973
5450.0 3350.0 -0.10201
5550.0 3350.0 -0.06041
5650.0 3350.0 -0.01182
5750.0 3350.0 -0.00170
5850.0 3350.0 -0.01105
5950.0 3350.0 -0.02679
6050.0 3350.0 -0.03645
6150.0 3350.0 -0.02949
6250.0 3350.0 -0.00882
6350.0 3350.0 0.01420
50.0 3450.0 0.04390
150.0 3450.0 0.08922
250.0 3450.0 0.05730
350.0 3450.0 -0.08854
450.0 3450.0 -0.29891
550.0 3450.0 -0.54982
650.0 3450.0 -0.71479
750.0 3450.0 -0.64713
850.0 3450.0 -0.38101
950.0 3450.0 -0.10071
1050.0 3450.0 0.12501
1150.0 3450.0 0.44452
1250.0 3450.0 0.72986
1350.0 3450.0 0.77024
1450.0 3450.0 0.54828
1550.0 3450.0 0.24206
1650.0 3450.0 -0.04075
1750.0 3450.0 -0.36831
1850.0 3450.0 -0.60336
1950.0 3450.0 -0.59811
2050.0 3450.0 -0.39468
2150.0 3450.0 -0.17993
2250.0 3450.0 -0.02202
2350.0 3450.0 0.11085
2450.0 3450.0 0.17177
2550.0 3450.0 0.15193
2650.0 3450.0 0.10585
2750.0 3450.0 0.10547
2850.0 3450.0 0.14099
2950.0 3450.0 0.16268
3050.0 3450.0 0.13753
3150.0 3450.0 0.05917
3250.0 3450.0 -0.03672
3350.0 3450.0 -0.10359
3450.0 3450.0 -0.17013
3550.0 3450.0 -0.33655
3650.0 3450.0 -0.49654
3750.0 3450.0 -0.49861
3850.0 3450.0 -0.31922
3950.0 3450.0 -0.06275
4050.0 3450.0 0.19072
4150.0 3450.0 0.37605
4250.0 3450.0 0.37248
4350.0 3450.0 0.17320
4450.0 3450.0 -0.07249
4550.0 3450.0 -0.19571
4650.0 3450.0 -0.23753
4750.0 3450.0 -0.21982
4850.0 3450.0 -0.15857
4950.0 3450.0 -0.11101
5050.0 3450.0 -0.12272
5150.0 3450.0 -0.19471
5250.0 3450.0 -0.27425
5350.0 3450.0 -0.29514
5450.0 3450.0 -0.22990
5550.0 3450.0 -0.11275
5650.0 3450.0 -0.01941
5750.0 3450.0 -0.00013
5850.0 3450.0 -0.01090
5950.0 3450.0 -0.03299
6050.0 3450.0 -0.05534
6150.0 3450.0 -0.06413
6250.0 3450.0 -0.05654
6350.0 3450.0 -0.04083
50.0 3550.0 0.08373
150.0 3550.0 0.01606
250.0 3550.0 -0.09224
350.0 3550.0 -0.24619
450.0 3550.0 -0.42148
550.0 3550.0 -0.59018
650.0 3550.0 -0.64286
750.0 3550.0 -0.50154
850.0 3550.0 -0.23819
950.0 3550.0 -0.01736
1050.0 3550.0 0.13308
1150.0 3550.0 0.36406
1250.0 3550.0 0.59452
1350.0 3550.0 0.66385
1450.0 3550.0 0.53913
1550.0 3550.0 0.33211
1650.0 3550.0 0.12316
1750.0 3550.0 -0.16658
1850.0 3550.0 -0.43139
1950.0 3550.0 -0.50885
2050.0 3550.0 -0.38571
2150.0 3550.0 -0.19602
2250.0 3550.0 -0.02276
2350.0 3550.0 0.15851
2450.0 3550.0 0.28994
2550.0 3550.0 0.32386
2650.0 3550.0 0.28990
2750.0 3550.0 0.26584
2850.0 3550.0 0.26062
2950.0 3550.0 0.19538
3050.0 3550.0 0.05121
3150.0 3550.0 -0.12603
3250.0 3550.0 -0.26542
3350.0 3550.0 -0.32598
3450.0 3550.0 -0.36489
3550.0 3550.0 -0.46954
3650.0 3550.0 -0.56368
3750.0 3550.0 -0.54368
3850.0 3550.0 -0.39828
3950.0 3550.0 -0.20433
4050.0 3550.0 -0.01480
4150.0 3550.0 0.12016
4250.0 3550.0 0.09758
4350.0 3550.0 -0.09139
4450.0 3550.0 -0.32282
4550.0 3550.0 -0.45384
4650.0 3550.0 -0.51872
4750.0 3550.0 -0.53073
4850.0 3550.0 -0.47658
4950.0 3550.0 -0.39314
5050.0 3550.0 -0.34036
5150.0 3550.0 -0.35130
5250.0 3550.0 -0.37429
5350.0 3550.0 -0.33951
5450.0 3550.0 -0.24308
5550.0 3550.0 -0.12965
5650.0 3550.0 -0.05725
5750.0 3550.0 -0.04930
5850.0 3550.0 -0.05570
5950.0 3550.0 -0.04189
6050.0 3550.0 -0.01761
6150.0 3550.0 -0.00305
6250.0 3550.0 -0.01050
6350.0 3550.0 -0.03604
50.0 3650.0 0.08695
150.0 3650.0 -0.01877
250.0 3650.0 -0.13333
350.0 3650.0 -0.24750
450.0 3650.0 -0.35427
550.0 3650.0 -0.39727
650.0 3650.0 -0.31234
750.0 3650.0 -0.12690
850.0 3650.0 0.05532
950.0 3650.0 0.13243
1050.0 3650.0 0.13378
1150.0 3650.0 0.16697
1250.0 3650.0 0.23240
1350.0 3650.0 0.28784
1450.0 3650.0 0.29968
1550.0 3650.0 0.26690
1650.0 3650.0 0.20517
1750.0 3650.0 0.03863
1850.0 3650.0 -0.17581
1950.0 3650.0 -0.28690
2050.0 3650.0 -0.22708
2150.0 3650.0 -0.05515
2250.0 3650.0 0.14367
2350.0 3650.0 0.36843
2450.0 3650.0 0.53121
2550.0 3650.0 0.54815
2650.0 3650.0 0.45136
2750.0 3650.0 0.35407
2850.0 3650.0 0.27643
2950.0 3650.0 0.10676
3050.0 3650.0 -0.13874
3150.0 3650.0 -0.36203
3250.0 3650.0 -0.48463
3350.0 3650.0 -0.50290
3450.0 3650.0 -0.49067
3550.0 3650.0 -0.49802
3650.0 3650.0 -0.50833
3750.0 3650.0 -0.49400
3850.0 3650.0 -0.44748
3950.0 3650.0 -0.38412
4050.0 3650.0 -0.31271
4150.0 3650.0 -0.23131
4250.0 3650.0 -0.20765
4350.0 3650.0 -0.28698
4450.0 3650.0 -0.43176
4550.0 3650.0 -0.56271
4650.0 3650.0 -0.67366
4750.0 3650.0 -0.75187
4850.0 3650.0 -0.72681
4950.0 3650.0 -0.58983
5050.0 3650.0 -0.42206
5150.0 3650.0 -0.31687
5250.0 3650.0 -0.23870
5350.0 3650.0 -0.14703
5450.0 3650.0 -0.08012
5550.0 3650.0 -0.06698
5650.0 3650.0 -0.09317
5750.0 3650.0 -0.12010
5850.0 3650.0 -0.11719
5950.0 3650.0 -0.02915
6050.0 3650.0 0.09332
6150.0 3650.0 0.16094
6250.0 3650.0 0.12892
6350.0 3650.0 0.02418
50.0 3750.0 0.04833
150.0 3750.0 -0.01835
250.0 3750.0 -0.07640
350.0 3750.0 -0.12202
450.0 3750.0 -0.15347
550.0 3750.0 -0.07742
650.0 3750.0 0.11332
750.0 3750.0 0.29129
850.0 3750.0 0.34135
950.0 3750.0 0.24435
1050.0 3750.0 0.08065
1150.0 3750.0 -0.10981
1250.0 3750.0 -0.23955
1350.0 3750.0 -0.21567
1450.0 3750.0 -0.06572
1550.0 3750.0 0.08896
1650.0 3750.0 0.19021
1750.0 3750.0 0.17236
1850.0 3750.0 0.04184
1950.0 3750.0 -0.07279
2050.0 3750.0 -0.05828
2150.0 3750.0 0.10227
2250.0 3750.0 0.32761
2350.0 3750.0 0.58205
2450.0 3750.0 0.74125
2550.0 3750.0 0.69578
2650.0 3750.0 0.49873
2750.0 3750.0 0.31104
2850.0 3750.0 0.15871
2950.0 3750.0 -0.07924
3050.0 3750.0 -0.34230
3150.0 3750.0 -0.51061
3250.0 3750.0 -0.54146
3350.0 3750.0 -0.49150
3450.0 3750.0 -0.42378
3550.0 3750.0 -0.33193
3650.0 3750.0 -0.26526
3750.0 3750.0 -0.27399
3850.0 3750.0 -0.34765
3950.0 3750.0 -0.43114
4050.0 3750.0 -0.48786
4150.0 3750.0 -0.45185
4250.0 3750.0 -0.35188
4350.0 3750.0 -0.28316
4450.0 3750.0 -0.31456
4550.0 3750.0 -0.44075
4650.0 3750.0 -0.60500
4750.0 3750.0 -0.77295
4850.0 3750.0 -0.81056
4950.0 3750.0 -0.64696
5050.0 3750.0 -0.37333
5150.0 3750.0 -0.14533
5250.0 3750.0 0.04181
5350.0 3750.0 0.18223
5450.0 3750.0 0.19233
5550.0 3750.0 0.06997
5650.0 3750.0 -0.08035
5750.0 3750.0 -0.14914
5850.0 3750.0 -0.13779
5950.0 3750.0 0.02223
6050.0 3750.0 0.23623
6150.0 3750.0 0.34553
6250.0 3750.0 0.27636
6350.0 3750.0 0.08241
50.0 3850.0 -0.00412
150.0 3850.0 -0.01361
250.0 3850.0 -0.00936
350.0 3850.0 0.00077
450.0 3850.0 0.01989
550.0 3850.0 0.16441
650.0 3850.0 0.39832
750.0 3850.0 0.53644
850.0 3850.0 0.47057
950.0 3850.0 0.24602
1050.0 3850.0 -0.02927
1150.0 3850.0 -0.36689
1250.0 3850.0 -0.61952
1350.0 3850.0 -0.60618
1450.0 3850.0 -0.35486
1550.0 3850.0 -0.07065
1650.0 3850.0 0.14035
1750.0 3850.0 0.21767
1850.0 3850.0 0.13232
1950.0 3850.0 0.00175
2050.0 3850.0 -0.02422
2150.0 3850.0 0.12533
2250.0 3850.0 0.36834
2350.0 3850.0 0.64081
2450.0 3850.0 0.79337
2550.0 3850.0 0.70087
2650.0 3850.0 0.43262
2750.0 3850.0 0.18277
2850.0 3850.0 -0.01586
2950.0 3850.0 -0.26196
3050.0 3850.0 -0.46033
3150.0 3850.0 -0.50542
3250.0 3850.0 -0.41458
3350.0 3850.0 -0.30083
3450.0 3850.0 -0.19552
3550.0 3850.0 -0.03706
3650.0 3850.0 0.08079
3750.0 3850.0 0.05555
3850.0 3850.0 -0.09992
3950.0 3850.0 -0.28282
4050.0 3850.0 -0.42638
4150.0 3850.0 -0.42292
4250.0 3850.0 -0.27490
4350.0 3850.0 -0.10995
4450.0 3850.0 -0.06722
4550.0 3850.0 -0.19085
4650.0 3850.0 -0.39441
4750.0 3850.0 -0.64428
4850.0 3850.0 -0.76288
4950.0 3850.0 -0.62204
5050.0 3850.0 -0.30297
5150.0 3850.0 0.00177
5250.0 3850.0 0.26337
5350.0 3850.0 0.44169
5450.0 3850.0 0.42208
5550.0 3850.0 0.21715
5650.0 3850.0 -0.01145
5750.0 3850.0 -0.10730
5850.0 3850.0 -0.09341
5950.0 3850.0 0.09831
6050.0 3850.0 0.34530
6150.0 3850.0 0.45358
6250.0 3850.0 0.34169
6350.0 3850.0 0.08384
50.0 3950.0 -0.03447
150.0 3950.0 -0.03662
250.0 3950.0 -0.02176
350.0 3950.0 0.00122
450.0 3950.0 0.03383
550.0 3950.0 0.19026
650.0 3950.0 0.41940
750.0 3950.0 0.52590
850.0 3950.0 0.41215
950.0 3950.0 0.14637
1050.0 3950.0 -0.15915
1150.0 3950.0 -0.52470
1250.0 3950.0 -0.78221
1350.0 3950.0 -0.73674
1450.0 3950.0 -0.43109
1550.0 3950.0 -0.10172
1650.0 3950.0 0.13817
1750.0 3950.0 0.22029
1850.0 3950.0 0.10053
1950.0 3950.0 -0.08961
2050.0 3950.0 -0.16702
2150.0 3950.0 -0.03395
2250.0 3950.0 0.21481
2350.0 3950.0 0.50384
2450.0 3950.0 0.67872
2550.0 3950.0 0.60095
2650.0 3950.0 0.33270
2750.0 3950.0 0.07183
2850.0 3950.0 -0.13572
2950.0 3950.0 -0.34921
3050.0 3950.0 -0.45941
3150.0 3950.0 -0.39135
3250.0 3950.0 -0.21200
3350.0 3950.0 -0.06433
3450.0 3950.0 0.05227
3550.0 3950.0 0.23508
3650.0 3950.0 0.37851
3750.0 3950.0 0.36124
3850.0 3950.0 0.19154
3950.0 3950.0 -0.01658
4050.0 3950.0 -0.18633
4150.0 3950.0 -0.20714
4250.0 3950.0 -0.07441
4350.0 3950.0 0.08642
4450.0 3950.0 0.12942
4550.0 3950.0 0.00126
4650.0 3950.0 -0.21744
4750.0 3950.0 -0.51744
4850.0 3950.0 -0.70826
4950.0 3950.0 -0.62621
5050.0 3950.0 -0.32812
5150.0 3950.0 -0.01018
5250.0 3950.0 0.27574
5350.0 3950.0 0.48610
5450.0 3950.0 0.49609
5550.0 3950.0 0.30731
5650.0 3950.0 0.08131
5750.0 3950.0 -0.01664
5850.0 3950.0 -0.00672
5950.0 3950.0 0.16880
6050.0 3950.0 0.38234
6150.0 3950.0 0.44731
6250.0 3950.0 0.29754
6350.0 3950.0 0.01666
50.0 4050.0 -0.04617
150.0 4050.0 -0.06204
250.0 4050.0 -0.06181
350.0 4050.0 -0.04935
450.0 4050.0 -0.02416
550.0 4050.0 0.11639
650.0 4050.0 0.31913
750.0 4050.0 0.39805
850.0 4050.0 0.26556
950.0 4050.0 -0.00669
1050.0 4050.0 -0.31125
1150.0 4050.0 -0.65642
1250.0 4050.0 -0.86904
1350.0 4050.0 -0.77227
1450.0 4050.0 -0.43161
1550.0 4050.0 -0.09392
1650.0 4050.0 0.13887
1750.0 4050.0 0.19159
1850.0 4050.0 0.01483
1950.0 4050.0 -0.24041
2050.0 4050.0 -0.36571
2150.0 4050.0 -0.25099
2250.0 4050.0 -0.00446
2350.0 4050.0 0.30047
2450.0 4050.0 0.51523
2550.0 4050.0 0.48746
2650.0 4050.0 0.25789
2750.0 4050.0 0.01170
2850.0 4050.0 -0.18860
2950.0 4050.0 -0.36111
3050.0 4050.0 -0.39382
3150.0 4050.0 -0.24217
3250.0 4050.0 -0.00768
3350.0 4050.0 0.15377
3450.0 4050.0 0.26869
3550.0 4050.0 0.45883
3650.0 4050.0 0.62262
3750.0 4050.0 0.63275
3850.0 4050.0 0.48603
3950.0 4050.0 0.28880
4050.0 4050.0 0.12034
4150.0 4050.0 0.07586
4250.0 4050.0 0.16105
4350.0 4050.0 0.27250
4450.0 4050.0 0.28744
4550.0 4050.0 0.15921
4650.0 4050.0 -0.05624
4750.0 4050.0 -0.38844
4850.0 4050.0 -0.65048
4950.0 4050.0 -0.65100
5050.0 4050.0 -0.41042
5150.0 4050.0 -0.10913
5250.0 4050.0 0.17979
5350.0 4050.0 0.42148
5450.0 4050.0 0.48841
5550.0 4050.0 0.35808
5650.0 4050.0 0.16692
5750.0 4050.0 0.07392
5850.0 4050.0 0.07313
5950.0 4050.0 0.20867
6050.0 4050.0 0.36065
6150.0 4050.0 0.36884
6250.0 4050.0 0.18954
6350.0 4050.0 -0.09238
50.0 4150.0 -0.02682
150.0 4150.0 -0.00235
250.0 4150.0 0.00142
350.0 4150.0 -0.01956
450.0 4150.0 -0.04335
550.0 4150.0 0.03160
650.0 4150.0 0.16091
750.0 4150.0 0.18535
850.0 4150.0 0.02909
950.0 4150.0 -0.24762
1050.0 4150.0 -0.55118
1150.0 4150.0 -0.86538
1250.0 4150.0 -1.01933
1350.0 4150.0 -0.87246
1450.0 4150.0 -0.51909
1550.0 4150.0 -0.20698
1650.0 4150.0 -0.01233
1750.0 4150.0 0.02116
1850.0 4150.0 -0.14565
1950.0 4150.0 -0.37523
2050.0 4150.0 -0.48452
2150.0 4150.0 -0.38136
2250.0 4150.0 -0.16042
2350.0 4150.0 0.13806
2450.0 4150.0 0.38728
2550.0 4150.0 0.42955
2650.0 4150.0 0.27256
2750.0 4150.0 0.06755
2850.0 4150.0 -0.10900
2950.0 4150.0 -0.24055
3050.0 4150.0 -0.22791
3150.0 4150.0 -0.05121
3250.0 4150.0 0.17986
3350.0 4150.0 0.32179
3450.0 4150.0 0.41521
3550.0 4150.0 0.59346
3650.0 4150.0 0.77898
3750.0 4150.0 0.84966
3850.0 4150.0 0.77666
3950.0 4150.0 0.63306
4050.0 4150.0 0.49470
4150.0 4150.0 0.42436
4250.0 4150.0 0.43751
4350.0 4150.0 0.48404
4450.0 4150.0 0.48802
4550.0 4150.0 0.40883
4650.0 4150.0 0.25301
4750.0 4150.0 -0.07874
4850.0 4150.0 -0.43230
4950.0 4150.0 -0.58383
5050.0 4150.0 -0.47392
5150.0 4150.0 -0.22515
5250.0 4150.0 0.05063
5350.0 4150.0 0.31768
5450.0 4150.0 0.44341
5550.0 4150.0 0.37202
5650.0 4150.0 0.20673
5750.0 4150.0 0.09947
5850.0 4150.0 0.06097
5950.0 4150.0 0.11904
6050.0 4150.0 0.18647
6150.0 4150.0 0.14877
6250.0 4150.0 -0.02339
6350.0 4150.0 -0.26742
50.0 4250.0 0.04285
150.0 4250.0 0.14924
250.0 4250.0 0.16449
350.0 4250.0 0.08265
450.0 4250.0 -0.03155
550.0 4250.0 -0.05604
650.0 4250.0 -0.00850
750.0 4250.0 -0.01747
850.0 4250.0 -0.16569
950.0 4250.0 -0.43115
1050.0 4250.0 -0.73388
1150.0 4250.0 -1.01358
1250.0 4250.0 -1.11102
1350.0 4250.0 -0.93445
1450.0 4250.0 -0.60530
1550.0 4250.0 -0.35817
1650.0 4250.0 -0.23338
1750.0 4250.0 -0.20999
1850.0 4250.0 -0.30155
1950.0 4250.0 -0.41653
2050.0 4250.0 -0.44733
2150.0 4250.0 -0.34967
2250.0 4250.0 -0.17957
2350.0 4250.0 0.07444
2450.0 4250.0 0.32065
2550.0 4250.0 0.41658
2650.0 4250.0 0.34048
2750.0 4250.0 0.19532
2850.0 4250.0 0.05852
2950.0 4250.0 -0.03797
3050.0 4250.0 -0.02445
3150.0 4250.0 0.10457
3250.0 4250.0 0.26352
3350.0 4250.0 0.34936
3450.0 4250.0 0.39904
3550.0 4250.0 0.52926
3650.0 4250.0 0.70554
3750.0 4250.0 0.83481
3850.0 4250.0 0.86297
3950.0 4250.0 0.80973
4050.0 4250.0 0.73167
4150.0 4250.0 0.64052
4250.0 4250.0 0.57049
4350.0 4250.0 0.55126
4450.0 4250.0 0.57155
4550.0 4250.0 0.59395
4650.0 4250.0 0.56064
4750.0 4250.0 0.29814
4850.0 4250.0 -0.10306
4950.0 4250.0 -0.40708
5050.0 4250.0 -0.45861
5150.0 4250.0 -0.28830
5250.0 4250.0 -0.04416
5350.0 4250.0 0.22937
5450.0 4250.0 0.39321
5550.0 4250.0 0.35782
5650.0 4250.0 0.19466
5750.0 4250.0 0.05035
5850.0 4250.0 -0.04969
5950.0 4250.0 -0.08756
6050.0 4250.0 -0.09448
6150.0 4250.0 -0.13311
6250.0 4250.0 -0.24033
6350.0 4250.0 -0.40273
50.0 4350.0 0.14673
150.0 4350.0 0.32303
250.0 4350.0 0.33630
350.0 4350.0 0.18328
450.0 4350.0 -0.02703
550.0 4350.0 -0.13356
650.0 4350.0 -0.11478
750.0 4350.0 -0.08686
850.0 4350.0 -0.17066
950.0 4350.0 -0.40328
1050.0 4350.0 -0.70525
1150.0 4350.0 -0.95953
1250.0 4350.0 -1.02270
1350.0 4350.0 -0.84611
1450.0 4350.0 -0.56694
1550.0 4350.0 -0.39824
1650.0 4350.0 -0.34889
1750.0 4350.0 -0.33604
1850.0 4350.0 -0.34582
1950.0 4350.0 -0.33648
2050.0 4350.0 -0.28210
2150.0 4350.0 -0.19017
2250.0 4350.0 -0.07712
2350.0 4350.0 0.10519
2450.0 4350.0 0.29837
2550.0 4350.0 0.39489
2650.0 4350.0 0.36521
2750.0 4350.0 0.27171
2850.0 4350.0 0.17624
2950.0 4350.0 0.10579
3050.0 4350.0 0.09661
3150.0 4350.0 0.14765
3250.0 4350.0 0.21050
3350.0 4350.0 0.23045
3450.0 4350.0 0.22984
3550.0 4350.0 0.28311
3650.0 4350.0 0.40046
3750.0 4350.0 0.53895
3850.0 4350.0 0.63967
3950.0 4350.0 0.67366
4050.0 4350.0 0.66223
4150.0 4350.0 0.56114
4250.0 4350.0 0.42493
4350.0 4350.0 0.36007
4450.0 4350.0 0.41452
4550.0 4350.0 0.55064
4650.0 4350.0 0.65780
4750.0 4350.0 0.52491
4850.0 4350.0 0.17228
4950.0 4350.0 -0.19069
5050.0 4350.0 -0.34870
5150.0 4350.0 -0.24670
5250.0 4350.0 -0.04024
5350.0 4350.0 0.21908
5450.0 4350.0 0.38669
5550.0 4350.0 0.35162
5650.0 4350.0 0.16681
5750.0 4350.0 -0.02273
5850.0 4350.0 -0.18318
5950.0 4350.0 -0.29300
6050.0 4350.0 -0.32652
6150.0 4350.0 -0.31208
6250.0 4350.0 -0.31667
6350.0 4350.0 -0.38446
50.0 4450.0 0.24167
150.0 4450.0 0.43269
250.0 4450.0 0.42017
350.0 4450.0 0.21075
450.0 4450.0 -0.06164
550.0 4450.0 -0.19624
650.0 4450.0 -0.13505
750.0 4450.0 -0.00753
850.0 4450.0 0.00869
950.0 4450.0 -0.18089
1050.0 4450.0 -0.48200
1150.0 4450.0 -0.72512
1250.0 4450.0 -0.77835
1350.0 4450.0 -0.61688
1450.0 4450.0 -0.38190
1550.0 4450.0 -0.26880
1650.0 4450.0 -0.27029
1750.0 4450.0 -0.27750
1850.0 4450.0 -0.26201
1950.0 4450.0 -0.20442
2050.0 4450.0 -0.11846
2150.0 4450.0 -0.03845
2250.0 4450.0 0.03502
2350.0 4450.0 0.15072
2450.0 4450.0 0.26837
2550.0 4450.0 0.31857
2650.0 4450.0 0.28623
2750.0 4450.0 0.21624
2850.0 4450.0 0.14827
2950.0 4450.0 0.09892
3050.0 4450.0 0.08281
3150.0 4450.0 0.09157
3250.0 4450.0 0.09743
3350.0 4450.0 0.07588
3450.0 4450.0 0.03908
3550.0 4450.0 0.01668
3650.0 4450.0 0.04661
3750.0 4450.0 0.13761
3850.0 4450.0 0.24988
3950.0 4450.0 0.33123
4050.0 4450.0 0.36422
4150.0 4450.0 0.26111
4250.0 4450.0 0.08985
4350.0 4450.0 0.00413
4450.0 4450.0 0.08708
4550.0 4450.0 0.29957
4650.0 4450.0 0.50660
4750.0 4450.0 0.50727
4850.0 4450.0 0.27423
4950.0 4450.0 -0.03512
5050.0 4450.0 -0.20402
5150.0 4450.0 -0.13277
5250.0 4450.0 0.04706
5350.0 4450.0 0.28617
5450.0 4450.0 0.43719
5550.0 4450.0 0.38263
5650.0 4450.0 0.17130
5750.0 4450.0 -0.05072
5850.0 4450.0 -0.24678
5950.0 4450.0 -0.38190
6050.0 4450.0 -0.39534
6150.0 4450.0 -0.30799
6250.0 4450.0 -0.22209
6350.0 4450.0 -0.22294
50.0 4550.0 0.29416
150.0 4550.0 0.44284
250.0 4550.0 0.38752
350.0 4550.0 0.14939
450.0 4550.0 -0.13787
550.0 4550.0 -0.24991
650.0 4550.0 -0.10719
750.0 4550.0 0.13275
850.0 4550.0 0.24115
950.0 4550.0 0.08737
1050.0 4550.0 -0.21274
1150.0 4550.0 -0.45394
1250.0 4550.0 -0.50679
1350.0 4550.0 -0.35188
1450.0 4550.0 -0.13029
1550.0 4550.0 -0.03227
1650.0 4550.0 -0.04913
1750.0 4550.0 -0.08774
1850.0 4550.0 -0.12273
1950.0 4550.0 -0.11963
2050.0 4550.0 -0.07433
2150.0 4550.0 -0.01372
2250.0 4550.0 0.04744
2350.0 4550.0 0.12783
2450.0 4550.0 0.18813
2550.0 4550.0 0.18289
2650.0 4550.0 0.11895
2750.0 4550.0 0.04529
2850.0 4550.0 -0.01373
2950.0 4550.0 -0.03975
3050.0 4550.0 -0.02166
3150.0 4550.0 0.01663
3250.0 4550.0 0.03581
3350.0 4550.0 0.01185
3450.0 4550.0 -0.03772
3550.0 4550.0 -0.10766
3650.0 4550.0 -0.15471
3750.0 4550.0 -0.13581
3850.0 4550.0 -0.06098
3950.0 4550.0 0.02141
4050.0 4550.0 0.06559
4150.0 4550.0 -0.03973
4250.0 4550.0 -0.22323
4350.0 4550.0 -0.31778
4450.0 4550.0 -0.22971
4550.0 4550.0 0.00196
4650.0 4550.0 0.24230
4750.0 4550.0 0.32594
4850.0 4550.0 0.21177
4950.0 4550.0 0.00902
5050.0 4550.0 -0.10335
5150.0 4550.0 -0.02580
5250.0 4550.0 0.14658
5350.0 4550.0 0.37710
5450.0 4550.0 0.51789
5550.0 4550.0 0.45218
5650.0 4550.0 0.23019
5750.0 4550.0 -0.00107
5850.0 4550.0 -0.20321
5950.0 4550.0 -0.32807
6050.0 4550.0 -0.30769
6150.0 4550.0 -0.17256
6250.0 4550.0 -0.04577
6350.0 4550.0 -0.02573
50.0 4650.0 0.29778
150.0 4650.0 0.38349
250.0 4650.0 0.28478
350.0 4650.0 0.03522
450.0 4650.0 -0.24415
550.0 4650.0 -0.31808
650.0 4650.0 -0.09168
750.0 4650.0 0.25371
850.0 4650.0 0.44934
950.0 4650.0 0.33814
1050.0 4650.0 0.05357
1150.0 4650.0 -0.17617
1250.0 4650.0 -0.22742
1350.0 4650.0 -0.08226
1450.0 4650.0 0.12546
1550.0 4650.0 0.21583
1650.0 4650.0 0.19403
1750.0 4650.0 0.11679
1850.0 4650.0 0.00225
1950.0 4650.0 -0.08387
2050.0 4650.0 -0.09945
2150.0 4650.0 -0.05470
2250.0 4650.0 0.00945
2350.0 4650.0 0.07217
2450.0 4650.0 0.08988
2550.0 4650.0 0.03566
2650.0 4650.0 -0.06057
2750.0 4650.0 -0.13940
2850.0 4650.0 -0.18870
2950.0 4650.0 -0.18433
3050.0 4650.0 -0.11720
3150.0 4650.0 -0.03172
3250.0 4650.0 0.01417
3350.0 4650.0 -0.00684
3450.0 4650.0 -0.06527
3550.0 4650.0 -0.16788
3650.0 4650.0 -0.27360
3750.0 4650.0 -0.31939
3850.0 4650.0 -0.29087
3950.0 4650.0 -0.22634
4050.0 4650.0 -0.18776
4150.0 4650.0 -0.29153
4250.0 4650.0 -0.46768
4350.0 4650.0 -0.55591
4450.0 4650.0 -0.46847
4550.0 4650.0 -0.24503
4650.0 4650.0 -0.00605
4750.0 4650.0 0.12717
4850.0 4650.0 0.11296
4950.0 4650.0 0.01801
5050.0 4650.0 -0.02706
5150.0 4650.0 0.06122
5250.0 4650.0 0.22547
5350.0 4650.0 0.44633
5450.0 4650.0 0.58064
5550.0 4650.0 0.51504
5650.0 4650.0 0.29787
5750.0 4650.0 0.07135
5850.0 4650.0 -0.12432
5950.0 4650.0 -0.23295
6050.0 4650.0 -0.18987
6150.0 4650.0 -0.03469
6250.0 4650.0 0.10253
6350.0 4650.0 0.12375
50.0 4750.0 0.15268
150.0 4750.0 0.17088
250.0 4750.0 0.05789
350.0 4750.0 -0.16126
450.0 4750.0 -0.39769
550.0 4750.0 -0.43606
650.0 4750.0 -0.16810
750.0 4750.0 0.24536
850.0 4750.0 0.53539
950.0 4750.0 0.52485
1050.0 4750.0 0.33491
1150.0 4750.0 0.17994
1250.0 4750.0 0.14047
1350.0 4750.0 0.22414
1450.0 4750.0 0.34356
1550.0 4750.0 0.38501
1650.0 4750.0 0.34806
1750.0 4750.0 0.21907
1850.0 4750.0 0.02082
1950.0 4750.0 -0.13643
2050.0 4750.0 -0.17678
2150.0 4750.0 -0.11116
2250.0 4750.0 -0.01402
2350.0 4750.0 0.04979
2450.0 4750.0 0.03303
2550.0 4750.0 -0.06127
2650.0 4750.0 -0.16954
2750.0 4750.0 -0.21991
2850.0 4750.0 -0.22092
2950.0 4750.0 -0.15918
3050.0 4750.0 -0.05509
3150.0 4750.0 0.02050
3250.0 4750.0 0.02070
3350.0 4750.0 -0.04589
3450.0 4750.0 -0.13840
3550.0 4750.0 -0.26119
3650.0 4750.0 -0.37537
3750.0 4750.0 -0.43147
3850.0 4750.0 -0.42696
3950.0 4750.0 -0.40171
4050.0 4750.0 -0.39701
4150.0 4750.0 -0.47429
4250.0 4750.0 -0.57189
4350.0 4750.0 -0.58599
4450.0 4750.0 -0.48091
4550.0 4750.0 -0.30549
4650.0 4750.0 -0.12489
4750.0 4750.0 0.01042
4850.0 4750.0 0.06491
4950.0 4750.0 0.05819
5050.0 4750.0 0.05868
5150.0 4750.0 0.12283
5250.0 4750.0 0.23622
5350.0 4750.0 0.40502
5450.0 4750.0 0.51564
5550.0 4750.0 0.46969
5650.0 4750.0 0.29549
5750.0 4750.0 0.10241
5850.0 4750.0 -0.06921
5950.0 4750.0 -0.16875
6050.0 4750.0 -0.14258
6150.0 4750.0 -0.02348
6250.0 4750.0 0.08080
6350.0 4750.0 0.08899
50.0 4850.0 -0.10330
150.0 4850.0 -0.12069
250.0 4850.0 -0.19152
350.0 4850.0 -0.32883
450.0 4850.0 -0.48960
550.0 4850.0 -0.52063
650.0 4850.0 -0.31261
750.0 4850.0 0.05813
850.0 4850.0 0.39231
950.0 4850.0 0.51720
1050.0 4850.0 0.49775
1150.0 4850.0 0.48312
1250.0 4850.0 0.47543
1350.0 4850.0 0.46000
1450.0 4850.0 0.42844
1550.0 4850.0 0.38439
1650.0 4850.0 0.32374
1750.0 4850.0 0.14487
1850.0 4850.0 -0.10951
1950.0 4850.0 -0.28329
2050.0 4850.0 -0.28649
2150.0 4850.0 -0.15557
2250.0 4850.0 0.00377
2350.0 4850.0 0.08766
2450.0 4850.0 0.04621
2550.0 4850.0 -0.07733
2650.0 4850.0 -0.17651
2750.0 4850.0 -0.16545
2850.0 4850.0 -0.08100
2950.0 4850.0 0.06349
3050.0 4850.0 0.19156
3150.0 4850.0 0.20075
3250.0 4850.0 0.08438
3350.0 4850.0 -0.07488
3450.0 4850.0 -0.22449
3550.0 4850.0 -0.34467
3650.0 4850.0 -0.39794
3750.0 4850.0 -0.38881
3850.0 4850.0 -0.37116
3950.0 4850.0 -0.40149
4050.0 4850.0 -0.45939
4150.0 4850.0 -0.49713
4250.0 4850.0 -0.46820
4350.0 4850.0 -0.36500
4450.0 4850.0 -0.23927
4550.0 4850.0 -0.15394
4650.0 4850.0 -0.08821
4750.0 4850.0 -0.00669
4850.0 4850.0 0.06804
4950.0 4850.0 0.11133
5050.0 4850.0 0.12401
5150.0 4850.0 0.12741
5250.0 4850.0 0.14915
5350.0 4850.0 0.22749
5450.0 4850.0 0.30225
5550.0 4850.0 0.29936
5650.0 4850.0 0.20777
5750.0 4850.0 0.07644
5850.0 4850.0 -0.05268
5950.0 4850.0 -0.14191
6050.0 4850.0 -0.15701
6150.0 4850.0 -0.11408
6250.0 4850.0 -0.07605
6350.0 4850.0 -0.09284
50.0 4950.0 -0.32772
150.0 4950.0 -0.32661
250.0 4950.0 -0.30909
350.0 4950.0 -0.34296
450.0 4950.0 -0.42562
550.0 4950.0 -0.48834
650.0 4950.0 -0.43688
750.0 4950.0 -0.22586
850.0 4950.0 0.06715
950.0 4950.0 0.30221
1050.0 4950.0 0.46188
1150.0 4950.0 0.60178
1250.0 4950.0 0.64246
1350.0 4950.0 0.54038
1450.0 4950.0 0.36295
1550.0 4950.0 0.23345
1650.0 4950.0 0.14985
1750.0 4950.0 -0.05856
1850.0 4950.0 -0.32201
1950.0 4950.0 -0.45434
2050.0 4950.0 -0.37545
2150.0 4950.0 -0.16133
2250.0 4950.0 0.06411
2350.0 4950.0 0.17169
2450.0 4950.0 0.10949
2550.0 4950.0 -0.03882
2650.0 4950.0 -0.12410
2750.0 4950.0 -0.04690
2850.0 4950.0 0.12743
2950.0 4950.0 0.35689
3050.0 4950.0 0.50561
3150.0 4950.0 0.43959
3250.0 4950.0 0.19670
3350.0 4950.0 -0.06136
3450.0 4950.0 -0.26899
3550.0 4950.0 -0.36883
3650.0 4950.0 -0.32371
3750.0 4950.0 -0.20821
3850.0 4950.0 -0.15130
3950.0 4950.0 -0.23318
4050.0 4950.0 -0.35925
4150.0 4950.0 -0.37111
4250.0 4950.0 -0.23840
4350.0 4950.0 -0.04347
4450.0 4950.0 0.08302
4550.0 4950.0 0.06792
4650.0 4950.0 0.00974
4750.0 4950.0 0.01671
4850.0 4950.0 0.08036
4950.0 4950.0 0.14220
5050.0 4950.0 0.14585
5150.0 4950.0 0.07993
5250.0 4950.0 0.00566
5350.0 4950.0 -0.00759
5450.0 4950.0 0.03600
5550.0 4950.0 0.08537
5650.0 4950.0 0.08514
5750.0 4950.0 0.01987
5850.0 4950.0 -0.06241
5950.0 4950.0 -0.12994
6050.0 4950.0 -0.17007
6150.0 4950.0 -0.18878
6250.0 4950.0 -0.20933
6350.0 4950.0 -0.25014
50.0 5050.0 -0.40503
150.0 5050.0 -0.35277
250.0 5050.0 -0.24790
350.0 5050.0 -0.20352
450.0 5050.0 -0.23745
550.0 5050.0 -0.35034
650.0 5050.0 -0.46981
750.0 5050.0 -0.44787
850.0 5050.0 -0.24766
950.0 5050.0 0.03321
1050.0 5050.0 0.30725
1150.0 5050.0 0.55370
1250.0 5050.0 0.64266
1350.0 5050.0 0.50590
1450.0 5050.0 0.25062
1550.0 5050.0 0.07190
1650.0 5050.0 -0.02526
1750.0 5050.0 -0.24095
1850.0 5050.0 -0.48488
1950.0 5050.0 -0.56091
2050.0 5050.0 -0.40777
2150.0 5050.0 -0.13314
2250.0 5050.0 0.13419
2350.0 5050.0 0.25098
2450.0 5050.0 0.16302
2550.0 5050.0 -0.01545
2650.0 5050.0 -0.10202
2750.0 5050.0 0.01431
2850.0 5050.0 0.24702
2950.0 5050.0 0.53897
3050.0 5050.0 0.71724
3150.0 5050.0 0.62141
3250.0 5050.0 0.31026
3350.0 5050.0 -0.00728
3450.0 5050.0 -0.25131
3550.0 5050.0 -0.33230
3650.0 5050.0 -0.21286
3750.0 5050.0 -0.01680
3850.0 5050.0 0.07366
3950.0 5050.0 -0.03889
4050.0 5050.0 -0.21134
4150.0 5050.0 -0.22641
4250.0 5050.0 -0.06443
4350.0 5050.0 0.14922
4450.0 5050.0 0.24986
4550.0 5050.0 0.16366
4650.0 5050.0 0.02672
4750.0 5050.0 -0.01033
4850.0 5050.0 0.05298
4950.0 5050.0 0.13381
5050.0 5050.0 0.13623
5150.0 5050.0 0.02703
5250.0 5050.0 -0.10808
5350.0 5050.0 -0.17635
5450.0 5050.0 -0.14632
5550.0 5050.0 -0.05692
5650.0 5050.0 0.00544
5750.0 5050.0 -0.01663
5850.0 5050.0 -0.06516
5950.0 5050.0 -0.09865
6050.0 5050.0 -0.12048
6150.0 5050.0 -0.14396
6250.0 5050.0 -0.18103
6350.0 5050.0 -0.23294
50.0 5150.0 -0.33067
150.0 5150.0 -0.23575
250.0 5150.0 -0.08611
350.0 5150.0 -0.01364
450.0 5150.0 -0.03702
550.0 5150.0 -0.18770
650.0 5150.0 -0.40912
750.0 5150.0 -0.50741
850.0 5150.0 -0.38672
950.0 5150.0 -0.11614
1050.0 5150.0 0.18531
1150.0 5150.0 0.46693
1250.0 5150.0 0.58919
1350.0 5150.0 0.47017
1450.0 5150.0 0.21567
1550.0 5150.0 0.03201
1650.0 5150.0 -0.06793
1750.0 5150.0 -0.28184
1850.0 5150.0 -0.51341
1950.0 5150.0 -0.56692
2050.0 5150.0 -0.38938
2150.0 5150.0 -0.09802
2250.0 5150.0 0.17806
2350.0 5150.0 0.28311
2450.0 5150.0 0.15977
2550.0 5150.0 -0.05950
2650.0 5150.0 -0.17025
2750.0 5150.0 -0.05204
2850.0 5150.0 0.19657
2950.0 5150.0 0.52154
3050.0 5150.0 0.74319
3150.0 5150.0 0.68101
3250.0 5150.0 0.38176
3350.0 5150.0 0.05831
3450.0 5150.0 -0.19480
3550.0 5150.0 -0.27464
3650.0 5150.0 -0.14392
3750.0 5150.0 0.06425
3850.0 5150.0 0.15789
3950.0 5150.0 0.03662
4050.0 5150.0 -0.15057
4150.0 5150.0 -0.19224
4250.0 5150.0 -0.07170
4350.0 5150.0 0.09422
4450.0 5150.0 0.15430
4550.0 5150.0 0.04213
4650.0 5150.0 -0.11026
4750.0 5150.0 -0.13534
4850.0 5150.0 -0.03120
4950.0 5150.0 0.09734
5050.0 5150.0 0.12708
5150.0 5150.0 0.01412
5250.0 5150.0 -0.13491
5350.0 5150.0 -0.21240
5450.0 5150.0 -0.17863
5550.0 5150.0 -0.07237
5650.0 5150.0 0.00953
5750.0 5150.0 -0.00118
5850.0 5150.0 -0.03585
5950.0 5150.0 -0.03043
6050.0 5150.0 0.00451
6150.0 5150.0 0.03283
6250.0 5150.0 0.02380
6350.0 5150.0 -0.02424
50.0 5250.0 -0.22486
150.0 5250.0 -0.10914
250.0 5250.0 0.05420
350.0 5250.0 0.13063
450.0 5250.0 0.10471
550.0 5250.0 -0.07418
650.0 5250.0 -0.36116
750.0 5250.0 -0.54012
850.0 5250.0 -0.48189
950.0 5250.0 -0.23578
1050.0 5250.0 0.06367
1150.0 5250.0 0.35295
1250.0 5250.0 0.49749
1350.0 5250.0 0.40946
1450.0 5250.0 0.18219
1550.0 5250.0 0.01235
1650.0 5250.0 -0.08142
1750.0 5250.0 -0.28341
1850.0 5250.0 -0.49739
1950.0 5250.0 -0.53430
2050.0 5250.0 -0.34685
2150.0 5250.0 -0.05302
2250.0 5250.0 0.22126
2350.0 5250.0 0.31050
2450.0 5250.0 0.15333
2550.0 5250.0 -0.10648
2650.0 5250.0 -0.24818
2750.0 5250.0 -0.14244
2850.0 5250.0 0.10429
2950.0 5250.0 0.44256
3050.0 5250.0 0.69634
3150.0 5250.0 0.67323
3250.0 5250.0 0.40289
3350.0 5250.0 0.08906
3450.0 5250.0 -0.16291
3550.0 5250.0 -0.24143
3650.0 5250.0 -0.11022
3750.0 5250.0 0.09677
3850.0 5250.0 0.18804
3950.0 5250.0 0.06452
4050.0 5250.0 -0.12936
4150.0 5250.0 -0.20506
4250.0 5250.0 -0.14171
4350.0 5250.0 -0.03033
4450.0 5250.0 0.00116
4550.0 5250.0 -0.11003
4650.0 5250.0 -0.24957
4750.0 5250.0 -0.24848
4850.0 5250.0 -0.10757
4950.0 5250.0 0.05593
5050.0 5250.0 0.10801
5150.0 5250.0 0.00355
5250.0 5250.0 -0.13926
5350.0 5250.0 -0.20349
5450.0 5250.0 -0.15219
5550.0 5250.0 -0.03112
5650.0 5250.0 0.05813
5750.0 5250.0 0.04813
5850.0 5250.0 0.01852
5950.0 5250.0 0.05581
6050.0 5250.0 0.14799
6150.0 5250.0 0.23724
6250.0 5250.0 0.26823
6350.0 5250.0 0.23212
50.0 5350.0 -0.16916
150.0 5350.0 -0.08527
250.0 5350.0 0.03795
350.0 5350.0 0.09043
450.0 5350.0 0.05643
550.0 5350.0 -0.14154
650.0 5350.0 -0.46643
750.0 5350.0 -0.69289
850.0 5350.0 -0.67535
950.0 5350.0 -0.45177
1050.0 5350.0 -0.16432
1150.0 5350.0 0.11002
1250.0 5350.0 0.24967
1350.0 5350.0 0.18071
1450.0 5350.0 -0.00839
1550.0 5350.0 -0.14000
1650.0 5350.0 -0.20013
1750.0 5350.0 -0.34936
1850.0 5350.0 -0.49763
1950.0 5350.0 -0.48113
2050.0 5350.0 -0.26772
2150.0 5350.0 0.02986
2250.0 5350.0 0.30230
2350.0 5350.0 0.39163
2450.0 5350.0 0.23030
2550.0 5350.0 -0.04411
2650.0 5350.0 -0.20868
2750.0 5350.0 -0.12604
2850.0 5350.0 0.09801
2950.0 5350.0 0.40286
3050.0 5350.0 0.62080
3150.0 5350.0 0.57476
3250.0 5350.0 0.29927
3350.0 5350.0 -0.00992
3450.0 5350.0 -0.25246
3550.0 5350.0 -0.29831
3650.0 5350.0 -0.11580
3750.0 5350.0 0.13751
3850.0 5350.0 0.25093
3950.0 5350.0 0.12419
4050.0 5350.0 -0.08720
4150.0 5350.0 -0.20742
4250.0 5350.0 -0.18845
4350.0 5350.0 -0.08343
4450.0 5350.0 -0.01331
4550.0 5350.0 -0.06525
4650.0 5350.0 -0.15203
4750.0 5350.0 -0.14507
4850.0 5350.0 -0.05662
4950.0 5350.0 0.02917
5050.0 5350.0 0.03123
5150.0 5350.0 -0.06675
5250.0 5350.0 -0.17828
5350.0 5350.0 -0.19565
5450.0 5350.0 -0.09601
5550.0 5350.0 0.05569
5650.0 5350.0 0.15306
5750.0 5350.0 0.13933
5850.0 5350.0 0.10328
5950.0 5350.0 0.13435
6050.0 5350.0 0.23312
6150.0 5350.0 0.34714
6250.0 5350.0 0.41178
6350.0 5350.0 0.40459
50.0 5450.0 -0.15968
150.0 5450.0 -0.14075
250.0 5450.0 -0.09510
350.0 5450.0 -0.08745
450.0 5450.0 -0.13371
550.0 5450.0 -0.33107
650.0 5450.0 -0.64178
750.0 5450.0 -0.85246
850.0 5450.0 -0.83047
950.0 5450.0 -0.61823
1050.0 5450.0 -0.35197
1150.0 5450.0 -0.11876
1250.0 5450.0 -0.02139
1350.0 5450.0 -0.09726
1450.0 5450.0 -0.24943
1550.0 5450.0 -0.32452
1650.0 5450.0 -0.32744
1750.0 5450.0 -0.40346
1850.0 5450.0 -0.47875
1950.0 5450.0 -0.41836
2050.0 5450.0 -0.19575
2150.0 5450.0 0.09625
2250.0 5450.0 0.36714
2350.0 5450.0 0.47655
2450.0 5450.0 0.34950
2550.0 5450.0 0.09728
2650.0 5450.0 -0.07348
2750.0 5450.0 -0.02074
2850.0 5450.0 0.16274
2950.0 5450.0 0.40112
3050.0 5450.0 0.54047
3150.0 5450.0 0.43661
3250.0 5450.0 0.13990
3350.0 5450.0 -0.16471
3450.0 5450.0 -0.39198
3550.0 5450.0 -0.39050
3650.0 5450.0 -0.13749
3750.0 5450.0 0.17563
3850.0 5450.0 0.31335
3950.0 5450.0 0.17692
4050.0 5450.0 -0.06195
4150.0 5450.0 -0.23641
4250.0 5450.0 -0.25033
4350.0 5450.0 -0.10791
4450.0 5450.0 0.06211
4550.0 5450.0 0.12259
4650.0 5450.0 0.12696
4750.0 5450.0 0.13370
4850.0 5450.0 0.11078
4950.0 5450.0 0.03976
5050.0 5450.0 -0.05903
5150.0 5450.0 -0.14872
5250.0 5450.0 -0.20887
5350.0 5450.0 -0.16498
5450.0 5450.0 -0.01746
5550.0 5450.0 0.14978
5650.0 5450.0 0.23756
5750.0 5450.0 0.21198
5850.0 5450.0 0.15746
5950.0 5450.0 0.13943
6050.0 5450.0 0.18470
6150.0 5450.0 0.27651
6250.0 5450.0 0.36057
6350.0 5450.0 0.39611
50.0 5550.0 -0.15423
150.0 5550.0 -0.18178
250.0 5550.0 -0.20010
350.0 5550.0 -0.23245
450.0 5550.0 -0.29004
550.0 5550.0 -0.46942
650.0 5550.0 -0.72447
750.0 5550.0 -0.86844
850.0 5550.0 -0.80330
950.0 5550.0 -0.58844
1050.0 5550.0 -0.34416
1150.0 5550.0 -0.16178
1250.0 5550.0 -0.12706
1350.0 5550.0 -0.23287
1450.0 5550.0 -0.36399
1550.0 5550.0 -0.38673
1650.0 5550.0 -0.33281
1750.0 5550.0 -0.35771
1850.0 5550.0 -0.41087
1950.0 5550.0 -0.36765
2050.0 5550.0 -0.18111
2150.0 5550.0 0.08991
2250.0 5550.0 0.35971
2350.0 5550.0 0.49829
2450.0 5550.0 0.42432
2550.0 5550.0 0.21531
2650.0 5550.0 0.05261
2750.0 5550.0 0.07904
2850.0 5550.0 0.22215
2950.0 5550.0 0.40503
3050.0 5550.0 0.48968
3150.0 5550.0 0.35585
3250.0 5550.0 0.05786
3350.0 5550.0 -0.23593
3450.0 5550.0 -0.44987
3550.0 5550.0 -0.41957
3650.0 5550.0 -0.13270
3750.0 5550.0 0.19930
3850.0 5550.0 0.33316
3950.0 5550.0 0.17868
4050.0 5550.0 -0.08848
4150.0 5550.0 -0.31808
4250.0 5550.0 -0.36439
4350.0 5550.0 -0.18165
4450.0 5550.0 0.09260
4550.0 5550.0 0.26942
4650.0 5550.0 0.37051
4750.0 5550.0 0.39404
4850.0 5550.0 0.28702
4950.0 5550.0 0.08669
5050.0 5550.0 -0.09537
5150.0 5550.0 -0.17150
5250.0 5550.0 -0.18265
5350.0 5550.0 -0.09920
5450.0 5550.0 0.05610
5550.0 5550.0 0.19639
5650.0 5550.0 0.24750
5750.0 5550.0 0.20376
5850.0 5550.0 0.12775
5950.0 5550.0 0.04609
6050.0 5550.0 0.01407
6150.0 5550.0 0.06067
6250.0 5550.0 0.15129
6350.0 5550.0 0.22819
50.0 5650.0 -0.10768
150.0 5650.0 -0.12689
250.0 5650.0 -0.15583
350.0 5650.0 -0.20167
450.0 5650.0 -0.26533
550.0 5650.0 -0.42567
650.0 5650.0 -0.62748
750.0 5650.0 -0.70711
850.0 5650.0 -0.59764
950.0 5650.0 -0.37464
1050.0 5650.0 -0.14415
1150.0 5650.0 0.00185
1250.0 5650.0 -0.01314
1350.0 5650.0 -0.15049
1450.0 5650.0 -0.27812
1550.0 5650.0 -0.27169
1650.0 5650.0 -0.18476
1750.0 5650.0 -0.20509
1850.0 5650.0 -0.30374
1950.0 5650.0 -0.34082
2050.0 5650.0 -0.22748
2150.0 5650.0 0.01352
2250.0 5650.0 0.28250
2350.0 5650.0 0.44122
2450.0 5650.0 0.40445
2550.0 5650.0 0.22712
2650.0 5650.0 0.07283
2750.0 5650.0 0.08397
2850.0 5650.0 0.20470
2950.0 5650.0 0.37795
3050.0 5650.0 0.47873
3150.0 5650.0 0.38269
3250.0 5650.0 0.12303
3350.0 5650.0 -0.15243
3450.0 5650.0 -0.36117
3550.0 5650.0 -0.33858
3650.0 5650.0 -0.08049
3750.0 5650.0 0.20840
3850.0 5650.0 0.30280
3950.0 5650.0 0.12681
4050.0 5650.0 -0.15971
4150.0 5650.0 -0.43590
4250.0 5650.0 -0.52539
4350.0 5650.0 -0.34235
4450.0 5650.0 -0.01953
4550.0 5650.0 0.22548
4650.0 5650.0 0.39179
4750.0 5650.0 0.45835
4850.0 5650.0 0.35814
4950.0 5650.0 0.13969
5050.0 5650.0 -0.05427
5150.0 5650.0 -0.11237
5250.0 5650.0 -0.09731
5350.0 5650.0 -0.01439
5450.0 5650.0 0.10151
5550.0 5650.0 0.17936
5650.0 5650.0 0.17923
5750.0 5650.0 0.11788
5850.0 5650.0 0.02873
5950.0 5650.0 -0.09123
6050.0 5650.0 -0.16914
6150.0 5650.0 -0.14846
6250.0 5650.0 -0.05239
6350.0 5650.0 0.05052
50.0 5750.0 -0.00786
150.0 5750.0 0.03154
250.0 5750.0 0.04469
350.0 5750.0 0.01323
450.0 5750.0 -0.05097
550.0 5750.0 -0.20609
650.0 5750.0 -0.39373
750.0 5750.0 -0.45619
850.0 5750.0 -0.33467
950.0 5750.0 -0.10905
1050.0 5750.0 0.11824
1150.0 5750.0 0.25382
1250.0 5750.0 0.22248
1350.0 5750.0 0.07176
1450.0 5750.0 -0.05986
1550.0 5750.0 -0.04864
1650.0 5750.0 0.04276
1750.0 5750.0 -0.01009
1850.0 5750.0 -0.19178
1950.0 5750.0 -0.33238
2050.0 5750.0 -0.29778
2150.0 5750.0 -0.08432
2250.0 5750.0 0.18377
2350.0 5750.0 0.34379
2450.0 5750.0 0.30864
2550.0 5750.0 0.13072
2650.0 5750.0 -0.02713
2750.0 5750.0 -0.02110
2850.0 5750.0 0.09888
2950.0 5750.0 0.30845
3050.0 5750.0 0.49030
3150.0 5750.0 0.48976
3250.0 5750.0 0.29902
3350.0 5750.0 0.04553
3450.0 5750.0 -0.16613
3550.0 5750.0 -0.17936
3650.0 5750.0 0.00607
3750.0 5750.0 0.21247
3850.0 5750.0 0.24883
3950.0 5750.0 0.05440
4050.0 5750.0 -0.23998
4150.0 5750.0 -0.55159
4250.0 5750.0 -0.69775
4350.0 5750.0 -0.56538
4450.0 5750.0 -0.26515
4550.0 5750.0 -0.01364
4650.0 5750.0 0.17492
4750.0 5750.0 0.30146
4850.0 5750.0 0.29433
4950.0 5750.0 0.16840
5050.0 5750.0 0.03360
5150.0 5750.0 -0.00565
5250.0 5750.0 0.01012
5350.0 5750.0 0.06287
5450.0 5750.0 0.11720
5550.0 5750.0 0.12666
5650.0 5750.0 0.08121
5750.0 5750.0 0.00841
5850.0 5750.0 -0.08112
5950.0 5750.0 -0.19609
6050.0 5750.0 -0.26118
6150.0 5750.0 -0.22299
6250.0 5750.0 -0.11166
6350.0 5750.0 -0.00010
50.0 5850.0 0.10692
150.0 5850.0 0.20766
250.0 5850.0 0.27244
350.0 5850.0 0.26503
450.0 5850.0 0.20698
550.0 5850.0 0.05846
650.0 5850.0 -0.12653
750.0 5850.0 -0.19618
850.0 5850.0 -0.08993
950.0 5850.0 0.12023
1050.0 5850.0 0.33513
1150.0 5850.0 0.46142
1250.0 5850.0 0.43094
1350.0 5850.0 0.29323
1450.0 5850.0 0.17939
1550.0 5850.0 0.20225
1650.0 5850.0 0.29588
1750.0 5850.0 0.20856
1850.0 5850.0 -0.05621
1950.0 5850.0 -0.29801
2050.0 5850.0 -0.33888
2150.0 5850.0 -0.15085
2250.0 5850.0 0.11669
2350.0 5850.0 0.27282
2450.0 5850.0 0.22990
2550.0 5850.0 0.04415
2650.0 5850.0 -0.11777
2750.0 5850.0 -0.11111
2850.0 5850.0 0.01499
2950.0 5850.0 0.26086
3050.0 5850.0 0.51595
3150.0 5850.0 0.60127
3250.0 5850.0 0.47528
3350.0 5850.0 0.24812
3450.0 5850.0 0.04080
3550.0 5850.0 -0.00634
3650.0 5850.0 0.10071
3750.0 5850.0 0.21482
3850.0 5850.0 0.18598
3950.0 5850.0 -0.02695
4050.0 5850.0 -0.32541
4150.0 5850.0 -0.66848
4250.0 5850.0 -0.87582
4350.0 5850.0 -0.81190
4450.0 5850.0 -0.55952
4550.0 5850.0 -0.32375
4650.0 5850.0 -0.13030
4750.0 5850.0 0.05297
4850.0 5850.0 0.15744
4950.0 5850.0 0.15654
5050.0 5850.0 0.10847
5150.0 5850.0 0.09707
5250.0 5850.0 0.11471
5350.0 5850.0 0.13710
5450.0 5850.0 0.13002
5550.0 5850.0 0.07344
5650.0 5850.0 -0.01268
5750.0 5850.0 -0.09144
5850.0 5850.0 -0.17281
5950.0 5850.0 -0.26579
6050.0 5850.0 -0.30359
6150.0 5850.0 -0.24746
6250.0 5850.0 -0.13461
6350.0 5850.0 -0.03324
50.0 5950.0 0.18323
150.0 5950.0 0.29792
250.0 5950.0 0.39281
350.0 5950.0 0.41788
450.0 5950.0 0.38883
550.0 5950.0 0.28165
650.0 5950.0 0.12501
750.0 5950.0 0.03436
850.0 5950.0 0.07236
950.0 5950.0 0.20485
1050.0 5950.0 0.35385
1150.0 5950.0 0.43336
1250.0 5950.0 0.41392
1350.0 5950.0 0.35360
1450.0 5950.0 0.34065
1550.0 5950.0 0.42775
1650.0 5950.0 0.54875
1750.0 5950.0 0.45993
1850.0 5950.0 0.14878
1950.0 5950.0 -0.16681
2050.0 5950.0 -0.27052
2150.0 5950.0 -0.10462
2250.0 5950.0 0.16416
2350.0 5950.0 0.31956
2450.0 5950.0 0.27702
2550.0 5950.0 0.09766
2650.0 5950.0 -0.05181
2750.0 5950.0 -0.03092
2850.0 5950.0 0.10500
2950.0 5950.0 0.33581
3050.0 5950.0 0.56114
3150.0 5950.0 0.63174
3250.0 5950.0 0.52334
3350.0 5950.0 0.33968
3450.0 5950.0 0.17825
3550.0 5950.0 0.13927
3650.0 5950.0 0.19545
3750.0 5950.0 0.22129
3850.0 5950.0 0.11766
3950.0 5950.0 -0.11824
4050.0 5950.0 -0.41724
4150.0 5950.0 -0.77822
4250.0 5950.0 -1.03053
4350.0 5950.0 -1.02878
4450.0 5950.0 -0.83233
4550.0 5950.0 -0.62898
4650.0 5950.0 -0.45417
4750.0 5950.0 -0.25810
4850.0 5950.0 -0.08437
4950.0 5950.0 0.02709
5050.0 5950.0 0.08670
5150.0 5950.0 0.13869
5250.0 5950.0 0.19376
5350.0 5950.0 0.21543
5450.0 5950.0 0.16402
5550.0 5950.0 0.04760
5650.0 5950.0 -0.07348
5750.0 5950.0 -0.14359
5850.0 5950.0 -0.19561
5950.0 5950.0 -0.24729
6050.0 5950.0 -0.26921
6150.0 5950.0 -0.24858
6250.0 5950.0 -0.20701
6350.0 5950.0 -0.17632
50.0 6050.0 0.15165
150.0 6050.0 0.22435
250.0 6050.0 0.31902
350.0 6050.0 0.37932
450.0 6050.0 0.39932
550.0 6050.0 0.37081
650.0 6050.0 0.28193
750.0 6050.0 0.17936
850.0 6050.0 0.11931
950.0 6050.0 0.12619
1050.0 6050.0 0.16224
1150.0 6050.0 0.14972
1250.0 6050.0 0.12130
1350.0 6050.0 0.15944
1450.0 6050.0 0.29348
1550.0 6050.0 0.48126
1650.0 6050.0 0.65239
1750.0 6050.0 0.60535
1850.0 6050.0 0.31157
1950.0 6050.0 -0.01651
2050.0 6050.0 -0.14473
2150.0 6050.0 0.01104
2250.0 6050.0 0.28250
2350.0 6050.0 0.43695
2450.0 6050.0 0.39572
2550.0 6050.0 0.22799
2650.0 6050.0 0.10029
2750.0 6050.0 0.14559
2850.0 6050.0 0.29427
2950.0 6050.0 0.46349
3050.0 6050.0 0.56570
3150.0 6050.0 0.52980
3250.0 6050.0 0.39491
3350.0 6050.0 0.26867
3450.0 6050.0 0.19131
3550.0 6050.0 0.21452
3650.0 6050.0 0.27780
3750.0 6050.0 0.25642
3850.0 6050.0 0.09506
3950.0 6050.0 -0.16065
4050.0 6050.0 -0.45423
4150.0 6050.0 -0.80087
4250.0 6050.0 -1.04566
4350.0 6050.0 -1.05919
4450.0 6050.0 -0.89840
4550.0 6050.0 -0.73490
4650.0 6050.0 -0.60451
4750.0 6050.0 -0.46877
4850.0 6050.0 -0.32616
4950.0 6050.0 -0.18051
5050.0 6050.0 -0.03806
5150.0 6050.0 0.09778
5250.0 6050.0 0.22285
5350.0 6050.0 0.27967
5450.0 6050.0 0.21666
5550.0 6050.0 0.06429
5650.0 6050.0 -0.07528
5750.0 6050.0 -0.12152
5850.0 6050.0 -0.12404
5950.0 6050.0 -0.10808
6050.0 6050.0 -0.10762
6150.0 6050.0 -0.15223
6250.0 6050.0 -0.23501
6350.0 6050.0 -0.32536
50.0 6150.0 0.01158
150.0 6150.0 0.01971
250.0 6150.0 0.09686
350.0 6150.0 0.18598
450.0 6150.0 0.25591
550.0 6150.0 0.31729
650.0 6150.0 0.32147
750.0 6150.0 0.23706
850.0 6150.0 0.10102
950.0 6150.0 -0.01045
1050.0 6150.0 -0.08957
1150.0 6150.0 -0.21334
1250.0 6150.0 -0.29222
1350.0 6150.0 -0.20425
1450.0 6150.0 0.04124
1550.0 6150.0 0.31765
1650.0 6150.0 0.54091
1750.0 6150.0 0.55759
1850.0 6150.0 0.32815
1950.0 6150.0 0.04239
2050.0 6150.0 -0.07054
2150.0 6150.0 0.08838
2250.0 6150.0 0.36241
2350.0 6150.0 0.51174
2450.0 6150.0 0.46312
2550.0 6150.0 0.29713
2650.0 6150.0 0.18431
2750.0 6150.0 0.25204
2850.0 6150.0 0.41321
2950.0 6150.0 0.51673
3050.0 6150.0 0.48758
3150.0 6150.0 0.33624
3250.0 6150.0 0.16918
3350.0 6150.0 0.09936
3450.0 6150.0 0.11014
3550.0 6150.0 0.22185
3650.0 6150.0 0.34213
3750.0 6150.0 0.32785
3850.0 6150.0 0.14519
3950.0 6150.0 -0.12025
4050.0 6150.0 -0.40417
4150.0 6150.0 -0.70659
4250.0 6150.0 -0.88795
4350.0 6150.0 -0.85680
4450.0 6150.0 -0.69247
4550.0 6150.0 -0.55901
4650.0 6150.0 -0.48137
4750.0 6150.0 -0.45762
4850.0 6150.0 -0.43904
4950.0 6150.0 -0.35645
5050.0 6150.0 -0.19276
5150.0 6150.0 0.01282
5250.0 6150.0 0.21117
5350.0 6150.0 0.31852
5450.0 6150.0 0.27020
5550.0 6150.0 0.10874
5650.0 6150.0 -0.03255
5750.0 6150.0 -0.05091
5850.0 6150.0 -0.00085
5950.0 6150.0 0.09706
6050.0 6150.0 0.14331
6150.0 6150.0 0.05617
6250.0 6150.0 -0.13814
6350.0 6150.0 -0.34794
50.0 6250.0 -0.14998
150.0 6250.0 -0.17743
250.0 6250.0 -0.10818
350.0 6250.0 -0.00057
450.0 6250.0 0.10028
550.0 6250.0 0.22767
650.0 6250.0 0.31573
750.0 6250.0 0.27620
850.0 6250.0 0.12017
950.0 6250.0 -0.05320
1050.0 6250.0 -0.20318
1150.0 6250.0 -0.41596
1250.0 6250.0 -0.57464
1350.0 6250.0 -0.51576
1450.0 6250.0 -0.24714
1550.0 6250.0 0.06726
1650.0 6250.0 0.32229
1750.0 6250.0 0.38565
1850.0 6250.0 0.21282
1950.0 6250.0 -0.02653
2050.0 6250.0 -0.11504
2150.0 6250.0 0.05087
2250.0 6250.0 0.32589
2350.0 6250.0 0.46534
2450.0 6250.0 0.39806
2550.0 6250.0 0.21682
2650.0 6250.0 0.10139
2750.0 6250.0 0.17902
2850.0 6250.0 0.34941
2950.0 6250.0 0.42879
3050.0 6250.0 0.35160
3150.0 6250.0 0.16577
3250.0 6250.0 0.00373
3350.0 6250.0 -0.02473
3450.0 6250.0 0.04094
3550.0 6250.0 0.21855
3650.0 6250.0 0.39737
3750.0 6250.0 0.41389
3850.0 6250.0 0.23626
3950.0 6250.0 -0.03010
4050.0 6250.0 -0.30525
4150.0 6250.0 -0.56003
4250.0 6250.0 -0.66382
4350.0 6250.0 -0.56339
4450.0 6250.0 -0.36913
4550.0 6250.0 -0.24664
4650.0 6250.0 -0.20592
4750.0 6250.0 -0.28263
4850.0 6250.0 -0.39850
4950.0 6250.0 -0.41674
5050.0 6250.0 -0.28036
5150.0 6250.0 -0.04226
5250.0 6250.0 0.20082
5350.0 6250.0 0.34124
5450.0 6250.0 0.30620
5550.0 6250.0 0.14380
5650.0 6250.0 0.00430
5750.0 6250.0 0.00343
5850.0 6250.0 0.08962
5950.0 6250.0 0.26023
6050.0 6250.0 0.37362
6150.0 6250.0 0.30066
6250.0 6250.0 0.06303
6350.0 6250.0 -0.21405
50.0 6350.0 -0.24568
150.0 6350.0 -0.25508
250.0 6350.0 -0.16761
350.0 6350.0 -0.04848
450.0 6350.0 0.05991
550.0 6350.0 0.21532
650.0 6350.0 0.35493
750.0 6350.0 0.36683
850.0 6350.0 0.23905
950.0 6350.0 0.06507
1050.0 6350.0 -0.10098
1150.0 6350.0 -0.35999
1250.0 6350.0 -0.59854
1350.0 6350.0 -0.62197
1450.0 6350.0 -0.40566
1550.0 6350.0 -0.10365
1650.0 6350.0 0.15720
1750.0 6350.0 0.22835
1850.0 6350.0 0.06331
1950.0 6350.0 -0.17100
2050.0 6350.0 -0.25774
2150.0 6350.0 -0.09150
2250.0 6350.0 0.18274
2350.0 6350.0 0.31015
2450.0 6350.0 0.21808
2550.0 6350.0 0.00963
2650.0 6350.0 -0.12347
2750.0 6350.0 -0.04922
2850.0 6350.0 0.12672
2950.0 6350.0 0.23504
3050.0 6350.0 0.21628
3150.0 6350.0 0.10014
3250.0 6350.0 -0.00766
3350.0 6350.0 -0.01191
3450.0 6350.0 0.06551
3550.0 6350.0 0.25984
3650.0 6350.0 0.45696
3750.0 6350.0 0.48676
3850.0 6350.0 0.31487
3950.0 6350.0 0.04963
4050.0 6350.0 -0.22139
4150.0 6350.0 -0.44967
4250.0 6350.0 -0.50614
4350.0 6350.0 -0.35766
4450.0 6350.0 -0.13498
4550.0 6350.0 -0.00896
4650.0 6350.0 0.02073
4750.0 6350.0 -0.09911
4850.0 6350.0 -0.28351
4950.0 6350.0 -0.36564
5050.0 6350.0 -0.26256
5150.0 6350.0 -0.02447
5250.0 6350.0 0.22645
5350.0 6350.0 0.36608
5450.0 6350.0 0.32051
5550.0 6350.0 0.14424
5650.0 6350.0 -0.00341
5750.0 6350.0 -0.00260
5850.0 6350.0 0.09746
5950.0 6350.0 0.31766
6050.0 6350.0 0.50396
6150.0 6350.0 0.49373
6250.0 6350.0 0.28344
6350.0 6350.0 0.00000
