50.0 50.0 -0.09850
150.0 50.0 0.08335
250.0 50.0 0.24575
350.0 50.0 0.37613
450.0 50.0 0.47361
550.0 50.0 0.55448
650.0 50.0 0.61475
750.0 50.0 0.62643
850.0 50.0 0.57192
950.0 50.0 0.44716
1050.0 50.0 0.26187
1150.0 50.0 0.03776
1250.0 50.0 -0.19504
1350.0 50.0 -0.40357
1450.0 50.0 -0.55945
1550.0 50.0 -0.64825
1650.0 50.0 -0.68075
1750.0 50.0 -0.69385
1850.0 50.0 -0.68658
1950.0 50.0 -0.64553
2050.0 50.0 -0.56807
2150.0 50.0 -0.46016
2250.0 50.0 -0.33386
2350.0 50.0 -0.20467
2450.0 50.0 -0.08877
2550.0 50.0 0.00003
2650.0 50.0 0.05337
2750.0 50.0 0.07174
2850.0 50.0 0.06791
2950.0 50.0 0.06448
3050.0 50.0 0.07510
3150.0 50.0 0.10476
3250.0 50.0 0.15258
3350.0 50.0 0.21357
3450.0 50.0 0.28012
3550.0 50.0 0.34369
3650.0 50.0 0.39628
3750.0 50.0 0.43194
3850.0 50.0 0.44827
3950.0 50.0 0.44783
4050.0 50.0 0.43858
4150.0 50.0 0.40676
4250.0 50.0 0.32401
4350.0 50.0 0.18510
4450.0 50.0 0.00228
4550.0 50.0 -0.20206
4650.0 50.0 -0.40172
4750.0 50.0 -0.57211
4850.0 50.0 -0.69455
4950.0 50.0 -0.75976
5050.0 50.0 -0.77019
5150.0 50.0 -0.74150
5250.0 50.0 -0.70063
5350.0 50.0 -0.66048
5450.0 50.0 -0.61819
5550.0 50.0 -0.56810
5650.0 50.0 -0.50484
5750.0 50.0 -0.42542
5850.0 50.0 -0.33026
5950.0 50.0 -0.22334
6050.0 50.0 -0.11138
6150.0 50.0 -0.00201
6250.0 50.0 0.09896
6350.0 50.0 0.19127
50.0 150.0 -0.08218
150.0 150.0 0.06419
250.0 150.0 0.19427
350.0 150.0 0.29789
450.0 150.0 0.37447
550.0 150.0 0.43762
650.0 150.0 0.48680
750.0 150.0 0.50173
850.0 150.0 0.46792
950.0 150.0 0.38021
1050.0 150.0 0.24386
1150.0 150.0 0.07387
1250.0 150.0 -0.10743
1350.0 150.0 -0.27453
1450.0 150.0 -0.40455
1550.0 150.0 -0.48484
1650.0 150.0 -0.52228
1750.0 150.0 -0.54394
1850.0 150.0 -0.54446
1950.0 150.0 -0.51069
2050.0 150.0 -0.44109
2150.0 150.0 -0.34284
2250.0 150.0 -0.22889
2350.0 150.0 -0.11506
2450.0 150.0 -0.01713
2550.0 150.0 0.05203
2650.0 150.0 0.08534
2750.0 150.0 0.08434
2850.0 150.0 0.06206
2950.0 150.0 0.04015
3050.0 150.0 0.03223
3150.0 150.0 0.04464
3250.0 150.0 0.07835
3350.0 150.0 0.12975
3450.0 150.0 0.19176
3550.0 150.0 0.25524
3650.0 150.0 0.31057
3750.0 150.0 0.34957
3850.0 150.0 0.36759
3950.0 150.0 0.36597
4050.0 150.0 0.35377
4150.0 150.0 0.32266
4250.0 150.0 0.24959
4350.0 150.0 0.13070
4450.0 150.0 -0.02343
4550.0 150.0 -0.19400
4650.0 150.0 -0.35937
4750.0 150.0 -0.49947
4850.0 150.0 -0.59943
4950.0 150.0 -0.65220
5050.0 150.0 -0.66037
5150.0 150.0 -0.63705
5250.0 150.0 -0.60438
5350.0 150.0 -0.57558
5450.0 150.0 -0.55011
5550.0 150.0 -0.52254
5650.0 150.0 -0.48621
5750.0 150.0 -0.43589
5850.0 150.0 -0.36943
5950.0 150.0 -0.28832
6050.0 150.0 -0.19734
6150.0 150.0 -0.10316
6250.0 150.0 -0.01188
6350.0 150.0 0.07431
50.0 250.0 -0.08436
150.0 250.0 0.01889
250.0 250.0 0.11329
350.0 250.0 0.19097
450.0 250.0 0.25061
550.0 250.0 0.30121
650.0 250.0 0.34472
750.0 250.0 0.36855
850.0 250.0 0.36105
950.0 250.0 0.31562
1050.0 250.0 0.23278
1150.0 250.0 0.12063
1250.0 250.0 -0.00625
1350.0 250.0 -0.12958
1450.0 250.0 -0.23164
1550.0 250.0 -0.30124
1650.0 250.0 -0.34119
1750.0 250.0 -0.36920
1850.0 250.0 -0.37738
1950.0 250.0 -0.35394
2050.0 250.0 -0.29826
2150.0 250.0 -0.21775
2250.0 250.0 -0.12486
2350.0 250.0 -0.03423
2450.0 250.0 0.04002
2550.0 250.0 0.08685
2650.0 250.0 0.10070
2750.0 250.0 0.08377
2850.0 250.0 0.04808
2950.0 250.0 0.01274
3050.0 250.0 -0.00982
3150.0 250.0 -0.01268
3250.0 250.0 0.00645
3350.0 250.0 0.04536
3450.0 250.0 0.09797
3550.0 250.0 0.15541
3650.0 250.0 0.20759
3750.0 250.0 0.24523
3850.0 250.0 0.26232
3950.0 250.0 0.25915
4050.0 250.0 0.24487
4150.0 250.0 0.21623
4250.0 250.0 0.15671
4350.0 250.0 0.06435
4450.0 250.0 -0.05203
4550.0 250.0 -0.17785
4650.0 250.0 -0.29699
4750.0 250.0 -0.39515
4850.0 250.0 -0.46236
4950.0 250.0 -0.49475
5050.0 250.0 -0.49539
5150.0 250.0 -0.47438
5250.0 250.0 -0.44770
5350.0 250.0 -0.42902
5450.0 250.0 -0.42098
5550.0 250.0 -0.41857
5650.0 250.0 -0.41362
5750.0 250.0 -0.39808
5850.0 250.0 -0.36634
5950.0 250.0 -0.31650
6050.0 250.0 -0.25059
6150.0 250.0 -0.17373
6250.0 250.0 -0.09229
6350.0 250.0 -0.01094
50.0 350.0 -0.09914
150.0 350.0 -0.03827
250.0 350.0 0.02326
350.0 350.0 0.07951
450.0 350.0 0.12771
550.0 350.0 0.17152
650.0 350.0 0.21419
750.0 350.0 0.24955
850.0 350.0 0.26815
950.0 350.0 0.26192
1050.0 350.0 0.22721
1150.0 350.0 0.16622
1250.0 350.0 0.08706
1350.0 350.0 0.00212
1450.0 350.0 -0.07500
1550.0 350.0 -0.13407
1650.0 350.0 -0.17439
1750.0 350.0 -0.20613
1850.0 350.0 -0.22067
1950.0 350.0 -0.20817
2050.0 350.0 -0.16866
2150.0 350.0 -0.10903
2250.0 350.0 -0.04028
2350.0 350.0 0.02503
2450.0 350.0 0.07513
2550.0 350.0 0.10115
2650.0 350.0 0.09904
2750.0 350.0 0.07119
2850.0 350.0 0.02792
2950.0 350.0 -0.01506
3050.0 350.0 -0.04709
3150.0 350.0 -0.06138
3250.0 350.0 -0.05487
3350.0 350.0 -0.02860
3450.0 350.0 0.01253
3550.0 350.0 0.06052
3650.0 350.0 0.10573
3750.0 350.0 0.13879
3850.0 350.0 0.15320
3950.0 350.0 0.14843
4050.0 350.0 0.13305
4150.0 350.0 0.10799
4250.0 350.0 0.06338
4350.0 350.0 -0.00060
4450.0 350.0 -0.07674
4550.0 350.0 -0.15468
4650.0 350.0 -0.22391
4750.0 350.0 -0.27609
4850.0 350.0 -0.30650
4950.0 350.0 -0.31472
5050.0 350.0 -0.30455
5150.0 350.0 -0.28307
5250.0 350.0 -0.25981
5350.0 350.0 -0.24867
5450.0 350.0 -0.25544
5550.0 350.0 -0.27570
5650.0 350.0 -0.29983
5750.0 350.0 -0.31700
5850.0 350.0 -0.31818
5950.0 350.0 -0.29801
6050.0 350.0 -0.25568
6150.0 350.0 -0.19466
6250.0 350.0 -0.12145
6350.0 350.0 -0.04322
50.0 450.0 -0.11960
150.0 450.0 -0.09493
250.0 450.0 -0.05996
350.0 450.0 -0.01926
450.0 450.0 0.02277
550.0 450.0 0.06459
650.0 450.0 0.10970
750.0 450.0 0.15657
850.0 450.0 0.19720
950.0 450.0 0.22227
1050.0 450.0 0.22491
1150.0 450.0 0.20301
1250.0 450.0 0.15999
1350.0 450.0 0.10411
1450.0 450.0 0.04619
1550.0 450.0 -0.00404
1650.0 450.0 -0.04325
1750.0 450.0 -0.07644
1850.0 450.0 -0.09557
1950.0 450.0 -0.09286
2050.0 450.0 -0.06868
2150.0 450.0 -0.02901
2250.0 450.0 0.01702
2350.0 450.0 0.05924
2450.0 450.0 0.08835
2550.0 450.0 0.09757
2650.0 450.0 0.08410
2750.0 450.0 0.05023
2850.0 450.0 0.00432
2950.0 450.0 -0.04134
3050.0 450.0 -0.07805
3150.0 450.0 -0.09958
3250.0 450.0 -0.10257
3350.0 450.0 -0.08721
3450.0 450.0 -0.05729
3550.0 450.0 -0.01963
3650.0 450.0 0.01708
3750.0 450.0 0.04409
3850.0 450.0 0.05502
3950.0 450.0 0.04886
4050.0 450.0 0.03319
4150.0 450.0 0.01212
4250.0 450.0 -0.01819
4350.0 450.0 -0.05550
4450.0 450.0 -0.09395
4550.0 450.0 -0.12689
4650.0 450.0 -0.14891
4750.0 450.0 -0.15716
4850.0 450.0 -0.15180
4950.0 450.0 -0.13574
5050.0 450.0 -0.11358
5150.0 450.0 -0.08972
5250.0 450.0 -0.06769
5350.0 450.0 -0.06116
5450.0 450.0 -0.07864
5550.0 450.0 -0.11621
5650.0 450.0 -0.16310
5750.0 450.0 -0.20623
5850.0 450.0 -0.23370
5950.0 450.0 -0.23726
6050.0 450.0 -0.21364
6150.0 450.0 -0.16486
6250.0 450.0 -0.09749
6350.0 450.0 -0.02077
50.0 550.0 -0.14127
150.0 550.0 -0.14836
250.0 550.0 -0.13601
350.0 550.0 -0.10770
450.0 550.0 -0.06950
550.0 550.0 -0.02772
650.0 550.0 0.02092
750.0 550.0 0.07856
850.0 550.0 0.13827
950.0 550.0 0.18961
1050.0 550.0 0.22310
1150.0 550.0 0.23316
1250.0 550.0 0.21954
1350.0 550.0 0.18727
1450.0 550.0 0.14510
1550.0 550.0 0.10245
1650.0 550.0 0.06477
1750.0 550.0 0.03103
1850.0 550.0 0.00817
1950.0 550.0 0.00204
2050.0 550.0 0.01202
2150.0 550.0 0.03323
2250.0 550.0 0.05849
2350.0 550.0 0.07999
2450.0 550.0 0.09078
2550.0 550.0 0.08601
2650.0 550.0 0.06391
2750.0 550.0 0.02652
2850.0 550.0 -0.01974
2950.0 550.0 -0.06577
3050.0 550.0 -0.10477
3150.0 550.0 -0.13123
3250.0 550.0 -0.14174
3350.0 550.0 -0.13586
3450.0 550.0 -0.11635
3550.0 550.0 -0.08887
3650.0 550.0 -0.06094
3750.0 550.0 -0.04043
3850.0 550.0 -0.03330
3950.0 550.0 -0.04088
4050.0 550.0 -0.05668
4150.0 550.0 -0.07390
4250.0 550.0 -0.09082
4350.0 550.0 -0.10326
4450.0 550.0 -0.10653
4550.0 550.0 -0.09738
4650.0 550.0 -0.07511
4750.0 550.0 -0.04196
4850.0 550.0 -0.00268
4950.0 550.0 0.03667
5050.0 550.0 0.07071
5150.0 550.0 0.09746
5250.0 550.0 0.11906
5350.0 550.0 0.12221
5450.0 550.0 0.09614
5550.0 550.0 0.04427
5650.0 550.0 -0.02162
5750.0 550.0 -0.08653
5850.0 550.0 -0.13610
5950.0 550.0 -0.15957
6050.0 550.0 -0.15156
6150.0 550.0 -0.11284
6250.0 550.0 -0.05001
6350.0 550.0 0.02592
50.0 650.0 -0.16661
150.0 650.0 -0.20105
250.0 650.0 -0.20864
350.0 650.0 -0.19174
450.0 650.0 -0.15771
550.0 650.0 -0.11684
650.0 650.0 -0.06575
750.0 650.0 0.00112
850.0 650.0 0.07781
950.0 650.0 0.15280
1050.0 650.0 0.21414
1150.0 650.0 0.25297
1250.0 650.0 0.26563
1350.0 650.0 0.25418
1450.0 650.0 0.22546
1550.0 650.0 0.18863
1650.0 650.0 0.15119
1750.0 650.0 0.11567
1850.0 650.0 0.08786
1950.0 650.0 0.07197
2050.0 650.0 0.06772
2150.0 650.0 0.07180
2250.0 650.0 0.07917
2350.0 650.0 0.08427
2450.0 650.0 0.08207
2550.0 650.0 0.06895
2650.0 650.0 0.04344
2750.0 650.0 0.00688
2850.0 650.0 -0.03619
2950.0 650.0 -0.07895
3050.0 650.0 -0.11591
3150.0 650.0 -0.14262
3250.0 650.0 -0.15639
3350.0 650.0 -0.15692
3450.0 650.0 -0.14654
3550.0 650.0 -0.12986
3650.0 650.0 -0.11298
3750.0 650.0 -0.10224
3850.0 650.0 -0.10244
3950.0 650.0 -0.11456
4050.0 650.0 -0.13323
4150.0 650.0 -0.14925
4250.0 650.0 -0.15529
4350.0 650.0 -0.14517
4450.0 650.0 -0.11542
4550.0 650.0 -0.06623
4650.0 650.0 -0.00168
4750.0 650.0 0.07081
4850.0 650.0 0.14184
4950.0 650.0 0.20216
5050.0 650.0 0.24555
5150.0 650.0 0.27254
5250.0 650.0 0.29098
5350.0 650.0 0.28794
5450.0 650.0 0.25045
5550.0 650.0 0.18174
5650.0 650.0 0.09483
5750.0 650.0 0.00688
5850.0 650.0 -0.06528
5950.0 650.0 -0.10852
6050.0 650.0 -0.11565
6150.0 650.0 -0.08652
6250.0 650.0 -0.02805
6350.0 650.0 0.04691
50.0 750.0 -0.19487
150.0 750.0 -0.24724
250.0 750.0 -0.26905
350.0 750.0 -0.26155
450.0 750.0 -0.23251
550.0 750.0 -0.19449
650.0 750.0 -0.14341
750.0 750.0 -0.07080
850.0 750.0 0.01811
950.0 750.0 0.11085
1050.0 750.0 0.19328
1150.0 750.0 0.25378
1250.0 750.0 0.28583
1350.0 750.0 0.28903
1450.0 750.0 0.26873
1550.0 750.0 0.23394
1650.0 750.0 0.19389
1750.0 750.0 0.15400
1850.0 750.0 0.11854
1950.0 750.0 0.09086
2050.0 750.0 0.07216
2150.0 750.0 0.06163
2250.0 750.0 0.05687
2350.0 750.0 0.05435
2450.0 750.0 0.05001
2550.0 750.0 0.04007
2650.0 750.0 0.02190
2750.0 750.0 -0.00495
2850.0 750.0 -0.03755
2950.0 750.0 -0.06952
3050.0 750.0 -0.09544
3150.0 750.0 -0.11258
3250.0 750.0 -0.12052
3350.0 750.0 -0.12083
3450.0 750.0 -0.11655
3550.0 750.0 -0.11163
3650.0 750.0 -0.11024
3750.0 750.0 -0.11590
3850.0 750.0 -0.13062
3950.0 750.0 -0.15382
4050.0 750.0 -0.18112
4150.0 750.0 -0.20166
4250.0 750.0 -0.20253
4350.0 750.0 -0.17560
4450.0 750.0 -0.11857
4550.0 750.0 -0.03510
4650.0 750.0 0.06596
4750.0 750.0 0.17202
4850.0 750.0 0.26904
4950.0 750.0 0.34457
5050.0 750.0 0.39158
5150.0 750.0 0.41308
5250.0 750.0 0.42263
5350.0 750.0 0.40775
5450.0 750.0 0.35370
5550.0 750.0 0.26417
5650.0 750.0 0.15394
5750.0 750.0 0.04249
5850.0 750.0 -0.05105
5950.0 750.0 -0.11175
6050.0 750.0 -0.13143
6150.0 750.0 -0.10990
6250.0 750.0 -0.05502
6350.0 750.0 0.01862
50.0 850.0 -0.21898
150.0 850.0 -0.27752
250.0 850.0 -0.30632
350.0 850.0 -0.30556
450.0 850.0 -0.28232
550.0 850.0 -0.24940
650.0 850.0 -0.20134
750.0 850.0 -0.12756
850.0 850.0 -0.03282
950.0 850.0 0.06955
1050.0 850.0 0.16379
1150.0 850.0 0.23621
1250.0 850.0 0.27825
1350.0 850.0 0.28786
1450.0 850.0 0.26940
1550.0 850.0 0.23192
1650.0 850.0 0.18594
1750.0 850.0 0.13866
1850.0 850.0 0.09245
1950.0 850.0 0.05061
2050.0 850.0 0.01707
2150.0 850.0 -0.00527
2250.0 850.0 -0.01568
2350.0 850.0 -0.01592
2450.0 850.0 -0.01007
2550.0 850.0 -0.00368
2650.0 850.0 -0.00226
2750.0 850.0 -0.00921
2850.0 850.0 -0.02302
2950.0 850.0 -0.03553
3050.0 850.0 -0.03995
3150.0 850.0 -0.03593
3250.0 850.0 -0.02717
3350.0 850.0 -0.01904
3450.0 850.0 -0.01676
3550.0 850.0 -0.02412
3650.0 850.0 -0.04277
3750.0 850.0 -0.07206
3850.0 850.0 -0.10937
3950.0 850.0 -0.15106
4050.0 850.0 -0.19363
4150.0 850.0 -0.22549
4250.0 850.0 -0.22864
4350.0 850.0 -0.19310
4450.0 850.0 -0.11770
4550.0 850.0 -0.00930
4650.0 850.0 0.11876
4750.0 850.0 0.24906
4850.0 850.0 0.36323
4950.0 850.0 0.44583
5050.0 850.0 0.48908
5150.0 850.0 0.49831
5250.0 850.0 0.49245
5350.0 850.0 0.45983
5450.0 850.0 0.38494
5550.0 850.0 0.27269
5650.0 850.0 0.14002
5750.0 850.0 0.00862
5850.0 850.0 -0.10078
5950.0 850.0 -0.17256
6050.0 850.0 -0.19888
6150.0 850.0 -0.18079
6250.0 850.0 -0.12775
6350.0 850.0 -0.05569
50.0 950.0 -0.23023
150.0 950.0 -0.28361
250.0 950.0 -0.31233
350.0 950.0 -0.31553
450.0 950.0 -0.29870
550.0 950.0 -0.27282
650.0 950.0 -0.23061
750.0 950.0 -0.16026
850.0 950.0 -0.06644
950.0 950.0 0.03692
1050.0 950.0 0.13298
1150.0 950.0 0.20689
1250.0 950.0 0.24898
1350.0 950.0 0.25638
1450.0 950.0 0.23309
1550.0 950.0 0.18834
1650.0 950.0 0.13344
1750.0 950.0 0.07618
1850.0 950.0 0.01648
1950.0 950.0 -0.04167
2050.0 950.0 -0.09045
2150.0 950.0 -0.12236
2250.0 950.0 -0.13298
2350.0 950.0 -0.12250
2450.0 950.0 -0.09594
2550.0 950.0 -0.06194
2650.0 950.0 -0.03039
2750.0 950.0 -0.00865
2850.0 950.0 0.00355
2950.0 950.0 0.01803
3050.0 950.0 0.04439
3150.0 950.0 0.07998
3250.0 950.0 0.11543
3350.0 950.0 0.13981
3450.0 950.0 0.14442
3550.0 950.0 0.12509
3650.0 950.0 0.08307
3750.0 950.0 0.02436
3850.0 950.0 -0.04226
3950.0 950.0 -0.10878
4050.0 950.0 -0.17236
4150.0 950.0 -0.22177
4250.0 950.0 -0.23475
4350.0 950.0 -0.19972
4450.0 950.0 -0.11648
4550.0 950.0 0.00534
4650.0 950.0 0.14858
4750.0 950.0 0.29171
4850.0 950.0 0.41263
4950.0 950.0 0.49337
5050.0 950.0 0.52550
5150.0 950.0 0.51635
5250.0 950.0 0.48948
5350.0 950.0 0.43475
5450.0 950.0 0.33723
5550.0 950.0 0.20387
5650.0 950.0 0.05389
5750.0 950.0 -0.08939
5850.0 950.0 -0.20476
5950.0 950.0 -0.27748
6050.0 950.0 -0.30174
6150.0 950.0 -0.28114
6250.0 950.0 -0.22739
6350.0 950.0 -0.15695
50.0 1050.0 -0.22191
150.0 1050.0 -0.26150
250.0 1050.0 -0.28461
350.0 1050.0 -0.28948
450.0 1050.0 -0.27925
550.0 1050.0 -0.26167
650.0 1050.0 -0.22739
750.0 1050.0 -0.16425
850.0 1050.0 -0.07708
950.0 1050.0 0.01975
1050.0 1050.0 0.10896
1150.0 1050.0 0.17528
1250.0 1050.0 0.20884
1350.0 1050.0 0.20676
1450.0 1050.0 0.17319
1550.0 1050.0 0.11767
1650.0 1050.0 0.05184
1750.0 1050.0 -0.01708
1850.0 1050.0 -0.09203
1950.0 1050.0 -0.16793
2050.0 1050.0 -0.23239
2150.0 1050.0 -0.27261
2250.0 1050.0 -0.28018
2350.0 1050.0 -0.25386
2450.0 1050.0 -0.20006
2550.0 1050.0 -0.13143
2650.0 1050.0 -0.06314
2750.0 1050.0 -0.00716
2850.0 1050.0 0.03563
2950.0 1050.0 0.08196
3050.0 1050.0 0.14518
3150.0 1050.0 0.21943
3250.0 1050.0 0.28863
3350.0 1050.0 0.33510
3450.0 1050.0 0.34574
3550.0 1050.0 0.31557
3650.0 1050.0 0.24884
3750.0 1050.0 0.15760
3850.0 1050.0 0.05773
3950.0 1050.0 -0.03754
4050.0 1050.0 -0.12578
4150.0 1050.0 -0.19711
4250.0 1050.0 -0.22604
4350.0 1050.0 -0.19980
4450.0 1050.0 -0.11893
4550.0 1050.0 0.00481
4650.0 1050.0 0.15133
4750.0 1050.0 0.29591
4850.0 1050.0 0.41360
4950.0 1050.0 0.48448
5050.0 1050.0 0.49961
5150.0 1050.0 0.46787
5250.0 1050.0 0.41652
5350.0 1050.0 0.33781
5450.0 1050.0 0.21892
5550.0 1050.0 0.06949
5650.0 1050.0 -0.08917
5750.0 1050.0 -0.23300
5850.0 1050.0 -0.34177
5950.0 1050.0 -0.40332
6050.0 1050.0 -0.41551
6150.0 1050.0 -0.38577
6250.0 1050.0 -0.32838
6350.0 1050.0 -0.25937
50.0 1150.0 -0.19146
150.0 1150.0 -0.21300
250.0 1150.0 -0.22764
350.0 1150.0 -0.23278
450.0 1150.0 -0.22895
550.0 1150.0 -0.21999
650.0 1150.0 -0.19455
750.0 1150.0 -0.14079
850.0 1150.0 -0.06389
950.0 1150.0 0.02154
1050.0 1150.0 0.09820
1150.0 1150.0 0.15103
1250.0 1150.0 0.17057
1350.0 1150.0 0.15449
1450.0 1150.0 0.10749
1550.0 1150.0 0.03948
1650.0 1150.0 -0.03797
1750.0 1150.0 -0.11895
1850.0 1150.0 -0.20962
1950.0 1150.0 -0.30376
2050.0 1150.0 -0.38421
2150.0 1150.0 -0.43272
2250.0 1150.0 -0.43681
2350.0 1150.0 -0.39371
2450.0 1150.0 -0.31142
2550.0 1150.0 -0.20670
2650.0 1150.0 -0.10021
2750.0 1150.0 -0.00870
2850.0 1150.0 0.06577
2950.0 1150.0 0.14516
3050.0 1150.0 0.24707
3150.0 1150.0 0.36240
3250.0 1150.0 0.46810
3350.0 1150.0 0.53940
3450.0 1150.0 0.55841
3550.0 1150.0 0.51906
3650.0 1150.0 0.42852
3750.0 1150.0 0.30488
3850.0 1150.0 0.17131
3950.0 1150.0 0.04653
4050.0 1150.0 -0.06727
4150.0 1150.0 -0.16216
4250.0 1150.0 -0.21058
4350.0 1150.0 -0.19890
4450.0 1150.0 -0.12819
4550.0 1150.0 -0.01169
4650.0 1150.0 0.12853
4750.0 1150.0 0.26553
4850.0 1150.0 0.37243
4950.0 1150.0 0.42797
5050.0 1150.0 0.42288
5150.0 1150.0 0.36707
5250.0 1150.0 0.29052
5350.0 1150.0 0.18876
5450.0 1150.0 0.05247
5550.0 1150.0 -0.10567
5650.0 1150.0 -0.26272
5750.0 1150.0 -0.39494
5850.0 1150.0 -0.48448
5950.0 1150.0 -0.52328
6050.0 1150.0 -0.51419
6150.0 1150.0 -0.46933
6250.0 1150.0 -0.40563
6350.0 1150.0 -0.33767
50.0 1250.0 -0.14131
150.0 1250.0 -0.14584
250.0 1250.0 -0.15239
350.0 1250.0 -0.15762
450.0 1250.0 -0.15962
550.0 1250.0 -0.15860
650.0 1250.0 -0.14159
750.0 1250.0 -0.09732
850.0 1250.0 -0.03139
950.0 1250.0 0.04146
1050.0 1250.0 0.10411
1150.0 1250.0 0.14199
1250.0 1250.0 0.14629
1350.0 1250.0 0.11545
1450.0 1250.0 0.05485
1550.0 1250.0 -0.02526
1650.0 1250.0 -0.11354
1750.0 1250.0 -0.20565
1850.0 1250.0 -0.31115
1950.0 1250.0 -0.42295
2050.0 1250.0 -0.51955
2150.0 1250.0 -0.57756
2250.0 1250.0 -0.58055
2350.0 1250.0 -0.52415
2450.0 1250.0 -0.41752
2550.0 1250.0 -0.28104
2650.0 1250.0 -0.14032
2750.0 1250.0 -0.01652
2850.0 1250.0 0.08705
2950.0 1250.0 0.19691
3050.0 1250.0 0.33466
3150.0 1250.0 0.48833
3250.0 1250.0 0.62845
3350.0 1250.0 0.72365
3450.0 1250.0 0.75150
3550.0 1250.0 0.70483
3650.0 1250.0 0.59334
3750.0 1250.0 0.44060
3850.0 1250.0 0.27643
3950.0 1250.0 0.12463
4050.0 1250.0 -0.01268
4150.0 1250.0 -0.12976
4250.0 1250.0 -0.19781
4350.0 1250.0 -0.20271
4450.0 1250.0 -0.14585
4550.0 1250.0 -0.04136
4650.0 1250.0 0.08739
4750.0 1250.0 0.21215
4850.0 1250.0 0.30479
4950.0 1250.0 0.34323
5050.0 1250.0 0.31800
5150.0 1250.0 0.23968
5250.0 1250.0 0.14008
5350.0 1250.0 0.01876
5450.0 1250.0 -0.12920
5550.0 1250.0 -0.28806
5650.0 1250.0 -0.43388
5750.0 1250.0 -0.54423
5850.0 1250.0 -0.60470
5950.0 1250.0 -0.61229
6050.0 1250.0 -0.57556
6150.0 1250.0 -0.51158
6250.0 1250.0 -0.43975
6350.0 1250.0 -0.37237
50.0 1350.0 -0.07840
150.0 1350.0 -0.07214
250.0 1350.0 -0.07424
350.0 1350.0 -0.08066
450.0 1350.0 -0.08769
550.0 1350.0 -0.09306
650.0 1350.0 -0.08277
750.0 1350.0 -0.04595
850.0 1350.0 0.01146
950.0 1350.0 0.07461
1050.0 1350.0 0.12649
1150.0 1350.0 0.15285
1250.0 1350.0 0.14537
1350.0 1350.0 0.10304
1450.0 1350.0 0.03175
1550.0 1350.0 -0.05797
1650.0 1350.0 -0.15492
1750.0 1350.0 -0.25608
1850.0 1350.0 -0.37430
1950.0 1350.0 -0.50222
2050.0 1350.0 -0.61491
2150.0 1350.0 -0.68461
2250.0 1350.0 -0.69130
2350.0 1350.0 -0.62880
2450.0 1350.0 -0.50668
2550.0 1350.0 -0.34779
2650.0 1350.0 -0.18149
2750.0 1350.0 -0.03254
2850.0 1350.0 0.09431
2950.0 1350.0 0.22868
3050.0 1350.0 0.39530
3150.0 1350.0 0.57988
3250.0 1350.0 0.74782
3350.0 1350.0 0.86239
3450.0 1350.0 0.89754
3550.0 1350.0 0.84516
3650.0 1350.0 0.71697
3750.0 1350.0 0.54094
3850.0 1350.0 0.35224
3950.0 1350.0 0.17875
4050.0 1350.0 0.02253
4150.0 1350.0 -0.11254
4250.0 1350.0 -0.19689
4350.0 1350.0 -0.21605
4450.0 1350.0 -0.17165
4550.0 1350.0 -0.07840
4650.0 1350.0 0.03947
4750.0 1350.0 0.15282
4850.0 1350.0 0.23273
4950.0 1350.0 0.25654
5050.0 1350.0 0.21467
5150.0 1350.0 0.11812
5250.0 1350.0 0.00014
5350.0 1350.0 -0.13540
5450.0 1350.0 -0.28875
5550.0 1350.0 -0.44149
5650.0 1350.0 -0.56932
5750.0 1350.0 -0.65176
5850.0 1350.0 -0.67838
5950.0 1350.0 -0.65142
6050.0 1350.0 -0.58504
6150.0 1350.0 -0.50091
6250.0 1350.0 -0.42038
6350.0 1350.0 -0.35310
50.0 1450.0 -0.01219
150.0 1450.0 -0.00539
250.0 1450.0 -0.00924
350.0 1450.0 -0.01903
450.0 1450.0 -0.03020
550.0 1450.0 -0.03984
650.0 1450.0 -0.03360
750.0 1450.0 -0.00045
850.0 1450.0 0.05358
950.0 1450.0 0.11345
1050.0 1450.0 0.16188
1150.0 1450.0 0.18441
1250.0 1450.0 0.17261
1350.0 1450.0 0.12547
1450.0 1450.0 0.04895
1550.0 1450.0 -0.04626
1650.0 1450.0 -0.14880
1750.0 1450.0 -0.25617
1850.0 1450.0 -0.38419
1950.0 1450.0 -0.52603
2050.0 1450.0 -0.65455
2150.0 1450.0 -0.73871
2250.0 1450.0 -0.75537
2350.0 1450.0 -0.69629
2450.0 1450.0 -0.57047
2550.0 1450.0 -0.40173
2650.0 1450.0 -0.22152
2750.0 1450.0 -0.05708
2850.0 1450.0 0.08517
2950.0 1450.0 0.23587
3050.0 1450.0 0.42157
3150.0 1450.0 0.62639
3250.0 1450.0 0.81227
3350.0 1450.0 0.93901
3450.0 1450.0 0.97817
3550.0 1450.0 0.92114
3650.0 1450.0 0.78109
3750.0 1450.0 0.58898
3850.0 1450.0 0.38358
3950.0 1450.0 0.19549
4050.0 1450.0 0.02664
4150.0 1450.0 -0.12021
4250.0 1450.0 -0.21465
4350.0 1450.0 -0.24188
4450.0 1450.0 -0.20371
4550.0 1450.0 -0.11550
4650.0 1450.0 -0.00228
4750.0 1450.0 0.10590
4850.0 1450.0 0.17929
4950.0 1450.0 0.19472
5050.0 1450.0 0.14243
5150.0 1450.0 0.03389
5250.0 1450.0 -0.09624
5350.0 1450.0 -0.23985
5450.0 1450.0 -0.39300
5550.0 1450.0 -0.53527
5650.0 1450.0 -0.64254
5750.0 1450.0 -0.69653
5850.0 1450.0 -0.69054
5950.0 1450.0 -0.63149
6050.0 1450.0 -0.53822
6150.0 1450.0 -0.43607
6250.0 1450.0 -0.34769
6350.0 1450.0 -0.28013
50.0 1550.0 0.04852
150.0 1550.0 0.04413
250.0 1550.0 0.03129
350.0 1550.0 0.01543
450.0 1550.0 0.00092
550.0 1550.0 -0.01078
650.0 1550.0 -0.00560
750.0 1550.0 0.02847
850.0 1550.0 0.08561
950.0 1550.0 0.15041
1050.0 1550.0 0.20482
1150.0 1550.0 0.23342
1250.0 1550.0 0.22683
1350.0 1550.0 0.18322
1450.0 1550.0 0.10808
1550.0 1550.0 0.01210
1650.0 1550.0 -0.09275
1750.0 1550.0 -0.20337
1850.0 1550.0 -0.33812
1950.0 1550.0 -0.49153
2050.0 1550.0 -0.63550
2150.0 1550.0 -0.73683
2250.0 1550.0 -0.76980
2350.0 1550.0 -0.72388
2450.0 1550.0 -0.60648
2550.0 1550.0 -0.44079
2650.0 1550.0 -0.25871
2750.0 1550.0 -0.08880
2850.0 1550.0 0.06064
2950.0 1550.0 0.21915
3050.0 1550.0 0.41361
3150.0 1550.0 0.62721
3250.0 1550.0 0.82026
3350.0 1550.0 0.95097
3450.0 1550.0 0.99000
3550.0 1550.0 0.92871
3650.0 1550.0 0.78118
3750.0 1550.0 0.58002
3850.0 1550.0 0.36582
3950.0 1550.0 0.17042
4050.0 1550.0 -0.00454
4150.0 1550.0 -0.15642
4250.0 1550.0 -0.25347
4350.0 1550.0 -0.28038
4450.0 1550.0 -0.23927
4550.0 1550.0 -0.14636
4650.0 1550.0 -0.02789
4750.0 1550.0 0.08479
4850.0 1550.0 0.16079
4950.0 1550.0 0.17612
5050.0 1550.0 0.12083
5150.0 1550.0 0.00699
5250.0 1550.0 -0.12889
5350.0 1550.0 -0.27488
5450.0 1550.0 -0.42389
5550.0 1550.0 -0.55430
5650.0 1550.0 -0.64255
5750.0 1550.0 -0.67234
5850.0 1550.0 -0.63995
5950.0 1550.0 -0.55579
6050.0 1550.0 -0.44199
6150.0 1550.0 -0.32627
6250.0 1550.0 -0.23190
6350.0 1550.0 -0.16385
50.0 1650.0 0.10030
150.0 1650.0 0.07546
250.0 1650.0 0.04785
350.0 1650.0 0.02370
450.0 1650.0 0.00636
550.0 1650.0 -0.00577
650.0 1650.0 0.00069
750.0 1650.0 0.03940
850.0 1650.0 0.10507
950.0 1650.0 0.18172
1050.0 1650.0 0.25008
1150.0 1650.0 0.29311
1250.0 1650.0 0.29969
1350.0 1650.0 0.26654
1450.0 1650.0 0.19818
1550.0 1650.0 0.10518
1650.0 1650.0 0.00051
1750.0 1650.0 -0.11119
1850.0 1650.0 -0.25039
1950.0 1650.0 -0.41358
2050.0 1650.0 -0.57267
2150.0 1650.0 -0.69310
2250.0 1650.0 -0.74698
2350.0 1650.0 -0.72130
2450.0 1650.0 -0.62117
2550.0 1650.0 -0.46801
2650.0 1650.0 -0.29291
2750.0 1650.0 -0.12490
2850.0 1650.0 0.02568
2950.0 1650.0 0.18569
3050.0 1650.0 0.38118
3150.0 1650.0 0.59491
3250.0 1650.0 0.78686
3350.0 1650.0 0.91515
3450.0 1650.0 0.95057
3550.0 1650.0 0.88489
3650.0 1650.0 0.73281
3750.0 1650.0 0.52756
3850.0 1650.0 0.31024
3950.0 1650.0 0.11284
4050.0 1650.0 -0.06341
4150.0 1650.0 -0.21517
4250.0 1650.0 -0.30871
4350.0 1650.0 -0.32806
4450.0 1650.0 -0.27574
4550.0 1650.0 -0.16917
4650.0 1650.0 -0.03626
4750.0 1650.0 0.08984
4850.0 1650.0 0.17661
4950.0 1650.0 0.19894
5050.0 1650.0 0.14662
5150.0 1650.0 0.03258
5250.0 1650.0 -0.10435
5350.0 1650.0 -0.24891
5450.0 1650.0 -0.39191
5550.0 1650.0 -0.51117
5650.0 1650.0 -0.58382
5750.0 1650.0 -0.59518
5850.0 1650.0 -0.54367
5950.0 1650.0 -0.44197
6050.0 1650.0 -0.31422
6150.0 1650.0 -0.18945
6250.0 1650.0 -0.09103
6350.0 1650.0 -0.02241
50.0 1750.0 0.14586
150.0 1750.0 0.09829
250.0 1750.0 0.05459
350.0 1750.0 0.02175
450.0 1750.0 0.00187
550.0 1750.0 -0.01014
650.0 1750.0 -0.00179
750.0 1750.0 0.04241
850.0 1750.0 0.11776
950.0 1750.0 0.20783
1050.0 1750.0 0.29210
1150.0 1750.0 0.35183
1250.0 1750.0 0.37405
1350.0 1750.0 0.35378
1450.0 1750.0 0.29440
1550.0 1750.0 0.20624
1650.0 1750.0 0.10331
1750.0 1750.0 -0.00797
1850.0 1750.0 -0.15003
1950.0 1750.0 -0.32148
2050.0 1750.0 -0.49466
2150.0 1750.0 -0.63405
2250.0 1750.0 -0.70984
2350.0 1750.0 -0.70652
2450.0 1750.0 -0.62660
2550.0 1750.0 -0.48931
2650.0 1750.0 -0.32440
2750.0 1750.0 -0.16099
2850.0 1750.0 -0.01144
2950.0 1750.0 0.14775
3050.0 1750.0 0.34124
3150.0 1750.0 0.55145
3250.0 1750.0 0.73857
3350.0 1750.0 0.86121
3450.0 1750.0 0.89086
3550.0 1750.0 0.81996
3650.0 1750.0 0.66375
3750.0 1750.0 0.45583
3850.0 1750.0 0.23736
3950.0 1750.0 0.04003
4050.0 1750.0 -0.13557
4150.0 1750.0 -0.28524
4250.0 1750.0 -0.37325
4350.0 1750.0 -0.38289
4450.0 1750.0 -0.31709
4550.0 1750.0 -0.19445
4650.0 1750.0 -0.04456
4750.0 1750.0 0.09756
4850.0 1750.0 0.19770
4950.0 1750.0 0.22959
5050.0 1750.0 0.18266
5150.0 1750.0 0.07072
5250.0 1750.0 -0.06500
5350.0 1750.0 -0.20607
5450.0 1750.0 -0.34146
5550.0 1750.0 -0.44871
5650.0 1750.0 -0.50582
5750.0 1750.0 -0.49965
5850.0 1750.0 -0.43059
5950.0 1750.0 -0.31324
6050.0 1750.0 -0.17333
6150.0 1750.0 -0.04075
6250.0 1750.0 0.06121
6350.0 1750.0 0.13055
50.0 1850.0 0.17130
150.0 1850.0 0.10408
250.0 1850.0 0.04695
350.0 1850.0 0.00733
450.0 1850.0 -0.01391
550.0 1850.0 -0.02507
650.0 1850.0 -0.01509
750.0 1850.0 0.03258
850.0 1850.0 0.11418
950.0 1850.0 0.21372
1050.0 1850.0 0.31050
1150.0 1850.0 0.38499
1250.0 1850.0 0.42295
1350.0 1850.0 0.41784
1450.0 1850.0 0.37162
1550.0 1850.0 0.29377
1650.0 1850.0 0.19860
1750.0 1850.0 0.09401
1850.0 1850.0 -0.04384
1950.0 1850.0 -0.21606
2050.0 1850.0 -0.39648
2150.0 1850.0 -0.54985
2250.0 1850.0 -0.64529
2350.0 1850.0 -0.66512
2450.0 1850.0 -0.60883
2550.0 1850.0 -0.49245
2650.0 1850.0 -0.34312
2750.0 1850.0 -0.18895
2850.0 1850.0 -0.04415
2950.0 1850.0 0.11005
3050.0 1850.0 0.29529
3150.0 1850.0 0.49367
3250.0 1850.0 0.66662
3350.0 1850.0 0.77475
3450.0 1850.0 0.79155
3550.0 1850.0 0.71109
3650.0 1850.0 0.54950
3750.0 1850.0 0.34041
3850.0 1850.0 0.12422
3950.0 1850.0 -0.06866
4050.0 1850.0 -0.23906
4150.0 1850.0 -0.38299
4250.0 1850.0 -0.46390
4350.0 1850.0 -0.46452
4450.0 1850.0 -0.38765
4550.0 1850.0 -0.25218
4650.0 1850.0 -0.08832
4750.0 1850.0 0.06804
4850.0 1850.0 0.18177
4950.0 1850.0 0.22573
5050.0 1850.0 0.18891
5150.0 1850.0 0.08535
5250.0 1850.0 -0.04231
5350.0 1850.0 -0.17241
5450.0 1850.0 -0.29200
5550.0 1850.0 -0.37892
5650.0 1850.0 -0.41284
5750.0 1850.0 -0.38291
5850.0 1850.0 -0.29186
5950.0 1850.0 -0.15619
6050.0 1850.0 -0.00282
6150.0 1850.0 0.13813
6250.0 1850.0 0.24418
6350.0 1850.0 0.31510
50.0 1950.0 0.16478
150.0 1950.0 0.08449
250.0 1950.0 0.01935
350.0 1950.0 -0.02330
450.0 1950.0 -0.04384
550.0 1950.0 -0.05294
650.0 1950.0 -0.04202
750.0 1950.0 0.00519
850.0 1950.0 0.08631
950.0 1950.0 0.18729
1050.0 1950.0 0.28916
1150.0 1950.0 0.37330
1250.0 1950.0 0.42535
1350.0 1950.0 0.43768
1450.0 1950.0 0.41046
1550.0 1950.0 0.35132
1650.0 1950.0 0.27364
1750.0 1950.0 0.18600
1850.0 1950.0 0.06407
1950.0 1950.0 -0.09606
2050.0 1950.0 -0.27151
2150.0 1950.0 -0.42932
2250.0 1950.0 -0.53920
2350.0 1950.0 -0.58186
2450.0 1950.0 -0.55334
2550.0 1950.0 -0.46500
2650.0 1950.0 -0.33936
2750.0 1950.0 -0.20173
2850.0 1950.0 -0.06766
2950.0 1950.0 0.07490
3050.0 1950.0 0.24236
3150.0 1950.0 0.41668
3250.0 1950.0 0.56224
3350.0 1950.0 0.64382
3450.0 1950.0 0.63890
3550.0 1950.0 0.54440
3650.0 1950.0 0.37756
3750.0 1950.0 0.17132
3850.0 1950.0 -0.03607
3950.0 1950.0 -0.21707
4050.0 1950.0 -0.37486
4150.0 1950.0 -0.50735
4250.0 1950.0 -0.57933
4350.0 1950.0 -0.57340
4450.0 1950.0 -0.49132
4550.0 1950.0 -0.35060
4650.0 1950.0 -0.18006
4750.0 1950.0 -0.01458
4850.0 1950.0 0.11119
4950.0 1950.0 0.17006
5050.0 1950.0 0.15039
5150.0 1950.0 0.06526
5250.0 1950.0 -0.04328
5350.0 1950.0 -0.15089
5450.0 1950.0 -0.24314
5550.0 1950.0 -0.29922
5650.0 1950.0 -0.30153
5750.0 1950.0 -0.24229
5850.0 1950.0 -0.12668
5950.0 1950.0 0.02740
6050.0 1950.0 0.19300
6150.0 1950.0 0.34111
6250.0 1950.0 0.45118
6350.0 1950.0 0.52495
50.0 2050.0 0.12588
150.0 2050.0 0.04158
250.0 2050.0 -0.02434
350.0 2050.0 -0.06527
450.0 2050.0 -0.08269
550.0 2050.0 -0.08849
650.0 2050.0 -0.07763
750.0 2050.0 -0.03593
850.0 2050.0 0.03600
950.0 2050.0 0.12777
1050.0 2050.0 0.22432
1150.0 2050.0 0.31003
1250.0 2050.0 0.37196
1350.0 2050.0 0.40209
1450.0 2050.0 0.39861
1550.0 2050.0 0.36637
1650.0 2050.0 0.31623
1750.0 2050.0 0.25631
1850.0 2050.0 0.16298
1950.0 2050.0 0.02932
2050.0 2050.0 -0.12684
2150.0 2050.0 -0.27719
2250.0 2050.0 -0.39380
2350.0 2050.0 -0.45677
2450.0 2050.0 -0.45841
2550.0 2050.0 -0.40405
2650.0 2050.0 -0.30964
2750.0 2050.0 -0.19582
2850.0 2050.0 -0.07872
2950.0 2050.0 0.04543
3050.0 2050.0 0.18602
3150.0 2050.0 0.32529
3250.0 2050.0 0.43233
3350.0 2050.0 0.47817
3450.0 2050.0 0.44598
3550.0 2050.0 0.33633
3650.0 2050.0 0.16745
3750.0 2050.0 -0.02948
3850.0 2050.0 -0.21997
3950.0 2050.0 -0.38086
4050.0 2050.0 -0.51829
4150.0 2050.0 -0.63367
4250.0 2050.0 -0.69581
4350.0 2050.0 -0.68782
4450.0 2050.0 -0.60937
4550.0 2050.0 -0.47453
4650.0 2050.0 -0.30834
4750.0 2050.0 -0.14228
4850.0 2050.0 -0.00863
4950.0 2050.0 0.06632
5050.0 2050.0 0.07024
5150.0 2050.0 0.01383
5250.0 2050.0 -0.06407
5350.0 2050.0 -0.13810
5450.0 2050.0 -0.19343
5550.0 2050.0 -0.21184
5650.0 2050.0 -0.17938
5750.0 2050.0 -0.09152
5850.0 2050.0 0.04471
5950.0 2050.0 0.21136
6050.0 2050.0 0.38321
6150.0 2050.0 0.53420
6250.0 2050.0 0.64685
6350.0 2050.0 0.72456
50.0 2150.0 0.06233
150.0 2150.0 -0.01609
250.0 2150.0 -0.07512
350.0 2150.0 -0.10951
450.0 2150.0 -0.12153
550.0 2150.0 -0.12305
650.0 2150.0 -0.11345
750.0 2150.0 -0.08243
850.0 2150.0 -0.02865
950.0 2150.0 0.04264
1050.0 2150.0 0.12231
1150.0 2150.0 0.19980
1250.0 2150.0 0.26519
1350.0 2150.0 0.31096
1450.0 2150.0 0.33342
1550.0 2150.0 0.33383
1650.0 2150.0 0.31913
1750.0 2150.0 0.29565
1850.0 2150.0 0.24156
1950.0 2150.0 0.14705
2050.0 2150.0 0.02346
2150.0 2150.0 -0.10746
2250.0 2150.0 -0.22196
2350.0 2150.0 -0.30054
2450.0 2150.0 -0.33185
2550.0 2150.0 -0.31445
2650.0 2150.0 -0.25620
2750.0 2150.0 -0.17154
2850.0 2150.0 -0.07633
2950.0 2150.0 0.02418
3050.0 2150.0 0.13163
3150.0 2150.0 0.22925
3250.0 2150.0 0.29215
3350.0 2150.0 0.29900
3450.0 2150.0 0.23956
3550.0 2150.0 0.11824
3650.0 2150.0 -0.04638
3750.0 2150.0 -0.22610
3850.0 2150.0 -0.39165
3950.0 2150.0 -0.52529
4050.0 2150.0 -0.63611
4150.0 2150.0 -0.73018
4250.0 2150.0 -0.78303
4350.0 2150.0 -0.77886
4450.0 2150.0 -0.71437
4550.0 2150.0 -0.59824
4650.0 2150.0 -0.44933
4750.0 2150.0 -0.29336
4850.0 2150.0 -0.15834
4950.0 2150.0 -0.06851
5050.0 2150.0 -0.03692
5150.0 2150.0 -0.05662
5250.0 2150.0 -0.09475
5350.0 2150.0 -0.12744
5450.0 2150.0 -0.14122
5550.0 2150.0 -0.12161
5650.0 2150.0 -0.05869
5750.0 2150.0 0.04939
5850.0 2150.0 0.19508
5950.0 2150.0 0.36239
6050.0 2150.0 0.53003
6150.0 2150.0 0.67680
6250.0 2150.0 0.78924
6350.0 2150.0 0.87150
50.0 2250.0 -0.01316
150.0 2250.0 -0.07687
250.0 2250.0 -0.12239
350.0 2250.0 -0.14625
450.0 2250.0 -0.15125
550.0 2250.0 -0.14795
650.0 2250.0 -0.14075
750.0 2250.0 -0.12471
850.0 2250.0 -0.09655
950.0 2250.0 -0.05545
1050.0 2250.0 -0.00311
1150.0 2250.0 0.05652
1250.0 2250.0 0.11794
1350.0 2250.0 0.17505
1450.0 2250.0 0.22258
1550.0 2250.0 0.25782
1650.0 2250.0 0.28270
1750.0 2250.0 0.30056
1850.0 2250.0 0.29217
1950.0 2250.0 0.24527
2050.0 2250.0 0.16392
2150.0 2250.0 0.06205
2250.0 2250.0 -0.04204
2350.0 2250.0 -0.13020
2450.0 2250.0 -0.18790
2550.0 2250.0 -0.20675
2650.0 2250.0 -0.18595
2750.0 2250.0 -0.13279
2850.0 2250.0 -0.06215
2950.0 2250.0 0.01213
3050.0 2250.0 0.08435
3150.0 2250.0 0.13945
3250.0 2250.0 0.15933
3350.0 2250.0 0.13068
3450.0 2250.0 0.04975
3550.0 2250.0 -0.07576
3650.0 2250.0 -0.22788
3750.0 2250.0 -0.38256
3850.0 2250.0 -0.51674
3950.0 2250.0 -0.61851
4050.0 2250.0 -0.69923
4150.0 2250.0 -0.77015
4250.0 2250.0 -0.81558
4350.0 2250.0 -0.82145
4450.0 2250.0 -0.78077
4550.0 2250.0 -0.69541
4650.0 2250.0 -0.57613
4750.0 2250.0 -0.44102
4850.0 2250.0 -0.31222
4950.0 2250.0 -0.21093
5050.0 2250.0 -0.15085
5150.0 2250.0 -0.12979
5250.0 2250.0 -0.12323
5350.0 2250.0 -0.11176
5450.0 2250.0 -0.08530
5550.0 2250.0 -0.03401
5650.0 2250.0 0.04826
5750.0 2250.0 0.16186
5850.0 2250.0 0.30064
5950.0 2250.0 0.45280
6050.0 2250.0 0.60320
6150.0 2250.0 0.73717
6250.0 2250.0 0.84576
6350.0 2250.0 0.93255
50.0 2350.0 -0.08576
150.0 2350.0 -0.12883
250.0 2350.0 -0.15661
350.0 2350.0 -0.16766
450.0 2350.0 -0.16493
550.0 2350.0 -0.15683
650.0 2350.0 -0.15288
750.0 2350.0 -0.15436
850.0 2350.0 -0.15630
950.0 2350.0 -0.15154
1050.0 2350.0 -0.13374
1150.0 2350.0 -0.09942
1250.0 2350.0 -0.04882
1350.0 2350.0 0.01414
1450.0 2350.0 0.08309
1550.0 2350.0 0.15141
1650.0 2350.0 0.21553
1750.0 2350.0 0.27490
1850.0 2350.0 0.31331
1950.0 2350.0 0.31659
2050.0 2350.0 0.28161
2150.0 2350.0 0.21416
2250.0 2350.0 0.12653
2350.0 2350.0 0.03481
2450.0 2350.0 -0.04395
2550.0 2350.0 -0.09498
2650.0 2350.0 -0.10909
2750.0 2350.0 -0.08641
2850.0 2350.0 -0.04021
2950.0 2350.0 0.00830
3050.0 2350.0 0.04764
3150.0 2350.0 0.06514
3250.0 2350.0 0.04941
3350.0 2350.0 -0.00549
3450.0 2350.0 -0.09781
3550.0 2350.0 -0.21772
3650.0 2350.0 -0.34898
3750.0 2350.0 -0.47249
3850.0 2350.0 -0.57178
3950.0 2350.0 -0.64046
4050.0 2350.0 -0.69101
4150.0 2350.0 -0.73959
4250.0 2350.0 -0.78040
4350.0 2350.0 -0.80149
4450.0 2350.0 -0.79195
4550.0 2350.0 -0.74612
4650.0 2350.0 -0.66570
4750.0 2350.0 -0.56008
4850.0 2350.0 -0.44454
4950.0 2350.0 -0.33665
5050.0 2350.0 -0.25053
5150.0 2350.0 -0.18932
5250.0 2350.0 -0.13826
5350.0 2350.0 -0.08517
5450.0 2350.0 -0.02529
5550.0 2350.0 0.04619
5650.0 2350.0 0.13245
5750.0 2350.0 0.23388
5850.0 2350.0 0.34775
5950.0 2350.0 0.46850
6050.0 2350.0 0.58891
6150.0 2350.0 0.70185
6250.0 2350.0 0.80290
6350.0 2350.0 0.89360
50.0 2450.0 -0.14132
150.0 2450.0 -0.16205
250.0 2450.0 -0.17124
350.0 2450.0 -0.16935
450.0 2450.0 -0.15929
550.0 2450.0 -0.14697
650.0 2450.0 -0.14663
750.0 2450.0 -0.16585
850.0 2450.0 -0.19835
950.0 2450.0 -0.23113
1050.0 2450.0 -0.25020
1150.0 2450.0 -0.24477
1250.0 2450.0 -0.20970
1350.0 2450.0 -0.14631
1450.0 2450.0 -0.06154
1550.0 2450.0 0.03460
1650.0 2450.0 0.13321
1750.0 2450.0 0.22950
1850.0 2450.0 0.31016
1950.0 2450.0 0.35974
2050.0 2450.0 0.36879
2150.0 2450.0 0.33565
2250.0 2450.0 0.26688
2350.0 2450.0 0.17628
2450.0 2450.0 0.08261
2550.0 2450.0 0.00595
2650.0 2450.0 -0.03734
2750.0 2450.0 -0.04095
2850.0 2450.0 -0.01633
2950.0 2450.0 0.00986
3050.0 2450.0 0.02257
3150.0 2450.0 0.01204
3250.0 2450.0 -0.02730
3350.0 2450.0 -0.09554
3450.0 2450.0 -0.18711
3550.0 2450.0 -0.29156
3650.0 2450.0 -0.39533
3750.0 2450.0 -0.48465
3850.0 2450.0 -0.54925
3950.0 2450.0 -0.58731
4050.0 2450.0 -0.61103
4150.0 2450.0 -0.64054
4250.0 2450.0 -0.67980
4350.0 2450.0 -0.71911
4450.0 2450.0 -0.74386
4550.0 2450.0 -0.74105
4650.0 2450.0 -0.70348
4750.0 2450.0 -0.63184
4850.0 2450.0 -0.53450
4950.0 2450.0 -0.42516
5050.0 2450.0 -0.31822
5150.0 2450.0 -0.22196
5250.0 2450.0 -0.13167
5350.0 2450.0 -0.04429
5450.0 2450.0 0.03826
5550.0 2450.0 0.11593
5650.0 2450.0 0.19005
5750.0 2450.0 0.26266
5850.0 2450.0 0.33609
5950.0 2450.0 0.41244
6050.0 2450.0 0.49324
6150.0 2450.0 0.57916
6250.0 2450.0 0.66974
6350.0 2450.0 0.76328
50.0 2550.0 -0.16893
150.0 2550.0 -0.17036
250.0 2550.0 -0.16375
350.0 2550.0 -0.15110
450.0 2550.0 -0.13517
550.0 2550.0 -0.11963
650.0 2550.0 -0.12270
750.0 2550.0 -0.15740
850.0 2550.0 -0.21668
950.0 2550.0 -0.28282
1050.0 2550.0 -0.33552
1150.0 2550.0 -0.35778
1250.0 2550.0 -0.33970
1350.0 2550.0 -0.28006
1450.0 2550.0 -0.18586
1550.0 2550.0 -0.06968
1650.0 2550.0 0.05513
1750.0 2550.0 0.17981
1850.0 2550.0 0.29336
1950.0 2550.0 0.37955
2050.0 2550.0 0.42410
2150.0 2550.0 0.41952
2250.0 2550.0 0.36773
2350.0 2550.0 0.28048
2450.0 2550.0 0.17759
2550.0 2550.0 0.08294
2650.0 2550.0 0.01830
2750.0 2550.0 -0.00505
2850.0 2550.0 0.00305
2950.0 2550.0 0.01268
3050.0 2550.0 0.00772
3150.0 2550.0 -0.01857
3250.0 2550.0 -0.06737
3350.0 2550.0 -0.13504
3450.0 2550.0 -0.21426
3550.0 2550.0 -0.29543
3650.0 2550.0 -0.36837
3750.0 2550.0 -0.42431
3850.0 2550.0 -0.45822
3950.0 2550.0 -0.47139
4050.0 2550.0 -0.47445
4150.0 2550.0 -0.49002
4250.0 2550.0 -0.53042
4350.0 2550.0 -0.58802
4450.0 2550.0 -0.64518
4550.0 2550.0 -0.68268
4650.0 2550.0 -0.68566
4750.0 2550.0 -0.64726
4850.0 2550.0 -0.56977
4950.0 2550.0 -0.46336
5050.0 2550.0 -0.34250
5150.0 2550.0 -0.21986
5250.0 2550.0 -0.09970
5350.0 2550.0 0.01128
5450.0 2550.0 0.10401
5550.0 2550.0 0.17431
5650.0 2550.0 0.22287
5750.0 2550.0 0.25470
5850.0 2550.0 0.27810
5950.0 2550.0 0.30322
6050.0 2550.0 0.34016
6150.0 2550.0 0.39666
6250.0 2550.0 0.47532
6350.0 2550.0 0.57039
50.0 2650.0 -0.16322
150.0 2650.0 -0.15247
250.0 2650.0 -0.13591
350.0 2650.0 -0.11650
450.0 2650.0 -0.09690
550.0 2650.0 -0.07938
650.0 2650.0 -0.08511
750.0 2650.0 -0.13109
850.0 2650.0 -0.20991
950.0 2650.0 -0.30077
1050.0 2650.0 -0.37906
1150.0 2650.0 -0.42338
1250.0 2650.0 -0.42030
1350.0 2650.0 -0.36657
1450.0 2650.0 -0.26890
1550.0 2650.0 -0.14141
1650.0 2650.0 -0.00056
1750.0 2650.0 0.14180
1850.0 2650.0 0.27592
1950.0 2650.0 0.38516
2050.0 2650.0 0.45228
2150.0 2650.0 0.46609
2250.0 2650.0 0.42557
2350.0 2650.0 0.34112
2450.0 2650.0 0.23312
2550.0 2650.0 0.12777
2650.0 2650.0 0.05017
2750.0 2650.0 0.01466
2850.0 2650.0 0.01251
2950.0 2650.0 0.01250
3050.0 2650.0 -0.00024
3150.0 2650.0 -0.02970
3250.0 2650.0 -0.07442
3350.0 2650.0 -0.12930
3450.0 2650.0 -0.18730
3550.0 2650.0 -0.24089
3650.0 2650.0 -0.28346
3750.0 2650.0 -0.31049
3850.0 2650.0 -0.32066
3950.0 2650.0 -0.31675
4050.0 2650.0 -0.30689
4150.0 2650.0 -0.31445
4250.0 2650.0 -0.35780
4350.0 2650.0 -0.43091
4450.0 2650.0 -0.51406
4550.0 2650.0 -0.58359
4650.0 2650.0 -0.61913
4750.0 2650.0 -0.60827
4850.0 2650.0 -0.54874
4950.0 2650.0 -0.44803
5050.0 2650.0 -0.32051
5150.0 2650.0 -0.18198
5250.0 2650.0 -0.04352
5350.0 2650.0 0.07914
5450.0 2650.0 0.17025
5550.0 2650.0 0.22259
5650.0 2650.0 0.23741
5750.0 2650.0 0.22335
5850.0 2650.0 0.19476
5950.0 2650.0 0.16919
6050.0 2650.0 0.16406
6150.0 2650.0 0.19274
6250.0 2650.0 0.25970
6350.0 2650.0 0.35499
50.0 2750.0 -0.12662
150.0 2750.0 -0.11260
250.0 2750.0 -0.09318
350.0 2750.0 -0.07165
450.0 2750.0 -0.05072
550.0 2750.0 -0.03242
650.0 2750.0 -0.03982
750.0 2750.0 -0.09214
850.0 2750.0 -0.18199
950.0 2750.0 -0.28713
1050.0 2750.0 -0.38074
1150.0 2750.0 -0.43908
1250.0 2750.0 -0.44670
1350.0 2750.0 -0.39900
1450.0 2750.0 -0.30227
1550.0 2750.0 -0.17123
1650.0 2750.0 -0.02394
1750.0 2750.0 0.12576
1850.0 2750.0 0.26827
1950.0 2750.0 0.38670
2050.0 2750.0 0.46251
2150.0 2750.0 0.48308
2250.0 2750.0 0.44623
2350.0 2750.0 0.36192
2450.0 2750.0 0.25088
2550.0 2750.0 0.14037
2650.0 2750.0 0.05692
2750.0 2750.0 0.01617
2850.0 2750.0 0.00972
2950.0 2750.0 0.00656
3050.0 2750.0 -0.00536
3150.0 2750.0 -0.02766
3250.0 2750.0 -0.05793
3350.0 2750.0 -0.09160
3450.0 2750.0 -0.12345
3550.0 2750.0 -0.14880
3650.0 2750.0 -0.16440
3750.0 2750.0 -0.16894
3850.0 2750.0 -0.16326
3950.0 2750.0 -0.15021
4050.0 2750.0 -0.13487
4150.0 2750.0 -0.13983
4250.0 2750.0 -0.18686
4350.0 2750.0 -0.27098
4450.0 2750.0 -0.37137
4550.0 2750.0 -0.46193
4650.0 2750.0 -0.51910
4750.0 2750.0 -0.52726
4850.0 2750.0 -0.48141
4950.0 2750.0 -0.38734
5050.0 2750.0 -0.25924
5150.0 2750.0 -0.11464
5250.0 2750.0 0.03110
5350.0 2750.0 0.15492
5450.0 2750.0 0.23550
5550.0 2750.0 0.26384
5650.0 2750.0 0.24249
5750.0 2750.0 0.18390
5850.0 2750.0 0.10781
5950.0 2750.0 0.03778
6050.0 2750.0 -0.00318
6150.0 2750.0 0.00211
6250.0 2750.0 0.05889
6350.0 2750.0 0.15338
50.0 2850.0 -0.07133
150.0 2850.0 -0.06056
250.0 2850.0 -0.04337
350.0 2850.0 -0.02298
450.0 2850.0 -0.00231
550.0 2850.0 0.01604
650.0 2850.0 0.00775
750.0 2850.0 -0.04742
850.0 2850.0 -0.14228
950.0 2850.0 -0.25420
1050.0 2850.0 -0.35557
1150.0 2850.0 -0.42172
1250.0 2850.0 -0.43623
1350.0 2850.0 -0.39373
1450.0 2850.0 -0.30009
1550.0 2850.0 -0.17002
1650.0 2850.0 -0.02221
1750.0 2850.0 0.12839
1850.0 2850.0 0.27155
1950.0 2850.0 0.39010
2050.0 2850.0 0.46533
2150.0 2850.0 0.48454
2250.0 2850.0 0.44564
2350.0 2850.0 0.35882
2450.0 2850.0 0.24515
2550.0 2850.0 0.13225
2650.0 2850.0 0.04698
2750.0 2850.0 0.00510
2850.0 2850.0 -0.00197
2950.0 2850.0 -0.00435
3050.0 2850.0 -0.01047
3150.0 2850.0 -0.02000
3250.0 2850.0 -0.03061
3350.0 2850.0 -0.03935
3450.0 2850.0 -0.04364
3550.0 2850.0 -0.04194
3650.0 2850.0 -0.03407
3750.0 2850.0 -0.02111
3850.0 2850.0 -0.00505
3950.0 2850.0 0.01201
4050.0 2850.0 0.02820
4150.0 2850.0 0.02263
4250.0 2850.0 -0.02809
4350.0 2850.0 -0.11957
4450.0 2850.0 -0.23057
4550.0 2850.0 -0.33386
4650.0 2850.0 -0.40438
4750.0 2850.0 -0.42486
4850.0 2850.0 -0.38886
4950.0 2850.0 -0.30122
5050.0 2850.0 -0.17590
5150.0 2850.0 -0.03126
5250.0 2850.0 0.11496
5350.0 2850.0 0.23380
5450.0 2850.0 0.29946
5550.0 2850.0 0.30191
5650.0 2850.0 0.24542
5750.0 2850.0 0.14604
5850.0 2850.0 0.02819
5950.0 2850.0 -0.07973
6050.0 2850.0 -0.15058
6150.0 2850.0 -0.16458
6250.0 2850.0 -0.11643
6350.0 2850.0 -0.02327
50.0 2950.0 -0.02464
150.0 2950.0 -0.02097
250.0 2950.0 -0.00852
350.0 2950.0 0.00969
450.0 2950.0 0.03027
550.0 2950.0 0.04936
650.0 2950.0 0.04142
750.0 2950.0 -0.01437
850.0 2950.0 -0.11109
950.0 2950.0 -0.22612
1050.0 2950.0 -0.33161
1150.0 2950.0 -0.40243
1250.0 2950.0 -0.42162
1350.0 2950.0 -0.38321
1450.0 2950.0 -0.29261
1550.0 2950.0 -0.16433
1650.0 2950.0 -0.01730
1750.0 2950.0 0.13276
1850.0 2950.0 0.27493
1950.0 2950.0 0.39172
2050.0 2950.0 0.46430
2150.0 2950.0 0.48006
2250.0 2950.0 0.43717
2350.0 2950.0 0.34616
2450.0 2950.0 0.22849
2550.0 2950.0 0.11216
2650.0 2950.0 0.02428
2750.0 2950.0 -0.01936
2850.0 2950.0 -0.02762
2950.0 2950.0 -0.02981
3050.0 2950.0 -0.03074
3150.0 2950.0 -0.02802
3250.0 2950.0 -0.01929
3350.0 2950.0 -0.00310
3450.0 2950.0 0.02052
3550.0 2950.0 0.04993
3650.0 2950.0 0.08214
3750.0 2950.0 0.11351
3850.0 2950.0 0.14076
3950.0 2950.0 0.16247
4050.0 2950.0 0.18000
4150.0 2950.0 0.17447
4250.0 2950.0 0.12100
4350.0 2950.0 0.02336
4450.0 2950.0 -0.09700
4550.0 2950.0 -0.21191
4650.0 2950.0 -0.29496
4750.0 2950.0 -0.32736
4850.0 2950.0 -0.30126
4950.0 2950.0 -0.22043
5050.0 2950.0 -0.09849
5150.0 2950.0 0.04552
5250.0 2950.0 0.19160
5350.0 2950.0 0.30552
5450.0 2950.0 0.35739
5550.0 2950.0 0.33611
5650.0 2950.0 0.24729
5750.0 2950.0 0.11007
5850.0 2950.0 -0.04701
5950.0 2950.0 -0.19113
6050.0 2950.0 -0.29126
6150.0 2950.0 -0.32510
6250.0 2950.0 -0.28711
6350.0 2950.0 -0.19737
50.0 3050.0 -0.01873
150.0 3050.0 -0.03101
250.0 3050.0 -0.02842
350.0 3050.0 -0.01366
450.0 3050.0 0.00858
550.0 3050.0 0.03146
650.0 3050.0 0.02801
750.0 3050.0 -0.02233
850.0 3050.0 -0.11319
950.0 3050.0 -0.22279
1050.0 3050.0 -0.32413
1150.0 3050.0 -0.39263
1250.0 3050.0 -0.41147
1350.0 3050.0 -0.37438
1450.0 3050.0 -0.28612
1550.0 3050.0 -0.16050
1650.0 3050.0 -0.01591
1750.0 3050.0 0.13182
1850.0 3050.0 0.27141
1950.0 3050.0 0.38498
2050.0 3050.0 0.45332
2150.0 3050.0 0.46360
2250.0 3050.0 0.41401
2350.0 3050.0 0.31536
2450.0 3050.0 0.18961
2550.0 3050.0 0.06534
2650.0 3050.0 -0.02977
2750.0 3050.0 -0.07961
2850.0 3050.0 -0.09329
2950.0 3050.0 -0.09981
3050.0 3050.0 -0.10088
3150.0 3050.0 -0.09158
3250.0 3050.0 -0.06842
3350.0 3050.0 -0.03039
3450.0 3050.0 0.02058
3550.0 3050.0 0.07984
3650.0 3050.0 0.14076
3750.0 3050.0 0.19618
3850.0 3050.0 0.24041
3950.0 3050.0 0.27187
4050.0 3050.0 0.29525
4150.0 3050.0 0.29399
4250.0 3050.0 0.24138
4350.0 3050.0 0.14004
4450.0 3050.0 0.01139
4550.0 3050.0 -0.11554
4650.0 3050.0 -0.21271
4750.0 3050.0 -0.25930
4850.0 3050.0 -0.24534
4950.0 3050.0 -0.17288
5050.0 3050.0 -0.05470
5150.0 3050.0 0.08950
5250.0 3050.0 0.23693
5350.0 3050.0 0.34962
5450.0 3050.0 0.39470
5550.0 3050.0 0.35926
5650.0 3050.0 0.24861
5750.0 3050.0 0.08307
5850.0 3050.0 -0.10636
5950.0 3050.0 -0.28348
6050.0 3050.0 -0.41362
6150.0 3050.0 -0.47148
6250.0 3050.0 -0.45017
6350.0 3050.0 -0.37145
50.0 3150.0 -0.06407
150.0 3150.0 -0.10068
250.0 3150.0 -0.11232
350.0 3150.0 -0.10130
450.0 3150.0 -0.07455
550.0 3150.0 -0.04376
650.0 3150.0 -0.03726
750.0 3150.0 -0.07454
850.0 3150.0 -0.15012
950.0 3150.0 -0.24420
1050.0 3150.0 -0.33194
1150.0 3150.0 -0.39049
1250.0 3150.0 -0.40387
1350.0 3150.0 -0.36572
1450.0 3150.0 -0.27983
1550.0 3150.0 -0.15849
1650.0 3150.0 -0.01871
1750.0 3150.0 0.12429
1850.0 3150.0 0.25954
1950.0 3150.0 0.36887
2050.0 3150.0 0.43236
2150.0 3150.0 0.43644
2250.0 3150.0 0.37879
2350.0 3150.0 0.27013
2450.0 3150.0 0.13275
2550.0 3150.0 -0.00402
2650.0 3150.0 -0.11167
2750.0 3150.0 -0.17339
2850.0 3150.0 -0.19822
2950.0 3150.0 -0.21538
3050.0 3150.0 -0.22470
3150.0 3150.0 -0.21822
3250.0 3150.0 -0.18986
3350.0 3150.0 -0.13736
3450.0 3150.0 -0.06319
3550.0 3150.0 0.02552
3650.0 3150.0 0.11828
3750.0 3150.0 0.20341
3850.0 3150.0 0.27137
3950.0 3150.0 0.31917
4050.0 3150.0 0.35450
4150.0 3150.0 0.36343
4250.0 3150.0 0.31692
4350.0 3150.0 0.21589
4450.0 3150.0 0.08128
4550.0 3150.0 -0.05713
4650.0 3150.0 -0.16947
4750.0 3150.0 -0.23230
4850.0 3150.0 -0.23271
4950.0 3150.0 -0.17014
5050.0 3150.0 -0.05593
5150.0 3150.0 0.08963
5250.0 3150.0 0.24051
5350.0 3150.0 0.35749
5450.0 3150.0 0.40651
5550.0 3150.0 0.37201
5650.0 3150.0 0.25656
5750.0 3150.0 0.07877
5850.0 3150.0 -0.13048
5950.0 3150.0 -0.33339
6050.0 3150.0 -0.49233
6150.0 3150.0 -0.57847
6250.0 3150.0 -0.58212
6350.0 3150.0 -0.52468
50.0 3250.0 -0.15314
150.0 3250.0 -0.21738
250.0 3250.0 -0.24403
350.0 3250.0 -0.23518
450.0 3250.0 -0.20062
550.0 3250.0 -0.15788
650.0 3250.0 -0.13647
750.0 3250.0 -0.15416
850.0 3250.0 -0.20685
950.0 3250.0 -0.27771
1050.0 3250.0 -0.34514
1150.0 3250.0 -0.38884
1250.0 3250.0 -0.39414
1350.0 3250.0 -0.35449
1450.0 3250.0 -0.27219
1550.0 3250.0 -0.15731
1650.0 3250.0 -0.02477
1750.0 3250.0 0.11126
1850.0 3250.0 0.24098
1950.0 3250.0 0.34635
2050.0 3250.0 0.40646
2150.0 3250.0 0.40632
2250.0 3250.0 0.34232
2350.0 3250.0 0.22439
2450.0 3250.0 0.07468
2550.0 3250.0 -0.07695
2650.0 3250.0 -0.20100
2750.0 3250.0 -0.27955
2850.0 3250.0 -0.32100
2950.0 3250.0 -0.35515
3050.0 3250.0 -0.38159
3150.0 3250.0 -0.38921
3250.0 3250.0 -0.36786
3350.0 3250.0 -0.31208
3450.0 3250.0 -0.22321
3550.0 3250.0 -0.10970
3650.0 3250.0 0.01426
3750.0 3250.0 0.13186
3850.0 3250.0 0.22855
3950.0 3250.0 0.29854
4050.0 3250.0 0.35171
4150.0 3250.0 0.37668
4250.0 3250.0 0.34178
4350.0 3250.0 0.24577
4450.0 3250.0 0.10861
4550.0 3250.0 -0.03939
4650.0 3250.0 -0.16646
4750.0 3250.0 -0.24613
4850.0 3250.0 -0.26193
4950.0 3250.0 -0.20998
5050.0 3250.0 -0.09952
5150.0 3250.0 0.04863
5250.0 3250.0 0.20505
5350.0 3250.0 0.33222
5450.0 3250.0 0.39714
5550.0 3250.0 0.38078
5650.0 3250.0 0.28050
5750.0 3250.0 0.11004
5850.0 3250.0 -0.10280
5950.0 3250.0 -0.32083
6050.0 3250.0 -0.50449
6150.0 3250.0 -0.62118
6250.0 3250.0 -0.65696
6350.0 3250.0 -0.63057
50.0 3350.0 -0.26748
150.0 3350.0 -0.35595
250.0 3350.0 -0.39406
350.0 3350.0 -0.38396
450.0 3350.0 -0.33847
550.0 3350.0 -0.28082
650.0 3350.0 -0.24115
750.0 3350.0 -0.23547
850.0 3350.0 -0.26145
950.0 3350.0 -0.30589
1050.0 3350.0 -0.35097
1150.0 3350.0 -0.37923
1250.0 3350.0 -0.37726
1350.0 3350.0 -0.33801
1450.0 3350.0 -0.26171
1550.0 3350.0 -0.15562
1650.0 3350.0 -0.03228
1750.0 3350.0 0.09521
1850.0 3350.0 0.21915
1950.0 3350.0 0.32231
2050.0 3350.0 0.38261
2150.0 3350.0 0.38295
2250.0 3350.0 0.31753
2350.0 3350.0 0.19453
2450.0 3350.0 0.03522
2550.0 3350.0 -0.13053
2650.0 3350.0 -0.27227
2750.0 3350.0 -0.37066
2850.0 3350.0 -0.43269
2950.0 3350.0 -0.48877
3050.0 3350.0 -0.54016
3150.0 3350.0 -0.57285
3250.0 3350.0 -0.57147
3350.0 3350.0 -0.52562
3450.0 3350.0 -0.43367
3550.0 3350.0 -0.30403
3650.0 3350.0 -0.15379
3750.0 3350.0 -0.00489
3850.0 3350.0 0.12235
3950.0 3350.0 0.21822
4050.0 3350.0 0.29355
4150.0 3350.0 0.33903
4250.0 3350.0 0.32038
4350.0 3350.0 0.23384
4450.0 3350.0 0.09806
4550.0 3350.0 -0.05645
4650.0 3350.0 -0.19615
4750.0 3350.0 -0.29147
4850.0 3350.0 -0.32207
4950.0 3350.0 -0.28032
5050.0 3350.0 -0.17300
5150.0 3350.0 -0.02121
5250.0 3350.0 0.14234
5350.0 3350.0 0.28479
5450.0 3350.0 0.37631
5550.0 3350.0 0.39397
5650.0 3350.0 0.32784
5750.0 3350.0 0.18403
5850.0 3350.0 -0.01549
5950.0 3350.0 -0.23630
6050.0 3350.0 -0.43816
6150.0 3350.0 -0.58481
6250.0 3350.0 -0.65699
6350.0 3350.0 -0.66872
50.0 3450.0 -0.38378
150.0 3450.0 -0.48709
250.0 3450.0 -0.52948
350.0 3450.0 -0.51355
450.0 3450.0 -0.45479
550.0 3450.0 -0.38089
650.0 3450.0 -0.32193
750.0 3450.0 -0.29253
850.0 3450.0 -0.29252
950.0 3450.0 -0.31244
1050.0 3450.0 -0.33815
1150.0 3450.0 -0.35477
1250.0 3450.0 -0.34967
1350.0 3450.0 -0.31467
1450.0 3450.0 -0.24748
1550.0 3450.0 -0.15221
1650.0 3450.0 -0.03913
1750.0 3450.0 0.07919
1850.0 3450.0 0.19810
1950.0 3450.0 0.30192
2050.0 3450.0 0.36735
2150.0 3450.0 0.37467
2250.0 3450.0 0.31498
2350.0 3450.0 0.19375
2450.0 3450.0 0.03043
2550.0 3450.0 -0.14572
2650.0 3450.0 -0.30365
2750.0 3450.0 -0.42237
2850.0 3450.0 -0.50665
2950.0 3450.0 -0.58727
3050.0 3450.0 -0.66884
3150.0 3450.0 -0.73510
3250.0 3450.0 -0.76488
3350.0 3450.0 -0.74157
3450.0 3450.0 -0.65904
3550.0 3450.0 -0.52416
3650.0 3450.0 -0.35585
3750.0 3450.0 -0.18055
3850.0 3450.0 -0.02442
3950.0 3450.0 0.09816
4050.0 3450.0 0.19755
4150.0 3450.0 0.26579
4250.0 3450.0 0.26619
4350.0 3450.0 0.19248
4450.0 3450.0 0.06174
4550.0 3450.0 -0.09564
4650.0 3450.0 -0.24464
4750.0 3450.0 -0.35285
4850.0 3450.0 -0.39617
4950.0 3450.0 -0.36319
5050.0 3450.0 -0.25807
5150.0 3450.0 -0.10200
5250.0 3450.0 0.06949
5350.0 3450.0 0.23046
5450.0 3450.0 0.35597
5550.0 3450.0 0.41908
5650.0 3450.0 0.40136
5750.0 3450.0 0.29948
5850.0 3450.0 0.12758
5950.0 3450.0 -0.08443
6050.0 3450.0 -0.29683
6150.0 3450.0 -0.47014
6250.0 3450.0 -0.57930
6350.0 3450.0 -0.63211
50.0 3550.0 -0.47896
150.0 3550.0 -0.58396
250.0 3550.0 -0.62148
350.0 3550.0 -0.59500
450.0 3550.0 -0.52193
550.0 3550.0 -0.43229
650.0 3550.0 -0.35544
750.0 3550.0 -0.30542
850.0 3550.0 -0.28438
950.0 3550.0 -0.28620
1050.0 3550.0 -0.29981
1150.0 3550.0 -0.31203
1250.0 3550.0 -0.31019
1350.0 3550.0 -0.28439
1450.0 3550.0 -0.22940
1550.0 3550.0 -0.14623
1650.0 3550.0 -0.04346
1750.0 3550.0 0.06617
1850.0 3550.0 0.18159
1950.0 3550.0 0.28938
2050.0 3550.0 0.36518
2150.0 3550.0 0.38629
2250.0 3550.0 0.34010
2350.0 3550.0 0.22854
2450.0 3550.0 0.06841
2550.0 3550.0 -0.11238
2650.0 3550.0 -0.28260
2750.0 3550.0 -0.41959
2850.0 3550.0 -0.52523
2950.0 3550.0 -0.63011
3050.0 3550.0 -0.74347
3150.0 3550.0 -0.84756
3250.0 3550.0 -0.91554
3350.0 3550.0 -0.92406
3450.0 3550.0 -0.86157
3550.0 3550.0 -0.73222
3650.0 3550.0 -0.55544
3750.0 3550.0 -0.36119
3850.0 3550.0 -0.18085
3950.0 3550.0 -0.03372
4050.0 3550.0 0.08890
4150.0 3550.0 0.17946
4250.0 3550.0 0.19937
4350.0 3550.0 0.14004
4450.0 3550.0 0.01696
4550.0 3550.0 -0.13987
4650.0 3550.0 -0.29440
4750.0 3550.0 -0.41181
4850.0 3550.0 -0.46475
4950.0 3550.0 -0.43840
5050.0 3550.0 -0.33448
5150.0 3550.0 -0.17403
5250.0 3550.0 0.00528
5350.0 3550.0 0.18555
5450.0 3550.0 0.34758
5550.0 3550.0 0.46078
5650.0 3550.0 0.49808
5750.0 3550.0 0.44617
5850.0 3550.0 0.31056
5950.0 3550.0 0.11569
6050.0 3550.0 -0.10015
6150.0 3550.0 -0.29489
6250.0 3550.0 -0.43787
6350.0 3550.0 -0.53009
50.0 3650.0 -0.53445
150.0 3650.0 -0.62715
250.0 3650.0 -0.65075
350.0 3650.0 -0.60993
450.0 3650.0 -0.52304
550.0 3650.0 -0.41995
650.0 3650.0 -0.32878
750.0 3650.0 -0.26402
850.0 3650.0 -0.23005
950.0 3650.0 -0.22337
1050.0 3650.0 -0.23478
1150.0 3650.0 -0.25167
1250.0 3650.0 -0.26038
1350.0 3650.0 -0.24867
1450.0 3650.0 -0.20826
1550.0 3650.0 -0.13746
1650.0 3650.0 -0.04391
1750.0 3650.0 0.05847
1850.0 3650.0 0.17240
1950.0 3650.0 0.28718
2050.0 3650.0 0.37767
2150.0 3650.0 0.41816
2250.0 3650.0 0.39210
2350.0 3650.0 0.29741
2450.0 3650.0 0.14763
2550.0 3650.0 -0.03127
2650.0 3650.0 -0.20834
2750.0 3650.0 -0.35941
2850.0 3650.0 -0.48310
2950.0 3650.0 -0.60918
3050.0 3650.0 -0.75186
3150.0 3650.0 -0.89279
3250.0 3650.0 -1.00018
3350.0 3650.0 -1.04437
3450.0 3650.0 -1.00822
3550.0 3650.0 -0.89251
3650.0 3650.0 -0.71612
3750.0 3650.0 -0.51126
3850.0 3650.0 -0.31342
3950.0 3650.0 -0.14638
4050.0 3650.0 -0.00399
4150.0 3650.0 0.10589
4250.0 3650.0 0.14325
4350.0 3650.0 0.09767
4450.0 3650.0 -0.01680
4550.0 3650.0 -0.17069
4650.0 3650.0 -0.32732
4750.0 3650.0 -0.45016
4850.0 3650.0 -0.50932
4950.0 3650.0 -0.48727
5050.0 3650.0 -0.38365
5150.0 3650.0 -0.21929
5250.0 3650.0 -0.03322
5350.0 3650.0 0.16444
5450.0 3650.0 0.36006
5550.0 3650.0 0.52005
5650.0 3650.0 0.60971
5750.0 3650.0 0.60664
5850.0 3650.0 0.50829
5950.0 3650.0 0.33371
6050.0 3650.0 0.11938
6150.0 3650.0 -0.09081
6250.0 3650.0 -0.26139
6350.0 3650.0 -0.38707
50.0 3750.0 -0.53944
150.0 3750.0 -0.60794
250.0 3750.0 -0.61054
350.0 3750.0 -0.55337
450.0 3750.0 -0.45461
550.0 3750.0 -0.34171
650.0 3750.0 -0.24127
750.0 3750.0 -0.16926
850.0 3750.0 -0.13204
950.0 3750.0 -0.12765
1050.0 3750.0 -0.14744
1150.0 3750.0 -0.17806
1250.0 3750.0 -0.20397
1350.0 3750.0 -0.21018
1450.0 3750.0 -0.18552
1550.0 3750.0 -0.12621
1650.0 3750.0 -0.03993
1750.0 3750.0 0.05738
1850.0 3750.0 0.17186
1950.0 3750.0 0.29573
2050.0 3750.0 0.40336
2150.0 3750.0 0.46641
2250.0 3750.0 0.46453
2350.0 3750.0 0.39165
2450.0 3750.0 0.25786
2550.0 3750.0 0.08682
2650.0 3750.0 -0.09122
2750.0 3750.0 -0.25090
2850.0 3750.0 -0.38754
2950.0 3750.0 -0.52946
3050.0 3750.0 -0.69533
3150.0 3750.0 -0.86690
3250.0 3750.0 -1.00869
3350.0 3750.0 -1.08593
3450.0 3750.0 -1.07667
3550.0 3750.0 -0.97831
3650.0 3750.0 -0.80855
3750.0 3750.0 -0.60055
3850.0 3750.0 -0.39258
3950.0 3750.0 -0.21192
4050.0 3750.0 -0.05514
4150.0 3750.0 0.06899
4250.0 3750.0 0.11961
4350.0 3750.0 0.08504
4450.0 3750.0 -0.02177
4550.0 3750.0 -0.17188
4650.0 3750.0 -0.32832
4750.0 3750.0 -0.45350
4850.0 3750.0 -0.51588
4950.0 3750.0 -0.49605
5050.0 3750.0 -0.39219
5150.0 3750.0 -0.22484
5250.0 3750.0 -0.03380
5350.0 3750.0 0.17697
5450.0 3750.0 0.39820
5550.0 3750.0 0.59421
5650.0 3750.0 0.72458
5750.0 3750.0 0.76001
5850.0 3750.0 0.69177
5950.0 3750.0 0.53464
6050.0 3750.0 0.32348
6150.0 3750.0 0.10335
6250.0 3750.0 -0.08678
6350.0 3750.0 -0.23677
50.0 3850.0 -0.49324
150.0 3850.0 -0.52978
250.0 3850.0 -0.50753
350.0 3850.0 -0.43399
450.0 3850.0 -0.32634
550.0 3850.0 -0.20787
650.0 3850.0 -0.10364
750.0 3850.0 -0.03200
850.0 3850.0 -0.00087
950.0 3850.0 -0.00871
1050.0 3850.0 -0.04608
1150.0 3850.0 -0.09780
1250.0 3850.0 -0.14572
1350.0 3850.0 -0.17196
1450.0 3850.0 -0.16284
1550.0 3850.0 -0.11327
1650.0 3850.0 -0.03181
1750.0 3850.0 0.06284
1850.0 3850.0 0.17959
1950.0 3850.0 0.31337
2050.0 3850.0 0.43843
2150.0 3850.0 0.52433
2250.0 3850.0 0.54752
2350.0 3850.0 0.49837
2450.0 3850.0 0.38372
2550.0 3850.0 0.22485
2650.0 3850.0 0.05102
2750.0 3850.0 -0.11156
2850.0 3850.0 -0.25534
2950.0 3850.0 -0.40662
3050.0 3850.0 -0.58728
3150.0 3850.0 -0.77954
3250.0 3850.0 -0.94581
3350.0 3850.0 -1.04794
3450.0 3850.0 -1.06057
3550.0 3850.0 -0.97848
3650.0 3850.0 -0.81792
3750.0 3850.0 -0.61210
3850.0 3850.0 -0.40060
3950.0 3850.0 -0.21294
4050.0 3850.0 -0.04800
4150.0 3850.0 0.08434
4250.0 3850.0 0.14281
4350.0 3850.0 0.11503
4450.0 3850.0 0.01331
4550.0 3850.0 -0.13377
4650.0 3850.0 -0.28919
4750.0 3850.0 -0.41486
4850.0 3850.0 -0.47838
4950.0 3850.0 -0.45933
5050.0 3850.0 -0.35509
5150.0 3850.0 -0.18598
5250.0 3850.0 0.00790
5350.0 3850.0 0.22607
5450.0 3850.0 0.46173
5550.0 3850.0 0.67797
5650.0 3850.0 0.83113
5750.0 3850.0 0.88804
5850.0 3850.0 0.83648
5950.0 3850.0 0.68884
6050.0 3850.0 0.47913
6150.0 3850.0 0.25309
6250.0 3850.0 0.05171
6350.0 3850.0 -0.11218
50.0 3950.0 -0.40667
150.0 3950.0 -0.40821
250.0 3950.0 -0.36034
350.0 3950.0 -0.27190
450.0 3950.0 -0.15840
550.0 3950.0 -0.03805
650.0 3950.0 0.06535
750.0 3950.0 0.13061
850.0 3950.0 0.14862
950.0 3950.0 0.12145
1050.0 3950.0 0.06029
1150.0 3950.0 -0.01705
1250.0 3950.0 -0.08942
1350.0 3950.0 -0.13612
1450.0 3950.0 -0.14139
1550.0 3950.0 -0.09955
1650.0 3950.0 -0.02068
1750.0 3950.0 0.07339
1850.0 3950.0 0.19350
1950.0 3950.0 0.33694
2050.0 3950.0 0.47808
2150.0 3950.0 0.58501
2250.0 3950.0 0.63170
2350.0 3950.0 0.60562
2450.0 3950.0 0.51077
2550.0 3950.0 0.36625
2650.0 3950.0 0.20021
2750.0 3950.0 0.03927
2850.0 3950.0 -0.10659
2950.0 3950.0 -0.26138
3050.0 3950.0 -0.44865
3150.0 3950.0 -0.65121
3250.0 3950.0 -0.83069
3350.0 3950.0 -0.94739
3450.0 3950.0 -0.97413
3550.0 3950.0 -0.90401
3650.0 3950.0 -0.75208
3750.0 3950.0 -0.55100
3850.0 3950.0 -0.34059
3950.0 3950.0 -0.15133
4050.0 3950.0 0.01635
4150.0 3950.0 0.15151
4250.0 3950.0 0.21273
4350.0 3950.0 0.18741
4450.0 3950.0 0.08764
4550.0 3950.0 -0.05816
4650.0 3950.0 -0.21298
4750.0 3950.0 -0.33856
4850.0 3950.0 -0.40226
4950.0 3950.0 -0.38335
5050.0 3950.0 -0.27890
5150.0 3950.0 -0.10917
5250.0 3950.0 0.08562
5350.0 3950.0 0.30574
5450.0 3950.0 0.54481
5550.0 3950.0 0.76541
5650.0 3950.0 0.92296
5750.0 3950.0 0.98330
5850.0 3950.0 0.93347
5950.0 3950.0 0.78551
6050.0 3950.0 0.57349
6150.0 3950.0 0.34365
6250.0 3950.0 0.13762
6350.0 3950.0 -0.03113
50.0 4050.0 -0.30154
150.0 4050.0 -0.26784
250.0 4050.0 -0.19492
350.0 4050.0 -0.09283
450.0 4050.0 0.02479
550.0 4050.0 0.14512
650.0 4050.0 0.24546
750.0 4050.0 0.30152
850.0 4050.0 0.30333
950.0 4050.0 0.25384
1050.0 4050.0 0.16646
1150.0 4050.0 0.06194
1250.0 4050.0 -0.03546
1350.0 4050.0 -0.10231
1450.0 4050.0 -0.12110
1550.0 4050.0 -0.08586
1650.0 4050.0 -0.00847
1750.0 4050.0 0.08598
1850.0 4050.0 0.20983
1950.0 4050.0 0.36245
2050.0 4050.0 0.51847
2150.0 4050.0 0.64487
2250.0 4050.0 0.71356
2350.0 4050.0 0.70949
2450.0 4050.0 0.63416
2550.0 4050.0 0.50461
2650.0 4050.0 0.34785
2750.0 4050.0 0.19073
2850.0 4050.0 0.04528
2950.0 4050.0 -0.11006
3050.0 4050.0 -0.29958
3150.0 4050.0 -0.50671
3250.0 4050.0 -0.69298
3350.0 4050.0 -0.81808
3450.0 4050.0 -0.85391
3550.0 4050.0 -0.79251
3650.0 4050.0 -0.64797
3750.0 4050.0 -0.45223
3850.0 4050.0 -0.24480
3950.0 4050.0 -0.05647
4050.0 4050.0 0.11126
4150.0 4050.0 0.24654
4250.0 4050.0 0.30787
4350.0 4050.0 0.28267
4450.0 4050.0 0.18298
4550.0 4050.0 0.03723
4650.0 4050.0 -0.11758
4750.0 4050.0 -0.24320
4850.0 4050.0 -0.30696
4950.0 4050.0 -0.28810
5050.0 4050.0 -0.18370
5150.0 4050.0 -0.01400
5250.0 4050.0 0.18069
5350.0 4050.0 0.39988
5450.0 4050.0 0.63648
5550.0 4050.0 0.85293
5650.0 4050.0 1.00487
5750.0 4050.0 1.05873
5850.0 4050.0 1.00222
5950.0 4050.0 0.84816
6050.0 4050.0 0.63126
6150.0 4050.0 0.39816
6250.0 4050.0 0.19053
6350.0 4050.0 0.02131
50.0 4150.0 -0.18073
150.0 4150.0 -0.11049
250.0 4150.0 -0.01287
350.0 4150.0 0.10107
450.0 4150.0 0.22005
550.0 4150.0 0.33727
650.0 4150.0 0.43134
750.0 4150.0 0.47503
850.0 4150.0 0.45771
950.0 4150.0 0.38356
1050.0 4150.0 0.26842
1150.0 4150.0 0.13599
1250.0 4150.0 0.01351
1350.0 4150.0 -0.07317
1450.0 4150.0 -0.10514
1550.0 4150.0 -0.07647
1650.0 4150.0 -0.00098
1750.0 4150.0 0.09329
1850.0 4150.0 0.22026
1950.0 4150.0 0.38158
2050.0 4150.0 0.55249
2150.0 4150.0 0.69912
2250.0 4150.0 0.79149
2350.0 4150.0 0.81200
2450.0 4150.0 0.75940
2550.0 4150.0 0.64826
2650.0 4150.0 0.50402
2750.0 4150.0 0.35347
2850.0 4150.0 0.21076
2950.0 4150.0 0.05728
3050.0 4150.0 -0.13160
3150.0 4150.0 -0.34015
3250.0 4150.0 -0.53029
3350.0 4150.0 -0.66163
3450.0 4150.0 -0.70554
3550.0 4150.0 -0.65314
3650.0 4150.0 -0.51738
3750.0 4150.0 -0.32906
3850.0 4150.0 -0.12690
3950.0 4150.0 0.05843
4050.0 4150.0 0.22439
4150.0 4150.0 0.35816
4250.0 4150.0 0.41838
4350.0 4150.0 0.39251
4450.0 4150.0 0.29250
4550.0 4150.0 0.14659
4650.0 4150.0 -0.00842
4750.0 4150.0 -0.13447
4850.0 4150.0 -0.19904
4950.0 4150.0 -0.18146
5050.0 4150.0 -0.07877
5150.0 4150.0 0.08893
5250.0 4150.0 0.28136
5350.0 4150.0 0.49694
5450.0 4150.0 0.72776
5550.0 4150.0 0.93644
5650.0 4150.0 1.07948
5750.0 4150.0 1.12438
5850.0 4150.0 1.05993
5950.0 4150.0 0.89976
6050.0 4150.0 0.67906
6150.0 4150.0 0.44444
6250.0 4150.0 0.23715
6350.0 4150.0 0.06930
50.0 4250.0 -0.03390
150.0 4250.0 0.07288
250.0 4250.0 0.19216
350.0 4250.0 0.31250
450.0 4250.0 0.42597
550.0 4250.0 0.53277
650.0 4250.0 0.61343
750.0 4250.0 0.63831
850.0 4250.0 0.59688
950.0 4250.0 0.49514
1050.0 4250.0 0.35152
1150.0 4250.0 0.19248
1250.0 4250.0 0.04750
1350.0 4250.0 -0.05614
1450.0 4250.0 -0.09919
1550.0 4250.0 -0.07658
1650.0 4250.0 -0.00398
1750.0 4250.0 0.08851
1850.0 4250.0 0.21655
1950.0 4250.0 0.38438
2050.0 4250.0 0.56855
2150.0 4250.0 0.73518
2250.0 4250.0 0.85296
2350.0 4250.0 0.90185
2450.0 4250.0 0.87748
2550.0 4250.0 0.79128
2650.0 4250.0 0.66618
2750.0 4250.0 0.52818
2850.0 4250.0 0.39343
2950.0 4250.0 0.24728
3050.0 4250.0 0.06549
3150.0 4250.0 -0.13749
3250.0 4250.0 -0.32513
3350.0 4250.0 -0.45817
3450.0 4250.0 -0.50823
3550.0 4250.0 -0.46576
3650.0 4250.0 -0.34214
3750.0 4250.0 -0.16612
3850.0 4250.0 0.02558
3950.0 4250.0 0.20327
4050.0 4250.0 0.36340
4150.0 4250.0 0.49214
4250.0 4250.0 0.54889
4350.0 4250.0 0.52124
4450.0 4250.0 0.42082
4550.0 4250.0 0.27518
4650.0 4250.0 0.12034
4750.0 4250.0 -0.00639
4850.0 4250.0 -0.07308
4950.0 4250.0 -0.05934
5050.0 4250.0 0.03784
5150.0 4250.0 0.19881
5250.0 4250.0 0.38389
5350.0 4250.0 0.58992
5450.0 4250.0 0.80815
5550.0 4250.0 1.00230
5650.0 4250.0 1.13087
5750.0 4250.0 1.16345
5850.0 4250.0 1.09041
5950.0 4250.0 0.92609
6050.0 4250.0 0.70542
6150.0 4250.0 0.47400
6250.0 4250.0 0.27158
6350.0 4250.0 0.10899
50.0 4350.0 0.12768
150.0 4350.0 0.26538
250.0 4350.0 0.39869
350.0 4350.0 0.51670
450.0 4350.0 0.61571
550.0 4350.0 0.70330
650.0 4350.0 0.76248
750.0 4350.0 0.76249
850.0 4350.0 0.69394
950.0 4350.0 0.56512
1050.0 4350.0 0.39697
1150.0 4350.0 0.21780
1250.0 4350.0 0.05798
1350.0 4350.0 -0.05551
1450.0 4350.0 -0.10470
1550.0 4350.0 -0.08630
1650.0 4350.0 -0.01758
1750.0 4350.0 0.07111
1850.0 4350.0 0.19697
1950.0 4350.0 0.36669
2050.0 4350.0 0.55902
2150.0 4350.0 0.74125
2250.0 4350.0 0.88184
2350.0 4350.0 0.95901
2450.0 4350.0 0.96540
2550.0 4350.0 0.90880
2650.0 4350.0 0.80884
2750.0 4350.0 0.68975
2850.0 4350.0 0.56916
2950.0 4350.0 0.43697
3050.0 4350.0 0.27021
3150.0 4350.0 0.08151
3250.0 4350.0 -0.09552
3350.0 4350.0 -0.22417
3450.0 4350.0 -0.27744
3550.0 4350.0 -0.24541
3650.0 4350.0 -0.13749
3750.0 4350.0 0.02075
3850.0 4350.0 0.19591
3950.0 4350.0 0.36043
4050.0 4350.0 0.50988
4150.0 4350.0 0.62948
4250.0 4350.0 0.68026
4350.0 4350.0 0.65023
4450.0 4350.0 0.55028
4550.0 4350.0 0.40664
4650.0 4350.0 0.25369
4750.0 4350.0 0.12716
4850.0 4350.0 0.05777
4950.0 4350.0 0.06524
5050.0 4350.0 0.15265
5150.0 4350.0 0.30132
5250.0 4350.0 0.47292
5350.0 4350.0 0.66250
5450.0 4350.0 0.86063
5550.0 4350.0 1.03326
5650.0 4350.0 1.14223
5750.0 4350.0 1.16023
5850.0 4350.0 1.07963
5950.0 4350.0 0.91513
6050.0 4350.0 0.70043
6150.0 4350.0 0.47871
6250.0 4350.0 0.28699
6350.0 4350.0 0.13442
50.0 4450.0 0.28183
150.0 4450.0 0.43840
250.0 4450.0 0.57389
350.0 4450.0 0.67902
450.0 4450.0 0.75473
550.0 4450.0 0.81524
650.0 4450.0 0.84643
750.0 4450.0 0.81822
850.0 4450.0 0.72350
950.0 4450.0 0.57317
1050.0 4450.0 0.38996
1150.0 4450.0 0.20266
1250.0 4450.0 0.04054
1350.0 4450.0 -0.07187
1450.0 4450.0 -0.11969
1550.0 4450.0 -0.10240
1650.0 4450.0 -0.03809
1750.0 4450.0 0.04484
1850.0 4450.0 0.16459
1950.0 4450.0 0.32962
2050.0 4450.0 0.52157
2150.0 4450.0 0.71032
2250.0 4450.0 0.86558
2350.0 4450.0 0.96511
2450.0 4450.0 0.99935
2550.0 4450.0 0.97259
2650.0 4450.0 0.90067
2750.0 4450.0 0.80519
2850.0 4450.0 0.70419
2950.0 4450.0 0.59192
3050.0 4450.0 0.44751
3150.0 4450.0 0.28128
3250.0 4450.0 0.12273
3350.0 4450.0 0.00462
3450.0 4450.0 -0.04842
3550.0 4450.0 -0.02655
3650.0 4450.0 0.06314
3750.0 4450.0 0.19914
3850.0 4450.0 0.35259
3950.0 4450.0 0.49908
4050.0 4450.0 0.63347
4150.0 4450.0 0.74038
4250.0 4450.0 0.78346
4350.0 4450.0 0.75137
4450.0 4450.0 0.65396
4550.0 4450.0 0.51536
4650.0 4450.0 0.36740
4750.0 4450.0 0.24336
4850.0 4450.0 0.17196
4950.0 4450.0 0.17180
5050.0 4450.0 0.24607
5150.0 4450.0 0.37752
5250.0 4450.0 0.53019
5350.0 4450.0 0.69746
5450.0 4450.0 0.86962
5550.0 4450.0 1.01590
5650.0 4450.0 1.10259
5750.0 4450.0 1.10623
5850.0 4450.0 1.02126
5950.0 4450.0 0.86221
6050.0 4450.0 0.66042
6150.0 4450.0 0.45528
6250.0 4450.0 0.27996
6350.0 4450.0 0.14173
50.0 4550.0 0.40571
150.0 4550.0 0.56454
250.0 4550.0 0.68821
350.0 4550.0 0.77008
450.0 4550.0 0.81556
550.0 4550.0 0.84373
650.0 4550.0 0.84339
750.0 4550.0 0.78727
850.0 4550.0 0.67156
950.0 4550.0 0.50963
1050.0 4550.0 0.32499
1150.0 4550.0 0.14514
1250.0 4550.0 -0.00396
1350.0 4550.0 -0.10237
1450.0 4550.0 -0.14009
1550.0 4550.0 -0.12001
1650.0 4550.0 -0.06010
1750.0 4550.0 0.01562
1850.0 4550.0 0.12539
1950.0 4550.0 0.27834
2050.0 4550.0 0.45939
2150.0 4550.0 0.64225
2250.0 4550.0 0.79962
2350.0 4550.0 0.91045
2450.0 4550.0 0.96428
2550.0 4550.0 0.96267
2650.0 4550.0 0.91773
2750.0 4550.0 0.84775
2850.0 4550.0 0.76982
2950.0 4550.0 0.68152
3050.0 4550.0 0.56458
3150.0 4550.0 0.42679
3250.0 4550.0 0.29270
3350.0 4550.0 0.19012
3450.0 4550.0 0.14055
3550.0 4550.0 0.15338
3650.0 4550.0 0.22393
3750.0 4550.0 0.33526
3850.0 4550.0 0.46387
3950.0 4550.0 0.58917
4050.0 4550.0 0.70560
4150.0 4550.0 0.79760
4250.0 4550.0 0.83241
4350.0 4550.0 0.79958
4450.0 4550.0 0.70761
4550.0 4550.0 0.57792
4650.0 4550.0 0.43898
4750.0 4550.0 0.32074
4850.0 4550.0 0.24926
4950.0 4550.0 0.24161
5050.0 4550.0 0.30098
5150.0 4550.0 0.41206
5250.0 4550.0 0.54217
5350.0 4550.0 0.68359
5450.0 4550.0 0.82691
5550.0 4550.0 0.94538
5650.0 4550.0 1.01038
5750.0 4550.0 1.00252
5850.0 4550.0 0.91810
5950.0 4550.0 0.77078
6050.0 4550.0 0.58851
6150.0 4550.0 0.40581
6250.0 4550.0 0.25128
6350.0 4550.0 0.13041
50.0 4650.0 0.48313
150.0 4650.0 0.62645
250.0 4650.0 0.72497
350.0 4650.0 0.77544
450.0 4650.0 0.78703
550.0 4650.0 0.78119
650.0 4650.0 0.74946
750.0 4650.0 0.66926
850.0 4650.0 0.54077
950.0 4650.0 0.37943
1050.0 4650.0 0.20832
1150.0 4650.0 0.05184
1250.0 4650.0 -0.06923
1350.0 4650.0 -0.14142
1450.0 4650.0 -0.16082
1550.0 4650.0 -0.13408
1650.0 4650.0 -0.07801
1750.0 4650.0 -0.01018
1850.0 4650.0 0.08659
1950.0 4650.0 0.22076
2050.0 4650.0 0.38052
2150.0 4650.0 0.54438
2250.0 4650.0 0.68950
2350.0 4650.0 0.79773
2450.0 4650.0 0.85932
2550.0 4650.0 0.87431
2650.0 4650.0 0.85163
2750.0 4650.0 0.80593
2850.0 4650.0 0.75194
2950.0 4650.0 0.68897
3050.0 4650.0 0.60146
3150.0 4650.0 0.49470
3250.0 4650.0 0.38799
3350.0 4650.0 0.30381
3450.0 4650.0 0.26013
3550.0 4650.0 0.26562
3650.0 4650.0 0.31788
3750.0 4650.0 0.40460
3850.0 4650.0 0.50784
3950.0 4650.0 0.61112
4050.0 4650.0 0.70867
4150.0 4650.0 0.78532
4250.0 4650.0 0.81252
4350.0 4650.0 0.78094
4450.0 4650.0 0.69758
4550.0 4650.0 0.58071
4650.0 4650.0 0.45488
4750.0 4650.0 0.34614
4850.0 4650.0 0.27736
4950.0 4650.0 0.26372
5050.0 4650.0 0.30840
5150.0 4650.0 0.39830
5250.0 4650.0 0.50474
5350.0 4650.0 0.61977
5450.0 4650.0 0.73487
5550.0 4650.0 0.82765
5650.0 4650.0 0.87459
5750.0 4650.0 0.86012
5850.0 4650.0 0.78187
5950.0 4650.0 0.65192
6050.0 4650.0 0.49414
6150.0 4650.0 0.33761
6250.0 4650.0 0.20611
6350.0 4650.0 0.10369
50.0 4750.0 0.50854
150.0 4750.0 0.62140
250.0 4750.0 0.68508
350.0 4750.0 0.70002
450.0 4750.0 0.67806
550.0 4750.0 0.64045
650.0 4750.0 0.58100
750.0 4750.0 0.48314
850.0 4750.0 0.35125
950.0 4750.0 0.20222
1050.0 4750.0 0.05755
1150.0 4750.0 -0.06278
1250.0 4750.0 -0.14452
1350.0 4750.0 -0.18163
1450.0 4750.0 -0.17684
1550.0 4750.0 -0.14045
1650.0 4750.0 -0.08724
1750.0 4750.0 -0.02708
1850.0 4750.0 0.05515
1950.0 4750.0 0.16600
2050.0 4750.0 0.29655
2150.0 4750.0 0.43049
2250.0 4750.0 0.55044
2350.0 4750.0 0.64251
2450.0 4750.0 0.69916
2550.0 4750.0 0.72031
2650.0 4750.0 0.71263
2750.0 4750.0 0.68719
2850.0 4750.0 0.65528
2950.0 4750.0 0.61607
3050.0 4750.0 0.55642
3150.0 4750.0 0.47939
3250.0 4750.0 0.39935
3350.0 4750.0 0.33371
3450.0 4750.0 0.29700
3550.0 4750.0 0.29704
3650.0 4750.0 0.33340
3750.0 4750.0 0.39800
3850.0 4750.0 0.47801
3950.0 4750.0 0.56086
4050.0 4750.0 0.64079
4150.0 4750.0 0.70346
4250.0 4750.0 0.72480
4350.0 4750.0 0.69670
4450.0 4750.0 0.62466
4550.0 4750.0 0.52367
4650.0 4750.0 0.41421
4750.0 4750.0 0.31819
4850.0 4750.0 0.25508
4950.0 4750.0 0.23802
5050.0 4750.0 0.27007
5150.0 4750.0 0.34046
5250.0 4750.0 0.42484
5350.0 4750.0 0.51598
5450.0 4750.0 0.60676
5550.0 4750.0 0.67901
5650.0 4750.0 0.71371
5750.0 4750.0 0.69841
5850.0 4750.0 0.63137
5950.0 4750.0 0.52258
6050.0 4750.0 0.39156
6150.0 4750.0 0.26198
6250.0 4750.0 0.15313
6350.0 4750.0 0.06815
50.0 4850.0 0.48794
150.0 4850.0 0.56170
250.0 4850.0 0.58675
350.0 4850.0 0.56708
450.0 4850.0 0.51594
550.0 4850.0 0.45229
650.0 4850.0 0.37160
750.0 4850.0 0.26371
850.0 4850.0 0.13688
950.0 4850.0 0.00875
1050.0 4850.0 -0.10156
1150.0 4850.0 -0.17911
1250.0 4850.0 -0.21652
1350.0 4850.0 -0.21515
1450.0 4850.0 -0.18404
1550.0 4850.0 -0.13660
1650.0 4850.0 -0.08505
1750.0 4850.0 -0.03147
1850.0 4850.0 0.03657
1950.0 4850.0 0.12280
2050.0 4850.0 0.22054
2150.0 4850.0 0.31837
2250.0 4850.0 0.40459
2350.0 4850.0 0.47031
2450.0 4850.0 0.51131
2550.0 4850.0 0.52860
2650.0 4850.0 0.52767
2750.0 4850.0 0.51656
2850.0 4850.0 0.50245
2950.0 4850.0 0.48278
3050.0 4850.0 0.44614
3150.0 4850.0 0.39385
3250.0 4850.0 0.33620
3350.0 4850.0 0.28642
3450.0 4850.0 0.25613
3550.0 4850.0 0.25238
3650.0 4850.0 0.27627
3750.0 4850.0 0.32315
3850.0 4850.0 0.38435
3950.0 4850.0 0.45053
4050.0 4850.0 0.51601
4150.0 4850.0 0.56762
4250.0 4850.0 0.58556
4350.0 4850.0 0.56291
4450.0 4850.0 0.50381
4550.0 4850.0 0.42024
4650.0 4850.0 0.32881
4750.0 4850.0 0.24753
4850.0 4850.0 0.19259
4950.0 4850.0 0.17516
5050.0 4850.0 0.19811
5150.0 4850.0 0.25280
5250.0 4850.0 0.31917
5350.0 4850.0 0.39146
5450.0 4850.0 0.46433
5550.0 4850.0 0.52315
5650.0 4850.0 0.55238
5750.0 4850.0 0.54165
5850.0 4850.0 0.48914
5950.0 4850.0 0.40253
6050.0 4850.0 0.29724
6150.0 4850.0 0.19221
6250.0 4850.0 0.10303
6350.0 4850.0 0.03254
50.0 4950.0 0.43674
150.0 4950.0 0.47085
250.0 4950.0 0.46024
350.0 4950.0 0.41181
450.0 4950.0 0.33909
550.0 4950.0 0.25754
650.0 4950.0 0.16363
750.0 4950.0 0.05304
850.0 4950.0 -0.06290
950.0 4950.0 -0.16645
1050.0 4950.0 -0.24116
1150.0 4950.0 -0.27688
1250.0 4950.0 -0.27238
1350.0 4950.0 -0.23537
1450.0 4950.0 -0.18001
1550.0 4950.0 -0.12199
1650.0 4950.0 -0.07096
1750.0 4950.0 -0.02219
1850.0 4950.0 0.03386
1950.0 4950.0 0.09773
2050.0 4950.0 0.16413
2150.0 4950.0 0.22570
2250.0 4950.0 0.27582
2350.0 4950.0 0.31051
2450.0 4950.0 0.32930
2550.0 4950.0 0.33515
2650.0 4950.0 0.33342
2750.0 4950.0 0.32989
2850.0 4950.0 0.32776
2950.0 4950.0 0.32153
3050.0 4950.0 0.30072
3150.0 4950.0 0.26542
3250.0 4950.0 0.22313
3350.0 4950.0 0.18419
3450.0 4950.0 0.15823
3550.0 4950.0 0.15178
3650.0 4950.0 0.16701
3750.0 4950.0 0.20163
3850.0 4950.0 0.24984
3950.0 4950.0 0.30453
4050.0 4950.0 0.36008
4150.0 4950.0 0.40456
4250.0 4950.0 0.42178
4350.0 4950.0 0.40588
4450.0 4950.0 0.35992
4550.0 4950.0 0.29340
4650.0 4950.0 0.21970
4750.0 4950.0 0.15355
4850.0 4950.0 0.10834
4950.0 4950.0 0.09346
5050.0 4950.0 0.11158
5150.0 4950.0 0.15584
5250.0 4950.0 0.20987
5350.0 4950.0 0.26997
5450.0 4950.0 0.33257
5550.0 4950.0 0.38561
5650.0 4950.0 0.41572
5750.0 4950.0 0.41347
5850.0 4950.0 0.37640
5950.0 4950.0 0.30996
6050.0 4950.0 0.22624
6150.0 4950.0 0.14060
6250.0 4950.0 0.06609
6350.0 4950.0 0.00576
50.0 5050.0 0.37432
150.0 5050.0 0.37553
250.0 5050.0 0.33771
350.0 5050.0 0.26966
450.0 5050.0 0.18439
550.0 5050.0 0.09368
650.0 5050.0 -0.00555
750.0 5050.0 -0.11317
850.0 5050.0 -0.21581
950.0 5050.0 -0.29617
1050.0 5050.0 -0.34017
1150.0 5050.0 -0.34156
1250.0 5050.0 -0.30371
1350.0 5050.0 -0.23888
1450.0 5050.0 -0.16473
1550.0 5050.0 -0.09820
1650.0 5050.0 -0.04678
1750.0 5050.0 -0.00077
1850.0 5050.0 0.04669
1950.0 5050.0 0.09320
2050.0 5050.0 0.13401
2150.0 5050.0 0.16455
2250.0 5050.0 0.18212
2350.0 5050.0 0.18686
2450.0 5050.0 0.18180
2550.0 5050.0 0.17222
2650.0 5050.0 0.16414
2750.0 5050.0 0.16203
2850.0 5050.0 0.16572
2950.0 5050.0 0.16635
3050.0 5050.0 0.15346
3150.0 5050.0 0.12640
3250.0 5050.0 0.09130
3350.0 5050.0 0.05705
3450.0 5050.0 0.03236
3550.0 5050.0 0.02359
3650.0 5050.0 0.03358
3750.0 5050.0 0.06132
3850.0 5050.0 0.10254
3950.0 5050.0 0.15121
4050.0 5050.0 0.20167
4150.0 5050.0 0.24308
4250.0 5050.0 0.26196
4350.0 5050.0 0.25328
4450.0 5050.0 0.21937
4550.0 5050.0 0.16794
4650.0 5050.0 0.11001
4750.0 5050.0 0.05786
4850.0 5050.0 0.02275
4950.0 5050.0 0.01270
5050.0 5050.0 0.03015
5150.0 5050.0 0.06950
5250.0 5050.0 0.11728
5350.0 5050.0 0.17201
5450.0 5050.0 0.23165
5550.0 5050.0 0.28562
5650.0 5050.0 0.32141
5750.0 5050.0 0.32951
5850.0 5050.0 0.30647
5950.0 5050.0 0.25590
6050.0 5050.0 0.18758
6150.0 5050.0 0.11468
6250.0 5050.0 0.04895
6350.0 5050.0 -0.00594
50.0 5150.0 0.31556
150.0 5150.0 0.29342
250.0 5150.0 0.23802
350.0 5150.0 0.15916
450.0 5150.0 0.06894
550.0 5150.0 -0.02408
650.0 5150.0 -0.12285
750.0 5150.0 -0.22430
850.0 5150.0 -0.31399
950.0 5150.0 -0.37528
1050.0 5150.0 -0.39604
1150.0 5150.0 -0.37269
1250.0 5150.0 -0.31165
1350.0 5150.0 -0.22792
1450.0 5150.0 -0.14107
1550.0 5150.0 -0.06855
1650.0 5150.0 -0.01621
1750.0 5150.0 0.02870
1850.0 5150.0 0.07086
1950.0 5150.0 0.10541
2050.0 5150.0 0.12753
2150.0 5150.0 0.13426
2250.0 5150.0 0.12558
2350.0 5150.0 0.10471
2450.0 5150.0 0.07764
2550.0 5150.0 0.05189
2650.0 5150.0 0.03458
2750.0 5150.0 0.02967
2850.0 5150.0 0.03445
2950.0 5150.0 0.03674
3050.0 5150.0 0.02541
3150.0 5150.0 -0.00048
3250.0 5150.0 -0.03517
3350.0 5150.0 -0.06999
3450.0 5150.0 -0.09630
3550.0 5150.0 -0.10753
3650.0 5150.0 -0.10048
3750.0 5150.0 -0.07567
3850.0 5150.0 -0.03691
3950.0 5150.0 0.00999
4050.0 5150.0 0.05916
4150.0 5150.0 0.10063
4250.0 5150.0 0.12275
4350.0 5150.0 0.12111
4450.0 5150.0 0.09763
4550.0 5150.0 0.05883
4650.0 5150.0 0.01419
4750.0 5150.0 -0.02575
4850.0 5150.0 -0.05119
4950.0 5150.0 -0.05512
5050.0 5150.0 -0.03534
5150.0 5150.0 0.00340
5250.0 5150.0 0.04969
5350.0 5150.0 0.10418
5450.0 5150.0 0.16611
5550.0 5150.0 0.22541
5650.0 5150.0 0.26945
5750.0 5150.0 0.28803
5850.0 5150.0 0.27655
5950.0 5150.0 0.23722
6050.0 5150.0 0.17848
6150.0 5150.0 0.11248
6250.0 5150.0 0.05064
6350.0 5150.0 -0.00259
50.0 5250.0 0.25961
150.0 5250.0 0.21772
250.0 5250.0 0.14830
350.0 5250.0 0.06183
450.0 5250.0 -0.03064
550.0 5250.0 -0.12354
650.0 5250.0 -0.21983
750.0 5250.0 -0.31402
850.0 5250.0 -0.39100
950.0 5250.0 -0.43487
1050.0 5250.0 -0.43524
1150.0 5250.0 -0.39084
1250.0 5250.0 -0.31048
1350.0 5250.0 -0.21127
1450.0 5250.0 -0.11413
1550.0 5250.0 -0.03669
1650.0 5250.0 0.01663
1750.0 5250.0 0.06094
1850.0 5250.0 0.09905
1950.0 5250.0 0.12394
2050.0 5250.0 0.13055
2150.0 5250.0 0.11711
2250.0 5250.0 0.08572
2350.0 5250.0 0.04219
2450.0 5250.0 -0.00493
2550.0 5250.0 -0.04600
2650.0 5250.0 -0.07277
2750.0 5250.0 -0.08155
2850.0 5250.0 -0.07718
2950.0 5250.0 -0.07498
3050.0 5250.0 -0.08719
3150.0 5250.0 -0.11504
3250.0 5250.0 -0.15274
3350.0 5250.0 -0.19134
3450.0 5250.0 -0.22177
3550.0 5250.0 -0.23700
3650.0 5250.0 -0.23334
3750.0 5250.0 -0.21098
3850.0 5250.0 -0.17357
3950.0 5250.0 -0.12706
4050.0 5250.0 -0.07777
4150.0 5250.0 -0.03501
4250.0 5250.0 -0.00879
4350.0 5250.0 -0.00293
4450.0 5250.0 -0.01588
4550.0 5250.0 -0.04208
4650.0 5250.0 -0.07346
4750.0 5250.0 -0.10097
4850.0 5250.0 -0.11617
4950.0 5250.0 -0.11298
5050.0 5250.0 -0.08946
5150.0 5250.0 -0.04964
5250.0 5250.0 -0.00305
5350.0 5250.0 0.05285
5450.0 5250.0 0.11826
5550.0 5250.0 0.18332
5650.0 5250.0 0.23503
5750.0 5250.0 0.26245
5850.0 5250.0 0.26001
5950.0 5250.0 0.22893
6050.0 5250.0 0.17677
6150.0 5250.0 0.11514
6250.0 5250.0 0.05547
6350.0 5250.0 0.00289
50.0 5350.0 0.19291
150.0 5350.0 0.12630
250.0 5350.0 0.03960
350.0 5350.0 -0.05583
450.0 5350.0 -0.15028
550.0 5350.0 -0.24207
650.0 5350.0 -0.33435
750.0 5350.0 -0.41876
850.0 5350.0 -0.47959
950.0 5350.0 -0.50207
1050.0 5350.0 -0.47805
1150.0 5350.0 -0.40908
1250.0 5350.0 -0.30677
1350.0 5350.0 -0.19052
1450.0 5350.0 -0.08260
1550.0 5350.0 -0.00060
1650.0 5350.0 0.05282
1750.0 5350.0 0.09566
1850.0 5350.0 0.12960
1950.0 5350.0 0.14614
2050.0 5350.0 0.14025
2150.0 5350.0 0.11127
2250.0 5350.0 0.06305
2350.0 5350.0 0.00333
2450.0 5350.0 -0.05751
2550.0 5350.0 -0.10853
2650.0 5350.0 -0.14089
2750.0 5350.0 -0.15131
2850.0 5350.0 -0.14623
2950.0 5350.0 -0.14391
3050.0 5350.0 -0.15942
3150.0 5350.0 -0.19523
3250.0 5350.0 -0.24535
3350.0 5350.0 -0.29961
3450.0 5350.0 -0.34709
3550.0 5350.0 -0.37866
3650.0 5350.0 -0.38869
3750.0 5350.0 -0.37587
3850.0 5350.0 -0.34328
3950.0 5350.0 -0.29746
4050.0 5350.0 -0.24683
4150.0 5350.0 -0.20085
4250.0 5350.0 -0.16706
4350.0 5350.0 -0.14833
4450.0 5350.0 -0.14354
4550.0 5350.0 -0.14864
4650.0 5350.0 -0.15768
4750.0 5350.0 -0.16395
4850.0 5350.0 -0.16122
4950.0 5350.0 -0.14493
5050.0 5350.0 -0.11359
5150.0 5350.0 -0.07017
5250.0 5350.0 -0.02154
5350.0 5350.0 0.03538
5450.0 5350.0 0.10011
5550.0 5350.0 0.16280
5650.0 5350.0 0.21097
5750.0 5350.0 0.23440
5850.0 5350.0 0.22834
5950.0 5350.0 0.19474
6050.0 5350.0 0.14168
6150.0 5350.0 0.08095
6250.0 5350.0 0.02378
6350.0 5350.0 -0.02530
50.0 5450.0 0.11525
150.0 5450.0 0.01820
250.0 5450.0 -0.08941
350.0 5450.0 -0.19501
450.0 5450.0 -0.29062
550.0 5450.0 -0.37959
650.0 5450.0 -0.46547
750.0 5450.0 -0.53665
850.0 5450.0 -0.57701
950.0 5450.0 -0.57348
1050.0 5450.0 -0.52087
1150.0 5450.0 -0.42409
1250.0 5450.0 -0.29789
1350.0 5450.0 -0.16404
1450.0 5450.0 -0.04598
1550.0 5450.0 0.03916
1650.0 5450.0 0.09094
1750.0 5450.0 0.13069
1850.0 5450.0 0.16022
1950.0 5450.0 0.17064
2050.0 5450.0 0.15748
2150.0 5450.0 0.12112
2250.0 5450.0 0.06645
2350.0 5450.0 0.00205
2450.0 5450.0 -0.06130
2550.0 5450.0 -0.11265
2650.0 5450.0 -0.14363
2750.0 5450.0 -0.15165
2850.0 5450.0 -0.14384
2950.0 5450.0 -0.14070
3050.0 5450.0 -0.16275
3150.0 5450.0 -0.21503
3250.0 5450.0 -0.29112
3350.0 5450.0 -0.37823
3450.0 5450.0 -0.46148
3550.0 5450.0 -0.52725
3650.0 5450.0 -0.56573
3750.0 5450.0 -0.57253
3850.0 5450.0 -0.54945
3950.0 5450.0 -0.50439
4050.0 5450.0 -0.45022
4150.0 5450.0 -0.39799
4250.0 5450.0 -0.35189
4350.0 5450.0 -0.31332
4450.0 5450.0 -0.28172
4550.0 5450.0 -0.25502
4650.0 5450.0 -0.23022
4750.0 5450.0 -0.20398
4850.0 5450.0 -0.17318
4950.0 5450.0 -0.13557
5050.0 5450.0 -0.09042
5150.0 5450.0 -0.03924
5250.0 5450.0 0.01460
5350.0 5450.0 0.07223
5450.0 5450.0 0.12984
5550.0 5450.0 0.17734
5650.0 5450.0 0.20415
5750.0 5450.0 0.20328
5850.0 5450.0 0.17369
5950.0 5450.0 0.12083
6050.0 5450.0 0.05548
6150.0 5450.0 -0.00925
6250.0 5450.0 -0.06266
6350.0 5450.0 -0.10294
50.0 5550.0 0.03846
150.0 5550.0 -0.09030
250.0 5550.0 -0.21921
350.0 5550.0 -0.33436
450.0 5550.0 -0.42964
550.0 5550.0 -0.51393
650.0 5550.0 -0.59136
750.0 5550.0 -0.64715
850.0 5550.0 -0.66518
950.0 5550.0 -0.63456
1050.0 5550.0 -0.55335
1150.0 5550.0 -0.42997
1250.0 5550.0 -0.28216
1350.0 5550.0 -0.13367
1450.0 5550.0 -0.00850
1550.0 5550.0 0.07710
1650.0 5550.0 0.12509
1750.0 5550.0 0.16000
1850.0 5550.0 0.18477
1950.0 5550.0 0.19138
2050.0 5550.0 0.17651
2150.0 5550.0 0.14141
2250.0 5550.0 0.09136
2350.0 5550.0 0.03455
2450.0 5550.0 -0.01926
2550.0 5550.0 -0.06064
2650.0 5550.0 -0.08275
2750.0 5550.0 -0.08402
2850.0 5550.0 -0.07125
2950.0 5550.0 -0.06622
3050.0 5550.0 -0.09670
3150.0 5550.0 -0.17136
3250.0 5550.0 -0.28312
3350.0 5550.0 -0.41547
3450.0 5550.0 -0.54796
3550.0 5550.0 -0.66071
3650.0 5550.0 -0.73804
3750.0 5550.0 -0.77126
3850.0 5550.0 -0.76044
3950.0 5550.0 -0.71538
4050.0 5550.0 -0.65522
4150.0 5550.0 -0.59412
4250.0 5550.0 -0.53278
4350.0 5550.0 -0.47097
4450.0 5550.0 -0.40853
4550.0 5550.0 -0.34538
4650.0 5550.0 -0.28162
4750.0 5550.0 -0.21747
4850.0 5550.0 -0.15322
4950.0 5550.0 -0.08923
5050.0 5550.0 -0.02573
5150.0 5550.0 0.03724
5250.0 5550.0 0.09981
5350.0 5550.0 0.15843
5450.0 5550.0 0.20357
5550.0 5550.0 0.22472
5650.0 5550.0 0.21454
5750.0 5550.0 0.17155
5850.0 5550.0 0.10110
5950.0 5550.0 0.01471
6050.0 5550.0 -0.07222
6150.0 5550.0 -0.14428
6250.0 5550.0 -0.19164
6350.0 5550.0 -0.21720
50.0 5650.0 -0.02199
150.0 5650.0 -0.17742
250.0 5650.0 -0.32363
350.0 5650.0 -0.44546
450.0 5650.0 -0.53847
550.0 5650.0 -0.61653
650.0 5650.0 -0.68446
750.0 5650.0 -0.72505
850.0 5650.0 -0.72268
950.0 5650.0 -0.66881
1050.0 5650.0 -0.56463
1150.0 5650.0 -0.42148
1250.0 5650.0 -0.25930
1350.0 5650.0 -0.10288
1450.0 5650.0 0.02398
1550.0 5650.0 0.10641
1650.0 5650.0 0.14853
1750.0 5650.0 0.17711
1850.0 5650.0 0.19681
1950.0 5650.0 0.20141
2050.0 5650.0 0.18920
2150.0 5650.0 0.16229
2250.0 5650.0 0.12574
2350.0 5650.0 0.08642
2450.0 5650.0 0.05186
2550.0 5650.0 0.02882
2650.0 5650.0 0.02167
2750.0 5650.0 0.03073
2850.0 5650.0 0.05028
2950.0 5650.0 0.05852
3050.0 5650.0 0.02002
3150.0 5650.0 -0.07779
3250.0 5650.0 -0.22706
3350.0 5650.0 -0.40723
3450.0 5650.0 -0.59175
3550.0 5650.0 -0.75394
3650.0 5650.0 -0.87181
3750.0 5650.0 -0.93203
3850.0 5650.0 -0.93285
3950.0 5650.0 -0.88616
4050.0 5650.0 -0.81797
4150.0 5650.0 -0.74661
4250.0 5650.0 -0.67034
4350.0 5650.0 -0.58752
4450.0 5650.0 -0.49804
4550.0 5650.0 -0.40315
4650.0 5650.0 -0.30517
4750.0 5650.0 -0.20702
4850.0 5650.0 -0.11177
4950.0 5650.0 -0.02194
5050.0 5650.0 0.06124
5150.0 5650.0 0.13874
5250.0 5650.0 0.21302
5350.0 5650.0 0.27364
5450.0 5650.0 0.30393
5550.0 5650.0 0.29285
5650.0 5650.0 0.23727
5750.0 5650.0 0.14263
5850.0 5650.0 0.02229
5950.0 5650.0 -0.10467
6050.0 5650.0 -0.21709
6150.0 5650.0 -0.29679
6250.0 5650.0 -0.33509
6350.0 5650.0 -0.34079
50.0 5750.0 -0.05317
150.0 5750.0 -0.22462
250.0 5750.0 -0.38033
350.0 5750.0 -0.50418
450.0 5750.0 -0.59288
550.0 5750.0 -0.66381
650.0 5750.0 -0.72246
750.0 5750.0 -0.75042
850.0 5750.0 -0.73314
950.0 5750.0 -0.66433
1050.0 5750.0 -0.54753
1150.0 5750.0 -0.39594
1250.0 5750.0 -0.23039
1350.0 5750.0 -0.07542
1450.0 5750.0 0.04632
1550.0 5750.0 0.12169
1650.0 5750.0 0.15633
1750.0 5750.0 0.17769
1850.0 5750.0 0.19204
1950.0 5750.0 0.19552
2050.0 5750.0 0.18831
2150.0 5750.0 0.17334
2250.0 5750.0 0.15514
2350.0 5750.0 0.13878
2450.0 5750.0 0.12888
2550.0 5750.0 0.12885
2650.0 5750.0 0.14011
2750.0 5750.0 0.16155
2850.0 5750.0 0.18896
2950.0 5750.0 0.20172
3050.0 5750.0 0.15795
3150.0 5750.0 0.04171
3250.0 5750.0 -0.13839
3350.0 5750.0 -0.35818
3450.0 5750.0 -0.58581
3550.0 5750.0 -0.78866
3650.0 5750.0 -0.93932
3750.0 5750.0 -1.02049
3850.0 5750.0 -1.02893
3950.0 5750.0 -0.97842
4050.0 5750.0 -0.90092
4150.0 5750.0 -0.81953
4250.0 5750.0 -0.73195
4350.0 5750.0 -0.63579
4450.0 5750.0 -0.53053
4550.0 5750.0 -0.41743
4650.0 5750.0 -0.29932
4750.0 5750.0 -0.18008
4850.0 5750.0 -0.06394
4950.0 5750.0 0.04543
5050.0 5750.0 0.14602
5150.0 5750.0 0.23888
5250.0 5750.0 0.32673
5350.0 5750.0 0.39091
5450.0 5750.0 0.40750
5550.0 5750.0 0.36506
5650.0 5750.0 0.26485
5750.0 5750.0 0.11953
5850.0 5750.0 -0.04930
5950.0 5750.0 -0.21490
6050.0 5750.0 -0.35035
6150.0 5750.0 -0.43478
6250.0 5750.0 -0.46084
6350.0 5750.0 -0.44343
50.0 5850.0 -0.04859
150.0 5850.0 -0.22222
250.0 5850.0 -0.37755
350.0 5850.0 -0.49799
450.0 5850.0 -0.58065
550.0 5850.0 -0.64437
650.0 5850.0 -0.69511
750.0 5850.0 -0.71482
850.0 5850.0 -0.69047
950.0 5850.0 -0.61756
1050.0 5850.0 -0.50096
1150.0 5850.0 -0.35430
1250.0 5850.0 -0.19772
1350.0 5850.0 -0.05422
1450.0 5850.0 0.05566
1550.0 5850.0 0.12062
1650.0 5850.0 0.14695
1750.0 5850.0 0.16096
1850.0 5850.0 0.16981
1950.0 5850.0 0.17201
2050.0 5850.0 0.16964
2150.0 5850.0 0.16650
2250.0 5850.0 0.16663
2350.0 5850.0 0.17326
2450.0 5850.0 0.18813
2550.0 5850.0 0.21127
2650.0 5850.0 0.24111
2750.0 5850.0 0.27507
2850.0 5850.0 0.31048
2950.0 5850.0 0.32877
3050.0 5850.0 0.28414
3150.0 5850.0 0.15856
3250.0 5850.0 -0.03879
3350.0 5850.0 -0.28130
3450.0 5850.0 -0.53360
3550.0 5850.0 -0.75926
3650.0 5850.0 -0.92742
3750.0 5850.0 -1.01834
3850.0 5850.0 -1.02794
3950.0 5850.0 -0.97130
4050.0 5850.0 -0.88426
4150.0 5850.0 -0.79451
4250.0 5850.0 -0.70172
4350.0 5850.0 -0.60361
4450.0 5850.0 -0.49867
4550.0 5850.0 -0.38664
4650.0 5850.0 -0.26869
4750.0 5850.0 -0.14727
4850.0 5850.0 -0.02569
4950.0 5850.0 0.09266
5050.0 5850.0 0.20538
5150.0 5850.0 0.31242
5250.0 5850.0 0.41420
5350.0 5850.0 0.48375
5450.0 5850.0 0.49098
5550.0 5850.0 0.42433
5650.0 5850.0 0.28902
5750.0 5850.0 0.10399
5850.0 5850.0 -0.10214
5950.0 5850.0 -0.29619
6050.0 5850.0 -0.44654
6150.0 5850.0 -0.53029
6250.0 5850.0 -0.54144
6350.0 5850.0 -0.50010
50.0 5950.0 -0.00991
150.0 5950.0 -0.17182
250.0 5950.0 -0.31708
350.0 5950.0 -0.42914
450.0 5950.0 -0.50476
550.0 5950.0 -0.56198
650.0 5950.0 -0.60706
750.0 5950.0 -0.62367
850.0 5950.0 -0.60061
950.0 5950.0 -0.53455
1050.0 5950.0 -0.43052
1150.0 5950.0 -0.30112
1250.0 5950.0 -0.16444
1350.0 5950.0 -0.04077
1450.0 5950.0 0.05206
1550.0 5950.0 0.10456
1650.0 5950.0 0.12274
1750.0 5950.0 0.13005
1850.0 5950.0 0.13340
1950.0 5950.0 0.13314
2050.0 5950.0 0.13304
2150.0 5950.0 0.13782
2250.0 5950.0 0.15139
2350.0 5950.0 0.17566
2450.0 5950.0 0.21014
2550.0 5950.0 0.25208
2650.0 5950.0 0.29736
2750.0 5950.0 0.34207
2850.0 5950.0 0.38463
2950.0 5950.0 0.40897
3050.0 5950.0 0.36858
3150.0 5950.0 0.24499
3250.0 5950.0 0.04774
3350.0 5950.0 -0.19573
3450.0 5950.0 -0.44901
3550.0 5950.0 -0.67467
3650.0 5950.0 -0.84103
3750.0 5950.0 -0.92791
3850.0 5950.0 -0.93123
3950.0 5950.0 -0.86656
4050.0 5950.0 -0.77082
4150.0 5950.0 -0.67551
4250.0 5950.0 -0.58466
4350.0 5950.0 -0.49708
4450.0 5950.0 -0.40977
4550.0 5950.0 -0.31943
4650.0 5950.0 -0.22343
4750.0 5950.0 -0.12044
4850.0 5950.0 -0.01068
4950.0 5950.0 0.10425
5050.0 5950.0 0.22198
5150.0 5950.0 0.34032
5250.0 5950.0 0.45484
5350.0 5950.0 0.53136
5450.0 5950.0 0.53577
5550.0 5950.0 0.45671
5650.0 5950.0 0.30235
5750.0 5950.0 0.09600
5850.0 5950.0 -0.12903
5950.0 5950.0 -0.33542
6050.0 5950.0 -0.48876
6150.0 5950.0 -0.56516
6250.0 5950.0 -0.55982
6350.0 5950.0 -0.49637
50.0 6050.0 0.05363
150.0 6050.0 -0.08566
250.0 6050.0 -0.21347
350.0 6050.0 -0.31376
450.0 6050.0 -0.38228
550.0 6050.0 -0.43444
650.0 6050.0 -0.47646
750.0 6050.0 -0.49481
850.0 6050.0 -0.48012
950.0 6050.0 -0.42956
1050.0 6050.0 -0.34725
1150.0 6050.0 -0.24367
1250.0 6050.0 -0.13391
1350.0 6050.0 -0.03489
1450.0 6050.0 0.03849
1550.0 6050.0 0.07826
1650.0 6050.0 0.08941
1750.0 6050.0 0.09133
1850.0 6050.0 0.08933
1950.0 6050.0 0.08465
2050.0 6050.0 0.08230
2150.0 6050.0 0.08804
2250.0 6050.0 0.10622
2350.0 6050.0 0.13841
2450.0 6050.0 0.18300
2550.0 6050.0 0.23564
2650.0 6050.0 0.29053
2750.0 6050.0 0.34264
2850.0 6050.0 0.39068
2950.0 6050.0 0.42093
3050.0 6050.0 0.38945
3150.0 6050.0 0.27903
3250.0 6050.0 0.09929
3350.0 6050.0 -0.12319
3450.0 6050.0 -0.35355
3550.0 6050.0 -0.55628
3650.0 6050.0 -0.70165
3750.0 6050.0 -0.77107
3850.0 6050.0 -0.76130
3950.0 6050.0 -0.68755
4050.0 6050.0 -0.58488
4150.0 6050.0 -0.48731
4250.0 6050.0 -0.40509
4350.0 6050.0 -0.33888
4450.0 6050.0 -0.28393
4550.0 6050.0 -0.23276
4650.0 6050.0 -0.17727
4750.0 6050.0 -0.11053
4850.0 6050.0 -0.02792
4950.0 6050.0 0.07203
5050.0 6050.0 0.18738
5150.0 6050.0 0.31297
5250.0 6050.0 0.43770
5350.0 6050.0 0.52223
5450.0 6050.0 0.53118
5550.0 6050.0 0.45372
5650.0 6050.0 0.29956
5750.0 6050.0 0.09389
5850.0 6050.0 -0.12825
5950.0 6050.0 -0.32834
6050.0 6050.0 -0.47146
6150.0 6050.0 -0.53401
6250.0 6050.0 -0.51208
6350.0 6050.0 -0.43066
50.0 6150.0 0.12806
150.0 6150.0 0.01720
250.0 6150.0 -0.08953
350.0 6150.0 -0.17688
450.0 6150.0 -0.23921
550.0 6150.0 -0.28812
650.0 6150.0 -0.32959
750.0 6150.0 -0.35327
850.0 6150.0 -0.35137
950.0 6150.0 -0.32096
1050.0 6150.0 -0.26459
1150.0 6150.0 -0.19001
1250.0 6150.0 -0.10896
1350.0 6150.0 -0.03495
1450.0 6150.0 0.01979
1550.0 6150.0 0.04840
1650.0 6150.0 0.05438
1750.0 6150.0 0.05263
1850.0 6150.0 0.04556
1950.0 6150.0 0.03409
2050.0 6150.0 0.02393
2150.0 6150.0 0.02199
2250.0 6150.0 0.03375
2350.0 6150.0 0.06164
2450.0 6150.0 0.10441
2550.0 6150.0 0.15755
2650.0 6150.0 0.21466
2750.0 6150.0 0.26986
2850.0 6150.0 0.32122
2950.0 6150.0 0.35664
3050.0 6150.0 0.33741
3150.0 6150.0 0.24902
3250.0 6150.0 0.10090
3350.0 6150.0 -0.08269
3450.0 6150.0 -0.27066
3550.0 6150.0 -0.43188
3650.0 6150.0 -0.54088
3750.0 6150.0 -0.58238
3850.0 6150.0 -0.55467
3950.0 6150.0 -0.47183
4050.0 6150.0 -0.36458
4150.0 6150.0 -0.26792
4250.0 6150.0 -0.19924
4350.0 6150.0 -0.16154
4450.0 6150.0 -0.14826
4550.0 6150.0 -0.14721
4650.0 6150.0 -0.14402
4750.0 6150.0 -0.12511
4850.0 6150.0 -0.08008
4950.0 6150.0 -0.00362
5050.0 6150.0 0.10309
5150.0 6150.0 0.23153
5250.0 6150.0 0.36311
5350.0 6150.0 0.45595
5450.0 6150.0 0.47618
5550.0 6150.0 0.41379
5650.0 6150.0 0.27853
5750.0 6150.0 0.09488
5850.0 6150.0 -0.10345
5950.0 6150.0 -0.27968
6050.0 6150.0 -0.40067
6150.0 6150.0 -0.44427
6250.0 6150.0 -0.40716
6350.0 6150.0 -0.31340
50.0 6250.0 0.19973
150.0 6250.0 0.11775
250.0 6250.0 0.03196
350.0 6250.0 -0.04334
450.0 6250.0 -0.10100
550.0 6250.0 -0.14849
650.0 6250.0 -0.19131
750.0 6250.0 -0.22215
850.0 6250.0 -0.23442
950.0 6250.0 -0.22464
1050.0 6250.0 -0.19351
1150.0 6250.0 -0.14603
1250.0 6250.0 -0.09082
1350.0 6250.0 -0.03846
1450.0 6250.0 0.00095
1550.0 6250.0 0.02119
1650.0 6250.0 0.02413
1750.0 6250.0 0.02041
1850.0 6250.0 0.00860
1950.0 6250.0 -0.01190
2050.0 6250.0 -0.03522
2150.0 6250.0 -0.05321
2250.0 6250.0 -0.05857
2350.0 6250.0 -0.04686
2450.0 6250.0 -0.01754
2550.0 6250.0 0.02612
2650.0 6250.0 0.07819
2750.0 6250.0 0.13228
2850.0 6250.0 0.18480
2950.0 6250.0 0.22429
3050.0 6250.0 0.21890
3150.0 6250.0 0.15775
3250.0 6250.0 0.04989
3350.0 6250.0 -0.08374
3450.0 6250.0 -0.21726
3550.0 6250.0 -0.32557
3650.0 6250.0 -0.38897
3750.0 6250.0 -0.39658
3850.0 6250.0 -0.34862
3950.0 6250.0 -0.25755
4050.0 6250.0 -0.14808
4150.0 6250.0 -0.05479
4250.0 6250.0 -0.00214
4350.0 6250.0 0.00434
4450.0 6250.0 -0.02707
4550.0 6250.0 -0.07958
4650.0 6250.0 -0.13256
4750.0 6250.0 -0.16569
4850.0 6250.0 -0.16260
4950.0 6250.0 -0.11396
5050.0 6250.0 -0.01999
5150.0 6250.0 0.10747
5250.0 6250.0 0.24246
5350.0 6250.0 0.34326
5450.0 6250.0 0.37970
5550.0 6250.0 0.34280
5650.0 6250.0 0.24104
5750.0 6250.0 0.09605
5850.0 6250.0 -0.06233
5950.0 6250.0 -0.20143
6050.0 6250.0 -0.29174
6150.0 6250.0 -0.31346
6250.0 6250.0 -0.26352
6350.0 6250.0 -0.16321
50.0 6350.0 0.26259
150.0 6350.0 0.20714
250.0 6350.0 0.14025
350.0 6350.0 0.07537
450.0 6350.0 0.02102
550.0 6350.0 -0.02626
650.0 6350.0 -0.07144
750.0 6350.0 -0.10984
850.0 6350.0 -0.13567
950.0 6350.0 -0.14474
1050.0 6350.0 -0.13589
1150.0 6350.0 -0.11164
1250.0 6350.0 -0.07795
1350.0 6350.0 -0.04304
1450.0 6350.0 -0.01544
1550.0 6350.0 -0.00109
1650.0 6350.0 0.00039
1750.0 6350.0 -0.00413
1850.0 6350.0 -0.02043
1950.0 6350.0 -0.05141
2050.0 6350.0 -0.09143
2150.0 6350.0 -0.13103
2250.0 6350.0 -0.16063
2350.0 6350.0 -0.17302
2450.0 6350.0 -0.16494
2550.0 6350.0 -0.13745
2650.0 6350.0 -0.09529
2750.0 6350.0 -0.04516
2850.0 6350.0 0.00708
2950.0 6350.0 0.04970
3050.0 6350.0 0.05836
3150.0 6350.0 0.02616
3250.0 6350.0 -0.03832
3350.0 6350.0 -0.11789
3450.0 6350.0 -0.19251
3550.0 6350.0 -0.24378
3650.0 6350.0 -0.25840
3750.0 6350.0 -0.23030
3850.0 6350.0 -0.16182
3950.0 6350.0 -0.06353
4050.0 6350.0 0.04653
4150.0 6350.0 0.13516
4250.0 6350.0 0.17127
4350.0 6350.0 0.14696
4450.0 6350.0 0.07197
4550.0 6350.0 -0.03266
4650.0 6350.0 -0.14045
4750.0 6350.0 -0.22475
4850.0 6350.0 -0.26351
4950.0 6350.0 -0.24350
5050.0 6350.0 -0.16399
5150.0 6350.0 -0.03985
5250.0 6350.0 0.09622
5350.0 6350.0 0.20436
5450.0 6350.0 0.25946
5550.0 6350.0 0.25360
5650.0 6350.0 0.19325
5750.0 6350.0 0.09588
5850.0 6350.0 -0.01395
5950.0 6350.0 -0.10906
6050.0 6350.0 -0.16459
6150.0 6350.0 -0.16354
6250.0 6350.0 -0.10286
6350.0 6350.0 0.00000
