50.0 50.0 0.00000
150.0 50.0 0.37685
250.0 50.0 0.86464
350.0 50.0 1.15478
450.0 50.0 1.01849
550.0 50.0 0.55439
650.0 50.0 0.05983
750.0 50.0 -0.43288
850.0 50.0 -1.02916
950.0 50.0 -1.38979
1050.0 50.0 -1.24001
1150.0 50.0 -0.69458
1250.0 50.0 -0.12766
1350.0 50.0 0.33795
1450.0 50.0 0.69104
1550.0 50.0 0.75432
1650.0 50.0 0.50947
1750.0 50.0 0.16615
1850.0 50.0 0.00173
1950.0 50.0 -0.02313
2050.0 50.0 -0.34451
2150.0 50.0 -0.86105
2250.0 50.0 -1.14632
2350.0 50.0 -0.95049
2450.0 50.0 -0.36972
2550.0 50.0 0.32300
2650.0 50.0 0.95150
2750.0 50.0 1.23837
2850.0 50.0 1.01936
2950.0 50.0 0.48998
3050.0 50.0 0.08347
3150.0 50.0 -0.02276
3250.0 50.0 -0.15685
3350.0 50.0 -0.35209
3450.0 50.0 -0.46043
3550.0 50.0 -0.39101
3650.0 50.0 -0.18659
3750.0 50.0 0.04524
3850.0 50.0 0.29541
3950.0 50.0 0.51094
4050.0 50.0 0.55261
4150.0 50.0 0.39243
4250.0 50.0 0.15737
4350.0 50.0 -0.00852
4450.0 50.0 -0.04938
4550.0 50.0 0.17041
4650.0 50.0 0.47768
4750.0 50.0 0.60811
4850.0 50.0 0.43318
4950.0 50.0 0.03187
5050.0 50.0 -0.45406
5150.0 50.0 -0.97120
5250.0 50.0 -1.21680
5350.0 50.0 -1.00938
5450.0 50.0 -0.51368
5550.0 50.0 -0.07144
5650.0 50.0 0.32011
5750.0 50.0 0.88435
5850.0 50.0 1.31695
5950.0 50.0 1.28029
6050.0 50.0 0.79439
6150.0 50.0 0.18685
6250.0 50.0 -0.32670
6350.0 50.0 -0.50867
50.0 150.0 0.66608
150.0 150.0 1.04252
250.0 150.0 1.48191
350.0 150.0 1.67420
450.0 150.0 1.42538
550.0 150.0 0.87982
650.0 150.0 0.35616
750.0 150.0 -0.16293
850.0 150.0 -0.88172
950.0 150.0 -1.47200
1050.0 150.0 -1.58799
1150.0 150.0 -1.24753
1250.0 150.0 -0.77288
1350.0 150.0 -0.34138
1450.0 150.0 0.02745
1550.0 150.0 0.17664
1650.0 150.0 0.05668
1750.0 150.0 -0.18199
1850.0 150.0 -0.30667
1950.0 150.0 -0.33223
2050.0 150.0 -0.64945
2150.0 150.0 -1.16145
2250.0 150.0 -1.45362
2350.0 150.0 -1.27943
2450.0 150.0 -0.72764
2550.0 150.0 -0.06427
2650.0 150.0 0.52009
2750.0 150.0 0.74821
2850.0 150.0 0.47802
2950.0 150.0 -0.07833
3050.0 150.0 -0.48865
3150.0 150.0 -0.58922
3250.0 150.0 -0.70203
3350.0 150.0 -0.85085
3450.0 150.0 -0.90674
3550.0 150.0 -0.80266
3650.0 150.0 -0.59217
3750.0 150.0 -0.37325
3850.0 150.0 -0.07947
3950.0 150.0 0.34225
4050.0 150.0 0.71865
4150.0 150.0 0.89470
4250.0 150.0 0.86748
4350.0 150.0 0.75618
4450.0 150.0 0.72573
4550.0 150.0 0.92057
4650.0 150.0 1.16865
4750.0 150.0 1.23167
4850.0 150.0 1.01344
4950.0 150.0 0.60589
5050.0 150.0 0.09036
5150.0 150.0 -0.62067
5250.0 150.0 -1.21161
5350.0 150.0 -1.36813
5450.0 150.0 -1.10986
5550.0 150.0 -0.72614
5650.0 150.0 -0.31053
5750.0 150.0 0.36907
5850.0 150.0 1.01940
5950.0 150.0 1.23207
6050.0 150.0 0.93438
6150.0 150.0 0.40517
6250.0 150.0 -0.08798
6350.0 150.0 -0.27497
50.0 250.0 1.14091
150.0 250.0 1.55652
250.0 250.0 1.96014
350.0 250.0 2.01249
450.0 250.0 1.56106
550.0 250.0 0.83931
650.0 250.0 0.22908
750.0 250.0 -0.31356
850.0 250.0 -0.94417
950.0 250.0 -1.38833
1050.0 250.0 -1.42015
1150.0 250.0 -1.12850
1250.0 250.0 -0.81454
1350.0 250.0 -0.56835
1450.0 250.0 -0.29888
1550.0 250.0 -0.08537
1650.0 250.0 -0.00481
1750.0 250.0 -0.03411
1850.0 250.0 -0.07340
1950.0 250.0 -0.10514
2050.0 250.0 -0.38993
2150.0 250.0 -0.85252
2250.0 250.0 -1.14584
2350.0 250.0 -1.05284
2450.0 250.0 -0.63402
2550.0 250.0 -0.11264
2650.0 250.0 0.31919
2750.0 250.0 0.42807
2850.0 250.0 0.12975
2950.0 250.0 -0.37077
3050.0 250.0 -0.71162
3150.0 250.0 -0.77729
3250.0 250.0 -0.85253
3350.0 250.0 -0.97580
3450.0 250.0 -1.05858
3550.0 250.0 -1.03849
3650.0 250.0 -0.93029
3750.0 250.0 -0.79456
3850.0 250.0 -0.53797
3950.0 250.0 -0.00434
4050.0 250.0 0.66072
4150.0 250.0 1.20780
4250.0 250.0 1.47496
4350.0 250.0 1.50284
4450.0 250.0 1.53628
4550.0 250.0 1.66167
4650.0 250.0 1.70459
4750.0 250.0 1.52191
4850.0 250.0 1.14365
4950.0 250.0 0.71763
5050.0 250.0 0.19919
5150.0 250.0 -0.65470
5250.0 250.0 -1.50906
5350.0 250.0 -1.93199
5450.0 250.0 -1.82486
5550.0 250.0 -1.44234
5650.0 250.0 -0.96589
5750.0 250.0 -0.17596
5850.0 250.0 0.65656
5950.0 250.0 1.09516
6050.0 250.0 1.00706
6150.0 250.0 0.62354
6250.0 250.0 0.22980
6350.0 250.0 0.05590
50.0 350.0 1.16062
150.0 350.0 1.66186
250.0 350.0 2.10115
350.0 350.0 2.07948
450.0 350.0 1.45285
550.0 350.0 0.54046
650.0 350.0 -0.18900
750.0 350.0 -0.75294
850.0 350.0 -1.11486
950.0 350.0 -1.09095
1050.0 350.0 -0.73935
1150.0 350.0 -0.36383
1250.0 350.0 -0.27050
1350.0 350.0 -0.34321
1450.0 350.0 -0.29757
1550.0 350.0 -0.08908
1650.0 350.0 0.19880
1750.0 350.0 0.42610
1850.0 350.0 0.49607
1950.0 350.0 0.45394
2050.0 350.0 0.23962
2150.0 350.0 -0.10376
2250.0 350.0 -0.35510
2350.0 350.0 -0.36474
2450.0 350.0 -0.15641
2550.0 350.0 0.12674
2650.0 350.0 0.32374
2750.0 350.0 0.29084
2850.0 350.0 0.02342
2950.0 350.0 -0.31686
3050.0 350.0 -0.50953
3150.0 350.0 -0.51336
3250.0 350.0 -0.52842
3350.0 350.0 -0.61851
3450.0 350.0 -0.76078
3550.0 350.0 -0.89523
3650.0 350.0 -0.96646
3750.0 350.0 -0.97274
3850.0 350.0 -0.86065
3950.0 350.0 -0.43111
4050.0 350.0 0.28032
4150.0 350.0 1.03717
4250.0 350.0 1.56489
4350.0 350.0 1.78568
4450.0 350.0 1.94402
4550.0 350.0 2.02680
4650.0 350.0 1.84453
4750.0 350.0 1.36830
4850.0 350.0 0.79478
4950.0 350.0 0.35476
5050.0 350.0 -0.12981
5150.0 350.0 -1.00462
5250.0 350.0 -1.91382
5350.0 350.0 -2.37254
5450.0 350.0 -2.24438
5550.0 350.0 -1.78598
5650.0 350.0 -1.22702
5750.0 350.0 -0.40982
5850.0 350.0 0.42112
5950.0 350.0 0.89314
6050.0 350.0 0.90973
6150.0 350.0 0.68880
6250.0 350.0 0.46472
6350.0 350.0 0.35045
50.0 450.0 0.74104
150.0 450.0 1.34838
250.0 450.0 1.91343
350.0 450.0 1.96614
450.0 450.0 1.31414
550.0 450.0 0.30484
650.0 450.0 -0.52218
750.0 450.0 -1.10759
850.0 450.0 -1.19029
950.0 450.0 -0.67971
1050.0 450.0 0.07187
1150.0 450.0 0.53738
1250.0 450.0 0.40471
1350.0 450.0 -0.00042
1450.0 450.0 -0.22242
1550.0 450.0 -0.09506
1650.0 450.0 0.31829
1750.0 450.0 0.74472
1850.0 450.0 0.90371
1950.0 450.0 0.85160
2050.0 450.0 0.72957
2150.0 450.0 0.55394
2250.0 450.0 0.40120
2350.0 450.0 0.32962
2450.0 450.0 0.33936
2550.0 450.0 0.37912
2650.0 450.0 0.35150
2750.0 450.0 0.21702
2850.0 450.0 0.03958
2950.0 450.0 -0.08690
3050.0 450.0 -0.10427
3150.0 450.0 -0.04209
3250.0 450.0 0.01666
3350.0 450.0 -0.00362
3450.0 450.0 -0.15715
3550.0 450.0 -0.40612
3650.0 450.0 -0.63898
3750.0 450.0 -0.78869
3850.0 450.0 -0.88135
3950.0 450.0 -0.76011
4050.0 450.0 -0.30390
4150.0 450.0 0.38248
4250.0 450.0 1.01572
4350.0 450.0 1.40603
4450.0 450.0 1.71433
4550.0 450.0 1.84812
4650.0 450.0 1.58840
4750.0 450.0 0.96463
4850.0 450.0 0.28563
4950.0 450.0 -0.14697
5050.0 450.0 -0.57582
5150.0 450.0 -1.35357
5250.0 450.0 -2.10929
5350.0 450.0 -2.38200
5450.0 450.0 -2.08354
5550.0 450.0 -1.50515
5650.0 450.0 -0.87633
5750.0 450.0 -0.14833
5850.0 450.0 0.45301
5950.0 450.0 0.70276
6050.0 450.0 0.64328
6150.0 450.0 0.52804
6250.0 450.0 0.48138
6350.0 450.0 0.47338
50.0 550.0 0.23353
150.0 550.0 0.92598
250.0 550.0 1.65658
350.0 550.0 1.90057
450.0 550.0 1.38015
550.0 550.0 0.40350
650.0 550.0 -0.46206
750.0 550.0 -1.07136
850.0 550.0 -1.04118
950.0 550.0 -0.34076
1050.0 550.0 0.53398
1150.0 550.0 0.96525
1250.0 550.0 0.65953
1350.0 550.0 0.03805
1450.0 550.0 -0.38188
1550.0 550.0 -0.36032
1650.0 550.0 0.07117
1750.0 550.0 0.57917
1850.0 550.0 0.77861
1950.0 550.0 0.72123
2050.0 550.0 0.68051
2150.0 550.0 0.66292
2250.0 550.0 0.63558
2350.0 550.0 0.57337
2450.0 550.0 0.47615
2550.0 550.0 0.36170
2650.0 550.0 0.20375
2750.0 550.0 0.03948
2850.0 550.0 -0.03398
2950.0 550.0 0.01546
3050.0 550.0 0.12857
3150.0 550.0 0.23519
3250.0 550.0 0.36199
3350.0 550.0 0.44895
3450.0 550.0 0.37584
3550.0 550.0 0.13159
3650.0 550.0 -0.16443
3750.0 550.0 -0.40091
3850.0 550.0 -0.66576
3950.0 550.0 -0.88933
4050.0 550.0 -0.81840
4150.0 550.0 -0.38677
4250.0 550.0 0.19505
4350.0 550.0 0.67274
4450.0 550.0 1.10121
4550.0 550.0 1.37445
4650.0 550.0 1.23873
4750.0 550.0 0.69436
4850.0 550.0 0.05523
4950.0 550.0 -0.34803
5050.0 550.0 -0.73084
5150.0 550.0 -1.38764
5250.0 550.0 -1.94101
5350.0 550.0 -1.98411
5450.0 550.0 -1.50285
5550.0 550.0 -0.82682
5650.0 550.0 -0.16521
5750.0 550.0 0.41292
5850.0 550.0 0.68691
5950.0 550.0 0.59135
6050.0 550.0 0.33782
6150.0 550.0 0.24157
6250.0 550.0 0.31205
6350.0 550.0 0.42144
50.0 650.0 0.00966
150.0 650.0 0.74240
250.0 650.0 1.60779
350.0 650.0 2.05725
450.0 650.0 1.73180
550.0 650.0 0.86700
650.0 650.0 0.01793
750.0 650.0 -0.61817
850.0 650.0 -0.69439
950.0 650.0 -0.19526
1050.0 650.0 0.43859
1150.0 650.0 0.67340
1250.0 650.0 0.26622
1350.0 650.0 -0.41306
1450.0 650.0 -0.90360
1550.0 650.0 -0.95059
1650.0 650.0 -0.56286
1750.0 650.0 -0.06994
1850.0 650.0 0.12685
1950.0 650.0 0.06976
2050.0 650.0 0.07693
2150.0 650.0 0.16158
2250.0 650.0 0.24254
2350.0 650.0 0.24311
2450.0 650.0 0.14380
2550.0 650.0 -0.00768
2650.0 650.0 -0.18623
2750.0 650.0 -0.32583
2850.0 650.0 -0.33072
2950.0 650.0 -0.20125
3050.0 650.0 -0.03856
3150.0 650.0 0.08151
3250.0 650.0 0.25689
3350.0 650.0 0.46541
3450.0 650.0 0.54502
3550.0 650.0 0.41995
3650.0 650.0 0.16901
3750.0 650.0 -0.08149
3850.0 650.0 -0.42338
3950.0 650.0 -0.85437
4050.0 650.0 -1.06186
4150.0 650.0 -0.86573
4250.0 650.0 -0.39404
4350.0 650.0 0.08844
4450.0 650.0 0.57702
4550.0 650.0 1.01713
4650.0 650.0 1.12684
4750.0 650.0 0.81699
4850.0 650.0 0.32040
4950.0 650.0 -0.04513
5050.0 650.0 -0.41372
5150.0 650.0 -1.02539
5250.0 650.0 -1.50187
5350.0 650.0 -1.45958
5450.0 650.0 -0.91386
5550.0 650.0 -0.20798
5650.0 650.0 0.45099
5750.0 650.0 0.90736
5850.0 650.0 0.93552
5950.0 650.0 0.56908
6050.0 650.0 0.13503
6150.0 650.0 -0.00048
6250.0 650.0 0.10417
6350.0 650.0 0.30309
50.0 750.0 -0.02042
150.0 750.0 0.71860
250.0 750.0 1.66848
350.0 750.0 2.28728
450.0 750.0 2.16139
550.0 750.0 1.44905
650.0 750.0 0.66585
750.0 750.0 0.03158
850.0 750.0 -0.21587
950.0 750.0 -0.06413
1050.0 750.0 0.18337
1150.0 750.0 0.15682
1250.0 750.0 -0.31371
1350.0 750.0 -0.97136
1450.0 750.0 -1.46126
1550.0 750.0 -1.53990
1650.0 750.0 -1.20253
1750.0 750.0 -0.75166
1850.0 750.0 -0.56754
1950.0 750.0 -0.61654
2050.0 750.0 -0.57773
2150.0 750.0 -0.42891
2250.0 750.0 -0.26919
2350.0 750.0 -0.20335
2450.0 750.0 -0.26963
2550.0 750.0 -0.40910
2650.0 750.0 -0.55868
2750.0 750.0 -0.64797
2850.0 750.0 -0.60500
2950.0 750.0 -0.45207
3050.0 750.0 -0.29447
3150.0 750.0 -0.19308
3250.0 750.0 0.00562
3350.0 750.0 0.33126
3450.0 750.0 0.59274
3550.0 750.0 0.63916
3650.0 750.0 0.48032
3750.0 750.0 0.24131
3850.0 750.0 -0.14529
3950.0 750.0 -0.73297
4050.0 750.0 -1.17374
4150.0 750.0 -1.19553
4250.0 750.0 -0.84503
4350.0 750.0 -0.38117
4450.0 750.0 0.14685
4550.0 750.0 0.74832
4650.0 750.0 1.11525
4750.0 750.0 1.05903
4850.0 750.0 0.71584
4950.0 750.0 0.38225
5050.0 750.0 0.01103
5150.0 750.0 -0.59891
5250.0 750.0 -1.06963
5350.0 750.0 -1.02117
5450.0 750.0 -0.47270
5550.0 750.0 0.23113
5650.0 750.0 0.87383
5750.0 750.0 1.23364
5850.0 750.0 1.08322
5950.0 750.0 0.52397
6050.0 750.0 -0.04032
6150.0 750.0 -0.21127
6250.0 750.0 -0.09127
6350.0 750.0 0.18445
50.0 850.0 0.12378
150.0 850.0 0.77446
250.0 850.0 1.63320
350.0 850.0 2.27014
450.0 850.0 2.32705
550.0 850.0 1.89135
650.0 850.0 1.35527
750.0 850.0 0.89036
850.0 850.0 0.55523
950.0 850.0 0.34334
1050.0 850.0 0.14698
1150.0 850.0 -0.15124
1250.0 850.0 -0.59528
1350.0 850.0 -1.09324
1450.0 850.0 -1.46160
1550.0 850.0 -1.50724
1650.0 850.0 -1.22128
1750.0 850.0 -0.83988
1850.0 850.0 -0.66467
1950.0 850.0 -0.67275
2050.0 850.0 -0.61633
2150.0 850.0 -0.47901
2250.0 850.0 -0.33453
2350.0 850.0 -0.26015
2450.0 850.0 -0.28344
2550.0 850.0 -0.35798
2650.0 850.0 -0.39750
2750.0 850.0 -0.36328
2850.0 850.0 -0.27650
2950.0 850.0 -0.19547
3050.0 850.0 -0.17569
3150.0 850.0 -0.21010
3250.0 850.0 -0.09113
3350.0 850.0 0.29946
3450.0 850.0 0.76690
3550.0 850.0 1.05767
3650.0 850.0 1.04730
3750.0 850.0 0.82442
3850.0 850.0 0.36756
3950.0 850.0 -0.44759
4050.0 850.0 -1.21409
4150.0 850.0 -1.52719
4250.0 850.0 -1.32569
4350.0 850.0 -0.86912
4450.0 850.0 -0.29246
4550.0 850.0 0.43807
4650.0 850.0 0.98103
4750.0 850.0 1.07500
4850.0 850.0 0.80325
4950.0 850.0 0.46560
5050.0 850.0 0.07379
5150.0 850.0 -0.54346
5250.0 850.0 -1.00981
5350.0 850.0 -0.95632
5450.0 850.0 -0.41356
5550.0 850.0 0.27026
5650.0 850.0 0.87716
5750.0 850.0 1.14621
5850.0 850.0 0.87877
5950.0 850.0 0.24104
6050.0 850.0 -0.32858
6150.0 850.0 -0.44804
6250.0 850.0 -0.26178
6350.0 850.0 0.08405
50.0 950.0 0.34873
150.0 950.0 0.80594
250.0 950.0 1.34612
350.0 950.0 1.76259
450.0 950.0 1.89573
550.0 950.0 1.80350
650.0 950.0 1.68148
750.0 950.0 1.56524
850.0 950.0 1.30119
950.0 950.0 0.84803
1050.0 950.0 0.30140
1150.0 950.0 -0.17451
1250.0 950.0 -0.47014
1350.0 950.0 -0.67140
1450.0 950.0 -0.81101
1550.0 950.0 -0.78708
1650.0 950.0 -0.58611
1750.0 950.0 -0.32565
1850.0 950.0 -0.16422
1950.0 950.0 -0.09914
2050.0 950.0 -0.04356
2150.0 950.0 -0.00361
2250.0 950.0 0.01905
2350.0 950.0 0.03527
2450.0 950.0 0.06080
2550.0 950.0 0.10388
2650.0 950.0 0.25608
2750.0 950.0 0.48844
2850.0 950.0 0.61678
2950.0 950.0 0.53190
3050.0 950.0 0.28168
3150.0 950.0 -0.00622
3250.0 950.0 -0.09180
3350.0 950.0 0.24626
3450.0 950.0 0.85226
3550.0 950.0 1.37879
3650.0 950.0 1.53108
3750.0 950.0 1.32350
3850.0 950.0 0.80405
3950.0 950.0 -0.18979
4050.0 950.0 -1.19427
4150.0 950.0 -1.70169
4250.0 950.0 -1.58011
4350.0 950.0 -1.10211
4450.0 950.0 -0.47910
4550.0 950.0 0.29696
4650.0 950.0 0.85124
4750.0 950.0 0.90827
4850.0 950.0 0.57427
4950.0 950.0 0.18470
5050.0 950.0 -0.24482
5150.0 950.0 -0.87353
5250.0 950.0 -1.32818
5350.0 950.0 -1.26157
5450.0 950.0 -0.72679
5550.0 950.0 -0.07920
5650.0 950.0 0.47429
5750.0 950.0 0.67297
5850.0 950.0 0.37846
5950.0 950.0 -0.19132
6050.0 950.0 -0.61830
6150.0 950.0 -0.59150
6250.0 950.0 -0.29229
6350.0 950.0 0.06693
50.0 1050.0 0.46224
150.0 1050.0 0.69090
250.0 1050.0 0.79691
350.0 1050.0 0.82644
450.0 1050.0 0.89207
550.0 1050.0 1.07803
650.0 1050.0 1.38333
750.0 1050.0 1.66708
850.0 1050.0 1.60788
950.0 1050.0 1.12663
1050.0 1050.0 0.45440
1150.0 1050.0 -0.03831
1250.0 1050.0 -0.11768
1350.0 1050.0 0.00342
1450.0 1050.0 0.09504
1550.0 1050.0 0.15745
1650.0 1050.0 0.22234
1750.0 1050.0 0.31880
1850.0 1050.0 0.45363
1950.0 1050.0 0.59746
2050.0 1050.0 0.64245
2150.0 1050.0 0.55413
2250.0 1050.0 0.41675
2350.0 1050.0 0.34814
2450.0 1050.0 0.41807
2550.0 1050.0 0.58894
2650.0 1050.0 0.94978
2750.0 1050.0 1.39690
2850.0 1050.0 1.56870
2950.0 1050.0 1.30124
3050.0 1050.0 0.75568
3150.0 1050.0 0.19039
3250.0 1050.0 -0.15412
3350.0 1050.0 0.01904
3450.0 1050.0 0.62536
3550.0 1050.0 1.27464
3650.0 1050.0 1.53479
3750.0 1050.0 1.33491
3850.0 1050.0 0.79996
3950.0 1050.0 -0.19924
4050.0 1050.0 -1.17780
4150.0 1050.0 -1.62725
4250.0 1050.0 -1.43952
4350.0 1050.0 -0.91073
4450.0 1050.0 -0.25759
4550.0 1050.0 0.47745
4650.0 1050.0 0.89656
4750.0 1050.0 0.76548
4850.0 1050.0 0.27226
4950.0 1050.0 -0.19485
5050.0 1050.0 -0.66431
5150.0 1050.0 -1.29874
5250.0 1050.0 -1.72861
5350.0 1050.0 -1.63493
5450.0 1050.0 -1.10034
5550.0 1050.0 -0.48990
5650.0 1050.0 0.00933
5750.0 1050.0 0.16169
5850.0 1050.0 -0.10314
5950.0 1050.0 -0.53212
6050.0 1050.0 -0.75570
6150.0 1050.0 -0.55330
6250.0 1050.0 -0.13787
6350.0 1050.0 0.15517
50.0 1150.0 0.35965
150.0 1150.0 0.41981
250.0 1150.0 0.17281
350.0 1150.0 -0.15496
450.0 1150.0 -0.22883
550.0 1150.0 0.08957
650.0 1150.0 0.67470
750.0 1150.0 1.24556
850.0 1150.0 1.39976
950.0 1150.0 1.03217
1050.0 1150.0 0.41843
1150.0 1150.0 0.01432
1250.0 1150.0 0.11494
1350.0 1150.0 0.45550
1450.0 1150.0 0.67622
1550.0 1150.0 0.70302
1650.0 1150.0 0.60204
1750.0 1150.0 0.53210
1850.0 1150.0 0.62937
1950.0 1150.0 0.82716
2050.0 1150.0 0.86772
2150.0 1150.0 0.69742
2250.0 1150.0 0.45765
2350.0 1150.0 0.33684
2450.0 1150.0 0.44005
2550.0 1150.0 0.69950
2650.0 1150.0 1.20964
2750.0 1150.0 1.81873
2850.0 1150.0 2.03856
2950.0 1150.0 1.66023
3050.0 1150.0 0.91791
3150.0 1150.0 0.16134
3250.0 1150.0 -0.38640
3350.0 1150.0 -0.40091
3450.0 1150.0 0.10206
3550.0 1150.0 0.74371
3650.0 1150.0 1.03052
3750.0 1150.0 0.82984
3850.0 1150.0 0.32965
3950.0 1150.0 -0.50984
4050.0 1150.0 -1.22446
4150.0 1150.0 -1.40129
4250.0 1150.0 -1.03576
4350.0 1150.0 -0.44831
4450.0 1150.0 0.21728
4550.0 1150.0 0.88699
4650.0 1150.0 1.15259
4750.0 1150.0 0.83137
4850.0 1150.0 0.19098
4950.0 1150.0 -0.33815
5050.0 1150.0 -0.83355
5150.0 1150.0 -1.46257
5250.0 1150.0 -1.85878
5350.0 1150.0 -1.72883
5450.0 1150.0 -1.18264
5550.0 1150.0 -0.59453
5650.0 1150.0 -0.13336
5750.0 1150.0 -0.01779
5850.0 1150.0 -0.27150
5950.0 1150.0 -0.61385
6050.0 1150.0 -0.70461
6150.0 1150.0 -0.38355
6250.0 1150.0 0.10632
6350.0 1150.0 0.29110
50.0 1250.0 0.08549
150.0 1250.0 0.08793
250.0 1250.0 -0.29728
350.0 1250.0 -0.78523
450.0 1250.0 -0.95392
550.0 1250.0 -0.62823
650.0 1250.0 0.03433
750.0 1250.0 0.69808
850.0 1250.0 0.94891
950.0 1250.0 0.67375
1050.0 1250.0 0.14075
1150.0 1250.0 -0.19285
1250.0 1250.0 -0.02369
1350.0 1250.0 0.37943
1450.0 1250.0 0.59550
1550.0 1250.0 0.52109
1650.0 1250.0 0.26469
1750.0 1250.0 0.06641
1850.0 1250.0 0.12429
1950.0 1250.0 0.33879
2050.0 1250.0 0.39214
2150.0 1250.0 0.22893
2250.0 1250.0 -0.00258
2350.0 1250.0 -0.10810
2450.0 1250.0 0.01829
2550.0 1250.0 0.30616
2650.0 1250.0 0.87310
2750.0 1250.0 1.56037
2850.0 1250.0 1.83228
2950.0 1250.0 1.45127
3050.0 1250.0 0.66320
3150.0 1250.0 -0.15106
3250.0 1250.0 -0.77844
3350.0 1250.0 -0.90258
3450.0 1250.0 -0.50429
3550.0 1250.0 0.06997
3650.0 1250.0 0.33128
3750.0 1250.0 0.12612
3850.0 1250.0 -0.31958
3950.0 1250.0 -0.95262
4050.0 1250.0 -1.34913
4150.0 1250.0 -1.21814
4250.0 1250.0 -0.67073
4350.0 1250.0 -0.04252
4450.0 1250.0 0.62826
4550.0 1250.0 1.28403
4650.0 1250.0 1.51244
4750.0 1250.0 1.14280
4850.0 1250.0 0.46340
4950.0 1250.0 -0.08337
5050.0 1250.0 -0.58450
5150.0 1250.0 -1.19929
5250.0 1250.0 -1.56290
5350.0 1250.0 -1.39819
5450.0 1250.0 -0.83267
5550.0 1250.0 -0.24697
5650.0 1250.0 0.19781
5750.0 1250.0 0.26589
5850.0 1250.0 -0.05477
5950.0 1250.0 -0.44975
6050.0 1250.0 -0.55650
6150.0 1250.0 -0.21807
6250.0 1250.0 0.28939
6350.0 1250.0 0.38775
50.0 1350.0 -0.20245
150.0 1350.0 -0.20589
250.0 1350.0 -0.61620
350.0 1350.0 -1.14755
450.0 1350.0 -1.36327
550.0 1350.0 -1.07092
650.0 1350.0 -0.42117
750.0 1350.0 0.23996
850.0 1350.0 0.50549
950.0 1350.0 0.26553
1050.0 1350.0 -0.22385
1150.0 1350.0 -0.52363
1250.0 1350.0 -0.34128
1350.0 1350.0 0.05765
1450.0 1350.0 0.21090
1550.0 1350.0 0.00602
1650.0 1350.0 -0.40076
1750.0 1350.0 -0.70810
1850.0 1350.0 -0.68600
1950.0 1350.0 -0.46584
2050.0 1350.0 -0.38574
2150.0 1350.0 -0.50086
2250.0 1350.0 -0.68393
2350.0 1350.0 -0.76141
2450.0 1350.0 -0.63366
2550.0 1350.0 -0.35783
2650.0 1350.0 0.20805
2750.0 1350.0 0.92329
2850.0 1350.0 1.25156
2950.0 1350.0 0.93452
3050.0 1350.0 0.19101
3150.0 1350.0 -0.60286
3250.0 1350.0 -1.23322
3350.0 1350.0 -1.40712
3450.0 1350.0 -1.09405
3550.0 1350.0 -0.60401
3650.0 1350.0 -0.38936
3750.0 1350.0 -0.60017
3850.0 1350.0 -0.99394
3950.0 1350.0 -1.44216
4050.0 1350.0 -1.56045
4150.0 1350.0 -1.16609
4250.0 1350.0 -0.46841
4350.0 1350.0 0.18772
4450.0 1350.0 0.86831
4550.0 1350.0 1.56330
4650.0 1350.0 1.85488
4750.0 1350.0 1.54870
4850.0 1350.0 0.90921
4950.0 1350.0 0.37283
5050.0 1350.0 -0.12475
5150.0 1350.0 -0.72814
5250.0 1350.0 -1.07575
5350.0 1350.0 -0.89812
5450.0 1350.0 -0.32802
5550.0 1350.0 0.25449
5650.0 1350.0 0.68909
5750.0 1350.0 0.71544
5850.0 1350.0 0.31737
5950.0 1350.0 -0.16616
6050.0 1350.0 -0.34034
6150.0 1350.0 -0.03115
6250.0 1350.0 0.46095
6350.0 1350.0 0.48874
50.0 1450.0 -0.24146
150.0 1450.0 -0.24735
250.0 1450.0 -0.65000
350.0 1450.0 -1.18511
450.0 1450.0 -1.43372
550.0 1450.0 -1.19870
650.0 1450.0 -0.61097
750.0 1450.0 -0.00972
850.0 1450.0 0.20747
950.0 1450.0 -0.03995
1050.0 1450.0 -0.48861
1150.0 1450.0 -0.72860
1250.0 1450.0 -0.50796
1350.0 1450.0 -0.10068
1450.0 1450.0 -0.02737
1550.0 1450.0 -0.40632
1650.0 1450.0 -1.00442
1750.0 1450.0 -1.43262
1850.0 1450.0 -1.42304
1950.0 1450.0 -1.15657
2050.0 1450.0 -1.00256
2150.0 1450.0 -1.06258
2250.0 1450.0 -1.27397
2350.0 1450.0 -1.46611
2450.0 1450.0 -1.47944
2550.0 1450.0 -1.32948
2650.0 1450.0 -0.90893
2750.0 1450.0 -0.28745
2850.0 1450.0 0.09978
2950.0 1450.0 -0.01336
3050.0 1450.0 -0.52471
3150.0 1450.0 -1.14253
3250.0 1450.0 -1.64383
3350.0 1450.0 -1.80979
3450.0 1450.0 -1.62957
3550.0 1450.0 -1.33468
3650.0 1450.0 -1.24959
3750.0 1450.0 -1.47486
3850.0 1450.0 -1.82980
3950.0 1450.0 -2.15551
4050.0 1450.0 -2.09124
4150.0 1450.0 -1.52193
4250.0 1450.0 -0.71964
4350.0 1450.0 -0.03625
4450.0 1450.0 0.68049
4550.0 1450.0 1.50154
4650.0 1450.0 1.99402
4750.0 1450.0 1.89206
4850.0 1450.0 1.38606
4950.0 1450.0 0.89242
5050.0 1450.0 0.40708
5150.0 1450.0 -0.21111
5250.0 1450.0 -0.62304
5350.0 1450.0 -0.55020
5450.0 1450.0 -0.08571
5550.0 1450.0 0.42778
5650.0 1450.0 0.82898
5750.0 1450.0 0.91693
5850.0 1450.0 0.66932
5950.0 1450.0 0.34002
6050.0 1450.0 0.23791
6150.0 1450.0 0.50932
6250.0 1450.0 0.91305
6350.0 1450.0 0.82598
50.0 1550.0 -0.01019
150.0 1550.0 -0.01265
250.0 1550.0 -0.35795
350.0 1550.0 -0.83013
450.0 1550.0 -1.07312
550.0 1550.0 -0.90844
650.0 1550.0 -0.43537
750.0 1550.0 0.04034
850.0 1550.0 0.13638
950.0 1550.0 -0.16796
1050.0 1550.0 -0.57909
1150.0 1550.0 -0.72858
1250.0 1550.0 -0.43950
1350.0 1550.0 -0.00406
1450.0 1550.0 0.00728
1550.0 1550.0 -0.52067
1650.0 1550.0 -1.27043
1750.0 1550.0 -1.76874
1850.0 1550.0 -1.72111
1950.0 1550.0 -1.35860
2050.0 1550.0 -1.05920
2150.0 1550.0 -1.01899
2250.0 1550.0 -1.30307
2350.0 1550.0 -1.74076
2450.0 1550.0 -2.04664
2550.0 1550.0 -2.15505
2650.0 1550.0 -2.06389
2750.0 1550.0 -1.71927
2850.0 1550.0 -1.32412
2950.0 1550.0 -1.11581
3050.0 1550.0 -1.19775
3150.0 1550.0 -1.46010
3250.0 1550.0 -1.66871
3350.0 1550.0 -1.72948
3450.0 1550.0 -1.69536
3550.0 1550.0 -1.68715
3650.0 1550.0 -1.80864
3750.0 1550.0 -2.05614
3850.0 1550.0 -2.40255
3950.0 1550.0 -2.73233
4050.0 1550.0 -2.67810
4150.0 1550.0 -2.11350
4250.0 1550.0 -1.30319
4350.0 1550.0 -0.60090
4450.0 1550.0 0.16453
4550.0 1550.0 1.13173
4650.0 1550.0 1.85346
4750.0 1550.0 1.98717
4850.0 1550.0 1.64172
4950.0 1550.0 1.20971
5050.0 1550.0 0.75339
5150.0 1550.0 0.12814
5250.0 1550.0 -0.37402
5350.0 1550.0 -0.47139
5450.0 1550.0 -0.19328
5550.0 1550.0 0.18764
5650.0 1550.0 0.52316
5750.0 1550.0 0.75486
5850.0 1550.0 0.84929
5950.0 1550.0 0.87416
6050.0 1550.0 0.94746
6150.0 1550.0 1.15139
6250.0 1550.0 1.38769
6350.0 1550.0 1.20417
50.0 1650.0 0.27576
150.0 1650.0 0.28215
250.0 1650.0 0.02750
350.0 1650.0 -0.33087
450.0 1650.0 -0.52520
550.0 1650.0 -0.41491
650.0 1650.0 -0.06775
750.0 1650.0 0.26203
850.0 1650.0 0.21388
950.0 1650.0 -0.16362
1050.0 1650.0 -0.53923
1150.0 1650.0 -0.58940
1250.0 1650.0 -0.22276
1350.0 1650.0 0.25264
1450.0 1650.0 0.25819
1550.0 1650.0 -0.30775
1650.0 1650.0 -1.07737
1750.0 1650.0 -1.54172
1850.0 1650.0 -1.40850
1950.0 1650.0 -0.93186
2050.0 1650.0 -0.44254
2150.0 1650.0 -0.23700
2250.0 1650.0 -0.54458
2350.0 1650.0 -1.21872
2450.0 1650.0 -1.84348
2550.0 1650.0 -2.25102
2650.0 1650.0 -2.56788
2750.0 1650.0 -2.61292
2850.0 1650.0 -2.29926
2950.0 1650.0 -1.79493
3050.0 1650.0 -1.41522
3150.0 1650.0 -1.26897
3250.0 1650.0 -1.12035
3350.0 1650.0 -1.00401
3450.0 1650.0 -1.06149
3550.0 1650.0 -1.31603
3650.0 1650.0 -1.64092
3750.0 1650.0 -1.90953
3850.0 1650.0 -2.27735
3950.0 1650.0 -2.72417
4050.0 1650.0 -2.85077
4150.0 1650.0 -2.45155
4250.0 1650.0 -1.72282
4350.0 1650.0 -1.01489
4450.0 1650.0 -0.22168
4550.0 1650.0 0.78799
4650.0 1650.0 1.56893
4750.0 1650.0 1.76892
4850.0 1650.0 1.48172
4950.0 1650.0 1.09187
5050.0 1650.0 0.67894
5150.0 1650.0 0.10128
5250.0 1650.0 -0.40664
5350.0 1650.0 -0.59630
5450.0 1650.0 -0.46405
5550.0 1650.0 -0.21692
5650.0 1650.0 0.03612
5750.0 1650.0 0.38407
5850.0 1650.0 0.77698
5950.0 1650.0 1.10210
6050.0 1650.0 1.29984
6150.0 1650.0 1.39925
6250.0 1650.0 1.45183
6350.0 1650.0 1.27380
50.0 1750.0 0.36584
150.0 1750.0 0.38208
250.0 1750.0 0.21075
350.0 1750.0 -0.03589
450.0 1750.0 -0.16584
550.0 1750.0 -0.07759
650.0 1750.0 0.18109
750.0 1750.0 0.40374
850.0 1750.0 0.25389
950.0 1750.0 -0.16862
1050.0 1750.0 -0.50806
1150.0 1750.0 -0.47797
1250.0 1750.0 -0.05187
1350.0 1750.0 0.45871
1450.0 1750.0 0.51046
1550.0 1750.0 0.01935
1650.0 1750.0 -0.64581
1750.0 1750.0 -0.99694
1850.0 1750.0 -0.76866
1950.0 1750.0 -0.20403
2050.0 1750.0 0.46063
2150.0 1750.0 0.86798
2250.0 1750.0 0.64095
2350.0 1750.0 -0.13073
2450.0 1750.0 -0.95930
2550.0 1750.0 -1.58716
2650.0 1750.0 -2.22983
2750.0 1750.0 -2.62555
2850.0 1750.0 -2.45419
2950.0 1750.0 -1.79986
3050.0 1750.0 -1.11093
3150.0 1750.0 -0.66530
3250.0 1750.0 -0.23917
3350.0 1750.0 0.04838
3450.0 1750.0 -0.02036
3550.0 1750.0 -0.41883
3650.0 1750.0 -0.86805
3750.0 1750.0 -1.14889
3850.0 1750.0 -1.54555
3950.0 1750.0 -2.12575
4050.0 1750.0 -2.45657
4150.0 1750.0 -2.24631
4250.0 1750.0 -1.61576
4350.0 1750.0 -0.91045
4450.0 1750.0 -0.12752
4550.0 1750.0 0.77680
4650.0 1750.0 1.37904
4750.0 1750.0 1.40516
4850.0 1750.0 1.02334
4950.0 1750.0 0.63319
5050.0 1750.0 0.26505
5150.0 1750.0 -0.20500
5250.0 1750.0 -0.58897
5350.0 1750.0 -0.71074
5450.0 1750.0 -0.59556
5550.0 1750.0 -0.42178
5650.0 1750.0 -0.24052
5750.0 1750.0 0.10962
5850.0 1750.0 0.56035
5950.0 1750.0 0.92412
6050.0 1750.0 1.08253
6150.0 1750.0 1.06061
6250.0 1750.0 0.98638
6350.0 1750.0 0.92195
50.0 1850.0 0.14809
150.0 1850.0 0.17004
250.0 1850.0 0.03949
350.0 1850.0 -0.14871
450.0 1850.0 -0.23677
550.0 1850.0 -0.14449
650.0 1850.0 0.08532
750.0 1850.0 0.27132
850.0 1850.0 0.09766
950.0 1850.0 -0.31730
1050.0 1850.0 -0.61775
1150.0 1850.0 -0.54081
1250.0 1850.0 -0.08777
1350.0 1850.0 0.44014
1450.0 1850.0 0.54949
1550.0 1850.0 0.16883
1650.0 1850.0 -0.36201
1750.0 1850.0 -0.60086
1850.0 1850.0 -0.31254
1950.0 1850.0 0.28830
2050.0 1850.0 1.06511
2150.0 1850.0 1.65680
2250.0 1850.0 1.59608
2350.0 1850.0 0.89752
2450.0 1850.0 0.04028
2550.0 1850.0 -0.66543
2650.0 1850.0 -1.44937
2750.0 1850.0 -2.03315
2850.0 1850.0 -1.99387
2950.0 1850.0 -1.35325
3050.0 1850.0 -0.58440
3150.0 1850.0 -0.03355
3250.0 1850.0 0.50276
3350.0 1850.0 0.88241
3450.0 1850.0 0.85217
3550.0 1850.0 0.43973
3650.0 1850.0 -0.03469
3750.0 1850.0 -0.31730
3850.0 1850.0 -0.72272
3950.0 1850.0 -1.34509
4050.0 1850.0 -1.74062
4150.0 1850.0 -1.59005
4250.0 1850.0 -0.99012
4350.0 1850.0 -0.28490
4450.0 1850.0 0.45925
4550.0 1850.0 1.17002
4650.0 1850.0 1.45475
4750.0 1850.0 1.16466
4850.0 1850.0 0.59211
4950.0 1850.0 0.16602
5050.0 1850.0 -0.16977
5150.0 1850.0 -0.50886
5250.0 1850.0 -0.68500
5350.0 1850.0 -0.60911
5450.0 1850.0 -0.38456
5550.0 1850.0 -0.20470
5650.0 1850.0 -0.06468
5750.0 1850.0 0.16735
5850.0 1850.0 0.40779
5950.0 1850.0 0.52528
6050.0 1850.0 0.48312
6150.0 1850.0 0.35491
6250.0 1850.0 0.24372
6350.0 1850.0 0.33143
50.0 1950.0 -0.20021
150.0 1950.0 -0.17754
250.0 1950.0 -0.30009
350.0 1950.0 -0.47558
450.0 1950.0 -0.55277
550.0 1950.0 -0.45660
650.0 1950.0 -0.23003
750.0 1950.0 -0.04673
850.0 1950.0 -0.20746
950.0 1950.0 -0.59120
1050.0 1950.0 -0.85322
1150.0 1950.0 -0.74693
1250.0 1950.0 -0.28312
1350.0 1950.0 0.25312
1450.0 1950.0 0.42090
1550.0 1950.0 0.15404
1650.0 1950.0 -0.25045
1750.0 1950.0 -0.40143
1850.0 1950.0 -0.08748
1950.0 1950.0 0.51121
2050.0 1950.0 1.34374
2150.0 1950.0 2.07506
2250.0 1950.0 2.19173
2350.0 1950.0 1.63593
2450.0 1950.0 0.83840
2550.0 1950.0 0.13433
2650.0 1950.0 -0.68090
2750.0 1950.0 -1.34398
2850.0 1950.0 -1.40718
2950.0 1950.0 -0.85110
3050.0 1950.0 -0.12015
3150.0 1950.0 0.42932
3250.0 1950.0 0.98158
3350.0 1950.0 1.40481
3450.0 1950.0 1.43418
3550.0 1950.0 1.07423
3650.0 1950.0 0.62696
3750.0 1950.0 0.34849
3850.0 1950.0 -0.04696
3950.0 1950.0 -0.63540
4050.0 1950.0 -0.98092
4150.0 1950.0 -0.78405
4250.0 1950.0 -0.15871
4350.0 1950.0 0.55002
4450.0 1950.0 1.24620
4550.0 1950.0 1.74896
4650.0 1950.0 1.69758
4750.0 1950.0 1.07281
4850.0 1950.0 0.29541
4950.0 1950.0 -0.17546
5050.0 1950.0 -0.48520
5150.0 1950.0 -0.68900
5250.0 1950.0 -0.63134
5350.0 1950.0 -0.31254
5450.0 1950.0 0.06895
5550.0 1950.0 0.28747
5650.0 1950.0 0.39853
5750.0 1950.0 0.45323
5850.0 1950.0 0.35759
5950.0 1950.0 0.10069
6050.0 1950.0 -0.20796
6150.0 1950.0 -0.42575
6250.0 1950.0 -0.52679
6350.0 1950.0 -0.29616
50.0 2050.0 -0.23103
150.0 2050.0 -0.22412
250.0 2050.0 -0.37134
350.0 2050.0 -0.59475
450.0 2050.0 -0.74336
550.0 2050.0 -0.72440
650.0 2050.0 -0.56124
750.0 2050.0 -0.43559
850.0 2050.0 -0.65283
950.0 2050.0 -1.06469
1050.0 2050.0 -1.31194
1150.0 2050.0 -1.16609
1250.0 2050.0 -0.67175
1350.0 2050.0 -0.09724
1450.0 2050.0 0.24981
1550.0 2050.0 0.27970
1650.0 2050.0 0.14345
1750.0 2050.0 0.11094
1850.0 2050.0 0.37787
1950.0 2050.0 0.85951
2050.0 2050.0 1.57451
2150.0 2050.0 2.23696
2250.0 2050.0 2.36958
2350.0 2050.0 1.88856
2450.0 2050.0 1.15542
2550.0 2050.0 0.47805
2650.0 2050.0 -0.33606
2750.0 2050.0 -1.04798
2850.0 2050.0 -1.20383
2950.0 2050.0 -0.74706
3050.0 2050.0 -0.07894
3150.0 2050.0 0.44880
3250.0 2050.0 1.02650
3350.0 2050.0 1.56884
3450.0 2050.0 1.78373
3550.0 2050.0 1.60123
3650.0 2050.0 1.25329
3750.0 2050.0 0.99366
3850.0 2050.0 0.61865
3950.0 2050.0 0.08274
4050.0 2050.0 -0.19761
4150.0 2050.0 0.04716
4250.0 2050.0 0.68615
4350.0 2050.0 1.38146
4450.0 2050.0 2.01261
4550.0 2050.0 2.29998
4650.0 2050.0 1.93004
4750.0 2050.0 1.01281
4850.0 2050.0 0.07822
4950.0 2050.0 -0.40433
5050.0 2050.0 -0.64856
5150.0 2050.0 -0.63266
5250.0 2050.0 -0.25180
5350.0 2050.0 0.34892
5450.0 2050.0 0.85957
5550.0 2050.0 1.05061
5650.0 2050.0 1.05556
5750.0 2050.0 0.83173
5850.0 2050.0 0.30225
5950.0 2050.0 -0.38573
6050.0 2050.0 -0.97035
6150.0 2050.0 -1.26635
6250.0 2050.0 -1.34809
6350.0 2050.0 -0.97688
50.0 2150.0 0.11529
150.0 2150.0 0.09140
250.0 2150.0 -0.08655
350.0 2150.0 -0.37606
450.0 2150.0 -0.64310
550.0 2150.0 -0.77170
650.0 2150.0 -0.74589
750.0 2150.0 -0.75419
850.0 2150.0 -1.11661
950.0 2150.0 -1.62275
1050.0 2150.0 -1.86925
1150.0 2150.0 -1.65589
1250.0 2150.0 -1.09893
1350.0 2150.0 -0.45069
1450.0 2150.0 0.18460
1550.0 2150.0 0.64538
1650.0 2150.0 0.83626
1750.0 2150.0 0.86349
1850.0 2150.0 0.94732
1950.0 2150.0 1.15486
2050.0 2150.0 1.53742
2150.0 2150.0 1.89587
2250.0 2150.0 1.88396
2350.0 2150.0 1.43074
2450.0 2150.0 0.78536
2550.0 2150.0 0.16754
2650.0 2150.0 -0.59394
2750.0 2150.0 -1.28745
2850.0 2150.0 -1.48441
2950.0 2150.0 -1.11118
3050.0 2150.0 -0.51973
3150.0 2150.0 -0.03615
3250.0 2150.0 0.55716
3350.0 2150.0 1.24345
3450.0 2150.0 1.70239
3550.0 2150.0 1.76497
3650.0 2150.0 1.56094
3750.0 2150.0 1.33315
3850.0 2150.0 0.98740
3950.0 2150.0 0.50892
4050.0 2150.0 0.28322
4150.0 2150.0 0.54845
4250.0 2150.0 1.16816
4350.0 2150.0 1.82386
4450.0 2150.0 2.38437
4550.0 2150.0 2.52493
4650.0 2150.0 1.98876
4750.0 2150.0 0.96581
4850.0 2150.0 0.01948
4950.0 2150.0 -0.41040
5050.0 2150.0 -0.54714
5150.0 2150.0 -0.26867
5250.0 2150.0 0.42717
5350.0 2150.0 1.22272
5450.0 2150.0 1.72908
5550.0 2150.0 1.77329
5650.0 2150.0 1.57855
5750.0 2150.0 1.04668
5850.0 2150.0 0.16378
5950.0 2150.0 -0.79135
6050.0 2150.0 -1.49254
6150.0 2150.0 -1.79488
6250.0 2150.0 -1.85138
6350.0 2150.0 -1.40646
50.0 2250.0 0.52067
150.0 2250.0 0.47034
250.0 2250.0 0.31145
350.0 2250.0 0.03671
450.0 2250.0 -0.27708
550.0 2250.0 -0.52385
650.0 2250.0 -0.65100
750.0 2250.0 -0.82255
850.0 2250.0 -1.35363
950.0 2250.0 -1.95727
1050.0 2250.0 -2.18266
1150.0 2250.0 -1.87230
1250.0 2250.0 -1.23400
1350.0 2250.0 -0.50655
1450.0 2250.0 0.37980
1550.0 2250.0 1.15948
1650.0 2250.0 1.50824
1750.0 2250.0 1.42809
1850.0 2250.0 1.22135
1950.0 2250.0 1.09100
2050.0 2250.0 1.08428
2150.0 2250.0 1.11385
2250.0 2250.0 0.97969
2350.0 2250.0 0.60457
2450.0 2250.0 0.08534
2550.0 2250.0 -0.45700
2650.0 2250.0 -1.12840
2750.0 2250.0 -1.73366
2850.0 2250.0 -1.89516
2950.0 2250.0 -1.55251
3050.0 2250.0 -1.02172
3150.0 2250.0 -0.59028
3250.0 2250.0 -0.02343
3350.0 2250.0 0.70248
3450.0 2250.0 1.26893
3550.0 2250.0 1.46118
3650.0 2250.0 1.34528
3750.0 2250.0 1.14474
3850.0 2250.0 0.82533
3950.0 2250.0 0.38287
4050.0 2250.0 0.17226
4150.0 2250.0 0.41332
4250.0 2250.0 0.98129
4350.0 2250.0 1.58324
4450.0 2250.0 2.09555
4550.0 2250.0 2.22724
4650.0 2250.0 1.76597
4750.0 2250.0 0.89289
4850.0 2250.0 0.10506
4950.0 2250.0 -0.22046
5050.0 2250.0 -0.25063
5150.0 2250.0 0.20465
5250.0 2250.0 1.02907
5350.0 2250.0 1.78941
5450.0 2250.0 2.10703
5550.0 2250.0 1.91891
5650.0 2250.0 1.50554
5750.0 2250.0 0.80435
5850.0 2250.0 -0.10574
5950.0 2250.0 -0.93061
6050.0 2250.0 -1.44647
6150.0 2250.0 -1.64633
6250.0 2250.0 -1.68163
6350.0 2250.0 -1.28053
50.0 2350.0 0.63145
150.0 2350.0 0.57486
250.0 2350.0 0.50339
350.0 2350.0 0.36275
450.0 2350.0 0.13807
550.0 2350.0 -0.12117
650.0 2350.0 -0.34855
750.0 2350.0 -0.64554
850.0 2350.0 -1.28800
950.0 2350.0 -1.92853
1050.0 2350.0 -2.09356
1150.0 2350.0 -1.67649
1250.0 2350.0 -0.96476
1350.0 2350.0 -0.18587
1450.0 2350.0 0.79831
1550.0 2350.0 1.62519
1650.0 2350.0 1.86184
1750.0 2350.0 1.52195
1850.0 2350.0 1.02282
1950.0 2350.0 0.62805
2050.0 2350.0 0.37087
2150.0 2350.0 0.27021
2250.0 2350.0 0.19870
2350.0 2350.0 0.01073
2450.0 2350.0 -0.35698
2550.0 2350.0 -0.83600
2650.0 2350.0 -1.42070
2750.0 2350.0 -1.91577
2850.0 2350.0 -1.99614
2950.0 2350.0 -1.63299
3050.0 2350.0 -1.12925
3150.0 2350.0 -0.73801
3250.0 2350.0 -0.24083
3350.0 2350.0 0.36947
3450.0 2350.0 0.81481
3550.0 2350.0 0.92578
3650.0 2350.0 0.78438
3750.0 2350.0 0.59261
3850.0 2350.0 0.28730
3950.0 2350.0 -0.15079
4050.0 2350.0 -0.38574
4150.0 2350.0 -0.19799
4250.0 2350.0 0.30968
4350.0 2350.0 0.86575
4450.0 2350.0 1.36351
4550.0 2350.0 1.59240
4650.0 2350.0 1.35974
4750.0 2350.0 0.77472
4850.0 2350.0 0.21686
4950.0 2350.0 -0.00233
5050.0 2350.0 0.03186
5150.0 2350.0 0.51437
5250.0 2350.0 1.24147
5350.0 2350.0 1.76299
5450.0 2350.0 1.79092
5550.0 2350.0 1.37982
5650.0 2350.0 0.81555
5750.0 2350.0 0.14798
5850.0 2350.0 -0.45847
5950.0 2350.0 -0.81456
6050.0 2350.0 -0.92204
6150.0 2350.0 -0.95309
6250.0 2350.0 -0.97808
6350.0 2350.0 -0.70293
50.0 2450.0 0.30239
150.0 2450.0 0.26110
250.0 2450.0 0.31460
350.0 2450.0 0.37956
450.0 2450.0 0.34629
550.0 2450.0 0.18092
650.0 2450.0 -0.06286
750.0 2450.0 -0.40673
850.0 2450.0 -1.06291
950.0 2450.0 -1.65889
1050.0 2450.0 -1.73366
1150.0 2450.0 -1.22738
1250.0 2450.0 -0.47143
1350.0 2450.0 0.31751
1450.0 2450.0 1.23983
1550.0 2450.0 1.87755
1650.0 2450.0 1.82618
1750.0 2450.0 1.20015
1850.0 2450.0 0.51556
1950.0 2450.0 0.01601
2050.0 2450.0 -0.25490
2150.0 2450.0 -0.20438
2250.0 2450.0 0.00240
2350.0 2450.0 0.09103
2450.0 2450.0 -0.13155
2550.0 2450.0 -0.57911
2650.0 2450.0 -1.11951
2750.0 2450.0 -1.54718
2850.0 2450.0 -1.56540
2950.0 2450.0 -1.16977
3050.0 2450.0 -0.66604
3150.0 2450.0 -0.29150
3250.0 2450.0 0.12313
3350.0 2450.0 0.52380
3450.0 2450.0 0.69220
3550.0 2450.0 0.56732
3650.0 2450.0 0.31070
3750.0 2450.0 0.10857
3850.0 2450.0 -0.19549
3950.0 2450.0 -0.64826
4050.0 2450.0 -0.91810
4150.0 2450.0 -0.77587
4250.0 2450.0 -0.30648
4350.0 2450.0 0.22823
4450.0 2450.0 0.73201
4550.0 2450.0 1.05452
4650.0 2450.0 1.00335
4750.0 2450.0 0.62458
4850.0 2450.0 0.21567
4950.0 2450.0 0.05279
5050.0 2450.0 0.09787
5150.0 2450.0 0.50200
5250.0 2450.0 1.03016
5350.0 2450.0 1.28438
5450.0 2450.0 1.08003
5550.0 2450.0 0.54500
5650.0 2450.0 -0.06358
5750.0 2450.0 -0.57700
5850.0 2450.0 -0.78517
5950.0 2450.0 -0.64032
6050.0 2450.0 -0.35894
6150.0 2450.0 -0.24637
6250.0 2450.0 -0.27098
6350.0 2450.0 -0.10810
50.0 2550.0 -0.27408
150.0 2550.0 -0.29254
250.0 2550.0 -0.11538
350.0 2550.0 0.16102
450.0 2550.0 0.34625
550.0 2550.0 0.32088
650.0 2550.0 0.11177
750.0 2550.0 -0.22569
850.0 2550.0 -0.83492
950.0 2550.0 -1.34456
1050.0 2550.0 -1.32700
1150.0 2550.0 -0.75962
1250.0 2550.0 0.01149
1350.0 2550.0 0.78164
1450.0 2550.0 1.57095
1550.0 2550.0 1.94170
1650.0 2550.0 1.58100
1750.0 2550.0 0.72383
1850.0 2550.0 -0.04855
1950.0 2550.0 -0.54733
2050.0 2550.0 -0.68966
2150.0 2550.0 -0.33436
2250.0 2550.0 0.25371
2350.0 2550.0 0.64740
2450.0 2550.0 0.55376
2550.0 2550.0 0.11665
2650.0 2550.0 -0.41261
2750.0 2550.0 -0.81757
2850.0 2550.0 -0.81039
2950.0 2550.0 -0.39738
3050.0 2550.0 0.11073
3150.0 2550.0 0.47983
3250.0 2550.0 0.81844
3350.0 2550.0 1.00149
3450.0 2550.0 0.86956
3550.0 2550.0 0.47998
3650.0 2550.0 0.08821
3750.0 2550.0 -0.13074
3850.0 2550.0 -0.43766
3950.0 2550.0 -0.90559
4050.0 2550.0 -1.20172
4150.0 2550.0 -1.08779
4250.0 2550.0 -0.63795
4350.0 2550.0 -0.11085
4450.0 2550.0 0.39756
4550.0 2550.0 0.75844
4650.0 2550.0 0.77577
4750.0 2550.0 0.46967
4850.0 2550.0 0.10844
4950.0 2550.0 -0.04139
5050.0 2550.0 -0.01265
5150.0 2550.0 0.28734
5250.0 2550.0 0.62864
5350.0 2550.0 0.68338
5450.0 2550.0 0.34564
5550.0 2550.0 -0.22665
5650.0 2550.0 -0.81361
5750.0 2550.0 -1.16339
5850.0 2550.0 -1.05277
5950.0 2550.0 -0.54733
6050.0 2550.0 -0.00545
6150.0 2550.0 0.19737
6250.0 2550.0 0.17298
6350.0 2550.0 0.27889
50.0 2650.0 -0.79688
150.0 2650.0 -0.83694
250.0 2650.0 -0.59569
350.0 2650.0 -0.14959
450.0 2650.0 0.25710
550.0 2650.0 0.41193
650.0 2650.0 0.28447
750.0 2650.0 0.00195
850.0 2650.0 -0.51031
950.0 2650.0 -0.94485
1050.0 2650.0 -0.94398
1150.0 2650.0 -0.48461
1250.0 2650.0 0.14875
1350.0 2650.0 0.77904
1450.0 2650.0 1.37572
1550.0 2650.0 1.53592
1650.0 2650.0 1.01909
1750.0 2650.0 0.09056
1850.0 2650.0 -0.69761
1950.0 2650.0 -1.19322
2050.0 2650.0 -1.22295
2150.0 2650.0 -0.59325
2250.0 2650.0 0.35017
2350.0 2650.0 1.04257
2450.0 2650.0 1.09232
2550.0 2650.0 0.69082
2650.0 2650.0 0.22534
2750.0 2650.0 -0.09117
2850.0 2650.0 -0.03236
2950.0 2650.0 0.36049
3050.0 2650.0 0.79461
3150.0 2650.0 1.07648
3250.0 2650.0 1.28838
3350.0 2650.0 1.29317
3450.0 2650.0 0.99800
3550.0 2650.0 0.51791
3650.0 2650.0 0.11182
3750.0 2650.0 -0.08708
3850.0 2650.0 -0.36369
3950.0 2650.0 -0.80824
4050.0 2650.0 -1.13034
4150.0 2650.0 -1.10282
4250.0 2650.0 -0.76455
4350.0 2650.0 -0.33155
4450.0 2650.0 0.10087
4550.0 2650.0 0.44217
4650.0 2650.0 0.52654
4750.0 2650.0 0.34669
4850.0 2650.0 0.09813
4950.0 2650.0 -0.00721
5050.0 2650.0 0.00414
5150.0 2650.0 0.13930
5250.0 2650.0 0.21341
5350.0 2650.0 0.03523
5450.0 2650.0 -0.39241
5550.0 2650.0 -0.90385
5650.0 2650.0 -1.37606
5750.0 2650.0 -1.58837
5850.0 2650.0 -1.32831
5950.0 2650.0 -0.68716
6050.0 2650.0 -0.03819
6150.0 2650.0 0.24820
6250.0 2650.0 0.29835
6350.0 2650.0 0.44874
50.0 2750.0 -1.01938
150.0 2750.0 -1.16461
250.0 2750.0 -1.00114
350.0 2750.0 -0.52754
450.0 2750.0 0.02872
550.0 2750.0 0.37860
650.0 2750.0 0.39391
750.0 2750.0 0.24565
850.0 2750.0 -0.06722
950.0 2750.0 -0.40315
1050.0 2750.0 -0.55043
1150.0 2750.0 -0.44339
1250.0 2750.0 -0.18938
1350.0 2750.0 0.10464
1450.0 2750.0 0.44000
1550.0 2750.0 0.53979
1650.0 2750.0 0.18019
1750.0 2750.0 -0.51781
1850.0 2750.0 -1.19701
1950.0 2750.0 -1.69974
2050.0 2750.0 -1.70719
2150.0 2750.0 -0.98090
2250.0 2750.0 0.12717
2350.0 2750.0 0.99699
2450.0 2750.0 1.17139
2550.0 2750.0 0.84702
2650.0 2750.0 0.53487
2750.0 2750.0 0.41647
2850.0 2750.0 0.56821
2950.0 2750.0 0.87446
3050.0 2750.0 1.10077
3150.0 2750.0 1.15749
3250.0 2750.0 1.16230
3350.0 2750.0 1.07060
3450.0 2750.0 0.86490
3550.0 2750.0 0.60718
3650.0 2750.0 0.40058
3750.0 2750.0 0.28531
3850.0 2750.0 0.10334
3950.0 2750.0 -0.22284
4050.0 2750.0 -0.52530
4150.0 2750.0 -0.63958
4250.0 2750.0 -0.54384
4350.0 2750.0 -0.34647
4450.0 2750.0 -0.12855
4550.0 2750.0 0.08435
4650.0 2750.0 0.21621
4750.0 2750.0 0.23718
4850.0 2750.0 0.20251
4950.0 2750.0 0.19467
5050.0 2750.0 0.19724
5150.0 2750.0 0.11188
5250.0 2750.0 -0.14067
5350.0 2750.0 -0.53410
5450.0 2750.0 -0.93558
5550.0 2750.0 -1.21623
5650.0 2750.0 -1.42687
5750.0 2750.0 -1.56098
5850.0 2750.0 -1.45428
5950.0 2750.0 -1.07014
6050.0 2750.0 -0.57959
6150.0 2750.0 -0.22286
6250.0 2750.0 0.02474
6350.0 2750.0 0.37150
50.0 2850.0 -0.81931
150.0 2850.0 -1.12483
250.0 2850.0 -1.17432
350.0 2850.0 -0.85231
450.0 2850.0 -0.29310
550.0 2850.0 0.18874
650.0 2850.0 0.35991
750.0 2850.0 0.39164
850.0 2850.0 0.36615
950.0 2850.0 0.20743
1050.0 2850.0 -0.08185
1150.0 2850.0 -0.40077
1250.0 2850.0 -0.63312
1350.0 2850.0 -0.77064
1450.0 2850.0 -0.69472
1550.0 2850.0 -0.50445
1650.0 2850.0 -0.46140
1750.0 2850.0 -0.71185
1850.0 2850.0 -1.19577
1950.0 2850.0 -1.71542
2050.0 2850.0 -1.81783
2150.0 2850.0 -1.24801
2250.0 2850.0 -0.27243
2350.0 2850.0 0.55512
2450.0 2850.0 0.77918
2550.0 2850.0 0.54896
2650.0 2850.0 0.43226
2750.0 2850.0 0.55905
2850.0 2850.0 0.81356
2950.0 2850.0 0.99021
3050.0 2850.0 0.93654
3150.0 2850.0 0.69798
3250.0 2850.0 0.46357
3350.0 2850.0 0.34270
3450.0 2850.0 0.39085
3550.0 2850.0 0.54644
3650.0 2850.0 0.66441
3750.0 2850.0 0.66730
3850.0 2850.0 0.62511
3950.0 2850.0 0.51043
4050.0 2850.0 0.31849
4150.0 2850.0 0.09841
4250.0 2850.0 -0.07836
4350.0 2850.0 -0.18183
4450.0 2850.0 -0.25528
4550.0 2850.0 -0.25552
4650.0 2850.0 -0.13420
4750.0 2850.0 0.07713
4850.0 2850.0 0.27788
4950.0 2850.0 0.38759
5050.0 2850.0 0.39729
5150.0 2850.0 0.12887
5250.0 2850.0 -0.36418
5350.0 2850.0 -0.84046
5450.0 2850.0 -1.07462
5550.0 2850.0 -1.01517
5650.0 2850.0 -0.89314
5750.0 2850.0 -1.00535
5850.0 2850.0 -1.25655
5950.0 2850.0 -1.38594
6050.0 2850.0 -1.22957
6150.0 2850.0 -0.82301
6250.0 2850.0 -0.31725
6350.0 2850.0 0.28892
50.0 2950.0 -0.37483
150.0 2950.0 -0.82842
250.0 2950.0 -1.12359
350.0 2950.0 -1.04193
450.0 2950.0 -0.59662
550.0 2950.0 -0.07859
650.0 2950.0 0.20454
750.0 2950.0 0.39619
850.0 2950.0 0.66937
950.0 2950.0 0.76544
1050.0 2950.0 0.47259
1150.0 2950.0 -0.12414
1250.0 2950.0 -0.74036
1350.0 2950.0 -1.23667
1450.0 2950.0 -1.34956
1550.0 2950.0 -1.02415
1650.0 2950.0 -0.57452
1750.0 2950.0 -0.39855
1850.0 2950.0 -0.70025
1950.0 2950.0 -1.23919
2050.0 2950.0 -1.49741
2150.0 2950.0 -1.23242
2250.0 2950.0 -0.58156
2350.0 2950.0 0.04207
2450.0 2950.0 0.23811
2550.0 2950.0 0.08266
2650.0 2950.0 0.12654
2750.0 2950.0 0.45012
2850.0 2950.0 0.77897
2950.0 2950.0 0.83679
3050.0 2950.0 0.54337
3150.0 2950.0 0.05645
3250.0 2950.0 -0.37861
3350.0 2950.0 -0.52339
3450.0 2950.0 -0.26129
3550.0 2950.0 0.24205
3650.0 2950.0 0.63290
3750.0 2950.0 0.73517
3850.0 2950.0 0.82680
3950.0 2950.0 0.94889
4050.0 2950.0 0.93887
4150.0 2950.0 0.71423
4250.0 2950.0 0.35652
4350.0 2950.0 0.00900
4450.0 2950.0 -0.31695
4550.0 2950.0 -0.53107
4650.0 2950.0 -0.47542
4750.0 2950.0 -0.16117
4850.0 2950.0 0.20208
4950.0 2950.0 0.40244
5050.0 2950.0 0.43114
5150.0 2950.0 0.08309
5250.0 2950.0 -0.48077
5350.0 2950.0 -0.88741
5450.0 2950.0 -0.88822
5550.0 2950.0 -0.51708
5650.0 2950.0 -0.11685
5750.0 2950.0 -0.22062
5850.0 2950.0 -0.79166
5950.0 2950.0 -1.37400
6050.0 2950.0 -1.51381
6150.0 2950.0 -1.07065
6250.0 2950.0 -0.35082
6350.0 2950.0 0.44489
50.0 3050.0 -0.05193
150.0 3050.0 -0.58145
250.0 3050.0 -1.02538
350.0 3050.0 -1.11363
450.0 3050.0 -0.78098
550.0 3050.0 -0.28424
650.0 3050.0 0.04142
750.0 3050.0 0.32049
850.0 3050.0 0.81649
950.0 3050.0 1.18573
1050.0 3050.0 1.05965
1150.0 3050.0 0.44964
1250.0 3050.0 -0.30988
1350.0 3050.0 -0.97443
1450.0 3050.0 -1.18793
1550.0 3050.0 -0.82518
1650.0 3050.0 -0.21569
1750.0 3050.0 0.13713
1850.0 3050.0 -0.08753
1950.0 3050.0 -0.63874
2050.0 3050.0 -1.01015
2150.0 3050.0 -0.97976
2250.0 3050.0 -0.59407
2350.0 3050.0 -0.15530
2450.0 3050.0 -0.00949
2550.0 3050.0 -0.13237
2650.0 3050.0 -0.01558
2750.0 3050.0 0.39468
2850.0 3050.0 0.75154
2950.0 3050.0 0.74838
3050.0 3050.0 0.34059
3150.0 3050.0 -0.26288
3250.0 3050.0 -0.81644
3350.0 3050.0 -1.04748
3450.0 3050.0 -0.79095
3550.0 3050.0 -0.21937
3650.0 3050.0 0.25012
3750.0 3050.0 0.39232
3850.0 3050.0 0.56391
3950.0 3050.0 0.85948
4050.0 3050.0 1.02928
4150.0 3050.0 0.89233
4250.0 3050.0 0.50128
4350.0 3050.0 0.04910
4450.0 3050.0 -0.40094
4550.0 3050.0 -0.74296
4650.0 3050.0 -0.76379
4750.0 3050.0 -0.44749
4850.0 3050.0 -0.03686
4950.0 3050.0 0.19927
5050.0 3050.0 0.24580
5150.0 3050.0 -0.08833
5250.0 3050.0 -0.59484
5350.0 3050.0 -0.87308
5450.0 3050.0 -0.70110
5550.0 3050.0 -0.16661
5650.0 3050.0 0.36934
5750.0 3050.0 0.31459
5850.0 3050.0 -0.31792
5950.0 3050.0 -1.01276
6050.0 3050.0 -1.21997
6150.0 3050.0 -0.73603
6250.0 3050.0 0.07932
6350.0 3050.0 0.91073
50.0 3150.0 0.00444
150.0 3150.0 -0.53587
250.0 3150.0 -1.01128
350.0 3150.0 -1.14541
450.0 3150.0 -0.85476
550.0 3150.0 -0.38095
650.0 3150.0 -0.05764
750.0 3150.0 0.24652
850.0 3150.0 0.88077
950.0 3150.0 1.49463
1050.0 3150.0 1.62483
1150.0 3150.0 1.18102
1250.0 3150.0 0.46073
1350.0 3150.0 -0.22233
1450.0 3150.0 -0.48784
1550.0 3150.0 -0.21062
1650.0 3150.0 0.30960
1750.0 3150.0 0.60119
1850.0 3150.0 0.35534
1950.0 3150.0 -0.20000
2050.0 3150.0 -0.60660
2150.0 3150.0 -0.65391
2250.0 3150.0 -0.36161
2350.0 3150.0 0.00564
2450.0 3150.0 0.12411
2550.0 3150.0 0.00250
2650.0 3150.0 0.12321
2750.0 3150.0 0.53513
2850.0 3150.0 0.88717
2950.0 3150.0 0.87307
3050.0 3150.0 0.45320
3150.0 3150.0 -0.16093
3250.0 3150.0 -0.77158
3350.0 3150.0 -1.15230
3450.0 3150.0 -1.09576
3550.0 3150.0 -0.69589
3650.0 3150.0 -0.31101
3750.0 3150.0 -0.17659
3850.0 3150.0 0.02532
3950.0 3150.0 0.41728
4050.0 3150.0 0.72422
4150.0 3150.0 0.70922
4250.0 3150.0 0.37993
4350.0 3150.0 -0.06990
4450.0 3150.0 -0.53798
4550.0 3150.0 -0.92295
4650.0 3150.0 -1.00200
4750.0 3150.0 -0.73700
4850.0 3150.0 -0.35386
4950.0 3150.0 -0.12164
5050.0 3150.0 -0.06501
5150.0 3150.0 -0.35066
5250.0 3150.0 -0.76900
5350.0 3150.0 -0.94817
5450.0 3150.0 -0.70291
5550.0 3150.0 -0.13818
5650.0 3150.0 0.42147
5750.0 3150.0 0.46409
5850.0 3150.0 0.00756
5950.0 3150.0 -0.49307
6050.0 3150.0 -0.56039
6150.0 3150.0 -0.02459
6250.0 3150.0 0.79200
6350.0 3150.0 1.54565
50.0 3250.0 -0.12537
150.0 3250.0 -0.66207
250.0 3250.0 -1.08640
350.0 3250.0 -1.14845
450.0 3250.0 -0.81238
550.0 3250.0 -0.34680
650.0 3250.0 -0.07542
750.0 3250.0 0.17440
850.0 3250.0 0.82261
950.0 3250.0 1.56861
1050.0 3250.0 1.92232
1150.0 3250.0 1.69832
1250.0 3250.0 1.10578
1350.0 3250.0 0.49042
1450.0 3250.0 0.24454
1550.0 3250.0 0.45645
1650.0 3250.0 0.84470
1750.0 3250.0 1.00472
1850.0 3250.0 0.69406
1950.0 3250.0 0.12382
2050.0 3250.0 -0.29567
2150.0 3250.0 -0.35675
2250.0 3250.0 -0.08000
2350.0 3250.0 0.27030
2450.0 3250.0 0.37182
2550.0 3250.0 0.23111
2650.0 3250.0 0.27918
2750.0 3250.0 0.55542
2850.0 3250.0 0.77775
2950.0 3250.0 0.70422
3050.0 3250.0 0.30848
3150.0 3250.0 -0.23957
3250.0 3250.0 -0.82350
3350.0 3250.0 -1.27441
3450.0 3250.0 -1.36083
3550.0 3250.0 -1.10093
3650.0 3250.0 -0.77778
3750.0 3250.0 -0.62080
3850.0 3250.0 -0.36227
3950.0 3250.0 0.13822
4050.0 3250.0 0.58855
4150.0 3250.0 0.70887
4250.0 3250.0 0.46957
4350.0 3250.0 0.06232
4450.0 3250.0 -0.39740
4550.0 3250.0 -0.86253
4650.0 3250.0 -1.10423
4750.0 3250.0 -1.01784
4850.0 3250.0 -0.75050
4950.0 3250.0 -0.54225
5050.0 3250.0 -0.46314
5150.0 3250.0 -0.65795
5250.0 3250.0 -0.94982
5350.0 3250.0 -1.03639
5450.0 3250.0 -0.77526
5550.0 3250.0 -0.26113
5650.0 3250.0 0.25081
5750.0 3250.0 0.38863
5850.0 3250.0 0.18143
5950.0 3250.0 -0.03148
6050.0 3250.0 0.08559
6150.0 3250.0 0.63471
6250.0 3250.0 1.37758
6350.0 3250.0 2.03186
50.0 3350.0 -0.44684
150.0 3350.0 -0.96960
250.0 3350.0 -1.22483
350.0 3350.0 -1.04399
450.0 3350.0 -0.54459
550.0 3350.0 -0.08673
650.0 3350.0 0.03262
750.0 3350.0 0.07483
850.0 3350.0 0.47968
950.0 3350.0 1.09634
1050.0 3350.0 1.54784
1150.0 3350.0 1.58868
1250.0 3350.0 1.25899
1350.0 3350.0 0.85838
1450.0 3350.0 0.78290
1550.0 3350.0 1.02514
1650.0 3350.0 1.27885
1750.0 3350.0 1.23699
1850.0 3350.0 0.80126
1950.0 3350.0 0.19192
2050.0 3350.0 -0.21927
2150.0 3350.0 -0.21429
2250.0 3350.0 0.14790
2350.0 3350.0 0.55151
2450.0 3350.0 0.64520
2550.0 3350.0 0.45073
2650.0 3350.0 0.30701
2750.0 3350.0 0.24457
2850.0 3350.0 0.16795
2950.0 3350.0 -0.00762
3050.0 3350.0 -0.29489
3150.0 3350.0 -0.63850
3250.0 3350.0 -1.04022
3350.0 3350.0 -1.39614
3450.0 3350.0 -1.48343
3550.0 3350.0 -1.26195
3650.0 3350.0 -0.92643
3750.0 3350.0 -0.67543
3850.0 3350.0 -0.30944
3950.0 3350.0 0.29158
4050.0 3350.0 0.83289
4150.0 3350.0 1.03853
4250.0 3350.0 0.88719
4350.0 3350.0 0.57545
4450.0 3350.0 0.16996
4550.0 3350.0 -0.40769
4650.0 3350.0 -0.92950
4750.0 3350.0 -1.17086
4850.0 3350.0 -1.12246
4950.0 3350.0 -0.95672
5050.0 3350.0 -0.82961
5150.0 3350.0 -0.86290
5250.0 3350.0 -0.97220
5350.0 3350.0 -0.99044
5450.0 3350.0 -0.82195
5550.0 3350.0 -0.49973
5650.0 3350.0 -0.16384
5750.0 3350.0 0.01477
5850.0 3350.0 0.08044
5950.0 3350.0 0.19582
6050.0 3350.0 0.48272
6150.0 3350.0 0.94268
6250.0 3350.0 1.47729
6350.0 3350.0 2.01374
50.0 3450.0 -0.70222
150.0 3450.0 -1.21196
250.0 3450.0 -1.26247
350.0 3450.0 -0.79580
450.0 3450.0 -0.12372
550.0 3450.0 0.28721
650.0 3450.0 0.18423
750.0 3450.0 -0.07862
850.0 3450.0 -0.10552
950.0 3450.0 0.16256
1050.0 3450.0 0.56869
1150.0 3450.0 0.85494
1250.0 3450.0 0.85515
1350.0 3450.0 0.75960
1450.0 3450.0 0.96290
1550.0 3450.0 1.32892
1650.0 3450.0 1.48805
1750.0 3450.0 1.23270
1850.0 3450.0 0.64668
1950.0 3450.0 -0.01640
2050.0 3450.0 -0.41215
2150.0 3450.0 -0.30590
2250.0 3450.0 0.18672
2350.0 3450.0 0.67348
2450.0 3450.0 0.75967
2550.0 3450.0 0.49187
2650.0 3450.0 0.12143
2750.0 3450.0 -0.30651
2850.0 3450.0 -0.65887
2950.0 3450.0 -0.85707
3050.0 3450.0 -0.93609
3150.0 3450.0 -0.98754
3250.0 3450.0 -1.12026
3350.0 3450.0 -1.30227
3450.0 3450.0 -1.33370
3550.0 3450.0 -1.11521
3650.0 3450.0 -0.73603
3750.0 3450.0 -0.34988
3850.0 3450.0 0.13190
3950.0 3450.0 0.74848
4050.0 3450.0 1.22851
4150.0 3450.0 1.37526
4250.0 3450.0 1.24585
4350.0 3450.0 1.04991
4450.0 3450.0 0.74848
4550.0 3450.0 0.13733
4650.0 3450.0 -0.57508
4750.0 3450.0 -1.07347
4850.0 3450.0 -1.20695
4950.0 3450.0 -1.07220
5050.0 3450.0 -0.88529
5150.0 3450.0 -0.73480
5250.0 3450.0 -0.66373
5350.0 3450.0 -0.66643
5450.0 3450.0 -0.68138
5550.0 3450.0 -0.64330
5650.0 3450.0 -0.56844
5750.0 3450.0 -0.44022
5850.0 3450.0 -0.20107
5950.0 3450.0 0.13919
6050.0 3450.0 0.49559
6150.0 3450.0 0.77395
6250.0 3450.0 1.01903
6350.0 3450.0 1.43072
50.0 3550.0 -0.67362
150.0 3550.0 -1.18215
250.0 3550.0 -1.10173
350.0 3550.0 -0.46745
450.0 3550.0 0.26880
550.0 3550.0 0.58034
650.0 3550.0 0.26459
750.0 3550.0 -0.27528
850.0 3550.0 -0.71965
950.0 3550.0 -0.82246
1050.0 3550.0 -0.52240
1150.0 3550.0 -0.06263
1250.0 3550.0 0.21781
1350.0 3550.0 0.39620
1450.0 3550.0 0.86723
1550.0 3550.0 1.38275
1650.0 3550.0 1.50287
1750.0 3550.0 1.09068
1850.0 3550.0 0.38276
1950.0 3550.0 -0.32863
2050.0 3550.0 -0.72123
2150.0 3550.0 -0.54891
2250.0 3550.0 0.03022
2350.0 3550.0 0.56759
2450.0 3550.0 0.63737
2550.0 3550.0 0.30588
2650.0 3550.0 -0.21542
2750.0 3550.0 -0.83627
2850.0 3550.0 -1.26014
2950.0 3550.0 -1.33216
3050.0 3550.0 -1.15728
3150.0 3550.0 -0.94220
3250.0 3550.0 -0.85037
3350.0 3550.0 -0.92331
3450.0 3550.0 -0.96940
3550.0 3550.0 -0.81107
3650.0 3550.0 -0.42270
3750.0 3550.0 0.07980
3850.0 3550.0 0.63625
3950.0 3550.0 1.16409
4050.0 3550.0 1.43493
4150.0 3550.0 1.38307
4250.0 3550.0 1.19023
4350.0 3550.0 1.08271
4450.0 3550.0 0.90429
4550.0 3550.0 0.39744
4650.0 3550.0 -0.26662
4750.0 3550.0 -0.77550
4850.0 3550.0 -0.93605
4950.0 3550.0 -0.79805
5050.0 3550.0 -0.56185
5150.0 3550.0 -0.27059
5250.0 3550.0 -0.07954
5350.0 3550.0 -0.11173
5450.0 3550.0 -0.31913
5550.0 3550.0 -0.54252
5650.0 3550.0 -0.70964
5750.0 3550.0 -0.69677
5850.0 3550.0 -0.43987
5950.0 3550.0 -0.05327
6050.0 3550.0 0.25467
6150.0 3550.0 0.33411
6250.0 3550.0 0.31991
6350.0 3550.0 0.61661
50.0 3650.0 -0.35497
150.0 3650.0 -0.87622
250.0 3650.0 -0.79427
350.0 3650.0 -0.18521
450.0 3650.0 0.46897
550.0 3650.0 0.65520
650.0 3650.0 0.21060
750.0 3650.0 -0.47124
850.0 3650.0 -1.12231
950.0 3650.0 -1.39978
1050.0 3650.0 -1.13571
1150.0 3650.0 -0.57310
1250.0 3650.0 -0.14363
1350.0 3650.0 0.17708
1450.0 3650.0 0.79105
1550.0 3650.0 1.39282
1650.0 3650.0 1.50303
1750.0 3650.0 1.01727
1850.0 3650.0 0.24900
1950.0 3650.0 -0.48889
2050.0 3650.0 -0.90113
2150.0 3650.0 -0.74308
2250.0 3650.0 -0.17882
2350.0 3650.0 0.33768
2450.0 3650.0 0.37948
2550.0 3650.0 0.01643
2650.0 3650.0 -0.52442
2750.0 3650.0 -1.09337
2850.0 3650.0 -1.35527
2950.0 3650.0 -1.19492
3050.0 3650.0 -0.81073
3150.0 3650.0 -0.45116
3250.0 3650.0 -0.27958
3350.0 3650.0 -0.40587
3450.0 3650.0 -0.61352
3550.0 3650.0 -0.62357
3650.0 3650.0 -0.30149
3750.0 3650.0 0.25160
3850.0 3650.0 0.82242
3950.0 3650.0 1.21707
4050.0 3650.0 1.24826
4150.0 3650.0 0.96939
4250.0 3650.0 0.67316
4350.0 3650.0 0.59879
4450.0 3650.0 0.51629
4550.0 3650.0 0.20645
4650.0 3650.0 -0.19991
4750.0 3650.0 -0.48114
4850.0 3650.0 -0.51169
4950.0 3650.0 -0.33907
5050.0 3650.0 -0.07894
5150.0 3650.0 0.27618
5250.0 3650.0 0.51339
5350.0 3650.0 0.44901
5450.0 3650.0 0.13072
5550.0 3650.0 -0.23118
5650.0 3650.0 -0.52935
5750.0 3650.0 -0.62036
5850.0 3650.0 -0.44017
5950.0 3650.0 -0.12628
6050.0 3650.0 0.08732
6150.0 3650.0 0.04057
6250.0 3650.0 -0.11163
6350.0 3650.0 0.08949
50.0 3750.0 0.09027
150.0 3750.0 -0.45096
250.0 3750.0 -0.46001
350.0 3750.0 -0.00863
450.0 3750.0 0.47575
550.0 3750.0 0.54347
650.0 3750.0 0.05597
750.0 3750.0 -0.63803
850.0 3750.0 -1.27292
950.0 3750.0 -1.49313
1050.0 3750.0 -1.14620
1150.0 3750.0 -0.50960
1250.0 3750.0 -0.04200
1350.0 3750.0 0.29693
1450.0 3750.0 0.92358
1550.0 3750.0 1.52446
1650.0 3750.0 1.61944
1750.0 3750.0 1.11396
1850.0 3750.0 0.33442
1950.0 3750.0 -0.40921
2050.0 3750.0 -0.85748
2150.0 3750.0 -0.77824
2250.0 3750.0 -0.31094
2350.0 3750.0 0.12763
2450.0 3750.0 0.13449
2550.0 3750.0 -0.23134
2650.0 3750.0 -0.69886
2750.0 3750.0 -1.06403
2850.0 3750.0 -1.04624
2950.0 3750.0 -0.63834
3050.0 3750.0 -0.12543
3150.0 3750.0 0.26138
3250.0 3750.0 0.38322
3350.0 3750.0 0.06860
3450.0 3750.0 -0.41447
3550.0 3750.0 -0.67321
3650.0 3750.0 -0.47702
3750.0 3750.0 0.06704
3850.0 3750.0 0.61385
3950.0 3750.0 0.89762
4050.0 3750.0 0.75661
4150.0 3750.0 0.31489
4250.0 3750.0 -0.07044
4350.0 3750.0 -0.15385
4450.0 3750.0 -0.18323
4550.0 3750.0 -0.28790
4650.0 3750.0 -0.36886
4750.0 3750.0 -0.32818
4850.0 3750.0 -0.16132
4950.0 3750.0 0.05705
5050.0 3750.0 0.32035
5150.0 3750.0 0.68401
5250.0 3750.0 0.92750
5350.0 3750.0 0.85900
5450.0 3750.0 0.52606
5550.0 3750.0 0.14575
5650.0 3750.0 -0.17420
5750.0 3750.0 -0.31218
5850.0 3750.0 -0.20651
5950.0 3750.0 0.02545
6050.0 3750.0 0.17492
6150.0 3750.0 0.09426
6250.0 3750.0 -0.08265
6350.0 3750.0 0.03761
50.0 3850.0 0.68150
150.0 3850.0 0.12738
250.0 3850.0 -0.03467
350.0 3850.0 0.14120
450.0 3850.0 0.33946
550.0 3850.0 0.22970
650.0 3850.0 -0.28874
750.0 3850.0 -0.94843
850.0 3850.0 -1.47720
950.0 3850.0 -1.54735
1050.0 3850.0 -1.07973
1150.0 3850.0 -0.40161
1250.0 3850.0 0.03372
1350.0 3850.0 0.31478
1450.0 3850.0 0.88604
1550.0 3850.0 1.48027
1650.0 3850.0 1.64573
1750.0 3850.0 1.25857
1850.0 3850.0 0.58259
1950.0 3850.0 -0.08973
2050.0 3850.0 -0.52161
2150.0 3850.0 -0.52723
2250.0 3850.0 -0.22387
2350.0 3850.0 0.05049
2450.0 3850.0 -0.02678
2550.0 3850.0 -0.40182
2650.0 3850.0 -0.78078
2750.0 3850.0 -0.91384
2850.0 3850.0 -0.60707
2950.0 3850.0 0.02031
3050.0 3850.0 0.60563
3150.0 3850.0 0.95669
3250.0 3850.0 0.96347
3350.0 3850.0 0.40403
3450.0 3850.0 -0.38434
3550.0 3850.0 -0.89547
3650.0 3850.0 -0.82314
3750.0 3850.0 -0.29764
3850.0 3850.0 0.21726
3950.0 3850.0 0.39432
4050.0 3850.0 0.09382
4150.0 3850.0 -0.49934
4250.0 3850.0 -0.97260
4350.0 3850.0 -1.07499
4450.0 3850.0 -1.05659
4550.0 3850.0 -0.93678
4650.0 3850.0 -0.65215
4750.0 3850.0 -0.24798
4850.0 3850.0 0.13875
4950.0 3850.0 0.40037
5050.0 3850.0 0.65702
5150.0 3850.0 1.02711
5250.0 3850.0 1.29558
5350.0 3850.0 1.26338
5450.0 3850.0 0.96234
5550.0 3850.0 0.59778
5650.0 3850.0 0.27606
5750.0 3850.0 0.07962
5850.0 3850.0 0.08217
5950.0 3850.0 0.22234
6050.0 3850.0 0.33759
6150.0 3850.0 0.28605
6250.0 3850.0 0.15206
6350.0 3850.0 0.20536
50.0 3950.0 1.36346
150.0 3950.0 0.83284
250.0 3950.0 0.46741
350.0 3950.0 0.23897
450.0 3950.0 0.01205
550.0 3950.0 -0.34905
650.0 3950.0 -0.88078
750.0 3950.0 -1.44124
850.0 3950.0 -1.74593
950.0 3950.0 -1.56739
1050.0 3950.0 -0.98306
1150.0 3950.0 -0.37448
1250.0 3950.0 -0.12223
1350.0 3950.0 -0.05099
1450.0 3950.0 0.31156
1550.0 3950.0 0.86221
1650.0 3950.0 1.25811
1750.0 3950.0 1.27925
1850.0 3950.0 0.96930
1950.0 3950.0 0.56204
2050.0 3950.0 0.30979
2150.0 3950.0 0.27465
2250.0 3950.0 0.32782
2350.0 3950.0 0.27951
2450.0 3950.0 0.01058
2550.0 3950.0 -0.40150
2650.0 3950.0 -0.70304
2750.0 3950.0 -0.62640
2850.0 3950.0 -0.09988
2950.0 3950.0 0.62876
3050.0 3950.0 1.15385
3150.0 3950.0 1.35071
3250.0 3950.0 1.15017
3350.0 3950.0 0.33173
3450.0 3950.0 -0.68335
3550.0 3950.0 -1.32549
3650.0 3950.0 -1.29665
3750.0 3950.0 -0.78375
3850.0 3950.0 -0.29919
3950.0 3950.0 -0.20262
4050.0 3950.0 -0.61999
4150.0 3950.0 -1.32597
4250.0 3950.0 -1.87016
4350.0 3950.0 -1.99703
4450.0 3950.0 -1.94240
4550.0 3950.0 -1.61660
4650.0 3950.0 -0.99550
4750.0 3950.0 -0.26414
4850.0 3950.0 0.30792
4950.0 3950.0 0.58661
5050.0 3950.0 0.81612
5150.0 3950.0 1.19114
5250.0 3950.0 1.51718
5350.0 3950.0 1.58121
5450.0 3950.0 1.37197
5550.0 3950.0 1.05754
5650.0 3950.0 0.74243
5750.0 3950.0 0.43515
5850.0 3950.0 0.26002
5950.0 3950.0 0.28746
6050.0 3950.0 0.43526
6150.0 3950.0 0.54049
6250.0 3950.0 0.58311
6350.0 3950.0 0.62853
50.0 4050.0 1.66521
150.0 4050.0 1.21033
250.0 4050.0 0.73870
350.0 4050.0 0.23972
450.0 4050.0 -0.27925
550.0 4050.0 -0.79565
650.0 4050.0 -1.29085
750.0 4050.0 -1.71221
850.0 4050.0 -1.74733
950.0 4050.0 -1.31969
1050.0 4050.0 -0.69646
1150.0 4050.0 -0.28706
1250.0 4050.0 -0.33950
1350.0 4050.0 -0.59050
1450.0 4050.0 -0.59501
1550.0 4050.0 -0.21756
1650.0 4050.0 0.40083
1750.0 4050.0 0.94478
1850.0 4050.0 1.15286
1950.0 4050.0 1.14804
2050.0 4050.0 1.22427
2150.0 4050.0 1.27686
2250.0 4050.0 1.11588
2350.0 4050.0 0.70997
2450.0 4050.0 0.20553
2550.0 4050.0 -0.26264
2650.0 4050.0 -0.52626
2750.0 4050.0 -0.33775
2850.0 4050.0 0.25227
2950.0 4050.0 0.90885
3050.0 4050.0 1.23853
3150.0 4050.0 1.19515
3250.0 4050.0 0.76802
3350.0 4050.0 -0.18263
3450.0 4050.0 -1.17763
3550.0 4050.0 -1.69476
3650.0 4050.0 -1.56460
3750.0 4050.0 -1.04821
3850.0 4050.0 -0.57616
3950.0 4050.0 -0.48149
4050.0 4050.0 -0.89518
4150.0 4050.0 -1.60120
4250.0 4050.0 -2.15574
4350.0 4050.0 -2.30224
4450.0 4050.0 -2.24958
4550.0 4050.0 -1.86438
4650.0 4050.0 -1.14458
4750.0 4050.0 -0.32924
4850.0 4050.0 0.26939
4950.0 4050.0 0.51606
5050.0 4050.0 0.69955
5150.0 4050.0 1.05301
5250.0 4050.0 1.41442
5350.0 4050.0 1.56890
5450.0 4050.0 1.46154
5550.0 4050.0 1.21238
5650.0 4050.0 0.91168
5750.0 4050.0 0.47203
5850.0 4050.0 0.09649
5950.0 4050.0 0.02978
6050.0 4050.0 0.28078
6150.0 4050.0 0.64029
6250.0 4050.0 0.95768
6350.0 4050.0 1.08353
50.0 4150.0 1.34600
150.0 4150.0 0.99947
250.0 4150.0 0.60969
350.0 4150.0 0.16312
450.0 4150.0 -0.31473
550.0 4150.0 -0.77463
650.0 4150.0 -1.18379
750.0 4150.0 -1.48123
850.0 4150.0 -1.31143
950.0 4150.0 -0.74051
1050.0 4150.0 -0.18111
1150.0 4150.0 -0.02944
1250.0 4150.0 -0.39123
1350.0 4150.0 -0.95524
1450.0 4150.0 -1.37933
1550.0 4150.0 -1.31358
1650.0 4150.0 -0.65617
1750.0 4150.0 0.25536
1850.0 4150.0 0.90748
1950.0 4150.0 1.28513
2050.0 4150.0 1.71857
2150.0 4150.0 1.96049
2250.0 4150.0 1.72802
2350.0 4150.0 1.08737
2450.0 4150.0 0.40305
2550.0 4150.0 -0.11737
2650.0 4150.0 -0.38539
2750.0 4150.0 -0.19548
2850.0 4150.0 0.31773
2950.0 4150.0 0.79131
3050.0 4150.0 0.88269
3150.0 4150.0 0.60843
3250.0 4150.0 0.02769
3350.0 4150.0 -0.86543
3450.0 4150.0 -1.58555
3550.0 4150.0 -1.75637
3650.0 4150.0 -1.41234
3750.0 4150.0 -0.87676
3850.0 4150.0 -0.39433
3950.0 4150.0 -0.22175
4050.0 4150.0 -0.51188
4150.0 4150.0 -1.10443
4250.0 4150.0 -1.60428
4350.0 4150.0 -1.75782
4450.0 4150.0 -1.74727
4550.0 4150.0 -1.48438
4650.0 4150.0 -0.96162
4750.0 4150.0 -0.35775
4850.0 4150.0 0.08631
4950.0 4150.0 0.26160
5050.0 4150.0 0.39527
5150.0 4150.0 0.69232
5250.0 4150.0 1.02341
5350.0 4150.0 1.19572
5450.0 4150.0 1.13955
5550.0 4150.0 0.93937
5650.0 4150.0 0.65478
5750.0 4150.0 0.10965
5850.0 4150.0 -0.41716
5950.0 4150.0 -0.52986
6050.0 4150.0 -0.15050
6150.0 4150.0 0.45974
6250.0 4150.0 1.04278
6350.0 4150.0 1.30680
50.0 4250.0 0.63970
150.0 4250.0 0.38914
250.0 4250.0 0.21665
350.0 4250.0 0.08862
450.0 4250.0 -0.06861
550.0 4250.0 -0.30590
650.0 4250.0 -0.61793
750.0 4250.0 -0.85072
850.0 4250.0 -0.60249
950.0 4250.0 -0.02032
1050.0 4250.0 0.42629
1150.0 4250.0 0.37875
1250.0 4250.0 -0.17497
1350.0 4250.0 -0.92658
1450.0 4250.0 -1.67511
1550.0 4250.0 -1.96201
1650.0 4250.0 -1.48572
1750.0 4250.0 -0.51569
1850.0 4250.0 0.33445
1950.0 4250.0 0.93054
2050.0 4250.0 1.60608
2150.0 4250.0 2.04494
2250.0 4250.0 1.88184
2350.0 4250.0 1.19465
2450.0 4250.0 0.44409
2550.0 4250.0 -0.10453
2650.0 4250.0 -0.38956
2750.0 4250.0 -0.23649
2850.0 4250.0 0.18373
2950.0 4250.0 0.51190
3050.0 4250.0 0.44861
3150.0 4250.0 0.04229
3250.0 4250.0 -0.58173
3350.0 4250.0 -1.30982
3450.0 4250.0 -1.68821
3550.0 4250.0 -1.49686
3650.0 4250.0 -0.94571
3750.0 4250.0 -0.38772
3850.0 4250.0 0.11545
3950.0 4250.0 0.38563
4050.0 4250.0 0.24600
4150.0 4250.0 -0.20616
4250.0 4250.0 -0.63181
4350.0 4250.0 -0.78166
4450.0 4250.0 -0.82441
4550.0 4250.0 -0.76133
4650.0 4250.0 -0.56251
4750.0 4250.0 -0.29117
4850.0 4250.0 -0.06612
4950.0 4250.0 0.03862
5050.0 4250.0 0.13679
5150.0 4250.0 0.36096
5250.0 4250.0 0.60255
5350.0 4250.0 0.70823
5450.0 4250.0 0.62993
5550.0 4250.0 0.44315
5650.0 4250.0 0.16889
5750.0 4250.0 -0.42648
5850.0 4250.0 -1.02038
5950.0 4250.0 -1.13801
6050.0 4250.0 -0.67056
6150.0 4250.0 0.08719
6250.0 4250.0 0.82507
6350.0 4250.0 1.20962
50.0 4350.0 -0.03950
150.0 4350.0 -0.23423
250.0 4350.0 -0.17609
350.0 4350.0 0.07711
450.0 4350.0 0.31100
550.0 4350.0 0.32746
650.0 4350.0 0.08698
750.0 4350.0 -0.13952
850.0 4350.0 0.08787
950.0 4350.0 0.60766
1050.0 4350.0 0.96384
1150.0 4350.0 0.83220
1250.0 4350.0 0.22931
1350.0 4350.0 -0.56858
1450.0 4350.0 -1.48779
1550.0 4350.0 -2.06751
1650.0 4350.0 -1.88962
1750.0 4350.0 -1.10585
1850.0 4350.0 -0.29126
1950.0 4350.0 0.34460
2050.0 4350.0 1.10342
2150.0 4350.0 1.66874
2250.0 4350.0 1.63035
2350.0 4350.0 1.02346
2450.0 4350.0 0.29776
2550.0 4350.0 -0.25353
2650.0 4350.0 -0.53742
2750.0 4350.0 -0.38012
2850.0 4350.0 0.03765
2950.0 4350.0 0.35173
3050.0 4350.0 0.26634
3150.0 4350.0 -0.16228
3250.0 4350.0 -0.75600
3350.0 4350.0 -1.34007
3450.0 4350.0 -1.49681
3550.0 4350.0 -1.09756
3650.0 4350.0 -0.43531
3750.0 4350.0 0.13664
3850.0 4350.0 0.65493
3950.0 4350.0 0.98359
4050.0 4350.0 0.93265
4150.0 4350.0 0.56399
4250.0 4350.0 0.18477
4350.0 4350.0 0.04150
4450.0 4350.0 -0.03644
4550.0 4350.0 -0.12285
4650.0 4350.0 -0.16704
4750.0 4350.0 -0.14055
4850.0 4350.0 -0.06921
4950.0 4350.0 -0.00327
5050.0 4350.0 0.07937
5150.0 4350.0 0.23840
5250.0 4350.0 0.37172
5350.0 4350.0 0.36754
5450.0 4350.0 0.21996
5550.0 4350.0 0.01717
5650.0 4350.0 -0.25495
5750.0 4350.0 -0.85612
5850.0 4350.0 -1.45587
5950.0 4350.0 -1.56745
6050.0 4350.0 -1.07930
6150.0 4350.0 -0.29352
6250.0 4350.0 0.47506
6350.0 4350.0 0.91409
50.0 4450.0 -0.52428
150.0 4450.0 -0.66428
250.0 4450.0 -0.42500
350.0 4450.0 0.11087
450.0 4450.0 0.62369
550.0 4450.0 0.81367
650.0 4450.0 0.61711
750.0 4450.0 0.38752
850.0 4450.0 0.58834
950.0 4450.0 1.06366
1050.0 4450.0 1.37937
1150.0 4450.0 1.22975
1250.0 4450.0 0.63395
1350.0 4450.0 -0.16010
1450.0 4450.0 -1.17782
1550.0 4450.0 -1.98293
1650.0 4450.0 -2.07934
1750.0 4450.0 -1.50662
1850.0 4450.0 -0.77262
1950.0 4450.0 -0.14260
2050.0 4450.0 0.62338
2150.0 4450.0 1.22895
2250.0 4450.0 1.27025
2350.0 4450.0 0.76017
2450.0 4450.0 0.11322
2550.0 4450.0 -0.38319
2650.0 4450.0 -0.61698
2750.0 4450.0 -0.42683
2850.0 4450.0 -0.00294
2950.0 4450.0 0.30008
3050.0 4450.0 0.20910
3150.0 4450.0 -0.20886
3250.0 4450.0 -0.75276
3350.0 4450.0 -1.21854
3450.0 4450.0 -1.22745
3550.0 4450.0 -0.71139
3650.0 4450.0 -0.00164
3750.0 4450.0 0.56273
3850.0 4450.0 1.08365
3950.0 4450.0 1.45847
4050.0 4450.0 1.47828
4150.0 4450.0 1.16725
4250.0 4450.0 0.80444
4350.0 4450.0 0.63898
4450.0 4450.0 0.51175
4550.0 4450.0 0.31314
4650.0 4450.0 0.11207
4750.0 4450.0 -0.00961
4850.0 4450.0 -0.03101
4950.0 4450.0 0.00349
5050.0 4450.0 0.06660
5150.0 4450.0 0.18396
5250.0 4450.0 0.26031
5350.0 4450.0 0.20442
5450.0 4450.0 0.02665
5550.0 4450.0 -0.18370
5650.0 4450.0 -0.45411
5750.0 4450.0 -1.04528
5850.0 4450.0 -1.63540
5950.0 4450.0 -1.75017
6050.0 4450.0 -1.28061
6150.0 4450.0 -0.52080
6250.0 4450.0 0.22618
6350.0 4450.0 0.68675
50.0 4550.0 -0.50297
150.0 4550.0 -0.55323
250.0 4550.0 -0.26938
350.0 4550.0 0.23710
450.0 4550.0 0.66626
550.0 4550.0 0.77934
650.0 4550.0 0.56314
750.0 4550.0 0.33799
850.0 4550.0 0.54175
950.0 4550.0 1.04302
1050.0 4550.0 1.42277
1150.0 4550.0 1.36142
1250.0 4550.0 0.84866
1350.0 4550.0 0.12452
1450.0 4550.0 -0.86209
1550.0 4550.0 -1.71257
1650.0 4550.0 -1.92067
1750.0 4550.0 -1.46707
1850.0 4550.0 -0.79590
1950.0 4550.0 -0.19405
2050.0 4550.0 0.44669
2150.0 4550.0 0.87296
2250.0 4550.0 0.82731
2350.0 4550.0 0.39907
2450.0 4550.0 -0.04239
2550.0 4550.0 -0.30531
2650.0 4550.0 -0.34804
2750.0 4550.0 -0.09304
2850.0 4550.0 0.25195
2950.0 4550.0 0.41685
3050.0 4550.0 0.25961
3150.0 4550.0 -0.11797
3250.0 4550.0 -0.58686
3350.0 4550.0 -0.96761
3450.0 4550.0 -0.93712
3550.0 4550.0 -0.45241
3650.0 4550.0 0.18361
3750.0 4550.0 0.67616
3850.0 4550.0 1.16674
3950.0 4550.0 1.59539
4050.0 4550.0 1.70174
4150.0 4550.0 1.43149
4250.0 4550.0 1.01939
4350.0 4550.0 0.73374
4450.0 4550.0 0.48716
4550.0 4550.0 0.23118
4650.0 4550.0 0.05049
4750.0 4550.0 -0.01082
4850.0 4550.0 -0.00032
4950.0 4550.0 -0.00387
5050.0 4550.0 0.00675
5150.0 4550.0 0.13367
5250.0 4550.0 0.30141
5350.0 4550.0 0.38141
5450.0 4550.0 0.31343
5550.0 4550.0 0.13813
5650.0 4550.0 -0.12439
5750.0 4550.0 -0.67224
5850.0 4550.0 -1.22179
5950.0 4550.0 -1.35310
6050.0 4550.0 -0.96771
6150.0 4550.0 -0.32361
6250.0 4550.0 0.31669
6350.0 4550.0 0.75367
50.0 4650.0 -0.05776
150.0 4650.0 0.00961
250.0 4650.0 0.22535
350.0 4650.0 0.44627
450.0 4650.0 0.49461
550.0 4650.0 0.32572
650.0 4650.0 0.03782
750.0 4650.0 -0.18034
850.0 4650.0 0.02719
950.0 4650.0 0.56876
1050.0 4650.0 1.05063
1150.0 4650.0 1.13143
1250.0 4650.0 0.75334
1350.0 4650.0 0.15528
1450.0 4650.0 -0.66988
1550.0 4650.0 -1.36820
1650.0 4650.0 -1.49637
1750.0 4650.0 -1.04314
1850.0 4650.0 -0.40441
1950.0 4650.0 0.15155
2050.0 4650.0 0.55789
2150.0 4650.0 0.62253
2250.0 4650.0 0.34940
2350.0 4650.0 -0.01360
2450.0 4650.0 -0.14888
2550.0 4650.0 -0.03411
2650.0 4650.0 0.22262
2750.0 4650.0 0.55364
2850.0 4650.0 0.73166
2950.0 4650.0 0.63942
3050.0 4650.0 0.35926
3150.0 4650.0 0.04532
3250.0 4650.0 -0.33221
3350.0 4650.0 -0.66692
3450.0 4650.0 -0.70177
3550.0 4650.0 -0.38344
3650.0 4650.0 0.07291
3750.0 4650.0 0.44060
3850.0 4650.0 0.87440
3950.0 4650.0 1.36389
4050.0 4650.0 1.57079
4150.0 4650.0 1.32884
4250.0 4650.0 0.81493
4350.0 4650.0 0.32990
4450.0 4650.0 -0.08887
4550.0 4650.0 -0.34068
4650.0 4650.0 -0.32957
4750.0 4650.0 -0.13377
4850.0 4650.0 0.02681
4950.0 4650.0 -0.01620
5050.0 4650.0 -0.08963
5150.0 4650.0 0.06037
5250.0 4650.0 0.39016
5350.0 4650.0 0.70541
5450.0 4650.0 0.82550
5550.0 4650.0 0.70988
5650.0 4650.0 0.46190
5750.0 4650.0 -0.00269
5850.0 4650.0 -0.46137
5950.0 4650.0 -0.59156
6050.0 4650.0 -0.32302
6150.0 4650.0 0.13955
6250.0 4650.0 0.60495
6350.0 4650.0 0.98713
50.0 4750.0 0.40999
150.0 4750.0 0.59451
250.0 4750.0 0.73853
350.0 4750.0 0.66748
450.0 4750.0 0.32824
550.0 4750.0 -0.12701
650.0 4750.0 -0.48772
750.0 4750.0 -0.70399
850.0 4750.0 -0.52581
950.0 4750.0 -0.00505
1050.0 4750.0 0.51234
1150.0 4750.0 0.68948
1250.0 4750.0 0.43215
1350.0 4750.0 -0.03567
1450.0 4750.0 -0.66228
1550.0 4750.0 -1.13309
1650.0 4750.0 -1.09429
1750.0 4750.0 -0.57717
1850.0 4750.0 0.05226
1950.0 4750.0 0.56274
2050.0 4750.0 0.73126
2150.0 4750.0 0.42680
2250.0 4750.0 -0.08265
2350.0 4750.0 -0.38692
2450.0 4750.0 -0.21821
2550.0 4750.0 0.27440
2650.0 4750.0 0.82295
2750.0 4750.0 1.20893
2850.0 4750.0 1.19186
2950.0 4750.0 0.81866
3050.0 4750.0 0.40447
3150.0 4750.0 0.15315
3250.0 4750.0 -0.13871
3350.0 4750.0 -0.44493
3450.0 4750.0 -0.56996
3550.0 4750.0 -0.44035
3650.0 4750.0 -0.17542
3750.0 4750.0 0.06567
3850.0 4750.0 0.44289
3950.0 4750.0 0.99443
4050.0 4750.0 1.30370
4150.0 4750.0 1.09164
4250.0 4750.0 0.47663
4350.0 4750.0 -0.20799
4450.0 4750.0 -0.79363
4550.0 4750.0 -1.01633
4650.0 4750.0 -0.77252
4750.0 4750.0 -0.27851
4850.0 4750.0 0.05752
4950.0 4750.0 -0.01929
5050.0 4750.0 -0.18394
5150.0 4750.0 -0.05087
5250.0 4750.0 0.37034
5350.0 4750.0 0.84598
5450.0 4750.0 1.10425
5550.0 4750.0 1.03427
5650.0 4750.0 0.80321
5750.0 4750.0 0.44073
5850.0 4750.0 0.10944
5950.0 4750.0 0.02129
6050.0 4750.0 0.20207
6150.0 4750.0 0.49262
6250.0 4750.0 0.78370
6350.0 4750.0 1.11855
50.0 4850.0 0.48181
150.0 4850.0 0.75498
250.0 4850.0 0.93547
350.0 4850.0 0.82061
450.0 4850.0 0.38252
550.0 4850.0 -0.15953
650.0 4850.0 -0.54239
750.0 4850.0 -0.76559
850.0 4850.0 -0.65840
950.0 4850.0 -0.24812
1050.0 4850.0 0.18469
1150.0 4850.0 0.34783
1250.0 4850.0 0.14255
1350.0 4850.0 -0.24606
1450.0 4850.0 -0.75867
1550.0 4850.0 -1.10659
1650.0 4850.0 -0.98508
1750.0 4850.0 -0.44359
1850.0 4850.0 0.17463
1950.0 4850.0 0.65790
2050.0 4850.0 0.69350
2150.0 4850.0 0.19293
2250.0 4850.0 -0.42322
2350.0 4850.0 -0.66021
2450.0 4850.0 -0.29087
2550.0 4850.0 0.43565
2650.0 4850.0 1.15825
2750.0 4850.0 1.56204
2850.0 4850.0 1.40330
2950.0 4850.0 0.83878
3050.0 4850.0 0.33351
3150.0 4850.0 0.12030
3250.0 4850.0 -0.10926
3350.0 4850.0 -0.36963
3450.0 4850.0 -0.51078
3550.0 4850.0 -0.46245
3650.0 4850.0 -0.29749
3750.0 4850.0 -0.13215
3850.0 4850.0 0.21518
3950.0 4850.0 0.82322
4050.0 4850.0 1.22311
4150.0 4850.0 1.05540
4250.0 4850.0 0.39264
4350.0 4850.0 -0.41266
4450.0 4850.0 -1.10582
4550.0 4850.0 -1.33019
4650.0 4850.0 -0.97461
4750.0 4850.0 -0.32841
4850.0 4850.0 0.09621
4950.0 4850.0 -0.00599
5050.0 4850.0 -0.23919
5150.0 4850.0 -0.18589
5250.0 4850.0 0.16911
5350.0 4850.0 0.61357
5450.0 4850.0 0.87032
5550.0 4850.0 0.80408
5650.0 4850.0 0.58622
5750.0 4850.0 0.30915
5850.0 4850.0 0.09994
5950.0 4850.0 0.08660
6050.0 4850.0 0.24816
6150.0 4850.0 0.44419
6250.0 4850.0 0.62987
6350.0 4850.0 0.95778
50.0 4950.0 0.04215
150.0 4950.0 0.36901
250.0 4950.0 0.72350
350.0 4950.0 0.87874
450.0 4950.0 0.70639
550.0 4950.0 0.32930
650.0 4950.0 -0.01182
750.0 4950.0 -0.24849
850.0 4950.0 -0.23534
950.0 4950.0 0.00592
1050.0 4950.0 0.26254
1150.0 4950.0 0.31424
1250.0 4950.0 0.08764
1350.0 4950.0 -0.28876
1450.0 4950.0 -0.82453
1550.0 4950.0 -1.24474
1650.0 4950.0 -1.22054
1750.0 4950.0 -0.75943
1850.0 4950.0 -0.17476
1950.0 4950.0 0.30359
2050.0 4950.0 0.33957
2150.0 4950.0 -0.13564
2250.0 4950.0 -0.68981
2350.0 4950.0 -0.84325
2450.0 4950.0 -0.39982
2550.0 4950.0 0.38162
2650.0 4950.0 1.13857
2750.0 4950.0 1.53226
2850.0 4950.0 1.32254
2950.0 4950.0 0.69867
3050.0 4950.0 0.16530
3150.0 4950.0 -0.03939
3250.0 4950.0 -0.23075
3350.0 4950.0 -0.40852
3450.0 4950.0 -0.45224
3550.0 4950.0 -0.33237
3650.0 4950.0 -0.14361
3750.0 4950.0 0.01070
3850.0 4950.0 0.36111
3950.0 4950.0 1.01774
4050.0 4950.0 1.49207
4150.0 4950.0 1.38528
4250.0 4950.0 0.74044
4350.0 4950.0 -0.08730
4450.0 4950.0 -0.81884
4550.0 4950.0 -1.10471
4650.0 4950.0 -0.82301
4750.0 4950.0 -0.24161
4850.0 4950.0 0.14172
4950.0 4950.0 0.01964
5050.0 4950.0 -0.24770
5150.0 4950.0 -0.31761
5250.0 4950.0 -0.16358
5350.0 4950.0 0.07647
5450.0 4950.0 0.20127
5550.0 4950.0 0.09882
5650.0 4950.0 -0.11249
5750.0 4950.0 -0.34123
5850.0 4950.0 -0.46653
5950.0 4950.0 -0.39973
6050.0 4950.0 -0.19742
6150.0 4950.0 -0.00787
6250.0 4950.0 0.15754
6350.0 4950.0 0.52226
50.0 5050.0 -0.42854
150.0 5050.0 -0.08164
250.0 5050.0 0.46083
350.0 5050.0 0.95636
450.0 5050.0 1.14505
550.0 5050.0 1.00326
650.0 5050.0 0.72021
750.0 5050.0 0.46204
850.0 5050.0 0.35475
950.0 5050.0 0.37875
1050.0 5050.0 0.40178
1150.0 5050.0 0.29483
1250.0 5050.0 0.02158
1350.0 5050.0 -0.36017
1450.0 5050.0 -0.95589
1550.0 5050.0 -1.49911
1650.0 5050.0 -1.61540
1750.0 5050.0 -1.25491
1850.0 5050.0 -0.70192
1950.0 5050.0 -0.21493
2050.0 5050.0 -0.13035
2150.0 5050.0 -0.51013
2250.0 5050.0 -0.95903
2350.0 5050.0 -1.04064
2450.0 5050.0 -0.57850
2550.0 5050.0 0.19009
2650.0 5050.0 0.92120
2750.0 5050.0 1.27769
2850.0 5050.0 1.03538
2950.0 5050.0 0.39619
3050.0 5050.0 -0.13525
3150.0 5050.0 -0.32982
3250.0 5050.0 -0.46794
3350.0 5050.0 -0.50789
3450.0 5050.0 -0.36752
3550.0 5050.0 -0.08900
3650.0 5050.0 0.17902
3750.0 5050.0 0.34253
3850.0 5050.0 0.69963
3950.0 5050.0 1.39018
4050.0 5050.0 1.92807
4150.0 5050.0 1.89624
4250.0 5050.0 1.31050
4350.0 5050.0 0.51417
4450.0 5050.0 -0.21288
4550.0 5050.0 -0.57035
4650.0 5050.0 -0.43625
4750.0 5050.0 -0.02355
4850.0 5050.0 0.24108
4950.0 5050.0 0.08066
5050.0 5050.0 -0.22532
5150.0 5050.0 -0.45104
5250.0 5050.0 -0.54785
5350.0 5050.0 -0.55219
5450.0 5050.0 -0.57014
5550.0 5050.0 -0.69153
5650.0 5050.0 -0.87344
5750.0 5050.0 -1.05006
5850.0 5050.0 -1.10512
5950.0 5050.0 -0.97188
6050.0 5050.0 -0.72552
6150.0 5050.0 -0.51712
6250.0 5050.0 -0.33877
6350.0 5050.0 0.08099
50.0 5150.0 -0.35319
150.0 5150.0 -0.10092
250.0 5150.0 0.47624
350.0 5150.0 1.15809
450.0 5150.0 1.59982
550.0 5150.0 1.64247
650.0 5150.0 1.39740
750.0 5150.0 1.09350
850.0 5150.0 0.80254
950.0 5150.0 0.51689
1050.0 5150.0 0.22177
1150.0 5150.0 -0.09022
1250.0 5150.0 -0.41484
1350.0 5150.0 -0.78863
1450.0 5150.0 -1.40480
1550.0 5150.0 -1.99409
1650.0 5150.0 -2.15276
1750.0 5150.0 -1.80511
1850.0 5150.0 -1.23041
1950.0 5150.0 -0.70223
2050.0 5150.0 -0.53370
2150.0 5150.0 -0.80955
2250.0 5150.0 -1.19981
2350.0 5150.0 -1.29917
2450.0 5150.0 -0.90717
2550.0 5150.0 -0.22077
2650.0 5150.0 0.39811
2750.0 5150.0 0.63305
2850.0 5150.0 0.32371
2950.0 5150.0 -0.30330
3050.0 5150.0 -0.77737
3150.0 5150.0 -0.91358
3250.0 5150.0 -0.92019
3350.0 5150.0 -0.69192
3450.0 5150.0 -0.22755
3550.0 5150.0 0.30871
3650.0 5150.0 0.69391
3750.0 5150.0 0.86488
3850.0 5150.0 1.19502
3950.0 5150.0 1.84498
4050.0 5150.0 2.39270
4150.0 5150.0 2.45478
4250.0 5150.0 2.01646
4350.0 5150.0 1.36515
4450.0 5150.0 0.75795
4550.0 5150.0 0.41135
4650.0 5150.0 0.38592
4750.0 5150.0 0.52029
4850.0 5150.0 0.53056
4950.0 5150.0 0.24831
5050.0 5150.0 -0.16410
5150.0 5150.0 -0.63113
5250.0 5150.0 -1.01315
5350.0 5150.0 -1.19565
5450.0 5150.0 -1.21706
5550.0 5150.0 -1.21843
5650.0 5150.0 -1.25469
5750.0 5150.0 -1.31106
5850.0 5150.0 -1.30908
5950.0 5150.0 -1.18349
6050.0 5150.0 -0.96268
6150.0 5150.0 -0.73969
6250.0 5150.0 -0.51227
6350.0 5150.0 -0.02739
50.0 5250.0 0.17000
150.0 5250.0 0.20959
250.0 5250.0 0.62404
350.0 5250.0 1.25680
450.0 5250.0 1.75640
550.0 5250.0 1.87553
650.0 5250.0 1.63436
750.0 5250.0 1.27680
850.0 5250.0 0.83851
950.0 5250.0 0.33323
1050.0 5250.0 -0.16667
1150.0 5250.0 -0.59425
1250.0 5250.0 -0.93392
1350.0 5250.0 -1.28631
1450.0 5250.0 -1.88180
1550.0 5250.0 -2.43661
1650.0 5250.0 -2.53596
1750.0 5250.0 -2.11172
1850.0 5250.0 -1.46278
1950.0 5250.0 -0.86348
2050.0 5250.0 -0.58607
2150.0 5250.0 -0.76852
2250.0 5250.0 -1.16644
2350.0 5250.0 -1.38517
2450.0 5250.0 -1.15375
2550.0 5250.0 -0.61419
2650.0 5250.0 -0.17609
2750.0 5250.0 -0.10983
2850.0 5250.0 -0.47691
2950.0 5250.0 -1.03119
3050.0 5250.0 -1.37984
3150.0 5250.0 -1.41206
3250.0 5250.0 -1.26116
3350.0 5250.0 -0.78476
3450.0 5250.0 -0.06468
3550.0 5250.0 0.64446
3650.0 5250.0 1.09046
3750.0 5250.0 1.25493
3850.0 5250.0 1.51664
3950.0 5250.0 2.02032
4050.0 5250.0 2.47337
4150.0 5250.0 2.59577
4250.0 5250.0 2.35822
4350.0 5250.0 1.95287
4450.0 5250.0 1.58903
4550.0 5250.0 1.40003
4650.0 5250.0 1.31731
4750.0 5250.0 1.18453
4850.0 5250.0 0.88382
4950.0 5250.0 0.41779
5050.0 5250.0 -0.15411
5150.0 5250.0 -0.88396
5250.0 5250.0 -1.47993
5350.0 5250.0 -1.66895
5450.0 5250.0 -1.49045
5550.0 5250.0 -1.22135
5650.0 5250.0 -1.00619
5750.0 5250.0 -0.90145
5850.0 5250.0 -0.89918
5950.0 5250.0 -0.90048
6050.0 5250.0 -0.80607
6150.0 5250.0 -0.58450
6250.0 5250.0 -0.27805
6350.0 5250.0 0.24268
50.0 5350.0 0.67053
150.0 5350.0 0.46567
250.0 5350.0 0.61483
350.0 5350.0 1.03898
450.0 5350.0 1.43891
550.0 5350.0 1.53599
650.0 5350.0 1.27282
750.0 5350.0 0.88070
850.0 5350.0 0.43182
950.0 5350.0 -0.03725
1050.0 5350.0 -0.46063
1150.0 5350.0 -0.80807
1250.0 5350.0 -1.10148
1350.0 5350.0 -1.42923
1450.0 5350.0 -1.99237
1550.0 5350.0 -2.48940
1650.0 5350.0 -2.50127
1750.0 5350.0 -1.97761
1850.0 5350.0 -1.24332
1950.0 5350.0 -0.56938
2050.0 5350.0 -0.19070
2150.0 5350.0 -0.30667
2250.0 5350.0 -0.75294
2350.0 5350.0 -1.13012
2450.0 5350.0 -1.08230
2550.0 5350.0 -0.69863
2650.0 5350.0 -0.43417
2750.0 5350.0 -0.49963
2850.0 5350.0 -0.86591
2950.0 5350.0 -1.29083
3050.0 5350.0 -1.48204
3150.0 5350.0 -1.40304
3250.0 5350.0 -1.15592
3350.0 5350.0 -0.62992
3450.0 5350.0 0.06184
3550.0 5350.0 0.68725
3650.0 5350.0 1.05944
3750.0 5350.0 1.19846
3850.0 5350.0 1.37204
3950.0 5350.0 1.66477
4050.0 5350.0 1.93351
4150.0 5350.0 2.04070
4250.0 5350.0 1.97129
4350.0 5350.0 1.81902
4450.0 5350.0 1.73770
4550.0 5350.0 1.82316
4650.0 5350.0 1.85393
4750.0 5350.0 1.61214
4850.0 5350.0 1.08917
4950.0 5350.0 0.45269
5050.0 5350.0 -0.27207
5150.0 5350.0 -1.18727
5250.0 5350.0 -1.84460
5350.0 5350.0 -1.86454
5450.0 5350.0 -1.35641
5550.0 5350.0 -0.76709
5650.0 5350.0 -0.28946
5750.0 5350.0 -0.04933
5850.0 5350.0 -0.11602
5950.0 5350.0 -0.33003
6050.0 5350.0 -0.42569
6150.0 5350.0 -0.22434
6250.0 5350.0 0.16016
6350.0 5350.0 0.65921
50.0 5450.0 0.70157
150.0 5450.0 0.32969
250.0 5450.0 0.28231
350.0 5450.0 0.53422
450.0 5450.0 0.83361
550.0 5450.0 0.89416
650.0 5450.0 0.61077
750.0 5450.0 0.21538
850.0 5450.0 -0.11208
950.0 5450.0 -0.31968
1050.0 5450.0 -0.43306
1150.0 5450.0 -0.54834
1250.0 5450.0 -0.75604
1350.0 5450.0 -1.06840
1450.0 5450.0 -1.62546
1550.0 5450.0 -2.11557
1650.0 5450.0 -2.10566
1750.0 5450.0 -1.54273
1850.0 5450.0 -0.76127
1950.0 5450.0 -0.03786
2050.0 5450.0 0.40814
2150.0 5450.0 0.33598
2250.0 5450.0 -0.14318
2350.0 5450.0 -0.62658
2450.0 5450.0 -0.70145
2550.0 5450.0 -0.42096
2650.0 5450.0 -0.25382
2750.0 5450.0 -0.35914
2850.0 5450.0 -0.66193
2950.0 5450.0 -0.94771
3050.0 5450.0 -1.00924
3150.0 5450.0 -0.85516
3250.0 5450.0 -0.61273
3350.0 5450.0 -0.26098
3450.0 5450.0 0.12116
3550.0 5450.0 0.43152
3650.0 5450.0 0.62034
3750.0 5450.0 0.72439
3850.0 5450.0 0.82654
3950.0 5450.0 0.93317
4050.0 5450.0 1.01061
4150.0 5450.0 1.04305
4250.0 5450.0 1.04909
4350.0 5450.0 1.05910
4450.0 5450.0 1.18655
4550.0 5450.0 1.54519
4650.0 5450.0 1.79823
4750.0 5450.0 1.63055
4850.0 5450.0 1.05003
4950.0 5450.0 0.32059
5050.0 5450.0 -0.49653
5150.0 5450.0 -1.48081
5250.0 5450.0 -2.08246
5350.0 5450.0 -1.88705
5450.0 5450.0 -1.09062
5550.0 5450.0 -0.26842
5650.0 5450.0 0.38092
5750.0 5450.0 0.68462
5850.0 5450.0 0.51989
5950.0 5450.0 0.10544
6050.0 5450.0 -0.15895
6150.0 5450.0 0.01483
6250.0 5450.0 0.44662
6350.0 5450.0 0.88229
50.0 5550.0 0.15412
150.0 5550.0 -0.25631
250.0 5550.0 -0.31695
350.0 5550.0 -0.04239
450.0 5550.0 0.30193
550.0 5550.0 0.39913
650.0 5550.0 0.12194
750.0 5550.0 -0.25454
850.0 5550.0 -0.41927
950.0 5550.0 -0.31579
1050.0 5550.0 -0.08281
1150.0 5550.0 0.04609
1250.0 5550.0 -0.08261
1350.0 5550.0 -0.39441
1450.0 5550.0 -0.98979
1550.0 5550.0 -1.55957
1650.0 5550.0 -1.63805
1750.0 5550.0 -1.13393
1850.0 5550.0 -0.36437
1950.0 5550.0 0.37306
2050.0 5550.0 0.85012
2150.0 5550.0 0.81790
2250.0 5550.0 0.36342
2350.0 5550.0 -0.12309
2450.0 5550.0 -0.22143
2550.0 5550.0 0.03157
2650.0 5550.0 0.19224
2750.0 5550.0 0.12998
2850.0 5550.0 -0.08375
2950.0 5550.0 -0.27058
3050.0 5550.0 -0.26772
3150.0 5550.0 -0.09143
3250.0 5550.0 0.07452
3350.0 5550.0 0.15087
3450.0 5550.0 0.12849
3550.0 5550.0 0.06721
3650.0 5550.0 0.05796
3750.0 5550.0 0.13255
3850.0 5550.0 0.20296
3950.0 5550.0 0.21540
4050.0 5550.0 0.17605
4150.0 5550.0 0.12796
4250.0 5550.0 0.12147
4350.0 5550.0 0.17115
4450.0 5550.0 0.37676
4550.0 5550.0 0.89819
4650.0 5550.0 1.35350
4750.0 5550.0 1.34661
4850.0 5550.0 0.83631
4950.0 5550.0 0.10047
5050.0 5550.0 -0.73795
5150.0 5550.0 -1.71489
5250.0 5550.0 -2.25341
5350.0 5550.0 -1.94698
5450.0 5550.0 -1.03575
5550.0 5550.0 -0.13850
5650.0 5550.0 0.55637
5750.0 5550.0 0.85581
5850.0 5550.0 0.62041
5950.0 5550.0 0.10102
6050.0 5550.0 -0.24561
6150.0 5550.0 -0.09125
6250.0 5550.0 0.34948
6350.0 5550.0 0.72201
50.0 5650.0 -0.63122
150.0 5650.0 -1.02562
250.0 5650.0 -1.00612
350.0 5650.0 -0.59010
450.0 5650.0 -0.09175
550.0 5650.0 0.11407
650.0 5650.0 -0.12309
750.0 5650.0 -0.46203
850.0 5650.0 -0.47087
950.0 5650.0 -0.09688
1050.0 5650.0 0.42396
1150.0 5650.0 0.74956
1250.0 5650.0 0.68373
1350.0 5650.0 0.37133
1450.0 5650.0 -0.27556
1550.0 5650.0 -0.95755
1650.0 5650.0 -1.16979
1750.0 5650.0 -0.76691
1850.0 5650.0 -0.03506
1950.0 5650.0 0.70208
2050.0 5650.0 1.20176
2150.0 5650.0 1.22041
2250.0 5650.0 0.82592
2350.0 5650.0 0.38322
2450.0 5650.0 0.29857
2550.0 5650.0 0.54741
2650.0 5650.0 0.72578
2750.0 5650.0 0.72168
2850.0 5650.0 0.58970
2950.0 5650.0 0.47475
3050.0 5650.0 0.51266
3150.0 5650.0 0.69097
3250.0 5650.0 0.76033
3350.0 5650.0 0.54312
3450.0 5650.0 0.10656
3550.0 5650.0 -0.32670
3650.0 5650.0 -0.53138
3750.0 5650.0 -0.48653
3850.0 5650.0 -0.43085
3950.0 5650.0 -0.46203
4050.0 5650.0 -0.56721
4150.0 5650.0 -0.68050
4250.0 5650.0 -0.72891
4350.0 5650.0 -0.69408
4450.0 5650.0 -0.47338
4550.0 5650.0 0.15114
4650.0 5650.0 0.79183
4750.0 5650.0 0.98665
4850.0 5650.0 0.61588
4950.0 5650.0 -0.07179
5050.0 5650.0 -0.88632
5150.0 5650.0 -1.82545
5250.0 5650.0 -2.32903
5350.0 5650.0 -2.00995
5450.0 5650.0 -1.11062
5550.0 5650.0 -0.23585
5650.0 5650.0 0.43518
5750.0 5650.0 0.70339
5850.0 5650.0 0.43084
5950.0 5650.0 -0.12432
6050.0 5650.0 -0.49925
6150.0 5650.0 -0.36487
6250.0 5650.0 0.05486
6350.0 5650.0 0.36570
50.0 5750.0 -1.42711
150.0 5750.0 -1.80178
250.0 5750.0 -1.68842
350.0 5750.0 -1.07064
450.0 5750.0 -0.30128
550.0 5750.0 0.15345
650.0 5750.0 0.07517
750.0 5750.0 -0.13759
850.0 5750.0 0.00204
950.0 5750.0 0.51636
1050.0 5750.0 1.13415
1150.0 5750.0 1.51142
1250.0 5750.0 1.48045
1350.0 5750.0 1.20062
1450.0 5750.0 0.54509
1550.0 5750.0 -0.20951
1650.0 5750.0 -0.53548
1750.0 5750.0 -0.23482
1850.0 5750.0 0.45059
1950.0 5750.0 1.18279
2050.0 5750.0 1.72331
2150.0 5750.0 1.83126
2250.0 5750.0 1.52795
2350.0 5750.0 1.13140
2450.0 5750.0 1.03294
2550.0 5750.0 1.23674
2650.0 5750.0 1.37863
2750.0 5750.0 1.37087
2850.0 5750.0 1.27445
2950.0 5750.0 1.21282
3050.0 5750.0 1.28654
3150.0 5750.0 1.47080
3250.0 5750.0 1.44213
3350.0 5750.0 0.91096
3450.0 5750.0 0.01553
3550.0 5750.0 -0.84717
3650.0 5750.0 -1.29594
3750.0 5750.0 -1.31094
3850.0 5750.0 -1.27466
3950.0 5750.0 -1.30541
4050.0 5750.0 -1.41213
4150.0 5750.0 -1.55105
4250.0 5750.0 -1.65306
4350.0 5750.0 -1.68612
4450.0 5750.0 -1.51623
4550.0 5750.0 -0.83186
4650.0 5750.0 0.04449
4750.0 5750.0 0.59957
4850.0 5750.0 0.56688
4950.0 5750.0 0.08190
5050.0 5750.0 -0.57226
5150.0 5750.0 -1.35497
5250.0 5750.0 -1.82859
5350.0 5750.0 -1.66673
5450.0 5750.0 -1.02966
5550.0 5750.0 -0.37713
5650.0 5750.0 0.13119
5750.0 5750.0 0.32849
5850.0 5750.0 0.10130
5950.0 5750.0 -0.35529
6050.0 5750.0 -0.67968
6150.0 5750.0 -0.60888
6250.0 5750.0 -0.31623
6350.0 5750.0 -0.12310
50.0 5850.0 -1.81026
150.0 5850.0 -2.18135
250.0 5850.0 -2.05811
350.0 5850.0 -1.33987
450.0 5850.0 -0.34403
550.0 5850.0 0.40209
650.0 5850.0 0.58390
750.0 5850.0 0.58760
850.0 5850.0 0.82945
950.0 5850.0 1.27216
1050.0 5850.0 1.70264
1150.0 5850.0 1.92103
1250.0 5850.0 1.87827
1350.0 5850.0 1.66909
1450.0 5850.0 1.07159
1550.0 5850.0 0.32841
1650.0 5850.0 -0.04200
1750.0 5850.0 0.19056
1850.0 5850.0 0.83280
1950.0 5850.0 1.55449
2050.0 5850.0 2.14219
2150.0 5850.0 2.35030
2250.0 5850.0 2.13386
2350.0 5850.0 1.75571
2450.0 5850.0 1.60090
2550.0 5850.0 1.71424
2650.0 5850.0 1.75951
2750.0 5850.0 1.67789
2850.0 5850.0 1.56309
2950.0 5850.0 1.53169
3050.0 5850.0 1.64074
3150.0 5850.0 1.83649
3250.0 5850.0 1.76953
3350.0 5850.0 1.08654
3450.0 5850.0 -0.05803
3550.0 5850.0 -1.18241
3650.0 5850.0 -1.80902
3750.0 5850.0 -1.90068
3850.0 5850.0 -1.88467
3950.0 5850.0 -1.85196
4050.0 5850.0 -1.86735
4150.0 5850.0 -1.96694
4250.0 5850.0 -2.12250
4350.0 5850.0 -2.27848
4450.0 5850.0 -2.25688
4550.0 5850.0 -1.67564
4650.0 5850.0 -0.69827
4750.0 5850.0 0.19941
4850.0 5850.0 0.60295
4950.0 5850.0 0.46145
5050.0 5850.0 0.12202
5150.0 5850.0 -0.33957
5250.0 5850.0 -0.72473
5350.0 5850.0 -0.83642
5450.0 5850.0 -0.68781
5550.0 5850.0 -0.46126
5650.0 5850.0 -0.26522
5750.0 5850.0 -0.17515
5850.0 5850.0 -0.25465
5950.0 5850.0 -0.45260
6050.0 5850.0 -0.63073
6150.0 5850.0 -0.66743
6250.0 5850.0 -0.61684
6350.0 5850.0 -0.60152
50.0 5950.0 -1.51197
150.0 5950.0 -1.91057
250.0 5950.0 -1.93263
350.0 5950.0 -1.36577
450.0 5950.0 -0.38723
550.0 5950.0 0.51245
650.0 5950.0 0.94286
750.0 5950.0 1.17831
850.0 5950.0 1.45823
950.0 5950.0 1.67810
1050.0 5950.0 1.74251
1150.0 5950.0 1.67493
1250.0 5950.0 1.58601
1350.0 5950.0 1.46012
1450.0 5950.0 0.96508
1550.0 5950.0 0.31049
1650.0 5950.0 -0.02229
1750.0 5950.0 0.19841
1850.0 5950.0 0.81543
1950.0 5950.0 1.52435
2050.0 5950.0 2.14249
2150.0 5950.0 2.41165
2250.0 5950.0 2.22939
2350.0 5950.0 1.82174
2450.0 5950.0 1.58271
2550.0 5950.0 1.59278
2650.0 5950.0 1.52430
2750.0 5950.0 1.34672
2850.0 5950.0 1.19440
2950.0 5950.0 1.18290
3050.0 5950.0 1.32515
3150.0 5950.0 1.53535
3250.0 5950.0 1.52879
3350.0 5950.0 0.98659
3450.0 5950.0 -0.00143
3550.0 5950.0 -1.03076
3650.0 5950.0 -1.65594
3750.0 5950.0 -1.80692
3850.0 5950.0 -1.80552
3950.0 5950.0 -1.67190
4050.0 5950.0 -1.54011
4150.0 5950.0 -1.55346
4250.0 5950.0 -1.74548
4350.0 5950.0 -2.03561
4450.0 5950.0 -2.22325
4550.0 5950.0 -1.94575
4650.0 5950.0 -1.15990
4750.0 5950.0 -0.18232
4850.0 5950.0 0.52340
4950.0 5950.0 0.72540
5050.0 5950.0 0.74926
5150.0 5950.0 0.70033
5250.0 5950.0 0.50523
5350.0 5950.0 0.18163
5450.0 5950.0 -0.15558
5550.0 5950.0 -0.39056
5650.0 5950.0 -0.54426
5750.0 5950.0 -0.56178
5850.0 5950.0 -0.44952
5950.0 5950.0 -0.32759
6050.0 5950.0 -0.32052
6150.0 5950.0 -0.47135
6250.0 5950.0 -0.69238
6350.0 5950.0 -0.86930
50.0 6050.0 -0.77773
150.0 6050.0 -1.22634
250.0 6050.0 -1.50276
350.0 6050.0 -1.29846
450.0 6050.0 -0.59390
550.0 6050.0 0.24810
650.0 6050.0 0.81412
750.0 6050.0 1.21192
850.0 6050.0 1.49614
950.0 6050.0 1.51394
1050.0 6050.0 1.26985
1150.0 6050.0 0.96547
1250.0 6050.0 0.83369
1350.0 6050.0 0.76941
1450.0 6050.0 0.36643
1550.0 6050.0 -0.18665
1650.0 6050.0 -0.44842
1750.0 6050.0 -0.20363
1850.0 6050.0 0.40707
1950.0 6050.0 1.10586
2050.0 6050.0 1.72763
2150.0 6050.0 1.99909
2250.0 6050.0 1.79032
2350.0 6050.0 1.32132
2450.0 6050.0 1.00530
2550.0 6050.0 0.94065
2650.0 6050.0 0.79614
2750.0 6050.0 0.56391
2850.0 6050.0 0.40320
2950.0 6050.0 0.42145
3050.0 6050.0 0.59472
3150.0 6050.0 0.81759
3250.0 6050.0 0.93462
3350.0 6050.0 0.73514
3450.0 6050.0 0.19839
3550.0 6050.0 -0.46050
3650.0 6050.0 -0.92816
3750.0 6050.0 -1.10073
3850.0 6050.0 -1.10613
3950.0 6050.0 -0.88705
4050.0 6050.0 -0.63000
4150.0 6050.0 -0.56283
4250.0 6050.0 -0.77030
4350.0 6050.0 -1.15462
4450.0 6050.0 -1.53137
4550.0 6050.0 -1.64542
4650.0 6050.0 -1.27982
4750.0 6050.0 -0.52858
4850.0 6050.0 0.21840
4950.0 6050.0 0.62638
5050.0 6050.0 0.92254
5150.0 6050.0 1.23804
5250.0 6050.0 1.30101
5350.0 6050.0 0.95506
5450.0 6050.0 0.35622
5550.0 6050.0 -0.18502
5650.0 6050.0 -0.58848
5750.0 6050.0 -0.67858
5850.0 6050.0 -0.42026
5950.0 6050.0 -0.05939
6050.0 6050.0 0.08736
6150.0 6050.0 -0.14286
6250.0 6050.0 -0.55964
6350.0 6050.0 -0.88782
50.0 6150.0 -0.14655
150.0 6150.0 -0.64383
250.0 6150.0 -1.16381
350.0 6150.0 -1.34866
450.0 6150.0 -1.01139
550.0 6150.0 -0.36524
650.0 6150.0 0.20156
750.0 6150.0 0.65711
850.0 6150.0 0.96469
950.0 6150.0 0.95521
1050.0 6150.0 0.65180
1150.0 6150.0 0.29849
1250.0 6150.0 0.16168
1350.0 6150.0 0.11866
1450.0 6150.0 -0.24917
1550.0 6150.0 -0.75951
1650.0 6150.0 -0.98738
1750.0 6150.0 -0.72706
1850.0 6150.0 -0.11580
1950.0 6150.0 0.57849
2050.0 6150.0 1.18563
2150.0 6150.0 1.42169
2250.0 6150.0 1.15952
2350.0 6150.0 0.63482
2450.0 6150.0 0.27844
2550.0 6150.0 0.18851
2650.0 6150.0 0.03344
2750.0 6150.0 -0.17841
2850.0 6150.0 -0.29117
2950.0 6150.0 -0.22030
3050.0 6150.0 -0.01676
3150.0 6150.0 0.21360
3250.0 6150.0 0.43937
3350.0 6150.0 0.55738
3450.0 6150.0 0.45601
3550.0 6150.0 0.17456
3650.0 6150.0 -0.10921
3750.0 6150.0 -0.27153
3850.0 6150.0 -0.27916
3950.0 6150.0 -0.03123
4050.0 6150.0 0.26812
4150.0 6150.0 0.36257
4250.0 6150.0 0.15005
4350.0 6150.0 -0.26585
4450.0 6150.0 -0.74605
4550.0 6150.0 -1.16894
4650.0 6150.0 -1.23307
4750.0 6150.0 -0.84702
4850.0 6150.0 -0.26490
4950.0 6150.0 0.17131
5050.0 6150.0 0.57469
5150.0 6150.0 1.10283
5250.0 6150.0 1.41235
5350.0 6150.0 1.22874
5450.0 6150.0 0.65543
5550.0 6150.0 0.04336
5650.0 6150.0 -0.44402
5750.0 6150.0 -0.56110
5850.0 6150.0 -0.25886
5950.0 6150.0 0.17643
6050.0 6150.0 0.36594
6150.0 6150.0 0.10771
6250.0 6150.0 -0.37781
6350.0 6150.0 -0.79024
50.0 6250.0 0.23497
150.0 6250.0 -0.30099
250.0 6250.0 -1.00252
350.0 6250.0 -1.49565
450.0 6250.0 -1.48012
550.0 6250.0 -1.04640
650.0 6250.0 -0.54207
750.0 6250.0 -0.08996
850.0 6250.0 0.25801
950.0 6250.0 0.33660
1050.0 6250.0 0.13605
1150.0 6250.0 -0.14304
1250.0 6250.0 -0.25656
1350.0 6250.0 -0.29944
1450.0 6250.0 -0.66597
1550.0 6250.0 -1.17630
1650.0 6250.0 -1.40867
1750.0 6250.0 -1.15712
1850.0 6250.0 -0.55572
1950.0 6250.0 0.12799
2050.0 6250.0 0.70749
2150.0 6250.0 0.89564
2250.0 6250.0 0.58196
2350.0 6250.0 0.02105
2450.0 6250.0 -0.34815
2550.0 6250.0 -0.43659
2650.0 6250.0 -0.56895
2750.0 6250.0 -0.72591
2850.0 6250.0 -0.77020
2950.0 6250.0 -0.64538
3050.0 6250.0 -0.42034
3150.0 6250.0 -0.19092
3250.0 6250.0 0.10861
3350.0 6250.0 0.46165
3450.0 6250.0 0.69700
3550.0 6250.0 0.72163
3650.0 6250.0 0.60130
3750.0 6250.0 0.46614
3850.0 6250.0 0.45938
3950.0 6250.0 0.69388
4050.0 6250.0 0.96776
4150.0 6250.0 1.03557
4250.0 6250.0 0.80721
4350.0 6250.0 0.38912
4450.0 6250.0 -0.14094
4550.0 6250.0 -0.78750
4650.0 6250.0 -1.21429
4750.0 6250.0 -1.18917
4850.0 6250.0 -0.82689
4950.0 6250.0 -0.43673
5050.0 6250.0 -0.00663
5150.0 6250.0 0.64916
5250.0 6250.0 1.18046
5350.0 6250.0 1.23175
5450.0 6250.0 0.81659
5550.0 6250.0 0.25247
5650.0 6250.0 -0.23150
5750.0 6250.0 -0.35690
5850.0 6250.0 -0.07681
5950.0 6250.0 0.33091
6050.0 6250.0 0.49967
6150.0 6250.0 0.23480
6250.0 6250.0 -0.25453
6350.0 6250.0 -0.71626
50.0 6350.0 0.25509
150.0 6350.0 -0.30135
250.0 6350.0 -0.99095
350.0 6350.0 -1.48353
450.0 6350.0 -1.52361
550.0 6350.0 -1.20324
650.0 6350.0 -0.83462
750.0 6350.0 -0.50608
850.0 6350.0 -0.19593
950.0 6350.0 -0.02283
1050.0 6350.0 -0.03912
1150.0 6350.0 -0.15357
1250.0 6350.0 -0.21342
1350.0 6350.0 -0.26027
1450.0 6350.0 -0.60263
1550.0 6350.0 -1.08583
1650.0 6350.0 -1.33235
1750.0 6350.0 -1.14891
1850.0 6350.0 -0.64436
1950.0 6350.0 -0.06135
2050.0 6350.0 0.40418
2150.0 6350.0 0.49876
2250.0 6350.0 0.15392
2350.0 6350.0 -0.37971
2450.0 6350.0 -0.70981
2550.0 6350.0 -0.77545
2650.0 6350.0 -0.87554
2750.0 6350.0 -1.00407
2850.0 6350.0 -1.05465
2950.0 6350.0 -0.97690
3050.0 6350.0 -0.81533
3150.0 6350.0 -0.64097
3250.0 6350.0 -0.32783
3350.0 6350.0 0.21032
3450.0 6350.0 0.78633
3550.0 6350.0 1.18183
3650.0 6350.0 1.31121
3750.0 6350.0 1.27139
3850.0 6350.0 1.29695
3950.0 6350.0 1.45691
4050.0 6350.0 1.56114
4150.0 6350.0 1.44374
4250.0 6350.0 1.10714
4350.0 6350.0 0.68418
4450.0 6350.0 0.12500
4550.0 6350.0 -0.71404
4650.0 6350.0 -1.45805
4750.0 6350.0 -1.74001
4850.0 6350.0 -1.54765
4950.0 6350.0 -1.16573
5050.0 6350.0 -0.68178
5150.0 6350.0 0.10653
5250.0 6350.0 0.85747
5350.0 6350.0 1.15949
5450.0 6350.0 0.94732
5550.0 6350.0 0.49628
5650.0 6350.0 0.07686
5750.0 6350.0 -0.05832
5850.0 6350.0 0.11457
5950.0 6350.0 0.36674
6050.0 6350.0 0.41559
6150.0 6350.0 0.12415
6250.0 6350.0 -0.34470
6350.0 6350.0 -0.83402
