50.0 50.0 0.00000
150.0 50.0 0.58832
250.0 50.0 1.23176
350.0 50.0 1.83222
450.0 50.0 2.23817
550.0 50.0 2.33465
650.0 50.0 2.09515
750.0 50.0 1.59515
850.0 50.0 0.98747
950.0 50.0 0.43930
1050.0 50.0 0.03105
1150.0 50.0 -0.32205
1250.0 50.0 -0.62794
1350.0 50.0 -0.82803
1450.0 50.0 -0.88109
1550.0 50.0 -0.78163
1650.0 50.0 -0.56564
1750.0 50.0 -0.30406
1850.0 50.0 -0.08359
1950.0 50.0 0.02478
2050.0 50.0 0.00979
2150.0 50.0 -0.02745
2250.0 50.0 0.06238
2350.0 50.0 0.30419
2450.0 50.0 0.62670
2550.0 50.0 0.92323
2650.0 50.0 1.09655
2750.0 50.0 1.08781
2850.0 50.0 0.88941
2950.0 50.0 0.54192
3050.0 50.0 0.11507
3150.0 50.0 -0.31389
3250.0 50.0 -0.60832
3350.0 50.0 -0.67463
3450.0 50.0 -0.51320
3550.0 50.0 -0.19295
3650.0 50.0 0.17604
3750.0 50.0 0.47120
3850.0 50.0 0.58753
3950.0 50.0 0.46890
4050.0 50.0 0.14078
4150.0 50.0 -0.26381
4250.0 50.0 -0.59838
4350.0 50.0 -0.78180
4450.0 50.0 -0.78091
4550.0 50.0 -0.61241
4650.0 50.0 -0.33723
4750.0 50.0 -0.04650
4850.0 50.0 0.16103
4950.0 50.0 0.20985
5050.0 50.0 0.08705
5150.0 50.0 -0.11334
5250.0 50.0 -0.24264
5350.0 50.0 -0.23481
5450.0 50.0 -0.09770
5550.0 50.0 0.11586
5650.0 50.0 0.33289
5750.0 50.0 0.48136
5850.0 50.0 0.50773
5950.0 50.0 0.39068
6050.0 50.0 0.15133
6150.0 50.0 -0.14340
6250.0 50.0 -0.44641
6350.0 50.0 -0.72587
50.0 150.0 -0.37866
150.0 150.0 0.20297
250.0 150.0 0.84772
350.0 150.0 1.46243
450.0 150.0 1.89665
550.0 150.0 2.03278
650.0 150.0 1.83864
750.0 150.0 1.38233
850.0 150.0 0.80948
950.0 150.0 0.28290
1050.0 150.0 -0.11544
1150.0 150.0 -0.46457
1250.0 150.0 -0.78309
1350.0 150.0 -1.02114
1450.0 150.0 -1.13701
1550.0 150.0 -1.11760
1650.0 150.0 -0.98691
1750.0 150.0 -0.80231
1850.0 150.0 -0.63893
1950.0 150.0 -0.56185
2050.0 150.0 -0.58633
2150.0 150.0 -0.62469
2250.0 150.0 -0.52297
2350.0 150.0 -0.24837
2450.0 150.0 0.12776
2550.0 150.0 0.49258
2650.0 150.0 0.73895
2750.0 150.0 0.79677
2850.0 150.0 0.64871
2950.0 150.0 0.33016
3050.0 150.0 -0.08650
3150.0 150.0 -0.50944
3250.0 150.0 -0.77651
3350.0 150.0 -0.77952
3450.0 150.0 -0.51935
3550.0 150.0 -0.07619
3650.0 150.0 0.42236
3750.0 150.0 0.83456
3850.0 150.0 1.03927
3950.0 150.0 0.97204
4050.0 150.0 0.66268
4150.0 150.0 0.26277
4250.0 150.0 -0.08407
4350.0 150.0 -0.31045
4450.0 150.0 -0.38425
4550.0 150.0 -0.31352
4650.0 150.0 -0.14449
4750.0 150.0 0.04854
4850.0 150.0 0.18168
4950.0 150.0 0.18800
5050.0 150.0 0.05237
5150.0 150.0 -0.14698
5250.0 150.0 -0.26189
5350.0 150.0 -0.21459
5450.0 150.0 -0.01240
5550.0 150.0 0.28407
5650.0 150.0 0.58936
5750.0 150.0 0.81774
5850.0 150.0 0.90404
5950.0 150.0 0.82065
6050.0 150.0 0.59069
6150.0 150.0 0.29357
6250.0 150.0 -0.01862
6350.0 150.0 -0.32073
50.0 250.0 -0.80693
150.0 250.0 -0.27144
250.0 250.0 0.33777
350.0 250.0 0.94261
450.0 250.0 1.40438
550.0 250.0 1.60826
650.0 250.0 1.51375
750.0 250.0 1.17096
850.0 250.0 0.70295
950.0 250.0 0.25393
1050.0 250.0 -0.09659
1150.0 250.0 -0.41078
1250.0 250.0 -0.72075
1350.0 250.0 -0.99554
1450.0 250.0 -1.19888
1550.0 250.0 -1.30961
1650.0 250.0 -1.33231
1750.0 250.0 -1.29809
1850.0 250.0 -1.25571
1950.0 250.0 -1.25290
2050.0 250.0 -1.30794
2150.0 250.0 -1.36132
2250.0 250.0 -1.26178
2350.0 250.0 -0.96507
2450.0 250.0 -0.53781
2550.0 250.0 -0.09568
2650.0 250.0 0.24435
2750.0 250.0 0.39759
2850.0 250.0 0.33106
2950.0 250.0 0.06872
3050.0 250.0 -0.31740
3150.0 250.0 -0.71849
3250.0 250.0 -0.95423
3350.0 250.0 -0.90848
3450.0 250.0 -0.58047
3550.0 250.0 -0.05414
3650.0 250.0 0.53512
3750.0 250.0 1.03570
3850.0 250.0 1.31691
3950.0 250.0 1.30809
4050.0 250.0 1.03970
4150.0 250.0 0.67257
4250.0 250.0 0.34521
4350.0 250.0 0.11145
4450.0 250.0 -0.00148
4550.0 250.0 0.00230
4650.0 250.0 0.08777
4750.0 250.0 0.19657
4850.0 250.0 0.26140
4950.0 250.0 0.22757
5050.0 250.0 0.08136
5150.0 250.0 -0.11348
5250.0 250.0 -0.20652
5350.0 250.0 -0.10608
5450.0 250.0 0.17881
5550.0 250.0 0.57560
5650.0 250.0 0.98224
5750.0 250.0 1.29655
5850.0 250.0 1.44107
5950.0 250.0 1.38320
6050.0 250.0 1.15079
6150.0 250.0 0.83824
6250.0 250.0 0.50040
6350.0 250.0 0.15189
50.0 350.0 -1.22163
150.0 350.0 -0.78750
250.0 350.0 -0.27029
350.0 350.0 0.27907
450.0 350.0 0.74902
550.0 350.0 1.03741
650.0 350.0 1.09508
750.0 350.0 0.94298
850.0 350.0 0.66294
950.0 350.0 0.36196
1050.0 350.0 0.11006
1150.0 350.0 -0.12543
1250.0 350.0 -0.38958
1350.0 350.0 -0.68102
1450.0 350.0 -0.97800
1550.0 350.0 -1.25421
1650.0 350.0 -1.48973
1750.0 350.0 -1.67707
1850.0 350.0 -1.82247
1950.0 350.0 -1.94225
2050.0 350.0 -2.05437
2150.0 350.0 -2.14239
2250.0 350.0 -2.06847
2350.0 350.0 -1.77416
2450.0 350.0 -1.31433
2550.0 350.0 -0.80109
2650.0 350.0 -0.35830
2750.0 350.0 -0.08695
2850.0 350.0 -0.04140
2950.0 350.0 -0.21655
3050.0 350.0 -0.54584
3150.0 350.0 -0.90361
3250.0 350.0 -1.10535
3350.0 350.0 -1.03779
3450.0 350.0 -0.69546
3550.0 350.0 -0.15439
3650.0 350.0 0.45772
3750.0 350.0 0.99435
3850.0 350.0 1.32617
3950.0 350.0 1.38017
4050.0 350.0 1.18175
4150.0 350.0 0.88599
4250.0 350.0 0.62230
4350.0 350.0 0.43148
4450.0 350.0 0.33065
4550.0 350.0 0.31276
4650.0 350.0 0.34890
4750.0 350.0 0.39480
4850.0 350.0 0.40185
4950.0 350.0 0.33230
5050.0 350.0 0.17901
5150.0 350.0 -0.00670
5250.0 350.0 -0.07028
5350.0 350.0 0.09438
5450.0 350.0 0.47329
5550.0 350.0 0.97768
5650.0 350.0 1.48568
5750.0 350.0 1.87769
5850.0 350.0 2.06540
5950.0 350.0 2.01445
6050.0 350.0 1.76080
6150.0 350.0 1.41495
6250.0 350.0 1.03245
6350.0 350.0 0.61608
50.0 450.0 -1.51660
150.0 450.0 -1.23426
250.0 450.0 -0.86697
350.0 450.0 -0.43011
450.0 450.0 0.00659
550.0 450.0 0.36562
650.0 450.0 0.59322
750.0 450.0 0.67568
850.0 450.0 0.64036
950.0 450.0 0.54171
1050.0 450.0 0.43191
1150.0 450.0 0.31561
1250.0 450.0 0.14124
1350.0 450.0 -0.12478
1450.0 450.0 -0.48439
1550.0 450.0 -0.91344
1650.0 450.0 -1.36963
1750.0 450.0 -1.80282
1850.0 450.0 -2.16771
1950.0 450.0 -2.43893
2050.0 450.0 -2.62850
2150.0 450.0 -2.76925
2250.0 450.0 -2.74729
2350.0 450.0 -2.49007
2450.0 450.0 -2.03412
2550.0 450.0 -1.47979
2650.0 450.0 -0.95150
2750.0 450.0 -0.56417
2850.0 450.0 -0.39550
2950.0 450.0 -0.46448
3050.0 450.0 -0.71575
3150.0 450.0 -1.01151
3250.0 450.0 -1.18056
3350.0 450.0 -1.12437
3450.0 450.0 -0.82989
3550.0 450.0 -0.35310
3650.0 450.0 0.20242
3750.0 450.0 0.71150
3850.0 450.0 1.05833
3950.0 450.0 1.17213
4050.0 450.0 1.06752
4150.0 450.0 0.87749
4250.0 450.0 0.71747
4350.0 450.0 0.61624
4450.0 450.0 0.57612
4550.0 450.0 0.58077
4650.0 450.0 0.60216
4750.0 450.0 0.60795
4850.0 450.0 0.56939
4950.0 450.0 0.46971
5050.0 450.0 0.31293
5150.0 450.0 0.14027
5250.0 450.0 0.10935
5350.0 450.0 0.33796
5450.0 450.0 0.80397
5550.0 450.0 1.40049
5650.0 450.0 1.98622
5750.0 450.0 2.42685
5850.0 450.0 2.62769
5950.0 450.0 2.55735
6050.0 450.0 2.26249
6150.0 450.0 1.86746
6250.0 450.0 1.42818
6350.0 450.0 0.93957
50.0 550.0 -1.60680
150.0 550.0 -1.50749
250.0 550.0 -1.33371
350.0 550.0 -1.06332
450.0 550.0 -0.71445
550.0 550.0 -0.32888
650.0 550.0 0.04287
750.0 550.0 0.35465
850.0 550.0 0.57585
950.0 550.0 0.70084
1050.0 550.0 0.75655
1150.0 550.0 0.78518
1250.0 550.0 0.73987
1350.0 550.0 0.55419
1450.0 550.0 0.19577
1550.0 550.0 -0.32361
1650.0 550.0 -0.94886
1750.0 550.0 -1.59335
1850.0 550.0 -2.16172
1950.0 550.0 -2.58366
2050.0 550.0 -2.85859
2150.0 550.0 -3.06351
2250.0 550.0 -3.11580
2350.0 550.0 -2.93215
2450.0 550.0 -2.52643
2550.0 550.0 -1.97921
2650.0 550.0 -1.40722
2750.0 550.0 -0.93304
2850.0 550.0 -0.65500
2950.0 550.0 -0.61738
3050.0 550.0 -0.78093
3150.0 550.0 -1.00421
3250.0 550.0 -1.14592
3350.0 550.0 -1.13204
3450.0 550.0 -0.94012
3550.0 550.0 -0.59668
3650.0 550.0 -0.16821
3750.0 550.0 0.25471
3850.0 550.0 0.57993
3950.0 550.0 0.74311
4050.0 550.0 0.74386
4150.0 550.0 0.67971
4250.0 550.0 0.64771
4350.0 550.0 0.66580
4450.0 550.0 0.71877
4550.0 550.0 0.77677
4650.0 550.0 0.80890
4750.0 550.0 0.79265
4850.0 550.0 0.71921
4950.0 550.0 0.59466
5050.0 550.0 0.43714
5150.0 550.0 0.27958
5250.0 550.0 0.27877
5350.0 550.0 0.55851
5450.0 550.0 1.08635
5550.0 550.0 1.73853
5650.0 550.0 2.35853
5750.0 550.0 2.80353
5850.0 550.0 2.97905
5950.0 550.0 2.86166
6050.0 550.0 2.50975
6150.0 550.0 2.05629
6250.0 550.0 1.55908
6350.0 550.0 1.01403
50.0 650.0 -1.46597
150.0 650.0 -1.55378
250.0 650.0 -1.59130
350.0 650.0 -1.52363
450.0 650.0 -1.31492
550.0 650.0 -0.96412
650.0 650.0 -0.50912
750.0 650.0 -0.01934
850.0 650.0 0.42341
950.0 650.0 0.75561
1050.0 650.0 0.97437
1150.0 650.0 1.15232
1250.0 650.0 1.26005
1350.0 650.0 1.20707
1450.0 650.0 0.92794
1550.0 650.0 0.41187
1650.0 650.0 -0.28737
1750.0 650.0 -1.06112
1850.0 650.0 -1.77516
1950.0 650.0 -2.31864
2050.0 650.0 -2.67264
2150.0 650.0 -2.94359
2250.0 650.0 -3.08237
2350.0 650.0 -3.00054
2450.0 650.0 -2.68823
2550.0 650.0 -2.20074
2650.0 650.0 -1.63916
2750.0 650.0 -1.12545
2850.0 650.0 -0.77196
2950.0 650.0 -0.64540
3050.0 650.0 -0.72532
3150.0 650.0 -0.87647
3250.0 650.0 -0.99866
3350.0 650.0 -1.04741
3450.0 650.0 -0.99050
3550.0 650.0 -0.82096
3650.0 650.0 -0.56196
3750.0 650.0 -0.26294
3850.0 650.0 0.01308
3950.0 650.0 0.21092
4050.0 650.0 0.31349
4150.0 650.0 0.37613
4250.0 650.0 0.47466
4350.0 650.0 0.61727
4450.0 650.0 0.77110
4550.0 650.0 0.89188
4650.0 650.0 0.94446
4750.0 650.0 0.91475
4850.0 650.0 0.81274
4950.0 650.0 0.66689
5050.0 650.0 0.50978
5150.0 650.0 0.36702
5250.0 650.0 0.38887
5350.0 650.0 0.69831
5450.0 650.0 1.25182
5550.0 650.0 1.91283
5650.0 650.0 2.51641
5750.0 650.0 2.91897
5850.0 650.0 3.03307
5950.0 650.0 2.84724
6050.0 650.0 2.43083
6150.0 650.0 1.91862
6250.0 650.0 1.37327
6350.0 650.0 0.80281
50.0 750.0 -1.13801
150.0 750.0 -1.38876
250.0 750.0 -1.62419
350.0 750.0 -1.76685
450.0 750.0 -1.73254
550.0 750.0 -1.47632
650.0 750.0 -1.01552
750.0 750.0 -0.42945
850.0 750.0 0.16387
950.0 750.0 0.65417
1050.0 750.0 1.00848
1150.0 750.0 1.31753
1250.0 750.0 1.57978
1350.0 750.0 1.69336
1450.0 750.0 1.56216
1550.0 750.0 1.14571
1650.0 750.0 0.48203
1750.0 750.0 -0.31647
1850.0 750.0 -1.09420
1950.0 750.0 -1.71054
2050.0 750.0 -2.12504
2150.0 750.0 -2.45375
2250.0 750.0 -2.67755
2350.0 750.0 -2.70897
2450.0 750.0 -2.51704
2550.0 750.0 -2.13035
2650.0 750.0 -1.62915
2750.0 750.0 -1.12699
2850.0 750.0 -0.74185
2950.0 750.0 -0.55668
3050.0 750.0 -0.56957
3150.0 750.0 -0.65962
3250.0 750.0 -0.77020
3350.0 750.0 -0.88513
3450.0 750.0 -0.96368
3550.0 750.0 -0.96780
3650.0 750.0 -0.87991
3750.0 750.0 -0.71025
3850.0 750.0 -0.49361
3950.0 750.0 -0.27567
4050.0 750.0 -0.08879
4150.0 750.0 0.08207
4250.0 750.0 0.29114
4350.0 750.0 0.53742
4450.0 750.0 0.77300
4550.0 750.0 0.94176
4650.0 750.0 1.00581
4750.0 750.0 0.95914
4850.0 750.0 0.82861
4950.0 750.0 0.66224
5050.0 750.0 0.50475
5150.0 750.0 0.37422
5250.0 750.0 0.40870
5350.0 750.0 0.72426
5450.0 750.0 1.26745
5550.0 750.0 1.89434
5650.0 750.0 2.43892
5750.0 750.0 2.76388
5850.0 750.0 2.79380
5950.0 750.0 2.53090
6050.0 750.0 2.05312
6150.0 750.0 1.49083
6250.0 750.0 0.91509
6350.0 750.0 0.35602
50.0 850.0 -0.72202
150.0 850.0 -1.08913
250.0 850.0 -1.48072
350.0 850.0 -1.80945
450.0 850.0 -1.95520
550.0 850.0 -1.83476
650.0 850.0 -1.44052
750.0 850.0 -0.84792
850.0 850.0 -0.19194
950.0 850.0 0.38762
1050.0 850.0 0.83193
1150.0 850.0 1.23568
1250.0 850.0 1.63017
1350.0 850.0 1.91538
1450.0 850.0 1.97129
1550.0 850.0 1.72590
1650.0 850.0 1.19093
1750.0 850.0 0.46550
1850.0 850.0 -0.29243
1950.0 850.0 -0.92670
2050.0 850.0 -1.37578
2150.0 850.0 -1.74588
2250.0 850.0 -2.03945
2350.0 850.0 -2.17489
2450.0 850.0 -2.10578
2550.0 850.0 -1.83720
2650.0 850.0 -1.42773
2750.0 850.0 -0.97747
2850.0 850.0 -0.60211
2950.0 850.0 -0.39309
3050.0 850.0 -0.36375
3150.0 850.0 -0.41164
3250.0 850.0 -0.51631
3350.0 850.0 -0.68262
3450.0 850.0 -0.86381
3550.0 850.0 -0.99920
3650.0 850.0 -1.04135
3750.0 850.0 -0.97154
3850.0 850.0 -0.80355
3950.0 850.0 -0.57575
4050.0 850.0 -0.33148
4150.0 850.0 -0.08581
4250.0 850.0 0.19620
4350.0 850.0 0.50435
4450.0 850.0 0.78019
4550.0 850.0 0.96135
4650.0 850.0 1.01111
4750.0 850.0 0.93249
4850.0 850.0 0.76698
4950.0 850.0 0.57772
5050.0 850.0 0.41730
5150.0 850.0 0.29481
5250.0 850.0 0.33207
5350.0 850.0 0.63478
5450.0 850.0 1.14209
5550.0 850.0 1.70824
5650.0 850.0 2.17189
5750.0 850.0 2.40620
5850.0 850.0 2.34950
5950.0 850.0 2.01657
6050.0 850.0 1.49062
6150.0 850.0 0.89379
6250.0 850.0 0.30852
6350.0 850.0 -0.20695
50.0 950.0 -0.33094
150.0 950.0 -0.75884
250.0 950.0 -1.24910
350.0 950.0 -1.71640
450.0 950.0 -2.02023
550.0 950.0 -2.04937
650.0 950.0 -1.77140
750.0 950.0 -1.24713
850.0 950.0 -0.61014
950.0 950.0 -0.01119
1050.0 950.0 0.47231
1150.0 950.0 0.92666
1250.0 950.0 1.41485
1350.0 950.0 1.84898
1450.0 950.0 2.09439
1550.0 950.0 2.05091
1650.0 950.0 1.69957
1750.0 950.0 1.11457
1850.0 950.0 0.44058
1950.0 950.0 -0.16460
2050.0 950.0 -0.62197
2150.0 950.0 -1.01371
2250.0 950.0 -1.35294
2350.0 950.0 -1.56646
2450.0 950.0 -1.59943
2550.0 950.0 -1.44017
2650.0 950.0 -1.12890
2750.0 950.0 -0.75098
2850.0 950.0 -0.41440
2950.0 950.0 -0.21171
3050.0 950.0 -0.16630
3150.0 950.0 -0.19353
3250.0 950.0 -0.29460
3350.0 950.0 -0.48426
3450.0 950.0 -0.71283
3550.0 950.0 -0.90892
3650.0 950.0 -1.01099
3750.0 950.0 -0.98673
3850.0 950.0 -0.84009
3950.0 950.0 -0.60609
4050.0 950.0 -0.33336
4150.0 950.0 -0.05162
4250.0 950.0 0.25891
4350.0 950.0 0.57821
4450.0 950.0 0.84259
4550.0 950.0 0.99027
4650.0 950.0 0.99095
4750.0 950.0 0.85855
4850.0 950.0 0.64721
4950.0 950.0 0.43044
5050.0 950.0 0.26354
5150.0 950.0 0.14447
5250.0 950.0 0.17726
5350.0 950.0 0.45704
5450.0 950.0 0.91891
5550.0 950.0 1.41932
5650.0 950.0 1.80450
5750.0 950.0 1.95871
5850.0 950.0 1.83221
5950.0 950.0 1.44894
6050.0 950.0 0.89402
6150.0 950.0 0.28059
6250.0 950.0 -0.29562
6350.0 950.0 -0.74750
50.0 1050.0 -0.02389
150.0 1050.0 -0.46919
250.0 1050.0 -1.00939
350.0 1050.0 -1.56890
450.0 1050.0 -1.99935
550.0 1050.0 -2.17131
650.0 1050.0 -2.03025
750.0 1050.0 -1.61678
850.0 1050.0 -1.05102
950.0 1050.0 -0.48118
1050.0 1050.0 0.00355
1150.0 1050.0 0.47375
1250.0 1050.0 1.01955
1350.0 1050.0 1.57061
1450.0 1050.0 1.98530
1550.0 1050.0 2.14081
1650.0 1050.0 1.98810
1750.0 1050.0 1.57165
1850.0 1050.0 1.01406
1950.0 1050.0 0.46553
2050.0 1050.0 0.01806
2150.0 1050.0 -0.37977
2250.0 1050.0 -0.74286
2350.0 1050.0 -1.00677
2450.0 1050.0 -1.11391
2550.0 1050.0 -1.04245
2650.0 1050.0 -0.81906
2750.0 1050.0 -0.51569
2850.0 1050.0 -0.23036
2950.0 1050.0 -0.05200
3050.0 1050.0 -0.00927
3150.0 1050.0 -0.03209
3250.0 1050.0 -0.12909
3350.0 1050.0 -0.31505
3450.0 1050.0 -0.53985
3550.0 1050.0 -0.73155
3650.0 1050.0 -0.82825
3750.0 1050.0 -0.79760
3850.0 1050.0 -0.64377
3950.0 1050.0 -0.40225
4050.0 1050.0 -0.12204
4150.0 1050.0 0.16604
4250.0 1050.0 0.47060
4350.0 1050.0 0.76102
4450.0 1050.0 0.97241
4550.0 1050.0 1.04908
4650.0 1050.0 0.97150
4750.0 1050.0 0.76630
4850.0 1050.0 0.49909
4950.0 1050.0 0.25029
5050.0 1050.0 0.07387
5150.0 1050.0 -0.04520
5250.0 1050.0 -0.02030
5350.0 1050.0 0.23495
5450.0 1050.0 0.65428
5550.0 1050.0 1.09833
5650.0 1050.0 1.42120
5750.0 1050.0 1.51652
5850.0 1050.0 1.34320
5950.0 1050.0 0.93059
6050.0 1050.0 0.36340
6150.0 1050.0 -0.25289
6250.0 1050.0 -0.80869
6350.0 1050.0 -1.19050
50.0 1150.0 0.21420
150.0 1150.0 -0.23467
250.0 1150.0 -0.80843
350.0 1150.0 -1.44319
450.0 1150.0 -1.98656
550.0 1150.0 -2.29431
650.0 1150.0 -2.29132
750.0 1150.0 -1.99696
850.0 1150.0 -1.51479
950.0 1150.0 -0.98665
1050.0 1150.0 -0.51111
1150.0 1150.0 -0.03514
1250.0 1150.0 0.55589
1350.0 1150.0 1.20995
1450.0 1150.0 1.78111
1550.0 1150.0 2.12661
1650.0 1150.0 2.16890
1750.0 1150.0 1.92270
1850.0 1150.0 1.48695
1950.0 1150.0 1.00175
2050.0 1150.0 0.57026
2150.0 1150.0 0.17231
2250.0 1150.0 -0.20617
2350.0 1150.0 -0.50928
2450.0 1150.0 -0.67837
2550.0 1150.0 -0.68374
2650.0 1150.0 -0.54043
2750.0 1150.0 -0.30790
2850.0 1150.0 -0.07397
2950.0 1150.0 0.07730
3050.0 1150.0 0.11350
3150.0 1150.0 0.09196
3250.0 1150.0 0.00330
3350.0 1150.0 -0.16327
3450.0 1150.0 -0.35878
3550.0 1150.0 -0.51565
3650.0 1150.0 -0.57775
3750.0 1150.0 -0.51828
3850.0 1150.0 -0.34551
3950.0 1150.0 -0.09633
4050.0 1150.0 0.18238
4150.0 1150.0 0.46422
4250.0 1150.0 0.74667
4350.0 1150.0 0.98723
4450.0 1150.0 1.12191
4550.0 1150.0 1.10458
4650.0 1150.0 0.92977
4750.0 1150.0 0.63877
4850.0 1150.0 0.30895
4950.0 1150.0 0.02628
5050.0 1150.0 -0.15888
5150.0 1150.0 -0.27649
5250.0 1150.0 -0.25661
5350.0 1150.0 -0.02009
5450.0 1150.0 0.36593
5550.0 1150.0 0.76576
5650.0 1150.0 1.04004
5750.0 1150.0 1.09009
5850.0 1150.0 0.88166
5950.0 1150.0 0.44832
6050.0 1150.0 -0.12577
6150.0 1150.0 -0.74130
6250.0 1150.0 -1.27488
6350.0 1150.0 -1.58858
50.0 1250.0 0.24979
150.0 1250.0 -0.18593
250.0 1250.0 -0.77171
350.0 1250.0 -1.45629
450.0 1250.0 -2.08732
550.0 1250.0 -2.51020
650.0 1250.0 -2.63224
750.0 1250.0 -2.45230
850.0 1250.0 -2.05573
950.0 1250.0 -1.57482
1050.0 1250.0 -1.11453
1150.0 1250.0 -0.64020
1250.0 1250.0 -0.01965
1350.0 1250.0 0.71182
1450.0 1250.0 1.40761
1550.0 1250.0 1.91095
1650.0 1250.0 2.12165
1750.0 1250.0 2.02879
1850.0 1250.0 1.70910
1950.0 1250.0 1.29122
2050.0 1250.0 0.88563
2150.0 1250.0 0.49933
2250.0 1250.0 0.12018
2350.0 1250.0 -0.20380
2450.0 1250.0 -0.41438
2550.0 1250.0 -0.47643
2650.0 1250.0 -0.39557
2750.0 1250.0 -0.22025
2850.0 1250.0 -0.02840
2950.0 1250.0 0.10150
3050.0 1250.0 0.13486
3150.0 1250.0 0.11965
3250.0 1250.0 0.05966
3350.0 1250.0 -0.04528
3450.0 1250.0 -0.15300
3550.0 1250.0 -0.21194
3650.0 1250.0 -0.18441
3750.0 1250.0 -0.05924
3850.0 1250.0 0.14621
3950.0 1250.0 0.39466
4050.0 1250.0 0.64817
4150.0 1250.0 0.89416
4250.0 1250.0 1.11404
4350.0 1250.0 1.24925
4450.0 1250.0 1.24317
4550.0 1250.0 1.06986
4650.0 1250.0 0.74794
4750.0 1250.0 0.33958
4850.0 1250.0 -0.06518
4950.0 1250.0 -0.37884
5050.0 1250.0 -0.56168
5150.0 1250.0 -0.66449
5250.0 1250.0 -0.63069
5350.0 1250.0 -0.38414
5450.0 1250.0 0.00570
5550.0 1250.0 0.40224
5650.0 1250.0 0.66709
5750.0 1250.0 0.70429
5850.0 1250.0 0.48346
5950.0 1250.0 0.04187
6050.0 1250.0 -0.53457
6150.0 1250.0 -1.14828
6250.0 1250.0 -1.66387
6350.0 1250.0 -1.92448
50.0 1350.0 0.03203
150.0 1350.0 -0.36557
250.0 1350.0 -0.92844
350.0 1350.0 -1.61819
450.0 1350.0 -2.28883
550.0 1350.0 -2.78334
650.0 1350.0 -2.99794
750.0 1350.0 -2.91406
850.0 1350.0 -2.59802
950.0 1350.0 -2.16846
1050.0 1350.0 -1.73143
1150.0 1350.0 -1.27026
1250.0 1350.0 -0.64788
1350.0 1350.0 0.11280
1450.0 1350.0 0.87040
1550.0 1350.0 1.46489
1650.0 1350.0 1.78499
1750.0 1350.0 1.80323
1850.0 1350.0 1.57873
1950.0 1350.0 1.22758
2050.0 1350.0 0.86087
2150.0 1350.0 0.50343
2250.0 1350.0 0.14563
2350.0 1350.0 -0.17108
2450.0 1350.0 -0.39120
2550.0 1350.0 -0.47789
2650.0 1350.0 -0.43101
2750.0 1350.0 -0.29059
2850.0 1350.0 -0.12551
2950.0 1350.0 -0.00769
3050.0 1350.0 0.02846
3150.0 1350.0 0.02648
3250.0 1350.0 0.02028
3350.0 1350.0 0.02721
3450.0 1350.0 0.07464
3550.0 1350.0 0.18330
3650.0 1350.0 0.35726
3750.0 1350.0 0.58101
3850.0 1350.0 0.82375
3950.0 1350.0 1.05081
4050.0 1350.0 1.24225
4150.0 1350.0 1.40976
4250.0 1350.0 1.51467
4350.0 1350.0 1.48117
4450.0 1350.0 1.26939
4550.0 1350.0 0.88583
4650.0 1350.0 0.38243
4750.0 1350.0 -0.15459
4850.0 1350.0 -0.62614
4950.0 1350.0 -0.95179
5050.0 1350.0 -1.11163
5150.0 1350.0 -1.18016
5250.0 1350.0 -1.10638
5350.0 1350.0 -0.81231
5450.0 1350.0 -0.37190
5550.0 1350.0 0.07150
5650.0 1350.0 0.37370
5750.0 1350.0 0.43590
5850.0 1350.0 0.22851
5950.0 1350.0 -0.20739
6050.0 1350.0 -0.78099
6150.0 1350.0 -1.39147
6250.0 1350.0 -1.89701
6350.0 1350.0 -2.13195
50.0 1450.0 -0.36219
150.0 1450.0 -0.69796
250.0 1450.0 -1.20106
350.0 1450.0 -1.84473
450.0 1450.0 -2.49573
550.0 1450.0 -3.00396
650.0 1450.0 -3.26319
750.0 1450.0 -3.24301
850.0 1450.0 -2.99206
950.0 1450.0 -2.61236
1050.0 1450.0 -2.20489
1150.0 1450.0 -1.76841
1250.0 1450.0 -1.17615
1350.0 1450.0 -0.44516
1450.0 1450.0 0.29446
1550.0 1450.0 0.89220
1650.0 1450.0 1.24025
1750.0 1450.0 1.30715
1850.0 1450.0 1.14188
1950.0 1450.0 0.84834
2050.0 1450.0 0.53047
2150.0 1450.0 0.21775
2250.0 1450.0 -0.09768
2350.0 1450.0 -0.37942
2450.0 1450.0 -0.57681
2550.0 1450.0 -0.65510
2650.0 1450.0 -0.61236
2750.0 1450.0 -0.48306
2850.0 1450.0 -0.32830
2950.0 1450.0 -0.21276
3050.0 1450.0 -0.16833
3150.0 1450.0 -0.15135
3250.0 1450.0 -0.08679
3350.0 1450.0 0.06298
3450.0 1450.0 0.30337
3550.0 1450.0 0.61362
3650.0 1450.0 0.95471
3750.0 1450.0 1.27916
3850.0 1450.0 1.54273
3950.0 1450.0 1.71809
4050.0 1450.0 1.81043
4150.0 1450.0 1.86099
4250.0 1450.0 1.81170
4350.0 1450.0 1.57478
4450.0 1450.0 1.13590
4550.0 1450.0 0.54070
4650.0 1450.0 -0.12421
4750.0 1450.0 -0.75358
4850.0 1450.0 -1.24933
4950.0 1450.0 -1.54959
5050.0 1450.0 -1.66128
5150.0 1450.0 -1.67759
5250.0 1450.0 -1.54199
5350.0 1450.0 -1.17191
5450.0 1450.0 -0.64792
5550.0 1450.0 -0.12442
5650.0 1450.0 0.24431
5750.0 1450.0 0.35359
5850.0 1450.0 0.17367
5950.0 1450.0 -0.24944
6050.0 1450.0 -0.81733
6150.0 1450.0 -1.42351
6250.0 1450.0 -1.92870
6350.0 1450.0 -2.17055
50.0 1550.0 -0.79570
150.0 1550.0 -1.05399
250.0 1550.0 -1.46866
350.0 1550.0 -2.02193
450.0 1550.0 -2.59801
550.0 1550.0 -3.06193
650.0 1550.0 -3.31374
750.0 1550.0 -3.31809
850.0 1550.0 -3.10935
950.0 1550.0 -2.77203
1050.0 1550.0 -2.39669
1150.0 1550.0 -1.99318
1250.0 1550.0 -1.45886
1350.0 1550.0 -0.81205
1450.0 1550.0 -0.16702
1550.0 1550.0 0.34662
1650.0 1550.0 0.63860
1750.0 1550.0 0.68632
1850.0 1550.0 0.53726
1950.0 1550.0 0.28509
2050.0 1550.0 0.01974
2150.0 1550.0 -0.23839
2250.0 1550.0 -0.49751
2350.0 1550.0 -0.72485
2450.0 1550.0 -0.87597
2550.0 1550.0 -0.92102
2650.0 1550.0 -0.85936
2750.0 1550.0 -0.72244
2850.0 1550.0 -0.56489
2950.0 1550.0 -0.44402
3050.0 1550.0 -0.38754
3150.0 1550.0 -0.34881
3250.0 1550.0 -0.21055
3350.0 1550.0 0.08236
3450.0 1550.0 0.50921
3550.0 1550.0 1.00485
3650.0 1550.0 1.48690
3750.0 1550.0 1.87857
3850.0 1550.0 2.12714
3950.0 1550.0 2.21804
4050.0 1550.0 2.18451
4150.0 1550.0 2.09523
4250.0 1550.0 1.87850
4350.0 1550.0 1.44586
4450.0 1550.0 0.81406
4550.0 1550.0 0.06642
4650.0 1550.0 -0.68381
4750.0 1550.0 -1.32527
4850.0 1550.0 -1.77539
4950.0 1550.0 -2.00249
5050.0 1550.0 -2.04290
5150.0 1550.0 -1.99583
5250.0 1550.0 -1.78754
5350.0 1550.0 -1.33120
5450.0 1550.0 -0.71557
5550.0 1550.0 -0.10729
5650.0 1550.0 0.32886
5750.0 1550.0 0.48314
5850.0 1550.0 0.32729
5950.0 1550.0 -0.08570
6050.0 1550.0 -0.64849
6150.0 1550.0 -1.24994
6250.0 1550.0 -1.76375
6350.0 1550.0 -2.04184
50.0 1650.0 -1.12450
150.0 1650.0 -1.30179
250.0 1650.0 -1.61511
350.0 1650.0 -2.05239
450.0 1650.0 -2.51709
550.0 1650.0 -2.89431
650.0 1650.0 -3.09678
750.0 1650.0 -3.09049
850.0 1650.0 -2.90006
950.0 1650.0 -2.59388
1050.0 1650.0 -2.24890
1150.0 1650.0 -1.88125
1250.0 1650.0 -1.42110
1350.0 1650.0 -0.89390
1450.0 1650.0 -0.39624
1550.0 1650.0 -0.02975
1650.0 1650.0 0.14239
1750.0 1650.0 0.11622
1850.0 1650.0 -0.05481
1950.0 1650.0 -0.28441
2050.0 1650.0 -0.50062
2150.0 1650.0 -0.70278
2250.0 1650.0 -0.90230
2350.0 1650.0 -1.06913
2450.0 1650.0 -1.16531
2550.0 1650.0 -1.16697
2650.0 1650.0 -1.07623
2750.0 1650.0 -0.92290
2850.0 1650.0 -0.75626
2950.0 1650.0 -0.62665
3050.0 1650.0 -0.55703
3150.0 1650.0 -0.49738
3250.0 1650.0 -0.29690
3350.0 1650.0 0.10954
3450.0 1650.0 0.67509
3550.0 1650.0 1.29555
3650.0 1650.0 1.85388
3750.0 1650.0 2.25377
3850.0 1650.0 2.44244
3950.0 1650.0 2.42262
4050.0 1650.0 2.25367
4150.0 1650.0 2.02300
4250.0 1650.0 1.65446
4350.0 1650.0 1.07292
4450.0 1650.0 0.32711
4550.0 1650.0 -0.47092
4650.0 1650.0 -1.19631
4750.0 1650.0 -1.74863
4850.0 1650.0 -2.07581
4950.0 1650.0 -2.18483
5050.0 1650.0 -2.13905
5150.0 1650.0 -2.02708
5250.0 1650.0 -1.74882
5350.0 1650.0 -1.21651
5450.0 1650.0 -0.52757
5550.0 1650.0 0.14109
5650.0 1650.0 0.61786
5750.0 1650.0 0.79213
5850.0 1650.0 0.64097
5950.0 1650.0 0.22664
6050.0 1650.0 -0.33485
6150.0 1650.0 -0.93191
6250.0 1650.0 -1.46018
6350.0 1650.0 -1.79269
50.0 1750.0 -1.23747
150.0 1750.0 -1.34330
250.0 1750.0 -1.56183
350.0 1750.0 -1.88389
450.0 1750.0 -2.23043
550.0 1750.0 -2.50685
650.0 1750.0 -2.64077
750.0 1750.0 -2.60324
850.0 1750.0 -2.41343
950.0 1750.0 -2.12678
1050.0 1750.0 -1.80665
1150.0 1750.0 -1.47154
1250.0 1750.0 -1.08542
1350.0 1750.0 -0.68367
1450.0 1750.0 -0.34653
1550.0 1750.0 -0.14715
1650.0 1750.0 -0.11925
1750.0 1750.0 -0.24447
1850.0 1750.0 -0.45934
1950.0 1750.0 -0.68199
2050.0 1750.0 -0.85845
2150.0 1750.0 -1.01210
2250.0 1750.0 -1.16031
2350.0 1750.0 -1.27555
2450.0 1750.0 -1.32548
2550.0 1750.0 -1.29125
2650.0 1750.0 -1.17707
2750.0 1750.0 -1.01110
2850.0 1750.0 -0.83773
2950.0 1750.0 -0.70114
3050.0 1750.0 -0.62027
3150.0 1750.0 -0.54388
3250.0 1750.0 -0.30352
3350.0 1750.0 0.16617
3450.0 1750.0 0.79613
3550.0 1750.0 1.45515
3650.0 1750.0 2.00648
3750.0 1750.0 2.34810
3850.0 1750.0 2.43650
3950.0 1750.0 2.29407
4050.0 1750.0 2.00014
4150.0 1750.0 1.64816
4250.0 1750.0 1.16734
4350.0 1750.0 0.50837
4450.0 1750.0 -0.25202
4550.0 1750.0 -0.98675
4650.0 1750.0 -1.57673
4750.0 1750.0 -1.94849
4850.0 1750.0 -2.09132
4950.0 1750.0 -2.05374
5050.0 1750.0 -1.91950
5150.0 1750.0 -1.75114
5250.0 1750.0 -1.41828
5350.0 1750.0 -0.83753
5450.0 1750.0 -0.11429
5550.0 1750.0 0.56892
5650.0 1750.0 1.04012
5750.0 1750.0 1.19421
5850.0 1750.0 1.01833
5950.0 1750.0 0.58597
6050.0 1750.0 0.01994
6150.0 1750.0 -0.57370
6250.0 1750.0 -1.11739
6350.0 1750.0 -1.50597
50.0 1850.0 -1.08204
150.0 1850.0 -1.13672
250.0 1850.0 -1.28536
350.0 1850.0 -1.51999
450.0 1850.0 -1.77433
550.0 1850.0 -1.96929
650.0 1850.0 -2.04456
750.0 1850.0 -1.97629
850.0 1850.0 -1.78095
950.0 1850.0 -1.50525
1050.0 1850.0 -1.20216
1150.0 1850.0 -0.89078
1250.0 1850.0 -0.56160
1350.0 1850.0 -0.25876
1450.0 1850.0 -0.05046
1550.0 1850.0 0.01231
1650.0 1850.0 -0.08056
1750.0 1850.0 -0.29204
1850.0 1850.0 -0.54936
1950.0 1850.0 -0.77288
2050.0 1850.0 -0.92246
2150.0 1850.0 -1.04207
2250.0 1850.0 -1.15683
2350.0 1850.0 -1.24242
2450.0 1850.0 -1.27027
2550.0 1850.0 -1.22373
2650.0 1850.0 -1.10654
2750.0 1850.0 -0.94359
2850.0 1850.0 -0.77413
2950.0 1850.0 -0.63720
3050.0 1850.0 -0.54952
3150.0 1850.0 -0.46282
3250.0 1850.0 -0.20967
3350.0 1850.0 0.26612
3450.0 1850.0 0.88030
3550.0 1850.0 1.48999
3650.0 1850.0 1.95591
3750.0 1850.0 2.18431
3850.0 1850.0 2.14849
3950.0 1850.0 1.88994
4050.0 1850.0 1.49910
4150.0 1850.0 1.06250
4250.0 1850.0 0.52223
4350.0 1850.0 -0.13789
4450.0 1850.0 -0.82099
4550.0 1850.0 -1.39966
4650.0 1850.0 -1.77532
4750.0 1850.0 -1.91178
4850.0 1850.0 -1.84313
4950.0 1850.0 -1.65573
5050.0 1850.0 -1.44454
5150.0 1850.0 -1.23618
5250.0 1850.0 -0.87278
5350.0 1850.0 -0.28100
5450.0 1850.0 0.42745
5550.0 1850.0 1.07048
5650.0 1850.0 1.48322
5750.0 1850.0 1.57288
5850.0 1850.0 1.34106
5950.0 1850.0 0.87338
6050.0 1850.0 0.29655
6150.0 1850.0 -0.29504
6250.0 1850.0 -0.84978
6350.0 1850.0 -1.27847
50.0 1950.0 -0.67606
150.0 1950.0 -0.70493
250.0 1950.0 -0.81949
350.0 1950.0 -1.01290
450.0 1950.0 -1.22519
550.0 1950.0 -1.38451
650.0 1950.0 -1.43580
750.0 1950.0 -1.35694
850.0 1950.0 -1.16232
950.0 1950.0 -0.89393
1050.0 1950.0 -0.59988
1150.0 1950.0 -0.30049
1250.0 1950.0 0.00045
1350.0 1950.0 0.25461
1450.0 1950.0 0.39987
1550.0 1950.0 0.39618
1650.0 1950.0 0.24502
1750.0 1950.0 -0.00759
1850.0 1950.0 -0.28454
1950.0 1950.0 -0.50747
2050.0 1950.0 -0.64310
2150.0 1950.0 -0.74608
2250.0 1950.0 -0.84974
2350.0 1950.0 -0.93432
2450.0 1950.0 -0.97272
2550.0 1950.0 -0.94667
2650.0 1950.0 -0.85562
2750.0 1950.0 -0.71860
2850.0 1950.0 -0.56879
2950.0 1950.0 -0.44103
3050.0 1950.0 -0.35228
3150.0 1950.0 -0.26219
3250.0 1950.0 -0.02102
3350.0 1950.0 0.41157
3450.0 1950.0 0.94429
3550.0 1950.0 1.43722
3650.0 1950.0 1.76347
3750.0 1950.0 1.84825
3850.0 1950.0 1.68566
3950.0 1950.0 1.33303
4050.0 1950.0 0.88291
4150.0 1950.0 0.40474
4250.0 1950.0 -0.14289
4350.0 1950.0 -0.74244
4450.0 1950.0 -1.28646
4550.0 1950.0 -1.65909
4650.0 1950.0 -1.79090
4750.0 1950.0 -1.68539
4850.0 1950.0 -1.41707
4950.0 1950.0 -1.10109
5050.0 1950.0 -0.83450
5150.0 1950.0 -0.60587
5250.0 1950.0 -0.23807
5350.0 1950.0 0.32743
5450.0 1950.0 0.97481
5550.0 1950.0 1.52824
5650.0 1950.0 1.83660
5750.0 1950.0 1.82483
5850.0 1950.0 1.51190
5950.0 1950.0 0.99538
6050.0 1950.0 0.40269
6150.0 1950.0 -0.18824
6250.0 1950.0 -0.74575
6350.0 1950.0 -1.18606
50.0 2050.0 -0.10572
150.0 2050.0 -0.12969
250.0 2050.0 -0.24219
350.0 2050.0 -0.43838
450.0 2050.0 -0.65902
550.0 2050.0 -0.83152
650.0 2050.0 -0.89880
750.0 2050.0 -0.83586
850.0 2050.0 -0.65412
950.0 2050.0 -0.39363
1050.0 2050.0 -0.10289
1150.0 2050.0 0.19460
1250.0 2050.0 0.49471
1350.0 2050.0 0.75036
1450.0 2050.0 0.90023
1550.0 2050.0 0.90429
1650.0 2050.0 0.76321
1750.0 2050.0 0.52149
1850.0 2050.0 0.25446
1950.0 2050.0 0.03900
2050.0 2050.0 -0.09178
2150.0 2050.0 -0.19220
2250.0 2050.0 -0.30329
2350.0 2050.0 -0.41116
2450.0 2050.0 -0.48831
2550.0 2050.0 -0.51151
2650.0 2050.0 -0.47258
2750.0 2050.0 -0.38210
2850.0 2050.0 -0.26618
2950.0 2050.0 -0.15612
3050.0 2050.0 -0.07110
3150.0 2050.0 0.01722
3250.0 2050.0 0.23049
3350.0 2050.0 0.59030
3450.0 2050.0 1.00464
3550.0 2050.0 1.34647
3650.0 2050.0 1.51027
3750.0 2050.0 1.44560
3850.0 2050.0 1.16792
3950.0 2050.0 0.74650
4050.0 2050.0 0.26948
4150.0 2050.0 -0.21605
4250.0 2050.0 -0.73500
4350.0 2050.0 -1.23990
4450.0 2050.0 -1.62050
4550.0 2050.0 -1.77904
4650.0 2050.0 -1.67747
4750.0 2050.0 -1.35562
4850.0 2050.0 -0.92047
4950.0 2050.0 -0.50625
5050.0 2050.0 -0.20570
5150.0 2050.0 0.02731
5250.0 2050.0 0.37986
5350.0 2050.0 0.89297
5450.0 2050.0 1.44862
5550.0 2050.0 1.88117
5650.0 2050.0 2.05735
5750.0 2050.0 1.92279
5850.0 2050.0 1.51495
5950.0 2050.0 0.94249
6050.0 2050.0 0.33113
6150.0 2050.0 -0.26013
6250.0 2050.0 -0.81215
6350.0 2050.0 -1.23623
50.0 2150.0 0.49337
150.0 2150.0 0.46812
250.0 2150.0 0.34824
350.0 2150.0 0.13622
450.0 2150.0 -0.10787
550.0 2150.0 -0.30841
650.0 2150.0 -0.40412
750.0 2150.0 -0.36570
850.0 2150.0 -0.20126
950.0 2150.0 0.05045
1050.0 2150.0 0.33898
1150.0 2150.0 0.63716
1250.0 2150.0 0.94533
1350.0 2150.0 1.22005
1450.0 2150.0 1.39947
1550.0 2150.0 1.44006
1650.0 2150.0 1.33713
1750.0 2150.0 1.12940
1850.0 2150.0 0.88743
1950.0 2150.0 0.68585
2050.0 2150.0 0.55969
2150.0 2150.0 0.45955
2250.0 2150.0 0.33714
2350.0 2150.0 0.19940
2450.0 2150.0 0.07404
2550.0 2150.0 -0.01015
2650.0 2150.0 -0.03613
2750.0 2150.0 -0.00456
2850.0 2150.0 0.06698
2950.0 2150.0 0.15164
3050.0 2150.0 0.22779
3150.0 2150.0 0.30977
3250.0 2150.0 0.48785
3350.0 2150.0 0.76461
3450.0 2150.0 1.04969
3550.0 2150.0 1.23195
3650.0 2150.0 1.22953
3750.0 2150.0 1.01724
3850.0 2150.0 0.63114
3950.0 2150.0 0.15048
4050.0 2150.0 -0.34319
4150.0 2150.0 -0.82599
4250.0 2150.0 -1.30635
4350.0 2150.0 -1.70871
4450.0 2150.0 -1.92255
4550.0 2150.0 -1.86993
4650.0 2150.0 -1.54419
4750.0 2150.0 -1.01971
4850.0 2150.0 -0.43267
4950.0 2150.0 0.06707
5050.0 2150.0 0.39309
5150.0 2150.0 0.62432
5250.0 2150.0 0.95459
5350.0 2150.0 1.40715
5450.0 2150.0 1.86296
5550.0 2150.0 2.16801
5650.0 2150.0 2.20801
5750.0 2150.0 1.94958
5850.0 2150.0 1.44808
5950.0 2150.0 0.82209
6050.0 2150.0 0.19443
6150.0 2150.0 -0.39508
6250.0 2150.0 -0.93697
6350.0 2150.0 -1.33498
50.0 2250.0 0.98500
150.0 2250.0 0.95908
250.0 2250.0 0.83584
350.0 2250.0 0.61621
450.0 2250.0 0.36001
550.0 2250.0 0.14381
650.0 2250.0 0.03078
750.0 2250.0 0.05261
850.0 2250.0 0.20346
950.0 2250.0 0.44591
1050.0 2250.0 0.72895
1150.0 2250.0 1.02414
1250.0 2250.0 1.33892
1350.0 2250.0 1.63663
1450.0 2250.0 1.85730
1550.0 2250.0 1.95435
1650.0 2250.0 1.91605
1750.0 2250.0 1.77166
1850.0 2250.0 1.58227
1950.0 2250.0 1.41638
2050.0 2250.0 1.31019
2150.0 2250.0 1.22364
2250.0 2250.0 1.10340
2350.0 2250.0 0.94538
2450.0 2250.0 0.77200
2550.0 2250.0 0.61389
2650.0 2250.0 0.49687
2750.0 2250.0 0.43406
2850.0 2250.0 0.42314
2950.0 2250.0 0.44883
3050.0 2250.0 0.49048
3150.0 2250.0 0.54398
3250.0 2250.0 0.66475
3350.0 2250.0 0.83884
3450.0 2250.0 0.98110
3550.0 2250.0 0.99872
3650.0 2250.0 0.83371
3750.0 2250.0 0.48365
3850.0 2250.0 0.00085
3950.0 2250.0 -0.53019
4050.0 2250.0 -1.03701
4150.0 2250.0 -1.51630
4250.0 2250.0 -1.95691
4350.0 2250.0 -2.25593
4450.0 2250.0 -2.30428
4550.0 2250.0 -2.04536
4650.0 2250.0 -1.50443
4750.0 2250.0 -0.78969
4850.0 2250.0 -0.06481
4950.0 2250.0 0.50688
5050.0 2250.0 0.84669
5150.0 2250.0 1.06571
5250.0 2250.0 1.36352
5350.0 2250.0 1.74847
5450.0 2250.0 2.10478
5550.0 2250.0 2.29319
5650.0 2250.0 2.21864
5750.0 2250.0 1.86587
5850.0 2250.0 1.30283
5950.0 2250.0 0.65201
6050.0 2250.0 0.02967
6150.0 2250.0 -0.54121
6250.0 2250.0 -1.05920
6350.0 2250.0 -1.42566
50.0 2350.0 1.26411
150.0 2350.0 1.23848
250.0 2350.0 1.11821
350.0 2350.0 0.90395
450.0 2350.0 0.65352
550.0 2350.0 0.44116
650.0 2350.0 0.32834
750.0 2350.0 0.34612
850.0 2350.0 0.48926
950.0 2350.0 0.72178
1050.0 2350.0 0.99423
1150.0 2350.0 1.28008
1250.0 2350.0 1.59512
1350.0 2350.0 1.91271
1450.0 2350.0 2.17886
1550.0 2350.0 2.34660
1650.0 2350.0 2.39699
1750.0 2350.0 2.34666
1850.0 2350.0 2.24212
1950.0 2350.0 2.14046
2050.0 2350.0 2.07685
2150.0 2350.0 2.02515
2250.0 2350.0 1.93238
2350.0 2350.0 1.77930
2450.0 2350.0 1.57413
2550.0 2350.0 1.34159
2650.0 2350.0 1.11316
2750.0 2350.0 0.91866
2850.0 2350.0 0.77906
2950.0 2350.0 0.70049
3050.0 2350.0 0.66957
3150.0 2350.0 0.66080
3250.0 2350.0 0.69529
3350.0 2350.0 0.74962
3450.0 2350.0 0.74919
3550.0 2350.0 0.62078
3650.0 2350.0 0.32651
3750.0 2350.0 -0.12129
3850.0 2350.0 -0.66437
3950.0 2350.0 -1.22204
4050.0 2350.0 -1.73377
4150.0 2350.0 -2.20872
4250.0 2350.0 -2.61262
4350.0 2350.0 -2.81981
4450.0 2350.0 -2.72542
4550.0 2350.0 -2.29403
4650.0 2350.0 -1.57976
4750.0 2350.0 -0.71927
4850.0 2350.0 0.10262
4950.0 2350.0 0.71440
5050.0 2350.0 1.04656
5150.0 2350.0 1.23716
5250.0 2350.0 1.48830
5350.0 2350.0 1.79917
5450.0 2350.0 2.06406
5550.0 2350.0 2.16233
5650.0 2350.0 2.01725
5750.0 2350.0 1.62559
5850.0 2350.0 1.05821
5950.0 2350.0 0.43145
6050.0 2350.0 -0.15052
6150.0 2350.0 -0.67650
6250.0 2350.0 -1.14896
6350.0 2350.0 -1.47454
50.0 2450.0 1.27936
150.0 2450.0 1.25495
250.0 2450.0 1.14373
350.0 2450.0 0.94724
450.0 2450.0 0.71969
550.0 2450.0 0.52987
650.0 2450.0 0.43407
750.0 2450.0 0.45988
850.0 2450.0 0.60102
950.0 2450.0 0.82305
1050.0 2450.0 1.08011
1150.0 2450.0 1.34980
1250.0 2450.0 1.65347
1350.0 2450.0 1.97539
1450.0 2450.0 2.27206
1550.0 2450.0 2.50103
1650.0 2450.0 2.63943
1750.0 2450.0 2.69195
1850.0 2450.0 2.68835
1950.0 2450.0 2.67055
2050.0 2450.0 2.66925
2150.0 2450.0 2.67322
2250.0 2450.0 2.63788
2350.0 2450.0 2.52778
2450.0 2450.0 2.32813
2550.0 2450.0 2.04758
2650.0 2450.0 1.71636
2750.0 2450.0 1.37947
2850.0 2450.0 1.08525
2950.0 2450.0 0.86898
3050.0 2450.0 0.73192
3150.0 2450.0 0.62968
3250.0 2450.0 0.55785
3350.0 2450.0 0.49473
3450.0 2450.0 0.38103
3550.0 2450.0 0.16067
3650.0 2450.0 -0.19303
3750.0 2450.0 -0.66647
3850.0 2450.0 -1.21010
3950.0 2450.0 -1.75805
4050.0 2450.0 -2.26299
4150.0 2450.0 -2.73326
4250.0 2450.0 -3.10993
4350.0 2450.0 -3.25379
4450.0 2450.0 -3.06684
4550.0 2450.0 -2.53136
4650.0 2450.0 -1.72206
4750.0 2450.0 -0.79301
4850.0 2450.0 0.06087
4950.0 2450.0 0.66758
5050.0 2450.0 0.96719
5150.0 2450.0 1.11401
5250.0 2450.0 1.30717
5350.0 2450.0 1.54402
5450.0 2450.0 1.73544
5550.0 2450.0 1.78199
5650.0 2450.0 1.62239
5750.0 2450.0 1.25752
5850.0 2450.0 0.75005
5950.0 2450.0 0.19951
6050.0 2450.0 -0.30697
6150.0 2450.0 -0.76306
6250.0 2450.0 -1.16917
6350.0 2450.0 -1.44387
50.0 2550.0 1.04732
150.0 2550.0 1.02473
250.0 2550.0 0.92654
350.0 2550.0 0.75598
450.0 2550.0 0.56257
550.0 2550.0 0.40762
650.0 2550.0 0.33997
750.0 2550.0 0.38183
850.0 2550.0 0.52481
950.0 2550.0 0.73608
1050.0 2550.0 0.97469
1150.0 2550.0 1.22282
1250.0 2550.0 1.50070
1350.0 2550.0 1.80141
1450.0 2550.0 2.09550
1550.0 2550.0 2.35129
1650.0 2550.0 2.54838
1750.0 2550.0 2.68430
1850.0 2550.0 2.77421
1950.0 2550.0 2.84382
2050.0 2550.0 2.91544
2150.0 2550.0 2.98936
2250.0 2550.0 3.03814
2350.0 2550.0 3.01304
2450.0 2550.0 2.87000
2550.0 2550.0 2.59173
2650.0 2550.0 2.19769
2750.0 2550.0 1.74186
2850.0 2550.0 1.29828
2950.0 2550.0 0.93448
3050.0 2550.0 0.67265
3150.0 2550.0 0.45782
3250.0 2550.0 0.27593
3350.0 2550.0 0.11964
3450.0 2550.0 -0.05227
3550.0 2550.0 -0.28469
3650.0 2550.0 -0.60559
3750.0 2550.0 -1.01604
3850.0 2550.0 -1.49059
3950.0 2550.0 -1.98829
4050.0 2550.0 -2.47406
4150.0 2550.0 -2.93998
4250.0 2550.0 -3.30366
4350.0 2550.0 -3.42426
4450.0 2550.0 -3.21247
4550.0 2550.0 -2.66183
4650.0 2550.0 -1.85568
4750.0 2550.0 -0.95108
4850.0 2550.0 -0.13966
4950.0 2550.0 0.41442
5050.0 2550.0 0.65971
5150.0 2550.0 0.75285
5250.0 2550.0 0.88345
5350.0 2550.0 1.05390
5450.0 2550.0 1.19616
5550.0 2550.0 1.23217
5650.0 2550.0 1.11183
5750.0 2550.0 0.83231
5850.0 2550.0 0.43858
5950.0 2550.0 0.00516
6050.0 2550.0 -0.40077
6150.0 2550.0 -0.77080
6250.0 2550.0 -1.09668
6350.0 2550.0 -1.31262
50.0 2650.0 0.65061
150.0 2650.0 0.62999
250.0 2650.0 0.54569
350.0 2650.0 0.40287
450.0 2650.0 0.24611
550.0 2650.0 0.12882
650.0 2650.0 0.09190
750.0 2650.0 0.15173
850.0 2650.0 0.29757
950.0 2650.0 0.49817
1050.0 2650.0 0.71776
1150.0 2650.0 0.94176
1250.0 2650.0 1.18058
1350.0 2650.0 1.43163
1450.0 2650.0 1.68126
1550.0 2650.0 1.91435
1650.0 2650.0 2.12069
1750.0 2650.0 2.29823
1850.0 2650.0 2.45321
1950.0 2650.0 2.59712
2050.0 2650.0 2.74051
2150.0 2650.0 2.88847
2250.0 2650.0 3.03768
2350.0 2650.0 3.13217
2450.0 2650.0 3.09660
2550.0 2650.0 2.88065
2650.0 2650.0 2.48366
2750.0 2650.0 1.95937
2850.0 2650.0 1.40079
2950.0 2650.0 0.90529
3050.0 2650.0 0.51970
3150.0 2650.0 0.19010
3250.0 2650.0 -0.08872
3350.0 2650.0 -0.29894
3450.0 2650.0 -0.46374
3550.0 2650.0 -0.62461
3650.0 2650.0 -0.82341
3750.0 2650.0 -1.08989
3850.0 2650.0 -1.43478
3950.0 2650.0 -1.84851
4050.0 2650.0 -2.30540
4150.0 2650.0 -2.76784
4250.0 2650.0 -3.13364
4350.0 2650.0 -3.27159
4450.0 2650.0 -3.10157
4550.0 2650.0 -2.62087
4650.0 2650.0 -1.90908
4750.0 2650.0 -1.11235
4850.0 2650.0 -0.40704
4950.0 2650.0 0.05726
5050.0 2650.0 0.23539
5150.0 2650.0 0.27293
5250.0 2650.0 0.34415
5350.0 2650.0 0.46121
5450.0 2650.0 0.57829
5550.0 2650.0 0.63655
5650.0 2650.0 0.59263
5750.0 2650.0 0.43435
5850.0 2650.0 0.18355
5950.0 2650.0 -0.11387
6050.0 2650.0 -0.41077
6150.0 2650.0 -0.69147
6250.0 2650.0 -0.93379
6350.0 2650.0 -1.08727
50.0 2750.0 0.22019
150.0 2750.0 0.20115
250.0 2750.0 0.12831
350.0 2750.0 0.00823
450.0 2750.0 -0.11873
550.0 2750.0 -0.20580
650.0 2750.0 -0.21864
750.0 2750.0 -0.14552
850.0 2750.0 0.00108
950.0 2750.0 0.19141
1050.0 2750.0 0.39409
1150.0 2750.0 0.59495
1250.0 2750.0 0.78658
1350.0 2750.0 0.96518
1450.0 2750.0 1.13238
1550.0 2750.0 1.29322
1650.0 2750.0 1.45436
1750.0 2750.0 1.62228
1850.0 2750.0 1.80175
1950.0 2750.0 1.99434
2050.0 2750.0 2.19712
2150.0 2750.0 2.41187
2250.0 2750.0 2.66272
2350.0 2750.0 2.89369
2450.0 2750.0 3.00091
2550.0 2750.0 2.89891
2650.0 2750.0 2.56046
2750.0 2750.0 2.02972
2850.0 2750.0 1.40887
2950.0 2750.0 0.81804
3050.0 2750.0 0.32875
3150.0 2750.0 -0.10045
3250.0 2750.0 -0.45033
3350.0 2750.0 -0.67231
3450.0 2750.0 -0.77416
3550.0 2750.0 -0.80134
3650.0 2750.0 -0.81843
3750.0 2750.0 -0.89184
3850.0 2750.0 -1.07359
3950.0 2750.0 -1.38649
4050.0 2750.0 -1.81035
4150.0 2750.0 -2.27048
4250.0 2750.0 -2.64979
4350.0 2750.0 -2.83401
4450.0 2750.0 -2.75130
4550.0 2750.0 -2.39628
4650.0 2750.0 -1.83577
4750.0 2750.0 -1.19587
4850.0 2750.0 -0.63054
4950.0 2750.0 -0.27174
5050.0 2750.0 -0.16093
5150.0 2750.0 -0.17247
5250.0 2750.0 -0.15073
5350.0 2750.0 -0.07268
5450.0 2750.0 0.03566
5550.0 2750.0 0.13086
5650.0 2750.0 0.17296
5750.0 2750.0 0.13865
5850.0 2750.0 0.02692
5950.0 2750.0 -0.14300
6050.0 2750.0 -0.34130
6150.0 2750.0 -0.54311
6250.0 2750.0 -0.70993
6350.0 2750.0 -0.80249
50.0 2850.0 -0.09834
150.0 2850.0 -0.11658
250.0 2850.0 -0.18314
350.0 2850.0 -0.29106
450.0 2850.0 -0.40278
550.0 2850.0 -0.47552
650.0 2850.0 -0.47851
750.0 2850.0 -0.40225
850.0 2850.0 -0.25960
950.0 2850.0 -0.07890
1050.0 2850.0 0.11109
1150.0 2850.0 0.29321
1250.0 2850.0 0.43720
1350.0 2850.0 0.53315
1450.0 2850.0 0.59512
1550.0 2850.0 0.64868
1650.0 2850.0 0.72097
1750.0 2850.0 0.83324
1850.0 2850.0 0.99590
1950.0 2850.0 1.20612
2050.0 2850.0 1.44789
2150.0 2850.0 1.71261
2250.0 2850.0 2.05028
2350.0 2850.0 2.41130
2450.0 2850.0 2.67018
2550.0 2850.0 2.70993
2650.0 2850.0 2.47516
2750.0 2850.0 1.99373
2850.0 2850.0 1.36686
2950.0 2850.0 0.72774
3050.0 2850.0 0.16865
3150.0 2850.0 -0.33142
3250.0 2850.0 -0.72091
3350.0 2850.0 -0.92178
3450.0 2850.0 -0.93108
3550.0 2850.0 -0.80286
3650.0 2850.0 -0.62692
3750.0 2850.0 -0.50560
3850.0 2850.0 -0.52867
3950.0 2850.0 -0.74627
4050.0 2850.0 -1.13991
4150.0 2850.0 -1.59886
4250.0 2850.0 -1.99588
4350.0 2850.0 -2.23473
4450.0 2850.0 -2.24964
4550.0 2850.0 -2.02930
4650.0 2850.0 -1.62479
4750.0 2850.0 -1.14055
4850.0 2850.0 -0.70827
4950.0 2850.0 -0.44387
5050.0 2850.0 -0.38738
5150.0 2850.0 -0.43463
5250.0 2850.0 -0.44841
5350.0 2850.0 -0.39777
5450.0 2850.0 -0.29436
5550.0 2850.0 -0.17060
5650.0 2850.0 -0.06427
5750.0 2850.0 -0.00703
5850.0 2850.0 -0.01669
5950.0 2850.0 -0.09349
6050.0 2850.0 -0.22012
6150.0 2850.0 -0.36467
6250.0 2850.0 -0.47348
6350.0 2850.0 -0.51163
50.0 2950.0 -0.19437
150.0 2950.0 -0.21278
250.0 2950.0 -0.27954
350.0 2950.0 -0.38854
450.0 2950.0 -0.50327
550.0 2950.0 -0.58157
650.0 2950.0 -0.59259
750.0 2950.0 -0.52600
850.0 2950.0 -0.39332
950.0 2950.0 -0.22157
1050.0 2950.0 -0.03908
1150.0 2950.0 0.13085
1250.0 2950.0 0.23419
1350.0 2950.0 0.25184
1450.0 2950.0 0.20603
1550.0 2950.0 0.13994
1650.0 2950.0 0.10105
1750.0 2950.0 0.12820
1850.0 2950.0 0.24251
1950.0 2950.0 0.44196
2050.0 2950.0 0.69982
2150.0 2950.0 0.99278
2250.0 2950.0 1.39089
2350.0 2950.0 1.85494
2450.0 2950.0 2.24689
2550.0 2950.0 2.42641
2650.0 2950.0 2.31349
2750.0 2950.0 1.91711
2850.0 2950.0 1.32970
2950.0 2950.0 0.68758
3050.0 2950.0 0.09728
3150.0 2950.0 -0.43928
3250.0 2950.0 -0.83952
3350.0 2950.0 -1.00358
3450.0 2950.0 -0.92320
3550.0 2950.0 -0.66194
3650.0 2950.0 -0.33050
3750.0 2950.0 -0.05846
3850.0 2950.0 0.03767
3950.0 2950.0 -0.11014
4050.0 2950.0 -0.48230
4150.0 2950.0 -0.94088
4250.0 2950.0 -1.35190
4350.0 2950.0 -1.63201
4450.0 2950.0 -1.71870
4550.0 2950.0 -1.59515
4650.0 2950.0 -1.30037
4750.0 2950.0 -0.92314
4850.0 2950.0 -0.57985
4950.0 2950.0 -0.37596
5050.0 2950.0 -0.35151
5150.0 2950.0 -0.41793
5250.0 2950.0 -0.45296
5350.0 2950.0 -0.42370
5450.0 2950.0 -0.33441
5550.0 2950.0 -0.21036
5650.0 2950.0 -0.08602
5750.0 2950.0 0.00502
5850.0 2950.0 0.03816
5950.0 2950.0 0.00409
6050.0 2950.0 -0.08677
6150.0 2950.0 -0.20086
6250.0 2950.0 -0.27375
6350.0 2950.0 -0.26712
50.0 3050.0 -0.05781
150.0 3050.0 -0.07724
250.0 3050.0 -0.14968
350.0 3050.0 -0.27097
450.0 3050.0 -0.40418
550.0 3050.0 -0.50494
650.0 3050.0 -0.53921
750.0 3050.0 -0.49319
850.0 3050.0 -0.37563
950.0 3050.0 -0.21233
1050.0 3050.0 -0.03298
1150.0 3050.0 0.13085
1250.0 3050.0 0.20352
1350.0 3050.0 0.15567
1450.0 3050.0 0.01372
1550.0 3050.0 -0.16574
1650.0 3050.0 -0.31756
1750.0 3050.0 -0.38548
1850.0 3050.0 -0.33555
1950.0 3050.0 -0.16538
2050.0 3050.0 0.09054
2150.0 3050.0 0.39296
2250.0 3050.0 0.82501
2350.0 3050.0 1.35906
2450.0 3050.0 1.85251
2550.0 3050.0 2.15055
2650.0 3050.0 2.15447
2750.0 3050.0 1.85530
2850.0 3050.0 1.33262
2950.0 3050.0 0.71871
3050.0 3050.0 0.12783
3150.0 3050.0 -0.41689
3250.0 3050.0 -0.80902
3350.0 3050.0 -0.93651
3450.0 3050.0 -0.79014
3550.0 3050.0 -0.44116
3650.0 3050.0 -0.01362
3750.0 3050.0 0.34732
3850.0 3050.0 0.51111
3950.0 3050.0 0.40156
4050.0 3050.0 0.04067
4150.0 3050.0 -0.41790
4250.0 3050.0 -0.83500
4350.0 3050.0 -1.13232
4450.0 3050.0 -1.24822
4550.0 3050.0 -1.16319
4650.0 3050.0 -0.91112
4750.0 3050.0 -0.57455
4850.0 3050.0 -0.26399
4950.0 3050.0 -0.08126
5050.0 3050.0 -0.06676
5150.0 3050.0 -0.13845
5250.0 3050.0 -0.18428
5350.0 3050.0 -0.17583
5450.0 3050.0 -0.11588
5550.0 3050.0 -0.02499
5650.0 3050.0 0.06810
5750.0 3050.0 0.13480
5850.0 3050.0 0.15359
5950.0 3050.0 0.11562
6050.0 3050.0 0.02891
6150.0 3050.0 -0.07731
6250.0 3050.0 -0.13310
6350.0 3050.0 -0.09061
50.0 3150.0 0.15155
150.0 3150.0 0.12990
250.0 3150.0 0.04953
350.0 3150.0 -0.08724
450.0 3150.0 -0.24224
550.0 3150.0 -0.36798
650.0 3150.0 -0.42653
750.0 3150.0 -0.40043
850.0 3150.0 -0.29587
950.0 3150.0 -0.13804
1050.0 3150.0 0.04138
1150.0 3150.0 0.20284
1250.0 3150.0 0.25115
1350.0 3150.0 0.14670
1450.0 3150.0 -0.08172
1550.0 3150.0 -0.36641
1650.0 3150.0 -0.62635
1750.0 3150.0 -0.78864
1850.0 3150.0 -0.80609
1950.0 3150.0 -0.67067
2050.0 3150.0 -0.42304
2150.0 3150.0 -0.11832
2250.0 3150.0 0.33602
2350.0 3150.0 0.92347
2450.0 3150.0 1.49996
2550.0 3150.0 1.90031
2650.0 3150.0 2.01054
2750.0 3150.0 1.80541
2850.0 3150.0 1.35123
2950.0 3150.0 0.77408
3050.0 3150.0 0.19316
3150.0 3150.0 -0.34934
3250.0 3150.0 -0.72682
3350.0 3150.0 -0.81877
3450.0 3150.0 -0.61648
3550.0 3150.0 -0.19795
3650.0 3150.0 0.30253
3750.0 3150.0 0.72870
3850.0 3150.0 0.94084
3950.0 3150.0 0.85817
4050.0 3150.0 0.50537
4150.0 3150.0 0.04748
4250.0 3150.0 -0.37131
4350.0 3150.0 -0.67455
4450.0 3150.0 -0.80099
4550.0 3150.0 -0.73017
4650.0 3150.0 -0.49405
4750.0 3150.0 -0.17278
4850.0 3150.0 0.12540
4950.0 3150.0 0.30017
5050.0 3150.0 0.31102
5150.0 3150.0 0.23721
5250.0 3150.0 0.18230
5350.0 3150.0 0.16785
5450.0 3150.0 0.19058
5550.0 3150.0 0.23396
5650.0 3150.0 0.27606
5750.0 3150.0 0.29587
5850.0 3150.0 0.27850
5950.0 3150.0 0.21885
6050.0 3150.0 0.12403
6150.0 3150.0 0.01670
6250.0 3150.0 -0.02906
6350.0 3150.0 0.04695
50.0 3250.0 0.22485
150.0 3250.0 0.19265
250.0 3250.0 0.09998
350.0 3250.0 -0.04841
450.0 3250.0 -0.21031
550.0 3250.0 -0.33506
650.0 3250.0 -0.38381
750.0 3250.0 -0.34087
850.0 3250.0 -0.21626
950.0 3250.0 -0.03951
1050.0 3250.0 0.15549
1150.0 3250.0 0.32855
1250.0 3250.0 0.37142
1350.0 3250.0 0.23434
1450.0 3250.0 -0.05490
1550.0 3250.0 -0.42178
1650.0 3250.0 -0.77284
1750.0 3250.0 -1.02017
1850.0 3250.0 -1.10278
1950.0 3250.0 -1.00468
2050.0 3250.0 -0.76982
2150.0 3250.0 -0.46885
2250.0 3250.0 -0.00745
2350.0 3250.0 0.60540
2450.0 3250.0 1.22682
2550.0 3250.0 1.68741
2650.0 3250.0 1.86491
2750.0 3250.0 1.72382
2850.0 3250.0 1.32079
2950.0 3250.0 0.77588
3050.0 3250.0 0.20973
3150.0 3250.0 -0.32261
3250.0 3250.0 -0.67498
3350.0 3250.0 -0.71691
3450.0 3250.0 -0.44055
3550.0 3250.0 0.06790
3650.0 3250.0 0.66180
3750.0 3250.0 1.17178
3850.0 3250.0 1.44736
3950.0 3250.0 1.40256
4050.0 3250.0 1.06544
4150.0 3250.0 0.61459
4250.0 3250.0 0.20061
4350.0 3250.0 -0.10397
4450.0 3250.0 -0.24152
4550.0 3250.0 -0.19298
4650.0 3250.0 0.01124
4750.0 3250.0 0.29534
4850.0 3250.0 0.55718
4950.0 3250.0 0.70219
5050.0 3250.0 0.69234
5150.0 3250.0 0.60226
5250.0 3250.0 0.52560
5350.0 3250.0 0.47845
5450.0 3250.0 0.45745
5550.0 3250.0 0.44960
5650.0 3250.0 0.43845
5750.0 3250.0 0.40897
5850.0 3250.0 0.35118
5950.0 3250.0 0.26257
6050.0 3250.0 0.14925
6150.0 3250.0 0.02902
6250.0 3250.0 -0.01333
6350.0 3250.0 0.10124
50.0 3350.0 0.09737
150.0 3350.0 0.04029
250.0 3350.0 -0.07461
350.0 3350.0 -0.23376
450.0 3350.0 -0.38597
550.0 3350.0 -0.47622
650.0 3350.0 -0.46823
750.0 3350.0 -0.35561
850.0 3350.0 -0.16174
950.0 3350.0 0.07171
1050.0 3350.0 0.30758
1150.0 3350.0 0.51567
1250.0 3350.0 0.58588
1350.0 3350.0 0.45890
1450.0 3350.0 0.15586
1550.0 3350.0 -0.24958
1650.0 3350.0 -0.65809
1750.0 3350.0 -0.97023
1850.0 3350.0 -1.11092
1950.0 3350.0 -1.05264
2050.0 3350.0 -0.83755
2150.0 3350.0 -0.55024
2250.0 3350.0 -0.10667
2350.0 3350.0 0.48585
2450.0 3350.0 1.09011
2550.0 3350.0 1.54240
2650.0 3350.0 1.72368
2750.0 3350.0 1.59793
2850.0 3350.0 1.21793
2950.0 3350.0 0.69809
3050.0 3350.0 0.15469
3150.0 3350.0 -0.35483
3250.0 3350.0 -0.66881
3350.0 3350.0 -0.64679
3450.0 3350.0 -0.28208
3550.0 3350.0 0.33032
3650.0 3350.0 1.03102
3750.0 3350.0 1.63724
3850.0 3350.0 1.98779
3950.0 3350.0 1.99170
4050.0 3350.0 1.68079
4150.0 3350.0 1.24771
4250.0 3350.0 0.85099
4350.0 3350.0 0.55705
4450.0 3350.0 0.41452
4550.0 3350.0 0.43624
4650.0 3350.0 0.59141
4750.0 3350.0 0.81045
4850.0 3350.0 1.00238
4950.0 3350.0 1.08489
5050.0 3350.0 1.02691
5150.0 3350.0 0.89707
5250.0 3350.0 0.77940
5350.0 3350.0 0.68873
5450.0 3350.0 0.62250
5550.0 3350.0 0.56932
5650.0 3350.0 0.51437
5750.0 3350.0 0.44375
5850.0 3350.0 0.34787
5950.0 3350.0 0.22377
6050.0 3350.0 0.07657
6150.0 3350.0 -0.07608
6250.0 3350.0 -0.12876
6350.0 3350.0 0.02414
50.0 3450.0 -0.18649
150.0 3450.0 -0.28311
250.0 3450.0 -0.43367
350.0 3450.0 -0.61081
450.0 3450.0 -0.74903
550.0 3450.0 -0.78619
650.0 3450.0 -0.68985
750.0 3450.0 -0.46812
850.0 3450.0 -0.16538
950.0 3450.0 0.15750
1050.0 3450.0 0.45806
1150.0 3450.0 0.72434
1250.0 3450.0 0.85572
1350.0 3450.0 0.78472
1450.0 3450.0 0.52006
1550.0 3450.0 0.12620
1650.0 3450.0 -0.29917
1750.0 3450.0 -0.64966
1850.0 3450.0 -0.83675
1950.0 3450.0 -0.81832
2050.0 3450.0 -0.62927
2150.0 3450.0 -0.36526
2250.0 3450.0 0.03664
2350.0 3450.0 0.56527
2450.0 3450.0 1.09340
2550.0 3450.0 1.47252
2650.0 3450.0 1.59766
2750.0 3450.0 1.44155
2850.0 3450.0 1.05847
2950.0 3450.0 0.55738
3050.0 3450.0 0.04471
3150.0 3450.0 -0.43021
3250.0 3450.0 -0.69872
3350.0 3450.0 -0.61378
3450.0 3450.0 -0.17003
3550.0 3450.0 0.53107
3650.0 3450.0 1.32122
3750.0 3450.0 2.00867
3850.0 3450.0 2.42537
3950.0 3450.0 2.47755
4050.0 3450.0 2.20002
4150.0 3450.0 1.79530
4250.0 3450.0 1.43045
4350.0 3450.0 1.16532
4450.0 3450.0 1.03440
4550.0 3450.0 1.03832
4650.0 3450.0 1.14204
4750.0 3450.0 1.28174
4850.0 3450.0 1.38077
4950.0 3450.0 1.37437
5050.0 3450.0 1.24325
5150.0 3450.0 1.05092
5250.0 3450.0 0.87619
5350.0 3450.0 0.73925
5450.0 3450.0 0.63944
5550.0 3450.0 0.56363
5650.0 3450.0 0.49236
5750.0 3450.0 0.40538
5850.0 3450.0 0.28655
5950.0 3450.0 0.12815
6050.0 3450.0 -0.06539
6150.0 3450.0 -0.26958
6250.0 3450.0 -0.34999
6350.0 3450.0 -0.17131
50.0 3550.0 -0.52632
150.0 3550.0 -0.67310
250.0 3550.0 -0.87298
350.0 3550.0 -1.08289
450.0 3550.0 -1.21885
550.0 3550.0 -1.20787
650.0 3550.0 -1.01951
750.0 3550.0 -0.67725
850.0 3550.0 -0.24949
950.0 3550.0 0.17964
1050.0 3550.0 0.55985
1150.0 3550.0 0.90015
1250.0 3550.0 1.11765
1350.0 3550.0 1.13848
1450.0 3550.0 0.95487
1550.0 3550.0 0.61551
1650.0 3550.0 0.21000
1750.0 3550.0 -0.15285
1850.0 3550.0 -0.37266
1950.0 3550.0 -0.39110
2050.0 3550.0 -0.23161
2150.0 3550.0 0.00273
2250.0 3550.0 0.34754
2350.0 3550.0 0.78440
2450.0 3550.0 1.19889
2550.0 3550.0 1.46386
2650.0 3550.0 1.49528
2750.0 3550.0 1.28043
2850.0 3550.0 0.87840
2950.0 3550.0 0.39271
3050.0 3550.0 -0.08370
3150.0 3550.0 -0.51684
3250.0 3550.0 -0.74235
3350.0 3550.0 -0.61321
3450.0 3550.0 -0.12526
3550.0 3550.0 0.61865
3650.0 3550.0 1.44919
3750.0 3550.0 2.17435
3850.0 3550.0 2.62658
3950.0 3550.0 2.71318
4050.0 3550.0 2.46997
4150.0 3550.0 2.10087
4250.0 3550.0 1.78069
4350.0 3550.0 1.56457
4450.0 3550.0 1.46940
4550.0 3550.0 1.47815
4650.0 3550.0 1.54642
4750.0 3550.0 1.61322
4850.0 3550.0 1.61599
4950.0 3550.0 1.50982
5050.0 3550.0 1.29091
5150.0 3550.0 1.02116
5250.0 3550.0 0.78200
5350.0 3550.0 0.60659
5450.0 3550.0 0.49715
5550.0 3550.0 0.43477
5650.0 3550.0 0.38810
5750.0 3550.0 0.32205
5850.0 3550.0 0.20629
5950.0 3550.0 0.02368
6050.0 3550.0 -0.22142
6150.0 3550.0 -0.48999
6250.0 3550.0 -0.61473
6350.0 3550.0 -0.43388
50.0 3650.0 -0.80852
150.0 3650.0 -1.00928
250.0 3650.0 -1.26870
350.0 3650.0 -1.52962
450.0 3650.0 -1.68773
550.0 3650.0 -1.65534
650.0 3650.0 -1.39976
750.0 3650.0 -0.95609
850.0 3650.0 -0.41456
950.0 3650.0 0.11756
1050.0 3650.0 0.57964
1150.0 3650.0 0.99838
1250.0 3650.0 1.31155
1350.0 3650.0 1.44066
1450.0 3650.0 1.36005
1550.0 3650.0 1.09957
1650.0 3650.0 0.73703
1750.0 3650.0 0.38041
1850.0 3650.0 0.13990
1950.0 3650.0 0.08972
2050.0 3650.0 0.21978
2150.0 3650.0 0.42296
2250.0 3650.0 0.70766
2350.0 3650.0 1.04771
2450.0 3650.0 1.34221
2550.0 3650.0 1.48644
2650.0 3650.0 1.41852
2750.0 3650.0 1.14118
2850.0 3650.0 0.71863
2950.0 3650.0 0.24875
3050.0 3650.0 -0.18968
3150.0 3650.0 -0.58033
3250.0 3650.0 -0.77402
3350.0 3650.0 -0.63184
3450.0 3650.0 -0.15034
3550.0 3650.0 0.57260
3650.0 3650.0 1.37638
3750.0 3650.0 2.07933
3850.0 3650.0 2.52322
3950.0 3650.0 2.62085
4050.0 3650.0 2.40657
4150.0 3650.0 2.07513
4250.0 3650.0 1.80719
4350.0 3650.0 1.65687
4450.0 3650.0 1.62264
4550.0 3650.0 1.66615
4650.0 3650.0 1.72883
4750.0 3650.0 1.74779
4850.0 3650.0 1.67112
4950.0 3650.0 1.47252
5050.0 3650.0 1.16531
5150.0 3650.0 0.81482
5250.0 3650.0 0.51435
5350.0 3650.0 0.31653
5450.0 3650.0 0.22715
5550.0 3650.0 0.21779
5650.0 3650.0 0.23893
5750.0 3650.0 0.23345
5850.0 3650.0 0.15052
5950.0 3650.0 -0.04012
6050.0 3650.0 -0.33349
6150.0 3650.0 -0.66971
6250.0 3650.0 -0.85014
6350.0 3650.0 -0.69532
50.0 3750.0 -0.93880
150.0 3750.0 -1.18955
250.0 3750.0 -1.51231
350.0 3750.0 -1.84047
450.0 3750.0 -2.05025
550.0 3750.0 -2.03663
650.0 3750.0 -1.75913
750.0 3750.0 -1.25743
850.0 3750.0 -0.63688
950.0 3750.0 -0.02382
1050.0 3750.0 0.50920
1150.0 3750.0 0.99830
1250.0 3750.0 1.39876
1350.0 3750.0 1.62862
1450.0 3750.0 1.64609
1550.0 3750.0 1.46339
1650.0 3750.0 1.14670
1750.0 3750.0 0.80211
1850.0 3750.0 0.54768
1950.0 3750.0 0.47147
2050.0 3750.0 0.57576
2150.0 3750.0 0.75156
2250.0 3750.0 0.98617
2350.0 3750.0 1.24833
2450.0 3750.0 1.44887
2550.0 3750.0 1.50150
2650.0 3750.0 1.36169
2750.0 3750.0 1.04334
2850.0 3750.0 0.61321
2950.0 3750.0 0.16316
3050.0 3750.0 -0.23988
3150.0 3750.0 -0.59383
3250.0 3750.0 -0.77215
3350.0 3750.0 -0.65093
3450.0 3750.0 -0.22693
3550.0 3750.0 0.41272
3650.0 3750.0 1.12488
3750.0 3750.0 1.74747
3850.0 3750.0 2.13921
3950.0 3750.0 2.22216
4050.0 3750.0 2.02679
4150.0 3750.0 1.72930
4250.0 3750.0 1.51385
4350.0 3750.0 1.43776
4450.0 3750.0 1.48312
4550.0 3750.0 1.58959
4650.0 3750.0 1.68122
4750.0 3750.0 1.68820
4850.0 3750.0 1.56370
4950.0 3750.0 1.29567
5050.0 3750.0 0.91361
5150.0 3750.0 0.49146
5250.0 3750.0 0.14217
5350.0 3750.0 -0.05863
5450.0 3750.0 -0.10152
5550.0 3750.0 -0.02663
5650.0 3750.0 0.09489
5750.0 3750.0 0.18012
5850.0 3750.0 0.15458
5950.0 3750.0 -0.02679
6050.0 3750.0 -0.35778
6150.0 3750.0 -0.75454
6250.0 3750.0 -0.99351
6350.0 3750.0 -0.88898
50.0 3850.0 -0.86456
150.0 3850.0 -1.15441
250.0 3850.0 -1.53653
350.0 3850.0 -1.94123
450.0 3850.0 -2.22879
550.0 3850.0 -2.27610
650.0 3850.0 -2.02981
750.0 3850.0 -1.52577
850.0 3850.0 -0.87497
950.0 3850.0 -0.21590
1050.0 3850.0 0.36675
1150.0 3850.0 0.90757
1250.0 3850.0 1.37081
1350.0 3850.0 1.67135
1450.0 3850.0 1.75562
1550.0 3850.0 1.62356
1650.0 3850.0 1.33378
1750.0 3850.0 0.99205
1850.0 3850.0 0.72306
1950.0 3850.0 0.62546
2050.0 3850.0 0.71022
2150.0 3850.0 0.86671
2250.0 3850.0 1.07183
2350.0 3850.0 1.29414
2450.0 3850.0 1.45264
2550.0 3850.0 1.47117
2650.0 3850.0 1.31298
2750.0 3850.0 0.99492
2850.0 3850.0 0.58132
2950.0 3850.0 0.15764
3050.0 3850.0 -0.21627
3150.0 3850.0 -0.54438
3250.0 3850.0 -0.72429
3350.0 3850.0 -0.65096
3450.0 3850.0 -0.32081
3550.0 3850.0 0.19324
3650.0 3850.0 0.77048
3750.0 3850.0 1.27362
3850.0 3850.0 1.58248
3950.0 3850.0 1.63019
4050.0 3850.0 1.44189
4150.0 3850.0 1.16983
4250.0 3850.0 0.99942
4350.0 3850.0 0.99483
4450.0 3850.0 1.12616
4550.0 3850.0 1.31365
4650.0 3850.0 1.46337
4750.0 3850.0 1.49478
4850.0 3850.0 1.36001
4950.0 3850.0 1.05494
5050.0 3850.0 0.62202
5150.0 3850.0 0.14744
5250.0 3850.0 -0.23218
5350.0 3850.0 -0.41885
5450.0 3850.0 -0.40004
5550.0 3850.0 -0.22756
5650.0 3850.0 0.00625
5750.0 3850.0 0.19356
5850.0 3850.0 0.23730
5950.0 3850.0 0.07855
6050.0 3850.0 -0.27492
6150.0 3850.0 -0.71649
6250.0 3850.0 -1.00718
6350.0 3850.0 -0.96596
50.0 3950.0 -0.58699
150.0 3950.0 -0.90113
250.0 3950.0 -1.33213
350.0 3950.0 -1.81362
450.0 3950.0 -2.19507
550.0 3950.0 -2.33666
650.0 3950.0 -2.16873
750.0 3950.0 -1.71572
850.0 3950.0 -1.08463
950.0 3950.0 -0.41806
1050.0 3950.0 0.18830
1150.0 3950.0 0.75670
1250.0 3950.0 1.24890
1350.0 3950.0 1.57583
1450.0 3950.0 1.67806
1550.0 3950.0 1.55118
1650.0 3950.0 1.25309
1750.0 3950.0 0.89290
1850.0 3950.0 0.60169
1950.0 3950.0 0.48509
2050.0 3950.0 0.55747
2150.0 3950.0 0.70484
2250.0 3950.0 0.90602
2350.0 3950.0 1.13543
2450.0 3950.0 1.31560
2550.0 3950.0 1.37033
2650.0 3950.0 1.25889
2750.0 3950.0 0.99104
2850.0 3950.0 0.62278
2950.0 3950.0 0.23280
3050.0 3950.0 -0.12020
3150.0 3950.0 -0.43544
3250.0 3950.0 -0.63014
3350.0 3950.0 -0.61788
3450.0 3950.0 -0.39442
3550.0 3950.0 -0.01815
3650.0 3950.0 0.41281
3750.0 3950.0 0.78585
3850.0 3950.0 1.00155
3950.0 3950.0 1.00375
4050.0 3950.0 0.81193
4150.0 3950.0 0.55426
4250.0 3950.0 0.41587
4350.0 3950.0 0.46997
4450.0 3950.0 0.68015
4550.0 3950.0 0.95225
4650.0 3950.0 1.17656
4750.0 3950.0 1.26009
4850.0 3950.0 1.14880
4950.0 3950.0 0.83992
5050.0 3950.0 0.38419
5150.0 3950.0 -0.11869
5250.0 3950.0 -0.50905
5350.0 3950.0 -0.67107
5450.0 3950.0 -0.59003
5550.0 3950.0 -0.32737
5650.0 3950.0 0.00758
5750.0 3950.0 0.28726
5850.0 3950.0 0.39689
5950.0 3950.0 0.26687
6050.0 3950.0 -0.09346
6150.0 3950.0 -0.55976
6250.0 3950.0 -0.88773
6350.0 3950.0 -0.90862
50.0 4050.0 -0.16295
150.0 4050.0 -0.48792
250.0 4050.0 -0.95564
350.0 4050.0 -1.50775
450.0 4050.0 -1.98778
550.0 4050.0 -2.24163
650.0 4050.0 -2.18205
750.0 4050.0 -1.81713
850.0 4050.0 -1.24275
950.0 4050.0 -0.59909
1050.0 4050.0 0.00897
1150.0 4050.0 0.58366
1250.0 4050.0 1.07375
1350.0 4050.0 1.38506
1450.0 4050.0 1.45755
1550.0 4050.0 1.29013
1650.0 4050.0 0.94680
1750.0 4050.0 0.54417
1850.0 4050.0 0.22029
1950.0 4050.0 0.08484
2050.0 4050.0 0.15066
2150.0 4050.0 0.29779
2250.0 4050.0 0.51703
2350.0 4050.0 0.79372
2450.0 4050.0 1.05000
2550.0 4050.0 1.20081
2650.0 4050.0 1.19144
2750.0 4050.0 1.01604
2850.0 4050.0 0.71724
2950.0 4050.0 0.36683
3050.0 4050.0 0.02741
3150.0 4050.0 -0.28586
3250.0 4050.0 -0.50222
3350.0 4050.0 -0.55098
3450.0 4050.0 -0.42706
3550.0 4050.0 -0.17627
3650.0 4050.0 0.12254
3750.0 4050.0 0.37767
3850.0 4050.0 0.50713
3950.0 4050.0 0.46354
4050.0 4050.0 0.26142
4150.0 4050.0 0.00839
4250.0 4050.0 -0.11129
4350.0 4050.0 -0.01487
4450.0 4050.0 0.25953
4550.0 4050.0 0.60875
4650.0 4050.0 0.91075
4750.0 4050.0 1.06031
4850.0 4050.0 0.99428
4950.0 4050.0 0.70627
5050.0 4050.0 0.25087
5150.0 4050.0 -0.25935
5250.0 4050.0 -0.64550
5350.0 4050.0 -0.77986
5450.0 4050.0 -0.64653
5550.0 4050.0 -0.31357
5650.0 4050.0 0.09832
5750.0 4050.0 0.44856
5850.0 4050.0 0.61090
5950.0 4050.0 0.50898
6050.0 4050.0 0.15342
6150.0 4050.0 -0.31999
6250.0 4050.0 -0.66946
6350.0 4050.0 -0.74165
50.0 4150.0 0.31765
150.0 4150.0 -0.01339
250.0 4150.0 -0.51254
350.0 4150.0 -1.13086
450.0 4150.0 -1.70788
550.0 4150.0 -2.07660
650.0 4150.0 -2.13239
750.0 4150.0 -1.86584
850.0 4150.0 -1.35961
950.0 4150.0 -0.74921
1050.0 4150.0 -0.14776
1150.0 4150.0 0.42487
1250.0 4150.0 0.90048
1350.0 4150.0 1.17904
1450.0 4150.0 1.20178
1550.0 4150.0 0.97382
1650.0 4150.0 0.56813
1750.0 4150.0 0.11077
1850.0 4150.0 -0.25263
1950.0 4150.0 -0.40911
2050.0 4150.0 -0.34926
2150.0 4150.0 -0.20044
2250.0 4150.0 0.04361
2350.0 4150.0 0.38142
2450.0 4150.0 0.73377
2550.0 4150.0 1.00387
2650.0 4150.0 1.11929
2750.0 4150.0 1.05508
2850.0 4150.0 0.83806
2950.0 4150.0 0.53234
3050.0 4150.0 0.20605
3150.0 4150.0 -0.10732
3250.0 4150.0 -0.34565
3350.0 4150.0 -0.45275
3450.0 4150.0 -0.42281
3550.0 4150.0 -0.29006
3650.0 4150.0 -0.11553
3750.0 4150.0 0.02842
3850.0 4150.0 0.07592
3950.0 4150.0 -0.01220
4050.0 4150.0 -0.22603
4150.0 4150.0 -0.47701
4250.0 4150.0 -0.58227
4350.0 4150.0 -0.44969
4450.0 4150.0 -0.11738
4550.0 4150.0 0.30465
4650.0 4150.0 0.68364
4750.0 4150.0 0.90270
4850.0 4150.0 0.88879
4950.0 4150.0 0.63034
5050.0 4150.0 0.18418
5150.0 4150.0 -0.32505
5250.0 4150.0 -0.70200
5350.0 4150.0 -0.81023
5450.0 4150.0 -0.63295
5550.0 4150.0 -0.24297
5650.0 4150.0 0.23084
5750.0 4150.0 0.63850
5850.0 4150.0 0.84543
5950.0 4150.0 0.77037
6050.0 4150.0 0.42478
6150.0 4150.0 -0.04745
6250.0 4150.0 -0.41031
6350.0 4150.0 -0.52675
50.0 4250.0 0.86382
150.0 4250.0 0.52037
250.0 4250.0 -0.01162
350.0 4250.0 -0.68996
450.0 4250.0 -1.35002
550.0 4250.0 -1.81382
650.0 4250.0 -1.96281
750.0 4250.0 -1.77427
850.0 4250.0 -1.32144
950.0 4250.0 -0.73727
1050.0 4250.0 -0.14192
1150.0 4250.0 0.42783
1250.0 4250.0 0.88991
1350.0 4250.0 1.13728
1450.0 4250.0 1.10976
1550.0 4250.0 0.81623
1650.0 4250.0 0.33749
1750.0 4250.0 -0.19040
1850.0 4250.0 -0.61218
1950.0 4250.0 -0.80887
2050.0 4250.0 -0.77274
2150.0 4250.0 -0.63991
2250.0 4250.0 -0.39179
2350.0 4250.0 -0.01347
2450.0 4250.0 0.42124
2550.0 4250.0 0.80974
2650.0 4250.0 1.06424
2750.0 4250.0 1.13841
2850.0 4250.0 1.03714
2950.0 4250.0 0.80934
3050.0 4250.0 0.52380
3150.0 4250.0 0.23411
3250.0 4250.0 -0.01083
3350.0 4250.0 -0.17609
3450.0 4250.0 -0.25647
3550.0 4250.0 -0.27123
3650.0 4250.0 -0.25679
3750.0 4250.0 -0.25760
3850.0 4250.0 -0.31518
3950.0 4250.0 -0.45523
4050.0 4250.0 -0.67305
4150.0 4250.0 -0.90803
4250.0 4250.0 -0.98416
4350.0 4250.0 -0.80067
4450.0 4250.0 -0.39724
4550.0 4250.0 0.10782
4650.0 4250.0 0.57039
4750.0 4250.0 0.86227
4850.0 4250.0 0.90202
4950.0 4250.0 0.67472
5050.0 4250.0 0.24077
5150.0 4250.0 -0.26391
5250.0 4250.0 -0.63424
5350.0 4250.0 -0.72975
5450.0 4250.0 -0.53104
5550.0 4250.0 -0.11047
5650.0 4250.0 0.40112
5750.0 4250.0 0.84975
5850.0 4250.0 1.09574
5950.0 4250.0 1.05324
6050.0 4250.0 0.73196
6150.0 4250.0 0.27863
6250.0 4250.0 -0.08251
6350.0 4250.0 -0.23583
50.0 4350.0 1.43645
150.0 4350.0 1.06927
250.0 4350.0 0.50365
350.0 4350.0 -0.21956
450.0 4350.0 -0.93138
550.0 4350.0 -1.44713
650.0 4350.0 -1.64168
750.0 4350.0 -1.48772
850.0 4350.0 -1.05686
950.0 4350.0 -0.48371
1050.0 4350.0 0.10716
1150.0 4350.0 0.67344
1250.0 4350.0 1.12777
1350.0 4350.0 1.35549
1450.0 4350.0 1.28973
1550.0 4350.0 0.93704
1650.0 4350.0 0.38157
1750.0 4350.0 -0.23193
1850.0 4350.0 -0.73666
1950.0 4350.0 -1.00348
2050.0 4350.0 -1.02208
2150.0 4350.0 -0.93783
2250.0 4350.0 -0.72810
2350.0 4350.0 -0.35812
2450.0 4350.0 0.11634
2550.0 4350.0 0.59982
2650.0 4350.0 0.99668
2750.0 4350.0 1.23859
2850.0 4350.0 1.30022
2950.0 4350.0 1.20286
3050.0 4350.0 1.00620
3150.0 4350.0 0.78368
3250.0 4350.0 0.56448
3350.0 4350.0 0.35273
3450.0 4350.0 0.15047
3550.0 4350.0 -0.04270
3650.0 4350.0 -0.22962
3750.0 4350.0 -0.41491
3850.0 4350.0 -0.60385
3950.0 4350.0 -0.80063
4050.0 4350.0 -1.00603
4150.0 4350.0 -1.19981
4250.0 4350.0 -1.22284
4350.0 4350.0 -0.96896
4450.0 4350.0 -0.48238
4550.0 4350.0 0.10900
4650.0 4350.0 0.65068
4750.0 4350.0 1.00649
4850.0 4350.0 1.09126
4950.0 4350.0 0.89131
5050.0 4350.0 0.47265
5150.0 4350.0 -0.02144
5250.0 4350.0 -0.39028
5350.0 4350.0 -0.49796
5450.0 4350.0 -0.31944
5550.0 4350.0 0.08284
5650.0 4350.0 0.58744
5750.0 4350.0 1.04621
5850.0 4350.0 1.32033
5950.0 4350.0 1.32010
6050.0 4350.0 1.04860
6150.0 4350.0 0.64600
6250.0 4350.0 0.31646
6350.0 4350.0 0.14818
50.0 4450.0 1.90260
150.0 4450.0 1.50077
250.0 4450.0 0.90361
350.0 4450.0 0.15697
450.0 4450.0 -0.56603
550.0 4450.0 -1.07945
650.0 4450.0 -1.26069
750.0 4450.0 -1.08824
850.0 4450.0 -0.64124
950.0 4450.0 -0.06061
1050.0 4450.0 0.52805
1150.0 4450.0 1.09103
1250.0 4450.0 1.54877
1350.0 4450.0 1.78039
1450.0 4450.0 1.70650
1550.0 4450.0 1.32277
1650.0 4450.0 0.70904
1750.0 4450.0 0.01394
1850.0 4450.0 -0.58488
1950.0 4450.0 -0.94502
2050.0 4450.0 -1.04803
2150.0 4450.0 -1.04605
2250.0 4450.0 -0.92441
2350.0 4450.0 -0.62835
2450.0 4450.0 -0.18235
2550.0 4450.0 0.34155
2650.0 4450.0 0.85202
2750.0 4450.0 1.26305
2850.0 4450.0 1.51465
2950.0 4450.0 1.58985
3050.0 4450.0 1.52778
3150.0 4450.0 1.41693
3250.0 4450.0 1.26287
3350.0 4450.0 1.03343
3450.0 4450.0 0.72464
3550.0 4450.0 0.35556
3650.0 4450.0 -0.03897
3750.0 4450.0 -0.41718
3850.0 4450.0 -0.74069
3950.0 4450.0 -0.98623
4050.0 4450.0 -1.15901
4150.0 4450.0 -1.28648
4250.0 4450.0 -1.23639
4350.0 4450.0 -0.90351
4450.0 4450.0 -0.33959
4550.0 4450.0 0.31864
4650.0 4450.0 0.91071
4750.0 4450.0 1.29950
4850.0 4450.0 1.40405
4950.0 4450.0 1.21822
5050.0 4450.0 0.81506
5150.0 4450.0 0.33753
5250.0 4450.0 -0.03539
5350.0 4450.0 -0.18147
5450.0 4450.0 -0.06697
5550.0 4450.0 0.26532
5650.0 4450.0 0.71516
5750.0 4450.0 1.15058
5850.0 4450.0 1.43996
5950.0 4450.0 1.49068
6050.0 4450.0 1.29428
6150.0 4450.0 0.97467
6250.0 4450.0 0.71108
6350.0 4450.0 0.56302
50.0 4550.0 2.13072
150.0 4550.0 1.68726
250.0 4550.0 1.06357
350.0 4550.0 0.31602
450.0 4550.0 -0.37873
550.0 4550.0 -0.83879
650.0 4550.0 -0.95236
750.0 4550.0 -0.71307
850.0 4550.0 -0.21547
950.0 4550.0 0.38939
1050.0 4550.0 0.97820
1150.0 4550.0 1.53897
1250.0 4550.0 2.01441
1350.0 4550.0 2.28098
1450.0 4550.0 2.24202
1550.0 4550.0 1.87356
1650.0 4550.0 1.24166
1750.0 4550.0 0.49142
1850.0 4550.0 -0.19247
1950.0 4550.0 -0.65350
2050.0 4550.0 -0.85961
2150.0 4550.0 -0.96440
2250.0 4550.0 -0.97393
2350.0 4550.0 -0.81753
2450.0 4550.0 -0.47850
2550.0 4550.0 0.00971
2650.0 4550.0 0.57435
2750.0 4550.0 1.12069
2850.0 4550.0 1.55595
2950.0 4550.0 1.81966
3050.0 4550.0 1.92061
3150.0 4550.0 1.95318
3250.0 4550.0 1.90006
3350.0 4550.0 1.69391
3450.0 4550.0 1.32248
3550.0 4550.0 0.82070
3650.0 4550.0 0.25769
3750.0 4550.0 -0.28048
3850.0 4550.0 -0.71206
3950.0 4550.0 -0.98504
4050.0 4550.0 -1.10672
4150.0 4550.0 -1.15070
4250.0 4550.0 -1.01865
4350.0 4550.0 -0.61435
4450.0 4550.0 0.00076
4550.0 4550.0 0.68425
4650.0 4550.0 1.27690
4750.0 4550.0 1.65010
4850.0 4550.0 1.73651
4950.0 4550.0 1.54404
5050.0 4550.0 1.15293
5150.0 4550.0 0.69597
5250.0 4550.0 0.31460
5350.0 4550.0 0.11049
5450.0 4550.0 0.12815
5550.0 4550.0 0.35146
5650.0 4550.0 0.71007
5750.0 4550.0 1.09586
5850.0 4550.0 1.38926
5950.0 4550.0 1.49562
6050.0 4550.0 1.39148
6150.0 4550.0 1.17749
6250.0 4550.0 1.00901
6350.0 4550.0 0.92179
50.0 4650.0 2.05353
150.0 4650.0 1.56721
250.0 4650.0 0.92356
350.0 4650.0 0.19269
450.0 4650.0 -0.44598
550.0 4650.0 -0.81834
650.0 4650.0 -0.82879
750.0 4650.0 -0.49178
850.0 4650.0 0.07814
950.0 4650.0 0.71782
1050.0 4650.0 1.30858
1150.0 4650.0 1.86884
1250.0 4650.0 2.37563
1350.0 4650.0 2.70743
1450.0 4650.0 2.74792
1550.0 4650.0 2.44673
1650.0 4650.0 1.84760
1750.0 4650.0 1.08389
1850.0 4650.0 0.34157
1950.0 4650.0 -0.21046
2050.0 4650.0 -0.52255
2150.0 4650.0 -0.74296
2250.0 4650.0 -0.90879
2350.0 4650.0 -0.94053
2450.0 4650.0 -0.77644
2550.0 4650.0 -0.40119
2650.0 4650.0 0.14347
2750.0 4650.0 0.76545
2850.0 4650.0 1.34663
2950.0 4650.0 1.78468
3050.0 4650.0 2.05235
3150.0 4650.0 2.23908
3250.0 4650.0 2.30963
3350.0 4650.0 2.16899
3450.0 4650.0 1.79549
3550.0 4650.0 1.23308
3650.0 4650.0 0.57534
3750.0 4650.0 -0.05749
3850.0 4650.0 -0.54828
3950.0 4650.0 -0.81982
4050.0 4650.0 -0.87846
4150.0 4650.0 -0.83420
4250.0 4650.0 -0.62477
4350.0 4650.0 -0.17065
4450.0 4650.0 0.45627
4550.0 4650.0 1.11254
4650.0 4650.0 1.64824
4750.0 4650.0 1.95267
4850.0 4650.0 1.98051
4950.0 4650.0 1.75864
5050.0 4650.0 1.37346
5150.0 4650.0 0.93805
5250.0 4650.0 0.54622
5350.0 4650.0 0.27618
5450.0 4650.0 0.18378
5550.0 4650.0 0.28207
5650.0 4650.0 0.53381
5750.0 4650.0 0.85778
5850.0 4650.0 1.14856
5950.0 4650.0 1.31007
6050.0 4650.0 1.30274
6150.0 4650.0 1.20148
6250.0 4650.0 1.14436
6350.0 4650.0 1.15323
50.0 4750.0 1.69569
150.0 4750.0 1.17126
250.0 4750.0 0.51382
350.0 4750.0 -0.19277
450.0 4750.0 -0.76710
550.0 4750.0 -1.04392
650.0 4750.0 -0.94474
750.0 4750.0 -0.50533
850.0 4750.0 0.13972
950.0 4750.0 0.81566
1050.0 4750.0 1.40914
1150.0 4750.0 1.97069
1250.0 4750.0 2.51778
1350.0 4750.0 2.93535
1450.0 4750.0 3.08803
1550.0 4750.0 2.89632
1650.0 4750.0 2.37639
1750.0 4750.0 1.64342
1850.0 4750.0 0.87857
1950.0 4750.0 0.25959
2050.0 4750.0 -0.14502
2150.0 4750.0 -0.47205
2250.0 4750.0 -0.79434
2350.0 4750.0 -1.03150
2450.0 4750.0 -1.07987
2550.0 4750.0 -0.87311
2650.0 4750.0 -0.41496
2750.0 4750.0 0.21534
2850.0 4750.0 0.88519
2950.0 4750.0 1.45818
3050.0 4750.0 1.87110
3150.0 4750.0 2.19898
3250.0 4750.0 2.39646
3350.0 4750.0 2.35223
3450.0 4750.0 2.03559
3550.0 4750.0 1.49147
3650.0 4750.0 0.82472
3750.0 4750.0 0.17477
3850.0 4750.0 -0.31897
3950.0 4750.0 -0.56133
4050.0 4750.0 -0.55494
4150.0 4750.0 -0.43125
4250.0 4750.0 -0.16078
4350.0 4750.0 0.31425
4450.0 4750.0 0.91237
4550.0 4750.0 1.49382
4650.0 4750.0 1.92456
4750.0 4750.0 2.11827
4850.0 4750.0 2.05661
4950.0 4750.0 1.78743
5050.0 4750.0 1.40120
5150.0 4750.0 0.98512
5250.0 4750.0 0.58372
5350.0 4750.0 0.25364
5450.0 4750.0 0.06101
5550.0 4750.0 0.04537
5650.0 4750.0 0.19961
5750.0 4750.0 0.46696
5850.0 4750.0 0.75492
5950.0 4750.0 0.96617
6050.0 4750.0 1.04649
6150.0 4750.0 1.04782
6250.0 4750.0 1.10092
6350.0 4750.0 1.22545
50.0 4850.0 1.16654
150.0 4850.0 0.61350
250.0 4850.0 -0.05386
350.0 4850.0 -0.74115
450.0 4850.0 -1.26557
550.0 4850.0 -1.46872
650.0 4850.0 -1.28523
750.0 4850.0 -0.76724
850.0 4850.0 -0.06457
950.0 4850.0 0.63917
1050.0 4850.0 1.23481
1150.0 4850.0 1.79900
1250.0 4850.0 2.38784
1350.0 4850.0 2.89553
1450.0 4850.0 3.17120
1550.0 4850.0 3.10843
1650.0 4850.0 2.69562
1750.0 4850.0 2.02700
1850.0 4850.0 1.27444
1950.0 4850.0 0.61997
2050.0 4850.0 0.14910
2150.0 4850.0 -0.25976
2250.0 4850.0 -0.71280
2350.0 4850.0 -1.13526
2450.0 4850.0 -1.39097
2550.0 4850.0 -1.36920
2650.0 4850.0 -1.03636
2750.0 4850.0 -0.45280
2850.0 4850.0 0.24542
2950.0 4850.0 0.89964
3050.0 4850.0 1.41669
3150.0 4850.0 1.85212
3250.0 4850.0 2.15866
3350.0 4850.0 2.22087
3450.0 4850.0 2.00070
3550.0 4850.0 1.53731
3650.0 4850.0 0.93402
3750.0 4850.0 0.33397
3850.0 4850.0 -0.11563
3950.0 4850.0 -0.31056
4050.0 4850.0 -0.24802
4150.0 4850.0 -0.06505
4250.0 4850.0 0.24286
4350.0 4850.0 0.71098
4450.0 4850.0 1.25051
4550.0 4850.0 1.72883
4650.0 4850.0 2.03073
4750.0 4850.0 2.09595
4850.0 4850.0 1.93293
4950.0 4850.0 1.60881
5050.0 4850.0 1.21581
5150.0 4850.0 0.81416
5250.0 4850.0 0.40680
5350.0 4850.0 0.03505
5450.0 4850.0 -0.22709
5550.0 4850.0 -0.32082
5650.0 4850.0 -0.23171
5750.0 4850.0 0.00062
5850.0 4850.0 0.29228
5950.0 4850.0 0.54438
6050.0 4850.0 0.69185
6150.0 4850.0 0.77080
6250.0 4850.0 0.91533
6350.0 4850.0 1.15304
50.0 4950.0 0.61759
150.0 4950.0 0.04767
250.0 4950.0 -0.62895
350.0 4950.0 -1.31303
450.0 4950.0 -1.82051
550.0 4950.0 -1.99537
650.0 4950.0 -1.77765
750.0 4950.0 -1.22668
850.0 4950.0 -0.49939
950.0 4950.0 0.21619
1050.0 4950.0 0.81225
1150.0 4950.0 1.37967
1250.0 4950.0 2.00393
1350.0 4950.0 2.58909
1450.0 4950.0 2.97423
1550.0 4950.0 3.03251
1650.0 4950.0 2.72935
1750.0 4950.0 2.13962
1850.0 4950.0 1.42406
1950.0 4950.0 0.76475
2050.0 4950.0 0.25972
2150.0 4950.0 -0.19708
2250.0 4950.0 -0.73643
2350.0 4950.0 -1.29254
2450.0 4950.0 -1.70989
2550.0 4950.0 -1.84702
2650.0 4950.0 -1.64105
2750.0 4950.0 -1.13308
2850.0 4950.0 -0.45424
2950.0 4950.0 0.22731
3050.0 4950.0 0.79871
3150.0 4950.0 1.29651
3250.0 4950.0 1.67815
3350.0 4950.0 1.83369
3450.0 4950.0 1.72044
3550.0 4950.0 1.36791
3650.0 4950.0 0.86888
3750.0 4950.0 0.35812
3850.0 4950.0 -0.02140
3950.0 4950.0 -0.16466
4050.0 4950.0 -0.06322
4150.0 4950.0 0.15290
4250.0 4950.0 0.47361
4350.0 4950.0 0.91525
4450.0 4950.0 1.38474
4550.0 4950.0 1.75782
4650.0 4950.0 1.93691
4750.0 4950.0 1.88415
4850.0 4950.0 1.62967
4950.0 4950.0 1.25511
5050.0 4950.0 0.85231
5150.0 4950.0 0.45881
5250.0 4950.0 0.05083
5350.0 4950.0 -0.33666
5450.0 4950.0 -0.62501
5550.0 4950.0 -0.74597
5650.0 4950.0 -0.67536
5750.0 4950.0 -0.44592
5850.0 4950.0 -0.13911
5950.0 4950.0 0.14385
6050.0 4950.0 0.33203
6150.0 4950.0 0.45555
6250.0 4950.0 0.66027
6350.0 4950.0 0.98766
50.0 5050.0 0.16511
150.0 5050.0 -0.41147
250.0 5050.0 -1.09924
350.0 5050.0 -1.80003
450.0 5050.0 -2.32832
550.0 5050.0 -2.52537
650.0 5050.0 -2.32823
750.0 5050.0 -1.79369
850.0 5050.0 -1.07727
950.0 5050.0 -0.36709
1050.0 5050.0 0.22730
1150.0 5050.0 0.79780
1250.0 5050.0 1.44719
1350.0 5050.0 2.08806
1450.0 5050.0 2.55494
1550.0 5050.0 2.70848
1650.0 5050.0 2.49823
1750.0 5050.0 1.98409
1850.0 5050.0 1.31626
1950.0 5050.0 0.67395
2050.0 5050.0 0.16257
2150.0 5050.0 -0.31070
2250.0 5050.0 -0.89003
2350.0 5050.0 -1.51886
2450.0 5050.0 -2.03467
2550.0 5050.0 -2.28039
2650.0 5050.0 -2.17516
2750.0 5050.0 -1.74471
2850.0 5050.0 -1.11106
2950.0 5050.0 -0.44181
3050.0 5050.0 0.14112
3150.0 5050.0 0.65968
3250.0 5050.0 1.07974
3350.0 5050.0 1.30207
3450.0 5050.0 1.28203
3550.0 5050.0 1.03880
3650.0 5050.0 0.65071
3750.0 5050.0 0.23788
3850.0 5050.0 -0.06803
3950.0 5050.0 -0.16677
4050.0 5050.0 -0.04522
4150.0 5050.0 0.18055
4250.0 5050.0 0.49525
4350.0 5050.0 0.90210
4450.0 5050.0 1.30656
4550.0 5050.0 1.59208
4650.0 5050.0 1.67464
4750.0 5050.0 1.53232
4850.0 5050.0 1.20962
4950.0 5050.0 0.79675
5050.0 5050.0 0.38390
5150.0 5050.0 -0.00703
5250.0 5050.0 -0.41042
5350.0 5050.0 -0.78917
5450.0 5050.0 -1.06279
5550.0 5050.0 -1.16268
5650.0 5050.0 -1.06597
5750.0 5050.0 -0.80814
5850.0 5050.0 -0.47421
5950.0 5050.0 -0.16853
6050.0 5050.0 0.03668
6150.0 5050.0 0.17462
6250.0 5050.0 0.40749
6350.0 5050.0 0.79197
50.0 5150.0 -0.21854
150.0 5150.0 -0.79615
250.0 5150.0 -1.49477
350.0 5150.0 -2.22016
450.0 5150.0 -2.78568
550.0 5150.0 -3.02782
650.0 5150.0 -2.87688
750.0 5150.0 -2.38258
850.0 5150.0 -1.69483
950.0 5150.0 -0.99947
1050.0 5150.0 -0.40906
1150.0 5150.0 0.16302
1250.0 5150.0 0.83032
1350.0 5150.0 1.51311
1450.0 5150.0 2.04422
1550.0 5150.0 2.27611
1650.0 5150.0 2.14653
1750.0 5150.0 1.70296
1850.0 5150.0 1.08571
1950.0 5150.0 0.46967
2050.0 5150.0 -0.03521
2150.0 5150.0 -0.50995
2250.0 5150.0 -1.10622
2350.0 5150.0 -1.77604
2450.0 5150.0 -2.35575
2550.0 5150.0 -2.68028
2650.0 5150.0 -2.65696
2750.0 5150.0 -2.29892
2850.0 5150.0 -1.71794
2950.0 5150.0 -1.07683
3050.0 5150.0 -0.50131
3150.0 5150.0 0.01889
3250.0 5150.0 0.45864
3350.0 5150.0 0.73069
3450.0 5150.0 0.78974
3550.0 5150.0 0.64534
3650.0 5150.0 0.36112
3750.0 5150.0 0.04124
3850.0 5150.0 -0.19591
3950.0 5150.0 -0.25677
4050.0 5150.0 -0.12439
4150.0 5150.0 0.10070
4250.0 5150.0 0.40223
4350.0 5150.0 0.77374
4450.0 5150.0 1.12047
4550.0 5150.0 1.33261
4650.0 5150.0 1.33702
4750.0 5150.0 1.12375
4850.0 5150.0 0.74755
4950.0 5150.0 0.30422
5050.0 5150.0 -0.11816
5150.0 5150.0 -0.50909
5250.0 5150.0 -0.90533
5350.0 5150.0 -1.26348
5450.0 5150.0 -1.50256
5550.0 5150.0 -1.55793
5650.0 5150.0 -1.41333
5750.0 5150.0 -1.11165
5850.0 5150.0 -0.74432
5950.0 5150.0 -0.41934
6050.0 5150.0 -0.20804
6150.0 5150.0 -0.06981
6250.0 5150.0 0.17518
6350.0 5150.0 0.59832
50.0 5250.0 -0.67422
150.0 5250.0 -1.23177
250.0 5250.0 -1.91218
350.0 5250.0 -2.62706
450.0 5250.0 -3.19571
550.0 5250.0 -3.45750
650.0 5250.0 -3.34096
750.0 5250.0 -2.88958
850.0 5250.0 -2.24439
950.0 5250.0 -1.58314
1050.0 5250.0 -1.01626
1150.0 5250.0 -0.46258
1250.0 5250.0 0.19900
1350.0 5250.0 0.89929
1450.0 5250.0 1.47560
1550.0 5250.0 1.77768
1650.0 5250.0 1.73388
1750.0 5250.0 1.37767
1850.0 5250.0 0.83432
1950.0 5250.0 0.26805
2050.0 5250.0 -0.21072
2150.0 5250.0 -0.66864
2250.0 5250.0 -1.26056
2350.0 5250.0 -1.94934
2450.0 5250.0 -2.57553
2550.0 5250.0 -2.97102
2650.0 5250.0 -3.03358
2750.0 5250.0 -2.76244
2850.0 5250.0 -2.25466
2950.0 5250.0 -1.66247
3050.0 5250.0 -1.11151
3150.0 5250.0 -0.60511
3250.0 5250.0 -0.16402
3350.0 5250.0 0.13576
3450.0 5250.0 0.25017
3550.0 5250.0 0.18194
3650.0 5250.0 -0.01754
3750.0 5250.0 -0.25868
3850.0 5250.0 -0.43642
3950.0 5250.0 -0.46514
4050.0 5250.0 -0.32596
4150.0 5250.0 -0.10502
4250.0 5250.0 0.18302
4350.0 5250.0 0.52458
4450.0 5250.0 0.82473
4550.0 5250.0 0.97871
4650.0 5250.0 0.92141
4750.0 5250.0 0.65181
4850.0 5250.0 0.23227
4950.0 5250.0 -0.23731
5050.0 5250.0 -0.67041
5150.0 5250.0 -1.06446
5250.0 5250.0 -1.45056
5350.0 5250.0 -1.77426
5450.0 5250.0 -1.95567
5550.0 5250.0 -1.93919
5650.0 5250.0 -1.72134
5750.0 5250.0 -1.35786
5850.0 5250.0 -0.94999
5950.0 5250.0 -0.60989
6050.0 5250.0 -0.40546
6150.0 5250.0 -0.28360
6250.0 5250.0 -0.04477
6350.0 5250.0 0.39845
50.0 5350.0 -1.19866
150.0 5350.0 -1.69499
250.0 5350.0 -2.30055
350.0 5350.0 -2.93660
450.0 5350.0 -3.44229
550.0 5350.0 -3.67470
650.0 5350.0 -3.57028
750.0 5350.0 -3.16788
850.0 5350.0 -2.59310
950.0 5350.0 -2.00422
1050.0 5350.0 -1.49952
1150.0 5350.0 -1.00392
1250.0 5350.0 -0.39647
1350.0 5350.0 0.26900
1450.0 5350.0 0.84651
1550.0 5350.0 1.19466
1650.0 5350.0 1.23824
1750.0 5350.0 0.99468
1850.0 5350.0 0.56536
1950.0 5350.0 0.09171
2050.0 5350.0 -0.32380
2150.0 5350.0 -0.72951
2250.0 5350.0 -1.27458
2350.0 5350.0 -1.93610
2450.0 5350.0 -2.56923
2550.0 5350.0 -3.01299
2650.0 5350.0 -3.16104
2750.0 5350.0 -2.99734
2850.0 5350.0 -2.59670
2950.0 5350.0 -2.09023
3050.0 5350.0 -1.59560
3150.0 5350.0 -1.13216
3250.0 5350.0 -0.72466
3350.0 5350.0 -0.43932
3450.0 5350.0 -0.31530
3550.0 5350.0 -0.35121
3650.0 5350.0 -0.50304
3750.0 5350.0 -0.69302
3850.0 5350.0 -0.82933
3950.0 5350.0 -0.83674
4050.0 5350.0 -0.69809
4150.0 5350.0 -0.48740
4250.0 5350.0 -0.21240
4350.0 5350.0 0.11141
4450.0 5350.0 0.38900
4550.0 5350.0 0.51700
4650.0 5350.0 0.43258
4750.0 5350.0 0.13729
4850.0 5350.0 -0.30431
4950.0 5350.0 -0.79105
5050.0 5350.0 -1.23681
5150.0 5350.0 -1.64005
5250.0 5350.0 -2.01226
5350.0 5350.0 -2.28061
5450.0 5350.0 -2.36942
5550.0 5350.0 -2.24080
5650.0 5350.0 -1.91420
5750.0 5350.0 -1.46660
5850.0 5350.0 -1.01373
5950.0 5350.0 -0.67195
6050.0 5350.0 -0.50105
6150.0 5350.0 -0.42770
6250.0 5350.0 -0.23182
6350.0 5350.0 0.19049
50.0 5450.0 -1.67259
150.0 5450.0 -2.06501
250.0 5450.0 -2.53787
350.0 5450.0 -3.02642
450.0 5450.0 -3.40398
550.0 5450.0 -3.56031
650.0 5450.0 -3.44925
750.0 5450.0 -3.10592
850.0 5450.0 -2.63323
950.0 5450.0 -2.15789
1050.0 5450.0 -1.75588
1150.0 5450.0 -1.36023
1250.0 5450.0 -0.86091
1350.0 5450.0 -0.29269
1450.0 5450.0 0.22821
1550.0 5450.0 0.58286
1650.0 5450.0 0.70073
1750.0 5450.0 0.58344
1850.0 5450.0 0.30089
1950.0 5450.0 -0.04011
2050.0 5450.0 -0.35470
2150.0 5450.0 -0.67092
2250.0 5450.0 -1.12159
2350.0 5450.0 -1.69999
2450.0 5450.0 -2.28694
2550.0 5450.0 -2.74073
2650.0 5450.0 -2.95872
2750.0 5450.0 -2.91055
2850.0 5450.0 -2.64280
2950.0 5450.0 -2.25527
3050.0 5450.0 -1.84876
3150.0 5450.0 -1.45867
3250.0 5450.0 -1.12121
3350.0 5450.0 -0.89436
3450.0 5450.0 -0.80859
3550.0 5450.0 -0.85813
3650.0 5450.0 -1.00121
3750.0 5450.0 -1.16896
3850.0 5450.0 -1.28277
3950.0 5450.0 -1.28024
4050.0 5450.0 -1.14975
4150.0 5450.0 -0.95560
4250.0 5450.0 -0.69225
4350.0 5450.0 -0.37098
4450.0 5450.0 -0.08684
4550.0 5450.0 0.05390
4650.0 5450.0 -0.01609
4750.0 5450.0 -0.30017
4850.0 5450.0 -0.73786
4950.0 5450.0 -1.23016
5050.0 5450.0 -1.68998
5150.0 5450.0 -2.10889
5250.0 5450.0 -2.46631
5350.0 5450.0 -2.66610
5450.0 5450.0 -2.64030
5550.0 5450.0 -2.37622
5650.0 5450.0 -1.92393
5750.0 5450.0 -1.38740
5850.0 5450.0 -0.89906
5950.0 5450.0 -0.57789
6050.0 5450.0 -0.47111
6150.0 5450.0 -0.47997
6250.0 5450.0 -0.36823
6350.0 5450.0 -0.01826
50.0 5550.0 -1.95947
150.0 5550.0 -2.21744
250.0 5550.0 -2.51735
350.0 5550.0 -2.81195
450.0 5550.0 -3.01895
550.0 5550.0 -3.07096
650.0 5550.0 -2.94521
750.0 5550.0 -2.67292
850.0 5550.0 -2.32839
950.0 5550.0 -1.99788
1050.0 5550.0 -1.72812
1150.0 5550.0 -1.46326
1250.0 5550.0 -1.11538
1350.0 5550.0 -0.69923
1450.0 5550.0 -0.29135
1550.0 5550.0 0.02346
1650.0 5550.0 0.18804
1750.0 5550.0 0.19109
1850.0 5550.0 0.06776
1950.0 5550.0 -0.11741
2050.0 5550.0 -0.30522
2150.0 5550.0 -0.50458
2250.0 5550.0 -0.82252
2350.0 5550.0 -1.26800
2450.0 5550.0 -1.75577
2550.0 5550.0 -2.17398
2650.0 5550.0 -2.43207
2750.0 5550.0 -2.48885
2850.0 5550.0 -2.36066
2950.0 5550.0 -2.10974
3050.0 5550.0 -1.81268
3150.0 5550.0 -1.51786
3250.0 5550.0 -1.27678
3350.0 5550.0 -1.14035
3450.0 5550.0 -1.12759
3550.0 5550.0 -1.22417
3650.0 5550.0 -1.38687
3750.0 5550.0 -1.55355
3850.0 5550.0 -1.65869
3950.0 5550.0 -1.65453
4050.0 5550.0 -1.53775
4150.0 5550.0 -1.36459
4250.0 5550.0 -1.11073
4350.0 5550.0 -0.77794
4450.0 5550.0 -0.46123
4550.0 5550.0 -0.27345
4650.0 5550.0 -0.29225
4750.0 5550.0 -0.53234
4850.0 5550.0 -0.94278
4950.0 5550.0 -1.42963
5050.0 5550.0 -1.90369
5150.0 5550.0 -2.34315
5250.0 5550.0 -2.68884
5350.0 5550.0 -2.82112
5450.0 5550.0 -2.68264
5550.0 5550.0 -2.28917
5650.0 5550.0 -1.72374
5750.0 5550.0 -1.11756
5850.0 5550.0 -0.61806
5950.0 5550.0 -0.34383
6050.0 5550.0 -0.32665
6150.0 5550.0 -0.44238
6250.0 5550.0 -0.44796
6350.0 5550.0 -0.21817
50.0 5650.0 -1.97206
150.0 5650.0 -2.08523
250.0 5650.0 -2.20011
350.0 5650.0 -2.28882
450.0 5650.0 -2.31674
550.0 5650.0 -2.26210
650.0 5650.0 -2.12643
750.0 5650.0 -1.93584
850.0 5650.0 -1.73313
950.0 5650.0 -1.56060
1050.0 5650.0 -1.43386
1150.0 5650.0 -1.31149
1250.0 5650.0 -1.13625
1350.0 5650.0 -0.90489
1450.0 5650.0 -0.65022
1550.0 5650.0 -0.41612
1650.0 5650.0 -0.23967
1750.0 5650.0 -0.14020
1850.0 5650.0 -0.11544
1950.0 5650.0 -0.14457
2050.0 5650.0 -0.19834
2150.0 5650.0 -0.27058
2250.0 5650.0 -0.43680
2350.0 5650.0 -0.71875
2450.0 5650.0 -1.06843
2550.0 5650.0 -1.41012
2650.0 5650.0 -1.67203
2750.0 5650.0 -1.80730
2850.0 5650.0 -1.80453
2950.0 5650.0 -1.68765
3050.0 5650.0 -1.50528
3150.0 5650.0 -1.31338
3250.0 5650.0 -1.17798
3350.0 5650.0 -1.14336
3450.0 5650.0 -1.21609
3550.0 5650.0 -1.37182
3650.0 5650.0 -1.56448
3750.0 5650.0 -1.73785
3850.0 5650.0 -1.83945
3950.0 5650.0 -1.83672
4050.0 5650.0 -1.73564
4150.0 5650.0 -1.58489
4250.0 5650.0 -1.33817
4350.0 5650.0 -0.98466
4450.0 5650.0 -0.61930
4550.0 5650.0 -0.36362
4650.0 5650.0 -0.30897
4750.0 5650.0 -0.48507
4850.0 5650.0 -0.85367
4950.0 5650.0 -1.32758
5050.0 5650.0 -1.81481
5150.0 5650.0 -2.27679
5250.0 5650.0 -2.61696
5350.0 5650.0 -2.69681
5450.0 5650.0 -2.47092
5550.0 5650.0 -1.98202
5650.0 5650.0 -1.34215
5750.0 5650.0 -0.70463
5850.0 5650.0 -0.22667
5950.0 5650.0 -0.02278
6050.0 5650.0 -0.10890
6150.0 5650.0 -0.34055
6250.0 5650.0 -0.47990
6350.0 5650.0 -0.40192
50.0 5750.0 -1.70598
150.0 5750.0 -1.68670
250.0 5750.0 -1.63543
350.0 5750.0 -1.54337
450.0 5750.0 -1.41920
550.0 5750.0 -1.28143
650.0 5750.0 -1.15169
750.0 5750.0 -1.04911
850.0 5750.0 -0.98572
950.0 5750.0 -0.96283
1050.0 5750.0 -0.96849
1150.0 5750.0 -0.97823
1250.0 5750.0 -0.96909
1350.0 5750.0 -0.92419
1450.0 5750.0 -0.83531
1550.0 5750.0 -0.70550
1650.0 5750.0 -0.54881
1750.0 5750.0 -0.38732
1850.0 5750.0 -0.24528
1950.0 5750.0 -0.14056
2050.0 5750.0 -0.07326
2150.0 5750.0 -0.02779
2250.0 5750.0 -0.04767
2350.0 5750.0 -0.16314
2450.0 5750.0 -0.36095
2550.0 5750.0 -0.60174
2650.0 5750.0 -0.83554
2750.0 5750.0 -1.01515
2850.0 5750.0 -1.10755
2950.0 5750.0 -1.10326
3050.0 5750.0 -1.02362
3150.0 5750.0 -0.92617
3250.0 5750.0 -0.88646
3350.0 5750.0 -0.94168
3450.0 5750.0 -1.08706
3550.0 5750.0 -1.28974
3650.0 5750.0 -1.50215
3750.0 5750.0 -1.67471
3850.0 5750.0 -1.76789
3950.0 5750.0 -1.76366
4050.0 5750.0 -1.67621
4150.0 5750.0 -1.54596
4250.0 5750.0 -1.30450
4350.0 5750.0 -0.92850
4450.0 5750.0 -0.51281
4550.0 5750.0 -0.18759
4650.0 5750.0 -0.05785
4750.0 5750.0 -0.16825
4850.0 5750.0 -0.49322
4950.0 5750.0 -0.95229
5050.0 5750.0 -1.45073
5150.0 5750.0 -1.93380
5250.0 5750.0 -2.27591
5350.0 5750.0 -2.32758
5450.0 5750.0 -2.05493
5550.0 5750.0 -1.52165
5650.0 5750.0 -0.86016
5750.0 5750.0 -0.23686
5850.0 5750.0 0.18829
5950.0 5750.0 0.30816
6050.0 5750.0 0.12056
6150.0 5750.0 -0.21827
6250.0 5750.0 -0.48672
6350.0 5750.0 -0.56715
50.0 5850.0 -1.24055
150.0 5850.0 -1.12082
250.0 5850.0 -0.94850
350.0 5850.0 -0.73138
450.0 5850.0 -0.51057
550.0 5850.0 -0.33279
650.0 5850.0 -0.23147
750.0 5850.0 -0.21677
850.0 5850.0 -0.27437
950.0 5850.0 -0.37316
1050.0 5850.0 -0.48172
1150.0 5850.0 -0.59357
1250.0 5850.0 -0.71743
1350.0 5850.0 -0.82811
1450.0 5850.0 -0.88539
1550.0 5850.0 -0.85853
1650.0 5850.0 -0.74047
1750.0 5850.0 -0.55179
1850.0 5850.0 -0.33427
1950.0 5850.0 -0.13429
2050.0 5850.0 0.02415
2150.0 5850.0 0.16052
2250.0 5850.0 0.25808
2350.0 5850.0 0.28267
2450.0 5850.0 0.22050
2550.0 5850.0 0.08060
2650.0 5850.0 -0.10728
2750.0 5850.0 -0.29944
2850.0 5850.0 -0.44928
2950.0 5850.0 -0.52308
3050.0 5850.0 -0.52010
3150.0 5850.0 -0.49459
3250.0 5850.0 -0.52367
3350.0 5850.0 -0.63635
3450.0 5850.0 -0.81931
3550.0 5850.0 -1.03539
3650.0 5850.0 -1.23922
3750.0 5850.0 -1.38996
3850.0 5850.0 -1.46105
3950.0 5850.0 -1.44705
4050.0 5850.0 -1.36763
4150.0 5850.0 -1.25308
4250.0 5850.0 -1.01609
4350.0 5850.0 -0.62402
4450.0 5850.0 -0.17165
4550.0 5850.0 0.20447
4650.0 5850.0 0.38922
4750.0 5850.0 0.32686
4850.0 5850.0 0.03358
4950.0 5850.0 -0.41512
5050.0 5850.0 -0.92245
5150.0 5850.0 -1.42211
5250.0 5850.0 -1.77268
5350.0 5850.0 -1.82259
5450.0 5850.0 -1.54738
5550.0 5850.0 -1.02307
5650.0 5850.0 -0.39137
5750.0 5850.0 0.17836
5850.0 5850.0 0.53032
5950.0 5850.0 0.56659
6050.0 5850.0 0.29474
6150.0 5850.0 -0.12680
6250.0 5850.0 -0.49935
6350.0 5850.0 -0.71700
50.0 5950.0 -0.70670
150.0 5950.0 -0.52969
250.0 5950.0 -0.29569
350.0 5950.0 -0.02510
450.0 5950.0 0.22314
550.0 5950.0 0.38965
650.0 5950.0 0.43932
750.0 5950.0 0.37260
850.0 5950.0 0.22330
950.0 5950.0 0.04302
1050.0 5950.0 -0.12790
1150.0 5950.0 -0.30024
1250.0 5950.0 -0.50621
1350.0 5950.0 -0.71737
1450.0 5950.0 -0.87430
1550.0 5950.0 -0.92464
1650.0 5950.0 -0.84643
1750.0 5950.0 -0.65672
1850.0 5950.0 -0.40552
1950.0 5950.0 -0.15508
2050.0 5950.0 0.05556
2150.0 5950.0 0.24570
2250.0 5950.0 0.41604
2350.0 5950.0 0.53198
2450.0 5950.0 0.56360
2550.0 5950.0 0.50038
2650.0 5950.0 0.35753
2750.0 5950.0 0.17397
2850.0 5950.0 0.00200
2950.0 5950.0 -0.11145
3050.0 5950.0 -0.15186
3150.0 5950.0 -0.16771
3250.0 5950.0 -0.22894
3350.0 5950.0 -0.35486
3450.0 5950.0 -0.52741
3550.0 5950.0 -0.71087
3650.0 5950.0 -0.86722
3750.0 5950.0 -0.96723
3850.0 5950.0 -0.99734
3950.0 5950.0 -0.96223
4050.0 5950.0 -0.88315
4150.0 5950.0 -0.77790
4250.0 5950.0 -0.54588
4350.0 5950.0 -0.15060
4450.0 5950.0 0.31314
4550.0 5950.0 0.70623
4650.0 5950.0 0.90955
4750.0 5950.0 0.86295
4850.0 5950.0 0.57892
4950.0 5950.0 0.13099
5050.0 5950.0 -0.38321
5150.0 5950.0 -0.89308
5250.0 5950.0 -1.25594
5350.0 5950.0 -1.32579
5450.0 5950.0 -1.08422
5550.0 5950.0 -0.61054
5650.0 5950.0 -0.04527
5750.0 5950.0 0.44805
5850.0 5950.0 0.72257
5950.0 5950.0 0.68959
6050.0 5950.0 0.36153
6150.0 5950.0 -0.10901
6250.0 5950.0 -0.54699
6350.0 5950.0 -0.85859
50.0 6050.0 -0.22209
150.0 6050.0 -0.02822
250.0 6050.0 0.21268
350.0 6050.0 0.47172
450.0 6050.0 0.68570
550.0 6050.0 0.79675
650.0 6050.0 0.77705
750.0 6050.0 0.63851
850.0 6050.0 0.42754
950.0 6050.0 0.20478
1050.0 6050.0 0.00988
1150.0 6050.0 -0.18327
1250.0 6050.0 -0.42017
1350.0 6050.0 -0.67256
1450.0 6050.0 -0.87425
1550.0 6050.0 -0.96415
1650.0 6050.0 -0.91323
1750.0 6050.0 -0.73524
1850.0 6050.0 -0.48128
1950.0 6050.0 -0.21826
2050.0 6050.0 0.00893
2150.0 6050.0 0.21753
2250.0 6050.0 0.41556
2350.0 6050.0 0.56985
2450.0 6050.0 0.64481
2550.0 6050.0 0.62185
2650.0 6050.0 0.50915
2750.0 6050.0 0.34172
2850.0 6050.0 0.17189
2950.0 6050.0 0.05018
3050.0 6050.0 -0.00350
3150.0 6050.0 -0.03191
3250.0 6050.0 -0.09078
3350.0 6050.0 -0.18819
3450.0 6050.0 -0.30499
3550.0 6050.0 -0.41232
3650.0 6050.0 -0.48433
3750.0 6050.0 -0.50618
3850.0 6050.0 -0.47740
3950.0 6050.0 -0.41040
4050.0 6050.0 -0.32443
4150.0 6050.0 -0.22252
4250.0 6050.0 0.00321
4350.0 6050.0 0.38725
4450.0 6050.0 0.83473
4550.0 6050.0 1.20807
4650.0 6050.0 1.39054
4750.0 6050.0 1.32467
4850.0 6050.0 1.02526
4950.0 6050.0 0.56709
5050.0 6050.0 0.04733
5150.0 6050.0 -0.46661
5250.0 6050.0 -0.84259
5350.0 6050.0 -0.94477
5450.0 6050.0 -0.75751
5550.0 6050.0 -0.35639
5650.0 6050.0 0.12665
5750.0 6050.0 0.53920
5850.0 6050.0 0.74546
5950.0 6050.0 0.66444
6050.0 6050.0 0.30919
6150.0 6050.0 -0.17841
6250.0 6050.0 -0.64277
6350.0 6050.0 -0.99953
50.0 6150.0 0.19682
150.0 6150.0 0.38864
250.0 6150.0 0.61130
350.0 6150.0 0.82955
450.0 6150.0 0.98232
550.0 6150.0 1.01971
650.0 6150.0 0.92502
750.0 6150.0 0.72168
850.0 6150.0 0.46506
950.0 6150.0 0.21932
1050.0 6150.0 0.01905
1150.0 6150.0 -0.17568
1250.0 6150.0 -0.41782
1350.0 6150.0 -0.68062
1450.0 6150.0 -0.89722
1550.0 6150.0 -1.00451
1650.0 6150.0 -0.97082
1750.0 6150.0 -0.80733
1850.0 6150.0 -0.56329
1950.0 6150.0 -0.30497
2050.0 6150.0 -0.07847
2150.0 6150.0 0.13111
2250.0 6150.0 0.33370
2350.0 6150.0 0.49800
2450.0 6150.0 0.58793
2550.0 6150.0 0.58294
2650.0 6150.0 0.48844
2750.0 6150.0 0.33668
2850.0 6150.0 0.17785
2950.0 6150.0 0.06161
3050.0 6150.0 0.00887
3150.0 6150.0 -0.01813
3250.0 6150.0 -0.05784
3350.0 6150.0 -0.10651
3450.0 6150.0 -0.14575
3550.0 6150.0 -0.15625
3650.0 6150.0 -0.12673
3750.0 6150.0 -0.05803
3850.0 6150.0 0.03736
3950.0 6150.0 0.14054
4050.0 6150.0 0.23614
4150.0 6150.0 0.33684
4250.0 6150.0 0.55443
4350.0 6150.0 0.91838
4450.0 6150.0 1.33403
4550.0 6150.0 1.66767
4650.0 6150.0 1.80856
4750.0 6150.0 1.70560
4850.0 6150.0 1.37885
4950.0 6150.0 0.90571
5050.0 6150.0 0.38199
5150.0 6150.0 -0.13194
5250.0 6150.0 -0.51961
5350.0 6150.0 -0.65693
5450.0 6150.0 -0.52942
5550.0 6150.0 -0.20599
5650.0 6150.0 0.19277
5750.0 6150.0 0.52748
5850.0 6150.0 0.67379
5950.0 6150.0 0.55743
6050.0 6150.0 0.19015
6150.0 6150.0 -0.29847
6250.0 6150.0 -0.76902
6350.0 6150.0 -1.14434
50.0 6250.0 0.49757
150.0 6250.0 0.69735
250.0 6250.0 0.91909
350.0 6250.0 1.12297
450.0 6250.0 1.24771
550.0 6250.0 1.24698
650.0 6250.0 1.11027
750.0 6250.0 0.86838
850.0 6250.0 0.58331
950.0 6250.0 0.32280
1050.0 6250.0 0.11927
1150.0 6250.0 -0.07613
1250.0 6250.0 -0.32201
1350.0 6250.0 -0.59402
1450.0 6250.0 -0.82624
1550.0 6250.0 -0.95482
1650.0 6250.0 -0.94582
1750.0 6250.0 -0.80715
1850.0 6250.0 -0.58463
1950.0 6250.0 -0.34216
2050.0 6250.0 -0.12601
2150.0 6250.0 0.07515
2250.0 6250.0 0.27095
2350.0 6250.0 0.43231
2450.0 6250.0 0.52483
2550.0 6250.0 0.52829
2650.0 6250.0 0.44686
2750.0 6250.0 0.31017
2850.0 6250.0 0.16513
2950.0 6250.0 0.05857
3050.0 6250.0 0.01070
3150.0 6250.0 -0.01123
3250.0 6250.0 -0.02740
3350.0 6250.0 -0.02384
3450.0 6250.0 0.01408
3550.0 6250.0 0.09364
3650.0 6250.0 0.21089
3750.0 6250.0 0.35071
3850.0 6250.0 0.49076
3950.0 6250.0 0.60934
4050.0 6250.0 0.69717
4150.0 6250.0 0.78067
4250.0 6250.0 0.96909
4350.0 6250.0 1.28701
4450.0 6250.0 1.64620
4550.0 6250.0 1.92426
4650.0 6250.0 2.02136
4750.0 6250.0 1.89359
4850.0 6250.0 1.56277
4950.0 6250.0 1.10268
5050.0 6250.0 0.60190
5150.0 6250.0 0.11262
5250.0 6250.0 -0.26545
5350.0 6250.0 -0.42411
5450.0 6250.0 -0.35189
5550.0 6250.0 -0.11037
5650.0 6250.0 0.19424
5750.0 6250.0 0.44009
5850.0 6250.0 0.51936
5950.0 6250.0 0.36844
6050.0 6250.0 -0.00123
6150.0 6250.0 -0.47648
6250.0 6250.0 -0.93911
6350.0 6250.0 -1.32078
50.0 6350.0 0.55856
150.0 6350.0 0.78973
250.0 6350.0 1.04846
350.0 6350.0 1.29309
450.0 6350.0 1.45676
550.0 6350.0 1.48743
650.0 6350.0 1.37114
750.0 6350.0 1.13855
850.0 6350.0 0.85475
950.0 6350.0 0.59227
1050.0 6350.0 0.38741
1150.0 6350.0 0.19135
1250.0 6350.0 -0.05629
1350.0 6350.0 -0.33486
1450.0 6350.0 -0.58229
1550.0 6350.0 -0.73670
1650.0 6350.0 -0.76320
1750.0 6350.0 -0.66581
1850.0 6350.0 -0.48465
1950.0 6350.0 -0.27826
2050.0 6350.0 -0.09112
2150.0 6350.0 0.08320
2250.0 6350.0 0.25051
2350.0 6350.0 0.38499
2450.0 6350.0 0.45793
2550.0 6350.0 0.45362
2650.0 6350.0 0.37750
2750.0 6350.0 0.25648
2850.0 6350.0 0.13164
2950.0 6350.0 0.04310
3050.0 6350.0 0.00723
3150.0 6350.0 -0.00329
3250.0 6350.0 0.01127
3350.0 6350.0 0.07120
3450.0 6350.0 0.18106
3550.0 6350.0 0.33132
3650.0 6350.0 0.50186
3750.0 6350.0 0.66688
3850.0 6350.0 0.80130
3950.0 6350.0 0.88865
4050.0 6350.0 0.93033
4150.0 6350.0 0.96161
4250.0 6350.0 1.07597
4350.0 6350.0 1.29428
4450.0 6350.0 1.54839
4550.0 6350.0 1.74252
4650.0 6350.0 1.79762
4750.0 6350.0 1.67767
4850.0 6350.0 1.39775
4950.0 6350.0 1.01392
5050.0 6350.0 0.59500
5150.0 6350.0 0.18368
5250.0 6350.0 -0.13778
5350.0 6350.0 -0.28498
5450.0 6350.0 -0.25364
5550.0 6350.0 -0.09729
5650.0 6350.0 0.09757
5750.0 6350.0 0.23551
5850.0 6350.0 0.23535
5950.0 6350.0 0.05252
6050.0 6350.0 -0.29941
6150.0 6350.0 -0.73177
6250.0 6350.0 -1.15807
6350.0 6350.0 -1.52255
