50.0 50.0 0.33119
150.0 50.0 0.22706
250.0 50.0 0.11470
350.0 50.0 0.01429
450.0 50.0 -0.08559
550.0 50.0 -0.21654
650.0 50.0 -0.36675
750.0 50.0 -0.49646
850.0 50.0 -0.56584
950.0 50.0 -0.55278
1050.0 50.0 -0.46082
1150.0 50.0 -0.31701
1250.0 50.0 -0.15984
1350.0 50.0 -0.01710
1450.0 50.0 0.11336
1550.0 50.0 0.21409
1650.0 50.0 0.26185
1750.0 50.0 0.24898
1850.0 50.0 0.18428
1950.0 50.0 0.09067
2050.0 50.0 -0.00019
2150.0 50.0 -0.05630
2250.0 50.0 -0.05680
2350.0 50.0 -0.00654
2450.0 50.0 0.05856
2550.0 50.0 0.12282
2650.0 50.0 0.17569
2750.0 50.0 0.20454
2850.0 50.0 0.20191
2950.0 50.0 0.16929
3050.0 50.0 0.11748
3150.0 50.0 0.06327
3250.0 50.0 0.02278
3350.0 50.0 0.00120
3450.0 50.0 -0.00600
3550.0 50.0 0.02836
3650.0 50.0 0.10731
3750.0 50.0 0.20628
3850.0 50.0 0.29186
3950.0 50.0 0.33542
4050.0 50.0 0.32145
4150.0 50.0 0.25074
4250.0 50.0 0.13845
4350.0 50.0 0.00682
4450.0 50.0 -0.12573
4550.0 50.0 -0.24178
4650.0 50.0 -0.31895
4750.0 50.0 -0.34056
4850.0 50.0 -0.30364
4950.0 50.0 -0.22168
5050.0 50.0 -0.12213
5150.0 50.0 -0.03849
5250.0 50.0 0.00271
5350.0 50.0 0.00035
5450.0 50.0 -0.02246
5550.0 50.0 -0.08348
5650.0 50.0 -0.17895
5750.0 50.0 -0.28043
5850.0 50.0 -0.35457
5950.0 50.0 -0.37679
6050.0 50.0 -0.33864
6150.0 50.0 -0.24896
6250.0 50.0 -0.12877
6350.0 50.0 0.00000
50.0 150.0 0.41104
150.0 150.0 0.34086
250.0 150.0 0.24582
350.0 150.0 0.14939
450.0 150.0 0.04892
550.0 150.0 -0.08803
650.0 150.0 -0.25268
750.0 150.0 -0.40505
850.0 150.0 -0.50263
950.0 150.0 -0.51918
1050.0 150.0 -0.45372
1150.0 150.0 -0.32953
1250.0 150.0 -0.18331
1350.0 150.0 -0.04448
1450.0 150.0 0.08344
1550.0 150.0 0.17791
1650.0 150.0 0.21403
1750.0 150.0 0.18480
1850.0 150.0 0.10114
1950.0 150.0 -0.01128
2050.0 150.0 -0.11808
2150.0 150.0 -0.18530
2250.0 150.0 -0.19151
2350.0 150.0 -0.14288
2450.0 150.0 -0.07669
2550.0 150.0 -0.00114
2650.0 150.0 0.07815
2750.0 150.0 0.14746
2850.0 150.0 0.19408
2950.0 150.0 0.21199
3050.0 150.0 0.20406
3150.0 150.0 0.18089
3250.0 150.0 0.15613
3350.0 150.0 0.13837
3450.0 150.0 0.13150
3550.0 150.0 0.16317
3650.0 150.0 0.23523
3750.0 150.0 0.32372
3850.0 150.0 0.39694
3950.0 150.0 0.42842
4050.0 150.0 0.40472
4150.0 150.0 0.32811
4250.0 150.0 0.21410
4350.0 150.0 0.08381
4450.0 150.0 -0.04761
4550.0 150.0 -0.16732
4650.0 150.0 -0.25505
4750.0 150.0 -0.29354
4850.0 150.0 -0.27740
4950.0 150.0 -0.21669
5050.0 150.0 -0.13526
5150.0 150.0 -0.06385
5250.0 150.0 -0.02794
5350.0 150.0 -0.03033
5450.0 150.0 -0.05221
5550.0 150.0 -0.11358
5650.0 150.0 -0.21165
5750.0 150.0 -0.31834
5850.0 150.0 -0.39997
5950.0 150.0 -0.43099
6050.0 150.0 -0.40160
6150.0 150.0 -0.31921
6250.0 150.0 -0.20396
6350.0 150.0 -0.07808
50.0 250.0 0.44395
150.0 250.0 0.40599
250.0 250.0 0.32789
350.0 250.0 0.23604
450.0 250.0 0.13669
550.0 250.0 0.00073
650.0 250.0 -0.16462
750.0 250.0 -0.32132
850.0 250.0 -0.42803
950.0 250.0 -0.45834
1050.0 250.0 -0.40966
1150.0 250.0 -0.30271
1250.0 250.0 -0.17169
1350.0 250.0 -0.04510
1450.0 250.0 0.07098
1550.0 250.0 0.15012
1650.0 250.0 0.16662
1750.0 250.0 0.11513
1850.0 250.0 0.00922
1950.0 250.0 -0.12287
2050.0 250.0 -0.24501
2150.0 250.0 -0.32271
2250.0 250.0 -0.33526
2350.0 250.0 -0.29060
2450.0 250.0 -0.22673
2550.0 250.0 -0.14608
2650.0 250.0 -0.04976
2750.0 250.0 0.04891
2850.0 250.0 0.13415
2950.0 250.0 0.19435
3050.0 250.0 0.22572
3150.0 250.0 0.23285
3250.0 250.0 0.22610
3350.0 250.0 0.21604
3450.0 250.0 0.21345
3550.0 250.0 0.24553
3650.0 250.0 0.31331
3750.0 250.0 0.39440
3850.0 250.0 0.45978
3950.0 250.0 0.48570
4050.0 250.0 0.46072
4150.0 250.0 0.38794
4250.0 250.0 0.28231
4350.0 250.0 0.16316
4450.0 250.0 0.04207
4550.0 250.0 -0.07486
4650.0 250.0 -0.17109
4750.0 250.0 -0.22906
4850.0 250.0 -0.23994
4950.0 250.0 -0.20834
5050.0 250.0 -0.15202
5150.0 250.0 -0.09660
5250.0 250.0 -0.06519
5350.0 250.0 -0.06304
5450.0 250.0 -0.07743
5550.0 250.0 -0.12808
5650.0 250.0 -0.21362
5750.0 250.0 -0.30968
5850.0 250.0 -0.38623
5950.0 250.0 -0.41965
6050.0 250.0 -0.39976
6150.0 250.0 -0.33152
6250.0 250.0 -0.23167
6350.0 250.0 -0.12012
50.0 350.0 0.41609
150.0 350.0 0.40305
250.0 350.0 0.33886
350.0 350.0 0.25185
450.0 350.0 0.15594
550.0 350.0 0.03048
650.0 350.0 -0.11683
750.0 350.0 -0.25286
850.0 350.0 -0.34272
950.0 350.0 -0.36520
1050.0 350.0 -0.32009
1150.0 350.0 -0.22720
1250.0 350.0 -0.11719
1350.0 350.0 -0.01424
1450.0 350.0 0.07754
1550.0 350.0 0.13035
1650.0 350.0 0.11956
1750.0 350.0 0.04270
1850.0 350.0 -0.08398
1950.0 350.0 -0.23085
2050.0 350.0 -0.36228
2150.0 350.0 -0.44593
2250.0 350.0 -0.46391
2350.0 350.0 -0.42603
2450.0 350.0 -0.36930
2550.0 350.0 -0.29328
2650.0 350.0 -0.19563
2750.0 350.0 -0.08709
2850.0 350.0 0.01699
2950.0 350.0 0.10296
3050.0 350.0 0.16285
3150.0 350.0 0.19610
3250.0 350.0 0.20893
3350.0 350.0 0.21155
3450.0 350.0 0.21855
3550.0 350.0 0.25468
3650.0 350.0 0.32035
3750.0 350.0 0.39619
3850.0 350.0 0.45748
3950.0 350.0 0.48429
4050.0 350.0 0.46748
4150.0 350.0 0.41036
4250.0 350.0 0.32619
4350.0 350.0 0.23143
4450.0 350.0 0.13337
4550.0 350.0 0.02901
4650.0 350.0 -0.07083
4750.0 350.0 -0.14875
4850.0 350.0 -0.19147
4950.0 350.0 -0.19600
5050.0 350.0 -0.17116
5150.0 350.0 -0.13469
5250.0 350.0 -0.10569
5350.0 350.0 -0.09256
5450.0 350.0 -0.09056
5550.0 350.0 -0.11567
5650.0 350.0 -0.16865
5750.0 350.0 -0.23345
5850.0 350.0 -0.28891
5950.0 350.0 -0.31715
6050.0 350.0 -0.30877
6150.0 350.0 -0.26472
6250.0 350.0 -0.19486
6350.0 350.0 -0.11334
50.0 450.0 0.33914
150.0 450.0 0.33810
250.0 450.0 0.28186
350.0 450.0 0.19919
450.0 450.0 0.10876
550.0 450.0 0.00216
650.0 450.0 -0.11067
750.0 450.0 -0.20414
850.0 450.0 -0.25439
950.0 450.0 -0.25015
1050.0 450.0 -0.19706
1150.0 450.0 -0.11546
1250.0 450.0 -0.03159
1350.0 450.0 0.03769
1450.0 450.0 0.09443
1550.0 450.0 0.11311
1650.0 450.0 0.07257
1750.0 450.0 -0.02594
1850.0 450.0 -0.16424
1950.0 450.0 -0.31361
2050.0 450.0 -0.44214
2150.0 450.0 -0.52292
2250.0 450.0 -0.54313
2350.0 450.0 -0.51403
2450.0 450.0 -0.46893
2550.0 450.0 -0.40778
2650.0 450.0 -0.32637
2750.0 450.0 -0.23082
2850.0 450.0 -0.13214
2950.0 450.0 -0.04189
3050.0 450.0 0.03105
3150.0 450.0 0.08259
3250.0 450.0 0.11436
3350.0 450.0 0.13365
3450.0 450.0 0.15478
3550.0 450.0 0.19735
3650.0 450.0 0.26104
3750.0 450.0 0.33084
3850.0 450.0 0.38811
3950.0 450.0 0.41825
4050.0 450.0 0.41513
4150.0 450.0 0.38215
4250.0 450.0 0.33002
4350.0 450.0 0.27115
4450.0 450.0 0.20748
4550.0 450.0 0.12553
4650.0 450.0 0.02914
4750.0 450.0 -0.06504
4850.0 450.0 -0.13899
4950.0 450.0 -0.18092
5050.0 450.0 -0.18899
5150.0 450.0 -0.17121
5250.0 450.0 -0.14140
5350.0 450.0 -0.11140
5450.0 450.0 -0.08526
5550.0 450.0 -0.07221
5650.0 450.0 -0.07590
5750.0 450.0 -0.09258
5850.0 450.0 -0.11439
5950.0 450.0 -0.13232
6050.0 450.0 -0.13854
6150.0 450.0 -0.12839
6250.0 450.0 -0.10177
6350.0 450.0 -0.06414
50.0 550.0 0.23975
150.0 550.0 0.23518
250.0 550.0 0.17935
350.0 550.0 0.09982
450.0 550.0 0.01604
550.0 550.0 -0.06698
650.0 550.0 -0.13604
750.0 550.0 -0.17456
850.0 550.0 -0.17235
950.0 550.0 -0.13074
1050.0 550.0 -0.06321
1150.0 550.0 0.00859
1250.0 550.0 0.06337
1350.0 550.0 0.09327
1450.0 550.0 0.10917
1550.0 550.0 0.09164
1650.0 550.0 0.02530
1750.0 550.0 -0.08460
1850.0 550.0 -0.21948
1950.0 550.0 -0.35434
2050.0 550.0 -0.46438
2150.0 550.0 -0.53123
2250.0 550.0 -0.54885
2350.0 550.0 -0.52904
2450.0 550.0 -0.49844
2550.0 550.0 -0.46009
2650.0 550.0 -0.40968
2750.0 550.0 -0.34728
2850.0 550.0 -0.27641
2950.0 550.0 -0.20285
3050.0 550.0 -0.13317
3150.0 550.0 -0.07303
3250.0 550.0 -0.02523
3350.0 550.0 0.01249
3450.0 550.0 0.05019
3550.0 550.0 0.09954
3650.0 550.0 0.15907
3750.0 550.0 0.21903
3850.0 550.0 0.26830
3950.0 550.0 0.29906
4050.0 550.0 0.30929
4150.0 550.0 0.30289
4250.0 550.0 0.28766
4350.0 550.0 0.27100
4450.0 550.0 0.24844
4550.0 550.0 0.19608
4650.0 550.0 0.11060
4750.0 550.0 0.00738
4850.0 550.0 -0.09133
4950.0 550.0 -0.16524
5050.0 550.0 -0.20182
5150.0 550.0 -0.19899
5250.0 550.0 -0.16484
5350.0 550.0 -0.11430
5450.0 550.0 -0.05967
5550.0 550.0 -0.00178
5650.0 550.0 0.05223
5750.0 550.0 0.09165
5850.0 550.0 0.10868
5950.0 550.0 0.10206
6050.0 550.0 0.07786
6150.0 550.0 0.04748
6250.0 550.0 0.02280
6350.0 550.0 0.00853
50.0 650.0 0.15000
150.0 650.0 0.12822
250.0 650.0 0.06588
350.0 650.0 -0.01206
450.0 650.0 -0.08923
550.0 650.0 -0.14878
650.0 650.0 -0.17428
750.0 650.0 -0.15817
850.0 650.0 -0.10386
950.0 650.0 -0.02520
1050.0 650.0 0.05653
1150.0 650.0 0.11839
1250.0 650.0 0.14405
1350.0 650.0 0.13464
1450.0 650.0 0.11033
1550.0 650.0 0.06059
1650.0 650.0 -0.02250
1750.0 650.0 -0.13011
1850.0 650.0 -0.24506
1950.0 650.0 -0.34860
2050.0 650.0 -0.42567
2150.0 650.0 -0.46846
2250.0 650.0 -0.47848
2350.0 650.0 -0.46689
2450.0 650.0 -0.45126
2550.0 650.0 -0.43919
2650.0 650.0 -0.42765
2750.0 650.0 -0.41030
2850.0 650.0 -0.38158
2950.0 650.0 -0.33928
3050.0 650.0 -0.28539
3150.0 650.0 -0.22538
3250.0 650.0 -0.16586
3350.0 650.0 -0.11058
3450.0 650.0 -0.05660
3550.0 650.0 -0.00221
3650.0 650.0 0.04938
3750.0 650.0 0.09383
3850.0 650.0 0.12829
3950.0 650.0 0.15280
4050.0 650.0 0.17047
4150.0 650.0 0.18652
4250.0 650.0 0.20615
4350.0 650.0 0.23123
4450.0 650.0 0.25012
4550.0 650.0 0.22994
4650.0 650.0 0.16112
4750.0 650.0 0.05748
4850.0 650.0 -0.05569
4950.0 650.0 -0.15122
5050.0 650.0 -0.20747
5150.0 650.0 -0.21354
5250.0 650.0 -0.17220
5350.0 650.0 -0.10063
5450.0 650.0 -0.01772
5550.0 650.0 0.08406
5650.0 650.0 0.19379
5750.0 650.0 0.28644
5850.0 650.0 0.33898
5950.0 650.0 0.34037
6050.0 650.0 0.29546
6150.0 650.0 0.22273
6250.0 650.0 0.14597
6350.0 650.0 0.07977
50.0 750.0 0.09898
150.0 750.0 0.05244
250.0 750.0 -0.02060
350.0 750.0 -0.09836
450.0 750.0 -0.17011
550.0 750.0 -0.21109
650.0 750.0 -0.20273
750.0 750.0 -0.14491
850.0 750.0 -0.05195
950.0 750.0 0.05253
1050.0 750.0 0.14156
1150.0 750.0 0.19177
1250.0 750.0 0.19124
1350.0 750.0 0.14834
1450.0 750.0 0.09066
1550.0 750.0 0.01757
1650.0 750.0 -0.07092
1750.0 750.0 -0.16337
1850.0 750.0 -0.24552
1950.0 750.0 -0.30638
2050.0 750.0 -0.34162
2150.0 750.0 -0.35430
2250.0 750.0 -0.35304
2350.0 750.0 -0.34739
2450.0 750.0 -0.34467
2550.0 750.0 -0.35680
2650.0 750.0 -0.38267
2750.0 750.0 -0.41029
2850.0 750.0 -0.42553
2950.0 750.0 -0.41813
3050.0 750.0 -0.38488
3150.0 750.0 -0.33009
3250.0 750.0 -0.26317
3350.0 750.0 -0.19359
3450.0 750.0 -0.12627
3550.0 750.0 -0.07008
3650.0 750.0 -0.03068
3750.0 750.0 -0.00751
3850.0 750.0 0.00465
3950.0 750.0 0.01396
4050.0 750.0 0.02941
4150.0 750.0 0.05852
4250.0 750.0 0.10471
4350.0 750.0 0.16444
4450.0 750.0 0.21862
4550.0 750.0 0.22778
4650.0 750.0 0.17790
4750.0 750.0 0.08116
4850.0 750.0 -0.03554
4950.0 750.0 -0.14057
5050.0 750.0 -0.20600
5150.0 750.0 -0.21448
5250.0 750.0 -0.16465
5350.0 750.0 -0.07492
5450.0 750.0 0.03158
5550.0 750.0 0.16895
5650.0 750.0 0.32263
5750.0 750.0 0.45570
5850.0 750.0 0.53288
5950.0 750.0 0.53572
6050.0 750.0 0.46887
6150.0 750.0 0.35739
6250.0 750.0 0.23530
6350.0 750.0 0.12508
50.0 850.0 0.10555
150.0 850.0 0.03518
250.0 850.0 -0.04869
350.0 850.0 -0.12711
450.0 850.0 -0.19551
550.0 850.0 -0.22638
650.0 850.0 -0.20079
750.0 850.0 -0.12348
850.0 850.0 -0.01497
950.0 850.0 0.09614
1050.0 850.0 0.18069
1150.0 850.0 0.21636
1250.0 850.0 0.19478
1350.0 850.0 0.12847
1450.0 850.0 0.04871
1550.0 850.0 -0.03640
1650.0 850.0 -0.11988
1750.0 850.0 -0.18888
1850.0 850.0 -0.23289
1950.0 850.0 -0.24860
2050.0 850.0 -0.24150
2150.0 850.0 -0.22399
2250.0 850.0 -0.21023
2350.0 850.0 -0.20761
2450.0 850.0 -0.21372
2550.0 850.0 -0.24286
2650.0 850.0 -0.29546
2750.0 850.0 -0.35561
2850.0 850.0 -0.40313
2950.0 850.0 -0.42191
3050.0 850.0 -0.40483
3150.0 850.0 -0.35509
3250.0 850.0 -0.28391
3350.0 850.0 -0.20479
3450.0 850.0 -0.12893
3550.0 850.0 -0.07485
3650.0 850.0 -0.05109
3750.0 850.0 -0.05340
3850.0 850.0 -0.06958
3950.0 850.0 -0.08395
4050.0 850.0 -0.08144
4150.0 850.0 -0.05139
4250.0 850.0 0.00898
4350.0 850.0 0.09146
4450.0 850.0 0.16983
4550.0 850.0 0.20074
4650.0 850.0 0.16779
4750.0 850.0 0.08183
4850.0 850.0 -0.02998
4950.0 850.0 -0.13412
5050.0 850.0 -0.19953
5150.0 850.0 -0.20537
5250.0 850.0 -0.14776
5350.0 850.0 -0.04536
5450.0 850.0 0.07680
5550.0 850.0 0.23628
5650.0 850.0 0.41543
5750.0 850.0 0.56951
5850.0 850.0 0.65584
5950.0 850.0 0.65211
6050.0 850.0 0.56400
6150.0 850.0 0.42192
6250.0 850.0 0.26707
6350.0 850.0 0.12667
50.0 950.0 0.17210
150.0 950.0 0.08624
250.0 950.0 -0.00489
350.0 950.0 -0.08412
450.0 950.0 -0.15149
550.0 950.0 -0.18175
650.0 950.0 -0.15764
750.0 950.0 -0.08577
850.0 950.0 0.01236
950.0 950.0 0.10854
1050.0 950.0 0.17544
1150.0 950.0 0.19340
1250.0 950.0 0.15655
1350.0 950.0 0.07824
1450.0 950.0 -0.01119
1550.0 950.0 -0.09765
1650.0 950.0 -0.16915
1750.0 950.0 -0.21263
1850.0 950.0 -0.22124
1950.0 950.0 -0.19799
2050.0 950.0 -0.15571
2150.0 950.0 -0.11331
2250.0 950.0 -0.08837
2350.0 950.0 -0.08605
2450.0 950.0 -0.09612
2550.0 950.0 -0.13228
2650.0 950.0 -0.19531
2750.0 950.0 -0.26762
2850.0 950.0 -0.32657
2950.0 950.0 -0.35390
3050.0 950.0 -0.34125
3150.0 950.0 -0.29171
3250.0 950.0 -0.21751
3350.0 950.0 -0.13376
3450.0 950.0 -0.05465
3550.0 950.0 -0.00618
3650.0 950.0 0.00006
3750.0 950.0 -0.02944
3850.0 950.0 -0.07720
3950.0 950.0 -0.12116
4050.0 950.0 -0.14056
4150.0 950.0 -0.12107
4250.0 950.0 -0.05944
4350.0 950.0 0.03257
4450.0 950.0 0.12243
4550.0 950.0 0.16514
4650.0 950.0 0.14378
4750.0 950.0 0.06840
4850.0 950.0 -0.03450
4950.0 950.0 -0.13153
5050.0 950.0 -0.19124
5150.0 950.0 -0.19195
5250.0 950.0 -0.12887
5350.0 950.0 -0.02026
5450.0 950.0 0.10868
5550.0 950.0 0.27554
5650.0 950.0 0.46030
5750.0 950.0 0.61500
5850.0 950.0 0.69474
5950.0 950.0 0.67712
6050.0 950.0 0.56997
6150.0 950.0 0.40745
6250.0 950.0 0.23448
6350.0 950.0 0.07959
50.0 1050.0 0.27949
150.0 1050.0 0.18768
250.0 1050.0 0.09362
350.0 1050.0 0.01388
450.0 1050.0 -0.05413
550.0 1050.0 -0.09061
650.0 1050.0 -0.08144
750.0 1050.0 -0.03293
850.0 1050.0 0.03619
950.0 1050.0 0.10199
1050.0 1050.0 0.14178
1150.0 1050.0 0.13976
1250.0 1050.0 0.09186
1350.0 1050.0 0.00973
1450.0 1050.0 -0.08056
1550.0 1050.0 -0.16169
1650.0 1050.0 -0.21851
1750.0 1050.0 -0.23849
1850.0 1050.0 -0.21793
1950.0 1050.0 -0.16449
2050.0 1050.0 -0.09590
2150.0 1050.0 -0.03504
2250.0 1050.0 -0.00116
2350.0 1050.0 0.00258
2450.0 1050.0 -0.00784
2550.0 1050.0 -0.04291
2650.0 1050.0 -0.10260
2750.0 1050.0 -0.16928
2850.0 1050.0 -0.22093
2950.0 1050.0 -0.24036
3050.0 1050.0 -0.22043
3150.0 1050.0 -0.16536
3250.0 1050.0 -0.08794
3350.0 1050.0 -0.00288
3450.0 1050.0 0.07575
3550.0 1050.0 0.11653
3650.0 1050.0 0.10486
3750.0 1050.0 0.04837
3850.0 1050.0 -0.03153
3950.0 1050.0 -0.10759
4050.0 1050.0 -0.15385
4150.0 1050.0 -0.15218
4250.0 1050.0 -0.09809
4350.0 1050.0 -0.00596
4450.0 1050.0 0.08611
4550.0 1050.0 0.13276
4650.0 1050.0 0.11768
4750.0 1050.0 0.05051
4850.0 1050.0 -0.04320
4950.0 1050.0 -0.13131
5050.0 1050.0 -0.18347
5150.0 1050.0 -0.17881
5250.0 1050.0 -0.11266
5350.0 1050.0 -0.00264
5450.0 1050.0 0.12673
5550.0 1050.0 0.29058
5650.0 1050.0 0.46714
5750.0 1050.0 0.60846
5850.0 1050.0 0.67111
5950.0 1050.0 0.63516
6050.0 1050.0 0.51128
6150.0 1050.0 0.33611
6250.0 1050.0 0.15579
6350.0 1050.0 -0.00225
50.0 1150.0 0.37891
150.0 1150.0 0.28571
250.0 1150.0 0.19229
350.0 1150.0 0.11440
450.0 1150.0 0.04762
550.0 1150.0 0.00623
650.0 1150.0 0.00079
750.0 1150.0 0.02523
850.0 1150.0 0.06382
950.0 1150.0 0.09737
1050.0 1150.0 0.10839
1150.0 1150.0 0.08546
1250.0 1150.0 0.02655
1350.0 1150.0 -0.05844
1450.0 1150.0 -0.14850
1550.0 1150.0 -0.22398
1650.0 1150.0 -0.26689
1750.0 1150.0 -0.26508
1850.0 1150.0 -0.21761
1950.0 1150.0 -0.13618
2050.0 1150.0 -0.04293
2150.0 1150.0 0.03573
2250.0 1150.0 0.07900
2350.0 1150.0 0.08541
2450.0 1150.0 0.07632
2550.0 1150.0 0.04496
2650.0 1150.0 -0.00770
2750.0 1150.0 -0.06456
2850.0 1150.0 -0.10500
2950.0 1150.0 -0.11358
3050.0 1150.0 -0.08481
3150.0 1150.0 -0.02397
3250.0 1150.0 0.05589
3350.0 1150.0 0.14100
3450.0 1150.0 0.21799
3550.0 1150.0 0.25073
3650.0 1150.0 0.22174
3750.0 1150.0 0.13944
3850.0 1150.0 0.02854
3950.0 1150.0 -0.07905
4050.0 1150.0 -0.15259
4150.0 1150.0 -0.17022
4250.0 1150.0 -0.12607
4350.0 1150.0 -0.03674
4450.0 1150.0 0.05444
4550.0 1150.0 0.10156
4650.0 1150.0 0.08905
4750.0 1150.0 0.02655
4850.0 1150.0 -0.06096
4950.0 1150.0 -0.14232
5050.0 1150.0 -0.18836
5150.0 1150.0 -0.17919
5250.0 1150.0 -0.11068
5350.0 1150.0 -0.00002
5450.0 1150.0 0.12879
5550.0 1150.0 0.28816
5650.0 1150.0 0.45488
5750.0 1150.0 0.58171
5850.0 1150.0 0.62734
5950.0 1150.0 0.57459
6050.0 1150.0 0.43680
6150.0 1150.0 0.25254
6250.0 1150.0 0.06849
6350.0 1150.0 -0.08944
50.0 1250.0 0.40546
150.0 1250.0 0.32126
250.0 1250.0 0.23979
350.0 1250.0 0.17398
450.0 1250.0 0.11845
550.0 1250.0 0.08426
650.0 1250.0 0.07805
750.0 1250.0 0.09177
850.0 1250.0 0.11033
950.0 1250.0 0.11771
1050.0 1250.0 0.10148
1150.0 1250.0 0.05576
1250.0 1250.0 -0.01742
1350.0 1250.0 -0.10831
1450.0 1250.0 -0.20114
1550.0 1250.0 -0.27536
1650.0 1250.0 -0.30996
1750.0 1250.0 -0.29195
1850.0 1250.0 -0.22165
1950.0 1250.0 -0.11391
2050.0 1250.0 0.00500
2150.0 1250.0 0.10455
2250.0 1250.0 0.16132
2350.0 1250.0 0.17461
2450.0 1250.0 0.17099
2550.0 1250.0 0.14734
2650.0 1250.0 0.10469
2750.0 1250.0 0.05860
2850.0 1250.0 0.02773
2950.0 1250.0 0.02594
3050.0 1250.0 0.05803
3150.0 1250.0 0.11901
3250.0 1250.0 0.19690
3350.0 1250.0 0.27924
3450.0 1250.0 0.35273
3550.0 1250.0 0.37795
3650.0 1250.0 0.33526
3750.0 1250.0 0.23310
3850.0 1250.0 0.09794
3950.0 1250.0 -0.03537
4050.0 1250.0 -0.13268
4150.0 1250.0 -0.16922
4250.0 1250.0 -0.13765
4350.0 1250.0 -0.05579
4450.0 1250.0 0.02892
4550.0 1250.0 0.06863
4650.0 1250.0 0.04835
4750.0 1250.0 -0.02094
4850.0 1250.0 -0.11307
4950.0 1250.0 -0.19631
5050.0 1250.0 -0.24177
5150.0 1250.0 -0.23059
5250.0 1250.0 -0.15992
5350.0 1250.0 -0.04774
5450.0 1250.0 0.08175
5550.0 1250.0 0.23902
5650.0 1250.0 0.40024
5750.0 1250.0 0.51923
5850.0 1250.0 0.55648
5950.0 1250.0 0.49669
6050.0 1250.0 0.35470
6150.0 1250.0 0.16979
6250.0 1250.0 -0.01163
6350.0 1250.0 -0.16490
50.0 1350.0 0.33063
150.0 1350.0 0.26993
250.0 1350.0 0.21586
350.0 1350.0 0.17596
450.0 1350.0 0.14515
550.0 1350.0 0.13479
650.0 1350.0 0.14716
750.0 1350.0 0.16926
850.0 1350.0 0.18326
950.0 1350.0 0.17406
1050.0 1350.0 0.13383
1150.0 1350.0 0.06368
1250.0 1350.0 -0.02772
1350.0 1350.0 -0.12850
1450.0 1350.0 -0.22828
1550.0 1350.0 -0.30810
1650.0 1350.0 -0.34410
1750.0 1350.0 -0.32066
1850.0 1350.0 -0.23707
1950.0 1350.0 -0.10933
2050.0 1350.0 0.03305
2150.0 1350.0 0.15518
2250.0 1350.0 0.22980
2350.0 1350.0 0.25537
2450.0 1350.0 0.26274
2550.0 1350.0 0.25191
2650.0 1350.0 0.22268
2750.0 1350.0 0.18776
2850.0 1350.0 0.16320
2950.0 1350.0 0.16169
3050.0 1350.0 0.18875
3150.0 1350.0 0.24166
3250.0 1350.0 0.31133
3350.0 1350.0 0.38707
3450.0 1350.0 0.45469
3550.0 1350.0 0.47420
3650.0 1350.0 0.42510
3750.0 1350.0 0.31469
3850.0 1350.0 0.16867
3950.0 1350.0 0.02187
4050.0 1350.0 -0.09077
4150.0 1350.0 -0.14310
4250.0 1350.0 -0.12643
4350.0 1350.0 -0.05806
4450.0 1350.0 0.01280
4550.0 1350.0 0.03534
4650.0 1350.0 -0.00478
4750.0 1350.0 -0.09359
4850.0 1350.0 -0.20166
4950.0 1350.0 -0.29514
5050.0 1350.0 -0.34474
5150.0 1350.0 -0.33301
5250.0 1350.0 -0.25956
5350.0 1350.0 -0.14450
5450.0 1350.0 -0.01271
5550.0 1350.0 0.14525
5650.0 1350.0 0.30602
5750.0 1350.0 0.42487
5850.0 1350.0 0.46388
5950.0 1350.0 0.40875
6050.0 1350.0 0.27440
6150.0 1350.0 0.09934
6250.0 1350.0 -0.07130
6350.0 1350.0 -0.21384
50.0 1450.0 0.16294
150.0 1450.0 0.13905
250.0 1450.0 0.12624
350.0 1450.0 0.12435
450.0 1450.0 0.13007
550.0 1450.0 0.15844
650.0 1450.0 0.20722
750.0 1450.0 0.25583
850.0 1450.0 0.28057
950.0 1450.0 0.26499
1050.0 1450.0 0.20522
1150.0 1450.0 0.11035
1250.0 1450.0 -0.00218
1350.0 1450.0 -0.11619
1450.0 1450.0 -0.22673
1550.0 1450.0 -0.31936
1650.0 1450.0 -0.36809
1750.0 1450.0 -0.35296
1850.0 1450.0 -0.26960
1950.0 1450.0 -0.13268
2050.0 1450.0 0.02668
2150.0 1450.0 0.16963
2250.0 1450.0 0.26429
2350.0 1450.0 0.30652
2450.0 1450.0 0.32966
2550.0 1450.0 0.33576
2650.0 1450.0 0.32217
2750.0 1450.0 0.29760
2850.0 1450.0 0.27513
2950.0 1450.0 0.26684
3050.0 1450.0 0.28038
3150.0 1450.0 0.31722
3250.0 1450.0 0.37283
3350.0 1450.0 0.43852
3450.0 1450.0 0.49844
3550.0 1450.0 0.51524
3650.0 1450.0 0.46925
3750.0 1450.0 0.36546
3850.0 1450.0 0.22593
3950.0 1450.0 0.08202
4050.0 1450.0 -0.03367
4150.0 1450.0 -0.09569
4250.0 1450.0 -0.09430
4350.0 1450.0 -0.04437
4450.0 1450.0 0.00638
4550.0 1450.0 0.00432
4650.0 1450.0 -0.06379
4750.0 1450.0 -0.17967
4850.0 1450.0 -0.30938
4950.0 1450.0 -0.41614
5050.0 1450.0 -0.47040
5150.0 1450.0 -0.45693
5250.0 1450.0 -0.37898
5350.0 1450.0 -0.25964
5450.0 1450.0 -0.12425
5550.0 1450.0 0.03637
5650.0 1450.0 0.19997
5750.0 1450.0 0.32382
5850.0 1450.0 0.37157
5950.0 1450.0 0.32939
6050.0 1450.0 0.21139
6150.0 1450.0 0.05423
6250.0 1450.0 -0.09902
6350.0 1450.0 -0.22566
50.0 1550.0 -0.06244
150.0 1550.0 -0.04118
250.0 1550.0 -0.00456
350.0 1550.0 0.03845
450.0 1550.0 0.08740
550.0 1550.0 0.16336
650.0 1550.0 0.25978
750.0 1550.0 0.34692
850.0 1550.0 0.39325
950.0 1550.0 0.37934
1050.0 1550.0 0.30453
1150.0 1550.0 0.18619
1250.0 1550.0 0.05164
1350.0 1550.0 -0.07732
1450.0 1550.0 -0.20096
1550.0 1550.0 -0.31203
1650.0 1550.0 -0.38340
1750.0 1550.0 -0.38971
1850.0 1550.0 -0.32075
1950.0 1550.0 -0.18744
2050.0 1550.0 -0.02052
2150.0 1550.0 0.13823
2250.0 1550.0 0.25213
2350.0 1550.0 0.31308
2450.0 1550.0 0.35458
2550.0 1550.0 0.37950
2650.0 1550.0 0.38182
2750.0 1550.0 0.36571
2850.0 1550.0 0.34122
2950.0 1550.0 0.32042
3050.0 1550.0 0.31416
3150.0 1550.0 0.32942
3250.0 1550.0 0.36715
3350.0 1550.0 0.42078
3450.0 1550.0 0.47226
3550.0 1550.0 0.48981
3650.0 1550.0 0.45625
3750.0 1550.0 0.37337
3850.0 1550.0 0.25720
3950.0 1550.0 0.13260
4050.0 1550.0 0.02689
4150.0 1550.0 -0.03714
4250.0 1550.0 -0.04917
4350.0 1550.0 -0.02006
4450.0 1550.0 0.00730
4550.0 1550.0 -0.02216
4650.0 1550.0 -0.11984
4750.0 1550.0 -0.26261
4850.0 1550.0 -0.41183
4950.0 1550.0 -0.52827
5050.0 1550.0 -0.58296
5150.0 1550.0 -0.56397
5250.0 1550.0 -0.47908
5350.0 1550.0 -0.35441
5450.0 1550.0 -0.21478
5550.0 1550.0 -0.05105
5650.0 1550.0 0.11589
5750.0 1550.0 0.24561
5850.0 1550.0 0.30361
5950.0 1550.0 0.27666
6050.0 1550.0 0.17787
6150.0 1550.0 0.04174
6250.0 1550.0 -0.09106
6350.0 1550.0 -0.19901
50.0 1650.0 -0.29525
150.0 1650.0 -0.22767
250.0 1650.0 -0.14120
350.0 1650.0 -0.05339
450.0 1650.0 0.03861
550.0 1650.0 0.16272
650.0 1650.0 0.30842
750.0 1650.0 0.43685
850.0 1650.0 0.50826
950.0 1650.0 0.49971
1050.0 1650.0 0.41317
1150.0 1650.0 0.27376
1250.0 1650.0 0.11844
1350.0 1650.0 -0.02513
1450.0 1650.0 -0.16214
1550.0 1650.0 -0.29411
1650.0 1650.0 -0.39392
1750.0 1650.0 -0.43054
1850.0 1650.0 -0.38674
1950.0 1650.0 -0.26809
2050.0 1650.0 -0.10322
2150.0 1650.0 0.06455
2250.0 1650.0 0.19427
2350.0 1650.0 0.27314
2450.0 1650.0 0.33280
2550.0 1650.0 0.37572
2650.0 1650.0 0.39228
2750.0 1650.0 0.38221
2850.0 1650.0 0.35287
2950.0 1650.0 0.31674
3050.0 1650.0 0.28833
3150.0 1650.0 0.28041
3250.0 1650.0 0.29954
3350.0 1650.0 0.34101
3450.0 1650.0 0.38454
3550.0 1650.0 0.40580
3650.0 1650.0 0.39118
3750.0 1650.0 0.33891
3850.0 1650.0 0.25775
3950.0 1650.0 0.16422
4050.0 1650.0 0.07862
4150.0 1650.0 0.01964
4250.0 1650.0 -0.00236
4350.0 1650.0 0.00671
4450.0 1650.0 0.01118
4550.0 1650.0 -0.04321
4650.0 1650.0 -0.16525
4750.0 1650.0 -0.32726
4850.0 1650.0 -0.48697
4950.0 1650.0 -0.60406
5050.0 1650.0 -0.65154
5150.0 1650.0 -0.62182
5250.0 1650.0 -0.52753
5350.0 1650.0 -0.39712
5450.0 1650.0 -0.25346
5550.0 1650.0 -0.08771
5650.0 1650.0 0.08021
5750.0 1650.0 0.21229
5850.0 1650.0 0.27639
5950.0 1650.0 0.26046
6050.0 1650.0 0.17729
6150.0 1650.0 0.05970
6250.0 1650.0 -0.05390
6350.0 1650.0 -0.14346
50.0 1750.0 -0.48277
150.0 1750.0 -0.37527
250.0 1750.0 -0.24643
350.0 1750.0 -0.12093
450.0 1750.0 0.00717
550.0 1750.0 0.17145
650.0 1750.0 0.35799
750.0 1750.0 0.52028
850.0 1750.0 0.61178
950.0 1750.0 0.60678
1050.0 1750.0 0.50955
1150.0 1750.0 0.35189
1250.0 1750.0 0.17886
1350.0 1750.0 0.02296
1450.0 1750.0 -0.12553
1550.0 1750.0 -0.27696
1650.0 1750.0 -0.40503
1750.0 1750.0 -0.47376
1850.0 1750.0 -0.45918
1950.0 1750.0 -0.36107
2050.0 1750.0 -0.20502
2150.0 1750.0 -0.03467
2250.0 1750.0 0.10586
2350.0 1750.0 0.19925
2450.0 1750.0 0.27409
2550.0 1750.0 0.33176
2650.0 1750.0 0.35946
2750.0 1750.0 0.35325
2850.0 1750.0 0.31837
2950.0 1750.0 0.26790
3050.0 1750.0 0.21963
3150.0 1750.0 0.19138
3250.0 1750.0 0.19448
3350.0 1750.0 0.22566
3450.0 1750.0 0.26284
3550.0 1750.0 0.28933
3650.0 1750.0 0.29528
3750.0 1750.0 0.27574
3850.0 1750.0 0.23236
3950.0 1750.0 0.17341
4050.0 1750.0 0.11194
4150.0 1750.0 0.06220
4250.0 1750.0 0.03429
4350.0 1750.0 0.02699
4450.0 1750.0 0.01273
4550.0 1750.0 -0.05961
4650.0 1750.0 -0.19560
4750.0 1750.0 -0.36412
4850.0 1750.0 -0.52114
4950.0 1750.0 -0.62723
5050.0 1750.0 -0.65883
5150.0 1750.0 -0.61337
5250.0 1750.0 -0.50799
5350.0 1750.0 -0.37217
5450.0 1750.0 -0.22546
5550.0 1750.0 -0.06003
5650.0 1750.0 0.10437
5750.0 1750.0 0.23206
5850.0 1750.0 0.29368
5950.0 1750.0 0.27939
6050.0 1750.0 0.20289
6150.0 1750.0 0.09646
6250.0 1750.0 -0.00310
6350.0 1750.0 -0.07759
50.0 1850.0 -0.58366
150.0 1850.0 -0.44858
250.0 1850.0 -0.29087
350.0 1850.0 -0.13994
450.0 1850.0 0.01227
550.0 1850.0 0.20226
650.0 1850.0 0.41320
750.0 1850.0 0.59357
850.0 1850.0 0.69289
950.0 1850.0 0.68443
1050.0 1850.0 0.57497
1150.0 1850.0 0.40146
1250.0 1850.0 0.21474
1350.0 1850.0 0.05017
1450.0 1850.0 -0.10622
1550.0 1850.0 -0.27205
1650.0 1850.0 -0.42211
1750.0 1850.0 -0.51697
1850.0 1850.0 -0.52752
1950.0 1850.0 -0.44880
2050.0 1850.0 -0.30349
2150.0 1850.0 -0.13477
2250.0 1850.0 0.01136
2350.0 1850.0 0.11418
2450.0 1850.0 0.19923
2550.0 1850.0 0.26680
2650.0 1850.0 0.30196
2750.0 1850.0 0.29828
2850.0 1850.0 0.25962
2950.0 1850.0 0.19942
3050.0 1850.0 0.13774
3150.0 1850.0 0.09577
3250.0 1850.0 0.08806
3350.0 1850.0 0.11232
3450.0 1850.0 0.14542
3550.0 1850.0 0.17673
3650.0 1850.0 0.19943
3750.0 1850.0 0.20623
3850.0 1850.0 0.19346
3950.0 1850.0 0.16302
4050.0 1850.0 0.12227
4150.0 1850.0 0.08186
4250.0 1850.0 0.05145
4350.0 1850.0 0.03343
4450.0 1850.0 0.00716
4550.0 1850.0 -0.07352
4650.0 1850.0 -0.21070
4750.0 1850.0 -0.37142
4850.0 1850.0 -0.51211
4950.0 1850.0 -0.59619
5050.0 1850.0 -0.60469
5150.0 1850.0 -0.54011
5250.0 1850.0 -0.42320
5350.0 1850.0 -0.28300
5450.0 1850.0 -0.13475
5550.0 1850.0 0.02744
5650.0 1850.0 0.18294
5750.0 1850.0 0.29801
5850.0 1850.0 0.34651
5950.0 1850.0 0.32185
6050.0 1850.0 0.24011
6150.0 1850.0 0.13456
6250.0 1850.0 0.04134
6350.0 1850.0 -0.02356
50.0 1950.0 -0.58287
150.0 1950.0 -0.43477
250.0 1950.0 -0.26365
350.0 1950.0 -0.10105
450.0 1950.0 0.06183
550.0 1950.0 0.26092
650.0 1950.0 0.47684
750.0 1950.0 0.65604
850.0 1950.0 0.74748
950.0 1950.0 0.72572
1050.0 1950.0 0.60052
1150.0 1950.0 0.41262
1250.0 1950.0 0.21606
1350.0 1950.0 0.04676
1450.0 1950.0 -0.11335
1550.0 1950.0 -0.28655
1650.0 1950.0 -0.44846
1750.0 1950.0 -0.55802
1850.0 1950.0 -0.58337
1950.0 1950.0 -0.51691
2050.0 1950.0 -0.37944
2150.0 1950.0 -0.21350
2250.0 1950.0 -0.06583
2350.0 1950.0 0.04109
2450.0 1950.0 0.13085
2550.0 1950.0 0.20329
2650.0 1950.0 0.24263
2750.0 1950.0 0.24128
2850.0 1950.0 0.20229
2950.0 1950.0 0.13908
3050.0 1950.0 0.07250
3150.0 1950.0 0.02511
3250.0 1950.0 0.01288
3350.0 1950.0 0.03406
3450.0 1950.0 0.06539
3550.0 1950.0 0.09950
3650.0 1950.0 0.13116
3750.0 1950.0 0.15198
3850.0 1950.0 0.15558
3950.0 1950.0 0.14056
4050.0 1950.0 0.11133
4150.0 1950.0 0.07659
4250.0 1950.0 0.04573
4350.0 1950.0 0.02294
4450.0 1950.0 -0.00802
4550.0 1950.0 -0.08748
4650.0 1950.0 -0.21422
4750.0 1950.0 -0.35504
4850.0 1950.0 -0.46880
4950.0 1950.0 -0.52321
5050.0 1950.0 -0.50449
5150.0 1950.0 -0.41972
5250.0 1950.0 -0.29210
5350.0 1950.0 -0.14892
5450.0 1950.0 -0.00071
5550.0 1950.0 0.15553
5650.0 1950.0 0.29729
5750.0 1950.0 0.39232
5850.0 1950.0 0.41790
5950.0 1950.0 0.37152
6050.0 1950.0 0.27302
6150.0 1950.0 0.15807
6250.0 1950.0 0.06314
6350.0 1950.0 0.00182
50.0 2050.0 -0.50774
150.0 2050.0 -0.35726
250.0 2050.0 -0.18386
350.0 2050.0 -0.01939
450.0 2050.0 0.14463
550.0 2050.0 0.34082
650.0 2050.0 0.54746
750.0 2050.0 0.71109
850.0 2050.0 0.78257
950.0 2050.0 0.73958
1050.0 2050.0 0.59531
1150.0 2050.0 0.39346
1250.0 2050.0 0.18949
1350.0 2050.0 0.01820
1450.0 2050.0 -0.14258
1550.0 2050.0 -0.31752
1650.0 2050.0 -0.48263
1750.0 2050.0 -0.59652
1850.0 2050.0 -0.62663
1950.0 2050.0 -0.56457
2050.0 2050.0 -0.43047
2150.0 2050.0 -0.26647
2250.0 2050.0 -0.11929
2350.0 2050.0 -0.01187
2450.0 2050.0 0.07874
2550.0 2050.0 0.15266
2650.0 2050.0 0.19426
2750.0 2050.0 0.19569
2850.0 2050.0 0.15955
2950.0 2050.0 0.09882
3050.0 2050.0 0.03399
3150.0 2050.0 -0.01249
3250.0 2050.0 -0.02458
3350.0 2050.0 -0.00372
3450.0 2050.0 0.02735
3550.0 2050.0 0.06209
3650.0 2050.0 0.09556
3750.0 2050.0 0.11919
3850.0 2050.0 0.12608
3950.0 2050.0 0.11422
4050.0 2050.0 0.08742
4150.0 2050.0 0.05400
4250.0 2050.0 0.02327
4350.0 2050.0 -0.00023
4450.0 2050.0 -0.03079
4550.0 2050.0 -0.10285
4650.0 2050.0 -0.21214
4750.0 2050.0 -0.32633
4850.0 2050.0 -0.40783
4950.0 2050.0 -0.42940
5050.0 2050.0 -0.38241
5150.0 2050.0 -0.27801
5250.0 2050.0 -0.14086
5350.0 2050.0 0.00421
5450.0 2050.0 0.15131
5550.0 2050.0 0.29992
5650.0 2050.0 0.42509
5750.0 2050.0 0.49566
5850.0 2050.0 0.49235
5950.0 2050.0 0.41723
6050.0 2050.0 0.29464
6150.0 2050.0 0.16359
6250.0 2050.0 0.06152
6350.0 2050.0 -0.00042
50.0 2150.0 -0.41400
150.0 2150.0 -0.26495
250.0 2150.0 -0.09300
350.0 2150.0 0.07010
450.0 2150.0 0.23201
550.0 2150.0 0.42104
650.0 2150.0 0.61316
750.0 2150.0 0.75580
850.0 2150.0 0.80280
950.0 2150.0 0.73568
1050.0 2150.0 0.57132
1150.0 2150.0 0.35605
1250.0 2150.0 0.14610
1350.0 2150.0 -0.02557
1450.0 2150.0 -0.18511
1550.0 2150.0 -0.35801
1650.0 2150.0 -0.52027
1750.0 2150.0 -0.63103
1850.0 2150.0 -0.65845
1950.0 2150.0 -0.59471
2050.0 2150.0 -0.46018
2150.0 2150.0 -0.29691
2250.0 2150.0 -0.15121
2350.0 2150.0 -0.04555
2450.0 2150.0 0.04333
2550.0 2150.0 0.11592
2650.0 2150.0 0.15696
2750.0 2150.0 0.15876
2850.0 2150.0 0.12385
2950.0 2150.0 0.06489
3050.0 2150.0 0.00190
3150.0 2150.0 -0.04318
3250.0 2150.0 -0.05468
3350.0 2150.0 -0.03400
3450.0 2150.0 -0.00318
3550.0 2150.0 0.03199
3650.0 2150.0 0.06683
3750.0 2150.0 0.09252
3850.0 2150.0 0.10175
3950.0 2150.0 0.09199
4050.0 2150.0 0.06663
4150.0 2150.0 0.03375
4250.0 2150.0 0.00266
4350.0 2150.0 -0.02182
4450.0 2150.0 -0.05216
4550.0 2150.0 -0.11700
4650.0 2150.0 -0.20924
4750.0 2150.0 -0.29767
4850.0 2150.0 -0.34842
4950.0 2150.0 -0.33922
5050.0 2150.0 -0.26644
5150.0 2150.0 -0.14492
5250.0 2150.0 -0.00052
5350.0 2150.0 0.14453
5450.0 2150.0 0.28882
5550.0 2150.0 0.42877
5650.0 2150.0 0.53744
5750.0 2150.0 0.58495
5850.0 2150.0 0.55526
5950.0 2150.0 0.45450
6050.0 2150.0 0.31087
6150.0 2150.0 0.16599
6250.0 2150.0 0.05789
6350.0 2150.0 -0.00461
50.0 2250.0 -0.30885
150.0 2250.0 -0.16782
250.0 2250.0 -0.00378
350.0 2250.0 0.15199
450.0 2250.0 0.30573
550.0 2250.0 0.47973
650.0 2250.0 0.64799
750.0 2250.0 0.76074
850.0 2250.0 0.77677
950.0 2250.0 0.68276
1050.0 2250.0 0.49941
1150.0 2250.0 0.27468
1250.0 2250.0 0.06389
1350.0 2250.0 -0.10322
1450.0 2250.0 -0.25593
1550.0 2250.0 -0.41616
1650.0 2250.0 -0.55889
1750.0 2250.0 -0.64640
1850.0 2250.0 -0.65149
1950.0 2250.0 -0.57057
2050.0 2250.0 -0.42667
2150.0 2250.0 -0.26222
2250.0 2250.0 -0.12186
2350.0 2250.0 -0.02499
2450.0 2250.0 0.05430
2550.0 2250.0 0.11663
2650.0 2250.0 0.14734
2750.0 2250.0 0.14001
2850.0 2250.0 0.09824
2950.0 2250.0 0.03512
3050.0 2250.0 -0.02974
3150.0 2250.0 -0.07552
3250.0 2250.0 -0.08786
3350.0 2250.0 -0.06889
3450.0 2250.0 -0.03954
3550.0 2250.0 -0.00277
3650.0 2250.0 0.03759
3750.0 2250.0 0.07171
3850.0 2250.0 0.09028
3950.0 2250.0 0.08861
4050.0 2250.0 0.06832
4150.0 2250.0 0.03651
4250.0 2250.0 0.00265
4350.0 2250.0 -0.02712
4450.0 2250.0 -0.06207
4550.0 2250.0 -0.12515
4650.0 2250.0 -0.20701
4750.0 2250.0 -0.27781
4850.0 2250.0 -0.30726
4950.0 2250.0 -0.27760
5050.0 2250.0 -0.18944
5150.0 2250.0 -0.06050
5250.0 2250.0 0.08275
5350.0 2250.0 0.22052
5450.0 2250.0 0.35555
5550.0 2250.0 0.48352
5650.0 2250.0 0.57796
5750.0 2250.0 0.61123
5850.0 2250.0 0.56980
5950.0 2250.0 0.46154
6050.0 2250.0 0.31505
6150.0 2250.0 0.17104
6250.0 2250.0 0.06573
6350.0 2250.0 0.00632
50.0 2350.0 -0.20450
150.0 2350.0 -0.07819
250.0 2350.0 0.07043
350.0 2350.0 0.21123
450.0 2350.0 0.34893
550.0 2350.0 0.49887
650.0 2350.0 0.63413
750.0 2350.0 0.71006
850.0 2350.0 0.69248
950.0 2350.0 0.57398
1050.0 2350.0 0.37835
1150.0 2350.0 0.15310
1250.0 2350.0 -0.04986
1350.0 2350.0 -0.20548
1450.0 2350.0 -0.34417
1550.0 2350.0 -0.47910
1650.0 2350.0 -0.58365
1750.0 2350.0 -0.62643
1850.0 2350.0 -0.58940
1950.0 2350.0 -0.47715
2050.0 2350.0 -0.31747
2150.0 2350.0 -0.15317
2250.0 2350.0 -0.02516
2350.0 2350.0 0.05324
2450.0 2350.0 0.11268
2550.0 2350.0 0.15386
2650.0 2350.0 0.16344
2750.0 2350.0 0.13760
2850.0 2350.0 0.08214
2950.0 2350.0 0.01093
3050.0 2350.0 -0.05737
3150.0 2350.0 -0.10428
3250.0 2350.0 -0.11820
3350.0 2350.0 -0.10276
3450.0 2350.0 -0.07655
3550.0 2350.0 -0.03707
3650.0 2350.0 0.01337
3750.0 2350.0 0.06291
3850.0 2350.0 0.09841
3950.0 2350.0 0.11106
4050.0 2350.0 0.09914
4150.0 2350.0 0.06811
4250.0 2350.0 0.02779
4350.0 2350.0 -0.01308
4450.0 2350.0 -0.05901
4550.0 2350.0 -0.12749
4650.0 2350.0 -0.20762
4750.0 2350.0 -0.27129
4850.0 2350.0 -0.29166
4950.0 2350.0 -0.25488
5050.0 2350.0 -0.16483
5150.0 2350.0 -0.04111
5250.0 2350.0 0.08992
5350.0 2350.0 0.21083
5450.0 2350.0 0.32803
5550.0 2350.0 0.43941
5650.0 2350.0 0.52214
5750.0 2350.0 0.55217
5850.0 2350.0 0.51760
5950.0 2350.0 0.42504
6050.0 2350.0 0.29909
6150.0 2350.0 0.17489
6250.0 2350.0 0.08384
6350.0 2350.0 0.03232
50.0 2450.0 -0.12150
150.0 2450.0 -0.01305
250.0 2450.0 0.11501
350.0 2450.0 0.23453
450.0 2450.0 0.34963
550.0 2450.0 0.46948
650.0 2450.0 0.56800
750.0 2450.0 0.60749
850.0 2450.0 0.56172
950.0 2450.0 0.42871
1050.0 2450.0 0.23342
1150.0 2450.0 0.02018
1250.0 2450.0 -0.16506
1350.0 2450.0 -0.30267
1450.0 2450.0 -0.42140
1550.0 2450.0 -0.52208
1650.0 2450.0 -0.57673
1750.0 2450.0 -0.56292
1850.0 2450.0 -0.47478
1950.0 2450.0 -0.32720
2050.0 2450.0 -0.15334
2150.0 2450.0 0.00469
2250.0 2450.0 0.11185
2350.0 2450.0 0.16291
2450.0 2450.0 0.19380
2550.0 2450.0 0.20565
2650.0 2450.0 0.18756
2750.0 2450.0 0.13930
2850.0 2450.0 0.06926
2950.0 2450.0 -0.00834
3050.0 2450.0 -0.07705
3150.0 2450.0 -0.12243
3250.0 2450.0 -0.13709
3350.0 2450.0 -0.12645
3450.0 2450.0 -0.10489
3550.0 2450.0 -0.06233
3650.0 2450.0 0.00091
3750.0 2450.0 0.07007
3850.0 2450.0 0.12684
3950.0 2450.0 0.15692
4050.0 2450.0 0.15434
4150.0 2450.0 0.12250
4250.0 2450.0 0.07192
4350.0 2450.0 0.01479
4450.0 2450.0 -0.04759
4550.0 2450.0 -0.12756
4650.0 2450.0 -0.21321
4750.0 2450.0 -0.27848
4850.0 2450.0 -0.29993
4950.0 2450.0 -0.26715
5050.0 2450.0 -0.18655
5150.0 2450.0 -0.07872
5250.0 2450.0 0.03065
5350.0 2450.0 0.12645
5450.0 2450.0 0.21836
5550.0 2450.0 0.30891
5650.0 2450.0 0.38150
5750.0 2450.0 0.41691
5850.0 2450.0 0.40421
5950.0 2450.0 0.34634
6050.0 2450.0 0.26022
6150.0 2450.0 0.17162
6250.0 2450.0 0.10446
6350.0 2450.0 0.06489
50.0 2550.0 -0.07638
150.0 2550.0 0.01582
250.0 2550.0 0.12217
350.0 2550.0 0.21732
450.0 2550.0 0.30649
550.0 2550.0 0.39519
650.0 2550.0 0.46015
750.0 2550.0 0.47144
850.0 2550.0 0.41021
950.0 2550.0 0.27814
1050.0 2550.0 0.09879
1150.0 2550.0 -0.08946
1250.0 2550.0 -0.24848
1350.0 2550.0 -0.36385
1450.0 2550.0 -0.45966
1550.0 2550.0 -0.52358
1650.0 2550.0 -0.52745
1750.0 2550.0 -0.45897
1850.0 2550.0 -0.32498
1950.0 2550.0 -0.15030
2050.0 2550.0 0.02789
2150.0 2550.0 0.17001
2250.0 2550.0 0.24851
2350.0 2550.0 0.26671
2450.0 2550.0 0.26448
2550.0 2550.0 0.24406
2650.0 2550.0 0.19817
2750.0 2550.0 0.13059
2850.0 2550.0 0.05184
2950.0 2550.0 -0.02479
3050.0 2550.0 -0.08671
3150.0 2550.0 -0.12525
3250.0 2550.0 -0.13831
3350.0 2550.0 -0.13279
3450.0 2550.0 -0.11684
3550.0 2550.0 -0.07167
3650.0 2550.0 0.00429
3750.0 2550.0 0.09305
3850.0 2550.0 0.17068
3950.0 2550.0 0.21710
4050.0 2550.0 0.22197
4150.0 2550.0 0.18677
4250.0 2550.0 0.12303
4350.0 2550.0 0.04667
4450.0 2550.0 -0.03518
4550.0 2550.0 -0.12985
4650.0 2550.0 -0.22474
4750.0 2550.0 -0.29600
4850.0 2550.0 -0.32364
4950.0 2550.0 -0.30048
5050.0 2550.0 -0.23513
5150.0 2550.0 -0.14880
5250.0 2550.0 -0.06614
5350.0 2550.0 0.00001
5450.0 2550.0 0.06249
5550.0 2550.0 0.12951
5650.0 2550.0 0.19208
5750.0 2550.0 0.23650
5850.0 2550.0 0.25262
5950.0 2550.0 0.23856
6050.0 2550.0 0.20181
6150.0 2550.0 0.15672
6250.0 2550.0 0.11839
6350.0 2550.0 0.09296
50.0 2650.0 -0.07436
150.0 2650.0 0.00733
250.0 2650.0 0.09502
350.0 2650.0 0.16667
450.0 2650.0 0.23067
550.0 2650.0 0.29224
650.0 2650.0 0.33261
750.0 2650.0 0.32917
850.0 2650.0 0.26865
950.0 2650.0 0.15392
1050.0 2650.0 0.00454
1150.0 2650.0 -0.14896
1250.0 2650.0 -0.27702
1350.0 2650.0 -0.36931
1450.0 2650.0 -0.44299
1550.0 2650.0 -0.47459
1650.0 2650.0 -0.43750
1750.0 2650.0 -0.32903
1850.0 2650.0 -0.16674
1950.0 2650.0 0.01738
2050.0 2650.0 0.18486
2150.0 2650.0 0.30072
2250.0 2650.0 0.34565
2350.0 2650.0 0.33026
2450.0 2650.0 0.29562
2550.0 2650.0 0.24585
2650.0 2650.0 0.17830
2750.0 2650.0 0.10044
2850.0 2650.0 0.02367
2950.0 2650.0 -0.04122
3050.0 2650.0 -0.08719
3150.0 2650.0 -0.11252
3250.0 2650.0 -0.12086
3350.0 2650.0 -0.11979
3450.0 2650.0 -0.10956
3550.0 2650.0 -0.06298
3650.0 2650.0 0.02297
3750.0 2650.0 0.12724
3850.0 2650.0 0.22086
3950.0 2650.0 0.27875
4050.0 2650.0 0.28697
4150.0 2650.0 0.24568
4250.0 2650.0 0.16756
4350.0 2650.0 0.07190
4450.0 2650.0 -0.02916
4550.0 2650.0 -0.13808
4650.0 2650.0 -0.24145
4750.0 2650.0 -0.31766
4850.0 2650.0 -0.35025
4950.0 2650.0 -0.33545
5050.0 2650.0 -0.28419
5150.0 2650.0 -0.21844
5250.0 2650.0 -0.16191
5350.0 2650.0 -0.12503
5450.0 2650.0 -0.09180
5550.0 2650.0 -0.04874
5650.0 2650.0 0.00249
5750.0 2650.0 0.05371
5850.0 2650.0 0.09584
5950.0 2650.0 0.12264
6050.0 2650.0 0.13261
6150.0 2650.0 0.12913
6250.0 2650.0 0.11865
6350.0 2650.0 0.10711
50.0 2750.0 -0.10728
150.0 2750.0 -0.02800
250.0 2750.0 0.04734
350.0 2750.0 0.10008
450.0 2750.0 0.14350
550.0 2750.0 0.18584
650.0 2750.0 0.21360
750.0 2750.0 0.20999
850.0 2750.0 0.16481
950.0 2750.0 0.07962
1050.0 2750.0 -0.03169
1150.0 2750.0 -0.14698
1250.0 2750.0 -0.24457
1350.0 2750.0 -0.31660
1450.0 2750.0 -0.37245
1550.0 2750.0 -0.38176
1650.0 2750.0 -0.32122
1750.0 2750.0 -0.19569
1850.0 2750.0 -0.02952
1950.0 2750.0 0.14237
2050.0 2750.0 0.28355
2150.0 2750.0 0.36534
2250.0 2750.0 0.37625
2350.0 2750.0 0.33156
2450.0 2750.0 0.27031
2550.0 2750.0 0.19911
2650.0 2750.0 0.12041
2750.0 2750.0 0.04440
2850.0 2750.0 -0.01814
2950.0 2750.0 -0.06048
3050.0 2750.0 -0.08218
3150.0 2750.0 -0.08887
3250.0 2750.0 -0.08954
3350.0 2750.0 -0.09144
3450.0 2750.0 -0.08619
3550.0 2750.0 -0.03974
3650.0 2750.0 0.05166
3750.0 2750.0 0.16453
3850.0 2750.0 0.26631
3950.0 2750.0 0.32851
4050.0 2750.0 0.33505
4150.0 2750.0 0.28556
4250.0 2750.0 0.19394
4350.0 2750.0 0.08189
4450.0 2750.0 -0.03496
4550.0 2750.0 -0.15413
4650.0 2750.0 -0.26097
4750.0 2750.0 -0.33596
4850.0 2750.0 -0.36630
4950.0 2750.0 -0.35204
5050.0 2750.0 -0.30708
5150.0 2750.0 -0.25477
5250.0 2750.0 -0.21825
5350.0 2750.0 -0.20549
5450.0 2750.0 -0.19702
5550.0 2750.0 -0.17592
5650.0 2750.0 -0.13841
5750.0 2750.0 -0.08776
5850.0 2750.0 -0.03135
5950.0 2750.0 0.02210
6050.0 2750.0 0.06478
6150.0 2750.0 0.09175
6250.0 2750.0 0.10251
6350.0 2750.0 0.10221
50.0 2850.0 -0.15666
150.0 2850.0 -0.07159
250.0 2850.0 -0.00075
350.0 2850.0 0.04019
450.0 2850.0 0.07028
550.0 2850.0 0.10299
650.0 2850.0 0.12979
750.0 2850.0 0.13750
850.0 2850.0 0.11645
950.0 2850.0 0.06520
1050.0 2850.0 -0.00836
1150.0 2850.0 -0.08946
1250.0 2850.0 -0.16236
1350.0 2850.0 -0.21993
1450.0 2850.0 -0.26461
1550.0 2850.0 -0.26455
1650.0 2850.0 -0.20099
1750.0 2850.0 -0.08324
1850.0 2850.0 0.06233
1950.0 2850.0 0.20242
2050.0 2850.0 0.30566
2150.0 2850.0 0.35043
2250.0 2850.0 0.33154
2350.0 2850.0 0.26584
2450.0 2850.0 0.18733
2550.0 2850.0 0.10549
2650.0 2850.0 0.02763
2750.0 2850.0 -0.03465
2850.0 2850.0 -0.07265
2950.0 2850.0 -0.08467
3050.0 2850.0 -0.07706
3150.0 2850.0 -0.06218
3250.0 2850.0 -0.05328
3350.0 2850.0 -0.05630
3450.0 2850.0 -0.05460
3550.0 2850.0 -0.00972
3650.0 2850.0 0.08200
3750.0 2850.0 0.19566
3850.0 2850.0 0.29694
3950.0 2850.0 0.35603
4050.0 2850.0 0.35631
4150.0 2850.0 0.29780
4250.0 2850.0 0.19545
4350.0 2850.0 0.07214
4450.0 2850.0 -0.05477
4550.0 2850.0 -0.17769
4650.0 2850.0 -0.28005
4750.0 2850.0 -0.34413
4850.0 2850.0 -0.36091
4950.0 2850.0 -0.33489
5050.0 2850.0 -0.28383
5150.0 2850.0 -0.23342
5250.0 2850.0 -0.20691
5350.0 2850.0 -0.20965
5450.0 2850.0 -0.21827
5550.0 2850.0 -0.21524
5650.0 2850.0 -0.19420
5750.0 2850.0 -0.15474
5850.0 2850.0 -0.10160
5950.0 2850.0 -0.04318
6050.0 2850.0 0.01048
6150.0 2850.0 0.05037
6250.0 2850.0 0.07183
6350.0 2850.0 0.07844
50.0 2950.0 -0.20198
150.0 2950.0 -0.10489
250.0 2950.0 -0.03130
350.0 2950.0 0.00539
450.0 2950.0 0.02991
550.0 2950.0 0.06168
650.0 2950.0 0.09596
750.0 2950.0 0.12084
850.0 2950.0 0.12533
950.0 2950.0 0.10438
1050.0 2950.0 0.06081
1150.0 2950.0 0.00428
1250.0 2950.0 -0.05292
1350.0 2950.0 -0.10300
1450.0 2950.0 -0.14361
1550.0 2950.0 -0.14640
1650.0 2950.0 -0.09763
1750.0 2950.0 -0.00795
1850.0 2950.0 0.09867
1950.0 2950.0 0.19421
2050.0 2950.0 0.25429
2150.0 2950.0 0.26413
2250.0 2950.0 0.22279
2350.0 2950.0 0.14577
2450.0 2950.0 0.06017
2550.0 2950.0 -0.02170
2650.0 2950.0 -0.08844
2750.0 2950.0 -0.12835
2850.0 2950.0 -0.13581
2950.0 2950.0 -0.11441
3050.0 2950.0 -0.07664
3150.0 2950.0 -0.04025
3250.0 2950.0 -0.02127
3350.0 2950.0 -0.02365
3450.0 2950.0 -0.02383
3550.0 2950.0 0.01847
3650.0 2950.0 0.10618
3750.0 2950.0 0.21397
3850.0 2950.0 0.30758
3950.0 2950.0 0.35774
4050.0 2950.0 0.34876
4150.0 2950.0 0.28174
4250.0 2950.0 0.17242
4350.0 2950.0 0.04362
4450.0 2950.0 -0.08701
4550.0 2950.0 -0.20658
4650.0 2950.0 -0.29591
4750.0 2950.0 -0.33870
4850.0 2950.0 -0.32986
4950.0 2950.0 -0.27890
5050.0 2950.0 -0.20839
5150.0 2950.0 -0.14737
5250.0 2950.0 -0.11990
5350.0 2950.0 -0.12863
5450.0 2950.0 -0.14583
5550.0 2950.0 -0.15624
5650.0 2950.0 -0.15409
5750.0 2950.0 -0.13661
5850.0 2950.0 -0.10503
5950.0 2950.0 -0.06450
6050.0 2950.0 -0.02294
6150.0 2950.0 0.01114
6250.0 2950.0 0.03196
6350.0 2950.0 0.04073
50.0 3050.0 -0.23401
150.0 3050.0 -0.12190
250.0 3050.0 -0.04120
350.0 3050.0 -0.00367
450.0 3050.0 0.02058
550.0 3050.0 0.05655
650.0 3050.0 0.10206
750.0 3050.0 0.14498
850.0 3050.0 0.17209
950.0 3050.0 0.17490
1050.0 3050.0 0.15248
1150.0 3050.0 0.11137
1250.0 3050.0 0.06241
1350.0 3050.0 0.01472
1450.0 3050.0 -0.02663
1550.0 3050.0 -0.03979
1650.0 3050.0 -0.01600
1750.0 3050.0 0.03491
1850.0 3050.0 0.09390
1950.0 3050.0 0.14017
2050.0 3050.0 0.15706
2150.0 3050.0 0.13595
2250.0 3050.0 0.07852
2350.0 3050.0 -0.00281
2450.0 3050.0 -0.08851
2550.0 3050.0 -0.16365
2650.0 3050.0 -0.21353
2750.0 3050.0 -0.22716
2850.0 3050.0 -0.20246
2950.0 3050.0 -0.14807
3050.0 3050.0 -0.08175
3150.0 3050.0 -0.02542
3250.0 3050.0 0.00323
3350.0 3050.0 0.00256
3450.0 3050.0 0.00171
3550.0 3050.0 0.04101
3650.0 3050.0 0.12232
3750.0 3050.0 0.22055
3850.0 3050.0 0.30261
3950.0 3050.0 0.34092
4050.0 3050.0 0.32158
4150.0 3050.0 0.24708
4250.0 3050.0 0.13371
4350.0 3050.0 0.00352
4450.0 3050.0 -0.12645
4550.0 3050.0 -0.23780
4650.0 3050.0 -0.30825
4750.0 3050.0 -0.32270
4850.0 3050.0 -0.28004
4950.0 3050.0 -0.19518
5050.0 3050.0 -0.09610
5150.0 3050.0 -0.01587
5250.0 3050.0 0.02013
5350.0 3050.0 0.01201
5450.0 3050.0 -0.00781
5550.0 3050.0 -0.02832
5650.0 3050.0 -0.04644
5750.0 3050.0 -0.05798
5850.0 3050.0 -0.06016
5950.0 3050.0 -0.05291
6050.0 3050.0 -0.03907
6150.0 3050.0 -0.02351
6250.0 3050.0 -0.01108
6350.0 3050.0 -0.00343
50.0 3150.0 -0.24858
150.0 3150.0 -0.12230
250.0 3150.0 -0.03557
350.0 3150.0 0.00188
450.0 3150.0 0.02488
550.0 3150.0 0.06306
650.0 3150.0 0.11642
750.0 3150.0 0.17297
850.0 3150.0 0.21796
950.0 3150.0 0.24022
1050.0 3150.0 0.23571
1150.0 3150.0 0.20817
1250.0 3150.0 0.16697
1350.0 3150.0 0.12208
1450.0 3150.0 0.08068
1550.0 3150.0 0.05802
1650.0 3150.0 0.05811
1750.0 3150.0 0.07208
1850.0 3150.0 0.08577
1950.0 3150.0 0.08549
2050.0 3150.0 0.06197
2150.0 3150.0 0.01249
2250.0 3150.0 -0.05890
2350.0 3150.0 -0.14287
2450.0 3150.0 -0.22735
2550.0 3150.0 -0.29579
2650.0 3150.0 -0.33082
2750.0 3150.0 -0.32198
2850.0 3150.0 -0.26994
2950.0 3150.0 -0.18739
3050.0 3150.0 -0.09638
3150.0 3150.0 -0.02222
3250.0 3150.0 0.01600
3350.0 3150.0 0.01842
3450.0 3150.0 0.01863
3550.0 3150.0 0.05659
3650.0 3150.0 0.13310
3750.0 3150.0 0.22342
3850.0 3150.0 0.29573
3950.0 3150.0 0.32421
4050.0 3150.0 0.29670
4150.0 3150.0 0.21705
4250.0 3150.0 0.10201
4350.0 3150.0 -0.02722
4450.0 3150.0 -0.15427
4550.0 3150.0 -0.25543
4650.0 3150.0 -0.30569
4750.0 3150.0 -0.29124
4850.0 3150.0 -0.21493
4950.0 3150.0 -0.09682
5050.0 3150.0 0.03012
5150.0 3150.0 0.12919
5250.0 3150.0 0.17401
5350.0 3150.0 0.16743
5450.0 3150.0 0.14589
5550.0 3150.0 0.11532
5650.0 3150.0 0.07549
5750.0 3150.0 0.03177
5850.0 3150.0 -0.00878
5950.0 3150.0 -0.04021
6050.0 3150.0 -0.05940
6150.0 3150.0 -0.06670
6250.0 3150.0 -0.06543
6350.0 3150.0 -0.06030
50.0 3250.0 -0.20889
150.0 3250.0 -0.07537
250.0 3250.0 0.00913
350.0 3250.0 0.03892
450.0 3250.0 0.05297
550.0 3250.0 0.08206
650.0 3250.0 0.12808
750.0 3250.0 0.18161
850.0 3250.0 0.22957
950.0 3250.0 0.26082
1050.0 3250.0 0.26942
1150.0 3250.0 0.25597
1250.0 3250.0 0.22665
1350.0 3250.0 0.19014
1450.0 3250.0 0.15484
1550.0 3250.0 0.13145
1650.0 3250.0 0.11994
1750.0 3250.0 0.11137
1850.0 3250.0 0.09465
1950.0 3250.0 0.06128
2050.0 3250.0 0.00795
2150.0 3250.0 -0.06286
2250.0 3250.0 -0.14440
2350.0 3250.0 -0.22923
2450.0 3250.0 -0.31209
2550.0 3250.0 -0.37855
2650.0 3250.0 -0.41035
2750.0 3250.0 -0.39611
2850.0 3250.0 -0.33612
2950.0 3250.0 -0.24339
3050.0 3250.0 -0.14097
3150.0 3250.0 -0.05559
3250.0 3250.0 -0.00757
3350.0 3250.0 0.00292
3450.0 3250.0 0.01033
3550.0 3250.0 0.05345
3650.0 3250.0 0.13224
3750.0 3250.0 0.22230
3850.0 3250.0 0.29291
3950.0 3250.0 0.31971
4050.0 3250.0 0.29202
4150.0 3250.0 0.21473
4250.0 3250.0 0.10495
4350.0 3250.0 -0.01689
4450.0 3250.0 -0.13497
4550.0 3250.0 -0.22194
4650.0 3250.0 -0.25170
4750.0 3250.0 -0.21250
4850.0 3250.0 -0.11071
4950.0 3250.0 0.03000
5050.0 3250.0 0.17394
5150.0 3250.0 0.28326
5250.0 3250.0 0.33221
5350.0 3250.0 0.32602
5450.0 3250.0 0.30241
5550.0 3250.0 0.26071
5650.0 3250.0 0.19674
5750.0 3250.0 0.11677
5850.0 3250.0 0.03227
5950.0 3250.0 -0.04438
6050.0 3250.0 -0.10328
6150.0 3250.0 -0.13932
6250.0 3250.0 -0.15368
6350.0 3250.0 -0.15427
50.0 3350.0 -0.10418
150.0 3350.0 0.02347
250.0 3350.0 0.09295
350.0 3350.0 0.10474
450.0 3350.0 0.09983
550.0 3350.0 0.10540
650.0 3350.0 0.12499
750.0 3350.0 0.15487
850.0 3350.0 0.18774
950.0 3350.0 0.21566
1050.0 3350.0 0.23231
1150.0 3350.0 0.23446
1250.0 3350.0 0.22281
1350.0 3350.0 0.20205
1450.0 3350.0 0.18095
1550.0 3350.0 0.16870
1650.0 3350.0 0.16233
1750.0 3350.0 0.15148
1850.0 3350.0 0.12557
1950.0 3350.0 0.07850
2050.0 3350.0 0.01075
2150.0 3350.0 -0.07107
2250.0 3350.0 -0.15725
2350.0 3350.0 -0.24055
2450.0 3350.0 -0.32122
2550.0 3350.0 -0.39168
2650.0 3350.0 -0.43502
2750.0 3350.0 -0.43713
2850.0 3350.0 -0.39382
2950.0 3350.0 -0.31368
3050.0 3350.0 -0.21660
3150.0 3350.0 -0.12820
3250.0 3350.0 -0.06990
3350.0 3350.0 -0.04480
3450.0 3350.0 -0.02234
3550.0 3350.0 0.03357
3650.0 3350.0 0.12199
3750.0 3350.0 0.21894
3850.0 3350.0 0.29496
3950.0 3350.0 0.32731
4050.0 3350.0 0.30690
4150.0 3350.0 0.23976
4250.0 3350.0 0.14329
4350.0 3350.0 0.03709
4450.0 3350.0 -0.06431
4550.0 3350.0 -0.13278
4650.0 3350.0 -0.14360
4750.0 3350.0 -0.08798
4850.0 3350.0 0.02514
4950.0 3350.0 0.17103
5050.0 3350.0 0.31485
5150.0 3350.0 0.42115
5250.0 3350.0 0.46714
5350.0 3350.0 0.45970
5450.0 3350.0 0.43395
5550.0 3350.0 0.38227
5650.0 3350.0 0.29655
5750.0 3350.0 0.18322
5850.0 3350.0 0.05722
5950.0 3350.0 -0.06349
6050.0 3350.0 -0.16255
6150.0 3350.0 -0.22939
6250.0 3350.0 -0.26257
6350.0 3350.0 -0.27256
50.0 3450.0 0.04874
150.0 3450.0 0.15407
250.0 3450.0 0.19491
350.0 3450.0 0.17927
450.0 3450.0 0.14688
550.0 3450.0 0.11700
650.0 3450.0 0.09475
750.0 3450.0 0.08476
850.0 3450.0 0.08877
950.0 3450.0 0.10462
1050.0 3450.0 0.12651
1150.0 3450.0 0.14663
1250.0 3450.0 0.15815
1350.0 3450.0 0.15953
1450.0 3450.0 0.15966
1550.0 3450.0 0.16924
1650.0 3450.0 0.18362
1750.0 3450.0 0.18977
1850.0 3450.0 0.17516
1950.0 3450.0 0.13337
2050.0 3450.0 0.06642
2150.0 3450.0 -0.01615
2250.0 3450.0 -0.10153
2350.0 3450.0 -0.18110
2450.0 3450.0 -0.25908
2550.0 3450.0 -0.33846
2650.0 3450.0 -0.40551
2750.0 3450.0 -0.44186
2850.0 3450.0 -0.43547
2950.0 3450.0 -0.38653
3050.0 3450.0 -0.30839
3150.0 3450.0 -0.22349
3250.0 3450.0 -0.15423
3350.0 3450.0 -0.10890
3450.0 3450.0 -0.06482
3550.0 3450.0 0.00931
3650.0 3450.0 0.11120
3750.0 3450.0 0.21750
3850.0 3450.0 0.30062
3950.0 3450.0 0.34029
4050.0 3450.0 0.32978
4150.0 3450.0 0.27682
4250.0 3450.0 0.19929
4350.0 3450.0 0.11553
4450.0 3450.0 0.03723
4550.0 3450.0 -0.01018
4650.0 3450.0 -0.00597
4750.0 3450.0 0.05514
4850.0 3450.0 0.16298
4950.0 3450.0 0.29461
5050.0 3450.0 0.41977
5150.0 3450.0 0.50906
5250.0 3450.0 0.54476
5350.0 3450.0 0.53443
5450.0 3450.0 0.50705
5550.0 3450.0 0.44969
5650.0 3450.0 0.35143
5750.0 3450.0 0.21782
5850.0 3450.0 0.06495
5950.0 3450.0 -0.08618
6050.0 3450.0 -0.21515
6150.0 3450.0 -0.30728
6250.0 3450.0 -0.35860
6350.0 3450.0 -0.38056
50.0 3550.0 0.21839
150.0 3550.0 0.28584
250.0 3550.0 0.28730
350.0 3550.0 0.23838
450.0 3550.0 0.17396
550.0 3550.0 0.10265
650.0 3550.0 0.03140
750.0 3550.0 -0.02545
850.0 3550.0 -0.05555
950.0 3550.0 -0.05429
1050.0 3550.0 -0.02675
1150.0 3550.0 0.01398
1250.0 3550.0 0.05234
1350.0 3550.0 0.07949
1450.0 3550.0 0.10473
1550.0 3550.0 0.14264
1650.0 3550.0 0.18783
1750.0 3550.0 0.22388
1850.0 3550.0 0.23463
1950.0 3550.0 0.21141
2050.0 3550.0 0.15612
2150.0 3550.0 0.08017
2250.0 3550.0 -0.00057
2350.0 3550.0 -0.07501
2450.0 3550.0 -0.14999
2550.0 3550.0 -0.24070
2650.0 3550.0 -0.33747
2750.0 3550.0 -0.41686
2850.0 3550.0 -0.45727
2950.0 3550.0 -0.44853
3050.0 3550.0 -0.39578
3150.0 3550.0 -0.31725
3250.0 3550.0 -0.23635
3350.0 3550.0 -0.16769
3450.0 3550.0 -0.09864
3550.0 3550.0 -0.00473
3650.0 3550.0 0.10961
3750.0 3550.0 0.22196
3850.0 3550.0 0.30756
3950.0 3550.0 0.34989
4050.0 3550.0 0.34590
4150.0 3550.0 0.30601
4250.0 3550.0 0.24888
4350.0 3550.0 0.19093
4450.0 3550.0 0.13898
4550.0 3550.0 0.11251
4650.0 3550.0 0.12642
4750.0 3550.0 0.18232
4850.0 3550.0 0.27014
4950.0 3550.0 0.37121
5050.0 3550.0 0.46279
5150.0 3550.0 0.52412
5250.0 3550.0 0.54395
5350.0 3550.0 0.52954
5450.0 3550.0 0.50150
5550.0 3550.0 0.44502
5650.0 3550.0 0.34831
5750.0 3550.0 0.21489
5850.0 3550.0 0.05902
5950.0 3550.0 -0.09921
6050.0 3550.0 -0.23901
6150.0 3550.0 -0.34423
6250.0 3550.0 -0.40899
6350.0 3550.0 -0.44357
50.0 3650.0 0.36960
150.0 3650.0 0.38892
250.0 3650.0 0.34608
350.0 3650.0 0.26313
450.0 3650.0 0.16726
550.0 3650.0 0.05604
650.0 3650.0 -0.06141
750.0 3650.0 -0.16121
850.0 3650.0 -0.22100
950.0 3650.0 -0.23009
1050.0 3650.0 -0.19349
1150.0 3650.0 -0.12998
1250.0 3650.0 -0.06393
1350.0 3650.0 -0.01113
1450.0 3650.0 0.03899
1550.0 3650.0 0.10585
1650.0 3650.0 0.18371
1750.0 3650.0 0.25271
1850.0 3650.0 0.29269
1950.0 3650.0 0.29209
2050.0 3650.0 0.25199
2150.0 3650.0 0.18517
2250.0 3650.0 0.11029
2350.0 3650.0 0.04115
2450.0 3650.0 -0.03079
2550.0 3650.0 -0.13211
2650.0 3650.0 -0.25694
2750.0 3650.0 -0.37691
2850.0 3650.0 -0.46121
2950.0 3650.0 -0.48984
3050.0 3650.0 -0.46015
3150.0 3650.0 -0.38656
3250.0 3650.0 -0.29352
3350.0 3650.0 -0.20172
3450.0 3650.0 -0.10842
3550.0 3650.0 0.00262
3650.0 3650.0 0.12401
3750.0 3650.0 0.23448
3850.0 3650.0 0.31314
3950.0 3650.0 0.34861
4050.0 3650.0 0.34295
4150.0 3650.0 0.31034
4250.0 3650.0 0.27061
4350.0 3650.0 0.23761
4450.0 3650.0 0.21125
4550.0 3650.0 0.20312
4650.0 3650.0 0.22150
4750.0 3650.0 0.26470
4850.0 3650.0 0.32379
4950.0 3650.0 0.38569
5050.0 3650.0 0.43646
5150.0 3650.0 0.46494
5250.0 3650.0 0.46661
5350.0 3650.0 0.44773
5450.0 3650.0 0.42018
5550.0 3650.0 0.37142
5650.0 3650.0 0.29102
5750.0 3650.0 0.17965
5850.0 3650.0 0.04675
5950.0 3650.0 -0.09252
6050.0 3650.0 -0.22100
6150.0 3650.0 -0.32412
6250.0 3650.0 -0.39508
6350.0 3650.0 -0.44087
50.0 3750.0 0.47275
150.0 3750.0 0.44218
250.0 3750.0 0.35752
350.0 3750.0 0.24518
450.0 3750.0 0.12340
550.0 3750.0 -0.01919
650.0 3750.0 -0.17084
750.0 3750.0 -0.29993
850.0 3750.0 -0.37662
950.0 3750.0 -0.38635
1050.0 3750.0 -0.33534
1150.0 3750.0 -0.24805
1250.0 3750.0 -0.15656
1350.0 3750.0 -0.08192
1450.0 3750.0 -0.01119
1550.0 3750.0 0.07908
1650.0 3750.0 0.18264
1750.0 3750.0 0.27682
1850.0 3750.0 0.33842
1950.0 3750.0 0.35390
2050.0 3750.0 0.32408
2150.0 3750.0 0.26321
2250.0 3750.0 0.19239
2350.0 3750.0 0.12750
2450.0 3750.0 0.05833
2550.0 3750.0 -0.04999
2650.0 3750.0 -0.19403
2750.0 3750.0 -0.34152
2850.0 3750.0 -0.45484
2950.0 3750.0 -0.50697
3050.0 3750.0 -0.48996
3150.0 3750.0 -0.41595
3250.0 3750.0 -0.31062
3350.0 3750.0 -0.19916
3450.0 3750.0 -0.08617
3550.0 3750.0 0.03597
3650.0 3750.0 0.15625
3750.0 3750.0 0.25474
3850.0 3750.0 0.31514
3950.0 3750.0 0.33231
4050.0 3750.0 0.31448
4150.0 3750.0 0.28046
4250.0 3750.0 0.25161
4350.0 3750.0 0.23864
4450.0 3750.0 0.23337
4550.0 3750.0 0.23922
4650.0 3750.0 0.25861
4750.0 3750.0 0.28723
4850.0 3750.0 0.31764
4950.0 3750.0 0.34214
5050.0 3750.0 0.35487
5150.0 3750.0 0.35323
5250.0 3750.0 0.33847
5350.0 3750.0 0.31562
5450.0 3750.0 0.28953
5550.0 3750.0 0.25350
5650.0 3750.0 0.20030
5750.0 3750.0 0.12738
5850.0 3750.0 0.03745
5950.0 3750.0 -0.06211
6050.0 3750.0 -0.16092
6150.0 3750.0 -0.24847
6250.0 3750.0 -0.31809
6350.0 3750.0 -0.37208
50.0 3850.0 0.51108
150.0 3850.0 0.43814
250.0 3850.0 0.32105
350.0 3850.0 0.18817
450.0 3850.0 0.04956
550.0 3850.0 -0.11105
650.0 3850.0 -0.27889
750.0 3850.0 -0.41749
850.0 3850.0 -0.49333
950.0 3850.0 -0.49115
1050.0 3850.0 -0.41988
1150.0 3850.0 -0.30929
1250.0 3850.0 -0.19715
1350.0 3850.0 -0.10721
1450.0 3850.0 -0.02315
1550.0 3850.0 0.08029
1650.0 3850.0 0.19547
1750.0 3850.0 0.29812
1850.0 3850.0 0.36409
1950.0 3850.0 0.38009
2050.0 3850.0 0.34835
2150.0 3850.0 0.28530
2250.0 3850.0 0.21414
2350.0 3850.0 0.15144
2450.0 3850.0 0.08458
2550.0 3850.0 -0.02516
2650.0 3850.0 -0.17468
2750.0 3850.0 -0.32950
2850.0 3850.0 -0.44890
2950.0 3850.0 -0.50325
3050.0 3850.0 -0.48319
3150.0 3850.0 -0.40094
3250.0 3850.0 -0.28355
3350.0 3850.0 -0.15827
3450.0 3850.0 -0.03285
3550.0 3850.0 0.09260
3650.0 3850.0 0.20313
3750.0 3850.0 0.28017
3850.0 3850.0 0.31230
3950.0 3850.0 0.30099
4050.0 3850.0 0.26113
4150.0 3850.0 0.21654
4250.0 3850.0 0.19025
4350.0 3850.0 0.18970
4450.0 3850.0 0.19838
4550.0 3850.0 0.21336
4650.0 3850.0 0.23308
4750.0 3850.0 0.25152
4850.0 3850.0 0.26230
4950.0 3850.0 0.26139
5050.0 3850.0 0.24839
5150.0 3850.0 0.22641
5250.0 3850.0 0.20058
5350.0 3850.0 0.17507
5450.0 3850.0 0.15093
5550.0 3850.0 0.12933
5650.0 3850.0 0.10708
5750.0 3850.0 0.07871
5850.0 3850.0 0.03988
5950.0 3850.0 -0.01069
6050.0 3850.0 -0.07064
6150.0 3850.0 -0.13479
6250.0 3850.0 -0.19737
6350.0 3850.0 -0.25573
50.0 3950.0 0.48621
150.0 3950.0 0.38470
250.0 3950.0 0.24824
350.0 3950.0 0.10515
450.0 3950.0 -0.04038
550.0 3950.0 -0.20480
650.0 3950.0 -0.37008
750.0 3950.0 -0.49799
850.0 3950.0 -0.55534
950.0 3950.0 -0.52935
1050.0 3950.0 -0.43306
1150.0 3950.0 -0.30082
1250.0 3950.0 -0.17386
1350.0 3950.0 -0.07593
1450.0 3950.0 0.01345
1550.0 3950.0 0.11821
1650.0 3950.0 0.22824
1750.0 3950.0 0.31900
1850.0 3950.0 0.36799
1950.0 3950.0 0.36494
2050.0 3950.0 0.31571
2150.0 3950.0 0.24005
2250.0 3950.0 0.16298
2350.0 3950.0 0.10007
2450.0 3950.0 0.03496
2550.0 3950.0 -0.07030
2650.0 3950.0 -0.21076
2750.0 3950.0 -0.35149
2850.0 3950.0 -0.45274
2950.0 3950.0 -0.48691
3050.0 3950.0 -0.44733
3150.0 3950.0 -0.34877
3250.0 3950.0 -0.21986
3350.0 3950.0 -0.08724
3450.0 3950.0 0.04288
3550.0 3950.0 0.16424
3650.0 3950.0 0.25813
3750.0 3950.0 0.30722
3850.0 3950.0 0.30474
3950.0 3950.0 0.25848
4050.0 3950.0 0.18979
4150.0 3950.0 0.12733
4250.0 3950.0 0.09581
4350.0 3950.0 0.09957
4450.0 3950.0 0.11460
4550.0 3950.0 0.13460
4650.0 3950.0 0.15660
4750.0 3950.0 0.17371
4850.0 3950.0 0.17957
4950.0 3950.0 0.17120
5050.0 3950.0 0.15001
5150.0 3950.0 0.12124
5250.0 3950.0 0.09156
5350.0 3950.0 0.06507
5450.0 3950.0 0.04285
5550.0 3950.0 0.03401
5650.0 3950.0 0.03922
5750.0 3950.0 0.05090
5850.0 3950.0 0.05880
5950.0 3950.0 0.05407
6050.0 3950.0 0.03178
6150.0 3950.0 -0.00806
6250.0 3950.0 -0.06099
6350.0 3950.0 -0.12015
50.0 4050.0 0.42177
150.0 4050.0 0.30366
250.0 4050.0 0.15809
350.0 4050.0 0.01213
450.0 4050.0 -0.13359
550.0 4050.0 -0.29229
650.0 4050.0 -0.44264
750.0 4050.0 -0.54675
850.0 4050.0 -0.57441
950.0 4050.0 -0.51735
1050.0 4050.0 -0.39351
1150.0 4050.0 -0.24128
1250.0 4050.0 -0.10374
1350.0 4050.0 -0.00286
1450.0 4050.0 0.08630
1550.0 4050.0 0.18405
1650.0 4050.0 0.27684
1750.0 4050.0 0.34083
1850.0 4050.0 0.35709
1950.0 4050.0 0.32045
2050.0 4050.0 0.24211
2150.0 4050.0 0.14601
2250.0 4050.0 0.05887
2350.0 4050.0 -0.00596
2450.0 4050.0 -0.06971
2550.0 4050.0 -0.16658
2650.0 4050.0 -0.28825
2750.0 4050.0 -0.40060
2850.0 4050.0 -0.46753
2950.0 4050.0 -0.46664
3050.0 4050.0 -0.39664
3150.0 4050.0 -0.27653
3250.0 4050.0 -0.13659
3350.0 4050.0 -0.00106
3450.0 4050.0 0.12852
3550.0 4050.0 0.24129
3650.0 4050.0 0.31503
3750.0 4050.0 0.33351
3850.0 4050.0 0.29419
3950.0 4050.0 0.21074
4050.0 4050.0 0.11040
4150.0 4050.0 0.02637
4250.0 4050.0 -0.01507
4350.0 4050.0 -0.01244
4450.0 4050.0 0.00383
4550.0 4050.0 0.02662
4650.0 4050.0 0.05349
4750.0 4050.0 0.07715
4850.0 4050.0 0.09035
4950.0 4050.0 0.08900
5050.0 4050.0 0.07354
5150.0 4050.0 0.04852
5250.0 4050.0 0.02054
5350.0 4050.0 -0.00569
5450.0 4050.0 -0.02628
5550.0 4050.0 -0.02511
5650.0 4050.0 0.00168
5750.0 4050.0 0.04515
5850.0 4050.0 0.09066
5950.0 4050.0 0.12347
6050.0 4050.0 0.13279
6150.0 4050.0 0.11432
6250.0 4050.0 0.07118
6350.0 4050.0 0.01336
50.0 4150.0 0.34805
150.0 4150.0 0.21472
250.0 4150.0 0.06202
350.0 4150.0 -0.08474
450.0 4150.0 -0.22848
550.0 4150.0 -0.37837
650.0 4150.0 -0.50967
750.0 4150.0 -0.58533
850.0 4150.0 -0.57888
950.0 4150.0 -0.48724
1050.0 4150.0 -0.33365
1150.0 4150.0 -0.16055
1250.0 4150.0 -0.01254
1350.0 4150.0 0.09069
1450.0 4150.0 0.17875
1550.0 4150.0 0.26746
1650.0 4150.0 0.33955
1750.0 4150.0 0.37236
1850.0 4150.0 0.35132
1950.0 4150.0 0.27718
2050.0 4150.0 0.16713
2150.0 4150.0 0.04954
2250.0 4150.0 -0.04732
2350.0 4150.0 -0.11286
2450.0 4150.0 -0.17370
2550.0 4150.0 -0.25997
2650.0 4150.0 -0.36016
2750.0 4150.0 -0.44159
2850.0 4150.0 -0.47251
2950.0 4150.0 -0.43616
3050.0 4150.0 -0.33670
3150.0 4150.0 -0.19699
3250.0 4150.0 -0.04836
3350.0 4150.0 0.08779
3450.0 4150.0 0.21466
3550.0 4150.0 0.31686
3650.0 4150.0 0.36868
3750.0 4150.0 0.35498
3850.0 4150.0 0.27731
3950.0 4150.0 0.15505
4050.0 4150.0 0.02127
4150.0 4150.0 -0.08639
4250.0 4150.0 -0.14003
4350.0 4150.0 -0.14095
4450.0 4150.0 -0.12569
4550.0 4150.0 -0.10102
4650.0 4150.0 -0.06803
4750.0 4150.0 -0.03423
4850.0 4150.0 -0.00822
4950.0 4150.0 0.00381
5050.0 4150.0 0.00005
5150.0 4150.0 -0.01677
5250.0 4150.0 -0.04086
5350.0 4150.0 -0.06652
5450.0 4150.0 -0.08579
5550.0 4150.0 -0.07568
5650.0 4150.0 -0.02943
5750.0 4150.0 0.04277
5850.0 4150.0 0.12228
5950.0 4150.0 0.18903
6050.0 4150.0 0.22691
6150.0 4150.0 0.22768
6250.0 4150.0 0.19325
6350.0 4150.0 0.13647
50.0 4250.0 0.26797
150.0 4250.0 0.11822
250.0 4250.0 -0.03997
350.0 4250.0 -0.18415
450.0 4250.0 -0.32199
550.0 4250.0 -0.45822
650.0 4250.0 -0.56458
750.0 4250.0 -0.60549
850.0 4250.0 -0.55901
950.0 4250.0 -0.42797
1050.0 4250.0 -0.24123
1150.0 4250.0 -0.04523
1250.0 4250.0 0.11432
1350.0 4250.0 0.22057
1450.0 4250.0 0.30781
1550.0 4250.0 0.38593
1650.0 4250.0 0.43375
1750.0 4250.0 0.43085
1850.0 4250.0 0.36857
1950.0 4250.0 0.25494
2050.0 4250.0 0.11379
2150.0 4250.0 -0.02206
2250.0 4250.0 -0.12348
2350.0 4250.0 -0.18370
2450.0 4250.0 -0.23548
2550.0 4250.0 -0.30558
2650.0 4250.0 -0.38100
2750.0 4250.0 -0.43222
2850.0 4250.0 -0.43266
2950.0 4250.0 -0.37063
3050.0 4250.0 -0.25385
3150.0 4250.0 -0.10642
3250.0 4250.0 0.04164
3350.0 4250.0 0.17233
3450.0 4250.0 0.29157
3550.0 4250.0 0.37932
3650.0 4250.0 0.40678
3750.0 4250.0 0.35957
3850.0 4250.0 0.24272
3950.0 4250.0 0.08057
4050.0 4250.0 -0.08866
4150.0 4250.0 -0.22329
4250.0 4250.0 -0.29388
4350.0 4250.0 -0.30407
4450.0 4250.0 -0.29533
4550.0 4250.0 -0.27175
4650.0 4250.0 -0.23136
4750.0 4250.0 -0.18143
4850.0 4250.0 -0.13278
4950.0 4250.0 -0.09554
5050.0 4250.0 -0.07627
5150.0 4250.0 -0.07652
5250.0 4250.0 -0.09275
5350.0 4250.0 -0.11768
5450.0 4250.0 -0.13658
5550.0 4250.0 -0.11965
5650.0 4250.0 -0.05784
5750.0 4250.0 0.03735
5850.0 4250.0 0.14376
5950.0 4250.0 0.23680
6050.0 4250.0 0.29606
6150.0 4250.0 0.31023
6250.0 4250.0 0.28052
6350.0 4250.0 0.22227
50.0 4350.0 0.19084
150.0 4350.0 0.02757
250.0 4350.0 -0.13173
350.0 4350.0 -0.26850
450.0 4350.0 -0.39565
550.0 4350.0 -0.51403
650.0 4350.0 -0.59263
750.0 4350.0 -0.59794
850.0 4350.0 -0.51267
950.0 4350.0 -0.34504
1050.0 4350.0 -0.12861
1150.0 4350.0 0.08739
1250.0 4350.0 0.25710
1350.0 4350.0 0.36662
1450.0 4350.0 0.45362
1550.0 4350.0 0.52074
1650.0 4350.0 0.54325
1750.0 4350.0 0.50429
1850.0 4350.0 0.40232
1950.0 4350.0 0.25332
2050.0 4350.0 0.08767
2150.0 4350.0 -0.05822
2250.0 4350.0 -0.15561
2350.0 4350.0 -0.20234
2450.0 4350.0 -0.23726
2550.0 4350.0 -0.28493
2650.0 4350.0 -0.33340
2750.0 4350.0 -0.35840
2850.0 4350.0 -0.33914
2950.0 4350.0 -0.26772
3050.0 4350.0 -0.15244
3150.0 4350.0 -0.01480
3250.0 4350.0 0.11969
3350.0 4350.0 0.23691
3450.0 4350.0 0.34255
3550.0 4350.0 0.41321
3650.0 4350.0 0.41830
3750.0 4350.0 0.34357
3850.0 4350.0 0.19572
3950.0 4350.0 0.00161
4050.0 4350.0 -0.19767
4150.0 4350.0 -0.35807
4250.0 4350.0 -0.44905
4350.0 4350.0 -0.47534
4450.0 4350.0 -0.48040
4550.0 4350.0 -0.46308
4650.0 4350.0 -0.41662
4750.0 4350.0 -0.34730
4850.0 4350.0 -0.26861
4950.0 4350.0 -0.19625
5050.0 4350.0 -0.14391
5150.0 4350.0 -0.11991
5250.0 4350.0 -0.12466
5350.0 4350.0 -0.14891
5450.0 4350.0 -0.16880
5550.0 4350.0 -0.14853
5650.0 4350.0 -0.07786
5750.0 4350.0 0.03046
5850.0 4350.0 0.15169
5950.0 4350.0 0.25824
6050.0 4350.0 0.32712
6150.0 4350.0 0.34552
6250.0 4350.0 0.31459
6350.0 4350.0 0.25151
50.0 4450.0 0.13055
150.0 4450.0 -0.03803
250.0 4450.0 -0.19183
350.0 4450.0 -0.31645
450.0 4450.0 -0.42918
550.0 4450.0 -0.52877
650.0 4450.0 -0.58336
750.0 4450.0 -0.56171
850.0 4450.0 -0.45006
950.0 4450.0 -0.25987
1050.0 4450.0 -0.02675
1150.0 4450.0 0.19969
1250.0 4450.0 0.37484
1350.0 4450.0 0.48710
1450.0 4450.0 0.57462
1550.0 4450.0 0.63239
1650.0 4450.0 0.63336
1750.0 4450.0 0.56505
1850.0 4450.0 0.43319
1950.0 4450.0 0.26097
2050.0 4450.0 0.08387
2150.0 4450.0 -0.05990
2250.0 4450.0 -0.14337
2350.0 4450.0 -0.16916
2450.0 4450.0 -0.18077
2550.0 4450.0 -0.20188
2650.0 4450.0 -0.22415
2750.0 4450.0 -0.23026
2850.0 4450.0 -0.20519
2950.0 4450.0 -0.14302
3050.0 4450.0 -0.04933
3150.0 4450.0 0.06081
3250.0 4450.0 0.16931
3350.0 4450.0 0.26598
3450.0 4450.0 0.35341
3550.0 4450.0 0.40773
3650.0 4450.0 0.39877
3750.0 4450.0 0.31155
3850.0 4450.0 0.15152
3950.0 4450.0 -0.05579
4050.0 4450.0 -0.27027
4150.0 4450.0 -0.44832
4250.0 4450.0 -0.55917
4350.0 4450.0 -0.60672
4450.0 4450.0 -0.63203
4550.0 4450.0 -0.62711
4650.0 4450.0 -0.57951
4750.0 4450.0 -0.49371
4850.0 4450.0 -0.38549
4950.0 4450.0 -0.27642
5050.0 4450.0 -0.18829
5150.0 4450.0 -0.13752
5250.0 4450.0 -0.12960
5350.0 4450.0 -0.15356
5450.0 4450.0 -0.17576
5550.0 4450.0 -0.15612
5650.0 4450.0 -0.08444
5750.0 4450.0 0.02546
5850.0 4450.0 0.14746
5950.0 4450.0 0.25288
6050.0 4450.0 0.31822
6150.0 4450.0 0.33084
6250.0 4450.0 0.29263
6350.0 4450.0 0.22168
50.0 4550.0 0.09745
150.0 4550.0 -0.06479
250.0 4550.0 -0.20586
350.0 4550.0 -0.31498
450.0 4550.0 -0.41175
550.0 4550.0 -0.49541
650.0 4550.0 -0.53574
750.0 4550.0 -0.50363
850.0 4550.0 -0.38665
950.0 4550.0 -0.19614
1050.0 4550.0 0.03395
1150.0 4550.0 0.25673
1250.0 4550.0 0.43028
1350.0 4550.0 0.54403
1450.0 4550.0 0.63281
1550.0 4550.0 0.68468
1650.0 4550.0 0.67200
1750.0 4550.0 0.58684
1850.0 4550.0 0.44109
1950.0 4550.0 0.26310
2050.0 4550.0 0.09097
2150.0 4550.0 -0.03757
2250.0 4550.0 -0.09858
2350.0 4550.0 -0.09878
2450.0 4550.0 -0.08387
2550.0 4550.0 -0.07767
2650.0 4550.0 -0.07748
2750.0 4550.0 -0.07363
2850.0 4550.0 -0.05618
2950.0 4550.0 -0.01928
3050.0 4550.0 0.03688
3150.0 4550.0 0.10642
3250.0 4550.0 0.18053
3350.0 4550.0 0.25253
3450.0 4550.0 0.31988
3550.0 4550.0 0.36205
3650.0 4550.0 0.35190
3750.0 4550.0 0.27283
3850.0 4550.0 0.12575
3950.0 4550.0 -0.06949
4050.0 4550.0 -0.27822
4150.0 4550.0 -0.46056
4250.0 4550.0 -0.58666
4350.0 4550.0 -0.65739
4450.0 4550.0 -0.70673
4550.0 4550.0 -0.71969
4650.0 4550.0 -0.67845
4750.0 4550.0 -0.58493
4850.0 4550.0 -0.45606
4950.0 4550.0 -0.31810
5050.0 4550.0 -0.20010
5150.0 4550.0 -0.12626
5250.0 4550.0 -0.10747
5350.0 4550.0 -0.13178
5450.0 4550.0 -0.15719
5550.0 4550.0 -0.14157
5650.0 4550.0 -0.07580
5750.0 4550.0 0.02545
5850.0 4550.0 0.13591
5950.0 4550.0 0.22756
6050.0 4550.0 0.27824
6150.0 4550.0 0.27698
6250.0 4550.0 0.22696
6350.0 4550.0 0.14630
50.0 4650.0 0.09375
150.0 4650.0 -0.05046
250.0 4650.0 -0.17305
350.0 4650.0 -0.26563
450.0 4650.0 -0.34742
550.0 4650.0 -0.42083
650.0 4650.0 -0.45970
750.0 4650.0 -0.43650
850.0 4650.0 -0.33758
950.0 4650.0 -0.17060
1050.0 4650.0 0.03588
1150.0 4650.0 0.24051
1250.0 4650.0 0.40521
1350.0 4650.0 0.51886
1450.0 4650.0 0.60944
1550.0 4650.0 0.65961
1650.0 4650.0 0.64287
1750.0 4650.0 0.55538
1850.0 4650.0 0.41317
1950.0 4650.0 0.24701
2050.0 4650.0 0.09484
2150.0 4650.0 -0.00817
2250.0 4650.0 -0.04190
2350.0 4650.0 -0.01592
2450.0 4650.0 0.02470
2550.0 4650.0 0.05543
2650.0 4650.0 0.07255
2750.0 4650.0 0.07847
2850.0 4650.0 0.07915
2950.0 4650.0 0.08181
3050.0 4650.0 0.09302
3150.0 4650.0 0.11707
3250.0 4650.0 0.15468
3350.0 4650.0 0.20192
3450.0 4650.0 0.25047
3550.0 4650.0 0.28682
3650.0 4650.0 0.28907
3750.0 4650.0 0.23829
3850.0 4650.0 0.12824
3950.0 4650.0 -0.03059
4050.0 4650.0 -0.21267
4150.0 4650.0 -0.38473
4250.0 4650.0 -0.51881
4350.0 4650.0 -0.61095
4450.0 4650.0 -0.68446
4550.0 4650.0 -0.71859
4650.0 4650.0 -0.69152
4750.0 4650.0 -0.60221
4850.0 4650.0 -0.46710
4950.0 4650.0 -0.31492
5050.0 4650.0 -0.17962
5150.0 4650.0 -0.09140
5250.0 4650.0 -0.06585
5350.0 4650.0 -0.09121
5450.0 4650.0 -0.12011
5550.0 4650.0 -0.11037
5650.0 4650.0 -0.05459
5750.0 4650.0 0.03200
5850.0 4650.0 0.12380
5950.0 4650.0 0.19459
6050.0 4650.0 0.22467
6150.0 4650.0 0.20553
6250.0 4650.0 0.14193
6350.0 4650.0 0.05138
50.0 4750.0 0.11256
150.0 4750.0 -0.00556
250.0 4750.0 -0.10721
350.0 4750.0 -0.18485
450.0 4750.0 -0.25489
550.0 4750.0 -0.32483
650.0 4750.0 -0.37411
750.0 4750.0 -0.37605
850.0 4750.0 -0.31367
950.0 4750.0 -0.18822
1050.0 4750.0 -0.02042
1150.0 4750.0 0.15573
1250.0 4750.0 0.30635
1350.0 4750.0 0.41848
1450.0 4750.0 0.51099
1550.0 4750.0 0.56311
1650.0 4750.0 0.55067
1750.0 4750.0 0.47287
1850.0 4750.0 0.34764
1950.0 4750.0 0.20559
2050.0 4750.0 0.08228
2150.0 4750.0 0.00902
2250.0 4750.0 0.00213
2350.0 4750.0 0.05064
2450.0 4750.0 0.11236
2550.0 4750.0 0.16217
2650.0 4750.0 0.19059
2750.0 4750.0 0.19416
2850.0 4750.0 0.17606
2950.0 4750.0 0.14542
3050.0 4750.0 0.11520
3150.0 4750.0 0.09868
3250.0 4750.0 0.10463
3350.0 4750.0 0.13112
3450.0 4750.0 0.16494
3550.0 4750.0 0.20198
3650.0 4750.0 0.22670
3750.0 4750.0 0.21761
3850.0 4750.0 0.16010
3950.0 4750.0 0.05351
4050.0 4750.0 -0.08762
4150.0 4750.0 -0.23810
4250.0 4750.0 -0.37246
4350.0 4750.0 -0.48113
4450.0 4750.0 -0.57522
4550.0 4750.0 -0.63057
4650.0 4750.0 -0.62337
4750.0 4750.0 -0.54967
4850.0 4750.0 -0.42385
4950.0 4750.0 -0.27444
5050.0 4750.0 -0.13719
5150.0 4750.0 -0.04556
5250.0 4750.0 -0.01847
5350.0 4750.0 -0.04544
5450.0 4750.0 -0.07735
5550.0 4750.0 -0.07324
5650.0 4750.0 -0.02738
5750.0 4750.0 0.04464
5850.0 4750.0 0.11811
5950.0 4750.0 0.16874
6050.0 4750.0 0.17931
6150.0 4750.0 0.14372
6250.0 4750.0 0.06808
6350.0 4750.0 -0.03077
50.0 4850.0 0.14035
150.0 4850.0 0.05035
250.0 4850.0 -0.03196
350.0 4850.0 -0.09853
450.0 4850.0 -0.16144
550.0 4850.0 -0.23387
650.0 4850.0 -0.30110
750.0 4850.0 -0.33656
850.0 4850.0 -0.31884
950.0 4850.0 -0.24183
1050.0 4850.0 -0.11776
1150.0 4850.0 0.02677
1250.0 4850.0 0.16167
1350.0 4850.0 0.27142
1450.0 4850.0 0.36557
1550.0 4850.0 0.42166
1650.0 4850.0 0.41821
1750.0 4850.0 0.35613
1850.0 4850.0 0.25339
1950.0 4850.0 0.13872
2050.0 4850.0 0.04434
2150.0 4850.0 -0.00237
2250.0 4850.0 0.01185
2350.0 4850.0 0.07592
2450.0 4850.0 0.15151
2550.0 4850.0 0.21378
2650.0 4850.0 0.24938
2750.0 4850.0 0.25100
2850.0 4850.0 0.22007
2950.0 4850.0 0.16703
3050.0 4850.0 0.10911
3150.0 4850.0 0.06557
3250.0 4850.0 0.05055
3350.0 4850.0 0.06333
3450.0 4850.0 0.08823
3550.0 4850.0 0.13079
3650.0 4850.0 0.18158
3750.0 4850.0 0.21681
3850.0 4850.0 0.21409
3950.0 4850.0 0.16231
4050.0 4850.0 0.06559
4150.0 4850.0 -0.05863
4250.0 4850.0 -0.18737
4350.0 4850.0 -0.30582
4450.0 4850.0 -0.41409
4550.0 4850.0 -0.48740
4650.0 4850.0 -0.50197
4750.0 4850.0 -0.45146
4850.0 4850.0 -0.34717
4950.0 4850.0 -0.21507
5050.0 4850.0 -0.08973
5150.0 4850.0 -0.00490
5250.0 4850.0 0.01890
5350.0 4850.0 -0.00991
5450.0 4850.0 -0.04373
5550.0 4850.0 -0.04290
5650.0 4850.0 -0.00264
5750.0 4850.0 0.06116
5850.0 4850.0 0.12419
5950.0 4850.0 0.16318
6050.0 4850.0 0.16230
6150.0 4850.0 0.11680
6250.0 4850.0 0.03369
6350.0 4850.0 -0.07055
50.0 4950.0 0.16303
150.0 4950.0 0.09739
250.0 4950.0 0.02967
350.0 4950.0 -0.03071
450.0 4950.0 -0.09116
550.0 4950.0 -0.16981
650.0 4950.0 -0.25683
750.0 4950.0 -0.32520
850.0 4950.0 -0.34920
950.0 4950.0 -0.31606
1050.0 4950.0 -0.23075
1150.0 4950.0 -0.11391
1250.0 4950.0 0.00718
1350.0 4950.0 0.11441
1450.0 4950.0 0.20960
1550.0 4950.0 0.26976
1650.0 4950.0 0.27560
1750.0 4950.0 0.22852
1850.0 4950.0 0.14544
1950.0 4950.0 0.05276
2050.0 4950.0 -0.02033
2150.0 4950.0 -0.04940
2250.0 4950.0 -0.02296
2350.0 4950.0 0.04852
2450.0 4950.0 0.13032
2550.0 4950.0 0.19904
2650.0 4950.0 0.24007
2750.0 4950.0 0.24429
2850.0 4950.0 0.21189
2950.0 4950.0 0.15327
3050.0 4950.0 0.08686
3150.0 4950.0 0.03403
3250.0 4950.0 0.01106
3350.0 4950.0 0.01810
3450.0 4950.0 0.03989
3550.0 4950.0 0.09013
3650.0 4950.0 0.16400
3750.0 4950.0 0.23610
3850.0 4950.0 0.27829
3950.0 4950.0 0.27164
4050.0 4950.0 0.21242
4150.0 4950.0 0.11219
4250.0 4950.0 -0.00806
4350.0 4950.0 -0.12964
4450.0 4950.0 -0.24485
4550.0 4950.0 -0.33075
4650.0 4950.0 -0.36521
4750.0 4950.0 -0.34024
4850.0 4950.0 -0.26373
4950.0 4950.0 -0.15769
5050.0 4950.0 -0.05327
5150.0 4950.0 0.01779
5250.0 4950.0 0.03501
5350.0 4950.0 0.00446
5450.0 4950.0 -0.02990
5550.0 4950.0 -0.02875
5650.0 4950.0 0.01285
5750.0 4950.0 0.07865
5850.0 4950.0 0.14375
5950.0 4950.0 0.18429
6050.0 4950.0 0.18403
6150.0 4950.0 0.13806
6250.0 4950.0 0.05348
6350.0 4950.0 -0.05281
50.0 5050.0 0.17551
150.0 5050.0 0.12903
250.0 5050.0 0.07132
350.0 5050.0 0.01357
450.0 5050.0 -0.04741
550.0 5050.0 -0.13354
650.0 5050.0 -0.23870
750.0 5050.0 -0.33518
850.0 5050.0 -0.39355
950.0 5050.0 -0.39573
1050.0 5050.0 -0.34114
1150.0 5050.0 -0.24598
1250.0 5050.0 -0.13575
1350.0 5050.0 -0.03078
1450.0 5050.0 0.06489
1550.0 5050.0 0.12825
1650.0 5050.0 0.14139
1750.0 5050.0 0.10554
1850.0 5050.0 0.03623
1950.0 5050.0 -0.04216
2050.0 5050.0 -0.10261
2150.0 5050.0 -0.12245
2250.0 5050.0 -0.09097
2350.0 5050.0 -0.01780
2450.0 5050.0 0.06514
2550.0 5050.0 0.13685
2650.0 5050.0 0.18335
2750.0 5050.0 0.19507
2850.0 5050.0 0.17109
2950.0 5050.0 0.12044
3050.0 5050.0 0.06036
3150.0 5050.0 0.01149
3250.0 5050.0 -0.01001
3350.0 5050.0 -0.00325
3450.0 5050.0 0.01912
3550.0 5050.0 0.07708
3650.0 5050.0 0.16891
3750.0 5050.0 0.26820
3850.0 5050.0 0.34307
3950.0 5050.0 0.36940
4050.0 5050.0 0.33822
4150.0 5050.0 0.25710
4250.0 5050.0 0.14566
4350.0 5050.0 0.02511
4450.0 5050.0 -0.09207
4550.0 5050.0 -0.18612
4650.0 5050.0 -0.23740
4750.0 5050.0 -0.23689
4850.0 5050.0 -0.18917
4950.0 5050.0 -0.11184
5050.0 5050.0 -0.03168
5150.0 5050.0 0.02281
5250.0 5050.0 0.03213
5350.0 5050.0 0.00007
5450.0 5050.0 -0.03383
5550.0 5050.0 -0.02948
5650.0 5050.0 0.01914
5750.0 5050.0 0.09529
5850.0 5050.0 0.17265
5950.0 5050.0 0.22541
6050.0 5050.0 0.23540
6150.0 5050.0 0.19629
6250.0 5050.0 0.11477
6350.0 5050.0 0.00877
50.0 5150.0 0.17637
150.0 5150.0 0.14729
250.0 5150.0 0.09888
350.0 5150.0 0.04366
450.0 5150.0 -0.01766
550.0 5150.0 -0.11035
650.0 5150.0 -0.23179
750.0 5150.0 -0.35401
850.0 5150.0 -0.44454
950.0 5150.0 -0.48052
1050.0 5150.0 -0.45617
1150.0 5150.0 -0.38334
1250.0 5150.0 -0.28548
1350.0 5150.0 -0.18475
1450.0 5150.0 -0.09049
1550.0 5150.0 -0.02501
1650.0 5150.0 -0.00451
1750.0 5150.0 -0.02825
1850.0 5150.0 -0.08261
1950.0 5150.0 -0.14586
2050.0 5150.0 -0.19369
2150.0 5150.0 -0.20546
2250.0 5150.0 -0.17121
2350.0 5150.0 -0.09935
2450.0 5150.0 -0.01827
2550.0 5150.0 0.05458
2650.0 5150.0 0.10686
2750.0 5150.0 0.12886
2850.0 5150.0 0.11821
2950.0 5150.0 0.08173
3050.0 5150.0 0.03416
3150.0 5150.0 -0.00596
3250.0 5150.0 -0.02342
3350.0 5150.0 -0.01642
3450.0 5150.0 0.00643
3550.0 5150.0 0.07158
3650.0 5150.0 0.18039
3750.0 5150.0 0.30568
3850.0 5150.0 0.41209
3950.0 5150.0 0.47065
4050.0 5150.0 0.46729
4150.0 5150.0 0.40561
4250.0 5150.0 0.30374
4350.0 5150.0 0.18518
4450.0 5150.0 0.06699
4550.0 5150.0 -0.03469
4650.0 5150.0 -0.10314
4750.0 5150.0 -0.12860
4850.0 5150.0 -0.11230
4950.0 5150.0 -0.06713
5050.0 5150.0 -0.01487
5150.0 5150.0 0.01984
5250.0 5150.0 0.01901
5350.0 5150.0 -0.01590
5450.0 5150.0 -0.05044
5550.0 5150.0 -0.04351
5650.0 5150.0 0.01262
5750.0 5150.0 0.10139
5850.0 5150.0 0.19517
5950.0 5150.0 0.26584
6050.0 5150.0 0.29246
6150.0 5150.0 0.26622
6250.0 5150.0 0.19249
6350.0 5150.0 0.09018
50.0 5250.0 0.14521
150.0 5250.0 0.13120
250.0 5250.0 0.09270
350.0 5250.0 0.04184
450.0 5250.0 -0.01746
550.0 5250.0 -0.11225
650.0 5250.0 -0.24351
750.0 5250.0 -0.38470
850.0 5250.0 -0.50233
950.0 5250.0 -0.57035
1050.0 5250.0 -0.57823
1150.0 5250.0 -0.53288
1250.0 5250.0 -0.45434
1350.0 5250.0 -0.36520
1450.0 5250.0 -0.27912
1550.0 5250.0 -0.21496
1650.0 5250.0 -0.18576
1750.0 5250.0 -0.19189
1850.0 5250.0 -0.22354
1950.0 5250.0 -0.26413
2050.0 5250.0 -0.29441
2150.0 5250.0 -0.29752
2250.0 5250.0 -0.26468
2350.0 5250.0 -0.20191
2450.0 5250.0 -0.13096
2550.0 5250.0 -0.06242
2650.0 5250.0 -0.00495
2750.0 5250.0 0.03220
2850.0 5250.0 0.04436
2950.0 5250.0 0.03396
3050.0 5250.0 0.01038
3150.0 5250.0 -0.01277
3250.0 5250.0 -0.02307
3350.0 5250.0 -0.01722
3450.0 5250.0 0.00350
3550.0 5250.0 0.07360
3650.0 5250.0 0.19808
3750.0 5250.0 0.34945
3850.0 5250.0 0.48910
3950.0 5250.0 0.58284
4050.0 5250.0 0.61087
4150.0 5250.0 0.57192
4250.0 5250.0 0.48186
4350.0 5250.0 0.36642
4450.0 5250.0 0.24800
4550.0 5250.0 0.13892
4650.0 5250.0 0.05210
4750.0 5250.0 -0.00271
4850.0 5250.0 -0.02364
4950.0 5250.0 -0.01839
5050.0 5250.0 -0.00272
5150.0 5250.0 0.00400
5250.0 5250.0 -0.01362
5350.0 5250.0 -0.05631
5450.0 5250.0 -0.09620
5550.0 5250.0 -0.09183
5650.0 5250.0 -0.03194
5750.0 5250.0 0.06942
5850.0 5250.0 0.18494
5950.0 5250.0 0.28423
6050.0 5250.0 0.34198
6150.0 5250.0 0.34407
6250.0 5250.0 0.29183
6350.0 5250.0 0.20419
50.0 5350.0 0.07883
150.0 5350.0 0.07737
250.0 5350.0 0.04973
350.0 5350.0 0.00563
450.0 5350.0 -0.04848
550.0 5350.0 -0.13838
650.0 5350.0 -0.26810
750.0 5350.0 -0.41484
850.0 5350.0 -0.54734
950.0 5350.0 -0.63913
1050.0 5350.0 -0.67655
1150.0 5350.0 -0.66154
1250.0 5350.0 -0.60929
1350.0 5350.0 -0.54066
1450.0 5350.0 -0.47142
1550.0 5350.0 -0.41359
1650.0 5350.0 -0.37552
1750.0 5350.0 -0.35938
1850.0 5350.0 -0.36130
1950.0 5350.0 -0.37252
2050.0 5350.0 -0.38148
2150.0 5350.0 -0.37686
2250.0 5350.0 -0.35161
2350.0 5350.0 -0.30794
2450.0 5350.0 -0.25776
2550.0 5350.0 -0.20156
2650.0 5350.0 -0.14217
2750.0 5350.0 -0.08748
2850.0 5350.0 -0.04509
2950.0 5350.0 -0.01894
3050.0 5350.0 -0.00793
3150.0 5350.0 -0.00649
3250.0 5350.0 -0.00702
3350.0 5350.0 -0.00439
3450.0 5350.0 0.01069
3550.0 5350.0 0.08127
3650.0 5350.0 0.21614
3750.0 5350.0 0.38837
3850.0 5350.0 0.55694
3950.0 5350.0 0.68314
4050.0 5350.0 0.74152
4150.0 5350.0 0.72563
4250.0 5350.0 0.64838
4350.0 5350.0 0.53714
4450.0 5350.0 0.41981
4550.0 5350.0 0.30595
4650.0 5350.0 0.20433
4750.0 5350.0 0.12344
4850.0 5350.0 0.06690
4950.0 5350.0 0.03144
5050.0 5350.0 0.00724
5150.0 5350.0 -0.01916
5250.0 5350.0 -0.05945
5350.0 5350.0 -0.11571
5450.0 5350.0 -0.16725
5550.0 5350.0 -0.17382
5650.0 5350.0 -0.11900
5750.0 5350.0 -0.01109
5850.0 5350.0 0.12580
5950.0 5350.0 0.26016
6050.0 5350.0 0.36133
6150.0 5350.0 0.40725
6250.0 5350.0 0.39191
6350.0 5350.0 0.33250
50.0 5450.0 -0.01027
150.0 5450.0 -0.00080
250.0 5450.0 -0.01648
350.0 5450.0 -0.05179
450.0 5450.0 -0.09779
550.0 5450.0 -0.17519
650.0 5450.0 -0.28978
750.0 5450.0 -0.42458
850.0 5450.0 -0.55411
950.0 5450.0 -0.65504
1050.0 5450.0 -0.71307
1150.0 5450.0 -0.72609
1250.0 5450.0 -0.70362
1350.0 5450.0 -0.66250
1450.0 5450.0 -0.61747
1550.0 5450.0 -0.57105
1650.0 5450.0 -0.52592
1750.0 5450.0 -0.48656
1850.0 5450.0 -0.45642
1950.0 5450.0 -0.43630
2050.0 5450.0 -0.42389
2150.0 5450.0 -0.41454
2250.0 5450.0 -0.40313
2350.0 5450.0 -0.38723
2450.0 5450.0 -0.36694
2550.0 5450.0 -0.33125
2650.0 5450.0 -0.27593
2750.0 5450.0 -0.20656
2850.0 5450.0 -0.13355
2950.0 5450.0 -0.06800
3050.0 5450.0 -0.01863
3150.0 5450.0 0.01027
3250.0 5450.0 0.01996
3350.0 5450.0 0.01731
3450.0 5450.0 0.02347
3550.0 5450.0 0.08872
3650.0 5450.0 0.22496
3750.0 5450.0 0.40674
3850.0 5450.0 0.59239
3950.0 5450.0 0.74041
4050.0 5450.0 0.82116
4150.0 5450.0 0.82365
4250.0 5450.0 0.75769
4350.0 5450.0 0.65110
4450.0 5450.0 0.53646
4550.0 5450.0 0.42299
4650.0 5450.0 0.31608
4750.0 5450.0 0.22151
4850.0 5450.0 0.14230
4950.0 5450.0 0.07706
5050.0 5450.0 0.02009
5150.0 5450.0 -0.03695
5250.0 5450.0 -0.10163
5350.0 5450.0 -0.17573
5450.0 5450.0 -0.24460
5550.0 5450.0 -0.27157
5650.0 5450.0 -0.23447
5750.0 5450.0 -0.13275
5850.0 5450.0 0.01605
5950.0 5450.0 0.18174
6050.0 5450.0 0.32893
6150.0 5450.0 0.42638
6250.0 5450.0 0.45842
6350.0 5450.0 0.43821
50.0 5550.0 -0.10251
150.0 5550.0 -0.08226
250.0 5550.0 -0.08509
350.0 5550.0 -0.11044
450.0 5550.0 -0.14656
550.0 5550.0 -0.20523
650.0 5550.0 -0.29242
750.0 5550.0 -0.39824
850.0 5550.0 -0.50587
950.0 5550.0 -0.59844
1050.0 5550.0 -0.66388
1150.0 5550.0 -0.69773
1250.0 5550.0 -0.70387
1350.0 5550.0 -0.69326
1450.0 5550.0 -0.67645
1550.0 5550.0 -0.64517
1650.0 5550.0 -0.59641
1750.0 5550.0 -0.53711
1850.0 5550.0 -0.47825
1950.0 5550.0 -0.43040
2050.0 5550.0 -0.40062
2150.0 5550.0 -0.39091
2250.0 5550.0 -0.39801
2350.0 5550.0 -0.41468
2450.0 5550.0 -0.42932
2550.0 5550.0 -0.42026
2650.0 5550.0 -0.37623
2750.0 5550.0 -0.29989
2850.0 5550.0 -0.20354
2950.0 5550.0 -0.10468
3050.0 5550.0 -0.02148
3150.0 5550.0 0.03186
3250.0 5550.0 0.04980
3350.0 5550.0 0.04035
3450.0 5550.0 0.03549
3550.0 5550.0 0.08970
3650.0 5550.0 0.21674
3750.0 5550.0 0.39340
3850.0 5550.0 0.57938
3950.0 5550.0 0.73304
4050.0 5550.0 0.82290
4150.0 5550.0 0.83508
4250.0 5550.0 0.77656
4350.0 5550.0 0.67429
4450.0 5550.0 0.56377
4550.0 5550.0 0.45720
4650.0 5550.0 0.35825
4750.0 5550.0 0.26885
4850.0 5550.0 0.18843
4950.0 5550.0 0.11394
5050.0 5550.0 0.04051
5150.0 5550.0 -0.03723
5250.0 5550.0 -0.12307
5350.0 5550.0 -0.21651
5450.0 5550.0 -0.30621
5550.0 5550.0 -0.36158
5650.0 5550.0 -0.35545
5750.0 5550.0 -0.27642
5850.0 5550.0 -0.13229
5950.0 5550.0 0.05110
6050.0 5550.0 0.23577
6150.0 5550.0 0.38206
6250.0 5550.0 0.46377
6350.0 5550.0 0.48795
50.0 5650.0 -0.17808
150.0 5650.0 -0.14579
250.0 5650.0 -0.13529
350.0 5650.0 -0.15073
450.0 5650.0 -0.17673
550.0 5650.0 -0.21361
650.0 5650.0 -0.26589
750.0 5650.0 -0.33097
850.0 5650.0 -0.40212
950.0 5650.0 -0.47110
1050.0 5650.0 -0.53044
1150.0 5650.0 -0.57524
1250.0 5650.0 -0.60463
1350.0 5650.0 -0.62285
1450.0 5650.0 -0.63386
1550.0 5650.0 -0.61910
1650.0 5650.0 -0.57073
1750.0 5650.0 -0.49791
1850.0 5650.0 -0.41821
1950.0 5650.0 -0.35060
2050.0 5650.0 -0.31019
2150.0 5650.0 -0.30458
2250.0 5650.0 -0.33197
2350.0 5650.0 -0.38093
2450.0 5650.0 -0.43013
2550.0 5650.0 -0.45005
2650.0 5650.0 -0.42371
2750.0 5650.0 -0.35057
2850.0 5650.0 -0.24346
2950.0 5650.0 -0.12426
3050.0 5650.0 -0.01847
3150.0 5650.0 0.05145
3250.0 5650.0 0.07388
3350.0 5650.0 0.05708
3450.0 5650.0 0.04081
3550.0 5650.0 0.08007
3650.0 5650.0 0.18884
3750.0 5650.0 0.34660
3850.0 5650.0 0.51631
3950.0 5650.0 0.65868
4050.0 5650.0 0.74309
4150.0 5650.0 0.75483
4250.0 5650.0 0.69881
4350.0 5650.0 0.59985
4450.0 5650.0 0.49431
4550.0 5650.0 0.40055
4650.0 5650.0 0.32269
4750.0 5650.0 0.25809
4850.0 5650.0 0.20003
4950.0 5650.0 0.14020
5050.0 5650.0 0.07083
5150.0 5650.0 -0.01331
5250.0 5650.0 -0.11326
5350.0 5650.0 -0.22439
5450.0 5650.0 -0.33527
5550.0 5650.0 -0.42341
5650.0 5650.0 -0.45831
5750.0 5650.0 -0.41733
5850.0 5650.0 -0.29660
5950.0 5650.0 -0.11478
6050.0 5650.0 0.09055
6150.0 5650.0 0.27369
6250.0 5650.0 0.39884
6350.0 5650.0 0.46553
50.0 5750.0 -0.22218
150.0 5750.0 -0.17553
250.0 5750.0 -0.15180
350.0 5750.0 -0.15859
450.0 5750.0 -0.17589
550.0 5750.0 -0.19204
650.0 5750.0 -0.20908
750.0 5750.0 -0.23066
850.0 5750.0 -0.25967
950.0 5750.0 -0.29686
1050.0 5750.0 -0.34046
1150.0 5750.0 -0.38671
1250.0 5750.0 -0.43145
1350.0 5750.0 -0.47259
1450.0 5750.0 -0.50670
1550.0 5750.0 -0.50704
1650.0 5750.0 -0.46240
1750.0 5750.0 -0.38366
1850.0 5750.0 -0.29309
1950.0 5750.0 -0.21564
2050.0 5750.0 -0.17200
2150.0 5750.0 -0.17362
2250.0 5750.0 -0.21963
2350.0 5750.0 -0.29556
2450.0 5750.0 -0.37364
2550.0 5750.0 -0.42037
2650.0 5750.0 -0.41526
2750.0 5750.0 -0.35483
2850.0 5750.0 -0.25097
2950.0 5750.0 -0.12732
3050.0 5750.0 -0.01348
3150.0 5750.0 0.06275
3250.0 5750.0 0.08530
3350.0 5750.0 0.06175
3450.0 5750.0 0.03554
3550.0 5750.0 0.05892
3650.0 5750.0 0.14470
3750.0 5750.0 0.27504
3850.0 5750.0 0.41710
3950.0 5750.0 0.53581
4050.0 5750.0 0.60345
4150.0 5750.0 0.60632
4250.0 5750.0 0.54826
4350.0 5750.0 0.45125
4450.0 5750.0 0.35073
4550.0 5750.0 0.27326
4650.0 5750.0 0.22535
4750.0 5750.0 0.19989
4850.0 5750.0 0.18256
4950.0 5750.0 0.15725
5050.0 5750.0 0.11034
5150.0 5750.0 0.03405
5250.0 5750.0 -0.07126
5350.0 5750.0 -0.19584
5450.0 5750.0 -0.32500
5550.0 5750.0 -0.44518
5650.0 5750.0 -0.52481
5750.0 5750.0 -0.53134
5850.0 5750.0 -0.44908
5950.0 5750.0 -0.28779
6050.0 5750.0 -0.08174
6150.0 5750.0 0.12061
6250.0 5750.0 0.27631
6350.0 5750.0 0.37707
50.0 5850.0 -0.22856
150.0 5850.0 -0.16480
250.0 5850.0 -0.12851
350.0 5850.0 -0.12877
450.0 5850.0 -0.14011
550.0 5850.0 -0.14051
650.0 5850.0 -0.12942
750.0 5850.0 -0.11478
850.0 5850.0 -0.10679
950.0 5850.0 -0.11353
1050.0 5850.0 -0.13845
1150.0 5850.0 -0.17975
1250.0 5850.0 -0.23158
1350.0 5850.0 -0.28706
1450.0 5850.0 -0.33645
1550.0 5850.0 -0.34798
1650.0 5850.0 -0.30882
1750.0 5850.0 -0.23079
1850.0 5850.0 -0.13867
1950.0 5850.0 -0.06043
2050.0 5850.0 -0.01955
2150.0 5850.0 -0.02933
2250.0 5850.0 -0.08920
2350.0 5850.0 -0.18310
2450.0 5850.0 -0.28051
2550.0 5850.0 -0.34786
2650.0 5850.0 -0.36360
2750.0 5850.0 -0.32197
2850.0 5850.0 -0.23287
2950.0 5850.0 -0.11912
3050.0 5850.0 -0.01103
3150.0 5850.0 0.06168
3250.0 5850.0 0.08056
3350.0 5850.0 0.05185
3450.0 5850.0 0.01869
3550.0 5850.0 0.02860
3650.0 5850.0 0.09251
3750.0 5850.0 0.19465
3850.0 5850.0 0.30637
3950.0 5850.0 0.39719
4050.0 5850.0 0.44327
4150.0 5850.0 0.43301
4250.0 5850.0 0.37009
4350.0 5850.0 0.27368
4450.0 5850.0 0.17733
4550.0 5850.0 0.11617
4650.0 5850.0 0.10019
4750.0 5850.0 0.11868
4850.0 5850.0 0.14988
4950.0 5850.0 0.16917
5050.0 5850.0 0.15567
5150.0 5850.0 0.09738
5250.0 5850.0 -0.00531
5350.0 5850.0 -0.13757
5450.0 5850.0 -0.27957
5550.0 5850.0 -0.42607
5650.0 5850.0 -0.54656
5750.0 5850.0 -0.60128
5850.0 5850.0 -0.56450
5950.0 5850.0 -0.43701
6050.0 5850.0 -0.24774
6150.0 5850.0 -0.04459
6250.0 5850.0 0.12555
6350.0 5850.0 0.24764
50.0 5950.0 -0.20131
150.0 5950.0 -0.11803
250.0 5950.0 -0.07017
350.0 5950.0 -0.06626
450.0 5950.0 -0.07479
550.0 5950.0 -0.06658
650.0 5950.0 -0.03914
750.0 5950.0 -0.00243
850.0 5950.0 0.02937
950.0 5950.0 0.04381
1050.0 5950.0 0.03392
1150.0 5950.0 -0.00032
1250.0 5950.0 -0.05273
1350.0 5950.0 -0.11386
1450.0 5950.0 -0.17000
1550.0 5950.0 -0.18766
1650.0 5950.0 -0.15384
1750.0 5950.0 -0.08067
1850.0 5950.0 0.00663
1950.0 5950.0 0.07961
2050.0 5950.0 0.11447
2150.0 5950.0 0.09781
2250.0 5950.0 0.03031
2350.0 5950.0 -0.07168
2450.0 5950.0 -0.17792
2550.0 5950.0 -0.25777
2650.0 5950.0 -0.29066
2750.0 5950.0 -0.26944
2850.0 5950.0 -0.20153
2950.0 5950.0 -0.10710
3050.0 5950.0 -0.01440
3150.0 5950.0 0.04780
3250.0 5950.0 0.06072
3350.0 5950.0 0.02892
3450.0 5950.0 -0.00768
3550.0 5950.0 -0.00654
3650.0 5950.0 0.04137
3750.0 5950.0 0.12152
3850.0 5950.0 0.20835
3950.0 5950.0 0.27524
4050.0 5950.0 0.30183
4150.0 5950.0 0.27887
4250.0 5950.0 0.21045
4350.0 5950.0 0.11367
4450.0 5950.0 0.02010
4550.0 5950.0 -0.02779
4650.0 5950.0 -0.01631
4750.0 5950.0 0.04148
4850.0 5950.0 0.11785
4950.0 5950.0 0.18078
5050.0 5950.0 0.20246
5150.0 5950.0 0.16619
5250.0 5950.0 0.07142
5350.0 5950.0 -0.06291
5450.0 5950.0 -0.21149
5550.0 5950.0 -0.37571
5650.0 5950.0 -0.52758
5750.0 5950.0 -0.62340
5850.0 5950.0 -0.63036
5950.0 5950.0 -0.54163
6050.0 5950.0 -0.38009
6150.0 5950.0 -0.19058
6250.0 5950.0 -0.02080
6350.0 5950.0 0.10932
50.0 6050.0 -0.15510
150.0 6050.0 -0.05095
250.0 6050.0 0.00771
350.0 6050.0 0.01422
450.0 6050.0 0.00632
550.0 6050.0 0.01764
650.0 6050.0 0.05184
750.0 6050.0 0.09852
850.0 6050.0 0.14205
950.0 6050.0 0.16807
1050.0 6050.0 0.16779
1150.0 6050.0 0.13987
1250.0 6050.0 0.09010
1350.0 6050.0 0.02882
1450.0 6050.0 -0.02840
1550.0 6050.0 -0.04845
1650.0 6050.0 -0.01902
1750.0 6050.0 0.04792
1850.0 6050.0 0.12781
1950.0 6050.0 0.19320
2050.0 6050.0 0.22133
2150.0 6050.0 0.19961
2250.0 6050.0 0.12906
2350.0 6050.0 0.02562
2450.0 6050.0 -0.08245
2550.0 6050.0 -0.16881
2650.0 6050.0 -0.21495
2750.0 6050.0 -0.21302
2850.0 6050.0 -0.16789
2950.0 6050.0 -0.09628
3050.0 6050.0 -0.02302
3150.0 6050.0 0.02568
3250.0 6050.0 0.03190
3350.0 6050.0 -0.00147
3450.0 6050.0 -0.03905
3550.0 6050.0 -0.04263
3650.0 6050.0 -0.00477
3750.0 6050.0 0.06058
3850.0 6050.0 0.12989
3950.0 6050.0 0.17923
4050.0 6050.0 0.19094
4150.0 6050.0 0.15780
4250.0 6050.0 0.08455
4350.0 6050.0 -0.01306
4450.0 6050.0 -0.10497
4550.0 6050.0 -0.14292
4650.0 6050.0 -0.10989
4750.0 6050.0 -0.02026
4850.0 6050.0 0.09387
4950.0 6050.0 0.19454
5050.0 6050.0 0.24808
5150.0 6050.0 0.23341
5250.0 6050.0 0.14859
5350.0 6050.0 0.01563
5450.0 6050.0 -0.13524
5550.0 6050.0 -0.31042
5650.0 6050.0 -0.48505
5750.0 6050.0 -0.61383
5850.0 6050.0 -0.65924
5950.0 6050.0 -0.60839
6050.0 6050.0 -0.47826
6150.0 6050.0 -0.30951
6250.0 6050.0 -0.14869
6350.0 6050.0 -0.01909
50.0 6150.0 -0.12264
150.0 6150.0 0.00038
250.0 6150.0 0.06892
350.0 6150.0 0.07818
450.0 6150.0 0.07133
550.0 6150.0 0.08595
650.0 6150.0 0.12700
750.0 6150.0 0.18404
850.0 6150.0 0.24034
950.0 6150.0 0.27985
1050.0 6150.0 0.29184
1150.0 6150.0 0.27333
1250.0 6150.0 0.22934
1350.0 6150.0 0.17082
1450.0 6150.0 0.11513
1550.0 6150.0 0.09412
1650.0 6150.0 0.11893
1750.0 6150.0 0.17793
1850.0 6150.0 0.24791
1950.0 6150.0 0.30330
2050.0 6150.0 0.32320
2150.0 6150.0 0.29646
2250.0 6150.0 0.22459
2350.0 6150.0 0.12268
2450.0 6150.0 0.01587
2550.0 6150.0 -0.07526
2650.0 6150.0 -0.13516
2750.0 6150.0 -0.15540
2850.0 6150.0 -0.13779
2950.0 6150.0 -0.09458
3050.0 6150.0 -0.04589
3150.0 6150.0 -0.01418
3250.0 6150.0 -0.01584
3350.0 6150.0 -0.04996
3450.0 6150.0 -0.08704
3550.0 6150.0 -0.09308
3650.0 6150.0 -0.06199
3750.0 6150.0 -0.00735
3850.0 6150.0 0.04881
3950.0 6150.0 0.08469
4050.0 6150.0 0.08490
4150.0 6150.0 0.04393
4250.0 6150.0 -0.03280
4350.0 6150.0 -0.13057
4450.0 6150.0 -0.22039
4550.0 6150.0 -0.24841
4650.0 6150.0 -0.19428
4750.0 6150.0 -0.07341
4850.0 6150.0 0.07809
4950.0 6150.0 0.21667
5050.0 6150.0 0.30288
5150.0 6150.0 0.31123
5250.0 6150.0 0.23819
5350.0 6150.0 0.10856
5450.0 6150.0 -0.04247
5550.0 6150.0 -0.22595
5650.0 6150.0 -0.42044
5750.0 6150.0 -0.57962
5850.0 6150.0 -0.66193
5950.0 6150.0 -0.64872
6050.0 6150.0 -0.55098
6150.0 6150.0 -0.40471
6250.0 6150.0 -0.25476
6350.0 6150.0 -0.12734
50.0 6250.0 -0.14138
150.0 6250.0 -0.00781
250.0 6250.0 0.06750
350.0 6250.0 0.08079
450.0 6250.0 0.07759
550.0 6250.0 0.09842
650.0 6250.0 0.15025
750.0 6250.0 0.22322
850.0 6250.0 0.29978
950.0 6250.0 0.36187
1050.0 6250.0 0.39605
1150.0 6250.0 0.39667
1250.0 6250.0 0.36702
1350.0 6250.0 0.31848
1450.0 6250.0 0.27060
1550.0 6250.0 0.25189
1650.0 6250.0 0.27096
1750.0 6250.0 0.31707
1850.0 6250.0 0.37012
1950.0 6250.0 0.40864
2050.0 6250.0 0.41581
2150.0 6250.0 0.38347
2250.0 6250.0 0.31411
2350.0 6250.0 0.22084
2450.0 6250.0 0.12268
2550.0 6250.0 0.03057
2650.0 6250.0 -0.04509
2750.0 6250.0 -0.09552
2850.0 6250.0 -0.11801
2950.0 6250.0 -0.11766
3050.0 6250.0 -0.10663
3150.0 6250.0 -0.10064
3250.0 6250.0 -0.11294
3350.0 6250.0 -0.14554
3450.0 6250.0 -0.17827
3550.0 6250.0 -0.18142
3650.0 6250.0 -0.14976
3750.0 6250.0 -0.09697
3850.0 6250.0 -0.04448
3950.0 6250.0 -0.01299
4050.0 6250.0 -0.01660
4150.0 6250.0 -0.05963
4250.0 6250.0 -0.13603
4350.0 6250.0 -0.23149
4450.0 6250.0 -0.31725
4550.0 6250.0 -0.33436
4650.0 6250.0 -0.25917
4750.0 6250.0 -0.10751
4850.0 6250.0 0.08129
4950.0 6250.0 0.25872
5050.0 6250.0 0.37993
5150.0 6250.0 0.41495
5250.0 6250.0 0.35828
5350.0 6250.0 0.23698
5450.0 6250.0 0.09111
5550.0 6250.0 -0.09449
5650.0 6250.0 -0.30224
5750.0 6250.0 -0.48597
5850.0 6250.0 -0.60109
5950.0 6250.0 -0.62371
6050.0 6250.0 -0.55867
6150.0 6250.0 -0.43647
6250.0 6250.0 -0.29921
6350.0 6250.0 -0.17536
50.0 6350.0 -0.21192
150.0 6350.0 -0.07942
250.0 6350.0 -0.00186
350.0 6350.0 0.01692
450.0 6350.0 0.02037
550.0 6350.0 0.04942
650.0 6350.0 0.11314
750.0 6350.0 0.20319
850.0 6350.0 0.30227
950.0 6350.0 0.39105
1050.0 6350.0 0.45357
1150.0 6350.0 0.48105
1250.0 6350.0 0.47424
1350.0 6350.0 0.44420
1450.0 6350.0 0.41203
1550.0 6350.0 0.40010
1650.0 6350.0 0.41303
1750.0 6350.0 0.44161
1850.0 6350.0 0.47077
1950.0 6350.0 0.48571
2050.0 6350.0 0.47613
2150.0 6350.0 0.43861
2250.0 6350.0 0.37708
2350.0 6350.0 0.30145
2450.0 6350.0 0.22144
2550.0 6350.0 0.13510
2650.0 6350.0 0.04570
2750.0 6350.0 -0.03816
2850.0 6350.0 -0.10829
2950.0 6350.0 -0.16057
3050.0 6350.0 -0.19641
3150.0 6350.0 -0.22213
3250.0 6350.0 -0.24610
3350.0 6350.0 -0.27387
3450.0 6350.0 -0.29750
3550.0 6350.0 -0.29154
3650.0 6350.0 -0.25119
3750.0 6350.0 -0.19071
3850.0 6350.0 -0.13186
3950.0 6350.0 -0.09532
4050.0 6350.0 -0.09475
4150.0 6350.0 -0.13376
4250.0 6350.0 -0.20560
4350.0 6350.0 -0.29575
4450.0 6350.0 -0.37533
4550.0 6350.0 -0.38248
4650.0 6350.0 -0.29104
4750.0 6350.0 -0.11624
4850.0 6350.0 0.10129
4950.0 6350.0 0.31026
5050.0 6350.0 0.46215
5150.0 6350.0 0.52343
5250.0 6350.0 0.48651
5350.0 6350.0 0.37938
5450.0 6350.0 0.24554
5550.0 6350.0 0.06695
5650.0 6350.0 -0.14282
5750.0 6350.0 -0.33934
5850.0 6350.0 -0.47692
5950.0 6350.0 -0.52788
6050.0 6350.0 -0.49145
6150.0 6350.0 -0.39228
6250.0 6350.0 -0.26855
6350.0 6350.0 -0.14975
