50.0 50.0 -0.37540
150.0 50.0 0.05797
250.0 50.0 0.49685
350.0 50.0 0.59897
450.0 50.0 0.34900
550.0 50.0 -0.05854
650.0 50.0 -0.34034
750.0 50.0 -0.27966
850.0 50.0 0.08438
950.0 50.0 0.36536
1050.0 50.0 0.30689
1150.0 50.0 -0.02075
1250.0 50.0 -0.37937
1350.0 50.0 -0.51735
1450.0 50.0 -0.30581
1550.0 50.0 0.15098
1650.0 50.0 0.83652
1750.0 50.0 1.71426
1850.0 50.0 2.29487
1950.0 50.0 2.20433
2050.0 50.0 1.48626
2150.0 50.0 0.53189
2250.0 50.0 -0.34870
2350.0 50.0 -1.02876
2450.0 50.0 -1.22536
2550.0 50.0 -0.89679
2650.0 50.0 -0.29178
2750.0 50.0 0.17080
2850.0 50.0 0.16206
2950.0 50.0 -0.17899
3050.0 50.0 -0.42210
3150.0 50.0 -0.42909
3250.0 50.0 -0.22863
3350.0 50.0 0.03436
3450.0 50.0 0.17523
3550.0 50.0 0.08488
3650.0 50.0 -0.13271
3750.0 50.0 -0.30028
3850.0 50.0 -0.34416
3950.0 50.0 -0.25510
4050.0 50.0 -0.09804
4150.0 50.0 0.01869
4250.0 50.0 0.01829
4350.0 50.0 -0.03859
4450.0 50.0 -0.03559
4550.0 50.0 0.03475
4650.0 50.0 0.12097
4750.0 50.0 0.16334
4850.0 50.0 0.12792
4950.0 50.0 0.02446
5050.0 50.0 -0.07400
5150.0 50.0 -0.01922
5250.0 50.0 0.17335
5350.0 50.0 0.36704
5450.0 50.0 0.42789
5550.0 50.0 0.29973
5650.0 50.0 0.02996
5750.0 50.0 -0.20316
5850.0 50.0 -0.10644
5950.0 50.0 0.27212
6050.0 50.0 0.66035
6150.0 50.0 0.78877
6250.0 50.0 0.53707
6350.0 50.0 0.00000
50.0 150.0 -1.02468
150.0 150.0 -0.62541
250.0 150.0 -0.22175
350.0 150.0 -0.16228
450.0 150.0 -0.44920
550.0 150.0 -0.87515
650.0 150.0 -1.15547
750.0 150.0 -1.08365
850.0 150.0 -0.70949
950.0 150.0 -0.38270
1050.0 150.0 -0.29871
1150.0 150.0 -0.40706
1250.0 150.0 -0.53723
1350.0 150.0 -0.50934
1450.0 150.0 -0.23143
1550.0 150.0 0.22266
1650.0 150.0 0.87339
1750.0 150.0 1.66806
1850.0 150.0 2.14257
1950.0 150.0 1.96391
2050.0 150.0 1.20508
2150.0 150.0 0.26023
2250.0 150.0 -0.58653
2350.0 150.0 -1.25644
2450.0 150.0 -1.50335
2550.0 150.0 -1.28475
2650.0 150.0 -0.81527
2750.0 150.0 -0.46397
2850.0 150.0 -0.52460
2950.0 150.0 -0.87287
3050.0 150.0 -1.03652
3150.0 150.0 -0.81904
3250.0 150.0 -0.29846
3350.0 150.0 0.27632
3450.0 150.0 0.62121
3550.0 150.0 0.59039
3650.0 150.0 0.35670
3750.0 150.0 0.11759
3850.0 150.0 -0.07471
3950.0 150.0 -0.17496
4050.0 150.0 -0.18913
4150.0 150.0 -0.17692
4250.0 150.0 -0.20540
4350.0 150.0 -0.25797
4450.0 150.0 -0.23915
4550.0 150.0 -0.14169
4650.0 150.0 -0.02715
4750.0 150.0 0.03409
4850.0 150.0 0.00305
4950.0 150.0 -0.10761
5050.0 150.0 -0.21465
5150.0 150.0 -0.15276
5250.0 150.0 0.07387
5350.0 150.0 0.32521
5450.0 150.0 0.45057
5550.0 150.0 0.37232
5650.0 150.0 0.12778
5750.0 150.0 -0.08772
5850.0 150.0 0.03378
5950.0 150.0 0.44907
6050.0 150.0 0.88445
6150.0 150.0 1.06294
6250.0 150.0 0.85471
6350.0 150.0 0.35060
50.0 250.0 -1.07799
150.0 250.0 -0.82555
250.0 250.0 -0.60281
350.0 250.0 -0.75645
450.0 250.0 -1.22083
550.0 250.0 -1.72617
650.0 250.0 -1.98593
750.0 250.0 -1.85005
850.0 250.0 -1.42353
950.0 250.0 -1.00528
1050.0 250.0 -0.72676
1150.0 250.0 -0.58329
1250.0 250.0 -0.49099
1350.0 250.0 -0.33680
1450.0 250.0 -0.04159
1550.0 250.0 0.36816
1650.0 250.0 0.91403
1750.0 250.0 1.52546
1850.0 250.0 1.83350
1950.0 250.0 1.60111
2050.0 250.0 0.92657
2150.0 250.0 0.15266
2250.0 250.0 -0.50656
2350.0 250.0 -1.02253
2450.0 250.0 -1.23487
2550.0 250.0 -1.14975
2650.0 250.0 -0.93977
2750.0 250.0 -0.85406
2850.0 250.0 -1.06697
2950.0 250.0 -1.46555
3050.0 250.0 -1.58220
3150.0 250.0 -1.16501
3250.0 250.0 -0.35040
3350.0 250.0 0.50014
3450.0 250.0 1.00070
3550.0 250.0 0.97288
3650.0 250.0 0.66747
3750.0 250.0 0.34446
3850.0 250.0 0.07609
3950.0 250.0 -0.06314
4050.0 250.0 -0.07049
4150.0 250.0 -0.02539
4250.0 250.0 -0.02591
4350.0 250.0 -0.06231
4450.0 250.0 -0.05133
4550.0 250.0 -0.01353
4650.0 250.0 -0.01384
4750.0 250.0 -0.09488
4850.0 250.0 -0.25014
4950.0 250.0 -0.43713
5050.0 250.0 -0.60424
5150.0 250.0 -0.62517
5250.0 250.0 -0.46980
5350.0 250.0 -0.23101
5450.0 250.0 -0.04704
5550.0 250.0 -0.02651
5650.0 250.0 -0.17663
5750.0 250.0 -0.31495
5850.0 250.0 -0.15474
5950.0 250.0 0.27687
6050.0 250.0 0.74585
6150.0 250.0 1.00364
6250.0 250.0 0.92198
6350.0 250.0 0.56996
50.0 350.0 -0.47967
150.0 350.0 -0.49317
250.0 350.0 -0.59088
350.0 350.0 -1.09255
450.0 350.0 -1.81102
550.0 350.0 -2.38300
650.0 350.0 -2.54338
750.0 350.0 -2.26103
850.0 350.0 -1.73564
950.0 350.0 -1.19554
1050.0 350.0 -0.72950
1150.0 350.0 -0.39885
1250.0 350.0 -0.19640
1350.0 350.0 -0.03727
1450.0 350.0 0.18911
1550.0 350.0 0.50864
1650.0 350.0 0.88101
1750.0 350.0 1.21618
1850.0 350.0 1.31034
1950.0 350.0 1.07405
2050.0 350.0 0.62214
2150.0 350.0 0.18820
2250.0 350.0 -0.12595
2350.0 350.0 -0.32536
2450.0 350.0 -0.36980
2550.0 350.0 -0.37282
2650.0 350.0 -0.47832
2750.0 350.0 -0.76603
2850.0 350.0 -1.21504
2950.0 350.0 -1.70835
3050.0 350.0 -1.83851
3150.0 350.0 -1.31934
3250.0 350.0 -0.33999
3350.0 350.0 0.64882
3450.0 350.0 1.18792
3550.0 350.0 1.08249
3650.0 350.0 0.64815
3750.0 350.0 0.23101
3850.0 350.0 -0.03394
3950.0 350.0 -0.05105
4050.0 350.0 0.13732
4150.0 350.0 0.36016
4250.0 350.0 0.44618
4350.0 350.0 0.44067
4450.0 350.0 0.44608
4550.0 350.0 0.39456
4650.0 350.0 0.21025
4750.0 350.0 -0.10688
4850.0 350.0 -0.47436
4950.0 350.0 -0.79673
5050.0 350.0 -1.07639
5150.0 350.0 -1.27222
5250.0 350.0 -1.29631
5350.0 350.0 -1.14269
5450.0 350.0 -0.90705
5550.0 350.0 -0.73848
5650.0 350.0 -0.72373
5750.0 350.0 -0.72881
5850.0 350.0 -0.54478
5950.0 350.0 -0.17402
6050.0 350.0 0.24641
6150.0 350.0 0.55484
6250.0 350.0 0.65240
6350.0 350.0 0.56775
50.0 450.0 0.42051
150.0 450.0 0.09103
250.0 450.0 -0.36746
350.0 450.0 -1.21635
450.0 450.0 -2.12972
550.0 450.0 -2.66476
650.0 450.0 -2.61798
750.0 450.0 -2.12079
850.0 450.0 -1.47459
950.0 450.0 -0.82255
1050.0 450.0 -0.25090
1150.0 450.0 0.11378
1250.0 450.0 0.24422
1350.0 450.0 0.25602
1450.0 450.0 0.33374
1550.0 450.0 0.54137
1650.0 450.0 0.71822
1750.0 450.0 0.75435
1850.0 450.0 0.63548
1950.0 450.0 0.43348
2050.0 450.0 0.27025
2150.0 450.0 0.24539
2250.0 450.0 0.33629
2350.0 450.0 0.53542
2450.0 450.0 0.77056
2550.0 450.0 0.78778
2650.0 450.0 0.43867
2750.0 450.0 -0.19756
2850.0 450.0 -0.88954
2950.0 450.0 -1.49484
3050.0 450.0 -1.69734
3150.0 450.0 -1.20833
3250.0 450.0 -0.24804
3350.0 450.0 0.69464
3450.0 450.0 1.13902
3550.0 450.0 0.89553
3650.0 450.0 0.31018
3750.0 450.0 -0.20178
3850.0 450.0 -0.42599
3950.0 450.0 -0.25045
4050.0 450.0 0.21410
4150.0 450.0 0.67511
4250.0 450.0 0.87149
4350.0 450.0 0.90586
4450.0 450.0 0.94136
4550.0 450.0 0.86701
4650.0 450.0 0.57416
4750.0 450.0 0.07880
4850.0 450.0 -0.47696
4950.0 450.0 -0.94175
5050.0 450.0 -1.35356
5150.0 450.0 -1.75928
5250.0 450.0 -2.00439
5350.0 450.0 -1.96448
5450.0 450.0 -1.68100
5550.0 450.0 -1.34665
5650.0 450.0 -1.14087
5750.0 450.0 -0.99782
5850.0 450.0 -0.83392
5950.0 450.0 -0.62726
6050.0 450.0 -0.37623
6150.0 450.0 -0.10500
6250.0 450.0 0.14919
6350.0 450.0 0.36690
50.0 550.0 1.10618
150.0 550.0 0.50698
250.0 550.0 -0.23279
350.0 550.0 -1.29719
450.0 550.0 -2.24963
550.0 550.0 -2.61721
650.0 550.0 -2.29091
750.0 550.0 -1.56438
850.0 550.0 -0.81213
950.0 550.0 -0.09127
1050.0 550.0 0.47982
1150.0 550.0 0.72986
1250.0 550.0 0.64580
1350.0 550.0 0.41773
1450.0 550.0 0.32009
1550.0 550.0 0.43032
1650.0 550.0 0.44777
1750.0 550.0 0.24347
1850.0 550.0 -0.04133
1950.0 550.0 -0.20464
2050.0 550.0 -0.12200
2150.0 550.0 0.19388
2250.0 550.0 0.62010
2350.0 550.0 1.17339
2450.0 550.0 1.71301
2550.0 550.0 1.85606
2650.0 550.0 1.41669
2750.0 550.0 0.57071
2850.0 550.0 -0.29260
2950.0 550.0 -0.99068
3050.0 550.0 -1.28806
3150.0 550.0 -0.91690
3250.0 550.0 -0.10401
3350.0 550.0 0.67134
3450.0 550.0 0.95058
3550.0 550.0 0.56369
3650.0 550.0 -0.14773
3750.0 550.0 -0.74555
3850.0 550.0 -0.95452
3950.0 550.0 -0.64497
4050.0 550.0 0.02380
4150.0 550.0 0.66616
4250.0 550.0 0.94901
4350.0 550.0 1.02139
4450.0 550.0 1.13398
4550.0 550.0 1.15720
4650.0 550.0 0.92686
4750.0 550.0 0.42389
4850.0 550.0 -0.20195
4950.0 550.0 -0.76168
5050.0 550.0 -1.28189
5150.0 550.0 -1.85658
5250.0 550.0 -2.27529
5350.0 550.0 -2.31817
5450.0 550.0 -1.98539
5550.0 550.0 -1.50854
5650.0 550.0 -1.14379
5750.0 550.0 -0.88638
5850.0 550.0 -0.78882
5950.0 550.0 -0.81395
6050.0 550.0 -0.81947
6150.0 550.0 -0.67881
6250.0 550.0 -0.35014
6350.0 550.0 0.10655
50.0 650.0 1.17295
150.0 650.0 0.42197
250.0 650.0 -0.44353
350.0 650.0 -1.53545
450.0 650.0 -2.36462
550.0 650.0 -2.48448
650.0 650.0 -1.88612
750.0 650.0 -0.97994
850.0 650.0 -0.16545
950.0 650.0 0.57266
1050.0 650.0 1.07546
1150.0 650.0 1.15574
1250.0 650.0 0.84079
1350.0 650.0 0.39729
1450.0 650.0 0.16832
1550.0 650.0 0.22432
1650.0 650.0 0.15682
1750.0 650.0 -0.18035
1850.0 650.0 -0.56445
1950.0 650.0 -0.72216
2050.0 650.0 -0.52318
2150.0 650.0 -0.03579
2250.0 650.0 0.56387
2350.0 650.0 1.32316
2450.0 650.0 2.08778
2550.0 650.0 2.39623
2650.0 650.0 2.01229
2750.0 650.0 1.12978
2850.0 650.0 0.20496
2950.0 650.0 -0.54057
3050.0 650.0 -0.90448
3150.0 650.0 -0.64052
3250.0 650.0 0.03058
3350.0 650.0 0.65508
3450.0 650.0 0.80568
3550.0 650.0 0.33009
3650.0 650.0 -0.44887
3750.0 650.0 -1.11901
3850.0 650.0 -1.38779
3950.0 650.0 -1.10105
4050.0 650.0 -0.41419
4150.0 650.0 0.26566
4250.0 650.0 0.57621
4350.0 650.0 0.67465
4450.0 650.0 0.89491
4550.0 650.0 1.11973
4650.0 650.0 1.11923
4750.0 650.0 0.79357
4850.0 650.0 0.24242
4950.0 650.0 -0.33692
5050.0 650.0 -0.91124
5150.0 650.0 -1.56017
5250.0 650.0 -2.04164
5350.0 650.0 -2.09352
5450.0 650.0 -1.70542
5550.0 650.0 -1.13769
5650.0 650.0 -0.68696
5750.0 650.0 -0.37896
5850.0 650.0 -0.36863
5950.0 650.0 -0.61607
6050.0 650.0 -0.87843
6150.0 650.0 -0.91161
6250.0 650.0 -0.60291
6350.0 650.0 -0.03415
50.0 750.0 0.64651
150.0 750.0 -0.14680
250.0 750.0 -1.00632
350.0 750.0 -1.99076
450.0 750.0 -2.60869
550.0 750.0 -2.47367
650.0 750.0 -1.66131
750.0 750.0 -0.64473
850.0 750.0 0.18974
950.0 750.0 0.91281
1050.0 750.0 1.33862
1150.0 750.0 1.28433
1250.0 750.0 0.81577
1350.0 750.0 0.24886
1450.0 750.0 -0.04071
1550.0 750.0 0.00270
1650.0 750.0 -0.08542
1750.0 750.0 -0.46694
1850.0 750.0 -0.90278
1950.0 750.0 -1.09737
2050.0 750.0 -0.90757
2150.0 750.0 -0.40430
2250.0 750.0 0.22296
2350.0 750.0 1.04149
2450.0 750.0 1.91933
2550.0 750.0 2.36869
2650.0 750.0 2.10997
2750.0 750.0 1.30352
2850.0 750.0 0.39966
2950.0 750.0 -0.35223
3050.0 750.0 -0.73346
3150.0 750.0 -0.50447
3250.0 750.0 0.11865
3350.0 750.0 0.69419
3450.0 750.0 0.80754
3550.0 750.0 0.31216
3650.0 750.0 -0.48139
3750.0 750.0 -1.21376
3850.0 750.0 -1.61460
3950.0 750.0 -1.49809
4050.0 750.0 -0.96647
4150.0 750.0 -0.38225
4250.0 750.0 -0.09798
4350.0 750.0 0.01354
4450.0 750.0 0.34605
4550.0 750.0 0.81491
4650.0 750.0 1.12788
4750.0 750.0 1.08443
4850.0 750.0 0.70055
4950.0 750.0 0.15931
5050.0 750.0 -0.42043
5150.0 750.0 -1.05828
5250.0 750.0 -1.50242
5350.0 750.0 -1.49628
5450.0 750.0 -1.04674
5550.0 750.0 -0.43404
5650.0 750.0 0.03731
5750.0 750.0 0.34271
5850.0 750.0 0.27227
5950.0 750.0 -0.14016
6050.0 750.0 -0.60044
6150.0 750.0 -0.79566
6250.0 750.0 -0.56386
6350.0 750.0 0.00849
50.0 850.0 -0.09598
150.0 850.0 -0.86068
250.0 850.0 -1.64077
350.0 850.0 -2.45575
450.0 850.0 -2.84081
550.0 850.0 -2.48098
650.0 850.0 -1.51644
750.0 850.0 -0.44403
850.0 850.0 0.38314
950.0 850.0 1.08556
1050.0 850.0 1.47339
1150.0 850.0 1.36185
1250.0 850.0 0.82574
1350.0 850.0 0.19597
1450.0 850.0 -0.13925
1550.0 850.0 -0.12656
1650.0 850.0 -0.25382
1750.0 850.0 -0.69215
1850.0 850.0 -1.18937
1950.0 850.0 -1.43281
2050.0 850.0 -1.27016
2150.0 850.0 -0.77529
2250.0 850.0 -0.14847
2350.0 850.0 0.68714
2450.0 850.0 1.62745
2550.0 850.0 2.18980
2650.0 850.0 2.07181
2750.0 850.0 1.39399
2850.0 850.0 0.57459
2950.0 850.0 -0.12604
3050.0 850.0 -0.47975
3150.0 850.0 -0.26778
3250.0 850.0 0.29871
3350.0 850.0 0.80512
3450.0 850.0 0.87191
3550.0 850.0 0.37356
3650.0 850.0 -0.40280
3750.0 850.0 -1.17731
3850.0 850.0 -1.71880
3950.0 850.0 -1.81262
4050.0 850.0 -1.49315
4150.0 850.0 -1.05286
4250.0 850.0 -0.81610
4350.0 850.0 -0.69880
4450.0 850.0 -0.26503
4550.0 850.0 0.44624
4650.0 850.0 1.09624
4750.0 850.0 1.38520
4850.0 850.0 1.23038
4950.0 850.0 0.78195
5050.0 850.0 0.24519
5150.0 850.0 -0.34376
5250.0 850.0 -0.74866
5350.0 850.0 -0.73122
5450.0 850.0 -0.30019
5550.0 850.0 0.28065
5650.0 850.0 0.72648
5750.0 850.0 1.00586
5850.0 850.0 0.88007
5950.0 850.0 0.37814
6050.0 850.0 -0.18842
6150.0 850.0 -0.48015
6250.0 850.0 -0.31362
6350.0 850.0 0.22555
50.0 950.0 -0.99908
150.0 950.0 -1.56070
250.0 950.0 -2.09986
350.0 950.0 -2.63433
450.0 950.0 -2.79096
550.0 950.0 -2.33673
650.0 950.0 -1.41115
750.0 950.0 -0.43247
850.0 950.0 0.32090
950.0 950.0 0.99728
1050.0 950.0 1.45853
1150.0 950.0 1.48639
1250.0 950.0 1.07830
1350.0 950.0 0.49649
1450.0 950.0 0.10529
1550.0 950.0 -0.00219
1650.0 950.0 -0.26648
1750.0 950.0 -0.84093
1850.0 950.0 -1.43231
1950.0 950.0 -1.70622
2050.0 950.0 -1.52806
2150.0 950.0 -1.01475
2250.0 950.0 -0.38948
2350.0 950.0 0.40937
2450.0 950.0 1.29749
2550.0 950.0 1.87257
2650.0 950.0 1.88149
2750.0 950.0 1.42306
2850.0 950.0 0.84467
2950.0 950.0 0.36355
3050.0 950.0 0.15446
3150.0 950.0 0.35515
3250.0 950.0 0.76317
3350.0 950.0 1.05473
3450.0 950.0 0.97671
3550.0 950.0 0.48539
3650.0 950.0 -0.19897
3750.0 950.0 -0.93889
3850.0 950.0 -1.56712
3950.0 950.0 -1.86285
4050.0 950.0 -1.78999
4150.0 950.0 -1.54155
4250.0 950.0 -1.38042
4350.0 950.0 -1.27627
4450.0 950.0 -0.80747
4550.0 950.0 0.05526
4650.0 950.0 0.99245
4750.0 950.0 1.64687
4850.0 950.0 1.82831
4950.0 950.0 1.60974
5050.0 950.0 1.25039
5150.0 950.0 0.79818
5250.0 950.0 0.40456
5350.0 950.0 0.26955
5450.0 950.0 0.44054
5550.0 950.0 0.77787
5650.0 950.0 1.08820
5750.0 950.0 1.29405
5850.0 950.0 1.18037
5950.0 950.0 0.77986
6050.0 950.0 0.34564
6150.0 950.0 0.14261
6250.0 950.0 0.30379
6350.0 950.0 0.75162
50.0 1050.0 -1.71729
150.0 1050.0 -1.90221
250.0 1050.0 -2.05921
350.0 1050.0 -2.25257
450.0 1050.0 -2.25937
550.0 1050.0 -1.91666
650.0 1050.0 -1.27549
750.0 1050.0 -0.56248
850.0 1050.0 0.05079
950.0 1050.0 0.69125
1050.0 1050.0 1.31242
1150.0 1050.0 1.63479
1250.0 1050.0 1.50632
1350.0 1050.0 1.05217
1450.0 1050.0 0.58454
1550.0 1050.0 0.27223
1650.0 1050.0 -0.21110
1750.0 1050.0 -0.96420
1850.0 1050.0 -1.63124
1950.0 1050.0 -1.86672
2050.0 1050.0 -1.59518
2150.0 1050.0 -1.02275
2250.0 1050.0 -0.39952
2350.0 1050.0 0.29461
2450.0 1050.0 0.97183
2550.0 1050.0 1.38988
2650.0 1050.0 1.43579
2750.0 1050.0 1.22764
2850.0 1050.0 1.01663
2950.0 1050.0 0.91209
3050.0 1050.0 0.96524
3150.0 1050.0 1.18105
3250.0 1050.0 1.36495
3350.0 1050.0 1.33434
3450.0 1050.0 1.03913
3550.0 1050.0 0.57088
3650.0 1050.0 0.05079
3750.0 1050.0 -0.55544
3850.0 1050.0 -1.15414
3950.0 1050.0 -1.55454
4050.0 1050.0 -1.67574
4150.0 1050.0 -1.60958
4250.0 1050.0 -1.53400
4350.0 1050.0 -1.46665
4450.0 1050.0 -1.08750
4550.0 1050.0 -0.29802
4650.0 1050.0 0.69744
4750.0 1050.0 1.58111
4850.0 1050.0 2.09701
4950.0 1050.0 2.20962
5050.0 1050.0 2.15691
5150.0 1050.0 1.95073
5250.0 1050.0 1.59812
5350.0 1050.0 1.22753
5450.0 1050.0 0.97448
5550.0 1050.0 0.90619
5650.0 1050.0 0.98622
5750.0 1050.0 1.07211
5850.0 1050.0 1.02181
5950.0 1050.0 0.87840
6050.0 1050.0 0.77196
6150.0 1050.0 0.80716
6250.0 1050.0 1.00595
6350.0 1050.0 1.30538
50.0 1150.0 -1.93249
150.0 1150.0 -1.67407
250.0 1150.0 -1.41904
350.0 1150.0 -1.31054
450.0 1150.0 -1.29068
550.0 1150.0 -1.23401
650.0 1150.0 -1.04074
750.0 1150.0 -0.68843
850.0 1150.0 -0.24087
950.0 1150.0 0.35425
1050.0 1150.0 1.13799
1150.0 1150.0 1.76364
1250.0 1150.0 1.91911
1350.0 1150.0 1.58490
1450.0 1150.0 1.02030
1550.0 1150.0 0.47605
1650.0 1150.0 -0.23851
1750.0 1150.0 -1.14101
1850.0 1150.0 -1.81255
1950.0 1150.0 -1.91969
2050.0 1150.0 -1.48051
2150.0 1150.0 -0.81580
2250.0 1150.0 -0.19403
2350.0 1150.0 0.35121
2450.0 1150.0 0.70072
2550.0 1150.0 0.80882
2650.0 1150.0 0.76167
2750.0 1150.0 0.74123
2850.0 1150.0 0.90929
2950.0 1150.0 1.22866
3050.0 1150.0 1.59067
3150.0 1150.0 1.85764
3250.0 1150.0 1.83693
3350.0 1150.0 1.49017
3450.0 1150.0 0.98176
3550.0 1150.0 0.55036
3650.0 1150.0 0.21958
3750.0 1150.0 -0.18637
3850.0 1150.0 -0.63243
3950.0 1150.0 -0.98877
4050.0 1150.0 -1.17508
4150.0 1150.0 -1.21574
4250.0 1150.0 -1.20686
4350.0 1150.0 -1.19145
4450.0 1150.0 -1.02349
4550.0 1150.0 -0.56177
4650.0 1150.0 0.17931
4750.0 1150.0 1.02805
4850.0 1150.0 1.74179
4950.0 1150.0 2.18056
5050.0 1150.0 2.47845
5150.0 1150.0 2.58770
5250.0 1150.0 2.35962
5350.0 1150.0 1.82155
5450.0 1150.0 1.17713
5550.0 1150.0 0.70167
5650.0 1150.0 0.53335
5750.0 1150.0 0.48256
5850.0 1150.0 0.49540
5950.0 1150.0 0.62592
6050.0 1150.0 0.86976
6150.0 1150.0 1.15699
6250.0 1150.0 1.38899
6350.0 1150.0 1.51920
50.0 1250.0 -1.63671
150.0 1250.0 -1.01193
250.0 1250.0 -0.44100
350.0 1250.0 -0.14336
450.0 1250.0 -0.18962
550.0 1250.0 -0.45867
650.0 1250.0 -0.69947
750.0 1250.0 -0.67136
850.0 1250.0 -0.36035
950.0 1250.0 0.18608
1050.0 1250.0 1.05210
1150.0 1250.0 1.84247
1250.0 1250.0 2.14066
1350.0 1250.0 1.83846
1450.0 1250.0 1.16847
1550.0 1250.0 0.43729
1650.0 1250.0 -0.44563
1750.0 1250.0 -1.41609
1850.0 1250.0 -2.01238
1950.0 1250.0 -1.93468
2050.0 1250.0 -1.30149
2150.0 1250.0 -0.53847
2250.0 1250.0 0.08311
2350.0 1250.0 0.48481
2450.0 1250.0 0.50030
2550.0 1250.0 0.25331
2650.0 1250.0 0.02193
2750.0 1250.0 0.07329
2850.0 1250.0 0.51381
2950.0 1250.0 1.16959
3050.0 1250.0 1.79024
3150.0 1250.0 2.13224
3250.0 1250.0 1.99742
3350.0 1250.0 1.44694
3450.0 1250.0 0.80109
3550.0 1250.0 0.40987
3650.0 1250.0 0.23263
3750.0 1250.0 0.02216
3850.0 1250.0 -0.21511
3950.0 1250.0 -0.41765
4050.0 1250.0 -0.54302
4150.0 1250.0 -0.59624
4250.0 1250.0 -0.61854
4350.0 1250.0 -0.65292
4450.0 1250.0 -0.74191
4550.0 1250.0 -0.73919
4650.0 1250.0 -0.45947
4750.0 1250.0 0.12390
4850.0 1250.0 0.84968
4950.0 1250.0 1.50936
5050.0 1250.0 2.09275
5150.0 1250.0 2.50659
5250.0 1250.0 2.48885
5350.0 1250.0 1.95747
5450.0 1250.0 1.12574
5550.0 1250.0 0.39839
5650.0 1250.0 0.04896
5750.0 1250.0 -0.11644
5850.0 1250.0 -0.09052
5950.0 1250.0 0.18591
6050.0 1250.0 0.62113
6150.0 1250.0 1.03421
6250.0 1250.0 1.25172
6350.0 1250.0 1.23944
50.0 1350.0 -1.12089
150.0 1350.0 -0.30898
250.0 1350.0 0.40884
350.0 1350.0 0.77358
450.0 1350.0 0.65390
550.0 1350.0 0.18093
650.0 1350.0 -0.30641
750.0 1350.0 -0.45255
850.0 1350.0 -0.20980
950.0 1350.0 0.29277
1050.0 1350.0 1.12274
1150.0 1350.0 1.86934
1250.0 1350.0 2.10247
1350.0 1350.0 1.71356
1450.0 1350.0 0.94720
1550.0 1350.0 0.12166
1650.0 1350.0 -0.82662
1750.0 1350.0 -1.77776
1850.0 1350.0 -2.25695
1950.0 1350.0 -2.00519
2050.0 1350.0 -1.21618
2150.0 1350.0 -0.38019
2250.0 1350.0 0.24244
2350.0 1350.0 0.55359
2450.0 1350.0 0.34574
2550.0 1350.0 -0.16454
2650.0 1350.0 -0.57813
2750.0 1350.0 -0.55766
2850.0 1350.0 -0.01021
2950.0 1350.0 0.80748
3050.0 1350.0 1.56671
3150.0 1350.0 1.98113
3250.0 1350.0 1.84250
3350.0 1350.0 1.24402
3450.0 1350.0 0.56569
3550.0 1350.0 0.20535
3650.0 1350.0 0.10447
3750.0 1350.0 0.01430
3850.0 1350.0 -0.05956
3950.0 1350.0 -0.10275
4050.0 1350.0 -0.11795
4150.0 1350.0 -0.12535
4250.0 1350.0 -0.14704
4350.0 1350.0 -0.21256
4450.0 1350.0 -0.49985
4550.0 1350.0 -0.88412
4650.0 1350.0 -1.04321
4750.0 1350.0 -0.78614
4850.0 1350.0 -0.17577
4950.0 1350.0 0.55844
5050.0 1350.0 1.28852
5150.0 1350.0 1.92023
5250.0 1350.0 2.15071
5350.0 1350.0 1.80698
5450.0 1350.0 1.04824
5550.0 1350.0 0.29412
5650.0 1350.0 -0.12110
5750.0 1350.0 -0.35215
5850.0 1350.0 -0.38498
5950.0 1350.0 -0.16424
6050.0 1350.0 0.21057
6150.0 1350.0 0.55367
6250.0 1350.0 0.69246
6350.0 1350.0 0.59759
50.0 1450.0 -0.67213
150.0 1450.0 0.17352
250.0 1450.0 0.90799
350.0 1450.0 1.27229
450.0 1450.0 1.12781
550.0 1450.0 0.61146
650.0 1450.0 0.07889
750.0 1450.0 -0.09612
850.0 1450.0 0.13685
950.0 1450.0 0.60290
1050.0 1450.0 1.31332
1150.0 1450.0 1.86753
1250.0 1450.0 1.88955
1350.0 1450.0 1.33513
1450.0 1450.0 0.48791
1550.0 1450.0 -0.35564
1650.0 1450.0 -1.29221
1750.0 1450.0 -2.17611
1850.0 1450.0 -2.54032
1950.0 1450.0 -2.16146
2050.0 1450.0 -1.27580
2150.0 1450.0 -0.39899
2250.0 1450.0 0.22528
2350.0 1450.0 0.50198
2450.0 1450.0 0.19866
2550.0 1450.0 -0.44438
2650.0 1450.0 -0.98198
2750.0 1450.0 -1.03635
2850.0 1450.0 -0.50194
2950.0 1450.0 0.33588
3050.0 1450.0 1.13009
3150.0 1450.0 1.59967
3250.0 1450.0 1.52566
3350.0 1450.0 0.98497
3450.0 1450.0 0.34546
3550.0 1450.0 0.00353
3650.0 1450.0 -0.08555
3750.0 1450.0 -0.13671
3850.0 1450.0 -0.13235
3950.0 1450.0 -0.07705
4050.0 1450.0 -0.00388
4150.0 1450.0 0.04244
4250.0 1450.0 0.03542
4350.0 1450.0 -0.04157
4450.0 1450.0 -0.43355
4550.0 1450.0 -1.04442
4650.0 1450.0 -1.49119
4750.0 1450.0 -1.48845
4850.0 1450.0 -1.02305
4950.0 1450.0 -0.31400
5050.0 1450.0 0.44716
5150.0 1450.0 1.20646
5250.0 1450.0 1.67556
5350.0 1450.0 1.61610
5450.0 1450.0 1.09741
5550.0 1450.0 0.47379
5650.0 1450.0 0.08072
5750.0 1450.0 -0.17478
5850.0 1450.0 -0.31620
5950.0 1450.0 -0.29846
6050.0 1450.0 -0.16876
6150.0 1450.0 -0.03774
6250.0 1450.0 -0.02050
6350.0 1450.0 -0.14749
50.0 1550.0 -0.44995
150.0 1550.0 0.39794
250.0 1550.0 1.12996
350.0 1550.0 1.50109
450.0 1550.0 1.37120
550.0 1550.0 0.87057
650.0 1550.0 0.34775
750.0 1550.0 0.17274
850.0 1550.0 0.39817
950.0 1550.0 0.81119
1050.0 1550.0 1.35942
1150.0 1550.0 1.67995
1250.0 1550.0 1.48225
1350.0 1550.0 0.79707
1450.0 1550.0 -0.06670
1550.0 1550.0 -0.85695
1650.0 1550.0 -1.72295
1750.0 1550.0 -2.52377
1850.0 1550.0 -2.81408
1950.0 1550.0 -2.38935
2050.0 1550.0 -1.48719
2150.0 1550.0 -0.60835
2250.0 1550.0 0.01788
2350.0 1550.0 0.29054
2450.0 1550.0 -0.03531
2550.0 1550.0 -0.72340
2650.0 1550.0 -1.32027
2750.0 1550.0 -1.43105
2850.0 1550.0 -0.93518
2950.0 1550.0 -0.12015
3050.0 1550.0 0.68920
3150.0 1550.0 1.23860
3250.0 1550.0 1.28844
3350.0 1550.0 0.86987
3450.0 1550.0 0.30583
3550.0 1550.0 -0.02498
3650.0 1550.0 -0.13439
3750.0 1550.0 -0.19343
3850.0 1550.0 -0.16350
3950.0 1550.0 -0.04406
4050.0 1550.0 0.11544
4150.0 1550.0 0.23980
4250.0 1550.0 0.27937
4350.0 1550.0 0.22256
4450.0 1550.0 -0.23439
4550.0 1550.0 -1.04308
4650.0 1550.0 -1.78493
4750.0 1550.0 -2.08454
4850.0 1550.0 -1.83215
4950.0 1550.0 -1.20873
5050.0 1550.0 -0.46475
5150.0 1550.0 0.40748
5250.0 1550.0 1.15714
5350.0 1550.0 1.47253
5450.0 1550.0 1.29762
5550.0 1550.0 0.87672
5650.0 1550.0 0.52605
5750.0 1550.0 0.24659
5850.0 1550.0 -0.01385
5950.0 1550.0 -0.22557
6050.0 1550.0 -0.37951
6150.0 1550.0 -0.50040
6250.0 1550.0 -0.63387
6350.0 1550.0 -0.80776
50.0 1650.0 -0.70577
150.0 1650.0 0.11867
250.0 1650.0 0.84447
350.0 1650.0 1.25454
450.0 1650.0 1.20218
550.0 1650.0 0.78616
650.0 1650.0 0.32020
750.0 1650.0 0.15480
850.0 1650.0 0.35365
950.0 1650.0 0.66884
1050.0 1650.0 0.98577
1150.0 1650.0 1.04397
1250.0 1650.0 0.69028
1350.0 1650.0 0.02511
1450.0 1650.0 -0.67245
1550.0 1650.0 -1.24046
1650.0 1650.0 -1.90095
1750.0 1650.0 -2.58716
1850.0 1650.0 -2.90679
1950.0 1650.0 -2.63266
2050.0 1650.0 -1.90553
2150.0 1650.0 -1.11640
2250.0 1650.0 -0.48760
2350.0 1650.0 -0.16327
2450.0 1650.0 -0.37891
2550.0 1650.0 -0.94811
2650.0 1650.0 -1.47529
2750.0 1650.0 -1.59273
2850.0 1650.0 -1.16503
2950.0 1650.0 -0.43558
3050.0 1650.0 0.36522
3150.0 1650.0 1.04222
3250.0 1650.0 1.31347
3350.0 1650.0 1.11432
3450.0 1650.0 0.67261
3550.0 1650.0 0.32877
3650.0 1650.0 0.13544
3750.0 1650.0 -0.02866
3850.0 1650.0 -0.08417
3950.0 1650.0 0.03006
4050.0 1650.0 0.28068
4150.0 1650.0 0.54881
4250.0 1650.0 0.71872
4350.0 1650.0 0.76488
4450.0 1650.0 0.34066
4550.0 1650.0 -0.59534
4650.0 1650.0 -1.64186
4750.0 1650.0 -2.34064
4850.0 1650.0 -2.43836
4950.0 1650.0 -2.01785
5050.0 1650.0 -1.38397
5150.0 1650.0 -0.44527
5250.0 1650.0 0.61803
5350.0 1650.0 1.41123
5450.0 1650.0 1.70358
5550.0 1650.0 1.56593
5650.0 1650.0 1.26534
5750.0 1650.0 0.95170
5850.0 1650.0 0.59677
5950.0 1650.0 0.20652
6050.0 1650.0 -0.18499
6150.0 1650.0 -0.54400
6250.0 1650.0 -0.85543
6350.0 1650.0 -1.13110
50.0 1750.0 -1.24093
150.0 1750.0 -0.46540
250.0 1750.0 0.24721
350.0 1750.0 0.70777
450.0 1750.0 0.75961
550.0 1750.0 0.45657
650.0 1750.0 0.06345
750.0 1750.0 -0.09587
850.0 1750.0 0.05855
950.0 1750.0 0.24584
1050.0 1750.0 0.30403
1150.0 1750.0 0.12762
1250.0 1750.0 -0.27002
1350.0 1750.0 -0.74150
1450.0 1750.0 -1.09560
1550.0 1750.0 -1.29360
1650.0 1750.0 -1.63088
1750.0 1750.0 -2.17158
1850.0 1750.0 -2.60406
1950.0 1750.0 -2.64428
2050.0 1750.0 -2.25325
2150.0 1750.0 -1.63130
2250.0 1750.0 -0.99945
2350.0 1750.0 -0.58189
2450.0 1750.0 -0.59170
2550.0 1750.0 -0.92858
2650.0 1750.0 -1.30330
2750.0 1750.0 -1.40455
2850.0 1750.0 -1.07813
2950.0 1750.0 -0.48989
3050.0 1750.0 0.26132
3150.0 1750.0 1.05297
3250.0 1750.0 1.55307
3350.0 1750.0 1.58195
3450.0 1750.0 1.25230
3550.0 1750.0 0.85735
3650.0 1750.0 0.52424
3750.0 1750.0 0.16495
3850.0 1750.0 -0.08684
3950.0 1750.0 -0.05803
4050.0 1750.0 0.26859
4150.0 1750.0 0.72489
4250.0 1750.0 1.09374
4350.0 1750.0 1.32022
4450.0 1750.0 1.07275
4550.0 1750.0 0.20322
4650.0 1750.0 -0.98273
4750.0 1750.0 -2.00510
4850.0 1750.0 -2.47398
4950.0 1750.0 -2.33190
5050.0 1750.0 -1.89852
5150.0 1750.0 -1.01409
5250.0 1750.0 0.22447
5350.0 1750.0 1.37449
5450.0 1750.0 2.05477
5550.0 1750.0 2.16198
5650.0 1750.0 1.89347
5750.0 1750.0 1.54646
5850.0 1750.0 1.17908
5950.0 1750.0 0.77222
6050.0 1750.0 0.32585
6150.0 1750.0 -0.13714
6250.0 1750.0 -0.58300
6350.0 1750.0 -0.99493
50.0 1850.0 -1.65984
150.0 1850.0 -0.94359
250.0 1850.0 -0.25089
350.0 1850.0 0.24093
450.0 1850.0 0.36561
550.0 1850.0 0.13989
650.0 1850.0 -0.21014
750.0 1850.0 -0.38026
850.0 1850.0 -0.27636
950.0 1850.0 -0.21220
1050.0 1850.0 -0.37540
1150.0 1850.0 -0.70886
1250.0 1850.0 -1.04712
1350.0 1850.0 -1.22562
1450.0 1850.0 -1.16881
1550.0 1850.0 -0.95990
1650.0 1850.0 -0.94510
1750.0 1850.0 -1.32817
1850.0 1850.0 -1.88521
1950.0 1850.0 -2.26978
2050.0 1850.0 -2.24636
2150.0 1850.0 -1.80717
2250.0 1850.0 -1.17228
2350.0 1850.0 -0.66067
2450.0 1850.0 -0.46825
2550.0 1850.0 -0.58467
2650.0 1850.0 -0.82653
2750.0 1850.0 -0.93356
2850.0 1850.0 -0.72635
2950.0 1850.0 -0.29416
3050.0 1850.0 0.37011
3150.0 1850.0 1.19982
3250.0 1850.0 1.82629
3350.0 1850.0 1.98291
3450.0 1850.0 1.69411
3550.0 1850.0 1.21588
3650.0 1850.0 0.72869
3750.0 1850.0 0.14488
3850.0 1850.0 -0.34920
3950.0 1850.0 -0.45196
4050.0 1850.0 -0.07899
4150.0 1850.0 0.55901
4250.0 1850.0 1.13768
4350.0 1850.0 1.57039
4450.0 1850.0 1.61400
4550.0 1850.0 1.03614
4650.0 1850.0 -0.01547
4750.0 1850.0 -1.12800
4850.0 1850.0 -1.84089
4950.0 1850.0 -1.95981
5050.0 1850.0 -1.76168
5150.0 1850.0 -1.06890
5250.0 1850.0 0.08634
5350.0 1850.0 1.28040
5450.0 1850.0 2.07792
5550.0 1850.0 2.27466
5650.0 1850.0 2.00064
5750.0 1850.0 1.63353
5850.0 1850.0 1.35531
5950.0 1850.0 1.12940
6050.0 1850.0 0.86442
6150.0 1850.0 0.49442
6250.0 1850.0 0.01518
6350.0 1850.0 -0.52353
50.0 1950.0 -1.64671
150.0 1950.0 -0.97908
250.0 1950.0 -0.30864
350.0 1950.0 0.17680
450.0 1950.0 0.30530
550.0 1950.0 0.08034
650.0 1950.0 -0.28301
750.0 1950.0 -0.48360
850.0 1950.0 -0.42109
950.0 1950.0 -0.44420
1050.0 1950.0 -0.75083
1150.0 1950.0 -1.16210
1250.0 1950.0 -1.40884
1350.0 1950.0 -1.32789
1450.0 1950.0 -0.94086
1550.0 1950.0 -0.41880
1650.0 1950.0 -0.12732
1750.0 1950.0 -0.36629
1850.0 1950.0 -0.98242
1950.0 1950.0 -1.59251
2050.0 1950.0 -1.82259
2150.0 1950.0 -1.51184
2250.0 1950.0 -0.87437
2350.0 1950.0 -0.30818
2450.0 1950.0 -0.01188
2550.0 1950.0 -0.03487
2650.0 1950.0 -0.25150
2750.0 1950.0 -0.41674
2850.0 1950.0 -0.32095
2950.0 1950.0 -0.01080
3050.0 1950.0 0.55536
3150.0 1950.0 1.33089
3250.0 1950.0 1.93605
3350.0 1950.0 2.07459
3450.0 1950.0 1.73908
3550.0 1950.0 1.17069
3650.0 1950.0 0.56440
3750.0 1950.0 -0.19610
3850.0 1950.0 -0.88728
3950.0 1950.0 -1.10655
4050.0 1950.0 -0.71306
4150.0 1950.0 0.05443
4250.0 1950.0 0.79081
4350.0 1950.0 1.38970
4450.0 1950.0 1.74040
4550.0 1950.0 1.57355
4650.0 1950.0 0.86999
4750.0 1950.0 -0.08666
4850.0 1950.0 -0.84878
4950.0 1950.0 -1.13108
5050.0 1950.0 -1.12754
5150.0 1950.0 -0.69671
5250.0 1950.0 0.15606
5350.0 1950.0 1.08375
5450.0 1950.0 1.70509
5550.0 1950.0 1.81606
5650.0 1950.0 1.50259
5750.0 1950.0 1.13278
5850.0 1950.0 1.00278
5950.0 1950.0 1.07039
6050.0 1950.0 1.13207
6150.0 1950.0 0.99393
6250.0 1950.0 0.57726
6350.0 1950.0 -0.04153
50.0 2050.0 -1.12831
150.0 2050.0 -0.48341
250.0 2050.0 0.16815
350.0 2050.0 0.61243
450.0 2050.0 0.67697
550.0 2050.0 0.37851
650.0 2050.0 -0.04932
750.0 2050.0 -0.29165
850.0 2050.0 -0.25123
950.0 2050.0 -0.31470
1050.0 2050.0 -0.69015
1150.0 2050.0 -1.14361
1250.0 2050.0 -1.35715
1350.0 2050.0 -1.16577
1450.0 2050.0 -0.63323
1550.0 2050.0 0.02935
1650.0 2050.0 0.45956
1750.0 2050.0 0.33286
1850.0 2050.0 -0.23603
1950.0 2050.0 -0.86988
2050.0 2050.0 -1.15697
2150.0 2050.0 -0.88056
2250.0 2050.0 -0.24115
2350.0 2050.0 0.32184
2450.0 2050.0 0.58390
2550.0 2050.0 0.48316
2650.0 2050.0 0.15635
2750.0 2050.0 -0.12042
2850.0 2050.0 -0.10668
2950.0 2050.0 0.14552
3050.0 2050.0 0.63536
3150.0 2050.0 1.30126
3250.0 2050.0 1.77601
3350.0 2050.0 1.78778
3450.0 2050.0 1.35150
3550.0 2050.0 0.71559
3650.0 2050.0 0.05515
3750.0 2050.0 -0.78334
3850.0 2050.0 -1.55982
3950.0 2050.0 -1.82709
4050.0 2050.0 -1.42030
4150.0 2050.0 -0.59209
4250.0 2050.0 0.21587
4350.0 2050.0 0.89691
4450.0 2050.0 1.46192
4550.0 2050.0 1.64996
4650.0 2050.0 1.32522
4750.0 2050.0 0.64273
4850.0 2050.0 -0.01660
4950.0 2050.0 -0.33912
5050.0 2050.0 -0.43634
5150.0 2050.0 -0.22962
5250.0 2050.0 0.26667
5350.0 2050.0 0.79729
5450.0 2050.0 1.09366
5550.0 2050.0 1.02341
5650.0 2050.0 0.65967
5750.0 2050.0 0.29877
5850.0 2050.0 0.29924
5950.0 2050.0 0.62251
6050.0 2050.0 0.98094
6150.0 2050.0 1.07532
6250.0 2050.0 0.75719
6350.0 2050.0 0.11603
50.0 2150.0 -0.32313
150.0 2150.0 0.31989
250.0 2150.0 0.95738
350.0 2150.0 1.34530
450.0 2150.0 1.31401
550.0 2150.0 0.90760
650.0 2150.0 0.39356
750.0 2150.0 0.10876
850.0 2150.0 0.14204
950.0 2150.0 0.06718
1050.0 2150.0 -0.34217
1150.0 2150.0 -0.84368
1250.0 2150.0 -1.10150
1350.0 2150.0 -0.93538
1450.0 2150.0 -0.40448
1550.0 2150.0 0.27092
1650.0 2150.0 0.73790
1750.0 2150.0 0.69742
1850.0 2150.0 0.24934
1950.0 2150.0 -0.26515
2050.0 2150.0 -0.46898
2150.0 2150.0 -0.15978
2250.0 2150.0 0.48067
2350.0 2150.0 1.00216
2450.0 2150.0 1.14140
2550.0 2150.0 0.85654
2650.0 2150.0 0.33980
2750.0 2150.0 -0.07386
2850.0 2150.0 -0.11556
2950.0 2150.0 0.12632
3050.0 2150.0 0.56773
3150.0 2150.0 1.11528
3250.0 2150.0 1.42504
3350.0 2150.0 1.27515
3450.0 2150.0 0.72866
3550.0 2150.0 0.05220
3650.0 2150.0 -0.61407
3750.0 2150.0 -1.45373
3850.0 2150.0 -2.22306
3950.0 2150.0 -2.47412
4050.0 2150.0 -2.04638
4150.0 2150.0 -1.19979
4250.0 2150.0 -0.38132
4350.0 2150.0 0.31622
4450.0 2150.0 0.98999
4550.0 2150.0 1.40893
4650.0 2150.0 1.37784
4750.0 2150.0 0.95778
4850.0 2150.0 0.45283
4950.0 2150.0 0.16480
5050.0 2150.0 0.04216
5150.0 2150.0 0.10171
5250.0 2150.0 0.30358
5350.0 2150.0 0.46913
5450.0 2150.0 0.44485
5550.0 2150.0 0.18954
5650.0 2150.0 -0.21687
5750.0 2150.0 -0.56568
5850.0 2150.0 -0.48462
5950.0 2150.0 -0.00531
6050.0 2150.0 0.54095
6150.0 2150.0 0.79419
6250.0 2150.0 0.56080
6350.0 2150.0 -0.06736
50.0 2250.0 0.34104
150.0 2250.0 0.97612
250.0 2250.0 1.60119
350.0 2250.0 1.96057
450.0 2250.0 1.88521
550.0 2250.0 1.42942
650.0 2250.0 0.87375
750.0 2250.0 0.56392
850.0 2250.0 0.58588
950.0 2250.0 0.49367
1050.0 2250.0 0.04764
1150.0 2250.0 -0.50256
1250.0 2250.0 -0.80556
1350.0 2250.0 -0.66809
1450.0 2250.0 -0.14554
1550.0 2250.0 0.53384
1650.0 2250.0 1.02384
1750.0 2250.0 1.04079
1850.0 2250.0 0.66610
1950.0 2250.0 0.21153
2050.0 2250.0 0.03339
2150.0 2250.0 0.33241
2250.0 2250.0 0.94458
2350.0 2250.0 1.42396
2450.0 2250.0 1.49888
2550.0 2250.0 1.13804
2650.0 2250.0 0.55134
2750.0 2250.0 0.08766
2850.0 2250.0 0.01859
2950.0 2250.0 0.24100
3050.0 2250.0 0.60411
3150.0 2250.0 0.97569
3250.0 2250.0 1.05122
3350.0 2250.0 0.68180
3450.0 2250.0 -0.00530
3550.0 2250.0 -0.72457
3650.0 2250.0 -1.38431
3750.0 2250.0 -2.18044
3850.0 2250.0 -2.85965
3950.0 2250.0 -3.00293
4050.0 2250.0 -2.48867
4150.0 2250.0 -1.60311
4250.0 2250.0 -0.79261
4350.0 2250.0 -0.11555
4450.0 2250.0 0.58593
4550.0 2250.0 1.11106
4650.0 2250.0 1.24670
4750.0 2250.0 1.00208
4850.0 2250.0 0.62280
4950.0 2250.0 0.38552
5050.0 2250.0 0.26432
5150.0 2250.0 0.19495
5250.0 2250.0 0.11277
5350.0 2250.0 -0.07652
5450.0 2250.0 -0.40373
5550.0 2250.0 -0.81566
5650.0 2250.0 -1.22821
5750.0 2250.0 -1.53248
5850.0 2250.0 -1.36637
5950.0 2250.0 -0.75002
6050.0 2250.0 -0.03490
6150.0 2250.0 0.38098
6250.0 2250.0 0.26855
6350.0 2250.0 -0.28653
50.0 2350.0 0.53281
150.0 2350.0 1.14133
250.0 2350.0 1.75466
350.0 2350.0 2.14636
450.0 2350.0 2.14257
550.0 2350.0 1.76782
650.0 2350.0 1.26807
750.0 2350.0 0.96829
850.0 2350.0 0.96450
950.0 2350.0 0.83554
1050.0 2350.0 0.34511
1150.0 2350.0 -0.24091
1250.0 2350.0 -0.55727
1350.0 2350.0 -0.41073
1450.0 2350.0 0.13048
1550.0 2350.0 0.82660
1650.0 2350.0 1.33861
1750.0 2350.0 1.36828
1850.0 2350.0 0.96176
1950.0 2350.0 0.41690
2050.0 2350.0 0.11224
2150.0 2350.0 0.29068
2250.0 2350.0 0.80611
2350.0 2350.0 1.24399
2450.0 2350.0 1.39203
2550.0 2350.0 1.20288
2650.0 2350.0 0.81436
2750.0 2350.0 0.48719
2850.0 2350.0 0.44080
2950.0 2350.0 0.61062
3050.0 2350.0 0.84145
3150.0 2350.0 0.96588
3250.0 2350.0 0.74110
3350.0 2350.0 0.11132
3450.0 2350.0 -0.72743
3550.0 2350.0 -1.48210
3650.0 2350.0 -2.11952
3750.0 2350.0 -2.80560
3850.0 2350.0 -3.26869
3950.0 2350.0 -3.16694
4050.0 2350.0 -2.47236
4150.0 2350.0 -1.52596
4250.0 2350.0 -0.76244
4350.0 2350.0 -0.17518
4450.0 2350.0 0.39962
4550.0 2350.0 0.78966
4650.0 2350.0 0.84163
4750.0 2350.0 0.59484
4850.0 2350.0 0.27503
4950.0 2350.0 0.11127
5050.0 2350.0 0.03796
5150.0 2350.0 -0.11671
5250.0 2350.0 -0.43184
5350.0 2350.0 -0.90642
5450.0 2350.0 -1.44837
5550.0 2350.0 -1.92137
5650.0 2350.0 -2.24980
5750.0 2350.0 -2.43822
5850.0 2350.0 -2.19027
5950.0 2350.0 -1.50732
6050.0 2350.0 -0.70222
6150.0 2350.0 -0.14911
6250.0 2350.0 -0.08113
6350.0 2350.0 -0.43659
50.0 2450.0 0.22252
150.0 2450.0 0.79167
250.0 2450.0 1.39113
350.0 2450.0 1.85211
450.0 2450.0 1.99223
550.0 2450.0 1.78018
650.0 2450.0 1.39646
750.0 2450.0 1.12622
850.0 2450.0 1.08412
950.0 2450.0 0.90525
1050.0 2450.0 0.37290
1150.0 2450.0 -0.22468
1250.0 2450.0 -0.51377
1350.0 2450.0 -0.31648
1450.0 2450.0 0.27007
1550.0 2450.0 0.99375
1650.0 2450.0 1.53491
1750.0 2450.0 1.56772
1850.0 2450.0 1.08577
1950.0 2450.0 0.37322
2050.0 2450.0 -0.14826
2150.0 2450.0 -0.16569
2250.0 2450.0 0.19895
2350.0 2450.0 0.58385
2450.0 2450.0 0.87963
2550.0 2450.0 1.00792
2650.0 2450.0 0.97885
2750.0 2450.0 0.89999
2850.0 2450.0 0.90234
2950.0 2450.0 0.99455
3050.0 2450.0 1.09083
3150.0 2450.0 1.01905
3250.0 2450.0 0.59384
3350.0 2450.0 -0.17909
3450.0 2450.0 -1.07752
3550.0 2450.0 -1.82756
3650.0 2450.0 -2.43122
3750.0 2450.0 -2.98381
3850.0 2450.0 -3.20188
3950.0 2450.0 -2.84291
4050.0 2450.0 -1.98551
4150.0 2450.0 -1.02012
4250.0 2450.0 -0.35261
4350.0 2450.0 0.09002
4450.0 2450.0 0.42186
4550.0 2450.0 0.49967
4650.0 2450.0 0.28825
4750.0 2450.0 -0.08410
4850.0 2450.0 -0.38605
4950.0 2450.0 -0.45517
5050.0 2450.0 -0.43793
5150.0 2450.0 -0.59917
5250.0 2450.0 -1.01553
5350.0 2450.0 -1.60551
5450.0 2450.0 -2.19049
5550.0 2450.0 -2.58954
5650.0 2450.0 -2.74847
5750.0 2450.0 -2.77227
5850.0 2450.0 -2.49605
5950.0 2450.0 -1.90149
6050.0 2450.0 -1.18906
6150.0 2450.0 -0.62144
6250.0 2450.0 -0.38186
6350.0 2450.0 -0.44762
50.0 2550.0 -0.33827
150.0 2550.0 0.19244
250.0 2550.0 0.77396
350.0 2550.0 1.29363
450.0 2550.0 1.56084
550.0 2550.0 1.49262
650.0 2550.0 1.20927
750.0 2550.0 0.95968
850.0 2550.0 0.87592
950.0 2550.0 0.64839
1050.0 2550.0 0.08652
1150.0 2550.0 -0.49939
1250.0 2550.0 -0.73387
1350.0 2550.0 -0.46335
1450.0 2550.0 0.17979
1550.0 2550.0 0.93352
1650.0 2550.0 1.51602
1750.0 2550.0 1.58683
1850.0 2550.0 1.07920
1950.0 2550.0 0.24644
2050.0 2550.0 -0.46212
2150.0 2550.0 -0.66893
2250.0 2550.0 -0.46247
2350.0 2550.0 -0.14898
2450.0 2550.0 0.25696
2550.0 2550.0 0.65241
2650.0 2550.0 0.93372
2750.0 2550.0 1.06844
2850.0 2550.0 1.10411
2950.0 2550.0 1.11690
3050.0 2550.0 1.13518
3150.0 2550.0 1.02515
3250.0 2550.0 0.62746
3350.0 2550.0 -0.06197
3450.0 2550.0 -0.86561
3550.0 2550.0 -1.55736
3650.0 2550.0 -2.12714
3750.0 2550.0 -2.58408
3850.0 2550.0 -2.65265
3950.0 2550.0 -2.17035
4050.0 2550.0 -1.28156
4150.0 2550.0 -0.38622
4250.0 2550.0 0.15294
4350.0 2550.0 0.44324
4450.0 2550.0 0.52420
4550.0 2550.0 0.28443
4650.0 2550.0 -0.18963
4750.0 2550.0 -0.68059
4850.0 2550.0 -0.95536
4950.0 2550.0 -0.92252
5050.0 2550.0 -0.80049
5150.0 2550.0 -0.89515
5250.0 2550.0 -1.26590
5350.0 2550.0 -1.78607
5450.0 2550.0 -2.24676
5550.0 2550.0 -2.46945
5650.0 2550.0 -2.42732
5750.0 2550.0 -2.29046
5850.0 2550.0 -2.06520
5950.0 2550.0 -1.72028
6050.0 2550.0 -1.29511
6150.0 2550.0 -0.87442
6250.0 2550.0 -0.54300
6350.0 2550.0 -0.32064
50.0 2650.0 -0.74813
150.0 2650.0 -0.24196
250.0 2650.0 0.31815
350.0 2650.0 0.84557
450.0 2650.0 1.14557
550.0 2650.0 1.11489
650.0 2650.0 0.85128
750.0 2650.0 0.59092
850.0 2650.0 0.47330
950.0 2650.0 0.21178
1050.0 2650.0 -0.36505
1150.0 2650.0 -0.93138
1250.0 2650.0 -1.11370
1350.0 2650.0 -0.78019
1450.0 2650.0 -0.09136
1550.0 2650.0 0.68522
1650.0 2650.0 1.31871
1750.0 2650.0 1.48481
1850.0 2650.0 1.06261
1950.0 2650.0 0.25095
2050.0 2650.0 -0.51496
2150.0 2650.0 -0.82815
2250.0 2650.0 -0.73677
2350.0 2650.0 -0.50865
2450.0 2650.0 -0.11754
2550.0 2650.0 0.33258
2650.0 2650.0 0.69820
2750.0 2650.0 0.88880
2850.0 2650.0 0.91102
2950.0 2650.0 0.86652
3050.0 2650.0 0.88658
3150.0 2650.0 0.90473
3250.0 2650.0 0.74873
3350.0 2650.0 0.33813
3450.0 2650.0 -0.24950
3550.0 2650.0 -0.84882
3650.0 2650.0 -1.39583
3750.0 2650.0 -1.83204
3850.0 2650.0 -1.91054
3950.0 2650.0 -1.50049
4050.0 2650.0 -0.74329
4150.0 2650.0 0.00114
4250.0 2650.0 0.41585
4350.0 2650.0 0.59730
4450.0 2650.0 0.53100
4550.0 2650.0 0.14074
4650.0 2650.0 -0.41792
4750.0 2650.0 -0.89650
4850.0 2650.0 -1.09031
4950.0 2650.0 -0.96632
5050.0 2650.0 -0.76192
5150.0 2650.0 -0.76723
5250.0 2650.0 -1.02082
5350.0 2650.0 -1.38448
5450.0 2650.0 -1.66057
5550.0 2650.0 -1.69943
5650.0 2650.0 -1.49702
5750.0 2650.0 -1.25298
5850.0 2650.0 -1.13456
5950.0 2650.0 -1.10773
6050.0 2650.0 -1.05678
6150.0 2650.0 -0.88353
6250.0 2650.0 -0.56095
6350.0 2650.0 -0.14132
50.0 2750.0 -0.69135
150.0 2750.0 -0.19065
250.0 2750.0 0.34709
350.0 2750.0 0.81950
450.0 2750.0 1.03329
550.0 2750.0 0.90592
650.0 2750.0 0.56154
750.0 2750.0 0.25408
850.0 2750.0 0.11712
950.0 2750.0 -0.15851
1050.0 2750.0 -0.74167
1150.0 2750.0 -1.30012
1250.0 2750.0 -1.46110
1350.0 2750.0 -1.10169
1450.0 2750.0 -0.39402
1550.0 2750.0 0.39253
1650.0 2750.0 1.07878
1750.0 2750.0 1.38793
1850.0 2750.0 1.16158
1950.0 2750.0 0.52721
2050.0 2750.0 -0.13893
2150.0 2750.0 -0.44545
2250.0 2750.0 -0.39976
2350.0 2750.0 -0.25876
2450.0 2750.0 -0.02502
2550.0 2750.0 0.22397
2650.0 2750.0 0.39728
2750.0 2750.0 0.45131
2850.0 2750.0 0.40807
2950.0 2750.0 0.33995
3050.0 2750.0 0.42035
3150.0 2750.0 0.64900
3250.0 2750.0 0.81611
3350.0 2750.0 0.73989
3450.0 2750.0 0.38901
3550.0 2750.0 -0.12213
3650.0 2750.0 -0.66248
3750.0 2750.0 -1.14817
3850.0 2750.0 -1.37101
3950.0 2750.0 -1.18147
4050.0 2750.0 -0.65964
4150.0 2750.0 -0.09391
4250.0 2750.0 0.23419
4350.0 2750.0 0.37704
4450.0 2750.0 0.32054
4550.0 2750.0 0.02564
4650.0 2750.0 -0.36207
4750.0 2750.0 -0.64661
4850.0 2750.0 -0.69135
4950.0 2750.0 -0.49900
5050.0 2750.0 -0.25876
5150.0 2750.0 -0.21474
5250.0 2750.0 -0.39429
5350.0 2750.0 -0.66105
5450.0 2750.0 -0.83227
5550.0 2750.0 -0.77850
5650.0 2750.0 -0.50597
5750.0 2750.0 -0.22773
5850.0 2750.0 -0.21775
5950.0 2750.0 -0.44703
6050.0 2750.0 -0.70176
6150.0 2750.0 -0.75992
6250.0 2750.0 -0.51174
6350.0 2750.0 -0.02404
50.0 2850.0 -0.26661
150.0 2850.0 0.23938
250.0 2850.0 0.75473
350.0 2850.0 1.13615
450.0 2850.0 1.19530
550.0 2850.0 0.89437
650.0 2850.0 0.41225
750.0 2850.0 0.03805
850.0 2850.0 -0.10849
950.0 2850.0 -0.38628
1050.0 2850.0 -0.97327
1150.0 2850.0 -1.53629
1250.0 2850.0 -1.70111
1350.0 2850.0 -1.34380
1450.0 2850.0 -0.63644
1550.0 2850.0 0.15149
1650.0 2850.0 0.88702
1750.0 2850.0 1.35518
1850.0 2850.0 1.37340
1950.0 2850.0 0.99395
2050.0 2850.0 0.51263
2150.0 2850.0 0.27974
2250.0 2850.0 0.32524
2350.0 2850.0 0.38471
2450.0 2850.0 0.38668
2550.0 2850.0 0.29490
2650.0 2850.0 0.12315
2750.0 2850.0 -0.06530
2850.0 2850.0 -0.20021
2950.0 2850.0 -0.27005
3050.0 2850.0 -0.11074
3150.0 2850.0 0.32911
3250.0 2850.0 0.79666
3350.0 2850.0 1.01616
3450.0 2850.0 0.86474
3550.0 2850.0 0.42141
3650.0 2850.0 -0.12264
3750.0 2850.0 -0.68919
3850.0 2850.0 -1.10847
3950.0 2850.0 -1.18747
4050.0 2850.0 -0.92230
4150.0 2850.0 -0.52349
4250.0 2850.0 -0.24832
4350.0 2850.0 -0.09852
4450.0 2850.0 -0.04629
4550.0 2850.0 -0.09296
4650.0 2850.0 -0.15247
4750.0 2850.0 -0.13266
4850.0 2850.0 0.01161
4950.0 2850.0 0.25690
5050.0 2850.0 0.50054
5150.0 2850.0 0.54550
5250.0 2850.0 0.36450
5350.0 2850.0 0.09541
5450.0 2850.0 -0.07700
5550.0 2850.0 -0.02195
5650.0 2850.0 0.25424
5750.0 2850.0 0.52285
5850.0 2850.0 0.44980
5950.0 2850.0 0.05627
6050.0 2850.0 -0.39735
6150.0 2850.0 -0.62381
6250.0 2850.0 -0.46458
6350.0 2850.0 0.01136
50.0 2950.0 0.14254
150.0 2950.0 0.63219
250.0 2950.0 1.10206
350.0 2950.0 1.37535
450.0 2950.0 1.27314
550.0 2950.0 0.80156
650.0 2950.0 0.18775
750.0 2950.0 -0.25251
850.0 2950.0 -0.41572
950.0 2950.0 -0.69397
1050.0 2950.0 -1.25330
1150.0 2950.0 -1.76067
1250.0 2950.0 -1.85826
1350.0 2950.0 -1.44522
1450.0 2950.0 -0.71043
1550.0 2950.0 0.08249
1650.0 2950.0 0.84589
1750.0 2950.0 1.40290
1850.0 2950.0 1.56176
1950.0 2950.0 1.33525
2050.0 2950.0 0.97268
2150.0 2950.0 0.79715
2250.0 2950.0 0.85636
2350.0 2950.0 0.86021
2450.0 2950.0 0.67625
2550.0 2950.0 0.30481
2650.0 2950.0 -0.14914
2750.0 2950.0 -0.53000
2850.0 2950.0 -0.72642
2950.0 2950.0 -0.77935
3050.0 2950.0 -0.52175
3150.0 2950.0 0.14331
3250.0 2950.0 0.91059
3350.0 2950.0 1.40892
3450.0 2950.0 1.43249
3550.0 2950.0 1.03694
3650.0 2950.0 0.47542
3750.0 2950.0 -0.17815
3850.0 2950.0 -0.78615
3950.0 2950.0 -1.11368
4050.0 2950.0 -1.08141
4150.0 2950.0 -0.83297
4250.0 2950.0 -0.60756
4350.0 2950.0 -0.45581
4450.0 2950.0 -0.31088
4550.0 2950.0 -0.13164
4650.0 2950.0 0.12290
4750.0 2950.0 0.45076
4850.0 2950.0 0.80436
4950.0 2950.0 1.13030
5050.0 2950.0 1.40242
5150.0 2950.0 1.44742
5250.0 2950.0 1.22072
5350.0 2950.0 0.86828
5450.0 2950.0 0.60427
5550.0 2950.0 0.59484
5650.0 2950.0 0.84874
5750.0 2950.0 1.10277
5850.0 2950.0 0.97691
5950.0 2950.0 0.48231
6050.0 2950.0 -0.10094
6150.0 2950.0 -0.44992
6250.0 2950.0 -0.37357
6350.0 2950.0 0.06408
50.0 3050.0 0.37608
150.0 3050.0 0.80258
250.0 3050.0 1.18704
350.0 3050.0 1.35174
450.0 3050.0 1.13413
550.0 3050.0 0.56475
650.0 3050.0 -0.11609
750.0 3050.0 -0.59710
850.0 3050.0 -0.79031
950.0 3050.0 -1.07457
1050.0 3050.0 -1.56953
1150.0 3050.0 -1.94074
1250.0 3050.0 -1.87046
1350.0 3050.0 -1.31624
1450.0 3050.0 -0.51086
1550.0 3050.0 0.29419
1650.0 3050.0 1.04332
1750.0 3050.0 1.54678
1850.0 3050.0 1.63144
1950.0 3050.0 1.34244
2050.0 3050.0 0.95380
2150.0 3050.0 0.79295
2250.0 3050.0 0.88700
2350.0 3050.0 0.89514
2450.0 3050.0 0.65458
2550.0 3050.0 0.18595
2650.0 3050.0 -0.36154
2750.0 3050.0 -0.79049
2850.0 3050.0 -0.97359
2950.0 3050.0 -0.97600
3050.0 3050.0 -0.60416
3150.0 3050.0 0.26099
3250.0 3050.0 1.25467
3350.0 3050.0 1.92978
3450.0 3050.0 2.03505
3550.0 3050.0 1.63327
3650.0 3050.0 1.02901
3750.0 3050.0 0.29962
3850.0 3050.0 -0.42810
3950.0 3050.0 -0.89488
4050.0 3050.0 -0.98598
4150.0 3050.0 -0.81900
4250.0 3050.0 -0.63105
4350.0 3050.0 -0.49749
4450.0 3050.0 -0.33771
4550.0 3050.0 -0.06827
4650.0 3050.0 0.36006
4750.0 3050.0 0.90630
4850.0 3050.0 1.45527
4950.0 3050.0 1.90730
5050.0 3050.0 2.26625
5150.0 3050.0 2.33790
5250.0 3050.0 2.03126
5350.0 3050.0 1.50190
5450.0 3050.0 1.02873
5550.0 3050.0 0.86446
5650.0 3050.0 1.06071
5750.0 3050.0 1.29824
5850.0 3050.0 1.18367
5950.0 3050.0 0.71465
6050.0 3050.0 0.14124
6150.0 3050.0 -0.23360
6250.0 3050.0 -0.21775
6350.0 3050.0 0.14234
50.0 3150.0 0.35712
150.0 3150.0 0.68378
250.0 3150.0 0.96372
350.0 3150.0 1.06375
450.0 3150.0 0.84044
550.0 3150.0 0.31219
650.0 3150.0 -0.32048
750.0 3150.0 -0.79120
850.0 3150.0 -1.02025
950.0 3150.0 -1.32562
1050.0 3150.0 -1.77029
1150.0 3150.0 -2.01297
1250.0 3150.0 -1.77341
1350.0 3150.0 -1.07053
1450.0 3150.0 -0.18748
1550.0 3150.0 0.63256
1650.0 3150.0 1.33674
1750.0 3150.0 1.68280
1850.0 3150.0 1.53667
1950.0 3150.0 1.02825
2050.0 3150.0 0.50810
2150.0 3150.0 0.33099
2250.0 3150.0 0.47588
2350.0 3150.0 0.54625
2450.0 3150.0 0.38472
2550.0 3150.0 0.01304
2650.0 3150.0 -0.42834
2750.0 3150.0 -0.75647
2850.0 3150.0 -0.85516
2950.0 3150.0 -0.78328
3050.0 3150.0 -0.31897
3150.0 3150.0 0.63927
3250.0 3150.0 1.68002
3350.0 3150.0 2.33378
3450.0 3150.0 2.36930
3550.0 3150.0 1.89351
3650.0 3150.0 1.22933
3750.0 3150.0 0.46288
3850.0 3150.0 -0.26015
3950.0 3150.0 -0.68567
4050.0 3150.0 -0.72458
4150.0 3150.0 -0.52731
4250.0 3150.0 -0.34935
4350.0 3150.0 -0.25306
4450.0 3150.0 -0.18177
4550.0 3150.0 -0.02467
4650.0 3150.0 0.34011
4750.0 3150.0 0.91572
4850.0 3150.0 1.57451
4950.0 3150.0 2.16608
5050.0 3150.0 2.65836
5150.0 3150.0 2.80529
5250.0 3150.0 2.45373
5350.0 3150.0 1.75431
5450.0 3150.0 1.05260
5550.0 3150.0 0.70599
5650.0 3150.0 0.82745
5750.0 3150.0 1.04934
5850.0 3150.0 1.00735
5950.0 3150.0 0.68449
6050.0 3150.0 0.25677
6150.0 3150.0 -0.04441
6250.0 3150.0 -0.05699
6350.0 3150.0 0.19968
50.0 3250.0 0.14464
150.0 3250.0 0.36604
250.0 3250.0 0.55525
350.0 3250.0 0.65743
450.0 3250.0 0.54484
550.0 3250.0 0.18957
650.0 3250.0 -0.29018
750.0 3250.0 -0.70061
850.0 3250.0 -0.96005
950.0 3250.0 -1.30341
1050.0 3250.0 -1.75820
1150.0 3250.0 -1.96977
1250.0 3250.0 -1.66623
1350.0 3250.0 -0.89464
1450.0 3250.0 0.03069
1550.0 3250.0 0.86245
1650.0 3250.0 1.52031
1750.0 3250.0 1.70435
1850.0 3250.0 1.32048
1950.0 3250.0 0.58576
2050.0 3250.0 -0.07036
2150.0 3250.0 -0.26488
2250.0 3250.0 -0.06755
2350.0 3250.0 0.08850
2450.0 3250.0 0.07259
2550.0 3250.0 -0.10396
2650.0 3250.0 -0.33943
2750.0 3250.0 -0.49609
2850.0 3250.0 -0.48300
2950.0 3250.0 -0.33678
3050.0 3250.0 0.17010
3150.0 3250.0 1.08681
3250.0 3250.0 1.98235
3350.0 3250.0 2.42471
3450.0 3250.0 2.26160
3550.0 3250.0 1.66718
3650.0 3250.0 0.94413
3750.0 3250.0 0.18712
3850.0 3250.0 -0.41714
3950.0 3250.0 -0.64570
4050.0 3250.0 -0.48442
4150.0 3250.0 -0.16185
4250.0 3250.0 0.03446
4350.0 3250.0 0.08618
4450.0 3250.0 -0.00387
4550.0 3250.0 -0.11980
4650.0 3250.0 -0.02695
4750.0 3250.0 0.38856
4850.0 3250.0 1.04297
4950.0 3250.0 1.74591
5050.0 3250.0 2.37939
5150.0 3250.0 2.64656
5250.0 3250.0 2.33945
5350.0 3250.0 1.58022
5450.0 3250.0 0.74621
5550.0 3250.0 0.27217
5650.0 3250.0 0.33076
5750.0 3250.0 0.54035
5850.0 3250.0 0.59500
5950.0 3250.0 0.46506
6050.0 3250.0 0.23908
6150.0 3250.0 0.05857
6250.0 3250.0 0.04206
6350.0 3250.0 0.19819
50.0 3350.0 -0.08291
150.0 3350.0 0.06226
250.0 3350.0 0.19875
350.0 3350.0 0.35122
450.0 3350.0 0.40043
550.0 3350.0 0.26131
650.0 3350.0 -0.03596
750.0 3350.0 -0.36811
850.0 3350.0 -0.64467
950.0 3350.0 -1.03420
1050.0 3350.0 -1.56821
1150.0 3350.0 -1.87506
1250.0 3350.0 -1.65375
1350.0 3350.0 -0.93081
1450.0 3350.0 -0.01892
1550.0 3350.0 0.81719
1650.0 3350.0 1.45740
1750.0 3350.0 1.57626
1850.0 3350.0 1.10081
1950.0 3350.0 0.28643
2050.0 3350.0 -0.40701
2150.0 3350.0 -0.58972
2250.0 3350.0 -0.35368
2350.0 3350.0 -0.13730
2450.0 3350.0 -0.05087
2550.0 3350.0 -0.09033
2650.0 3350.0 -0.18113
2750.0 3350.0 -0.21722
2850.0 3350.0 -0.12540
2950.0 3350.0 0.07153
3050.0 3350.0 0.57404
3150.0 3350.0 1.37047
3250.0 3350.0 2.03465
3350.0 3350.0 2.20130
3450.0 3350.0 1.81286
3550.0 3350.0 1.10588
3650.0 3350.0 0.34248
3750.0 3350.0 -0.37968
3850.0 3350.0 -0.83200
3950.0 3350.0 -0.82897
4050.0 3350.0 -0.43853
4150.0 3350.0 0.02893
4250.0 3350.0 0.25522
4350.0 3350.0 0.27131
4450.0 3350.0 0.02252
4550.0 3350.0 -0.38609
4650.0 3350.0 -0.61573
4750.0 3350.0 -0.43297
4850.0 3350.0 0.14512
4950.0 3350.0 0.90726
5050.0 3350.0 1.64654
5150.0 3350.0 2.04743
5250.0 3350.0 1.87287
5350.0 3350.0 1.19862
5450.0 3350.0 0.38392
5550.0 3350.0 -0.11465
5650.0 3350.0 -0.08550
5750.0 3350.0 0.11550
5850.0 3350.0 0.23895
5950.0 3350.0 0.24632
6050.0 3350.0 0.16411
6150.0 3350.0 0.06996
6250.0 3350.0 0.05131
6350.0 3350.0 0.13660
50.0 3450.0 -0.14408
150.0 3450.0 -0.02831
250.0 3450.0 0.09641
350.0 3450.0 0.30323
450.0 3450.0 0.47420
550.0 3450.0 0.48498
650.0 3450.0 0.31073
750.0 3450.0 0.03408
850.0 3450.0 -0.24589
950.0 3450.0 -0.67692
1050.0 3450.0 -1.33034
1150.0 3450.0 -1.81874
1250.0 3450.0 -1.78664
1350.0 3450.0 -1.20268
1450.0 3450.0 -0.34957
1550.0 3450.0 0.48354
1650.0 3450.0 1.14842
1750.0 3450.0 1.34523
1850.0 3450.0 0.99410
1950.0 3450.0 0.31653
2050.0 3450.0 -0.26868
2150.0 3450.0 -0.39667
2250.0 3450.0 -0.14310
2350.0 3450.0 0.07455
2450.0 3450.0 0.13672
2550.0 3450.0 0.05592
2650.0 3450.0 -0.07476
2750.0 3450.0 -0.13175
2850.0 3450.0 -0.03508
2950.0 3450.0 0.17876
3050.0 3450.0 0.65815
3150.0 3450.0 1.35236
3250.0 3450.0 1.84865
3350.0 3450.0 1.83211
3450.0 3450.0 1.30533
3550.0 3450.0 0.53777
3650.0 3450.0 -0.24050
3750.0 3450.0 -0.93658
3850.0 3450.0 -1.30028
3950.0 3450.0 -1.16731
4050.0 3450.0 -0.65001
4150.0 3450.0 -0.10194
4250.0 3450.0 0.14349
4350.0 3450.0 0.14382
4450.0 3450.0 -0.18925
4550.0 3450.0 -0.76255
4650.0 3450.0 -1.18467
4750.0 3450.0 -1.15461
4850.0 3450.0 -0.64492
4950.0 3450.0 0.12917
5050.0 3450.0 0.91594
5150.0 3450.0 1.42617
5250.0 3450.0 1.42342
5350.0 3450.0 0.93428
5450.0 3450.0 0.26242
5550.0 3450.0 -0.16678
5650.0 3450.0 -0.13083
5750.0 3450.0 0.06368
5850.0 3450.0 0.19272
5950.0 3450.0 0.21241
6050.0 3450.0 0.13658
6150.0 3450.0 0.03401
6250.0 3450.0 -0.00800
6350.0 3450.0 0.04613
50.0 3550.0 -0.04897
150.0 3550.0 0.06619
250.0 3550.0 0.19871
350.0 3550.0 0.44288
450.0 3550.0 0.67869
550.0 3550.0 0.76257
650.0 3550.0 0.64605
750.0 3550.0 0.39656
850.0 3550.0 0.11885
950.0 3550.0 -0.34671
1050.0 3550.0 -1.12614
1150.0 3550.0 -1.81943
1250.0 3550.0 -2.01059
1350.0 3550.0 -1.59796
1450.0 3550.0 -0.82274
1550.0 3550.0 0.00145
1650.0 3550.0 0.71456
1750.0 3550.0 1.07520
1850.0 3550.0 0.97994
1950.0 3550.0 0.57205
2050.0 3550.0 0.18481
2150.0 3550.0 0.13782
2250.0 3550.0 0.39519
2350.0 3550.0 0.57325
2450.0 3550.0 0.52140
2550.0 3550.0 0.27248
2650.0 3550.0 -0.02857
2750.0 3550.0 -0.20523
2850.0 3550.0 -0.15350
2950.0 3550.0 0.05681
3050.0 3550.0 0.51351
3150.0 3550.0 1.14910
3250.0 3550.0 1.56412
3350.0 3550.0 1.46991
3450.0 3550.0 0.89323
3550.0 3550.0 0.11166
3650.0 3550.0 -0.66256
3750.0 3550.0 -1.34577
3850.0 3550.0 -1.68519
3950.0 3550.0 -1.52272
4050.0 3550.0 -0.97980
4150.0 3550.0 -0.41685
4250.0 3550.0 -0.16796
4350.0 3550.0 -0.17082
4450.0 3550.0 -0.52723
4550.0 3550.0 -1.15133
4650.0 3550.0 -1.63958
4750.0 3550.0 -1.67033
4850.0 3550.0 -1.19835
4950.0 3550.0 -0.43515
5050.0 3550.0 0.36076
5150.0 3550.0 0.95131
5250.0 3550.0 1.11638
5350.0 3550.0 0.83871
5450.0 3550.0 0.35432
5550.0 3550.0 0.03366
5650.0 3550.0 0.09378
5750.0 3550.0 0.28187
5850.0 3550.0 0.37438
5950.0 3550.0 0.32367
6050.0 3550.0 0.16215
6150.0 3550.0 -0.01449
6250.0 3550.0 -0.09824
6350.0 3550.0 -0.05379
50.0 3650.0 0.20503
150.0 3650.0 0.33503
250.0 3650.0 0.47854
350.0 3650.0 0.73693
450.0 3650.0 0.98425
550.0 3650.0 1.07119
650.0 3650.0 0.94880
750.0 3650.0 0.68919
850.0 3650.0 0.40191
950.0 3650.0 -0.09835
1050.0 3650.0 -0.99090
1150.0 3650.0 -1.87904
1250.0 3650.0 -2.30319
1350.0 3650.0 -2.09595
1450.0 3650.0 -1.44767
1550.0 3650.0 -0.68346
1650.0 3650.0 0.05524
1750.0 3650.0 0.62658
1850.0 3650.0 0.89575
1950.0 3650.0 0.88434
2050.0 3650.0 0.78599
2150.0 3650.0 0.84125
2250.0 3650.0 1.07555
2350.0 3650.0 1.19447
2450.0 3650.0 1.03260
2550.0 3650.0 0.63901
2650.0 3650.0 0.19521
2750.0 3650.0 -0.08701
2850.0 3650.0 -0.08960
2950.0 3650.0 0.09197
3050.0 3650.0 0.47929
3150.0 3650.0 1.00209
3250.0 3650.0 1.31784
3350.0 3650.0 1.18898
3450.0 3650.0 0.65345
3550.0 3650.0 -0.04040
3650.0 3650.0 -0.71664
3750.0 3650.0 -1.30386
3850.0 3650.0 -1.57860
3950.0 3650.0 -1.41006
4050.0 3650.0 -0.91442
4150.0 3650.0 -0.41350
4250.0 3650.0 -0.19916
4350.0 3650.0 -0.21646
4450.0 3650.0 -0.60311
4550.0 3650.0 -1.29342
4650.0 3650.0 -1.88674
4750.0 3650.0 -2.04239
4850.0 3650.0 -1.68330
4950.0 3650.0 -0.99981
5050.0 3650.0 -0.25904
5150.0 3650.0 0.34624
5250.0 3650.0 0.62796
5350.0 3650.0 0.53934
5450.0 3650.0 0.24624
5550.0 3650.0 0.04548
5650.0 3650.0 0.12994
5750.0 3650.0 0.30725
5850.0 3650.0 0.36752
5950.0 3650.0 0.26042
6050.0 3650.0 0.03171
6150.0 3650.0 -0.20380
6250.0 3650.0 -0.32334
6350.0 3650.0 -0.29183
50.0 3750.0 0.58460
150.0 3750.0 0.74837
250.0 3750.0 0.90945
350.0 3750.0 1.15522
450.0 3750.0 1.34660
550.0 3750.0 1.34430
650.0 3750.0 1.12904
750.0 3750.0 0.80545
850.0 3750.0 0.48846
950.0 3750.0 -0.03427
1050.0 3750.0 -0.96758
1150.0 3750.0 -1.95094
1250.0 3750.0 -2.53528
1350.0 3750.0 -2.52403
1450.0 3750.0 -2.05761
1550.0 3750.0 -1.44014
1650.0 3750.0 -0.74419
1750.0 3750.0 0.02567
1850.0 3750.0 0.70375
1950.0 3750.0 1.15845
2050.0 3750.0 1.39724
2150.0 3750.0 1.54726
2250.0 3750.0 1.70996
2350.0 3750.0 1.75013
2450.0 3750.0 1.52559
2550.0 3750.0 1.08759
2650.0 3750.0 0.60980
2750.0 3750.0 0.28972
2850.0 3750.0 0.23367
2950.0 3750.0 0.34473
3050.0 3750.0 0.58055
3150.0 3750.0 0.89109
3250.0 3750.0 1.06752
3350.0 3750.0 0.96939
3450.0 3750.0 0.62641
3550.0 3750.0 0.19454
3650.0 3750.0 -0.22060
3750.0 3750.0 -0.56557
3850.0 3750.0 -0.70092
3950.0 3750.0 -0.56125
4050.0 3750.0 -0.23444
4150.0 3750.0 0.07365
4250.0 3750.0 0.18756
4350.0 3750.0 0.13730
4450.0 3750.0 -0.27254
4550.0 3750.0 -1.01138
4650.0 3750.0 -1.71766
4750.0 3750.0 -2.05297
4850.0 3750.0 -1.90111
4950.0 3750.0 -1.40532
5050.0 3750.0 -0.83047
5150.0 3750.0 -0.33517
5250.0 3750.0 -0.05153
5350.0 3750.0 -0.02472
5450.0 3750.0 -0.15213
5550.0 3750.0 -0.23307
5650.0 3750.0 -0.12930
5750.0 3750.0 0.03073
5850.0 3750.0 0.07728
5950.0 3750.0 -0.04006
6050.0 3750.0 -0.27822
6150.0 3750.0 -0.52545
6250.0 3750.0 -0.66077
6350.0 3750.0 -0.64845
50.0 3850.0 0.84946
150.0 3850.0 1.05182
250.0 3850.0 1.23876
350.0 3850.0 1.47031
450.0 3850.0 1.58851
550.0 3850.0 1.46645
650.0 3850.0 1.12478
750.0 3850.0 0.71290
850.0 3850.0 0.35425
950.0 3850.0 -0.16310
1050.0 3850.0 -1.01527
1150.0 3850.0 -1.90776
1250.0 3850.0 -2.47407
1350.0 3850.0 -2.55407
1450.0 3850.0 -2.26283
1550.0 3850.0 -1.84716
1650.0 3850.0 -1.27883
1750.0 3850.0 -0.44516
1850.0 3850.0 0.47596
1950.0 3850.0 1.23803
2050.0 3850.0 1.69578
2150.0 3850.0 1.87359
2250.0 3850.0 1.92796
2350.0 3850.0 1.89174
2450.0 3850.0 1.68207
2550.0 3850.0 1.33485
2650.0 3850.0 0.96500
2750.0 3850.0 0.70093
2850.0 3850.0 0.61003
2950.0 3850.0 0.62325
3050.0 3850.0 0.65290
3150.0 3850.0 0.68618
3250.0 3850.0 0.69939
3350.0 3850.0 0.67931
3450.0 3850.0 0.63334
3550.0 3850.0 0.58198
3650.0 3850.0 0.53809
3750.0 3850.0 0.53198
3850.0 3850.0 0.58097
3950.0 3850.0 0.66064
4050.0 3850.0 0.72931
4150.0 3850.0 0.75153
4250.0 3850.0 0.71909
4350.0 3850.0 0.62706
4450.0 3850.0 0.23653
4550.0 3850.0 -0.45487
4650.0 3850.0 -1.16971
4750.0 3850.0 -1.62103
4850.0 3850.0 -1.67861
4950.0 3850.0 -1.42722
5050.0 3850.0 -1.09551
5150.0 3850.0 -0.81319
5250.0 3850.0 -0.64389
5350.0 3850.0 -0.60009
5450.0 3850.0 -0.62225
5550.0 3850.0 -0.60843
5650.0 3850.0 -0.49447
5750.0 3850.0 -0.35456
5850.0 3850.0 -0.29922
5950.0 3850.0 -0.37625
6050.0 3850.0 -0.56139
6150.0 3850.0 -0.76843
6250.0 3850.0 -0.89501
6350.0 3850.0 -0.90399
50.0 3950.0 0.81531
150.0 3950.0 1.04382
250.0 3950.0 1.26207
350.0 3950.0 1.50474
450.0 3950.0 1.59395
550.0 3950.0 1.40240
650.0 3950.0 0.97462
750.0 3950.0 0.49420
850.0 3950.0 0.09699
950.0 3950.0 -0.38646
1050.0 3950.0 -1.05223
1150.0 3950.0 -1.68199
1250.0 3950.0 -2.04230
1350.0 3950.0 -2.06863
1450.0 3950.0 -1.88599
1550.0 3950.0 -1.66386
1650.0 3950.0 -1.27785
1750.0 3950.0 -0.56669
1850.0 3950.0 0.30665
1950.0 3950.0 1.06988
2050.0 3950.0 1.52225
2150.0 3950.0 1.63669
2250.0 3950.0 1.57866
2350.0 3950.0 1.48972
2450.0 3950.0 1.36054
2550.0 3950.0 1.20014
2650.0 3950.0 1.03550
2750.0 3950.0 0.89612
2850.0 3950.0 0.79698
2950.0 3950.0 0.71515
3050.0 3950.0 0.54269
3150.0 3950.0 0.30543
3250.0 3950.0 0.16149
3350.0 3950.0 0.22180
3450.0 3950.0 0.47074
3550.0 3950.0 0.79497
3650.0 3950.0 1.11650
3750.0 3950.0 1.44084
3850.0 3950.0 1.66345
3950.0 3950.0 1.67322
4050.0 3950.0 1.47741
4150.0 3950.0 1.21148
4250.0 3950.0 1.03291
4350.0 3950.0 0.90522
4450.0 3950.0 0.58942
4550.0 3950.0 0.06891
4650.0 3950.0 -0.49218
4750.0 3950.0 -0.90902
4850.0 3950.0 -1.08190
4950.0 3950.0 -1.04711
5050.0 3950.0 -0.95811
5150.0 3950.0 -0.91207
5250.0 3950.0 -0.91034
5350.0 3950.0 -0.91886
5450.0 3950.0 -0.89855
5550.0 3950.0 -0.82693
5650.0 3950.0 -0.71104
5750.0 3950.0 -0.58869
5850.0 3950.0 -0.51045
5950.0 3950.0 -0.52022
6050.0 3950.0 -0.61973
6150.0 3950.0 -0.75860
6250.0 3950.0 -0.86089
6350.0 3950.0 -0.88783
50.0 4050.0 0.48310
150.0 4050.0 0.71573
250.0 4050.0 0.96446
350.0 4050.0 1.25492
450.0 4050.0 1.39353
550.0 4050.0 1.23263
650.0 4050.0 0.80815
750.0 4050.0 0.31089
850.0 4050.0 -0.10855
950.0 4050.0 -0.54667
1050.0 4050.0 -1.00301
1150.0 4050.0 -1.31945
1250.0 4050.0 -1.39301
1350.0 4050.0 -1.27056
1450.0 4050.0 -1.11119
1550.0 4050.0 -1.01585
1650.0 4050.0 -0.80254
1750.0 4050.0 -0.33608
1850.0 4050.0 0.25412
1950.0 4050.0 0.75469
2050.0 4050.0 1.01037
2150.0 4050.0 1.00271
2250.0 4050.0 0.86352
2350.0 4050.0 0.75226
2450.0 4050.0 0.71635
2550.0 4050.0 0.73970
2650.0 4050.0 0.77213
2750.0 4050.0 0.75807
2850.0 4050.0 0.66874
2950.0 4050.0 0.52317
3050.0 4050.0 0.20918
3150.0 4050.0 -0.22402
3250.0 4050.0 -0.49271
3350.0 4050.0 -0.39628
3450.0 4050.0 0.03970
3550.0 4050.0 0.61359
3650.0 4050.0 1.18185
3750.0 4050.0 1.72798
3850.0 4050.0 2.06419
3950.0 4050.0 2.02166
4050.0 4050.0 1.64230
4150.0 4050.0 1.17856
4250.0 4050.0 0.90029
4350.0 4050.0 0.75425
4450.0 4050.0 0.54712
4550.0 4050.0 0.27169
4650.0 4050.0 -0.01620
4750.0 4050.0 -0.25446
4850.0 4050.0 -0.41028
4950.0 4050.0 -0.49671
5050.0 4050.0 -0.57228
5150.0 4050.0 -0.69126
5250.0 4050.0 -0.81381
5350.0 4050.0 -0.87157
5450.0 4050.0 -0.83487
5550.0 4050.0 -0.73132
5650.0 4050.0 -0.61576
5750.0 4050.0 -0.50459
5850.0 4050.0 -0.40659
5950.0 4050.0 -0.36261
6050.0 4050.0 -0.39417
6150.0 4050.0 -0.47837
6250.0 4050.0 -0.55952
6350.0 4050.0 -0.59768
50.0 4150.0 0.01013
150.0 4150.0 0.22740
250.0 4150.0 0.50035
350.0 4150.0 0.86663
450.0 4150.0 1.12408
550.0 4150.0 1.08829
650.0 4150.0 0.75578
750.0 4150.0 0.29632
850.0 4150.0 -0.12518
950.0 4150.0 -0.52862
1050.0 4150.0 -0.84191
1150.0 4150.0 -0.93499
1250.0 4150.0 -0.78425
1350.0 4150.0 -0.51466
1450.0 4150.0 -0.32040
1550.0 4150.0 -0.26515
1650.0 4150.0 -0.15945
1750.0 4150.0 0.06454
1850.0 4150.0 0.31193
1950.0 4150.0 0.46433
2050.0 4150.0 0.46343
2150.0 4150.0 0.33627
2250.0 4150.0 0.16400
2350.0 4150.0 0.05116
2450.0 4150.0 0.06489
2550.0 4150.0 0.17737
2650.0 4150.0 0.30389
2750.0 4150.0 0.35145
2850.0 4150.0 0.27249
2950.0 4150.0 0.10488
3050.0 4150.0 -0.26877
3150.0 4150.0 -0.79861
3250.0 4150.0 -1.15192
3350.0 4150.0 -1.08426
3450.0 4150.0 -0.61192
3550.0 4150.0 0.03806
3650.0 4150.0 0.69049
3750.0 4150.0 1.31248
3850.0 4150.0 1.68745
3950.0 4150.0 1.62683
4050.0 4150.0 1.18446
4150.0 4150.0 0.65290
4250.0 4150.0 0.34047
4350.0 4150.0 0.19482
4450.0 4150.0 0.09228
4550.0 4150.0 0.05090
4650.0 4150.0 0.05266
4750.0 4150.0 0.05545
4850.0 4150.0 0.01550
4950.0 4150.0 -0.08328
5050.0 4150.0 -0.21319
5150.0 4150.0 -0.37439
5250.0 4150.0 -0.50994
5350.0 4150.0 -0.54741
5450.0 4150.0 -0.47218
5550.0 4150.0 -0.33860
5650.0 4150.0 -0.21880
5750.0 4150.0 -0.11220
5850.0 4150.0 -0.01213
5950.0 4150.0 0.04116
6050.0 4150.0 0.02183
6150.0 4150.0 -0.05308
6250.0 4150.0 -0.13217
6350.0 4150.0 -0.17518
50.0 4250.0 -0.48903
150.0 4250.0 -0.29750
250.0 4250.0 -0.00665
350.0 4250.0 0.44722
450.0 4250.0 0.85857
550.0 4250.0 0.99863
650.0 4250.0 0.80765
750.0 4250.0 0.41782
850.0 4250.0 0.00703
950.0 4250.0 -0.37220
1050.0 4250.0 -0.60127
1150.0 4250.0 -0.55921
1250.0 4250.0 -0.26261
1350.0 4250.0 0.11778
1450.0 4250.0 0.36143
1550.0 4250.0 0.42082
1650.0 4250.0 0.46648
1750.0 4250.0 0.49269
1850.0 4250.0 0.43283
1950.0 4250.0 0.26179
2050.0 4250.0 0.02310
2150.0 4250.0 -0.20247
2250.0 4250.0 -0.38253
2350.0 4250.0 -0.49105
2450.0 4250.0 -0.46324
2550.0 4250.0 -0.33035
2650.0 4250.0 -0.18431
2750.0 4250.0 -0.12472
2850.0 4250.0 -0.20152
2950.0 4250.0 -0.37317
3050.0 4250.0 -0.76736
3150.0 4250.0 -1.34554
3250.0 4250.0 -1.76539
3350.0 4250.0 -1.76248
3450.0 4250.0 -1.33408
3550.0 4250.0 -0.70033
3650.0 4250.0 -0.05030
3750.0 4250.0 0.57198
3850.0 4250.0 0.95043
3950.0 4250.0 0.89484
4050.0 4250.0 0.45652
4150.0 4250.0 -0.07392
4250.0 4250.0 -0.38841
4350.0 4250.0 -0.52831
4450.0 4250.0 -0.54208
4550.0 4250.0 -0.38014
4650.0 4250.0 -0.10956
4750.0 4250.0 0.14222
4850.0 4250.0 0.25637
4950.0 4250.0 0.19996
5050.0 4250.0 0.07518
5150.0 4250.0 -0.06006
5250.0 4250.0 -0.14492
5350.0 4250.0 -0.12095
5450.0 4250.0 0.00670
5550.0 4250.0 0.16886
5650.0 4250.0 0.29321
5750.0 4250.0 0.39591
5850.0 4250.0 0.48456
5950.0 4250.0 0.51932
6050.0 4250.0 0.48002
6150.0 4250.0 0.39004
6250.0 4250.0 0.30434
6350.0 4250.0 0.26174
50.0 4350.0 -1.14947
150.0 4350.0 -1.02304
250.0 4350.0 -0.74515
350.0 4350.0 -0.18786
450.0 4350.0 0.45930
550.0 4350.0 0.90709
650.0 4350.0 0.99399
750.0 4350.0 0.76536
850.0 4350.0 0.40433
950.0 4350.0 0.06427
1050.0 4350.0 -0.10877
1150.0 4350.0 0.00191
1250.0 4350.0 0.36748
1350.0 4350.0 0.80497
1450.0 4350.0 1.08827
1550.0 4350.0 1.17493
1650.0 4350.0 1.19645
1750.0 4350.0 1.07631
1850.0 4350.0 0.76356
1950.0 4350.0 0.31074
2050.0 4350.0 -0.14435
2150.0 4350.0 -0.46356
2250.0 4350.0 -0.65242
2350.0 4350.0 -0.75009
2450.0 4350.0 -0.69369
2550.0 4350.0 -0.53164
2650.0 4350.0 -0.37441
2750.0 4350.0 -0.32897
2850.0 4350.0 -0.43870
2950.0 4350.0 -0.64901
3050.0 4350.0 -1.08279
3150.0 4350.0 -1.70897
3250.0 4350.0 -2.19269
3350.0 4350.0 -2.26839
3450.0 4350.0 -1.92305
3550.0 4350.0 -1.36481
3650.0 4350.0 -0.78132
3750.0 4350.0 -0.19780
3850.0 4350.0 0.19053
3950.0 4350.0 0.18398
4050.0 4350.0 -0.19755
4150.0 4350.0 -0.70016
4250.0 4350.0 -1.03403
4350.0 4350.0 -1.20715
4450.0 4350.0 -1.16766
4550.0 4350.0 -0.80941
4650.0 4350.0 -0.22950
4750.0 4350.0 0.35128
4850.0 4350.0 0.70630
4950.0 4350.0 0.75446
5050.0 4350.0 0.67898
5150.0 4350.0 0.58145
5250.0 4350.0 0.49778
5350.0 4350.0 0.47453
5450.0 4350.0 0.52259
5550.0 4350.0 0.60927
5650.0 4350.0 0.68944
5750.0 4350.0 0.75976
5850.0 4350.0 0.81634
5950.0 4350.0 0.83735
6050.0 4350.0 0.81602
6150.0 4350.0 0.77036
6250.0 4350.0 0.73375
6350.0 4350.0 0.72663
50.0 4450.0 -1.76349
150.0 4450.0 -1.75711
250.0 4450.0 -1.55597
350.0 4450.0 -0.94189
450.0 4450.0 -0.05475
550.0 4450.0 0.76652
650.0 4450.0 1.23223
750.0 4450.0 1.25334
850.0 4450.0 0.99545
950.0 4450.0 0.71591
1050.0 4450.0 0.54944
1150.0 4450.0 0.61599
1250.0 4450.0 0.91994
1350.0 4450.0 1.32142
1450.0 4450.0 1.62332
1550.0 4450.0 1.77057
1650.0 4450.0 1.83458
1750.0 4450.0 1.68945
1850.0 4450.0 1.27432
1950.0 4450.0 0.67452
2050.0 4450.0 0.08760
2150.0 4450.0 -0.29737
2250.0 4450.0 -0.49632
2350.0 4450.0 -0.57257
2450.0 4450.0 -0.46112
2550.0 4450.0 -0.24957
2650.0 4450.0 -0.08696
2750.0 4450.0 -0.09133
2850.0 4450.0 -0.28704
2950.0 4450.0 -0.58981
3050.0 4450.0 -1.08101
3150.0 4450.0 -1.72095
3250.0 4450.0 -2.21413
3350.0 4450.0 -2.33791
3450.0 4450.0 -2.09838
3550.0 4450.0 -1.69137
3650.0 4450.0 -1.26911
3750.0 4450.0 -0.78254
3850.0 4450.0 -0.37625
3950.0 4450.0 -0.27167
4050.0 4450.0 -0.52275
4150.0 4450.0 -0.96264
4250.0 4450.0 -1.34524
4350.0 4450.0 -1.61650
4450.0 4450.0 -1.62088
4550.0 4450.0 -1.17132
4650.0 4450.0 -0.34333
4750.0 4450.0 0.57526
4850.0 4450.0 1.23346
4950.0 4450.0 1.46119
5050.0 4450.0 1.50270
5150.0 4450.0 1.47604
5250.0 4450.0 1.35191
5350.0 4450.0 1.15915
5450.0 4450.0 0.96508
5550.0 4450.0 0.83984
5650.0 4450.0 0.80604
5750.0 4450.0 0.79856
5850.0 4450.0 0.78391
5950.0 4450.0 0.78469
6050.0 4450.0 0.82324
6150.0 4450.0 0.89930
6250.0 4450.0 0.98979
6350.0 4450.0 1.07056
50.0 4550.0 -1.93131
150.0 4550.0 -2.07109
250.0 4550.0 -2.00924
350.0 4550.0 -1.46666
450.0 4550.0 -0.50750
550.0 4550.0 0.53614
650.0 4550.0 1.29112
750.0 4550.0 1.54384
850.0 4550.0 1.41302
950.0 4550.0 1.20364
1050.0 4550.0 0.99997
1150.0 4550.0 0.93118
1250.0 4550.0 1.06943
1350.0 4550.0 1.35952
1450.0 4550.0 1.65907
1550.0 4550.0 1.88708
1650.0 4550.0 2.05418
1750.0 4550.0 2.02255
1850.0 4550.0 1.69641
1950.0 4550.0 1.13625
2050.0 4550.0 0.54545
2150.0 4550.0 0.14303
2250.0 4550.0 -0.06460
2350.0 4550.0 -0.11199
2450.0 4550.0 0.07347
2550.0 4550.0 0.35089
2650.0 4550.0 0.51913
2750.0 4550.0 0.44560
2850.0 4550.0 0.13213
2950.0 4550.0 -0.29536
3050.0 4550.0 -0.83576
3150.0 4550.0 -1.41748
3250.0 4550.0 -1.81450
3350.0 4550.0 -1.89681
3450.0 4550.0 -1.72961
3550.0 4550.0 -1.50455
3650.0 4550.0 -1.30178
3750.0 4550.0 -0.95021
3850.0 4550.0 -0.52599
3950.0 4550.0 -0.27870
4050.0 4550.0 -0.36025
4150.0 4550.0 -0.72000
4250.0 4550.0 -1.17072
4350.0 4550.0 -1.58631
4450.0 4550.0 -1.75557
4550.0 4550.0 -1.41544
4650.0 4550.0 -0.55458
4750.0 4550.0 0.54462
4850.0 4550.0 1.44503
4950.0 4550.0 1.87237
5050.0 4550.0 2.07592
5150.0 4550.0 2.16686
5250.0 4550.0 2.03079
5350.0 4550.0 1.66112
5450.0 4550.0 1.18483
5550.0 4550.0 0.79841
5650.0 4550.0 0.61548
5750.0 4550.0 0.50034
5850.0 4550.0 0.37901
5950.0 4550.0 0.33386
6050.0 4550.0 0.43188
6150.0 4550.0 0.65502
6250.0 4550.0 0.90851
6350.0 4550.0 1.10719
50.0 4650.0 -1.49950
150.0 4650.0 -1.76798
250.0 4650.0 -1.87175
350.0 4650.0 -1.53963
450.0 4650.0 -0.75590
550.0 4650.0 0.22503
650.0 4650.0 1.03795
750.0 4650.0 1.40694
850.0 4650.0 1.38406
950.0 4650.0 1.23736
1050.0 4650.0 0.98284
1150.0 4650.0 0.76010
1250.0 4650.0 0.71332
1350.0 4650.0 0.87656
1450.0 4650.0 1.16462
1550.0 4650.0 1.46906
1650.0 4650.0 1.75996
1750.0 4650.0 1.92030
1850.0 4650.0 1.80886
1950.0 4650.0 1.42294
2050.0 4650.0 0.92849
2150.0 4650.0 0.55051
2250.0 4650.0 0.33758
2350.0 4650.0 0.31915
2450.0 4650.0 0.57940
2550.0 4650.0 0.92596
2650.0 4650.0 1.10607
2750.0 4650.0 0.97126
2850.0 4650.0 0.54738
2950.0 4650.0 0.00260
3050.0 4650.0 -0.55716
3150.0 4650.0 -1.01085
3250.0 4650.0 -1.21346
3350.0 4650.0 -1.15532
3450.0 4650.0 -0.98906
3550.0 4650.0 -0.91425
3650.0 4650.0 -0.92001
3750.0 4650.0 -0.70001
3850.0 4650.0 -0.26602
3950.0 4650.0 0.10724
4050.0 4650.0 0.17769
4150.0 4650.0 -0.11180
4250.0 4650.0 -0.62924
4350.0 4650.0 -1.19074
4450.0 4650.0 -1.60238
4550.0 4650.0 -1.55670
4650.0 4650.0 -0.91309
4750.0 4650.0 0.13012
4850.0 4650.0 1.12172
4950.0 4650.0 1.70218
5050.0 4650.0 2.06490
5150.0 4650.0 2.30773
5250.0 4650.0 2.24294
5350.0 4650.0 1.80875
5450.0 4650.0 1.15585
5550.0 4650.0 0.57418
5650.0 4650.0 0.26145
5750.0 4650.0 0.04112
5850.0 4650.0 -0.19880
5950.0 4650.0 -0.32063
6050.0 4650.0 -0.20589
6150.0 4650.0 0.12314
6250.0 4650.0 0.51311
6350.0 4650.0 0.82046
50.0 4750.0 -0.68609
150.0 4750.0 -1.03244
250.0 4750.0 -1.27504
350.0 4750.0 -1.21654
450.0 4750.0 -0.78217
550.0 4750.0 -0.10730
650.0 4750.0 0.53257
750.0 4750.0 0.87569
850.0 4750.0 0.90992
950.0 4750.0 0.80566
1050.0 4750.0 0.52574
1150.0 4750.0 0.21569
1250.0 4750.0 0.06259
1350.0 4750.0 0.15394
1450.0 4750.0 0.43903
1550.0 4750.0 0.79342
1650.0 4750.0 1.17544
1750.0 4750.0 1.49640
1850.0 4750.0 1.58042
1950.0 4750.0 1.36670
2050.0 4750.0 0.97822
2150.0 4750.0 0.63399
2250.0 4750.0 0.41900
2350.0 4750.0 0.42214
2450.0 4750.0 0.73907
2550.0 4750.0 1.14268
2650.0 4750.0 1.34308
2750.0 4750.0 1.17759
2850.0 4750.0 0.68576
2950.0 4750.0 0.06678
3050.0 4750.0 -0.47917
3150.0 4750.0 -0.78073
3250.0 4750.0 -0.75941
3350.0 4750.0 -0.51397
3450.0 4750.0 -0.28329
3550.0 4750.0 -0.28342
3650.0 4750.0 -0.42335
3750.0 4750.0 -0.29153
3850.0 4750.0 0.14090
3950.0 4750.0 0.58476
4050.0 4750.0 0.74316
4150.0 4750.0 0.49249
4250.0 4750.0 -0.06997
4350.0 4750.0 -0.73270
4450.0 4750.0 -1.37180
4550.0 4750.0 -1.67439
4650.0 4750.0 -1.37766
4750.0 4750.0 -0.56014
4850.0 4750.0 0.37437
4950.0 4750.0 1.02294
5050.0 4750.0 1.49513
5150.0 4750.0 1.89014
5250.0 4750.0 1.98352
5350.0 4750.0 1.64871
5450.0 4750.0 1.00677
5550.0 4750.0 0.37160
5650.0 4750.0 -0.00837
5750.0 4750.0 -0.30018
5850.0 4750.0 -0.63927
5950.0 4750.0 -0.85447
6050.0 4750.0 -0.78212
6150.0 4750.0 -0.43022
6250.0 4750.0 0.02289
6350.0 4750.0 0.39557
50.0 4850.0 0.11725
150.0 4850.0 -0.25202
250.0 4850.0 -0.57239
350.0 4850.0 -0.74997
450.0 4850.0 -0.68370
550.0 4850.0 -0.39628
650.0 4850.0 -0.04221
750.0 4850.0 0.18133
850.0 4850.0 0.21912
950.0 4850.0 0.13592
1050.0 4850.0 -0.12168
1150.0 4850.0 -0.40947
1250.0 4850.0 -0.54188
1350.0 4850.0 -0.43194
1450.0 4850.0 -0.12970
1550.0 4850.0 0.24169
1650.0 4850.0 0.65065
1750.0 4850.0 1.01776
1850.0 4850.0 1.15697
1950.0 4850.0 0.99111
2050.0 4850.0 0.63150
2150.0 4850.0 0.29616
2250.0 4850.0 0.08059
2350.0 4850.0 0.09491
2450.0 4850.0 0.44257
2550.0 4850.0 0.88348
2650.0 4850.0 1.11024
2750.0 4850.0 0.94954
2850.0 4850.0 0.44227
2950.0 4850.0 -0.19767
3050.0 4850.0 -0.71057
3150.0 4850.0 -0.88945
3250.0 4850.0 -0.69177
3350.0 4850.0 -0.28316
3450.0 4850.0 0.03850
3550.0 4850.0 0.03961
3650.0 4850.0 -0.14088
3750.0 4850.0 -0.03995
3850.0 4850.0 0.38251
3950.0 4850.0 0.83504
4050.0 4850.0 1.00807
4150.0 4850.0 0.76140
4250.0 4850.0 0.18281
4350.0 4850.0 -0.51755
4450.0 4850.0 -1.29335
4550.0 4850.0 -1.85208
4650.0 4850.0 -1.85694
4750.0 4850.0 -1.28777
4850.0 4850.0 -0.48043
4950.0 4850.0 0.15988
5050.0 4850.0 0.67495
5150.0 4850.0 1.19160
5250.0 4850.0 1.48897
5350.0 4850.0 1.38021
5450.0 4850.0 0.91502
5550.0 4850.0 0.36414
5650.0 4850.0 -0.01340
5750.0 4850.0 -0.33199
5850.0 4850.0 -0.73250
5950.0 4850.0 -1.03655
6050.0 4850.0 -1.05023
6150.0 4850.0 -0.75387
6250.0 4850.0 -0.31576
6350.0 4850.0 0.07028
50.0 4950.0 0.76469
150.0 4950.0 0.39531
250.0 4950.0 0.03171
350.0 4950.0 -0.33327
450.0 4950.0 -0.58623
550.0 4950.0 -0.65462
650.0 4950.0 -0.57852
750.0 4950.0 -0.48340
850.0 4950.0 -0.45492
950.0 4950.0 -0.52102
1050.0 4950.0 -0.73637
1150.0 4950.0 -0.96220
1250.0 4950.0 -1.03075
1350.0 4950.0 -0.87358
1450.0 4950.0 -0.55005
1550.0 4950.0 -0.17518
1650.0 4950.0 0.22894
1750.0 4950.0 0.57526
1850.0 4950.0 0.67956
1950.0 4950.0 0.47470
2050.0 4950.0 0.08439
2150.0 4950.0 -0.26566
2250.0 4950.0 -0.48450
2350.0 4950.0 -0.46214
2450.0 4950.0 -0.08466
2550.0 4950.0 0.40356
2650.0 4950.0 0.68080
2750.0 4950.0 0.55756
2850.0 4950.0 0.06601
2950.0 4950.0 -0.56975
3050.0 4950.0 -1.05085
3150.0 4950.0 -1.14822
3250.0 4950.0 -0.83454
3350.0 4950.0 -0.31034
3450.0 4950.0 0.09167
3550.0 4950.0 0.12372
3650.0 4950.0 -0.05075
3750.0 4950.0 0.05484
3850.0 4950.0 0.47942
3950.0 4950.0 0.93023
4050.0 4950.0 1.09852
4150.0 4950.0 0.84683
4250.0 4950.0 0.26551
4350.0 4950.0 -0.44406
4450.0 4950.0 -1.30209
4550.0 4950.0 -2.04226
4650.0 4950.0 -2.28318
4750.0 4950.0 -1.92992
4850.0 4950.0 -1.25426
4950.0 4950.0 -0.64863
5050.0 4950.0 -0.12106
5150.0 4950.0 0.49332
5250.0 4950.0 0.99139
5350.0 4950.0 1.13263
5450.0 4950.0 0.88622
5550.0 4950.0 0.45921
5650.0 4950.0 0.10596
5750.0 4950.0 -0.22370
5850.0 4950.0 -0.66807
5950.0 4950.0 -1.05252
6050.0 4950.0 -1.16256
6150.0 4950.0 -0.94933
6250.0 4950.0 -0.55902
6350.0 4950.0 -0.18613
50.0 5050.0 0.97608
150.0 5050.0 0.61788
250.0 5050.0 0.23369
350.0 5050.0 -0.24665
450.0 5050.0 -0.68319
550.0 5050.0 -0.92914
650.0 5050.0 -0.95606
750.0 5050.0 -0.86277
850.0 5050.0 -0.76889
950.0 5050.0 -0.77419
1050.0 5050.0 -0.97593
1150.0 5050.0 -1.24763
1250.0 5050.0 -1.40133
1350.0 5050.0 -1.32495
1450.0 5050.0 -1.03621
1550.0 5050.0 -0.65146
1650.0 5050.0 -0.24189
1750.0 5050.0 0.07817
1850.0 5050.0 0.11669
1950.0 5050.0 -0.17982
2050.0 5050.0 -0.65827
2150.0 5050.0 -1.06573
2250.0 5050.0 -1.31376
2350.0 5050.0 -1.27823
2450.0 5050.0 -0.79635
2550.0 5050.0 -0.11910
2650.0 5050.0 0.37754
2750.0 5050.0 0.43124
2850.0 5050.0 0.02652
2950.0 5050.0 -0.58290
3050.0 5050.0 -1.07229
3150.0 5050.0 -1.22348
3250.0 5050.0 -0.98128
3350.0 5050.0 -0.50767
3450.0 5050.0 -0.10961
3550.0 5050.0 -0.03517
3650.0 5050.0 -0.14559
3750.0 5050.0 0.05278
3850.0 5050.0 0.59555
3950.0 5050.0 1.15533
4050.0 5050.0 1.39376
4150.0 5050.0 1.16747
4250.0 5050.0 0.58434
4350.0 5050.0 -0.13919
4450.0 5050.0 -1.07082
4550.0 5050.0 -1.96472
4650.0 5050.0 -2.40243
4750.0 5050.0 -2.22816
4850.0 5050.0 -1.66241
4950.0 5050.0 -1.08821
5050.0 5050.0 -0.55561
5150.0 5050.0 0.11752
5250.0 5050.0 0.72763
5350.0 5050.0 0.99074
5450.0 5050.0 0.82801
5550.0 5050.0 0.42057
5650.0 5050.0 0.03332
5750.0 5050.0 -0.34452
5850.0 5050.0 -0.84088
5950.0 5050.0 -1.28340
6050.0 5050.0 -1.45663
6150.0 5050.0 -1.30783
6250.0 5050.0 -0.97838
6350.0 5050.0 -0.66097
50.0 5150.0 0.61000
150.0 5150.0 0.28216
250.0 5150.0 -0.09188
350.0 5150.0 -0.58802
450.0 5150.0 -1.01990
550.0 5150.0 -1.19567
650.0 5150.0 -1.08236
750.0 5150.0 -0.81509
850.0 5150.0 -0.55221
950.0 5150.0 -0.42999
1050.0 5150.0 -0.63462
1150.0 5150.0 -1.06375
1250.0 5150.0 -1.46771
1350.0 5150.0 -1.61781
1450.0 5150.0 -1.42727
1550.0 5150.0 -1.02201
1650.0 5150.0 -0.58368
1750.0 5150.0 -0.26840
1850.0 5150.0 -0.29369
1950.0 5150.0 -0.70784
2050.0 5150.0 -1.31962
2150.0 5150.0 -1.82947
2250.0 5150.0 -2.14225
2350.0 5150.0 -2.11230
2450.0 5150.0 -1.49867
2550.0 5150.0 -0.54891
2650.0 5150.0 0.28610
2750.0 5150.0 0.62865
2850.0 5150.0 0.37821
2950.0 5150.0 -0.17568
3050.0 5150.0 -0.71607
3150.0 5150.0 -1.07363
3250.0 5150.0 -1.11305
3350.0 5150.0 -0.87195
3450.0 5150.0 -0.56281
3550.0 5150.0 -0.42030
3650.0 5150.0 -0.38898
3750.0 5150.0 0.00081
3850.0 5150.0 0.76812
3950.0 5150.0 1.51712
4050.0 5150.0 1.86040
4150.0 5150.0 1.65736
4250.0 5150.0 1.05993
4350.0 5150.0 0.31720
4450.0 5150.0 -0.65526
4550.0 5150.0 -1.61722
4650.0 5150.0 -2.13481
4750.0 5150.0 -2.03039
4850.0 5150.0 -1.50832
4950.0 5150.0 -0.95086
5050.0 5150.0 -0.42272
5150.0 5150.0 0.25673
5250.0 5150.0 0.85826
5350.0 5150.0 1.06791
5450.0 5150.0 0.80325
5550.0 5150.0 0.27154
5650.0 5150.0 -0.23043
5750.0 5150.0 -0.70532
5850.0 5150.0 -1.24816
5950.0 5150.0 -1.68497
6050.0 5150.0 -1.83520
6150.0 5150.0 -1.68997
6250.0 5150.0 -1.41980
6350.0 5150.0 -1.21205
50.0 5250.0 -0.05370
150.0 5250.0 -0.33479
250.0 5250.0 -0.68093
350.0 5250.0 -1.13481
450.0 5250.0 -1.45267
550.0 5250.0 -1.41506
650.0 5250.0 -1.02172
750.0 5250.0 -0.48019
850.0 5250.0 0.01008
950.0 5250.0 0.30590
1050.0 5250.0 0.12127
1150.0 5250.0 -0.47556
1250.0 5250.0 -1.16562
1350.0 5250.0 -1.58060
1450.0 5250.0 -1.50454
1550.0 5250.0 -1.07074
1650.0 5250.0 -0.57920
1750.0 5250.0 -0.21949
1850.0 5250.0 -0.24987
1950.0 5250.0 -0.73577
2050.0 5250.0 -1.46189
2150.0 5250.0 -2.08116
2250.0 5250.0 -2.47849
2350.0 5250.0 -2.50001
2450.0 5250.0 -1.84259
2550.0 5250.0 -0.72634
2650.0 5250.0 0.35857
2750.0 5250.0 0.94366
2850.0 5250.0 0.84444
2950.0 5250.0 0.36135
3050.0 5250.0 -0.23686
3150.0 5250.0 -0.84114
3250.0 5250.0 -1.21599
3350.0 5250.0 -1.24654
3450.0 5250.0 -1.03162
3550.0 5250.0 -0.79230
3650.0 5250.0 -0.57741
3750.0 5250.0 0.02887
3850.0 5250.0 1.00728
3950.0 5250.0 1.89112
4050.0 5250.0 2.26439
4150.0 5250.0 2.02278
4250.0 5250.0 1.38577
4350.0 5250.0 0.62364
4450.0 5250.0 -0.34087
4550.0 5250.0 -1.25498
4650.0 5250.0 -1.69824
4750.0 5250.0 -1.52117
4850.0 5250.0 -0.95591
4950.0 5250.0 -0.39380
5050.0 5250.0 0.12477
5150.0 5250.0 0.78210
5250.0 5250.0 1.30937
5350.0 5250.0 1.36972
5450.0 5250.0 0.90120
5550.0 5250.0 0.16580
5650.0 5250.0 -0.49589
5750.0 5250.0 -1.09152
5850.0 5250.0 -1.65433
5950.0 5250.0 -2.00424
6050.0 5250.0 -2.02809
6150.0 5250.0 -1.80521
6250.0 5250.0 -1.56761
6350.0 5250.0 -1.49495
50.0 5350.0 -0.57089
150.0 5350.0 -0.80083
250.0 5350.0 -1.12414
350.0 5350.0 -1.55144
450.0 5350.0 -1.78545
550.0 5350.0 -1.57517
650.0 5350.0 -0.94290
750.0 5350.0 -0.15799
850.0 5350.0 0.54052
950.0 5350.0 1.00967
1050.0 5350.0 0.89398
1150.0 5350.0 0.22503
1250.0 5350.0 -0.63901
1350.0 5350.0 -1.22964
1450.0 5350.0 -1.22859
1550.0 5350.0 -0.76534
1650.0 5350.0 -0.20880
1750.0 5350.0 0.24430
1850.0 5350.0 0.29055
1950.0 5350.0 -0.17599
2050.0 5350.0 -0.94475
2150.0 5350.0 -1.63903
2250.0 5350.0 -2.11395
2350.0 5350.0 -2.23381
2450.0 5350.0 -1.68501
2550.0 5350.0 -0.63587
2650.0 5350.0 0.45533
2750.0 5350.0 1.10636
2850.0 5350.0 1.08734
2950.0 5350.0 0.66795
3050.0 5350.0 0.04439
3150.0 5350.0 -0.71334
3250.0 5350.0 -1.29262
3350.0 5350.0 -1.47081
3450.0 5350.0 -1.27374
3550.0 5350.0 -0.92198
3650.0 5350.0 -0.54072
3750.0 5350.0 0.22031
3850.0 5350.0 1.28554
3950.0 5350.0 2.14745
4050.0 5350.0 2.40973
4150.0 5350.0 2.04359
4250.0 5350.0 1.34325
4350.0 5350.0 0.56660
4450.0 5350.0 -0.35274
4550.0 5350.0 -1.13850
4650.0 5350.0 -1.40321
4750.0 5350.0 -1.05826
4850.0 5350.0 -0.39147
4950.0 5350.0 0.19129
5050.0 5350.0 0.70237
5150.0 5350.0 1.34883
5250.0 5350.0 1.82747
5350.0 5350.0 1.77517
5450.0 5350.0 1.14098
5550.0 5350.0 0.23086
5650.0 5350.0 -0.57491
5750.0 5350.0 -1.27678
5850.0 5350.0 -1.82721
5950.0 5350.0 -2.03753
6050.0 5350.0 -1.87285
6150.0 5350.0 -1.51672
6250.0 5350.0 -1.27520
6350.0 5350.0 -1.32034
50.0 5450.0 -0.57813
150.0 5450.0 -0.76751
250.0 5450.0 -1.09327
350.0 5450.0 -1.57535
450.0 5450.0 -1.87972
550.0 5450.0 -1.70040
650.0 5450.0 -1.02991
750.0 5450.0 -0.14749
850.0 5450.0 0.67265
950.0 5450.0 1.26761
1050.0 5450.0 1.26604
1150.0 5450.0 0.66947
1250.0 5450.0 -0.17468
1350.0 5450.0 -0.77656
1450.0 5450.0 -0.77854
1550.0 5450.0 -0.29276
1650.0 5450.0 0.32032
1750.0 5450.0 0.88503
1850.0 5450.0 1.06240
1950.0 5450.0 0.69601
2050.0 5450.0 -0.03431
2150.0 5450.0 -0.74815
2250.0 5450.0 -1.27067
2350.0 5450.0 -1.50763
2450.0 5450.0 -1.19107
2550.0 5450.0 -0.42805
2650.0 5450.0 0.41839
2750.0 5450.0 0.93520
2850.0 5450.0 0.89994
2950.0 5450.0 0.51869
3050.0 5450.0 -0.07772
3150.0 5450.0 -0.81687
3250.0 5450.0 -1.36187
3350.0 5450.0 -1.47381
3450.0 5450.0 -1.18206
3550.0 5450.0 -0.72541
3650.0 5450.0 -0.24465
3750.0 5450.0 0.55891
3850.0 5450.0 1.55051
3950.0 5450.0 2.22631
4050.0 5450.0 2.25656
4150.0 5450.0 1.70862
4250.0 5450.0 0.93758
4350.0 5450.0 0.15345
4450.0 5450.0 -0.71850
4550.0 5450.0 -1.38165
4650.0 5450.0 -1.47951
4750.0 5450.0 -0.97898
4850.0 5450.0 -0.21775
4950.0 5450.0 0.38620
5050.0 5450.0 0.89792
5150.0 5450.0 1.57844
5250.0 5450.0 2.11153
5350.0 5450.0 2.09606
5450.0 5450.0 1.45403
5550.0 5450.0 0.49105
5650.0 5450.0 -0.39083
5750.0 5450.0 -1.15434
5850.0 5450.0 -1.67416
5950.0 5450.0 -1.75412
6050.0 5450.0 -1.41955
6150.0 5450.0 -0.93532
6250.0 5450.0 -0.66605
6350.0 5450.0 -0.77873
50.0 5550.0 -0.01771
150.0 5550.0 -0.18473
250.0 5550.0 -0.54297
350.0 5550.0 -1.17702
450.0 5550.0 -1.73552
550.0 5550.0 -1.82910
650.0 5550.0 -1.35801
750.0 5550.0 -0.54992
850.0 5550.0 0.29052
950.0 5550.0 0.94691
1050.0 5550.0 1.07889
1150.0 5550.0 0.66916
1250.0 5550.0 0.01224
1350.0 5550.0 -0.45394
1450.0 5550.0 -0.39494
1550.0 5550.0 0.10317
1650.0 5550.0 0.75112
1750.0 5550.0 1.41026
1850.0 5550.0 1.72269
1950.0 5550.0 1.48805
2050.0 5550.0 0.84490
2150.0 5550.0 0.15737
2250.0 5550.0 -0.37794
2350.0 5550.0 -0.71726
2450.0 5550.0 -0.67025
2550.0 5550.0 -0.29062
2650.0 5550.0 0.17883
2750.0 5550.0 0.44081
2850.0 5550.0 0.31913
2950.0 5550.0 -0.05265
3050.0 5550.0 -0.57839
3150.0 5550.0 -1.14510
3250.0 5550.0 -1.44367
3350.0 5550.0 -1.30496
3450.0 5550.0 -0.83110
3550.0 5550.0 -0.29320
3650.0 5550.0 0.21085
3750.0 5550.0 0.95736
3850.0 5550.0 1.76381
3950.0 5550.0 2.16487
4050.0 5550.0 1.91949
4150.0 5550.0 1.18569
4250.0 5550.0 0.35428
4350.0 5550.0 -0.43193
4450.0 5550.0 -1.28542
4550.0 5550.0 -1.90285
4650.0 5550.0 -1.93921
4750.0 5550.0 -1.38158
4850.0 5550.0 -0.58562
4950.0 5550.0 0.02650
5050.0 5550.0 0.54815
5150.0 5550.0 1.31411
5250.0 5550.0 2.01989
5350.0 5550.0 2.21302
5450.0 5550.0 1.74497
5550.0 5550.0 0.86999
5650.0 5550.0 -0.00902
5750.0 5550.0 -0.78598
5850.0 5550.0 -1.27819
5950.0 5550.0 -1.28554
6050.0 5550.0 -0.85979
6150.0 5550.0 -0.30220
6250.0 5550.0 -0.00410
6350.0 5550.0 -0.13080
50.0 5650.0 0.79105
150.0 5650.0 0.64390
250.0 5650.0 0.24832
350.0 5650.0 -0.56053
450.0 5650.0 -1.42910
550.0 5650.0 -1.88322
650.0 5650.0 -1.71059
750.0 5650.0 -1.05985
850.0 5650.0 -0.25734
950.0 5650.0 0.41738
1050.0 5650.0 0.67534
1150.0 5650.0 0.48561
1250.0 5650.0 0.07221
1350.0 5650.0 -0.21009
1450.0 5650.0 -0.07703
1550.0 5650.0 0.41475
1650.0 5650.0 1.07121
1750.0 5650.0 1.79862
1850.0 5650.0 2.23529
1950.0 5650.0 2.14499
2050.0 5650.0 1.61861
2150.0 5650.0 0.98816
2250.0 5650.0 0.46424
2350.0 5650.0 0.04630
2450.0 5650.0 -0.15972
2550.0 5650.0 -0.16443
2650.0 5650.0 -0.09149
2750.0 5650.0 -0.11209
2850.0 5650.0 -0.34162
2950.0 5650.0 -0.71586
3050.0 5650.0 -1.16385
3150.0 5650.0 -1.52487
3250.0 5650.0 -1.53445
3350.0 5650.0 -1.11577
3450.0 5650.0 -0.45820
3550.0 5650.0 0.13584
3650.0 5650.0 0.62690
3750.0 5650.0 1.27825
3850.0 5650.0 1.87344
3950.0 5650.0 2.00112
4050.0 5650.0 1.50915
4150.0 5650.0 0.62915
4250.0 5650.0 -0.23307
4350.0 5650.0 -1.00357
4450.0 5650.0 -1.84604
4550.0 5650.0 -2.46388
4650.0 5650.0 -2.51253
4750.0 5650.0 -1.97284
4850.0 5650.0 -1.19055
4950.0 5650.0 -0.58151
5050.0 5650.0 -0.04458
5150.0 5650.0 0.82937
5250.0 5650.0 1.75713
5350.0 5650.0 2.22923
5450.0 5650.0 2.00895
5550.0 5650.0 1.27894
5650.0 5650.0 0.43494
5750.0 5650.0 -0.33862
5850.0 5650.0 -0.82133
5950.0 5650.0 -0.80931
6050.0 5650.0 -0.35587
6150.0 5650.0 0.23141
6250.0 5650.0 0.55343
6350.0 5650.0 0.44194
50.0 5750.0 1.75472
150.0 5750.0 1.65900
250.0 5750.0 1.27576
350.0 5750.0 0.41073
450.0 5750.0 -0.63826
550.0 5750.0 -1.39076
650.0 5750.0 -1.55769
750.0 5750.0 -1.18502
850.0 5750.0 -0.56713
950.0 5750.0 -0.00284
1050.0 5750.0 0.31161
1150.0 5750.0 0.33602
1250.0 5750.0 0.19206
1350.0 5750.0 0.10083
1450.0 5750.0 0.25606
1550.0 5750.0 0.63869
1650.0 5750.0 1.18430
1750.0 5750.0 1.87384
1850.0 5750.0 2.40043
1950.0 5750.0 2.51631
2050.0 5750.0 2.22953
2150.0 5750.0 1.77135
2250.0 5750.0 1.33939
2350.0 5750.0 0.93478
2450.0 5750.0 0.57879
2550.0 5750.0 0.27176
2650.0 5750.0 -0.01330
2750.0 5750.0 -0.31684
2850.0 5750.0 -0.66810
2950.0 5750.0 -1.05603
3050.0 5750.0 -1.46498
3150.0 5750.0 -1.71961
3250.0 5750.0 -1.59794
3350.0 5750.0 -1.08071
3450.0 5750.0 -0.39483
3550.0 5750.0 0.15887
3650.0 5750.0 0.57490
3750.0 5750.0 1.07941
3850.0 5750.0 1.47136
3950.0 5750.0 1.43422
4050.0 5750.0 0.88966
4150.0 5750.0 0.07431
4250.0 5750.0 -0.66123
4350.0 5750.0 -1.30080
4450.0 5750.0 -2.06408
4550.0 5750.0 -2.70589
4650.0 5750.0 -2.88023
4750.0 5750.0 -2.50922
4850.0 5750.0 -1.85174
4950.0 5750.0 -1.27135
5050.0 5750.0 -0.70750
5150.0 5750.0 0.28325
5250.0 5750.0 1.43973
5350.0 5750.0 2.19873
5450.0 5750.0 2.23788
5550.0 5750.0 1.66855
5650.0 5750.0 0.87757
5750.0 5750.0 0.10857
5850.0 5750.0 -0.44505
5950.0 5750.0 -0.56374
6050.0 5750.0 -0.23500
6150.0 5750.0 0.29389
6250.0 5750.0 0.64579
6350.0 5750.0 0.62600
50.0 5850.0 2.48711
150.0 5850.0 2.47012
250.0 5850.0 2.17661
350.0 5850.0 1.47065
450.0 5850.0 0.51879
550.0 5850.0 -0.32353
650.0 5850.0 -0.77673
750.0 5850.0 -0.78169
850.0 5850.0 -0.52390
950.0 5850.0 -0.23555
1050.0 5850.0 0.02692
1150.0 5850.0 0.22172
1250.0 5850.0 0.33950
1350.0 5850.0 0.41788
1450.0 5850.0 0.51737
1550.0 5850.0 0.66189
1650.0 5850.0 0.93691
1750.0 5850.0 1.41852
1850.0 5850.0 1.93292
1950.0 5850.0 2.26900
2050.0 5850.0 2.32822
2150.0 5850.0 2.16619
2250.0 5850.0 1.92543
2350.0 5850.0 1.67169
2450.0 5850.0 1.36247
2550.0 5850.0 0.95693
2650.0 5850.0 0.46541
2750.0 5850.0 -0.04854
2850.0 5850.0 -0.51129
2950.0 5850.0 -0.92538
3050.0 5850.0 -1.34230
3150.0 5850.0 -1.61122
3250.0 5850.0 -1.55038
3350.0 5850.0 -1.15606
3450.0 5850.0 -0.63213
3550.0 5850.0 -0.23743
3650.0 5850.0 0.02705
3750.0 5850.0 0.32328
3850.0 5850.0 0.52795
3950.0 5850.0 0.46863
4050.0 5850.0 0.11956
4150.0 5850.0 -0.36490
4250.0 5850.0 -0.77703
4350.0 5850.0 -1.14119
4450.0 5850.0 -1.72505
4550.0 5850.0 -2.38502
4650.0 5850.0 -2.77995
4750.0 5850.0 -2.72263
4850.0 5850.0 -2.30217
4950.0 5850.0 -1.77535
5050.0 5850.0 -1.17614
5150.0 5850.0 -0.10501
5250.0 5850.0 1.19042
5350.0 5850.0 2.12272
5450.0 5850.0 2.32631
5550.0 5850.0 1.87348
5650.0 5850.0 1.14319
5750.0 5850.0 0.38328
5850.0 5850.0 -0.32068
5950.0 5850.0 -0.71669
6050.0 5850.0 -0.65374
6150.0 5850.0 -0.25151
6250.0 5850.0 0.16002
6350.0 5850.0 0.33095
50.0 5950.0 2.53926
150.0 5950.0 2.59877
250.0 5950.0 2.45495
350.0 5950.0 2.10701
450.0 5950.0 1.54731
550.0 5950.0 0.89482
650.0 5950.0 0.32066
750.0 5950.0 -0.04565
850.0 5950.0 -0.22804
950.0 5950.0 -0.30690
1050.0 5950.0 -0.18083
1150.0 5950.0 0.11381
1250.0 5950.0 0.43674
1350.0 5950.0 0.63369
1450.0 5950.0 0.62034
1550.0 5950.0 0.45987
1650.0 5950.0 0.36817
1750.0 5950.0 0.50479
1850.0 5950.0 0.87580
1950.0 5950.0 1.35532
2050.0 5950.0 1.75264
2150.0 5950.0 1.92388
2250.0 5950.0 1.92347
2350.0 5950.0 1.92142
2450.0 5950.0 1.85025
2550.0 5950.0 1.58533
2650.0 5950.0 1.10225
2750.0 5950.0 0.51187
2850.0 5950.0 -0.02065
2950.0 5950.0 -0.46534
3050.0 5950.0 -0.91245
3150.0 5950.0 -1.25259
3250.0 5950.0 -1.34387
3350.0 5950.0 -1.17863
3450.0 5950.0 -0.90884
3550.0 5950.0 -0.73163
3650.0 5950.0 -0.65694
3750.0 5950.0 -0.59666
3850.0 5950.0 -0.56340
3950.0 5950.0 -0.56246
4050.0 5950.0 -0.58110
4150.0 5950.0 -0.59418
4250.0 5950.0 -0.58197
4350.0 5950.0 -0.59594
4450.0 5950.0 -0.92916
4550.0 5950.0 -1.55809
4650.0 5950.0 -2.16091
4750.0 5950.0 -2.43480
4850.0 5950.0 -2.27390
4950.0 5950.0 -1.80421
5050.0 5950.0 -1.17340
5150.0 5950.0 -0.10331
5250.0 5950.0 1.15517
5350.0 5950.0 2.03928
5450.0 5950.0 2.21388
5550.0 5950.0 1.77083
5650.0 5950.0 1.08579
5750.0 5950.0 0.34152
5850.0 5950.0 -0.52567
5950.0 5950.0 -1.22030
6050.0 5950.0 -1.43057
6150.0 5950.0 -1.13497
6250.0 5950.0 -0.61901
6350.0 5950.0 -0.20177
50.0 6050.0 1.86080
150.0 6050.0 1.96703
250.0 6050.0 1.98165
350.0 6050.0 2.06132
450.0 6050.0 2.03760
550.0 6050.0 1.76455
650.0 6050.0 1.24977
750.0 6050.0 0.64222
850.0 6050.0 0.07839
950.0 6050.0 -0.33447
1050.0 6050.0 -0.35758
1150.0 6050.0 -0.01957
1250.0 6050.0 0.43644
1350.0 6050.0 0.70120
1450.0 6050.0 0.57076
1550.0 6050.0 0.13716
1650.0 6050.0 -0.30045
1750.0 6050.0 -0.53555
1850.0 6050.0 -0.39268
1950.0 6050.0 0.10868
2050.0 6050.0 0.72915
2150.0 6050.0 1.16489
2250.0 6050.0 1.37705
2350.0 6050.0 1.63413
2450.0 6050.0 1.87790
2550.0 6050.0 1.89083
2650.0 6050.0 1.57043
2750.0 6050.0 1.02116
2850.0 6050.0 0.46749
2950.0 6050.0 -0.00184
3050.0 6050.0 -0.46449
3150.0 6050.0 -0.83808
3250.0 6050.0 -1.02230
3350.0 6050.0 -1.01918
3450.0 6050.0 -0.94741
3550.0 6050.0 -0.95411
3650.0 6050.0 -1.04825
3750.0 6050.0 -1.20285
3850.0 6050.0 -1.33426
3950.0 6050.0 -1.29642
4050.0 6050.0 -1.03707
4150.0 6050.0 -0.64122
4250.0 6050.0 -0.25477
4350.0 6050.0 0.04556
4450.0 6050.0 -0.03478
4550.0 6050.0 -0.56916
4650.0 6050.0 -1.26938
4750.0 6050.0 -1.75754
4850.0 6050.0 -1.77836
4950.0 6050.0 -1.34647
5050.0 6050.0 -0.69758
5150.0 6050.0 0.29254
5250.0 6050.0 1.35443
5350.0 6050.0 1.98982
5450.0 6050.0 1.95623
5550.0 6050.0 1.41599
5650.0 6050.0 0.74703
5750.0 6050.0 0.02321
5850.0 6050.0 -0.94779
5950.0 6050.0 -1.82788
6050.0 6050.0 -2.18406
6150.0 6050.0 -1.90028
6250.0 6050.0 -1.24594
6350.0 6050.0 -0.60093
50.0 6150.0 0.85036
150.0 6150.0 0.96357
250.0 6150.0 1.08721
350.0 6150.0 1.48797
450.0 6150.0 1.89970
550.0 6150.0 1.98608
650.0 6150.0 1.61532
750.0 6150.0 0.91945
850.0 6150.0 0.13962
950.0 6150.0 -0.46630
1050.0 6150.0 -0.56974
1150.0 6150.0 -0.19551
1250.0 6150.0 0.35001
1350.0 6150.0 0.66338
1450.0 6150.0 0.46865
1550.0 6150.0 -0.12417
1650.0 6150.0 -0.77933
1750.0 6150.0 -1.28276
1850.0 6150.0 -1.35272
1950.0 6150.0 -0.92234
2050.0 6150.0 -0.23302
2150.0 6150.0 0.33186
2250.0 6150.0 0.66672
2350.0 6150.0 1.08967
2450.0 6150.0 1.56006
2550.0 6150.0 1.79854
2650.0 6150.0 1.63745
2750.0 6150.0 1.15745
2850.0 6150.0 0.60842
2950.0 6150.0 0.12741
3050.0 6150.0 -0.30719
3150.0 6150.0 -0.60225
3250.0 6150.0 -0.70178
3350.0 6150.0 -0.65690
3450.0 6150.0 -0.60892
3550.0 6150.0 -0.69184
3650.0 6150.0 -0.88585
3750.0 6150.0 -1.19704
3850.0 6150.0 -1.49995
3950.0 6150.0 -1.54308
4050.0 6150.0 -1.21882
4150.0 6150.0 -0.64687
4250.0 6150.0 -0.06094
4350.0 6150.0 0.42595
4450.0 6150.0 0.52838
4550.0 6150.0 0.12762
4650.0 6150.0 -0.52693
4750.0 6150.0 -1.04610
4850.0 6150.0 -1.11544
4950.0 6150.0 -0.69037
5050.0 6150.0 -0.03863
5150.0 6150.0 0.84381
5250.0 6150.0 1.66464
5350.0 6150.0 1.99602
5450.0 6150.0 1.70018
5550.0 6150.0 1.02153
5650.0 6150.0 0.34330
5750.0 6150.0 -0.36003
5850.0 6150.0 -1.33762
5950.0 6150.0 -2.22131
6050.0 6150.0 -2.53588
6150.0 6150.0 -2.15057
6250.0 6150.0 -1.35602
6350.0 6150.0 -0.56667
50.0 6250.0 -0.00764
150.0 6250.0 0.08414
250.0 6250.0 0.24468
350.0 6250.0 0.77000
450.0 6250.0 1.36858
550.0 6250.0 1.63490
650.0 6250.0 1.37411
750.0 6250.0 0.69449
850.0 6250.0 -0.13075
950.0 6250.0 -0.77087
1050.0 6250.0 -0.85359
1150.0 6250.0 -0.40696
1250.0 6250.0 0.22884
1350.0 6250.0 0.60650
1450.0 6250.0 0.42049
1550.0 6250.0 -0.20720
1650.0 6250.0 -0.92756
1750.0 6250.0 -1.54151
1850.0 6250.0 -1.73569
1950.0 6250.0 -1.40040
2050.0 6250.0 -0.75277
2150.0 6250.0 -0.18162
2250.0 6250.0 0.17996
2350.0 6250.0 0.63987
2450.0 6250.0 1.15843
2550.0 6250.0 1.44275
2650.0 6250.0 1.31205
2750.0 6250.0 0.84350
2850.0 6250.0 0.29383
2950.0 6250.0 -0.18658
3050.0 6250.0 -0.54752
3150.0 6250.0 -0.64698
3250.0 6250.0 -0.47557
3350.0 6250.0 -0.17431
3450.0 6250.0 0.03416
3550.0 6250.0 -0.01020
3650.0 6250.0 -0.23010
3750.0 6250.0 -0.63811
3850.0 6250.0 -1.12695
3950.0 6250.0 -1.38752
4050.0 6250.0 -1.23677
4150.0 6250.0 -0.74513
4250.0 6250.0 -0.14954
4350.0 6250.0 0.38461
4450.0 6250.0 0.57557
4550.0 6250.0 0.30866
4650.0 6250.0 -0.20092
4750.0 6250.0 -0.60402
4850.0 6250.0 -0.60922
4950.0 6250.0 -0.16575
5050.0 6250.0 0.47968
5150.0 6250.0 1.28169
5250.0 6250.0 1.93172
5350.0 6250.0 2.04815
5450.0 6250.0 1.56348
5550.0 6250.0 0.77845
5650.0 6250.0 0.08112
5750.0 6250.0 -0.60555
5850.0 6250.0 -1.50960
5950.0 6250.0 -2.24863
6050.0 6250.0 -2.37726
6150.0 6250.0 -1.81760
6250.0 6250.0 -0.90782
6350.0 6250.0 -0.06909
50.0 6350.0 -0.70737
150.0 6350.0 -0.62765
250.0 6350.0 -0.44331
350.0 6350.0 0.13567
450.0 6350.0 0.81843
550.0 6350.0 1.18177
650.0 6350.0 1.00593
750.0 6350.0 0.38080
850.0 6350.0 -0.41647
950.0 6350.0 -1.02359
1050.0 6350.0 -1.04976
1150.0 6350.0 -0.52800
1250.0 6350.0 0.18492
1350.0 6350.0 0.62427
1450.0 6350.0 0.47567
1550.0 6350.0 -0.13164
1650.0 6350.0 -0.85600
1750.0 6350.0 -1.52972
1850.0 6350.0 -1.83327
1950.0 6350.0 -1.62206
2050.0 6350.0 -1.06978
2150.0 6350.0 -0.53805
2250.0 6350.0 -0.17702
2350.0 6350.0 0.28356
2450.0 6350.0 0.79705
2550.0 6350.0 1.06884
2650.0 6350.0 0.92055
2750.0 6350.0 0.43486
2850.0 6350.0 -0.12642
2950.0 6350.0 -0.60946
3050.0 6350.0 -0.88692
3150.0 6350.0 -0.75349
3250.0 6350.0 -0.24762
3350.0 6350.0 0.38395
3450.0 6350.0 0.81482
3550.0 6350.0 0.84423
3650.0 6350.0 0.61785
3750.0 6350.0 0.12499
3850.0 6350.0 -0.56771
3950.0 6350.0 -1.10904
4050.0 6350.0 -1.23072
4150.0 6350.0 -0.92182
4250.0 6350.0 -0.39183
4350.0 6350.0 0.13469
4450.0 6350.0 0.38404
4550.0 6350.0 0.26499
4650.0 6350.0 -0.04622
4750.0 6350.0 -0.26735
4850.0 6350.0 -0.16532
4950.0 6350.0 0.29804
5050.0 6350.0 0.92298
5150.0 6350.0 1.64564
5250.0 6350.0 2.15003
5350.0 6350.0 2.09551
5450.0 6350.0 1.46901
5550.0 6350.0 0.60940
5650.0 6350.0 -0.09756
5750.0 6350.0 -0.75959
5850.0 6350.0 -1.55747
5950.0 6350.0 -2.10751
6050.0 6350.0 -2.02162
6150.0 6350.0 -1.29222
6250.0 6350.0 -0.30290
6350.0 6350.0 0.53513
