50.0 50.0 -0.50867
150.0 50.0 -0.32670
250.0 50.0 0.18685
350.0 50.0 0.79439
450.0 50.0 1.28029
550.0 50.0 1.31695
650.0 50.0 0.88435
750.0 50.0 0.32011
850.0 50.0 -0.07144
950.0 50.0 -0.51368
1050.0 50.0 -1.00938
1150.0 50.0 -1.21680
1250.0 50.0 -0.97120
1350.0 50.0 -0.45406
1450.0 50.0 0.03187
1550.0 50.0 0.43318
1650.0 50.0 0.60811
1750.0 50.0 0.47768
1850.0 50.0 0.17041
1950.0 50.0 -0.04938
2050.0 50.0 -0.00852
2150.0 50.0 0.15737
2250.0 50.0 0.39243
2350.0 50.0 0.55261
2450.0 50.0 0.51094
2550.0 50.0 0.29541
2650.0 50.0 0.04524
2750.0 50.0 -0.18659
2850.0 50.0 -0.39101
2950.0 50.0 -0.46043
3050.0 50.0 -0.35209
3150.0 50.0 -0.15685
3250.0 50.0 -0.02276
3350.0 50.0 0.08347
3450.0 50.0 0.48998
3550.0 50.0 1.01936
3650.0 50.0 1.23837
3750.0 50.0 0.95150
3850.0 50.0 0.32300
3950.0 50.0 -0.36972
4050.0 50.0 -0.95049
4150.0 50.0 -1.14632
4250.0 50.0 -0.86105
4350.0 50.0 -0.34451
4450.0 50.0 -0.02313
4550.0 50.0 0.00173
4650.0 50.0 0.16615
4750.0 50.0 0.50947
4850.0 50.0 0.75432
4950.0 50.0 0.69104
5050.0 50.0 0.33795
5150.0 50.0 -0.12766
5250.0 50.0 -0.69458
5350.0 50.0 -1.24001
5450.0 50.0 -1.38979
5550.0 50.0 -1.02916
5650.0 50.0 -0.43288
5750.0 50.0 0.05983
5850.0 50.0 0.55439
5950.0 50.0 1.01849
6050.0 50.0 1.15478
6150.0 50.0 0.86464
6250.0 50.0 0.37685
6350.0 50.0 0.00000
50.0 150.0 -0.27497
150.0 150.0 -0.08798
250.0 150.0 0.40517
350.0 150.0 0.93438
450.0 150.0 1.23207
550.0 150.0 1.01940
650.0 150.0 0.36907
750.0 150.0 -0.31053
850.0 150.0 -0.72614
950.0 150.0 -1.10986
1050.0 150.0 -1.36813
1150.0 150.0 -1.21161
1250.0 150.0 -0.62067
1350.0 150.0 0.09036
1450.0 150.0 0.60589
1550.0 150.0 1.01344
1650.0 150.0 1.23167
1750.0 150.0 1.16865
1850.0 150.0 0.92057
1950.0 150.0 0.72573
2050.0 150.0 0.75618
2150.0 150.0 0.86748
2250.0 150.0 0.89470
2350.0 150.0 0.71865
2450.0 150.0 0.34225
2550.0 150.0 -0.07947
2650.0 150.0 -0.37325
2750.0 150.0 -0.59217
2850.0 150.0 -0.80266
2950.0 150.0 -0.90674
3050.0 150.0 -0.85085
3150.0 150.0 -0.70203
3250.0 150.0 -0.58922
3350.0 150.0 -0.48865
3450.0 150.0 -0.07833
3550.0 150.0 0.47802
3650.0 150.0 0.74821
3750.0 150.0 0.52009
3850.0 150.0 -0.06427
3950.0 150.0 -0.72764
4050.0 150.0 -1.27943
4150.0 150.0 -1.45362
4250.0 150.0 -1.16145
4350.0 150.0 -0.64945
4450.0 150.0 -0.33223
4550.0 150.0 -0.30667
4650.0 150.0 -0.18199
4750.0 150.0 0.05668
4850.0 150.0 0.17664
4950.0 150.0 0.02745
5050.0 150.0 -0.34138
5150.0 150.0 -0.77288
5250.0 150.0 -1.24753
5350.0 150.0 -1.58799
5450.0 150.0 -1.47200
5550.0 150.0 -0.88172
5650.0 150.0 -0.16293
5750.0 150.0 0.35616
5850.0 150.0 0.87982
5950.0 150.0 1.42538
6050.0 150.0 1.67420
6150.0 150.0 1.48191
6250.0 150.0 1.04252
6350.0 150.0 0.66608
50.0 250.0 0.05590
150.0 250.0 0.22980
250.0 250.0 0.62354
350.0 250.0 1.00706
450.0 250.0 1.09516
550.0 250.0 0.65656
650.0 250.0 -0.17596
750.0 250.0 -0.96589
850.0 250.0 -1.44234
950.0 250.0 -1.82486
1050.0 250.0 -1.93199
1150.0 250.0 -1.50906
1250.0 250.0 -0.65470
1350.0 250.0 0.19919
1450.0 250.0 0.71763
1550.0 250.0 1.14365
1650.0 250.0 1.52191
1750.0 250.0 1.70459
1850.0 250.0 1.66167
1950.0 250.0 1.53628
2050.0 250.0 1.50284
2150.0 250.0 1.47496
2250.0 250.0 1.20780
2350.0 250.0 0.66072
2450.0 250.0 -0.00434
2550.0 250.0 -0.53797
2650.0 250.0 -0.79456
2750.0 250.0 -0.93029
2850.0 250.0 -1.03849
2950.0 250.0 -1.05858
3050.0 250.0 -0.97580
3150.0 250.0 -0.85253
3250.0 250.0 -0.77729
3350.0 250.0 -0.71162
3450.0 250.0 -0.37077
3550.0 250.0 0.12975
3650.0 250.0 0.42807
3750.0 250.0 0.31919
3850.0 250.0 -0.11264
3950.0 250.0 -0.63402
4050.0 250.0 -1.05284
4150.0 250.0 -1.14584
4250.0 250.0 -0.85252
4350.0 250.0 -0.38993
4450.0 250.0 -0.10514
4550.0 250.0 -0.07340
4650.0 250.0 -0.03411
4750.0 250.0 -0.00481
4850.0 250.0 -0.08537
4950.0 250.0 -0.29888
5050.0 250.0 -0.56835
5150.0 250.0 -0.81454
5250.0 250.0 -1.12850
5350.0 250.0 -1.42015
5450.0 250.0 -1.38833
5550.0 250.0 -0.94417
5650.0 250.0 -0.31356
5750.0 250.0 0.22908
5850.0 250.0 0.83931
5950.0 250.0 1.56106
6050.0 250.0 2.01249
6150.0 250.0 1.96014
6250.0 250.0 1.55652
6350.0 250.0 1.14091
50.0 350.0 0.35045
150.0 350.0 0.46472
250.0 350.0 0.68880
350.0 350.0 0.90973
450.0 350.0 0.89314
550.0 350.0 0.42112
650.0 350.0 -0.40982
750.0 350.0 -1.22702
850.0 350.0 -1.78598
950.0 350.0 -2.24438
1050.0 350.0 -2.37254
1150.0 350.0 -1.91382
1250.0 350.0 -1.00462
1350.0 350.0 -0.12981
1450.0 350.0 0.35476
1550.0 350.0 0.79478
1650.0 350.0 1.36830
1750.0 350.0 1.84453
1850.0 350.0 2.02680
1950.0 350.0 1.94402
2050.0 350.0 1.78568
2150.0 350.0 1.56489
2250.0 350.0 1.03717
2350.0 350.0 0.28032
2450.0 350.0 -0.43111
2550.0 350.0 -0.86065
2650.0 350.0 -0.97274
2750.0 350.0 -0.96646
2850.0 350.0 -0.89523
2950.0 350.0 -0.76078
3050.0 350.0 -0.61851
3150.0 350.0 -0.52842
3250.0 350.0 -0.51336
3350.0 350.0 -0.50953
3450.0 350.0 -0.31686
3550.0 350.0 0.02342
3650.0 350.0 0.29084
3750.0 350.0 0.32374
3850.0 350.0 0.12674
3950.0 350.0 -0.15641
4050.0 350.0 -0.36474
4150.0 350.0 -0.35510
4250.0 350.0 -0.10376
4350.0 350.0 0.23962
4450.0 350.0 0.45394
4550.0 350.0 0.49607
4650.0 350.0 0.42610
4750.0 350.0 0.19880
4850.0 350.0 -0.08908
4950.0 350.0 -0.29757
5050.0 350.0 -0.34321
5150.0 350.0 -0.27050
5250.0 350.0 -0.36383
5350.0 350.0 -0.73935
5450.0 350.0 -1.09095
5550.0 350.0 -1.11486
5650.0 350.0 -0.75294
5750.0 350.0 -0.18900
5850.0 350.0 0.54046
5950.0 350.0 1.45285
6050.0 350.0 2.07948
6150.0 350.0 2.10115
6250.0 350.0 1.66186
6350.0 350.0 1.16062
50.0 450.0 0.47338
150.0 450.0 0.48138
250.0 450.0 0.52804
350.0 450.0 0.64328
450.0 450.0 0.70276
550.0 450.0 0.45301
650.0 450.0 -0.14833
750.0 450.0 -0.87633
850.0 450.0 -1.50515
950.0 450.0 -2.08354
1050.0 450.0 -2.38200
1150.0 450.0 -2.10929
1250.0 450.0 -1.35357
1350.0 450.0 -0.57582
1450.0 450.0 -0.14697
1550.0 450.0 0.28563
1650.0 450.0 0.96463
1750.0 450.0 1.58840
1850.0 450.0 1.84812
1950.0 450.0 1.71433
2050.0 450.0 1.40603
2150.0 450.0 1.01572
2250.0 450.0 0.38248
2350.0 450.0 -0.30390
2450.0 450.0 -0.76011
2550.0 450.0 -0.88135
2650.0 450.0 -0.78869
2750.0 450.0 -0.63898
2850.0 450.0 -0.40612
2950.0 450.0 -0.15715
3050.0 450.0 -0.00362
3150.0 450.0 0.01666
3250.0 450.0 -0.04209
3350.0 450.0 -0.10427
3450.0 450.0 -0.08690
3550.0 450.0 0.03958
3650.0 450.0 0.21702
3750.0 450.0 0.35150
3850.0 450.0 0.37912
3950.0 450.0 0.33936
4050.0 450.0 0.32962
4150.0 450.0 0.40120
4250.0 450.0 0.55394
4350.0 450.0 0.72957
4450.0 450.0 0.85160
4550.0 450.0 0.90371
4650.0 450.0 0.74472
4750.0 450.0 0.31829
4850.0 450.0 -0.09506
4950.0 450.0 -0.22242
5050.0 450.0 -0.00042
5150.0 450.0 0.40471
5250.0 450.0 0.53738
5350.0 450.0 0.07187
5450.0 450.0 -0.67971
5550.0 450.0 -1.19029
5650.0 450.0 -1.10759
5750.0 450.0 -0.52218
5850.0 450.0 0.30484
5950.0 450.0 1.31414
6050.0 450.0 1.96614
6150.0 450.0 1.91343
6250.0 450.0 1.34838
6350.0 450.0 0.74104
50.0 550.0 0.42144
150.0 550.0 0.31205
250.0 550.0 0.24157
350.0 550.0 0.33782
450.0 550.0 0.59135
550.0 550.0 0.68691
650.0 550.0 0.41292
750.0 550.0 -0.16521
850.0 550.0 -0.82682
950.0 550.0 -1.50285
1050.0 550.0 -1.98411
1150.0 550.0 -1.94101
1250.0 550.0 -1.38764
1350.0 550.0 -0.73084
1450.0 550.0 -0.34803
1550.0 550.0 0.05523
1650.0 550.0 0.69436
1750.0 550.0 1.23873
1850.0 550.0 1.37445
1950.0 550.0 1.10121
2050.0 550.0 0.67274
2150.0 550.0 0.19505
2250.0 550.0 -0.38677
2350.0 550.0 -0.81840
2450.0 550.0 -0.88933
2550.0 550.0 -0.66576
2650.0 550.0 -0.40091
2750.0 550.0 -0.16443
2850.0 550.0 0.13159
2950.0 550.0 0.37584
3050.0 550.0 0.44895
3150.0 550.0 0.36199
3250.0 550.0 0.23519
3350.0 550.0 0.12857
3450.0 550.0 0.01546
3550.0 550.0 -0.03398
3650.0 550.0 0.03948
3750.0 550.0 0.20375
3850.0 550.0 0.36170
3950.0 550.0 0.47615
4050.0 550.0 0.57337
4150.0 550.0 0.63558
4250.0 550.0 0.66292
4350.0 550.0 0.68051
4450.0 550.0 0.72123
4550.0 550.0 0.77861
4650.0 550.0 0.57917
4750.0 550.0 0.07117
4850.0 550.0 -0.36032
4950.0 550.0 -0.38188
5050.0 550.0 0.03805
5150.0 550.0 0.65953
5250.0 550.0 0.96525
5350.0 550.0 0.53398
5450.0 550.0 -0.34076
5550.0 550.0 -1.04118
5650.0 550.0 -1.07136
5750.0 550.0 -0.46206
5850.0 550.0 0.40350
5950.0 550.0 1.38015
6050.0 550.0 1.90057
6150.0 550.0 1.65658
6250.0 550.0 0.92598
6350.0 550.0 0.23353
50.0 650.0 0.30309
150.0 650.0 0.10417
250.0 650.0 -0.00048
350.0 650.0 0.13503
450.0 650.0 0.56908
550.0 650.0 0.93552
650.0 650.0 0.90736
750.0 650.0 0.45099
850.0 650.0 -0.20798
950.0 650.0 -0.91386
1050.0 650.0 -1.45958
1150.0 650.0 -1.50187
1250.0 650.0 -1.02539
1350.0 650.0 -0.41372
1450.0 650.0 -0.04513
1550.0 650.0 0.32040
1650.0 650.0 0.81699
1750.0 650.0 1.12684
1850.0 650.0 1.01713
1950.0 650.0 0.57702
2050.0 650.0 0.08844
2150.0 650.0 -0.39404
2250.0 650.0 -0.86573
2350.0 650.0 -1.06186
2450.0 650.0 -0.85437
2550.0 650.0 -0.42338
2650.0 650.0 -0.08149
2750.0 650.0 0.16901
2850.0 650.0 0.41995
2950.0 650.0 0.54502
3050.0 650.0 0.46541
3150.0 650.0 0.25689
3250.0 650.0 0.08151
3350.0 650.0 -0.03856
3450.0 650.0 -0.20125
3550.0 650.0 -0.33072
3650.0 650.0 -0.32583
3750.0 650.0 -0.18623
3850.0 650.0 -0.00768
3950.0 650.0 0.14380
4050.0 650.0 0.24311
4150.0 650.0 0.24254
4250.0 650.0 0.16158
4350.0 650.0 0.07693
4450.0 650.0 0.06976
4550.0 650.0 0.12685
4650.0 650.0 -0.06994
4750.0 650.0 -0.56286
4850.0 650.0 -0.95059
4950.0 650.0 -0.90360
5050.0 650.0 -0.41306
5150.0 650.0 0.26622
5250.0 650.0 0.67340
5350.0 650.0 0.43859
5450.0 650.0 -0.19526
5550.0 650.0 -0.69439
5650.0 650.0 -0.61817
5750.0 650.0 0.01793
5850.0 650.0 0.86700
5950.0 650.0 1.73180
6050.0 650.0 2.05725
6150.0 650.0 1.60779
6250.0 650.0 0.74240
6350.0 650.0 0.00966
50.0 750.0 0.18445
150.0 750.0 -0.09127
250.0 750.0 -0.21127
350.0 750.0 -0.04032
450.0 750.0 0.52397
550.0 750.0 1.08322
650.0 750.0 1.23364
750.0 750.0 0.87383
850.0 750.0 0.23113
950.0 750.0 -0.47270
1050.0 750.0 -1.02117
1150.0 750.0 -1.06963
1250.0 750.0 -0.59891
1350.0 750.0 0.01103
1450.0 750.0 0.38225
1550.0 750.0 0.71584
1650.0 750.0 1.05903
1750.0 750.0 1.11525
1850.0 750.0 0.74832
1950.0 750.0 0.14685
2050.0 750.0 -0.38117
2150.0 750.0 -0.84503
2250.0 750.0 -1.19553
2350.0 750.0 -1.17374
2450.0 750.0 -0.73297
2550.0 750.0 -0.14529
2650.0 750.0 0.24131
2750.0 750.0 0.48032
2850.0 750.0 0.63916
2950.0 750.0 0.59274
3050.0 750.0 0.33126
3150.0 750.0 0.00562
3250.0 750.0 -0.19308
3350.0 750.0 -0.29447
3450.0 750.0 -0.45207
3550.0 750.0 -0.60500
3650.0 750.0 -0.64797
3750.0 750.0 -0.55868
3850.0 750.0 -0.40910
3950.0 750.0 -0.26963
4050.0 750.0 -0.20335
4150.0 750.0 -0.26919
4250.0 750.0 -0.42891
4350.0 750.0 -0.57773
4450.0 750.0 -0.61654
4550.0 750.0 -0.56754
4650.0 750.0 -0.75166
4750.0 750.0 -1.20253
4850.0 750.0 -1.53990
4950.0 750.0 -1.46126
5050.0 750.0 -0.97136
5150.0 750.0 -0.31371
5250.0 750.0 0.15682
5350.0 750.0 0.18337
5450.0 750.0 -0.06413
5550.0 750.0 -0.21587
5650.0 750.0 0.03158
5750.0 750.0 0.66585
5850.0 750.0 1.44905
5950.0 750.0 2.16139
6050.0 750.0 2.28728
6150.0 750.0 1.66848
6250.0 750.0 0.71860
6350.0 750.0 -0.02042
50.0 850.0 0.08405
150.0 850.0 -0.26178
250.0 850.0 -0.44804
350.0 850.0 -0.32858
450.0 850.0 0.24104
550.0 850.0 0.87877
650.0 850.0 1.14621
750.0 850.0 0.87716
850.0 850.0 0.27026
950.0 850.0 -0.41356
1050.0 850.0 -0.95632
1150.0 850.0 -1.00981
1250.0 850.0 -0.54346
1350.0 850.0 0.07379
1450.0 850.0 0.46560
1550.0 850.0 0.80325
1650.0 850.0 1.07500
1750.0 850.0 0.98103
1850.0 850.0 0.43807
1950.0 850.0 -0.29246
2050.0 850.0 -0.86912
2150.0 850.0 -1.32569
2250.0 850.0 -1.52719
2350.0 850.0 -1.21409
2450.0 850.0 -0.44759
2550.0 850.0 0.36756
2650.0 850.0 0.82442
2750.0 850.0 1.04730
2850.0 850.0 1.05767
2950.0 850.0 0.76690
3050.0 850.0 0.29946
3150.0 850.0 -0.09113
3250.0 850.0 -0.21010
3350.0 850.0 -0.17569
3450.0 850.0 -0.19547
3550.0 850.0 -0.27650
3650.0 850.0 -0.36328
3750.0 850.0 -0.39750
3850.0 850.0 -0.35798
3950.0 850.0 -0.28344
4050.0 850.0 -0.26015
4150.0 850.0 -0.33453
4250.0 850.0 -0.47901
4350.0 850.0 -0.61633
4450.0 850.0 -0.67275
4550.0 850.0 -0.66467
4650.0 850.0 -0.83988
4750.0 850.0 -1.22128
4850.0 850.0 -1.50724
4950.0 850.0 -1.46160
5050.0 850.0 -1.09324
5150.0 850.0 -0.59528
5250.0 850.0 -0.15124
5350.0 850.0 0.14698
5450.0 850.0 0.34334
5550.0 850.0 0.55523
5650.0 850.0 0.89036
5750.0 850.0 1.35527
5850.0 850.0 1.89135
5950.0 850.0 2.32705
6050.0 850.0 2.27014
6150.0 850.0 1.63320
6250.0 850.0 0.77446
6350.0 850.0 0.12378
50.0 950.0 0.06693
150.0 950.0 -0.29229
250.0 950.0 -0.59150
350.0 950.0 -0.61830
450.0 950.0 -0.19132
550.0 950.0 0.37846
650.0 950.0 0.67297
750.0 950.0 0.47429
850.0 950.0 -0.07920
950.0 950.0 -0.72679
1050.0 950.0 -1.26157
1150.0 950.0 -1.32818
1250.0 950.0 -0.87353
1350.0 950.0 -0.24482
1450.0 950.0 0.18470
1550.0 950.0 0.57427
1650.0 950.0 0.90827
1750.0 950.0 0.85124
1850.0 950.0 0.29696
1950.0 950.0 -0.47910
2050.0 950.0 -1.10211
2150.0 950.0 -1.58011
2250.0 950.0 -1.70169
2350.0 950.0 -1.19427
2450.0 950.0 -0.18979
2550.0 950.0 0.80405
2650.0 950.0 1.32350
2750.0 950.0 1.53108
2850.0 950.0 1.37879
2950.0 950.0 0.85226
3050.0 950.0 0.24626
3150.0 950.0 -0.09180
3250.0 950.0 -0.00622
3350.0 950.0 0.28168
3450.0 950.0 0.53190
3550.0 950.0 0.61678
3650.0 950.0 0.48844
3750.0 950.0 0.25608
3850.0 950.0 0.10388
3950.0 950.0 0.06080
4050.0 950.0 0.03527
4150.0 950.0 0.01905
4250.0 950.0 -0.00361
4350.0 950.0 -0.04356
4450.0 950.0 -0.09914
4550.0 950.0 -0.16422
4650.0 950.0 -0.32565
4750.0 950.0 -0.58611
4850.0 950.0 -0.78708
4950.0 950.0 -0.81101
5050.0 950.0 -0.67140
5150.0 950.0 -0.47014
5250.0 950.0 -0.17451
5350.0 950.0 0.30140
5450.0 950.0 0.84803
5550.0 950.0 1.30119
5650.0 950.0 1.56524
5750.0 950.0 1.68148
5850.0 950.0 1.80350
5950.0 950.0 1.89573
6050.0 950.0 1.76259
6150.0 950.0 1.34612
6250.0 950.0 0.80594
6350.0 950.0 0.34873
50.0 1050.0 0.15517
150.0 1050.0 -0.13787
250.0 1050.0 -0.55330
350.0 1050.0 -0.75570
450.0 1050.0 -0.53212
550.0 1050.0 -0.10314
650.0 1050.0 0.16169
750.0 1050.0 0.00933
850.0 1050.0 -0.48990
950.0 1050.0 -1.10034
1050.0 1050.0 -1.63493
1150.0 1050.0 -1.72861
1250.0 1050.0 -1.29874
1350.0 1050.0 -0.66431
1450.0 1050.0 -0.19485
1550.0 1050.0 0.27226
1650.0 1050.0 0.76548
1750.0 1050.0 0.89656
1850.0 1050.0 0.47745
1950.0 1050.0 -0.25759
2050.0 1050.0 -0.91073
2150.0 1050.0 -1.43952
2250.0 1050.0 -1.62725
2350.0 1050.0 -1.17780
2450.0 1050.0 -0.19924
2550.0 1050.0 0.79996
2650.0 1050.0 1.33491
2750.0 1050.0 1.53479
2850.0 1050.0 1.27464
2950.0 1050.0 0.62536
3050.0 1050.0 0.01904
3150.0 1050.0 -0.15412
3250.0 1050.0 0.19039
3350.0 1050.0 0.75568
3450.0 1050.0 1.30124
3550.0 1050.0 1.56870
3650.0 1050.0 1.39690
3750.0 1050.0 0.94978
3850.0 1050.0 0.58894
3950.0 1050.0 0.41807
4050.0 1050.0 0.34814
4150.0 1050.0 0.41675
4250.0 1050.0 0.55413
4350.0 1050.0 0.64245
4450.0 1050.0 0.59746
4550.0 1050.0 0.45363
4650.0 1050.0 0.31880
4750.0 1050.0 0.22234
4850.0 1050.0 0.15745
4950.0 1050.0 0.09504
5050.0 1050.0 0.00342
5150.0 1050.0 -0.11768
5250.0 1050.0 -0.03831
5350.0 1050.0 0.45440
5450.0 1050.0 1.12663
5550.0 1050.0 1.60788
5650.0 1050.0 1.66708
5750.0 1050.0 1.38333
5850.0 1050.0 1.07803
5950.0 1050.0 0.89207
6050.0 1050.0 0.82644
6150.0 1050.0 0.79691
6250.0 1050.0 0.69090
6350.0 1050.0 0.46224
50.0 1150.0 0.29110
150.0 1150.0 0.10632
250.0 1150.0 -0.38355
350.0 1150.0 -0.70461
450.0 1150.0 -0.61385
550.0 1150.0 -0.27150
650.0 1150.0 -0.01779
750.0 1150.0 -0.13336
850.0 1150.0 -0.59453
950.0 1150.0 -1.18264
1050.0 1150.0 -1.72883
1150.0 1150.0 -1.85878
1250.0 1150.0 -1.46257
1350.0 1150.0 -0.83355
1450.0 1150.0 -0.33815
1550.0 1150.0 0.19098
1650.0 1150.0 0.83137
1750.0 1150.0 1.15259
1850.0 1150.0 0.88699
1950.0 1150.0 0.21728
2050.0 1150.0 -0.44831
2150.0 1150.0 -1.03576
2250.0 1150.0 -1.40129
2350.0 1150.0 -1.22446
2450.0 1150.0 -0.50984
2550.0 1150.0 0.32965
2650.0 1150.0 0.82984
2750.0 1150.0 1.03052
2850.0 1150.0 0.74371
2950.0 1150.0 0.10206
3050.0 1150.0 -0.40091
3150.0 1150.0 -0.38640
3250.0 1150.0 0.16134
3350.0 1150.0 0.91791
3450.0 1150.0 1.66023
3550.0 1150.0 2.03856
3650.0 1150.0 1.81873
3750.0 1150.0 1.20964
3850.0 1150.0 0.69950
3950.0 1150.0 0.44005
4050.0 1150.0 0.33684
4150.0 1150.0 0.45765
4250.0 1150.0 0.69742
4350.0 1150.0 0.86772
4450.0 1150.0 0.82716
4550.0 1150.0 0.62937
4650.0 1150.0 0.53210
4750.0 1150.0 0.60204
4850.0 1150.0 0.70302
4950.0 1150.0 0.67622
5050.0 1150.0 0.45550
5150.0 1150.0 0.11494
5250.0 1150.0 0.01432
5350.0 1150.0 0.41843
5450.0 1150.0 1.03217
5550.0 1150.0 1.39976
5650.0 1150.0 1.24556
5750.0 1150.0 0.67470
5850.0 1150.0 0.08957
5950.0 1150.0 -0.22883
6050.0 1150.0 -0.15496
6150.0 1150.0 0.17281
6250.0 1150.0 0.41981
6350.0 1150.0 0.35965
50.0 1250.0 0.38775
150.0 1250.0 0.28939
250.0 1250.0 -0.21807
350.0 1250.0 -0.55650
450.0 1250.0 -0.44975
550.0 1250.0 -0.05477
650.0 1250.0 0.26589
750.0 1250.0 0.19781
850.0 1250.0 -0.24697
950.0 1250.0 -0.83267
1050.0 1250.0 -1.39819
1150.0 1250.0 -1.56290
1250.0 1250.0 -1.19929
1350.0 1250.0 -0.58450
1450.0 1250.0 -0.08337
1550.0 1250.0 0.46340
1650.0 1250.0 1.14280
1750.0 1250.0 1.51244
1850.0 1250.0 1.28403
1950.0 1250.0 0.62826
2050.0 1250.0 -0.04252
2150.0 1250.0 -0.67073
2250.0 1250.0 -1.21814
2350.0 1250.0 -1.34913
2450.0 1250.0 -0.95262
2550.0 1250.0 -0.31958
2650.0 1250.0 0.12612
2750.0 1250.0 0.33128
2850.0 1250.0 0.06997
2950.0 1250.0 -0.50429
3050.0 1250.0 -0.90258
3150.0 1250.0 -0.77844
3250.0 1250.0 -0.15106
3350.0 1250.0 0.66320
3450.0 1250.0 1.45127
3550.0 1250.0 1.83228
3650.0 1250.0 1.56037
3750.0 1250.0 0.87310
3850.0 1250.0 0.30616
3950.0 1250.0 0.01829
4050.0 1250.0 -0.10810
4150.0 1250.0 -0.00258
4250.0 1250.0 0.22893
4350.0 1250.0 0.39214
4450.0 1250.0 0.33879
4550.0 1250.0 0.12429
4650.0 1250.0 0.06641
4750.0 1250.0 0.26469
4850.0 1250.0 0.52109
4950.0 1250.0 0.59550
5050.0 1250.0 0.37943
5150.0 1250.0 -0.02369
5250.0 1250.0 -0.19285
5350.0 1250.0 0.14075
5450.0 1250.0 0.67375
5550.0 1250.0 0.94891
5650.0 1250.0 0.69808
5750.0 1250.0 0.03433
5850.0 1250.0 -0.62823
5950.0 1250.0 -0.95392
6050.0 1250.0 -0.78523
6150.0 1250.0 -0.29728
6250.0 1250.0 0.08793
6350.0 1250.0 0.08549
50.0 1350.0 0.48874
150.0 1350.0 0.46095
250.0 1350.0 -0.03115
350.0 1350.0 -0.34034
450.0 1350.0 -0.16616
550.0 1350.0 0.31737
650.0 1350.0 0.71544
750.0 1350.0 0.68909
850.0 1350.0 0.25449
950.0 1350.0 -0.32802
1050.0 1350.0 -0.89812
1150.0 1350.0 -1.07575
1250.0 1350.0 -0.72814
1350.0 1350.0 -0.12475
1450.0 1350.0 0.37283
1550.0 1350.0 0.90921
1650.0 1350.0 1.54870
1750.0 1350.0 1.85488
1850.0 1350.0 1.56330
1950.0 1350.0 0.86831
2050.0 1350.0 0.18772
2150.0 1350.0 -0.46841
2250.0 1350.0 -1.16609
2350.0 1350.0 -1.56045
2450.0 1350.0 -1.44216
2550.0 1350.0 -0.99394
2650.0 1350.0 -0.60017
2750.0 1350.0 -0.38936
2850.0 1350.0 -0.60401
2950.0 1350.0 -1.09405
3050.0 1350.0 -1.40712
3150.0 1350.0 -1.23322
3250.0 1350.0 -0.60286
3350.0 1350.0 0.19101
3450.0 1350.0 0.93452
3550.0 1350.0 1.25156
3650.0 1350.0 0.92329
3750.0 1350.0 0.20805
3850.0 1350.0 -0.35783
3950.0 1350.0 -0.63366
4050.0 1350.0 -0.76141
4150.0 1350.0 -0.68393
4250.0 1350.0 -0.50086
4350.0 1350.0 -0.38574
4450.0 1350.0 -0.46584
4550.0 1350.0 -0.68600
4650.0 1350.0 -0.70810
4750.0 1350.0 -0.40076
4850.0 1350.0 0.00602
4950.0 1350.0 0.21090
5050.0 1350.0 0.05765
5150.0 1350.0 -0.34128
5250.0 1350.0 -0.52363
5350.0 1350.0 -0.22385
5450.0 1350.0 0.26553
5550.0 1350.0 0.50549
5650.0 1350.0 0.23996
5750.0 1350.0 -0.42117
5850.0 1350.0 -1.07092
5950.0 1350.0 -1.36327
6050.0 1350.0 -1.14755
6150.0 1350.0 -0.61620
6250.0 1350.0 -0.20589
6350.0 1350.0 -0.20245
50.0 1450.0 0.82598
150.0 1450.0 0.91305
250.0 1450.0 0.50932
350.0 1450.0 0.23791
450.0 1450.0 0.34002
550.0 1450.0 0.66932
650.0 1450.0 0.91693
750.0 1450.0 0.82898
850.0 1450.0 0.42778
950.0 1450.0 -0.08571
1050.0 1450.0 -0.55020
1150.0 1450.0 -0.62304
1250.0 1450.0 -0.21111
1350.0 1450.0 0.40708
1450.0 1450.0 0.89242
1550.0 1450.0 1.38606
1650.0 1450.0 1.89206
1750.0 1450.0 1.99402
1850.0 1450.0 1.50154
1950.0 1450.0 0.68049
2050.0 1450.0 -0.03625
2150.0 1450.0 -0.71964
2250.0 1450.0 -1.52193
2350.0 1450.0 -2.09124
2450.0 1450.0 -2.15551
2550.0 1450.0 -1.82980
2650.0 1450.0 -1.47486
2750.0 1450.0 -1.24959
2850.0 1450.0 -1.33468
2950.0 1450.0 -1.62957
3050.0 1450.0 -1.80979
3150.0 1450.0 -1.64383
3250.0 1450.0 -1.14253
3350.0 1450.0 -0.52471
3450.0 1450.0 -0.01336
3550.0 1450.0 0.09978
3650.0 1450.0 -0.28745
3750.0 1450.0 -0.90893
3850.0 1450.0 -1.32948
3950.0 1450.0 -1.47944
4050.0 1450.0 -1.46611
4150.0 1450.0 -1.27397
4250.0 1450.0 -1.06258
4350.0 1450.0 -1.00256
4450.0 1450.0 -1.15657
4550.0 1450.0 -1.42304
4650.0 1450.0 -1.43262
4750.0 1450.0 -1.00442
4850.0 1450.0 -0.40632
4950.0 1450.0 -0.02737
5050.0 1450.0 -0.10068
5150.0 1450.0 -0.50796
5250.0 1450.0 -0.72860
5350.0 1450.0 -0.48861
5450.0 1450.0 -0.03995
5550.0 1450.0 0.20747
5650.0 1450.0 -0.00972
5750.0 1450.0 -0.61097
5850.0 1450.0 -1.19870
5950.0 1450.0 -1.43372
6050.0 1450.0 -1.18511
6150.0 1450.0 -0.65000
6250.0 1450.0 -0.24735
6350.0 1450.0 -0.24146
50.0 1550.0 1.20417
150.0 1550.0 1.38769
250.0 1550.0 1.15139
350.0 1550.0 0.94746
450.0 1550.0 0.87416
550.0 1550.0 0.84929
650.0 1550.0 0.75486
750.0 1550.0 0.52316
850.0 1550.0 0.18764
950.0 1550.0 -0.19328
1050.0 1550.0 -0.47139
1150.0 1550.0 -0.37402
1250.0 1550.0 0.12814
1350.0 1550.0 0.75339
1450.0 1550.0 1.20971
1550.0 1550.0 1.64172
1650.0 1550.0 1.98717
1750.0 1550.0 1.85346
1850.0 1550.0 1.13173
1950.0 1550.0 0.16453
2050.0 1550.0 -0.60090
2150.0 1550.0 -1.30319
2250.0 1550.0 -2.11350
2350.0 1550.0 -2.67810
2450.0 1550.0 -2.73233
2550.0 1550.0 -2.40255
2650.0 1550.0 -2.05614
2750.0 1550.0 -1.80864
2850.0 1550.0 -1.68715
2950.0 1550.0 -1.69536
3050.0 1550.0 -1.72948
3150.0 1550.0 -1.66871
3250.0 1550.0 -1.46010
3350.0 1550.0 -1.19775
3450.0 1550.0 -1.11581
3550.0 1550.0 -1.32412
3650.0 1550.0 -1.71927
3750.0 1550.0 -2.06389
3850.0 1550.0 -2.15505
3950.0 1550.0 -2.04664
4050.0 1550.0 -1.74076
4150.0 1550.0 -1.30307
4250.0 1550.0 -1.01899
4350.0 1550.0 -1.05920
4450.0 1550.0 -1.35860
4550.0 1550.0 -1.72111
4650.0 1550.0 -1.76874
4750.0 1550.0 -1.27043
4850.0 1550.0 -0.52067
4950.0 1550.0 0.00728
5050.0 1550.0 -0.00406
5150.0 1550.0 -0.43950
5250.0 1550.0 -0.72858
5350.0 1550.0 -0.57909
5450.0 1550.0 -0.16796
5550.0 1550.0 0.13638
5650.0 1550.0 0.04034
5750.0 1550.0 -0.43537
5850.0 1550.0 -0.90844
5950.0 1550.0 -1.07312
6050.0 1550.0 -0.83013
6150.0 1550.0 -0.35795
6250.0 1550.0 -0.01265
6350.0 1550.0 -0.01019
50.0 1650.0 1.27380
150.0 1650.0 1.45183
250.0 1650.0 1.39925
350.0 1650.0 1.29984
450.0 1650.0 1.10210
550.0 1650.0 0.77698
650.0 1650.0 0.38407
750.0 1650.0 0.03612
850.0 1650.0 -0.21692
950.0 1650.0 -0.46405
1050.0 1650.0 -0.59630
1150.0 1650.0 -0.40664
1250.0 1650.0 0.10128
1350.0 1650.0 0.67894
1450.0 1650.0 1.09187
1550.0 1650.0 1.48172
1650.0 1650.0 1.76892
1750.0 1650.0 1.56893
1850.0 1650.0 0.78799
1950.0 1650.0 -0.22168
2050.0 1650.0 -1.01489
2150.0 1650.0 -1.72282
2250.0 1650.0 -2.45155
2350.0 1650.0 -2.85077
2450.0 1650.0 -2.72417
2550.0 1650.0 -2.27735
2650.0 1650.0 -1.90953
2750.0 1650.0 -1.64092
2850.0 1650.0 -1.31603
2950.0 1650.0 -1.06149
3050.0 1650.0 -1.00401
3150.0 1650.0 -1.12035
3250.0 1650.0 -1.26897
3350.0 1650.0 -1.41522
3450.0 1650.0 -1.79493
3550.0 1650.0 -2.29926
3650.0 1650.0 -2.61292
3750.0 1650.0 -2.56788
3850.0 1650.0 -2.25102
3950.0 1650.0 -1.84348
4050.0 1650.0 -1.21872
4150.0 1650.0 -0.54458
4250.0 1650.0 -0.23700
4350.0 1650.0 -0.44254
4450.0 1650.0 -0.93186
4550.0 1650.0 -1.40850
4650.0 1650.0 -1.54172
4750.0 1650.0 -1.07737
4850.0 1650.0 -0.30775
4950.0 1650.0 0.25819
5050.0 1650.0 0.25264
5150.0 1650.0 -0.22276
5250.0 1650.0 -0.58940
5350.0 1650.0 -0.53923
5450.0 1650.0 -0.16362
5550.0 1650.0 0.21388
5650.0 1650.0 0.26203
5750.0 1650.0 -0.06775
5850.0 1650.0 -0.41491
5950.0 1650.0 -0.52520
6050.0 1650.0 -0.33087
6150.0 1650.0 0.02750
6250.0 1650.0 0.28215
6350.0 1650.0 0.27576
50.0 1750.0 0.92195
150.0 1750.0 0.98638
250.0 1750.0 1.06061
350.0 1750.0 1.08253
450.0 1750.0 0.92412
550.0 1750.0 0.56035
650.0 1750.0 0.10962
750.0 1750.0 -0.24052
850.0 1750.0 -0.42178
950.0 1750.0 -0.59556
1050.0 1750.0 -0.71074
1150.0 1750.0 -0.58897
1250.0 1750.0 -0.20500
1350.0 1750.0 0.26505
1450.0 1750.0 0.63319
1550.0 1750.0 1.02334
1650.0 1750.0 1.40516
1750.0 1750.0 1.37904
1850.0 1750.0 0.77680
1950.0 1750.0 -0.12752
2050.0 1750.0 -0.91045
2150.0 1750.0 -1.61576
2250.0 1750.0 -2.24631
2350.0 1750.0 -2.45657
2450.0 1750.0 -2.12575
2550.0 1750.0 -1.54555
2650.0 1750.0 -1.14889
2750.0 1750.0 -0.86805
2850.0 1750.0 -0.41883
2950.0 1750.0 -0.02036
3050.0 1750.0 0.04838
3150.0 1750.0 -0.23917
3250.0 1750.0 -0.66530
3350.0 1750.0 -1.11093
3450.0 1750.0 -1.79986
3550.0 1750.0 -2.45419
3650.0 1750.0 -2.62555
3750.0 1750.0 -2.22983
3850.0 1750.0 -1.58716
3950.0 1750.0 -0.95930
4050.0 1750.0 -0.13073
4150.0 1750.0 0.64095
4250.0 1750.0 0.86798
4350.0 1750.0 0.46063
4450.0 1750.0 -0.20403
4550.0 1750.0 -0.76866
4650.0 1750.0 -0.99694
4750.0 1750.0 -0.64581
4850.0 1750.0 0.01935
4950.0 1750.0 0.51046
5050.0 1750.0 0.45871
5150.0 1750.0 -0.05187
5250.0 1750.0 -0.47797
5350.0 1750.0 -0.50806
5450.0 1750.0 -0.16862
5550.0 1750.0 0.25389
5650.0 1750.0 0.40374
5750.0 1750.0 0.18109
5850.0 1750.0 -0.07759
5950.0 1750.0 -0.16584
6050.0 1750.0 -0.03589
6150.0 1750.0 0.21075
6250.0 1750.0 0.38208
6350.0 1750.0 0.36584
50.0 1850.0 0.33143
150.0 1850.0 0.24372
250.0 1850.0 0.35491
350.0 1850.0 0.48312
450.0 1850.0 0.52528
550.0 1850.0 0.40779
650.0 1850.0 0.16735
750.0 1850.0 -0.06468
850.0 1850.0 -0.20470
950.0 1850.0 -0.38456
1050.0 1850.0 -0.60911
1150.0 1850.0 -0.68500
1250.0 1850.0 -0.50886
1350.0 1850.0 -0.16977
1450.0 1850.0 0.16602
1550.0 1850.0 0.59211
1650.0 1850.0 1.16466
1750.0 1850.0 1.45475
1850.0 1850.0 1.17002
1950.0 1850.0 0.45925
2050.0 1850.0 -0.28490
2150.0 1850.0 -0.99012
2250.0 1850.0 -1.59005
2350.0 1850.0 -1.74062
2450.0 1850.0 -1.34509
2550.0 1850.0 -0.72272
2650.0 1850.0 -0.31730
2750.0 1850.0 -0.03469
2850.0 1850.0 0.43973
2950.0 1850.0 0.85217
3050.0 1850.0 0.88241
3150.0 1850.0 0.50276
3250.0 1850.0 -0.03355
3350.0 1850.0 -0.58440
3450.0 1850.0 -1.35325
3550.0 1850.0 -1.99387
3650.0 1850.0 -2.03315
3750.0 1850.0 -1.44937
3850.0 1850.0 -0.66543
3950.0 1850.0 0.04028
4050.0 1850.0 0.89752
4150.0 1850.0 1.59608
4250.0 1850.0 1.65680
4350.0 1850.0 1.06511
4450.0 1850.0 0.28830
4550.0 1850.0 -0.31254
4650.0 1850.0 -0.60086
4750.0 1850.0 -0.36201
4850.0 1850.0 0.16883
4950.0 1850.0 0.54949
5050.0 1850.0 0.44014
5150.0 1850.0 -0.08777
5250.0 1850.0 -0.54081
5350.0 1850.0 -0.61775
5450.0 1850.0 -0.31730
5550.0 1850.0 0.09766
5650.0 1850.0 0.27132
5750.0 1850.0 0.08532
5850.0 1850.0 -0.14449
5950.0 1850.0 -0.23677
6050.0 1850.0 -0.14871
6150.0 1850.0 0.03949
6250.0 1850.0 0.17004
6350.0 1850.0 0.14809
50.0 1950.0 -0.29616
150.0 1950.0 -0.52679
250.0 1950.0 -0.42575
350.0 1950.0 -0.20796
450.0 1950.0 0.10069
550.0 1950.0 0.35759
650.0 1950.0 0.45323
750.0 1950.0 0.39853
850.0 1950.0 0.28747
950.0 1950.0 0.06895
1050.0 1950.0 -0.31254
1150.0 1950.0 -0.63134
1250.0 1950.0 -0.68900
1350.0 1950.0 -0.48520
1450.0 1950.0 -0.17546
1550.0 1950.0 0.29541
1650.0 1950.0 1.07281
1750.0 1950.0 1.69758
1850.0 1950.0 1.74896
1950.0 1950.0 1.24620
2050.0 1950.0 0.55002
2150.0 1950.0 -0.15871
2250.0 1950.0 -0.78405
2350.0 1950.0 -0.98092
2450.0 1950.0 -0.63540
2550.0 1950.0 -0.04696
2650.0 1950.0 0.34849
2750.0 1950.0 0.62696
2850.0 1950.0 1.07423
2950.0 1950.0 1.43418
3050.0 1950.0 1.40481
3150.0 1950.0 0.98158
3250.0 1950.0 0.42932
3350.0 1950.0 -0.12015
3450.0 1950.0 -0.85110
3550.0 1950.0 -1.40718
3650.0 1950.0 -1.34398
3750.0 1950.0 -0.68090
3850.0 1950.0 0.13433
3950.0 1950.0 0.83840
4050.0 1950.0 1.63593
4150.0 1950.0 2.19173
4250.0 1950.0 2.07506
4350.0 1950.0 1.34374
4450.0 1950.0 0.51121
4550.0 1950.0 -0.08748
4650.0 1950.0 -0.40143
4750.0 1950.0 -0.25045
4850.0 1950.0 0.15404
4950.0 1950.0 0.42090
5050.0 1950.0 0.25312
5150.0 1950.0 -0.28312
5250.0 1950.0 -0.74693
5350.0 1950.0 -0.85322
5450.0 1950.0 -0.59120
5550.0 1950.0 -0.20746
5650.0 1950.0 -0.04673
5750.0 1950.0 -0.23003
5850.0 1950.0 -0.45660
5950.0 1950.0 -0.55277
6050.0 1950.0 -0.47558
6150.0 1950.0 -0.30009
6250.0 1950.0 -0.17754
6350.0 1950.0 -0.20021
50.0 2050.0 -0.97688
150.0 2050.0 -1.34809
250.0 2050.0 -1.26635
350.0 2050.0 -0.97035
450.0 2050.0 -0.38573
550.0 2050.0 0.30225
650.0 2050.0 0.83173
750.0 2050.0 1.05556
850.0 2050.0 1.05061
950.0 2050.0 0.85957
1050.0 2050.0 0.34892
1150.0 2050.0 -0.25180
1250.0 2050.0 -0.63266
1350.0 2050.0 -0.64856
1450.0 2050.0 -0.40433
1550.0 2050.0 0.07822
1650.0 2050.0 1.01281
1750.0 2050.0 1.93004
1850.0 2050.0 2.29998
1950.0 2050.0 2.01261
2050.0 2050.0 1.38146
2150.0 2050.0 0.68615
2250.0 2050.0 0.04716
2350.0 2050.0 -0.19761
2450.0 2050.0 0.08274
2550.0 2050.0 0.61865
2650.0 2050.0 0.99366
2750.0 2050.0 1.25329
2850.0 2050.0 1.60123
2950.0 2050.0 1.78373
3050.0 2050.0 1.56884
3150.0 2050.0 1.02650
3250.0 2050.0 0.44880
3350.0 2050.0 -0.07894
3450.0 2050.0 -0.74706
3550.0 2050.0 -1.20383
3650.0 2050.0 -1.04798
3750.0 2050.0 -0.33606
3850.0 2050.0 0.47805
3950.0 2050.0 1.15542
4050.0 2050.0 1.88856
4150.0 2050.0 2.36958
4250.0 2050.0 2.23696
4350.0 2050.0 1.57451
4450.0 2050.0 0.85951
4550.0 2050.0 0.37787
4650.0 2050.0 0.11094
4750.0 2050.0 0.14345
4850.0 2050.0 0.27970
4950.0 2050.0 0.24981
5050.0 2050.0 -0.09724
5150.0 2050.0 -0.67175
5250.0 2050.0 -1.16609
5350.0 2050.0 -1.31194
5450.0 2050.0 -1.06469
5550.0 2050.0 -0.65283
5650.0 2050.0 -0.43559
5750.0 2050.0 -0.56124
5850.0 2050.0 -0.72440
5950.0 2050.0 -0.74336
6050.0 2050.0 -0.59475
6150.0 2050.0 -0.37134
6250.0 2050.0 -0.22412
6350.0 2050.0 -0.23103
50.0 2150.0 -1.40646
150.0 2150.0 -1.85138
250.0 2150.0 -1.79488
350.0 2150.0 -1.49254
450.0 2150.0 -0.79135
550.0 2150.0 0.16378
650.0 2150.0 1.04668
750.0 2150.0 1.57855
850.0 2150.0 1.77329
950.0 2150.0 1.72908
1050.0 2150.0 1.22272
1150.0 2150.0 0.42717
1250.0 2150.0 -0.26867
1350.0 2150.0 -0.54714
1450.0 2150.0 -0.41040
1550.0 2150.0 0.01948
1650.0 2150.0 0.96581
1750.0 2150.0 1.98876
1850.0 2150.0 2.52493
1950.0 2150.0 2.38437
2050.0 2150.0 1.82386
2150.0 2150.0 1.16816
2250.0 2150.0 0.54845
2350.0 2150.0 0.28322
2450.0 2150.0 0.50892
2550.0 2150.0 0.98740
2650.0 2150.0 1.33315
2750.0 2150.0 1.56094
2850.0 2150.0 1.76497
2950.0 2150.0 1.70239
3050.0 2150.0 1.24345
3150.0 2150.0 0.55716
3250.0 2150.0 -0.03615
3350.0 2150.0 -0.51973
3450.0 2150.0 -1.11118
3550.0 2150.0 -1.48441
3650.0 2150.0 -1.28745
3750.0 2150.0 -0.59394
3850.0 2150.0 0.16754
3950.0 2150.0 0.78536
4050.0 2150.0 1.43074
4150.0 2150.0 1.88396
4250.0 2150.0 1.89587
4350.0 2150.0 1.53742
4450.0 2150.0 1.15486
4550.0 2150.0 0.94732
4650.0 2150.0 0.86349
4750.0 2150.0 0.83626
4850.0 2150.0 0.64538
4950.0 2150.0 0.18460
5050.0 2150.0 -0.45069
5150.0 2150.0 -1.09893
5250.0 2150.0 -1.65589
5350.0 2150.0 -1.86925
5450.0 2150.0 -1.62275
5550.0 2150.0 -1.11661
5650.0 2150.0 -0.75419
5750.0 2150.0 -0.74589
5850.0 2150.0 -0.77170
5950.0 2150.0 -0.64310
6050.0 2150.0 -0.37606
6150.0 2150.0 -0.08655
6250.0 2150.0 0.09140
6350.0 2150.0 0.11529
50.0 2250.0 -1.28053
150.0 2250.0 -1.68163
250.0 2250.0 -1.64633
350.0 2250.0 -1.44647
450.0 2250.0 -0.93061
550.0 2250.0 -0.10574
650.0 2250.0 0.80435
750.0 2250.0 1.50554
850.0 2250.0 1.91891
950.0 2250.0 2.10703
1050.0 2250.0 1.78941
1150.0 2250.0 1.02907
1250.0 2250.0 0.20465
1350.0 2250.0 -0.25063
1450.0 2250.0 -0.22046
1550.0 2250.0 0.10506
1650.0 2250.0 0.89289
1750.0 2250.0 1.76597
1850.0 2250.0 2.22724
1950.0 2250.0 2.09555
2050.0 2250.0 1.58324
2150.0 2250.0 0.98129
2250.0 2250.0 0.41332
2350.0 2250.0 0.17226
2450.0 2250.0 0.38287
2550.0 2250.0 0.82533
2650.0 2250.0 1.14474
2750.0 2250.0 1.34528
2850.0 2250.0 1.46118
2950.0 2250.0 1.26893
3050.0 2250.0 0.70248
3150.0 2250.0 -0.02343
3250.0 2250.0 -0.59028
3350.0 2250.0 -1.02172
3450.0 2250.0 -1.55251
3550.0 2250.0 -1.89516
3650.0 2250.0 -1.73366
3750.0 2250.0 -1.12840
3850.0 2250.0 -0.45700
3950.0 2250.0 0.08534
4050.0 2250.0 0.60457
4150.0 2250.0 0.97969
4250.0 2250.0 1.11385
4350.0 2250.0 1.08428
4450.0 2250.0 1.09100
4550.0 2250.0 1.22135
4650.0 2250.0 1.42809
4750.0 2250.0 1.50824
4850.0 2250.0 1.15948
4950.0 2250.0 0.37980
5050.0 2250.0 -0.50655
5150.0 2250.0 -1.23400
5250.0 2250.0 -1.87230
5350.0 2250.0 -2.18266
5450.0 2250.0 -1.95727
5550.0 2250.0 -1.35363
5650.0 2250.0 -0.82255
5750.0 2250.0 -0.65100
5850.0 2250.0 -0.52385
5950.0 2250.0 -0.27708
6050.0 2250.0 0.03671
6150.0 2250.0 0.31145
6250.0 2250.0 0.47034
6350.0 2250.0 0.52067
50.0 2350.0 -0.70293
150.0 2350.0 -0.97808
250.0 2350.0 -0.95309
350.0 2350.0 -0.92204
450.0 2350.0 -0.81456
550.0 2350.0 -0.45847
650.0 2350.0 0.14798
750.0 2350.0 0.81555
850.0 2350.0 1.37982
950.0 2350.0 1.79092
1050.0 2350.0 1.76299
1150.0 2350.0 1.24147
1250.0 2350.0 0.51437
1350.0 2350.0 0.03186
1450.0 2350.0 -0.00233
1550.0 2350.0 0.21686
1650.0 2350.0 0.77472
1750.0 2350.0 1.35974
1850.0 2350.0 1.59240
1950.0 2350.0 1.36351
2050.0 2350.0 0.86575
2150.0 2350.0 0.30968
2250.0 2350.0 -0.19799
2350.0 2350.0 -0.38574
2450.0 2350.0 -0.15079
2550.0 2350.0 0.28730
2650.0 2350.0 0.59261
2750.0 2350.0 0.78438
2850.0 2350.0 0.92578
2950.0 2350.0 0.81481
3050.0 2350.0 0.36947
3150.0 2350.0 -0.24083
3250.0 2350.0 -0.73801
3350.0 2350.0 -1.12925
3450.0 2350.0 -1.63299
3550.0 2350.0 -1.99614
3650.0 2350.0 -1.91577
3750.0 2350.0 -1.42070
3850.0 2350.0 -0.83600
3950.0 2350.0 -0.35698
4050.0 2350.0 0.01073
4150.0 2350.0 0.19870
4250.0 2350.0 0.27021
4350.0 2350.0 0.37087
4450.0 2350.0 0.62805
4550.0 2350.0 1.02282
4650.0 2350.0 1.52195
4750.0 2350.0 1.86184
4850.0 2350.0 1.62519
4950.0 2350.0 0.79831
5050.0 2350.0 -0.18587
5150.0 2350.0 -0.96476
5250.0 2350.0 -1.67649
5350.0 2350.0 -2.09356
5450.0 2350.0 -1.92853
5550.0 2350.0 -1.28800
5650.0 2350.0 -0.64554
5750.0 2350.0 -0.34855
5850.0 2350.0 -0.12117
5950.0 2350.0 0.13807
6050.0 2350.0 0.36275
6150.0 2350.0 0.50339
6250.0 2350.0 0.57486
6350.0 2350.0 0.63145
50.0 2450.0 -0.10810
150.0 2450.0 -0.27098
250.0 2450.0 -0.24637
350.0 2450.0 -0.35894
450.0 2450.0 -0.64032
550.0 2450.0 -0.78517
650.0 2450.0 -0.57700
750.0 2450.0 -0.06358
850.0 2450.0 0.54500
950.0 2450.0 1.08003
1050.0 2450.0 1.28438
1150.0 2450.0 1.03016
1250.0 2450.0 0.50200
1350.0 2450.0 0.09787
1450.0 2450.0 0.05279
1550.0 2450.0 0.21567
1650.0 2450.0 0.62458
1750.0 2450.0 1.00335
1850.0 2450.0 1.05452
1950.0 2450.0 0.73201
2050.0 2450.0 0.22823
2150.0 2450.0 -0.30648
2250.0 2450.0 -0.77587
2350.0 2450.0 -0.91810
2450.0 2450.0 -0.64826
2550.0 2450.0 -0.19549
2650.0 2450.0 0.10857
2750.0 2450.0 0.31070
2850.0 2450.0 0.56732
2950.0 2450.0 0.69220
3050.0 2450.0 0.52380
3150.0 2450.0 0.12313
3250.0 2450.0 -0.29150
3350.0 2450.0 -0.66604
3450.0 2450.0 -1.16977
3550.0 2450.0 -1.56540
3650.0 2450.0 -1.54718
3750.0 2450.0 -1.11951
3850.0 2450.0 -0.57911
3950.0 2450.0 -0.13155
4050.0 2450.0 0.09103
4150.0 2450.0 0.00240
4250.0 2450.0 -0.20438
4350.0 2450.0 -0.25490
4450.0 2450.0 0.01601
4550.0 2450.0 0.51556
4650.0 2450.0 1.20015
4750.0 2450.0 1.82618
4850.0 2450.0 1.87755
4950.0 2450.0 1.23983
5050.0 2450.0 0.31751
5150.0 2450.0 -0.47143
5250.0 2450.0 -1.22738
5350.0 2450.0 -1.73366
5450.0 2450.0 -1.65889
5550.0 2450.0 -1.06291
5650.0 2450.0 -0.40673
5750.0 2450.0 -0.06286
5850.0 2450.0 0.18092
5950.0 2450.0 0.34629
6050.0 2450.0 0.37956
6150.0 2450.0 0.31460
6250.0 2450.0 0.26110
6350.0 2450.0 0.30239
50.0 2550.0 0.27889
150.0 2550.0 0.17298
250.0 2550.0 0.19737
350.0 2550.0 -0.00545
450.0 2550.0 -0.54733
550.0 2550.0 -1.05277
650.0 2550.0 -1.16339
750.0 2550.0 -0.81361
850.0 2550.0 -0.22665
950.0 2550.0 0.34564
1050.0 2550.0 0.68338
1150.0 2550.0 0.62864
1250.0 2550.0 0.28734
1350.0 2550.0 -0.01265
1450.0 2550.0 -0.04139
1550.0 2550.0 0.10844
1650.0 2550.0 0.46967
1750.0 2550.0 0.77577
1850.0 2550.0 0.75844
1950.0 2550.0 0.39756
2050.0 2550.0 -0.11085
2150.0 2550.0 -0.63795
2250.0 2550.0 -1.08779
2350.0 2550.0 -1.20172
2450.0 2550.0 -0.90559
2550.0 2550.0 -0.43766
2650.0 2550.0 -0.13074
2750.0 2550.0 0.08821
2850.0 2550.0 0.47998
2950.0 2550.0 0.86956
3050.0 2550.0 1.00149
3150.0 2550.0 0.81844
3250.0 2550.0 0.47983
3350.0 2550.0 0.11073
3450.0 2550.0 -0.39738
3550.0 2550.0 -0.81039
3650.0 2550.0 -0.81757
3750.0 2550.0 -0.41261
3850.0 2550.0 0.11665
3950.0 2550.0 0.55376
4050.0 2550.0 0.64740
4150.0 2550.0 0.25371
4250.0 2550.0 -0.33436
4350.0 2550.0 -0.68966
4450.0 2550.0 -0.54733
4550.0 2550.0 -0.04855
4650.0 2550.0 0.72383
4750.0 2550.0 1.58100
4850.0 2550.0 1.94170
4950.0 2550.0 1.57095
5050.0 2550.0 0.78164
5150.0 2550.0 0.01149
5250.0 2550.0 -0.75962
5350.0 2550.0 -1.32700
5450.0 2550.0 -1.34456
5550.0 2550.0 -0.83492
5650.0 2550.0 -0.22569
5750.0 2550.0 0.11177
5850.0 2550.0 0.32088
5950.0 2550.0 0.34625
6050.0 2550.0 0.16102
6150.0 2550.0 -0.11538
6250.0 2550.0 -0.29254
6350.0 2550.0 -0.27408
50.0 2650.0 0.44874
150.0 2650.0 0.29835
250.0 2650.0 0.24820
350.0 2650.0 -0.03819
450.0 2650.0 -0.68716
550.0 2650.0 -1.32831
650.0 2650.0 -1.58837
750.0 2650.0 -1.37606
850.0 2650.0 -0.90385
950.0 2650.0 -0.39241
1050.0 2650.0 0.03523
1150.0 2650.0 0.21341
1250.0 2650.0 0.13930
1350.0 2650.0 0.00414
1450.0 2650.0 -0.00721
1550.0 2650.0 0.09813
1650.0 2650.0 0.34669
1750.0 2650.0 0.52654
1850.0 2650.0 0.44217
1950.0 2650.0 0.10087
2050.0 2650.0 -0.33155
2150.0 2650.0 -0.76455
2250.0 2650.0 -1.10282
2350.0 2650.0 -1.13034
2450.0 2650.0 -0.80824
2550.0 2650.0 -0.36369
2650.0 2650.0 -0.08708
2750.0 2650.0 0.11182
2850.0 2650.0 0.51791
2950.0 2650.0 0.99800
3050.0 2650.0 1.29317
3150.0 2650.0 1.28838
3250.0 2650.0 1.07648
3350.0 2650.0 0.79461
3450.0 2650.0 0.36049
3550.0 2650.0 -0.03236
3650.0 2650.0 -0.09117
3750.0 2650.0 0.22534
3850.0 2650.0 0.69082
3950.0 2650.0 1.09232
4050.0 2650.0 1.04257
4150.0 2650.0 0.35017
4250.0 2650.0 -0.59325
4350.0 2650.0 -1.22295
4450.0 2650.0 -1.19322
4550.0 2650.0 -0.69761
4650.0 2650.0 0.09056
4750.0 2650.0 1.01909
4850.0 2650.0 1.53592
4950.0 2650.0 1.37572
5050.0 2650.0 0.77904
5150.0 2650.0 0.14875
5250.0 2650.0 -0.48461
5350.0 2650.0 -0.94398
5450.0 2650.0 -0.94485
5550.0 2650.0 -0.51031
5650.0 2650.0 0.00195
5750.0 2650.0 0.28447
5850.0 2650.0 0.41193
5950.0 2650.0 0.25710
6050.0 2650.0 -0.14959
6150.0 2650.0 -0.59569
6250.0 2650.0 -0.83694
6350.0 2650.0 -0.79688
50.0 2750.0 0.37150
150.0 2750.0 0.02474
250.0 2750.0 -0.22286
350.0 2750.0 -0.57959
450.0 2750.0 -1.07014
550.0 2750.0 -1.45428
650.0 2750.0 -1.56098
750.0 2750.0 -1.42687
850.0 2750.0 -1.21623
950.0 2750.0 -0.93558
1050.0 2750.0 -0.53410
1150.0 2750.0 -0.14067
1250.0 2750.0 0.11188
1350.0 2750.0 0.19724
1450.0 2750.0 0.19467
1550.0 2750.0 0.20251
1650.0 2750.0 0.23718
1750.0 2750.0 0.21621
1850.0 2750.0 0.08435
1950.0 2750.0 -0.12855
2050.0 2750.0 -0.34647
2150.0 2750.0 -0.54384
2250.0 2750.0 -0.63958
2350.0 2750.0 -0.52530
2450.0 2750.0 -0.22284
2550.0 2750.0 0.10334
2650.0 2750.0 0.28531
2750.0 2750.0 0.40058
2850.0 2750.0 0.60718
2950.0 2750.0 0.86490
3050.0 2750.0 1.07060
3150.0 2750.0 1.16230
3250.0 2750.0 1.15749
3350.0 2750.0 1.10077
3450.0 2750.0 0.87446
3550.0 2750.0 0.56821
3650.0 2750.0 0.41647
3750.0 2750.0 0.53487
3850.0 2750.0 0.84702
3950.0 2750.0 1.17139
4050.0 2750.0 0.99699
4150.0 2750.0 0.12717
4250.0 2750.0 -0.98090
4350.0 2750.0 -1.70719
4450.0 2750.0 -1.69974
4550.0 2750.0 -1.19701
4650.0 2750.0 -0.51781
4750.0 2750.0 0.18019
4850.0 2750.0 0.53979
4950.0 2750.0 0.44000
5050.0 2750.0 0.10464
5150.0 2750.0 -0.18938
5250.0 2750.0 -0.44339
5350.0 2750.0 -0.55043
5450.0 2750.0 -0.40315
5550.0 2750.0 -0.06722
5650.0 2750.0 0.24565
5750.0 2750.0 0.39391
5850.0 2750.0 0.37860
5950.0 2750.0 0.02872
6050.0 2750.0 -0.52754
6150.0 2750.0 -1.00114
6250.0 2750.0 -1.16461
6350.0 2750.0 -1.01938
50.0 2850.0 0.28892
150.0 2850.0 -0.31725
250.0 2850.0 -0.82301
350.0 2850.0 -1.22957
450.0 2850.0 -1.38594
550.0 2850.0 -1.25655
650.0 2850.0 -1.00535
750.0 2850.0 -0.89314
850.0 2850.0 -1.01517
950.0 2850.0 -1.07462
1050.0 2850.0 -0.84046
1150.0 2850.0 -0.36418
1250.0 2850.0 0.12887
1350.0 2850.0 0.39729
1450.0 2850.0 0.38759
1550.0 2850.0 0.27788
1650.0 2850.0 0.07713
1750.0 2850.0 -0.13420
1850.0 2850.0 -0.25552
1950.0 2850.0 -0.25528
2050.0 2850.0 -0.18183
2150.0 2850.0 -0.07836
2250.0 2850.0 0.09841
2350.0 2850.0 0.31849
2450.0 2850.0 0.51043
2550.0 2850.0 0.62511
2650.0 2850.0 0.66730
2750.0 2850.0 0.66441
2850.0 2850.0 0.54644
2950.0 2850.0 0.39085
3050.0 2850.0 0.34270
3150.0 2850.0 0.46357
3250.0 2850.0 0.69798
3350.0 2850.0 0.93654
3450.0 2850.0 0.99021
3550.0 2850.0 0.81356
3650.0 2850.0 0.55905
3750.0 2850.0 0.43226
3850.0 2850.0 0.54896
3950.0 2850.0 0.77918
4050.0 2850.0 0.55512
4150.0 2850.0 -0.27243
4250.0 2850.0 -1.24801
4350.0 2850.0 -1.81783
4450.0 2850.0 -1.71542
4550.0 2850.0 -1.19577
4650.0 2850.0 -0.71185
4750.0 2850.0 -0.46140
4850.0 2850.0 -0.50445
4950.0 2850.0 -0.69472
5050.0 2850.0 -0.77064
5150.0 2850.0 -0.63312
5250.0 2850.0 -0.40077
5350.0 2850.0 -0.08185
5450.0 2850.0 0.20743
5550.0 2850.0 0.36615
5650.0 2850.0 0.39164
5750.0 2850.0 0.35991
5850.0 2850.0 0.18874
5950.0 2850.0 -0.29310
6050.0 2850.0 -0.85231
6150.0 2850.0 -1.17432
6250.0 2850.0 -1.12483
6350.0 2850.0 -0.81931
50.0 2950.0 0.44489
150.0 2950.0 -0.35082
250.0 2950.0 -1.07065
350.0 2950.0 -1.51381
450.0 2950.0 -1.37400
550.0 2950.0 -0.79166
650.0 2950.0 -0.22062
750.0 2950.0 -0.11685
850.0 2950.0 -0.51708
950.0 2950.0 -0.88822
1050.0 2950.0 -0.88741
1150.0 2950.0 -0.48077
1250.0 2950.0 0.08309
1350.0 2950.0 0.43114
1450.0 2950.0 0.40244
1550.0 2950.0 0.20208
1650.0 2950.0 -0.16117
1750.0 2950.0 -0.47542
1850.0 2950.0 -0.53107
1950.0 2950.0 -0.31695
2050.0 2950.0 0.00900
2150.0 2950.0 0.35652
2250.0 2950.0 0.71423
2350.0 2950.0 0.93887
2450.0 2950.0 0.94889
2550.0 2950.0 0.82680
2650.0 2950.0 0.73517
2750.0 2950.0 0.63290
2850.0 2950.0 0.24205
2950.0 2950.0 -0.26129
3050.0 2950.0 -0.52339
3150.0 2950.0 -0.37861
3250.0 2950.0 0.05645
3350.0 2950.0 0.54337
3450.0 2950.0 0.83679
3550.0 2950.0 0.77897
3650.0 2950.0 0.45012
3750.0 2950.0 0.12654
3850.0 2950.0 0.08266
3950.0 2950.0 0.23811
4050.0 2950.0 0.04207
4150.0 2950.0 -0.58156
4250.0 2950.0 -1.23242
4350.0 2950.0 -1.49741
4450.0 2950.0 -1.23919
4550.0 2950.0 -0.70025
4650.0 2950.0 -0.39855
4750.0 2950.0 -0.57452
4850.0 2950.0 -1.02415
4950.0 2950.0 -1.34956
5050.0 2950.0 -1.23667
5150.0 2950.0 -0.74036
5250.0 2950.0 -0.12414
5350.0 2950.0 0.47259
5450.0 2950.0 0.76544
5550.0 2950.0 0.66937
5650.0 2950.0 0.39619
5750.0 2950.0 0.20454
5850.0 2950.0 -0.07859
5950.0 2950.0 -0.59662
6050.0 2950.0 -1.04193
6150.0 2950.0 -1.12359
6250.0 2950.0 -0.82842
6350.0 2950.0 -0.37483
50.0 3050.0 0.91073
150.0 3050.0 0.07932
250.0 3050.0 -0.73603
350.0 3050.0 -1.21997
450.0 3050.0 -1.01276
550.0 3050.0 -0.31792
650.0 3050.0 0.31459
750.0 3050.0 0.36934
850.0 3050.0 -0.16661
950.0 3050.0 -0.70110
1050.0 3050.0 -0.87308
1150.0 3050.0 -0.59484
1250.0 3050.0 -0.08833
1350.0 3050.0 0.24580
1450.0 3050.0 0.19927
1550.0 3050.0 -0.03686
1650.0 3050.0 -0.44749
1750.0 3050.0 -0.76379
1850.0 3050.0 -0.74296
1950.0 3050.0 -0.40094
2050.0 3050.0 0.04910
2150.0 3050.0 0.50128
2250.0 3050.0 0.89233
2350.0 3050.0 1.02928
2450.0 3050.0 0.85948
2550.0 3050.0 0.56391
2650.0 3050.0 0.39232
2750.0 3050.0 0.25012
2850.0 3050.0 -0.21937
2950.0 3050.0 -0.79095
3050.0 3050.0 -1.04748
3150.0 3050.0 -0.81644
3250.0 3050.0 -0.26288
3350.0 3050.0 0.34059
3450.0 3050.0 0.74838
3550.0 3050.0 0.75154
3650.0 3050.0 0.39468
3750.0 3050.0 -0.01558
3850.0 3050.0 -0.13237
3950.0 3050.0 -0.00949
4050.0 3050.0 -0.15530
4150.0 3050.0 -0.59407
4250.0 3050.0 -0.97976
4350.0 3050.0 -1.01015
4450.0 3050.0 -0.63874
4550.0 3050.0 -0.08753
4650.0 3050.0 0.13713
4750.0 3050.0 -0.21569
4850.0 3050.0 -0.82518
4950.0 3050.0 -1.18793
5050.0 3050.0 -0.97443
5150.0 3050.0 -0.30988
5250.0 3050.0 0.44964
5350.0 3050.0 1.05965
5450.0 3050.0 1.18573
5550.0 3050.0 0.81649
5650.0 3050.0 0.32049
5750.0 3050.0 0.04142
5850.0 3050.0 -0.28424
5950.0 3050.0 -0.78098
6050.0 3050.0 -1.11363
6150.0 3050.0 -1.02538
6250.0 3050.0 -0.58145
6350.0 3050.0 -0.05193
50.0 3150.0 1.54565
150.0 3150.0 0.79200
250.0 3150.0 -0.02459
350.0 3150.0 -0.56039
450.0 3150.0 -0.49307
550.0 3150.0 0.00756
650.0 3150.0 0.46409
750.0 3150.0 0.42147
850.0 3150.0 -0.13818
950.0 3150.0 -0.70291
1050.0 3150.0 -0.94817
1150.0 3150.0 -0.76900
1250.0 3150.0 -0.35066
1350.0 3150.0 -0.06501
1450.0 3150.0 -0.12164
1550.0 3150.0 -0.35386
1650.0 3150.0 -0.73700
1750.0 3150.0 -1.00200
1850.0 3150.0 -0.92295
1950.0 3150.0 -0.53798
2050.0 3150.0 -0.06990
2150.0 3150.0 0.37993
2250.0 3150.0 0.70922
2350.0 3150.0 0.72422
2450.0 3150.0 0.41728
2550.0 3150.0 0.02532
2650.0 3150.0 -0.17659
2750.0 3150.0 -0.31101
2850.0 3150.0 -0.69589
2950.0 3150.0 -1.09576
3050.0 3150.0 -1.15230
3150.0 3150.0 -0.77158
3250.0 3150.0 -0.16093
3350.0 3150.0 0.45320
3450.0 3150.0 0.87307
3550.0 3150.0 0.88717
3650.0 3150.0 0.53513
3750.0 3150.0 0.12321
3850.0 3150.0 0.00250
3950.0 3150.0 0.12411
4050.0 3150.0 0.00564
4150.0 3150.0 -0.36161
4250.0 3150.0 -0.65391
4350.0 3150.0 -0.60660
4450.0 3150.0 -0.20000
4550.0 3150.0 0.35534
4650.0 3150.0 0.60119
4750.0 3150.0 0.30960
4850.0 3150.0 -0.21062
4950.0 3150.0 -0.48784
5050.0 3150.0 -0.22233
5150.0 3150.0 0.46073
5250.0 3150.0 1.18102
5350.0 3150.0 1.62483
5450.0 3150.0 1.49463
5550.0 3150.0 0.88077
5650.0 3150.0 0.24652
5750.0 3150.0 -0.05764
5850.0 3150.0 -0.38095
5950.0 3150.0 -0.85476
6050.0 3150.0 -1.14541
6150.0 3150.0 -1.01128
6250.0 3150.0 -0.53587
6350.0 3150.0 0.00444
50.0 3250.0 2.03186
150.0 3250.0 1.37758
250.0 3250.0 0.63471
350.0 3250.0 0.08559
450.0 3250.0 -0.03148
550.0 3250.0 0.18143
650.0 3250.0 0.38863
750.0 3250.0 0.25081
850.0 3250.0 -0.26113
950.0 3250.0 -0.77526
1050.0 3250.0 -1.03639
1150.0 3250.0 -0.94982
1250.0 3250.0 -0.65795
1350.0 3250.0 -0.46314
1450.0 3250.0 -0.54225
1550.0 3250.0 -0.75050
1650.0 3250.0 -1.01784
1750.0 3250.0 -1.10423
1850.0 3250.0 -0.86253
1950.0 3250.0 -0.39740
2050.0 3250.0 0.06232
2150.0 3250.0 0.46957
2250.0 3250.0 0.70887
2350.0 3250.0 0.58855
2450.0 3250.0 0.13822
2550.0 3250.0 -0.36227
2650.0 3250.0 -0.62080
2750.0 3250.0 -0.77778
2850.0 3250.0 -1.10093
2950.0 3250.0 -1.36083
3050.0 3250.0 -1.27441
3150.0 3250.0 -0.82350
3250.0 3250.0 -0.23957
3350.0 3250.0 0.30848
3450.0 3250.0 0.70422
3550.0 3250.0 0.77775
3650.0 3250.0 0.55542
3750.0 3250.0 0.27918
3850.0 3250.0 0.23111
3950.0 3250.0 0.37182
4050.0 3250.0 0.27030
4150.0 3250.0 -0.08000
4250.0 3250.0 -0.35675
4350.0 3250.0 -0.29567
4450.0 3250.0 0.12382
4550.0 3250.0 0.69406
4650.0 3250.0 1.00472
4750.0 3250.0 0.84470
4850.0 3250.0 0.45645
4950.0 3250.0 0.24454
5050.0 3250.0 0.49042
5150.0 3250.0 1.10578
5250.0 3250.0 1.69832
5350.0 3250.0 1.92232
5450.0 3250.0 1.56861
5550.0 3250.0 0.82261
5650.0 3250.0 0.17440
5750.0 3250.0 -0.07542
5850.0 3250.0 -0.34680
5950.0 3250.0 -0.81238
6050.0 3250.0 -1.14845
6150.0 3250.0 -1.08640
6250.0 3250.0 -0.66207
6350.0 3250.0 -0.12537
50.0 3350.0 2.01374
150.0 3350.0 1.47729
250.0 3350.0 0.94268
350.0 3350.0 0.48272
450.0 3350.0 0.19582
550.0 3350.0 0.08044
650.0 3350.0 0.01477
750.0 3350.0 -0.16384
850.0 3350.0 -0.49973
950.0 3350.0 -0.82195
1050.0 3350.0 -0.99044
1150.0 3350.0 -0.97220
1250.0 3350.0 -0.86290
1350.0 3350.0 -0.82961
1450.0 3350.0 -0.95672
1550.0 3350.0 -1.12246
1650.0 3350.0 -1.17086
1750.0 3350.0 -0.92950
1850.0 3350.0 -0.40769
1950.0 3350.0 0.16996
2050.0 3350.0 0.57545
2150.0 3350.0 0.88719
2250.0 3350.0 1.03853
2350.0 3350.0 0.83289
2450.0 3350.0 0.29158
2550.0 3350.0 -0.30944
2650.0 3350.0 -0.67543
2750.0 3350.0 -0.92643
2850.0 3350.0 -1.26195
2950.0 3350.0 -1.48343
3050.0 3350.0 -1.39614
3150.0 3350.0 -1.04022
3250.0 3350.0 -0.63850
3350.0 3350.0 -0.29489
3450.0 3350.0 -0.00762
3550.0 3350.0 0.16795
3650.0 3350.0 0.24457
3750.0 3350.0 0.30701
3850.0 3350.0 0.45073
3950.0 3350.0 0.64520
4050.0 3350.0 0.55151
4150.0 3350.0 0.14790
4250.0 3350.0 -0.21429
4350.0 3350.0 -0.21927
4450.0 3350.0 0.19192
4550.0 3350.0 0.80126
4650.0 3350.0 1.23699
4750.0 3350.0 1.27885
4850.0 3350.0 1.02514
4950.0 3350.0 0.78290
5050.0 3350.0 0.85838
5150.0 3350.0 1.25899
5250.0 3350.0 1.58868
5350.0 3350.0 1.54784
5450.0 3350.0 1.09634
5550.0 3350.0 0.47968
5650.0 3350.0 0.07483
5750.0 3350.0 0.03262
5850.0 3350.0 -0.08673
5950.0 3350.0 -0.54459
6050.0 3350.0 -1.04399
6150.0 3350.0 -1.22483
6250.0 3350.0 -0.96960
6350.0 3350.0 -0.44684
50.0 3450.0 1.43072
150.0 3450.0 1.01903
250.0 3450.0 0.77395
350.0 3450.0 0.49559
450.0 3450.0 0.13919
550.0 3450.0 -0.20107
650.0 3450.0 -0.44022
750.0 3450.0 -0.56844
850.0 3450.0 -0.64330
950.0 3450.0 -0.68138
1050.0 3450.0 -0.66643
1150.0 3450.0 -0.66373
1250.0 3450.0 -0.73480
1350.0 3450.0 -0.88529
1450.0 3450.0 -1.07220
1550.0 3450.0 -1.20695
1650.0 3450.0 -1.07347
1750.0 3450.0 -0.57508
1850.0 3450.0 0.13733
1950.0 3450.0 0.74848
2050.0 3450.0 1.04991
2150.0 3450.0 1.24585
2250.0 3450.0 1.37526
2350.0 3450.0 1.22851
2450.0 3450.0 0.74848
2550.0 3450.0 0.13190
2650.0 3450.0 -0.34988
2750.0 3450.0 -0.73603
2850.0 3450.0 -1.11521
2950.0 3450.0 -1.33370
3050.0 3450.0 -1.30227
3150.0 3450.0 -1.12026
3250.0 3450.0 -0.98754
3350.0 3450.0 -0.93609
3450.0 3450.0 -0.85707
3550.0 3450.0 -0.65887
3650.0 3450.0 -0.30651
3750.0 3450.0 0.12143
3850.0 3450.0 0.49187
3950.0 3450.0 0.75967
4050.0 3450.0 0.67348
4150.0 3450.0 0.18672
4250.0 3450.0 -0.30590
4350.0 3450.0 -0.41215
4450.0 3450.0 -0.01640
4550.0 3450.0 0.64668
4650.0 3450.0 1.23270
4750.0 3450.0 1.48805
4850.0 3450.0 1.32892
4950.0 3450.0 0.96290
5050.0 3450.0 0.75960
5150.0 3450.0 0.85515
5250.0 3450.0 0.85494
5350.0 3450.0 0.56869
5450.0 3450.0 0.16256
5550.0 3450.0 -0.10552
5650.0 3450.0 -0.07862
5750.0 3450.0 0.18423
5850.0 3450.0 0.28721
5950.0 3450.0 -0.12372
6050.0 3450.0 -0.79580
6150.0 3450.0 -1.26247
6250.0 3450.0 -1.21196
6350.0 3450.0 -0.70222
50.0 3550.0 0.61661
150.0 3550.0 0.31991
250.0 3550.0 0.33411
350.0 3550.0 0.25467
450.0 3550.0 -0.05327
550.0 3550.0 -0.43987
650.0 3550.0 -0.69677
750.0 3550.0 -0.70964
850.0 3550.0 -0.54252
950.0 3550.0 -0.31913
1050.0 3550.0 -0.11173
1150.0 3550.0 -0.07954
1250.0 3550.0 -0.27059
1350.0 3550.0 -0.56185
1450.0 3550.0 -0.79805
1550.0 3550.0 -0.93605
1650.0 3550.0 -0.77550
1750.0 3550.0 -0.26662
1850.0 3550.0 0.39744
1950.0 3550.0 0.90429
2050.0 3550.0 1.08271
2150.0 3550.0 1.19023
2250.0 3550.0 1.38307
2350.0 3550.0 1.43493
2450.0 3550.0 1.16409
2550.0 3550.0 0.63625
2650.0 3550.0 0.07980
2750.0 3550.0 -0.42270
2850.0 3550.0 -0.81107
2950.0 3550.0 -0.96940
3050.0 3550.0 -0.92331
3150.0 3550.0 -0.85037
3250.0 3550.0 -0.94220
3350.0 3550.0 -1.15728
3450.0 3550.0 -1.33216
3550.0 3550.0 -1.26014
3650.0 3550.0 -0.83627
3750.0 3550.0 -0.21542
3850.0 3550.0 0.30588
3950.0 3550.0 0.63737
4050.0 3550.0 0.56759
4150.0 3550.0 0.03022
4250.0 3550.0 -0.54891
4350.0 3550.0 -0.72123
4450.0 3550.0 -0.32863
4550.0 3550.0 0.38276
4650.0 3550.0 1.09068
4750.0 3550.0 1.50287
4850.0 3550.0 1.38275
4950.0 3550.0 0.86723
5050.0 3550.0 0.39620
5150.0 3550.0 0.21781
5250.0 3550.0 -0.06263
5350.0 3550.0 -0.52240
5450.0 3550.0 -0.82246
5550.0 3550.0 -0.71965
5650.0 3550.0 -0.27528
5750.0 3550.0 0.26459
5850.0 3550.0 0.58034
5950.0 3550.0 0.26880
6050.0 3550.0 -0.46745
6150.0 3550.0 -1.10173
6250.0 3550.0 -1.18215
6350.0 3550.0 -0.67362
50.0 3650.0 0.08949
150.0 3650.0 -0.11163
250.0 3650.0 0.04057
350.0 3650.0 0.08732
450.0 3650.0 -0.12628
550.0 3650.0 -0.44017
650.0 3650.0 -0.62036
750.0 3650.0 -0.52935
850.0 3650.0 -0.23118
950.0 3650.0 0.13072
1050.0 3650.0 0.44901
1150.0 3650.0 0.51339
1250.0 3650.0 0.27618
1350.0 3650.0 -0.07894
1450.0 3650.0 -0.33907
1550.0 3650.0 -0.51169
1650.0 3650.0 -0.48114
1750.0 3650.0 -0.19991
1850.0 3650.0 0.20645
1950.0 3650.0 0.51629
2050.0 3650.0 0.59879
2150.0 3650.0 0.67316
2250.0 3650.0 0.96939
2350.0 3650.0 1.24826
2450.0 3650.0 1.21707
2550.0 3650.0 0.82242
2650.0 3650.0 0.25160
2750.0 3650.0 -0.30149
2850.0 3650.0 -0.62357
2950.0 3650.0 -0.61352
3050.0 3650.0 -0.40587
3150.0 3650.0 -0.27958
3250.0 3650.0 -0.45116
3350.0 3650.0 -0.81073
3450.0 3650.0 -1.19492
3550.0 3650.0 -1.35527
3650.0 3650.0 -1.09337
3750.0 3650.0 -0.52442
3850.0 3650.0 0.01643
3950.0 3650.0 0.37948
4050.0 3650.0 0.33768
4150.0 3650.0 -0.17882
4250.0 3650.0 -0.74308
4350.0 3650.0 -0.90113
4450.0 3650.0 -0.48889
4550.0 3650.0 0.24900
4650.0 3650.0 1.01727
4750.0 3650.0 1.50303
4850.0 3650.0 1.39282
4950.0 3650.0 0.79105
5050.0 3650.0 0.17708
5150.0 3650.0 -0.14363
5250.0 3650.0 -0.57310
5350.0 3650.0 -1.13571
5450.0 3650.0 -1.39978
5550.0 3650.0 -1.12231
5650.0 3650.0 -0.47124
5750.0 3650.0 0.21060
5850.0 3650.0 0.65520
5950.0 3650.0 0.46897
6050.0 3650.0 -0.18521
6150.0 3650.0 -0.79427
6250.0 3650.0 -0.87622
6350.0 3650.0 -0.35497
50.0 3750.0 0.03761
150.0 3750.0 -0.08265
250.0 3750.0 0.09426
350.0 3750.0 0.17492
450.0 3750.0 0.02545
550.0 3750.0 -0.20651
650.0 3750.0 -0.31218
750.0 3750.0 -0.17420
850.0 3750.0 0.14575
950.0 3750.0 0.52606
1050.0 3750.0 0.85900
1150.0 3750.0 0.92750
1250.0 3750.0 0.68401
1350.0 3750.0 0.32035
1450.0 3750.0 0.05705
1550.0 3750.0 -0.16132
1650.0 3750.0 -0.32818
1750.0 3750.0 -0.36886
1850.0 3750.0 -0.28790
1950.0 3750.0 -0.18323
2050.0 3750.0 -0.15385
2150.0 3750.0 -0.07044
2250.0 3750.0 0.31489
2350.0 3750.0 0.75661
2450.0 3750.0 0.89762
2550.0 3750.0 0.61385
2650.0 3750.0 0.06704
2750.0 3750.0 -0.47702
2850.0 3750.0 -0.67321
2950.0 3750.0 -0.41447
3050.0 3750.0 0.06860
3150.0 3750.0 0.38322
3250.0 3750.0 0.26138
3350.0 3750.0 -0.12543
3450.0 3750.0 -0.63834
3550.0 3750.0 -1.04624
3650.0 3750.0 -1.06403
3750.0 3750.0 -0.69886
3850.0 3750.0 -0.23134
3950.0 3750.0 0.13449
4050.0 3750.0 0.12763
4150.0 3750.0 -0.31094
4250.0 3750.0 -0.77824
4350.0 3750.0 -0.85748
4450.0 3750.0 -0.40921
4550.0 3750.0 0.33442
4650.0 3750.0 1.11396
4750.0 3750.0 1.61944
4850.0 3750.0 1.52446
4950.0 3750.0 0.92358
5050.0 3750.0 0.29693
5150.0 3750.0 -0.04200
5250.0 3750.0 -0.50960
5350.0 3750.0 -1.14620
5450.0 3750.0 -1.49313
5550.0 3750.0 -1.27292
5650.0 3750.0 -0.63803
5750.0 3750.0 0.05597
5850.0 3750.0 0.54347
5950.0 3750.0 0.47575
6050.0 3750.0 -0.00863
6150.0 3750.0 -0.46001
6250.0 3750.0 -0.45096
6350.0 3750.0 0.09027
50.0 3850.0 0.20536
150.0 3850.0 0.15206
250.0 3850.0 0.28605
350.0 3850.0 0.33759
450.0 3850.0 0.22234
550.0 3850.0 0.08217
650.0 3850.0 0.07962
750.0 3850.0 0.27606
850.0 3850.0 0.59778
950.0 3850.0 0.96234
1050.0 3850.0 1.26338
1150.0 3850.0 1.29558
1250.0 3850.0 1.02711
1350.0 3850.0 0.65702
1450.0 3850.0 0.40037
1550.0 3850.0 0.13875
1650.0 3850.0 -0.24798
1750.0 3850.0 -0.65215
1850.0 3850.0 -0.93678
1950.0 3850.0 -1.05659
2050.0 3850.0 -1.07499
2150.0 3850.0 -0.97260
2250.0 3850.0 -0.49934
2350.0 3850.0 0.09382
2450.0 3850.0 0.39432
2550.0 3850.0 0.21726
2650.0 3850.0 -0.29764
2750.0 3850.0 -0.82314
2850.0 3850.0 -0.89547
2950.0 3850.0 -0.38434
3050.0 3850.0 0.40403
3150.0 3850.0 0.96347
3250.0 3850.0 0.95669
3350.0 3850.0 0.60563
3450.0 3850.0 0.02031
3550.0 3850.0 -0.60707
3650.0 3850.0 -0.91384
3750.0 3850.0 -0.78078
3850.0 3850.0 -0.40182
3950.0 3850.0 -0.02678
4050.0 3850.0 0.05049
4150.0 3850.0 -0.22387
4250.0 3850.0 -0.52723
4350.0 3850.0 -0.52161
4450.0 3850.0 -0.08973
4550.0 3850.0 0.58259
4650.0 3850.0 1.25857
4750.0 3850.0 1.64573
4850.0 3850.0 1.48027
4950.0 3850.0 0.88604
5050.0 3850.0 0.31478
5150.0 3850.0 0.03372
5250.0 3850.0 -0.40161
5350.0 3850.0 -1.07973
5450.0 3850.0 -1.54735
5550.0 3850.0 -1.47720
5650.0 3850.0 -0.94843
5750.0 3850.0 -0.28874
5850.0 3850.0 0.22970
5950.0 3850.0 0.33946
6050.0 3850.0 0.14120
6150.0 3850.0 -0.03467
6250.0 3850.0 0.12738
6350.0 3850.0 0.68150
50.0 3950.0 0.62853
150.0 3950.0 0.58311
250.0 3950.0 0.54049
350.0 3950.0 0.43526
450.0 3950.0 0.28746
550.0 3950.0 0.26002
650.0 3950.0 0.43515
750.0 3950.0 0.74243
850.0 3950.0 1.05754
950.0 3950.0 1.37197
1050.0 3950.0 1.58121
1150.0 3950.0 1.51718
1250.0 3950.0 1.19114
1350.0 3950.0 0.81612
1450.0 3950.0 0.58661
1550.0 3950.0 0.30792
1650.0 3950.0 -0.26414
1750.0 3950.0 -0.99550
1850.0 3950.0 -1.61660
1950.0 3950.0 -1.94240
2050.0 3950.0 -1.99703
2150.0 3950.0 -1.87016
2250.0 3950.0 -1.32597
2350.0 3950.0 -0.61999
2450.0 3950.0 -0.20262
2550.0 3950.0 -0.29919
2650.0 3950.0 -0.78375
2750.0 3950.0 -1.29665
2850.0 3950.0 -1.32549
2950.0 3950.0 -0.68335
3050.0 3950.0 0.33173
3150.0 3950.0 1.15017
3250.0 3950.0 1.35071
3350.0 3950.0 1.15385
3450.0 3950.0 0.62876
3550.0 3950.0 -0.09988
3650.0 3950.0 -0.62640
3750.0 3950.0 -0.70304
3850.0 3950.0 -0.40150
3950.0 3950.0 0.01058
4050.0 3950.0 0.27951
4150.0 3950.0 0.32782
4250.0 3950.0 0.27465
4350.0 3950.0 0.30979
4450.0 3950.0 0.56204
4550.0 3950.0 0.96930
4650.0 3950.0 1.27925
4750.0 3950.0 1.25811
4850.0 3950.0 0.86221
4950.0 3950.0 0.31156
5050.0 3950.0 -0.05099
5150.0 3950.0 -0.12223
5250.0 3950.0 -0.37448
5350.0 3950.0 -0.98306
5450.0 3950.0 -1.56739
5550.0 3950.0 -1.74593
5650.0 3950.0 -1.44124
5750.0 3950.0 -0.88078
5850.0 3950.0 -0.34905
5950.0 3950.0 0.01205
6050.0 3950.0 0.23897
6150.0 3950.0 0.46741
6250.0 3950.0 0.83284
6350.0 3950.0 1.36346
50.0 4050.0 1.08353
150.0 4050.0 0.95768
250.0 4050.0 0.64029
350.0 4050.0 0.28078
450.0 4050.0 0.02978
550.0 4050.0 0.09649
650.0 4050.0 0.47203
750.0 4050.0 0.91168
850.0 4050.0 1.21238
950.0 4050.0 1.46154
1050.0 4050.0 1.56890
1150.0 4050.0 1.41442
1250.0 4050.0 1.05301
1350.0 4050.0 0.69955
1450.0 4050.0 0.51606
1550.0 4050.0 0.26939
1650.0 4050.0 -0.32924
1750.0 4050.0 -1.14458
1850.0 4050.0 -1.86438
1950.0 4050.0 -2.24958
2050.0 4050.0 -2.30224
2150.0 4050.0 -2.15574
2250.0 4050.0 -1.60120
2350.0 4050.0 -0.89518
2450.0 4050.0 -0.48149
2550.0 4050.0 -0.57616
2650.0 4050.0 -1.04821
2750.0 4050.0 -1.56460
2850.0 4050.0 -1.69476
2950.0 4050.0 -1.17763
3050.0 4050.0 -0.18263
3150.0 4050.0 0.76802
3250.0 4050.0 1.19515
3350.0 4050.0 1.23853
3450.0 4050.0 0.90885
3550.0 4050.0 0.25227
3650.0 4050.0 -0.33775
3750.0 4050.0 -0.52626
3850.0 4050.0 -0.26264
3950.0 4050.0 0.20553
4050.0 4050.0 0.70997
4150.0 4050.0 1.11588
4250.0 4050.0 1.27686
4350.0 4050.0 1.22427
4450.0 4050.0 1.14804
4550.0 4050.0 1.15286
4650.0 4050.0 0.94478
4750.0 4050.0 0.40083
4850.0 4050.0 -0.21756
4950.0 4050.0 -0.59501
5050.0 4050.0 -0.59050
5150.0 4050.0 -0.33950
5250.0 4050.0 -0.28706
5350.0 4050.0 -0.69646
5450.0 4050.0 -1.31969
5550.0 4050.0 -1.74733
5650.0 4050.0 -1.71221
5750.0 4050.0 -1.29085
5850.0 4050.0 -0.79565
5950.0 4050.0 -0.27925
6050.0 4050.0 0.23972
6150.0 4050.0 0.73870
6250.0 4050.0 1.21033
6350.0 4050.0 1.66521
50.0 4150.0 1.30680
150.0 4150.0 1.04278
250.0 4150.0 0.45974
350.0 4150.0 -0.15050
450.0 4150.0 -0.52986
550.0 4150.0 -0.41716
650.0 4150.0 0.10965
750.0 4150.0 0.65478
850.0 4150.0 0.93937
950.0 4150.0 1.13955
1050.0 4150.0 1.19572
1150.0 4150.0 1.02341
1250.0 4150.0 0.69232
1350.0 4150.0 0.39527
1450.0 4150.0 0.26160
1550.0 4150.0 0.08631
1650.0 4150.0 -0.35775
1750.0 4150.0 -0.96162
1850.0 4150.0 -1.48438
1950.0 4150.0 -1.74727
2050.0 4150.0 -1.75782
2150.0 4150.0 -1.60428
2250.0 4150.0 -1.10443
2350.0 4150.0 -0.51188
2450.0 4150.0 -0.22175
2550.0 4150.0 -0.39433
2650.0 4150.0 -0.87676
2750.0 4150.0 -1.41234
2850.0 4150.0 -1.75637
2950.0 4150.0 -1.58555
3050.0 4150.0 -0.86543
3150.0 4150.0 0.02769
3250.0 4150.0 0.60843
3350.0 4150.0 0.88269
3450.0 4150.0 0.79131
3550.0 4150.0 0.31773
3650.0 4150.0 -0.19548
3750.0 4150.0 -0.38539
3850.0 4150.0 -0.11737
3950.0 4150.0 0.40305
4050.0 4150.0 1.08737
4150.0 4150.0 1.72802
4250.0 4150.0 1.96049
4350.0 4150.0 1.71857
4450.0 4150.0 1.28513
4550.0 4150.0 0.90748
4650.0 4150.0 0.25536
4750.0 4150.0 -0.65617
4850.0 4150.0 -1.31358
4950.0 4150.0 -1.37933
5050.0 4150.0 -0.95524
5150.0 4150.0 -0.39123
5250.0 4150.0 -0.02944
5350.0 4150.0 -0.18111
5450.0 4150.0 -0.74051
5550.0 4150.0 -1.31143
5650.0 4150.0 -1.48123
5750.0 4150.0 -1.18379
5850.0 4150.0 -0.77463
5950.0 4150.0 -0.31473
6050.0 4150.0 0.16312
6150.0 4150.0 0.60969
6250.0 4150.0 0.99947
6350.0 4150.0 1.34600
50.0 4250.0 1.20962
150.0 4250.0 0.82507
250.0 4250.0 0.08719
350.0 4250.0 -0.67056
450.0 4250.0 -1.13801
550.0 4250.0 -1.02038
650.0 4250.0 -0.42648
750.0 4250.0 0.16889
850.0 4250.0 0.44315
950.0 4250.0 0.62993
1050.0 4250.0 0.70823
1150.0 4250.0 0.60255
1250.0 4250.0 0.36096
1350.0 4250.0 0.13679
1450.0 4250.0 0.03862
1550.0 4250.0 -0.06612
1650.0 4250.0 -0.29117
1750.0 4250.0 -0.56251
1850.0 4250.0 -0.76133
1950.0 4250.0 -0.82441
2050.0 4250.0 -0.78166
2150.0 4250.0 -0.63181
2250.0 4250.0 -0.20616
2350.0 4250.0 0.24600
2450.0 4250.0 0.38563
2550.0 4250.0 0.11545
2650.0 4250.0 -0.38772
2750.0 4250.0 -0.94571
2850.0 4250.0 -1.49686
2950.0 4250.0 -1.68821
3050.0 4250.0 -1.30982
3150.0 4250.0 -0.58173
3250.0 4250.0 0.04229
3350.0 4250.0 0.44861
3450.0 4250.0 0.51190
3550.0 4250.0 0.18373
3650.0 4250.0 -0.23649
3750.0 4250.0 -0.38956
3850.0 4250.0 -0.10453
3950.0 4250.0 0.44409
4050.0 4250.0 1.19465
4150.0 4250.0 1.88184
4250.0 4250.0 2.04494
4350.0 4250.0 1.60608
4450.0 4250.0 0.93054
4550.0 4250.0 0.33445
4650.0 4250.0 -0.51569
4750.0 4250.0 -1.48572
4850.0 4250.0 -1.96201
4950.0 4250.0 -1.67511
5050.0 4250.0 -0.92658
5150.0 4250.0 -0.17497
5250.0 4250.0 0.37875
5350.0 4250.0 0.42629
5450.0 4250.0 -0.02032
5550.0 4250.0 -0.60249
5650.0 4250.0 -0.85072
5750.0 4250.0 -0.61793
5850.0 4250.0 -0.30590
5950.0 4250.0 -0.06861
6050.0 4250.0 0.08862
6150.0 4250.0 0.21665
6250.0 4250.0 0.38914
6350.0 4250.0 0.63970
50.0 4350.0 0.91409
150.0 4350.0 0.47506
250.0 4350.0 -0.29352
350.0 4350.0 -1.07930
450.0 4350.0 -1.56745
550.0 4350.0 -1.45587
650.0 4350.0 -0.85612
750.0 4350.0 -0.25495
850.0 4350.0 0.01717
950.0 4350.0 0.21996
1050.0 4350.0 0.36754
1150.0 4350.0 0.37172
1250.0 4350.0 0.23840
1350.0 4350.0 0.07937
1450.0 4350.0 -0.00327
1550.0 4350.0 -0.06921
1650.0 4350.0 -0.14055
1750.0 4350.0 -0.16704
1850.0 4350.0 -0.12285
1950.0 4350.0 -0.03644
2050.0 4350.0 0.04150
2150.0 4350.0 0.18477
2250.0 4350.0 0.56399
2350.0 4350.0 0.93265
2450.0 4350.0 0.98359
2550.0 4350.0 0.65493
2650.0 4350.0 0.13664
2750.0 4350.0 -0.43531
2850.0 4350.0 -1.09756
2950.0 4350.0 -1.49681
3050.0 4350.0 -1.34007
3150.0 4350.0 -0.75600
3250.0 4350.0 -0.16228
3350.0 4350.0 0.26634
3450.0 4350.0 0.35173
3550.0 4350.0 0.03765
3650.0 4350.0 -0.38012
3750.0 4350.0 -0.53742
3850.0 4350.0 -0.25353
3950.0 4350.0 0.29776
4050.0 4350.0 1.02346
4150.0 4350.0 1.63035
4250.0 4350.0 1.66874
4350.0 4350.0 1.10342
4450.0 4350.0 0.34460
4550.0 4350.0 -0.29126
4650.0 4350.0 -1.10585
4750.0 4350.0 -1.88962
4850.0 4350.0 -2.06751
4950.0 4350.0 -1.48779
5050.0 4350.0 -0.56858
5150.0 4350.0 0.22931
5250.0 4350.0 0.83220
5350.0 4350.0 0.96384
5450.0 4350.0 0.60766
5550.0 4350.0 0.08787
5650.0 4350.0 -0.13952
5750.0 4350.0 0.08698
5850.0 4350.0 0.32746
5950.0 4350.0 0.31100
6050.0 4350.0 0.07711
6150.0 4350.0 -0.17609
6250.0 4350.0 -0.23423
6350.0 4350.0 -0.03950
50.0 4450.0 0.68675
150.0 4450.0 0.22618
250.0 4450.0 -0.52080
350.0 4450.0 -1.28061
450.0 4450.0 -1.75017
550.0 4450.0 -1.63540
650.0 4450.0 -1.04528
750.0 4450.0 -0.45411
850.0 4450.0 -0.18370
950.0 4450.0 0.02665
1050.0 4450.0 0.20442
1150.0 4450.0 0.26031
1250.0 4450.0 0.18396
1350.0 4450.0 0.06660
1450.0 4450.0 0.00349
1550.0 4450.0 -0.03101
1650.0 4450.0 -0.00961
1750.0 4450.0 0.11207
1850.0 4450.0 0.31314
1950.0 4450.0 0.51175
2050.0 4450.0 0.63898
2150.0 4450.0 0.80444
2250.0 4450.0 1.16725
2350.0 4450.0 1.47828
2450.0 4450.0 1.45847
2550.0 4450.0 1.08365
2650.0 4450.0 0.56273
2750.0 4450.0 -0.00164
2850.0 4450.0 -0.71139
2950.0 4450.0 -1.22745
3050.0 4450.0 -1.21854
3150.0 4450.0 -0.75276
3250.0 4450.0 -0.20886
3350.0 4450.0 0.20910
3450.0 4450.0 0.30008
3550.0 4450.0 -0.00294
3650.0 4450.0 -0.42683
3750.0 4450.0 -0.61698
3850.0 4450.0 -0.38319
3950.0 4450.0 0.11322
4050.0 4450.0 0.76017
4150.0 4450.0 1.27025
4250.0 4450.0 1.22895
4350.0 4450.0 0.62338
4450.0 4450.0 -0.14260
4550.0 4450.0 -0.77262
4650.0 4450.0 -1.50662
4750.0 4450.0 -2.07934
4850.0 4450.0 -1.98293
4950.0 4450.0 -1.17782
5050.0 4450.0 -0.16010
5150.0 4450.0 0.63395
5250.0 4450.0 1.22975
5350.0 4450.0 1.37937
5450.0 4450.0 1.06366
5550.0 4450.0 0.58834
5650.0 4450.0 0.38752
5750.0 4450.0 0.61711
5850.0 4450.0 0.81367
5950.0 4450.0 0.62369
6050.0 4450.0 0.11087
6150.0 4450.0 -0.42500
6250.0 4450.0 -0.66428
6350.0 4450.0 -0.52428
50.0 4550.0 0.75367
150.0 4550.0 0.31669
250.0 4550.0 -0.32361
350.0 4550.0 -0.96771
450.0 4550.0 -1.35310
550.0 4550.0 -1.22179
650.0 4550.0 -0.67224
750.0 4550.0 -0.12439
850.0 4550.0 0.13813
950.0 4550.0 0.31343
1050.0 4550.0 0.38141
1150.0 4550.0 0.30141
1250.0 4550.0 0.13367
1350.0 4550.0 0.00675
1450.0 4550.0 -0.00387
1550.0 4550.0 -0.00032
1650.0 4550.0 -0.01082
1750.0 4550.0 0.05049
1850.0 4550.0 0.23118
1950.0 4550.0 0.48716
2050.0 4550.0 0.73374
2150.0 4550.0 1.01939
2250.0 4550.0 1.43149
2350.0 4550.0 1.70174
2450.0 4550.0 1.59539
2550.0 4550.0 1.16674
2650.0 4550.0 0.67616
2750.0 4550.0 0.18361
2850.0 4550.0 -0.45241
2950.0 4550.0 -0.93712
3050.0 4550.0 -0.96761
3150.0 4550.0 -0.58686
3250.0 4550.0 -0.11797
3350.0 4550.0 0.25961
3450.0 4550.0 0.41685
3550.0 4550.0 0.25195
3650.0 4550.0 -0.09304
3750.0 4550.0 -0.34804
3850.0 4550.0 -0.30531
3950.0 4550.0 -0.04239
4050.0 4550.0 0.39907
4150.0 4550.0 0.82731
4250.0 4550.0 0.87296
4350.0 4550.0 0.44669
4450.0 4550.0 -0.19405
4550.0 4550.0 -0.79590
4650.0 4550.0 -1.46707
4750.0 4550.0 -1.92067
4850.0 4550.0 -1.71257
4950.0 4550.0 -0.86209
5050.0 4550.0 0.12452
5150.0 4550.0 0.84866
5250.0 4550.0 1.36142
5350.0 4550.0 1.42277
5450.0 4550.0 1.04302
5550.0 4550.0 0.54175
5650.0 4550.0 0.33799
5750.0 4550.0 0.56314
5850.0 4550.0 0.77934
5950.0 4550.0 0.66626
6050.0 4550.0 0.23710
6150.0 4550.0 -0.26938
6250.0 4550.0 -0.55323
6350.0 4550.0 -0.50297
50.0 4650.0 0.98713
150.0 4650.0 0.60495
250.0 4650.0 0.13955
350.0 4650.0 -0.32302
450.0 4650.0 -0.59156
550.0 4650.0 -0.46137
650.0 4650.0 -0.00269
750.0 4650.0 0.46190
850.0 4650.0 0.70988
950.0 4650.0 0.82550
1050.0 4650.0 0.70541
1150.0 4650.0 0.39016
1250.0 4650.0 0.06037
1350.0 4650.0 -0.08963
1450.0 4650.0 -0.01620
1550.0 4650.0 0.02681
1650.0 4650.0 -0.13377
1750.0 4650.0 -0.32957
1850.0 4650.0 -0.34068
1950.0 4650.0 -0.08887
2050.0 4650.0 0.32990
2150.0 4650.0 0.81493
2250.0 4650.0 1.32884
2350.0 4650.0 1.57079
2450.0 4650.0 1.36389
2550.0 4650.0 0.87440
2650.0 4650.0 0.44060
2750.0 4650.0 0.07291
2850.0 4650.0 -0.38344
2950.0 4650.0 -0.70177
3050.0 4650.0 -0.66692
3150.0 4650.0 -0.33221
3250.0 4650.0 0.04532
3350.0 4650.0 0.35926
3450.0 4650.0 0.63942
3550.0 4650.0 0.73166
3650.0 4650.0 0.55364
3750.0 4650.0 0.22262
3850.0 4650.0 -0.03411
3950.0 4650.0 -0.14888
4050.0 4650.0 -0.01360
4150.0 4650.0 0.34940
4250.0 4650.0 0.62253
4350.0 4650.0 0.55789
4450.0 4650.0 0.15155
4550.0 4650.0 -0.40441
4650.0 4650.0 -1.04314
4750.0 4650.0 -1.49637
4850.0 4650.0 -1.36820
4950.0 4650.0 -0.66988
5050.0 4650.0 0.15528
5150.0 4650.0 0.75334
5250.0 4650.0 1.13143
5350.0 4650.0 1.05063
5450.0 4650.0 0.56876
5550.0 4650.0 0.02719
5650.0 4650.0 -0.18034
5750.0 4650.0 0.03782
5850.0 4650.0 0.32572
5950.0 4650.0 0.49461
6050.0 4650.0 0.44627
6150.0 4650.0 0.22535
6250.0 4650.0 0.00961
6350.0 4650.0 -0.05776
50.0 4750.0 1.11855
150.0 4750.0 0.78370
250.0 4750.0 0.49262
350.0 4750.0 0.20207
450.0 4750.0 0.02129
550.0 4750.0 0.10944
650.0 4750.0 0.44073
750.0 4750.0 0.80321
850.0 4750.0 1.03427
950.0 4750.0 1.10425
1050.0 4750.0 0.84598
1150.0 4750.0 0.37034
1250.0 4750.0 -0.05087
1350.0 4750.0 -0.18394
1450.0 4750.0 -0.01929
1550.0 4750.0 0.05752
1650.0 4750.0 -0.27851
1750.0 4750.0 -0.77252
1850.0 4750.0 -1.01633
1950.0 4750.0 -0.79363
2050.0 4750.0 -0.20799
2150.0 4750.0 0.47663
2250.0 4750.0 1.09164
2350.0 4750.0 1.30370
2450.0 4750.0 0.99443
2550.0 4750.0 0.44289
2650.0 4750.0 0.06567
2750.0 4750.0 -0.17542
2850.0 4750.0 -0.44035
2950.0 4750.0 -0.56996
3050.0 4750.0 -0.44493
3150.0 4750.0 -0.13871
3250.0 4750.0 0.15315
3350.0 4750.0 0.40447
3450.0 4750.0 0.81866
3550.0 4750.0 1.19186
3650.0 4750.0 1.20893
3750.0 4750.0 0.82295
3850.0 4750.0 0.27440
3950.0 4750.0 -0.21821
4050.0 4750.0 -0.38692
4150.0 4750.0 -0.08265
4250.0 4750.0 0.42680
4350.0 4750.0 0.73126
4450.0 4750.0 0.56274
4550.0 4750.0 0.05226
4650.0 4750.0 -0.57717
4750.0 4750.0 -1.09429
4850.0 4750.0 -1.13309
4950.0 4750.0 -0.66228
5050.0 4750.0 -0.03567
5150.0 4750.0 0.43215
5250.0 4750.0 0.68948
5350.0 4750.0 0.51234
5450.0 4750.0 -0.00505
5550.0 4750.0 -0.52581
5650.0 4750.0 -0.70399
5750.0 4750.0 -0.48772
5850.0 4750.0 -0.12701
5950.0 4750.0 0.32824
6050.0 4750.0 0.66748
6150.0 4750.0 0.73853
6250.0 4750.0 0.59451
6350.0 4750.0 0.40999
50.0 4850.0 0.95778
150.0 4850.0 0.62987
250.0 4850.0 0.44419
350.0 4850.0 0.24816
450.0 4850.0 0.08660
550.0 4850.0 0.09994
650.0 4850.0 0.30915
750.0 4850.0 0.58622
850.0 4850.0 0.80408
950.0 4850.0 0.87032
1050.0 4850.0 0.61357
1150.0 4850.0 0.16911
1250.0 4850.0 -0.18589
1350.0 4850.0 -0.23919
1450.0 4850.0 -0.00599
1550.0 4850.0 0.09621
1650.0 4850.0 -0.32841
1750.0 4850.0 -0.97461
1850.0 4850.0 -1.33019
1950.0 4850.0 -1.10582
2050.0 4850.0 -0.41266
2150.0 4850.0 0.39264
2250.0 4850.0 1.05540
2350.0 4850.0 1.22311
2450.0 4850.0 0.82322
2550.0 4850.0 0.21518
2650.0 4850.0 -0.13215
2750.0 4850.0 -0.29749
2850.0 4850.0 -0.46245
2950.0 4850.0 -0.51078
3050.0 4850.0 -0.36963
3150.0 4850.0 -0.10926
3250.0 4850.0 0.12030
3350.0 4850.0 0.33351
3450.0 4850.0 0.83878
3550.0 4850.0 1.40330
3650.0 4850.0 1.56204
3750.0 4850.0 1.15825
3850.0 4850.0 0.43565
3950.0 4850.0 -0.29087
4050.0 4850.0 -0.66021
4150.0 4850.0 -0.42322
4250.0 4850.0 0.19293
4350.0 4850.0 0.69350
4450.0 4850.0 0.65790
4550.0 4850.0 0.17463
4650.0 4850.0 -0.44359
4750.0 4850.0 -0.98508
4850.0 4850.0 -1.10659
4950.0 4850.0 -0.75867
5050.0 4850.0 -0.24606
5150.0 4850.0 0.14255
5250.0 4850.0 0.34783
5350.0 4850.0 0.18469
5450.0 4850.0 -0.24812
5550.0 4850.0 -0.65840
5650.0 4850.0 -0.76559
5750.0 4850.0 -0.54239
5850.0 4850.0 -0.15953
5950.0 4850.0 0.38252
6050.0 4850.0 0.82061
6150.0 4850.0 0.93547
6250.0 4850.0 0.75498
6350.0 4850.0 0.48181
50.0 4950.0 0.52226
150.0 4950.0 0.15754
250.0 4950.0 -0.00787
350.0 4950.0 -0.19742
450.0 4950.0 -0.39973
550.0 4950.0 -0.46653
650.0 4950.0 -0.34123
750.0 4950.0 -0.11249
850.0 4950.0 0.09882
950.0 4950.0 0.20127
1050.0 4950.0 0.07647
1150.0 4950.0 -0.16358
1250.0 4950.0 -0.31761
1350.0 4950.0 -0.24770
1450.0 4950.0 0.01964
1550.0 4950.0 0.14172
1650.0 4950.0 -0.24161
1750.0 4950.0 -0.82301
1850.0 4950.0 -1.10471
1950.0 4950.0 -0.81884
2050.0 4950.0 -0.08730
2150.0 4950.0 0.74044
2250.0 4950.0 1.38528
2350.0 4950.0 1.49207
2450.0 4950.0 1.01774
2550.0 4950.0 0.36111
2650.0 4950.0 0.01070
2750.0 4950.0 -0.14361
2850.0 4950.0 -0.33237
2950.0 4950.0 -0.45224
3050.0 4950.0 -0.40852
3150.0 4950.0 -0.23075
3250.0 4950.0 -0.03939
3350.0 4950.0 0.16530
3450.0 4950.0 0.69867
3550.0 4950.0 1.32254
3650.0 4950.0 1.53226
3750.0 4950.0 1.13857
3850.0 4950.0 0.38162
3950.0 4950.0 -0.39982
4050.0 4950.0 -0.84325
4150.0 4950.0 -0.68981
4250.0 4950.0 -0.13564
4350.0 4950.0 0.33957
4450.0 4950.0 0.30359
4550.0 4950.0 -0.17476
4650.0 4950.0 -0.75943
4750.0 4950.0 -1.22054
4850.0 4950.0 -1.24474
4950.0 4950.0 -0.82453
5050.0 4950.0 -0.28876
5150.0 4950.0 0.08764
5250.0 4950.0 0.31424
5350.0 4950.0 0.26254
5450.0 4950.0 0.00592
5550.0 4950.0 -0.23534
5650.0 4950.0 -0.24849
5750.0 4950.0 -0.01182
5850.0 4950.0 0.32930
5950.0 4950.0 0.70639
6050.0 4950.0 0.87874
6150.0 4950.0 0.72350
6250.0 4950.0 0.36901
6350.0 4950.0 0.04215
50.0 5050.0 0.08099
150.0 5050.0 -0.33877
250.0 5050.0 -0.51712
350.0 5050.0 -0.72552
450.0 5050.0 -0.97188
550.0 5050.0 -1.10512
650.0 5050.0 -1.05006
750.0 5050.0 -0.87344
850.0 5050.0 -0.69153
950.0 5050.0 -0.57014
1050.0 5050.0 -0.55219
1150.0 5050.0 -0.54785
1250.0 5050.0 -0.45104
1350.0 5050.0 -0.22532
1450.0 5050.0 0.08066
1550.0 5050.0 0.24108
1650.0 5050.0 -0.02355
1750.0 5050.0 -0.43625
1850.0 5050.0 -0.57035
1950.0 5050.0 -0.21288
2050.0 5050.0 0.51417
2150.0 5050.0 1.31050
2250.0 5050.0 1.89624
2350.0 5050.0 1.92807
2450.0 5050.0 1.39018
2550.0 5050.0 0.69963
2650.0 5050.0 0.34253
2750.0 5050.0 0.17902
2850.0 5050.0 -0.08900
2950.0 5050.0 -0.36752
3050.0 5050.0 -0.50789
3150.0 5050.0 -0.46794
3250.0 5050.0 -0.32982
3350.0 5050.0 -0.13525
3450.0 5050.0 0.39619
3550.0 5050.0 1.03538
3650.0 5050.0 1.27769
3750.0 5050.0 0.92120
3850.0 5050.0 0.19009
3950.0 5050.0 -0.57850
4050.0 5050.0 -1.04064
4150.0 5050.0 -0.95903
4250.0 5050.0 -0.51013
4350.0 5050.0 -0.13035
4450.0 5050.0 -0.21493
4550.0 5050.0 -0.70192
4650.0 5050.0 -1.25491
4750.0 5050.0 -1.61540
4850.0 5050.0 -1.49911
4950.0 5050.0 -0.95589
5050.0 5050.0 -0.36017
5150.0 5050.0 0.02158
5250.0 5050.0 0.29483
5350.0 5050.0 0.40178
5450.0 5050.0 0.37875
5550.0 5050.0 0.35475
5650.0 5050.0 0.46204
5750.0 5050.0 0.72021
5850.0 5050.0 1.00326
5950.0 5050.0 1.14505
6050.0 5050.0 0.95636
6150.0 5050.0 0.46083
6250.0 5050.0 -0.08164
6350.0 5050.0 -0.42854
50.0 5150.0 -0.02739
150.0 5150.0 -0.51227
250.0 5150.0 -0.73969
350.0 5150.0 -0.96268
450.0 5150.0 -1.18349
550.0 5150.0 -1.30908
650.0 5150.0 -1.31106
750.0 5150.0 -1.25469
850.0 5150.0 -1.21843
950.0 5150.0 -1.21706
1050.0 5150.0 -1.19565
1150.0 5150.0 -1.01315
1250.0 5150.0 -0.63113
1350.0 5150.0 -0.16410
1450.0 5150.0 0.24831
1550.0 5150.0 0.53056
1650.0 5150.0 0.52029
1750.0 5150.0 0.38592
1850.0 5150.0 0.41135
1950.0 5150.0 0.75795
2050.0 5150.0 1.36515
2150.0 5150.0 2.01646
2250.0 5150.0 2.45478
2350.0 5150.0 2.39270
2450.0 5150.0 1.84498
2550.0 5150.0 1.19502
2650.0 5150.0 0.86488
2750.0 5150.0 0.69391
2850.0 5150.0 0.30871
2950.0 5150.0 -0.22755
3050.0 5150.0 -0.69192
3150.0 5150.0 -0.92019
3250.0 5150.0 -0.91358
3350.0 5150.0 -0.77737
3450.0 5150.0 -0.30330
3550.0 5150.0 0.32371
3650.0 5150.0 0.63305
3750.0 5150.0 0.39811
3850.0 5150.0 -0.22077
3950.0 5150.0 -0.90717
4050.0 5150.0 -1.29917
4150.0 5150.0 -1.19981
4250.0 5150.0 -0.80955
4350.0 5150.0 -0.53370
4450.0 5150.0 -0.70223
4550.0 5150.0 -1.23041
4650.0 5150.0 -1.80511
4750.0 5150.0 -2.15276
4850.0 5150.0 -1.99409
4950.0 5150.0 -1.40480
5050.0 5150.0 -0.78863
5150.0 5150.0 -0.41484
5250.0 5150.0 -0.09022
5350.0 5150.0 0.22177
5450.0 5150.0 0.51689
5550.0 5150.0 0.80254
5650.0 5150.0 1.09350
5750.0 5150.0 1.39740
5850.0 5150.0 1.64247
5950.0 5150.0 1.59982
6050.0 5150.0 1.15809
6150.0 5150.0 0.47624
6250.0 5150.0 -0.10092
6350.0 5150.0 -0.35319
50.0 5250.0 0.24268
150.0 5250.0 -0.27805
250.0 5250.0 -0.58450
350.0 5250.0 -0.80607
450.0 5250.0 -0.90048
550.0 5250.0 -0.89918
650.0 5250.0 -0.90145
750.0 5250.0 -1.00619
850.0 5250.0 -1.22135
950.0 5250.0 -1.49045
1050.0 5250.0 -1.66895
1150.0 5250.0 -1.47993
1250.0 5250.0 -0.88396
1350.0 5250.0 -0.15411
1450.0 5250.0 0.41779
1550.0 5250.0 0.88382
1650.0 5250.0 1.18453
1750.0 5250.0 1.31731
1850.0 5250.0 1.40003
1950.0 5250.0 1.58903
2050.0 5250.0 1.95287
2150.0 5250.0 2.35822
2250.0 5250.0 2.59577
2350.0 5250.0 2.47337
2450.0 5250.0 2.02032
2550.0 5250.0 1.51664
2650.0 5250.0 1.25493
2750.0 5250.0 1.09046
2850.0 5250.0 0.64446
2950.0 5250.0 -0.06468
3050.0 5250.0 -0.78476
3150.0 5250.0 -1.26116
3250.0 5250.0 -1.41206
3350.0 5250.0 -1.37984
3450.0 5250.0 -1.03119
3550.0 5250.0 -0.47691
3650.0 5250.0 -0.10983
3750.0 5250.0 -0.17609
3850.0 5250.0 -0.61419
3950.0 5250.0 -1.15375
4050.0 5250.0 -1.38517
4150.0 5250.0 -1.16644
4250.0 5250.0 -0.76852
4350.0 5250.0 -0.58607
4450.0 5250.0 -0.86348
4550.0 5250.0 -1.46278
4650.0 5250.0 -2.11172
4750.0 5250.0 -2.53596
4850.0 5250.0 -2.43661
4950.0 5250.0 -1.88180
5050.0 5250.0 -1.28631
5150.0 5250.0 -0.93392
5250.0 5250.0 -0.59425
5350.0 5250.0 -0.16667
5450.0 5250.0 0.33323
5550.0 5250.0 0.83851
5650.0 5250.0 1.27680
5750.0 5250.0 1.63436
5850.0 5250.0 1.87553
5950.0 5250.0 1.75640
6050.0 5250.0 1.25680
6150.0 5250.0 0.62404
6250.0 5250.0 0.20959
6350.0 5250.0 0.17000
50.0 5350.0 0.65921
150.0 5350.0 0.16016
250.0 5350.0 -0.22434
350.0 5350.0 -0.42569
450.0 5350.0 -0.33003
550.0 5350.0 -0.11602
650.0 5350.0 -0.04933
750.0 5350.0 -0.28946
850.0 5350.0 -0.76709
950.0 5350.0 -1.35641
1050.0 5350.0 -1.86454
1150.0 5350.0 -1.84460
1250.0 5350.0 -1.18727
1350.0 5350.0 -0.27207
1450.0 5350.0 0.45269
1550.0 5350.0 1.08917
1650.0 5350.0 1.61214
1750.0 5350.0 1.85393
1850.0 5350.0 1.82316
1950.0 5350.0 1.73770
2050.0 5350.0 1.81902
2150.0 5350.0 1.97129
2250.0 5350.0 2.04070
2350.0 5350.0 1.93351
2450.0 5350.0 1.66477
2550.0 5350.0 1.37204
2650.0 5350.0 1.19846
2750.0 5350.0 1.05944
2850.0 5350.0 0.68725
2950.0 5350.0 0.06184
3050.0 5350.0 -0.62992
3150.0 5350.0 -1.15592
3250.0 5350.0 -1.40304
3350.0 5350.0 -1.48204
3450.0 5350.0 -1.29083
3550.0 5350.0 -0.86591
3650.0 5350.0 -0.49963
3750.0 5350.0 -0.43417
3850.0 5350.0 -0.69863
3950.0 5350.0 -1.08230
4050.0 5350.0 -1.13012
4150.0 5350.0 -0.75294
4250.0 5350.0 -0.30667
4350.0 5350.0 -0.19070
4450.0 5350.0 -0.56938
4550.0 5350.0 -1.24332
4650.0 5350.0 -1.97761
4750.0 5350.0 -2.50127
4850.0 5350.0 -2.48940
4950.0 5350.0 -1.99237
5050.0 5350.0 -1.42923
5150.0 5350.0 -1.10148
5250.0 5350.0 -0.80807
5350.0 5350.0 -0.46063
5450.0 5350.0 -0.03725
5550.0 5350.0 0.43182
5650.0 5350.0 0.88070
5750.0 5350.0 1.27282
5850.0 5350.0 1.53599
5950.0 5350.0 1.43891
6050.0 5350.0 1.03898
6150.0 5350.0 0.61483
6250.0 5350.0 0.46567
6350.0 5350.0 0.67053
50.0 5450.0 0.88229
150.0 5450.0 0.44662
250.0 5450.0 0.01483
350.0 5450.0 -0.15895
450.0 5450.0 0.10544
550.0 5450.0 0.51989
650.0 5450.0 0.68462
750.0 5450.0 0.38092
850.0 5450.0 -0.26842
950.0 5450.0 -1.09062
1050.0 5450.0 -1.88705
1150.0 5450.0 -2.08246
1250.0 5450.0 -1.48081
1350.0 5450.0 -0.49653
1450.0 5450.0 0.32059
1550.0 5450.0 1.05003
1650.0 5450.0 1.63055
1750.0 5450.0 1.79823
1850.0 5450.0 1.54519
1950.0 5450.0 1.18655
2050.0 5450.0 1.05910
2150.0 5450.0 1.04909
2250.0 5450.0 1.04305
2350.0 5450.0 1.01061
2450.0 5450.0 0.93317
2550.0 5450.0 0.82654
2650.0 5450.0 0.72439
2750.0 5450.0 0.62034
2850.0 5450.0 0.43152
2950.0 5450.0 0.12116
3050.0 5450.0 -0.26098
3150.0 5450.0 -0.61273
3250.0 5450.0 -0.85516
3350.0 5450.0 -1.00924
3450.0 5450.0 -0.94771
3550.0 5450.0 -0.66193
3650.0 5450.0 -0.35914
3750.0 5450.0 -0.25382
3850.0 5450.0 -0.42096
3950.0 5450.0 -0.70145
4050.0 5450.0 -0.62658
4150.0 5450.0 -0.14318
4250.0 5450.0 0.33598
4350.0 5450.0 0.40814
4450.0 5450.0 -0.03786
4550.0 5450.0 -0.76127
4650.0 5450.0 -1.54273
4750.0 5450.0 -2.10566
4850.0 5450.0 -2.11557
4950.0 5450.0 -1.62546
5050.0 5450.0 -1.06840
5150.0 5450.0 -0.75604
5250.0 5450.0 -0.54834
5350.0 5450.0 -0.43306
5450.0 5450.0 -0.31968
5550.0 5450.0 -0.11208
5650.0 5450.0 0.21538
5750.0 5450.0 0.61077
5850.0 5450.0 0.89416
5950.0 5450.0 0.83361
6050.0 5450.0 0.53422
6150.0 5450.0 0.28231
6250.0 5450.0 0.32969
6350.0 5450.0 0.70157
50.0 5550.0 0.72201
150.0 5550.0 0.34948
250.0 5550.0 -0.09125
350.0 5550.0 -0.24561
450.0 5550.0 0.10102
550.0 5550.0 0.62041
650.0 5550.0 0.85581
750.0 5550.0 0.55637
850.0 5550.0 -0.13850
950.0 5550.0 -1.03575
1050.0 5550.0 -1.94698
1150.0 5550.0 -2.25341
1250.0 5550.0 -1.71489
1350.0 5550.0 -0.73795
1450.0 5550.0 0.10047
1550.0 5550.0 0.83631
1650.0 5550.0 1.34661
1750.0 5550.0 1.35350
1850.0 5550.0 0.89819
1950.0 5550.0 0.37676
2050.0 5550.0 0.17115
2150.0 5550.0 0.12147
2250.0 5550.0 0.12796
2350.0 5550.0 0.17605
2450.0 5550.0 0.21540
2550.0 5550.0 0.20296
2650.0 5550.0 0.13255
2750.0 5550.0 0.05796
2850.0 5550.0 0.06721
2950.0 5550.0 0.12849
3050.0 5550.0 0.15087
3150.0 5550.0 0.07452
3250.0 5550.0 -0.09143
3350.0 5550.0 -0.26772
3450.0 5550.0 -0.27058
3550.0 5550.0 -0.08375
3650.0 5550.0 0.12998
3750.0 5550.0 0.19224
3850.0 5550.0 0.03157
3950.0 5550.0 -0.22143
4050.0 5550.0 -0.12309
4150.0 5550.0 0.36342
4250.0 5550.0 0.81790
4350.0 5550.0 0.85012
4450.0 5550.0 0.37306
4550.0 5550.0 -0.36437
4650.0 5550.0 -1.13393
4750.0 5550.0 -1.63805
4850.0 5550.0 -1.55957
4950.0 5550.0 -0.98979
5050.0 5550.0 -0.39441
5150.0 5550.0 -0.08261
5250.0 5550.0 0.04609
5350.0 5550.0 -0.08281
5450.0 5550.0 -0.31579
5550.0 5550.0 -0.41927
5650.0 5550.0 -0.25454
5750.0 5550.0 0.12194
5850.0 5550.0 0.39913
5950.0 5550.0 0.30193
6050.0 5550.0 -0.04239
6150.0 5550.0 -0.31695
6250.0 5550.0 -0.25631
6350.0 5550.0 0.15412
50.0 5650.0 0.36570
150.0 5650.0 0.05486
250.0 5650.0 -0.36487
350.0 5650.0 -0.49925
450.0 5650.0 -0.12432
550.0 5650.0 0.43084
650.0 5650.0 0.70339
750.0 5650.0 0.43518
850.0 5650.0 -0.23585
950.0 5650.0 -1.11062
1050.0 5650.0 -2.00995
1150.0 5650.0 -2.32903
1250.0 5650.0 -1.82545
1350.0 5650.0 -0.88632
1450.0 5650.0 -0.07179
1550.0 5650.0 0.61588
1650.0 5650.0 0.98665
1750.0 5650.0 0.79183
1850.0 5650.0 0.15114
1950.0 5650.0 -0.47338
2050.0 5650.0 -0.69408
2150.0 5650.0 -0.72891
2250.0 5650.0 -0.68050
2350.0 5650.0 -0.56721
2450.0 5650.0 -0.46203
2550.0 5650.0 -0.43085
2650.0 5650.0 -0.48653
2750.0 5650.0 -0.53138
2850.0 5650.0 -0.32670
2950.0 5650.0 0.10656
3050.0 5650.0 0.54312
3150.0 5650.0 0.76033
3250.0 5650.0 0.69097
3350.0 5650.0 0.51266
3450.0 5650.0 0.47475
3550.0 5650.0 0.58970
3650.0 5650.0 0.72168
3750.0 5650.0 0.72578
3850.0 5650.0 0.54741
3950.0 5650.0 0.29857
4050.0 5650.0 0.38322
4150.0 5650.0 0.82592
4250.0 5650.0 1.22041
4350.0 5650.0 1.20176
4450.0 5650.0 0.70208
4550.0 5650.0 -0.03506
4650.0 5650.0 -0.76691
4750.0 5650.0 -1.16979
4850.0 5650.0 -0.95755
4950.0 5650.0 -0.27556
5050.0 5650.0 0.37133
5150.0 5650.0 0.68373
5250.0 5650.0 0.74956
5350.0 5650.0 0.42396
5450.0 5650.0 -0.09688
5550.0 5650.0 -0.47087
5650.0 5650.0 -0.46203
5750.0 5650.0 -0.12309
5850.0 5650.0 0.11407
5950.0 5650.0 -0.09175
6050.0 5650.0 -0.59010
6150.0 5650.0 -1.00612
6250.0 5650.0 -1.02562
6350.0 5650.0 -0.63122
50.0 5750.0 -0.12310
150.0 5750.0 -0.31623
250.0 5750.0 -0.60888
350.0 5750.0 -0.67968
450.0 5750.0 -0.35529
550.0 5750.0 0.10130
650.0 5750.0 0.32849
750.0 5750.0 0.13119
850.0 5750.0 -0.37713
950.0 5750.0 -1.02966
1050.0 5750.0 -1.66673
1150.0 5750.0 -1.82859
1250.0 5750.0 -1.35497
1350.0 5750.0 -0.57226
1450.0 5750.0 0.08190
1550.0 5750.0 0.56688
1650.0 5750.0 0.59957
1750.0 5750.0 0.04449
1850.0 5750.0 -0.83186
1950.0 5750.0 -1.51623
2050.0 5750.0 -1.68612
2150.0 5750.0 -1.65306
2250.0 5750.0 -1.55105
2350.0 5750.0 -1.41213
2450.0 5750.0 -1.30541
2550.0 5750.0 -1.27466
2650.0 5750.0 -1.31094
2750.0 5750.0 -1.29594
2850.0 5750.0 -0.84717
2950.0 5750.0 0.01553
3050.0 5750.0 0.91096
3150.0 5750.0 1.44213
3250.0 5750.0 1.47080
3350.0 5750.0 1.28654
3450.0 5750.0 1.21282
3550.0 5750.0 1.27445
3650.0 5750.0 1.37087
3750.0 5750.0 1.37863
3850.0 5750.0 1.23674
3950.0 5750.0 1.03294
4050.0 5750.0 1.13140
4150.0 5750.0 1.52795
4250.0 5750.0 1.83126
4350.0 5750.0 1.72331
4450.0 5750.0 1.18279
4550.0 5750.0 0.45059
4650.0 5750.0 -0.23482
4750.0 5750.0 -0.53548
4850.0 5750.0 -0.20951
4950.0 5750.0 0.54509
5050.0 5750.0 1.20062
5150.0 5750.0 1.48045
5250.0 5750.0 1.51142
5350.0 5750.0 1.13415
5450.0 5750.0 0.51636
5550.0 5750.0 0.00204
5650.0 5750.0 -0.13759
5750.0 5750.0 0.07517
5850.0 5750.0 0.15345
5950.0 5750.0 -0.30128
6050.0 5750.0 -1.07064
6150.0 5750.0 -1.68842
6250.0 5750.0 -1.80178
6350.0 5750.0 -1.42711
50.0 5850.0 -0.60152
150.0 5850.0 -0.61684
250.0 5850.0 -0.66743
350.0 5850.0 -0.63073
450.0 5850.0 -0.45260
550.0 5850.0 -0.25465
650.0 5850.0 -0.17515
750.0 5850.0 -0.26522
850.0 5850.0 -0.46126
950.0 5850.0 -0.68781
1050.0 5850.0 -0.83642
1150.0 5850.0 -0.72473
1250.0 5850.0 -0.33957
1350.0 5850.0 0.12202
1450.0 5850.0 0.46145
1550.0 5850.0 0.60295
1650.0 5850.0 0.19941
1750.0 5850.0 -0.69827
1850.0 5850.0 -1.67564
1950.0 5850.0 -2.25688
2050.0 5850.0 -2.27848
2150.0 5850.0 -2.12250
2250.0 5850.0 -1.96694
2350.0 5850.0 -1.86735
2450.0 5850.0 -1.85196
2550.0 5850.0 -1.88467
2650.0 5850.0 -1.90068
2750.0 5850.0 -1.80902
2850.0 5850.0 -1.18241
2950.0 5850.0 -0.05803
3050.0 5850.0 1.08654
3150.0 5850.0 1.76953
3250.0 5850.0 1.83649
3350.0 5850.0 1.64074
3450.0 5850.0 1.53169
3550.0 5850.0 1.56309
3650.0 5850.0 1.67789
3750.0 5850.0 1.75951
3850.0 5850.0 1.71424
3950.0 5850.0 1.60090
4050.0 5850.0 1.75571
4150.0 5850.0 2.13386
4250.0 5850.0 2.35030
4350.0 5850.0 2.14219
4450.0 5850.0 1.55449
4550.0 5850.0 0.83280
4650.0 5850.0 0.19056
4750.0 5850.0 -0.04200
4850.0 5850.0 0.32841
4950.0 5850.0 1.07159
5050.0 5850.0 1.66909
5150.0 5850.0 1.87827
5250.0 5850.0 1.92103
5350.0 5850.0 1.70264
5450.0 5850.0 1.27216
5550.0 5850.0 0.82945
5650.0 5850.0 0.58760
5750.0 5850.0 0.58390
5850.0 5850.0 0.40209
5950.0 5850.0 -0.34403
6050.0 5850.0 -1.33987
6150.0 5850.0 -2.05811
6250.0 5850.0 -2.18135
6350.0 5850.0 -1.81026
50.0 5950.0 -0.86930
150.0 5950.0 -0.69238
250.0 5950.0 -0.47135
350.0 5950.0 -0.32052
450.0 5950.0 -0.32759
550.0 5950.0 -0.44952
650.0 5950.0 -0.56178
750.0 5950.0 -0.54426
850.0 5950.0 -0.39056
950.0 5950.0 -0.15558
1050.0 5950.0 0.18163
1150.0 5950.0 0.50523
1250.0 5950.0 0.70033
1350.0 5950.0 0.74926
1450.0 5950.0 0.72540
1550.0 5950.0 0.52340
1650.0 5950.0 -0.18232
1750.0 5950.0 -1.15990
1850.0 5950.0 -1.94575
1950.0 5950.0 -2.22325
2050.0 5950.0 -2.03561
2150.0 5950.0 -1.74548
2250.0 5950.0 -1.55346
2350.0 5950.0 -1.54011
2450.0 5950.0 -1.67190
2550.0 5950.0 -1.80552
2650.0 5950.0 -1.80692
2750.0 5950.0 -1.65594
2850.0 5950.0 -1.03076
2950.0 5950.0 -0.00143
3050.0 5950.0 0.98659
3150.0 5950.0 1.52879
3250.0 5950.0 1.53535
3350.0 5950.0 1.32515
3450.0 5950.0 1.18290
3550.0 5950.0 1.19440
3650.0 5950.0 1.34672
3750.0 5950.0 1.52430
3850.0 5950.0 1.59278
3950.0 5950.0 1.58271
4050.0 5950.0 1.82174
4150.0 5950.0 2.22939
4250.0 5950.0 2.41165
4350.0 5950.0 2.14249
4450.0 5950.0 1.52435
4550.0 5950.0 0.81543
4650.0 5950.0 0.19841
4750.0 5950.0 -0.02229
4850.0 5950.0 0.31049
4950.0 5950.0 0.96508
5050.0 5950.0 1.46012
5150.0 5950.0 1.58601
5250.0 5950.0 1.67493
5350.0 5950.0 1.74251
5450.0 5950.0 1.67810
5550.0 5950.0 1.45823
5650.0 5950.0 1.17831
5750.0 5950.0 0.94286
5850.0 5950.0 0.51245
5950.0 5950.0 -0.38723
6050.0 5950.0 -1.36577
6150.0 5950.0 -1.93263
6250.0 5950.0 -1.91057
6350.0 5950.0 -1.51197
50.0 6050.0 -0.88782
150.0 6050.0 -0.55964
250.0 6050.0 -0.14286
350.0 6050.0 0.08736
450.0 6050.0 -0.05939
550.0 6050.0 -0.42026
650.0 6050.0 -0.67858
750.0 6050.0 -0.58848
850.0 6050.0 -0.18502
950.0 6050.0 0.35622
1050.0 6050.0 0.95506
1150.0 6050.0 1.30101
1250.0 6050.0 1.23804
1350.0 6050.0 0.92254
1450.0 6050.0 0.62638
1550.0 6050.0 0.21840
1650.0 6050.0 -0.52858
1750.0 6050.0 -1.27982
1850.0 6050.0 -1.64542
1950.0 6050.0 -1.53137
2050.0 6050.0 -1.15462
2150.0 6050.0 -0.77030
2250.0 6050.0 -0.56283
2350.0 6050.0 -0.63000
2450.0 6050.0 -0.88705
2550.0 6050.0 -1.10613
2650.0 6050.0 -1.10073
2750.0 6050.0 -0.92816
2850.0 6050.0 -0.46050
2950.0 6050.0 0.19839
3050.0 6050.0 0.73514
3150.0 6050.0 0.93462
3250.0 6050.0 0.81759
3350.0 6050.0 0.59472
3450.0 6050.0 0.42145
3550.0 6050.0 0.40320
3650.0 6050.0 0.56391
3750.0 6050.0 0.79614
3850.0 6050.0 0.94065
3950.0 6050.0 1.00530
4050.0 6050.0 1.32132
4150.0 6050.0 1.79032
4250.0 6050.0 1.99909
4350.0 6050.0 1.72763
4450.0 6050.0 1.10586
4550.0 6050.0 0.40707
4650.0 6050.0 -0.20363
4750.0 6050.0 -0.44842
4850.0 6050.0 -0.18665
4950.0 6050.0 0.36643
5050.0 6050.0 0.76941
5150.0 6050.0 0.83369
5250.0 6050.0 0.96547
5350.0 6050.0 1.26985
5450.0 6050.0 1.51394
5550.0 6050.0 1.49614
5650.0 6050.0 1.21192
5750.0 6050.0 0.81412
5850.0 6050.0 0.24810
5950.0 6050.0 -0.59390
6050.0 6050.0 -1.29846
6150.0 6050.0 -1.50276
6250.0 6050.0 -1.22634
6350.0 6050.0 -0.77773
50.0 6150.0 -0.79024
150.0 6150.0 -0.37781
250.0 6150.0 0.10771
350.0 6150.0 0.36594
450.0 6150.0 0.17643
550.0 6150.0 -0.25886
650.0 6150.0 -0.56110
750.0 6150.0 -0.44402
850.0 6150.0 0.04336
950.0 6150.0 0.65543
1050.0 6150.0 1.22874
1150.0 6150.0 1.41235
1250.0 6150.0 1.10283
1350.0 6150.0 0.57469
1450.0 6150.0 0.17131
1550.0 6150.0 -0.26490
1650.0 6150.0 -0.84702
1750.0 6150.0 -1.23307
1850.0 6150.0 -1.16894
1950.0 6150.0 -0.74605
2050.0 6150.0 -0.26585
2150.0 6150.0 0.15005
2250.0 6150.0 0.36257
2350.0 6150.0 0.26812
2450.0 6150.0 -0.03123
2550.0 6150.0 -0.27916
2650.0 6150.0 -0.27153
2750.0 6150.0 -0.10921
2850.0 6150.0 0.17456
2950.0 6150.0 0.45601
3050.0 6150.0 0.55738
3150.0 6150.0 0.43937
3250.0 6150.0 0.21360
3350.0 6150.0 -0.01676
3450.0 6150.0 -0.22030
3550.0 6150.0 -0.29117
3650.0 6150.0 -0.17841
3750.0 6150.0 0.03344
3850.0 6150.0 0.18851
3950.0 6150.0 0.27844
4050.0 6150.0 0.63482
4150.0 6150.0 1.15952
4250.0 6150.0 1.42169
4350.0 6150.0 1.18563
4450.0 6150.0 0.57849
4550.0 6150.0 -0.11580
4650.0 6150.0 -0.72706
4750.0 6150.0 -0.98738
4850.0 6150.0 -0.75951
4950.0 6150.0 -0.24917
5050.0 6150.0 0.11866
5150.0 6150.0 0.16168
5250.0 6150.0 0.29849
5350.0 6150.0 0.65180
5450.0 6150.0 0.95521
5550.0 6150.0 0.96469
5650.0 6150.0 0.65711
5750.0 6150.0 0.20156
5850.0 6150.0 -0.36524
5950.0 6150.0 -1.01139
6050.0 6150.0 -1.34866
6150.0 6150.0 -1.16381
6250.0 6150.0 -0.64383
6350.0 6150.0 -0.14655
50.0 6250.0 -0.71626
150.0 6250.0 -0.25453
250.0 6250.0 0.23480
350.0 6250.0 0.49967
450.0 6250.0 0.33091
550.0 6250.0 -0.07681
650.0 6250.0 -0.35690
750.0 6250.0 -0.23150
850.0 6250.0 0.25247
950.0 6250.0 0.81659
1050.0 6250.0 1.23175
1150.0 6250.0 1.18046
1250.0 6250.0 0.64916
1350.0 6250.0 -0.00663
1450.0 6250.0 -0.43673
1550.0 6250.0 -0.82689
1650.0 6250.0 -1.18917
1750.0 6250.0 -1.21429
1850.0 6250.0 -0.78750
1950.0 6250.0 -0.14094
2050.0 6250.0 0.38912
2150.0 6250.0 0.80721
2250.0 6250.0 1.03557
2350.0 6250.0 0.96776
2450.0 6250.0 0.69388
2550.0 6250.0 0.45938
2650.0 6250.0 0.46614
2750.0 6250.0 0.60130
2850.0 6250.0 0.72163
2950.0 6250.0 0.69700
3050.0 6250.0 0.46165
3150.0 6250.0 0.10861
3250.0 6250.0 -0.19092
3350.0 6250.0 -0.42034
3450.0 6250.0 -0.64538
3550.0 6250.0 -0.77020
3650.0 6250.0 -0.72591
3750.0 6250.0 -0.56895
3850.0 6250.0 -0.43659
3950.0 6250.0 -0.34815
4050.0 6250.0 0.02105
4150.0 6250.0 0.58196
4250.0 6250.0 0.89564
4350.0 6250.0 0.70749
4450.0 6250.0 0.12799
4550.0 6250.0 -0.55572
4650.0 6250.0 -1.15712
4750.0 6250.0 -1.40867
4850.0 6250.0 -1.17630
4950.0 6250.0 -0.66597
5050.0 6250.0 -0.29944
5150.0 6250.0 -0.25656
5250.0 6250.0 -0.14304
5350.0 6250.0 0.13605
5450.0 6250.0 0.33660
5550.0 6250.0 0.25801
5650.0 6250.0 -0.08996
5750.0 6250.0 -0.54207
5850.0 6250.0 -1.04640
5950.0 6250.0 -1.48012
6050.0 6250.0 -1.49565
6150.0 6250.0 -1.00252
6250.0 6250.0 -0.30099
6350.0 6250.0 0.23497
50.0 6350.0 -0.83402
150.0 6350.0 -0.34470
250.0 6350.0 0.12415
350.0 6350.0 0.41559
450.0 6350.0 0.36674
550.0 6350.0 0.11457
650.0 6350.0 -0.05832
750.0 6350.0 0.07686
850.0 6350.0 0.49628
950.0 6350.0 0.94732
1050.0 6350.0 1.15949
1150.0 6350.0 0.85747
1250.0 6350.0 0.10653
1350.0 6350.0 -0.68178
1450.0 6350.0 -1.16573
1550.0 6350.0 -1.54765
1650.0 6350.0 -1.74001
1750.0 6350.0 -1.45805
1850.0 6350.0 -0.71404
1950.0 6350.0 0.12500
2050.0 6350.0 0.68418
2150.0 6350.0 1.10714
2250.0 6350.0 1.44374
2350.0 6350.0 1.56114
2450.0 6350.0 1.45691
2550.0 6350.0 1.29695
2650.0 6350.0 1.27139
2750.0 6350.0 1.31121
2850.0 6350.0 1.18183
2950.0 6350.0 0.78633
3050.0 6350.0 0.21032
3150.0 6350.0 -0.32783
3250.0 6350.0 -0.64097
3350.0 6350.0 -0.81533
3450.0 6350.0 -0.97690
3550.0 6350.0 -1.05465
3650.0 6350.0 -1.00407
3750.0 6350.0 -0.87554
3850.0 6350.0 -0.77545
3950.0 6350.0 -0.70981
4050.0 6350.0 -0.37971
4150.0 6350.0 0.15392
4250.0 6350.0 0.49876
4350.0 6350.0 0.40418
4450.0 6350.0 -0.06135
4550.0 6350.0 -0.64436
4650.0 6350.0 -1.14891
4750.0 6350.0 -1.33235
4850.0 6350.0 -1.08583
4950.0 6350.0 -0.60263
5050.0 6350.0 -0.26027
5150.0 6350.0 -0.21342
5250.0 6350.0 -0.15357
5350.0 6350.0 -0.03912
5450.0 6350.0 -0.02283
5550.0 6350.0 -0.19593
5650.0 6350.0 -0.50608
5750.0 6350.0 -0.83462
5850.0 6350.0 -1.20324
5950.0 6350.0 -1.52361
6050.0 6350.0 -1.48353
6150.0 6350.0 -0.99095
6250.0 6350.0 -0.30135
6350.0 6350.0 0.25509
