50.0 50.0 0.39423
150.0 50.0 1.17834
250.0 50.0 1.83309
350.0 50.0 2.01538
450.0 50.0 1.62416
550.0 50.0 0.90009
650.0 50.0 0.24396
750.0 50.0 -0.20897
850.0 50.0 -0.34547
950.0 50.0 -0.01526
1050.0 50.0 0.54037
1150.0 50.0 0.94923
1250.0 50.0 0.92771
1350.0 50.0 0.42234
1450.0 50.0 -0.33394
1550.0 50.0 -1.04361
1650.0 50.0 -1.46357
1750.0 50.0 -1.41179
1850.0 50.0 -0.94594
1950.0 50.0 -0.36805
2050.0 50.0 -0.03679
2150.0 50.0 -0.00006
2250.0 50.0 -0.11469
2350.0 50.0 -0.40094
2450.0 50.0 -0.68931
2550.0 50.0 -0.79326
2650.0 50.0 -0.63763
2750.0 50.0 -0.28648
2850.0 50.0 0.13172
2950.0 50.0 0.63706
3050.0 50.0 1.17440
3150.0 50.0 1.47116
3250.0 50.0 1.35205
3350.0 50.0 0.88830
3450.0 50.0 0.34041
3550.0 50.0 -0.10465
3650.0 50.0 -0.55355
3750.0 50.0 -0.95717
3850.0 50.0 -1.12481
3950.0 50.0 -0.96625
4050.0 50.0 -0.58256
4150.0 50.0 -0.20193
4250.0 50.0 0.03796
4350.0 50.0 0.08181
4450.0 50.0 -0.25730
4550.0 50.0 -0.77822
4650.0 50.0 -1.13594
4750.0 50.0 -1.08917
4850.0 50.0 -0.61759
4950.0 50.0 0.09160
5050.0 50.0 0.84709
5150.0 50.0 1.49585
5250.0 50.0 1.75176
5350.0 50.0 1.48762
5450.0 50.0 0.87619
5550.0 50.0 0.29370
5650.0 50.0 -0.01394
5750.0 50.0 -0.18702
5850.0 50.0 -0.17547
5950.0 50.0 0.00155
6050.0 50.0 0.21810
6150.0 50.0 0.33008
6250.0 50.0 0.24887
6350.0 50.0 0.00000
50.0 150.0 0.81170
150.0 150.0 1.55208
250.0 150.0 2.14998
350.0 150.0 2.27545
450.0 150.0 1.84092
550.0 150.0 1.09249
650.0 150.0 0.42652
750.0 150.0 -0.03316
850.0 150.0 -0.20892
950.0 150.0 0.03210
1050.0 150.0 0.47519
1150.0 150.0 0.78840
1250.0 150.0 0.71817
1350.0 150.0 0.21598
1450.0 150.0 -0.51014
1550.0 150.0 -1.18167
1650.0 150.0 -1.55990
1750.0 150.0 -1.47691
1850.0 150.0 -0.99977
1950.0 150.0 -0.42808
2050.0 150.0 -0.10883
2150.0 150.0 -0.08216
2250.0 150.0 -0.23435
2350.0 150.0 -0.61487
2450.0 150.0 -1.03772
2550.0 150.0 -1.27664
2650.0 150.0 -1.21708
2750.0 150.0 -0.90445
2850.0 150.0 -0.48576
2950.0 150.0 0.05252
3050.0 150.0 0.68981
3150.0 150.0 1.14228
3250.0 150.0 1.19154
3350.0 150.0 0.85923
3450.0 150.0 0.37578
3550.0 150.0 -0.05585
3650.0 150.0 -0.46632
3750.0 150.0 -0.75529
3850.0 150.0 -0.75169
3950.0 150.0 -0.41953
4050.0 150.0 0.08593
4150.0 150.0 0.50988
4250.0 150.0 0.73594
4350.0 150.0 0.74574
4450.0 150.0 0.33870
4550.0 150.0 -0.27866
4650.0 150.0 -0.73863
4750.0 150.0 -0.77458
4850.0 150.0 -0.35111
4950.0 150.0 0.33800
5050.0 150.0 1.06805
5150.0 150.0 1.65912
5250.0 150.0 1.82833
5350.0 150.0 1.46957
5450.0 150.0 0.78051
5550.0 150.0 0.15341
5650.0 150.0 -0.17023
5750.0 150.0 -0.33495
5850.0 150.0 -0.24380
5950.0 150.0 0.08797
6050.0 150.0 0.49375
6150.0 150.0 0.77064
6250.0 150.0 0.78329
6350.0 150.0 0.55632
50.0 250.0 1.18223
150.0 250.0 1.78515
250.0 250.0 2.31835
350.0 250.0 2.47451
450.0 250.0 2.13860
550.0 250.0 1.48870
650.0 250.0 0.85591
750.0 250.0 0.36915
850.0 250.0 0.07195
950.0 250.0 0.07256
1050.0 250.0 0.25404
1150.0 250.0 0.39791
1250.0 250.0 0.30884
1350.0 250.0 -0.08296
1450.0 250.0 -0.64647
1550.0 250.0 -1.15381
1650.0 250.0 -1.41534
1750.0 250.0 -1.31996
1850.0 250.0 -0.93971
1950.0 250.0 -0.51444
2050.0 250.0 -0.30574
2150.0 250.0 -0.33195
2250.0 250.0 -0.54225
2350.0 250.0 -0.99200
2450.0 250.0 -1.47129
2550.0 250.0 -1.73459
2650.0 250.0 -1.66725
2750.0 250.0 -1.33186
2850.0 250.0 -0.89156
2950.0 250.0 -0.31832
3050.0 250.0 0.38968
3150.0 250.0 0.94656
3250.0 250.0 1.11324
3350.0 250.0 0.88353
3450.0 250.0 0.46771
3550.0 250.0 0.07491
3650.0 250.0 -0.26001
3750.0 250.0 -0.39600
3850.0 250.0 -0.21954
3950.0 250.0 0.22761
4050.0 250.0 0.74795
4150.0 250.0 1.09900
4250.0 250.0 1.21396
4350.0 250.0 1.13313
4450.0 250.0 0.71012
4550.0 250.0 0.15468
4650.0 250.0 -0.20585
4750.0 250.0 -0.16562
4850.0 250.0 0.26142
4950.0 250.0 0.88372
5050.0 250.0 1.52093
5150.0 250.0 1.98142
5250.0 250.0 1.99222
5350.0 250.0 1.47594
5450.0 250.0 0.65758
5550.0 250.0 -0.05853
5650.0 250.0 -0.44142
5750.0 250.0 -0.63392
5850.0 250.0 -0.46238
5950.0 250.0 0.08016
6050.0 250.0 0.77655
6150.0 250.0 1.33005
6250.0 250.0 1.51637
6350.0 250.0 1.34332
50.0 350.0 1.30518
150.0 350.0 1.67225
250.0 350.0 2.13169
350.0 350.0 2.40897
450.0 350.0 2.31912
550.0 350.0 1.89557
650.0 350.0 1.34070
750.0 350.0 0.80646
850.0 350.0 0.32064
950.0 350.0 -0.02667
1050.0 350.0 -0.18945
1150.0 350.0 -0.21780
1250.0 350.0 -0.24151
1350.0 350.0 -0.38976
1450.0 350.0 -0.65063
1550.0 350.0 -0.86044
1650.0 350.0 -0.92279
1750.0 350.0 -0.82880
1850.0 350.0 -0.65253
1950.0 350.0 -0.51597
2050.0 350.0 -0.51909
2150.0 350.0 -0.64278
2250.0 350.0 -0.93062
2350.0 350.0 -1.41693
2450.0 350.0 -1.86111
2550.0 350.0 -2.02267
2650.0 350.0 -1.83109
2750.0 350.0 -1.40537
2850.0 350.0 -0.92122
2950.0 350.0 -0.32085
3050.0 350.0 0.39444
3150.0 350.0 0.95049
3250.0 350.0 1.12587
3350.0 350.0 0.92608
3450.0 350.0 0.56166
3550.0 350.0 0.23201
3650.0 350.0 0.00606
3750.0 350.0 0.04371
3850.0 350.0 0.36329
3950.0 350.0 0.82959
4050.0 350.0 1.22581
4150.0 350.0 1.36931
4250.0 350.0 1.26965
4350.0 350.0 1.03626
4450.0 350.0 0.64113
4550.0 350.0 0.29581
4650.0 350.0 0.22615
4750.0 350.0 0.49310
4850.0 350.0 0.96989
4950.0 350.0 1.47531
5050.0 350.0 1.96140
5150.0 350.0 2.26715
5250.0 350.0 2.13433
5350.0 350.0 1.49748
5450.0 350.0 0.57999
5550.0 350.0 -0.22764
5650.0 350.0 -0.70756
5750.0 350.0 -0.97862
5850.0 350.0 -0.78670
5950.0 350.0 -0.08324
6050.0 350.0 0.88324
6150.0 350.0 1.72409
6250.0 350.0 2.11011
6350.0 350.0 2.01354
50.0 450.0 1.06372
150.0 450.0 1.15308
250.0 450.0 1.53389
350.0 450.0 1.96888
450.0 450.0 2.18567
550.0 450.0 2.04126
650.0 450.0 1.58276
750.0 450.0 0.99364
850.0 450.0 0.31559
950.0 450.0 -0.35836
1050.0 450.0 -0.80402
1150.0 450.0 -0.90847
1250.0 450.0 -0.76200
1350.0 450.0 -0.58311
1450.0 450.0 -0.48056
1550.0 450.0 -0.33486
1650.0 450.0 -0.15805
1750.0 450.0 -0.06348
1850.0 450.0 -0.12825
1950.0 450.0 -0.33445
2050.0 450.0 -0.58957
2150.0 450.0 -0.82926
2250.0 450.0 -1.20006
2350.0 450.0 -1.70070
2450.0 450.0 -2.05830
2550.0 450.0 -2.05141
2650.0 450.0 -1.67637
2750.0 450.0 -1.12739
2850.0 450.0 -0.58981
2950.0 450.0 0.02133
3050.0 450.0 0.67416
3150.0 450.0 1.11750
3250.0 450.0 1.18316
3350.0 450.0 0.92701
3450.0 450.0 0.58153
3550.0 450.0 0.32233
3650.0 450.0 0.21226
3750.0 450.0 0.40674
3850.0 450.0 0.81569
3950.0 450.0 1.21552
4050.0 450.0 1.39363
4150.0 450.0 1.25578
4250.0 450.0 0.89566
4350.0 450.0 0.48008
4450.0 450.0 0.11751
4550.0 450.0 0.02168
4650.0 450.0 0.29772
4750.0 450.0 0.83411
4850.0 450.0 1.36971
4950.0 450.0 1.73563
5050.0 450.0 2.06215
5150.0 450.0 2.27135
5250.0 450.0 2.11895
5350.0 450.0 1.51177
5450.0 450.0 0.61836
5550.0 450.0 -0.22422
5650.0 450.0 -0.80729
5750.0 450.0 -1.19527
5850.0 450.0 -1.08801
5950.0 450.0 -0.38679
6050.0 450.0 0.67506
6150.0 450.0 1.66862
6250.0 450.0 2.18996
6350.0 450.0 2.16495
50.0 550.0 0.54819
150.0 550.0 0.39605
250.0 550.0 0.70011
350.0 550.0 1.25687
450.0 550.0 1.72307
550.0 550.0 1.80852
650.0 550.0 1.42912
750.0 550.0 0.79439
850.0 550.0 -0.01597
950.0 550.0 -0.88257
1050.0 550.0 -1.44460
1150.0 550.0 -1.48690
1250.0 550.0 -1.10397
1350.0 550.0 -0.60896
1450.0 550.0 -0.19279
1550.0 550.0 0.26112
1650.0 550.0 0.65363
1750.0 550.0 0.76490
1850.0 550.0 0.51047
1950.0 550.0 0.02301
2050.0 550.0 -0.44278
2150.0 550.0 -0.78143
2250.0 550.0 -1.22402
2350.0 550.0 -1.73928
2450.0 550.0 -2.02634
2550.0 550.0 -1.87898
2650.0 550.0 -1.34968
2750.0 550.0 -0.69640
2850.0 550.0 -0.11343
2950.0 550.0 0.49300
3050.0 550.0 1.04645
3150.0 550.0 1.32120
3250.0 550.0 1.21542
3350.0 550.0 0.85162
3450.0 550.0 0.49501
3550.0 550.0 0.29300
3650.0 550.0 0.27622
3750.0 550.0 0.58390
3850.0 550.0 1.03521
3950.0 550.0 1.34065
4050.0 550.0 1.30261
4150.0 550.0 0.90971
4250.0 550.0 0.32469
4350.0 550.0 -0.25494
4450.0 550.0 -0.62080
4550.0 550.0 -0.55500
4650.0 550.0 -0.04121
4750.0 550.0 0.67916
4850.0 550.0 1.24168
4950.0 550.0 1.48469
5050.0 550.0 1.69610
5150.0 550.0 1.91412
5250.0 550.0 1.90264
5350.0 550.0 1.50118
5450.0 550.0 0.77626
5550.0 550.0 -0.01908
5650.0 550.0 -0.67738
5750.0 550.0 -1.18722
5850.0 550.0 -1.25459
5950.0 550.0 -0.73737
6050.0 550.0 0.19352
6150.0 550.0 1.13961
6250.0 550.0 1.68029
6350.0 550.0 1.69815
50.0 650.0 0.01167
150.0 650.0 -0.28615
250.0 650.0 -0.05107
350.0 650.0 0.53747
450.0 650.0 1.10737
550.0 650.0 1.29663
650.0 650.0 0.95217
750.0 650.0 0.29295
850.0 650.0 -0.55901
950.0 650.0 -1.44581
1050.0 650.0 -1.94607
1150.0 650.0 -1.82494
1250.0 650.0 -1.21773
1350.0 650.0 -0.50904
1450.0 650.0 0.08565
1550.0 650.0 0.71921
1650.0 650.0 1.25205
1750.0 650.0 1.40138
1850.0 650.0 1.07014
1950.0 650.0 0.44652
2050.0 650.0 -0.12841
2150.0 650.0 -0.52210
2250.0 650.0 -1.01471
2350.0 650.0 -1.56798
2450.0 650.0 -1.86097
2550.0 650.0 -1.68274
2650.0 650.0 -1.10277
2750.0 650.0 -0.40675
2850.0 650.0 0.20006
2950.0 650.0 0.79622
3050.0 650.0 1.26881
3150.0 650.0 1.40954
3250.0 650.0 1.16519
3350.0 650.0 0.70851
3450.0 650.0 0.33069
3550.0 650.0 0.15910
3650.0 650.0 0.19570
3750.0 650.0 0.57057
3850.0 650.0 1.05163
3950.0 650.0 1.31068
4050.0 650.0 1.15652
4150.0 650.0 0.62300
4250.0 650.0 -0.08794
4350.0 650.0 -0.77465
4450.0 650.0 -1.20065
4550.0 650.0 -1.14146
4650.0 650.0 -0.60322
4750.0 650.0 0.13296
4850.0 650.0 0.66675
4950.0 650.0 0.83426
5050.0 650.0 1.00383
5150.0 650.0 1.32345
5250.0 650.0 1.55757
5350.0 650.0 1.46198
5450.0 650.0 0.98779
5550.0 650.0 0.30043
5650.0 650.0 -0.38623
5750.0 650.0 -0.98544
5850.0 650.0 -1.24943
5950.0 650.0 -1.01128
6050.0 650.0 -0.35924
6150.0 650.0 0.38809
6250.0 650.0 0.84643
6350.0 650.0 0.87053
50.0 750.0 -0.34226
150.0 750.0 -0.68903
250.0 750.0 -0.51428
350.0 750.0 0.01671
450.0 750.0 0.54491
550.0 750.0 0.71196
650.0 750.0 0.35834
750.0 750.0 -0.30504
850.0 750.0 -1.12672
950.0 750.0 -1.91232
1050.0 750.0 -2.24693
1150.0 750.0 -1.93672
1250.0 750.0 -1.17181
1350.0 750.0 -0.37401
1450.0 750.0 0.26185
1550.0 750.0 0.94430
1650.0 750.0 1.53754
1750.0 750.0 1.74030
1850.0 750.0 1.43952
1950.0 750.0 0.82111
2050.0 750.0 0.23726
2150.0 750.0 -0.16753
2250.0 750.0 -0.69039
2350.0 750.0 -1.31185
2450.0 750.0 -1.69781
2550.0 750.0 -1.60960
2650.0 750.0 -1.09117
2750.0 750.0 -0.41784
2850.0 750.0 0.19098
2950.0 750.0 0.78151
3050.0 750.0 1.22555
3150.0 750.0 1.31997
3250.0 750.0 1.02700
3350.0 750.0 0.53589
3450.0 750.0 0.14681
3550.0 750.0 -0.01899
3650.0 750.0 0.03643
3750.0 750.0 0.45220
3850.0 750.0 0.98259
3950.0 750.0 1.27896
4050.0 750.0 1.13710
4150.0 750.0 0.59146
4250.0 750.0 -0.14408
4350.0 750.0 -0.87776
4450.0 750.0 -1.41031
4550.0 750.0 -1.50892
4650.0 750.0 -1.14064
4750.0 750.0 -0.54162
4850.0 750.0 -0.08443
4950.0 750.0 0.05651
5050.0 750.0 0.24535
5150.0 750.0 0.70636
5250.0 750.0 1.19914
5350.0 750.0 1.40466
5450.0 750.0 1.17740
5550.0 750.0 0.61402
5650.0 750.0 -0.06153
5750.0 750.0 -0.70412
5850.0 750.0 -1.12439
5950.0 750.0 -1.14962
6050.0 750.0 -0.79514
6150.0 750.0 -0.28977
6250.0 750.0 0.04293
6350.0 750.0 0.04771
50.0 850.0 -0.50880
150.0 850.0 -0.86833
250.0 850.0 -0.76951
350.0 850.0 -0.36161
450.0 850.0 0.03782
550.0 850.0 0.11544
650.0 850.0 -0.26518
750.0 850.0 -0.91597
850.0 850.0 -1.67871
950.0 850.0 -2.32988
1050.0 850.0 -2.48155
1150.0 850.0 -1.99393
1250.0 850.0 -1.10768
1350.0 850.0 -0.26486
1450.0 850.0 0.37161
1550.0 850.0 1.06283
1650.0 850.0 1.69175
1750.0 850.0 1.95833
1850.0 850.0 1.73578
1950.0 850.0 1.18790
2050.0 850.0 0.64901
2150.0 850.0 0.26758
2250.0 850.0 -0.26060
2350.0 850.0 -0.95164
2450.0 850.0 -1.46938
2550.0 850.0 -1.53939
2650.0 850.0 -1.15486
2750.0 850.0 -0.55325
2850.0 850.0 0.03481
2950.0 850.0 0.61691
3050.0 850.0 1.06856
3150.0 850.0 1.18469
3250.0 850.0 0.91769
3350.0 850.0 0.44465
3450.0 850.0 0.05775
3550.0 850.0 -0.11849
3650.0 850.0 -0.07305
3750.0 850.0 0.34166
3850.0 850.0 0.88454
3950.0 850.0 1.20477
4050.0 850.0 1.08946
4150.0 850.0 0.56268
4250.0 850.0 -0.16441
4350.0 850.0 -0.91512
4450.0 850.0 -1.53448
4550.0 850.0 -1.78552
4650.0 850.0 -1.59298
4750.0 850.0 -1.13855
4850.0 850.0 -0.75635
4950.0 850.0 -0.62865
5050.0 850.0 -0.41200
5150.0 850.0 0.17782
5250.0 850.0 0.90119
5350.0 850.0 1.38033
5450.0 850.0 1.38834
5550.0 850.0 0.95980
5650.0 850.0 0.32285
5750.0 850.0 -0.33609
5850.0 850.0 -0.90142
5950.0 850.0 -1.20033
6050.0 850.0 -1.16961
6150.0 850.0 -0.93390
6250.0 850.0 -0.74026
6350.0 850.0 -0.74911
50.0 950.0 -0.20448
150.0 950.0 -0.51513
250.0 950.0 -0.54791
350.0 950.0 -0.42033
450.0 950.0 -0.33828
550.0 950.0 -0.48107
650.0 950.0 -0.90596
750.0 950.0 -1.48827
850.0 950.0 -2.14094
950.0 950.0 -2.63899
1050.0 950.0 -2.63647
1150.0 950.0 -2.03804
1250.0 950.0 -1.10288
1350.0 950.0 -0.25898
1450.0 950.0 0.36156
1550.0 950.0 1.03143
1650.0 950.0 1.66140
1750.0 950.0 1.99341
1850.0 950.0 1.91114
1950.0 950.0 1.54445
2050.0 950.0 1.17241
2150.0 950.0 0.92415
2250.0 950.0 0.49729
2350.0 950.0 -0.19690
2450.0 950.0 -0.87001
2550.0 950.0 -1.21788
2650.0 950.0 -1.13239
2750.0 950.0 -0.73793
2850.0 950.0 -0.25144
2950.0 950.0 0.28971
3050.0 950.0 0.81473
3150.0 950.0 1.10362
3250.0 950.0 1.03774
3350.0 950.0 0.70812
3450.0 950.0 0.35116
3550.0 950.0 0.11491
3650.0 950.0 0.05797
3750.0 950.0 0.31115
3850.0 950.0 0.67629
3950.0 950.0 0.86142
4050.0 950.0 0.68627
4150.0 950.0 0.16650
4250.0 950.0 -0.52375
4350.0 950.0 -1.22908
4450.0 950.0 -1.79514
4550.0 950.0 -2.00197
4650.0 950.0 -1.78950
4750.0 950.0 -1.34026
4850.0 950.0 -0.97510
4950.0 950.0 -0.86208
5050.0 950.0 -0.65253
5150.0 950.0 -0.03030
5250.0 950.0 0.79949
5350.0 950.0 1.45881
5450.0 950.0 1.67853
5550.0 950.0 1.43166
5650.0 950.0 0.91797
5750.0 950.0 0.31224
5850.0 950.0 -0.40486
5950.0 950.0 -1.06333
6050.0 950.0 -1.47694
6150.0 950.0 -1.60355
6250.0 950.0 -1.56514
6350.0 950.0 -1.52760
50.0 1050.0 0.47654
150.0 1050.0 0.31061
250.0 1050.0 0.15540
350.0 1050.0 -0.07145
450.0 1050.0 -0.41642
550.0 1050.0 -0.85568
650.0 1050.0 -1.31825
750.0 1050.0 -1.76976
850.0 1050.0 -2.27085
950.0 1050.0 -2.63545
1050.0 1050.0 -2.56877
1150.0 1050.0 -1.99207
1250.0 1050.0 -1.13002
1350.0 1050.0 -0.35025
1450.0 1050.0 0.23443
1550.0 1050.0 0.83293
1650.0 1050.0 1.37756
1750.0 1050.0 1.70532
1850.0 1050.0 1.75806
1950.0 1050.0 1.64086
2050.0 1050.0 1.54774
2150.0 1050.0 1.55269
2250.0 1050.0 1.36547
2350.0 1050.0 0.80446
2450.0 1050.0 0.04602
2550.0 1050.0 -0.61063
2650.0 1050.0 -0.93080
2750.0 1050.0 -0.85977
2850.0 1050.0 -0.56115
2950.0 1050.0 -0.10938
3050.0 1050.0 0.52044
3150.0 1050.0 1.08416
3250.0 1050.0 1.34328
3350.0 1050.0 1.24219
3450.0 1050.0 0.92126
3550.0 1050.0 0.56763
3650.0 1050.0 0.32042
3750.0 1050.0 0.28520
3850.0 1050.0 0.34403
3950.0 1050.0 0.30789
4050.0 1050.0 0.04760
4150.0 1050.0 -0.44451
4250.0 1050.0 -1.06218
4350.0 1050.0 -1.65895
4450.0 1050.0 -2.03930
4550.0 1050.0 -2.02190
4650.0 1050.0 -1.61505
4750.0 1050.0 -1.05048
4850.0 1050.0 -0.65512
4950.0 1050.0 -0.56089
5050.0 1050.0 -0.40649
5150.0 1050.0 0.10135
5250.0 1050.0 0.83098
5350.0 1050.0 1.48785
5450.0 1050.0 1.82808
5550.0 1050.0 1.78063
5650.0 1050.0 1.47793
5750.0 1050.0 1.01786
5850.0 1050.0 0.21513
5950.0 1050.0 -0.76666
6050.0 1050.0 -1.60466
6150.0 1050.0 -2.06761
6250.0 1050.0 -2.13282
6350.0 1050.0 -1.96931
50.0 1150.0 1.14202
150.0 1150.0 1.20121
250.0 1150.0 1.02055
350.0 1150.0 0.53600
450.0 1150.0 -0.15664
550.0 1150.0 -0.83723
650.0 1150.0 -1.30070
750.0 1150.0 -1.59212
850.0 1150.0 -1.94222
950.0 1150.0 -2.23534
1050.0 1150.0 -2.22230
1150.0 1150.0 -1.80552
1250.0 1150.0 -1.12771
1350.0 1150.0 -0.46382
1450.0 1150.0 0.07364
1550.0 1150.0 0.55579
1650.0 1150.0 0.91227
1750.0 1150.0 1.11000
1850.0 1150.0 1.19846
1950.0 1150.0 1.29129
2050.0 1150.0 1.49884
2150.0 1150.0 1.81040
2250.0 1150.0 1.95319
2350.0 1150.0 1.67054
2450.0 1150.0 0.98503
2550.0 1150.0 0.13834
2650.0 1150.0 -0.53689
2750.0 1150.0 -0.79885
2850.0 1150.0 -0.72379
2950.0 1150.0 -0.40005
3050.0 1150.0 0.29486
3150.0 1150.0 1.09522
3250.0 1150.0 1.64478
3350.0 1150.0 1.74119
3450.0 1150.0 1.42683
3550.0 1150.0 0.92610
3650.0 1150.0 0.46691
3750.0 1150.0 0.15129
3850.0 1150.0 -0.04813
3950.0 1150.0 -0.22763
4050.0 1150.0 -0.49257
4150.0 1150.0 -0.90322
4250.0 1150.0 -1.42618
4350.0 1150.0 -1.89299
4450.0 1150.0 -2.05620
4550.0 1150.0 -1.78092
4650.0 1150.0 -1.15443
4750.0 1150.0 -0.46316
4850.0 1150.0 -0.03799
4950.0 1150.0 0.03225
5050.0 1150.0 0.09704
5150.0 1150.0 0.37025
5250.0 1150.0 0.81378
5350.0 1150.0 1.28017
5450.0 1150.0 1.61356
5550.0 1150.0 1.72903
5650.0 1150.0 1.66995
5750.0 1150.0 1.41851
5850.0 1150.0 0.65703
5950.0 1150.0 -0.45933
6050.0 1150.0 -1.51154
6150.0 1150.0 -2.13041
6250.0 1150.0 -2.18435
6350.0 1150.0 -1.84096
50.0 1250.0 1.42036
150.0 1250.0 1.72565
250.0 1250.0 1.64803
350.0 1250.0 1.11464
450.0 1250.0 0.29301
550.0 1250.0 -0.47703
650.0 1250.0 -0.89573
750.0 1250.0 -1.04592
850.0 1250.0 -1.28615
950.0 1250.0 -1.57648
1050.0 1250.0 -1.69670
1150.0 1250.0 -1.50713
1250.0 1250.0 -1.05270
1350.0 1250.0 -0.51485
1450.0 1250.0 -0.02131
1550.0 1250.0 0.32925
1650.0 1250.0 0.43568
1750.0 1250.0 0.39272
1850.0 1250.0 0.38135
1950.0 1250.0 0.56206
2050.0 1250.0 0.99250
2150.0 1250.0 1.56993
2250.0 1250.0 2.03671
2350.0 1250.0 2.10591
2450.0 1250.0 1.64966
2550.0 1250.0 0.81107
2650.0 1250.0 -0.04415
2750.0 1250.0 -0.53996
2850.0 1250.0 -0.65537
2950.0 1250.0 -0.46743
3050.0 1250.0 0.20584
3150.0 1250.0 1.08980
3250.0 1250.0 1.76073
3350.0 1250.0 1.92822
3450.0 1250.0 1.57280
3550.0 1250.0 0.93845
3650.0 1250.0 0.32171
3750.0 1250.0 -0.14000
3850.0 1250.0 -0.40492
3950.0 1250.0 -0.53388
4050.0 1250.0 -0.66491
4150.0 1250.0 -0.93794
4250.0 1250.0 -1.36947
4350.0 1250.0 -1.73724
4450.0 1250.0 -1.76715
4550.0 1250.0 -1.36081
4650.0 1250.0 -0.64801
4750.0 1250.0 0.06920
4850.0 1250.0 0.47789
4950.0 1250.0 0.52075
5050.0 1250.0 0.49365
5150.0 1250.0 0.50421
5250.0 1250.0 0.59853
5350.0 1250.0 0.78509
5450.0 1250.0 1.01962
5550.0 1250.0 1.22910
5650.0 1250.0 1.37485
5750.0 1250.0 1.33156
5850.0 1250.0 0.72699
5950.0 1250.0 -0.29167
6050.0 1250.0 -1.27968
6150.0 1250.0 -1.82409
6250.0 1250.0 -1.75401
6350.0 1250.0 -1.23150
50.0 1350.0 1.15530
150.0 1350.0 1.65403
250.0 1350.0 1.76497
350.0 1350.0 1.38468
450.0 1350.0 0.66810
550.0 1350.0 -0.02887
650.0 1350.0 -0.37476
750.0 1350.0 -0.44125
850.0 1350.0 -0.63040
950.0 1350.0 -0.95322
1050.0 1350.0 -1.20010
1150.0 1350.0 -1.19229
1250.0 1350.0 -0.90305
1350.0 1350.0 -0.45244
1450.0 1350.0 0.01358
1550.0 1350.0 0.25701
1650.0 1350.0 0.13008
1750.0 1350.0 -0.18357
1850.0 1350.0 -0.38813
1950.0 1350.0 -0.25524
2050.0 1350.0 0.26320
2150.0 1350.0 0.99253
2250.0 1350.0 1.68124
2350.0 1350.0 2.05859
2450.0 1350.0 1.89406
2550.0 1350.0 1.22734
2650.0 1350.0 0.39279
2750.0 1350.0 -0.18370
2850.0 1350.0 -0.40489
2950.0 1350.0 -0.32411
3050.0 1350.0 0.24322
3150.0 1350.0 1.02903
3250.0 1350.0 1.61275
3350.0 1350.0 1.70066
3450.0 1350.0 1.26576
3550.0 1350.0 0.54798
3650.0 1350.0 -0.12523
3750.0 1350.0 -0.54723
3850.0 1350.0 -0.64877
3950.0 1350.0 -0.52745
4050.0 1350.0 -0.40747
4150.0 1350.0 -0.51723
4250.0 1350.0 -0.88496
4350.0 1350.0 -1.22044
4450.0 1350.0 -1.27068
4550.0 1350.0 -0.95125
4650.0 1350.0 -0.37089
4750.0 1350.0 0.21495
4850.0 1350.0 0.54063
4950.0 1350.0 0.55659
5050.0 1350.0 0.46991
5150.0 1350.0 0.30147
5250.0 1350.0 0.14733
5350.0 1350.0 0.11913
5450.0 1350.0 0.25333
5550.0 1350.0 0.49495
5650.0 1350.0 0.75575
5750.0 1350.0 0.85496
5850.0 1350.0 0.44339
5950.0 1350.0 -0.33686
6050.0 1350.0 -1.07537
6150.0 1350.0 -1.39869
6250.0 1350.0 -1.16031
6350.0 1350.0 -0.51547
50.0 1450.0 0.47685
150.0 1450.0 1.08209
250.0 1450.0 1.39262
350.0 1450.0 1.26703
450.0 1450.0 0.79202
550.0 1450.0 0.26288
650.0 1450.0 -0.00944
750.0 1450.0 -0.05371
850.0 1450.0 -0.23708
950.0 1450.0 -0.58441
1050.0 1450.0 -0.88545
1150.0 1450.0 -0.94505
1250.0 1450.0 -0.71224
1350.0 1450.0 -0.28913
1450.0 1450.0 0.16863
1550.0 1450.0 0.34964
1650.0 1450.0 0.06113
1750.0 1450.0 -0.47460
1850.0 1450.0 -0.88812
1950.0 1450.0 -0.88596
2050.0 1450.0 -0.39679
2150.0 1450.0 0.36534
2250.0 1450.0 1.14500
2350.0 1450.0 1.71352
2450.0 1450.0 1.79876
2550.0 1450.0 1.36327
2650.0 1450.0 0.67641
2750.0 1450.0 0.14371
2850.0 1450.0 -0.09704
2950.0 1450.0 -0.07906
3050.0 1450.0 0.33952
3150.0 1450.0 0.90779
3250.0 1450.0 1.26198
3350.0 1450.0 1.17096
3450.0 1450.0 0.64357
3550.0 1450.0 -0.10165
3650.0 1450.0 -0.74035
3750.0 1450.0 -0.98281
3850.0 1450.0 -0.77059
3950.0 1450.0 -0.28832
4050.0 1450.0 0.12764
4150.0 1450.0 0.17031
4250.0 1450.0 -0.16772
4350.0 1450.0 -0.53506
4450.0 1450.0 -0.74297
4550.0 1450.0 -0.69909
4650.0 1450.0 -0.43560
4750.0 1450.0 -0.10988
4850.0 1450.0 0.08129
4950.0 1450.0 0.07371
5050.0 1450.0 -0.02772
5150.0 1450.0 -0.24140
5250.0 1450.0 -0.45938
5350.0 1450.0 -0.54427
5450.0 1450.0 -0.43872
5550.0 1450.0 -0.19218
5650.0 1450.0 0.09525
5750.0 1450.0 0.24993
5850.0 1450.0 -0.01314
5950.0 1450.0 -0.55354
6050.0 1450.0 -1.01875
6150.0 1450.0 -1.11018
6250.0 1450.0 -0.73481
6350.0 1450.0 -0.04260
50.0 1550.0 -0.35025
150.0 1550.0 0.32846
250.0 1550.0 0.83021
350.0 1550.0 0.97816
450.0 1550.0 0.77885
550.0 1550.0 0.44593
650.0 1550.0 0.25256
750.0 1550.0 0.21946
850.0 1550.0 0.04472
950.0 1550.0 -0.29606
1050.0 1550.0 -0.59788
1150.0 1550.0 -0.66718
1250.0 1550.0 -0.44929
1350.0 1550.0 -0.03995
1450.0 1550.0 0.40569
1550.0 1550.0 0.53253
1650.0 1550.0 0.10988
1750.0 1550.0 -0.61646
1850.0 1550.0 -1.22178
1950.0 1550.0 -1.35715
2050.0 1550.0 -0.92496
2150.0 1550.0 -0.16695
2250.0 1550.0 0.65286
2350.0 1550.0 1.34749
2450.0 1550.0 1.62819
2550.0 1550.0 1.40197
2650.0 1550.0 0.87543
2750.0 1550.0 0.41738
2850.0 1550.0 0.18844
2950.0 1550.0 0.16549
3050.0 1550.0 0.43649
3150.0 1550.0 0.77156
3250.0 1550.0 0.87725
3350.0 1550.0 0.60022
3450.0 1550.0 -0.00593
3550.0 1550.0 -0.74918
3650.0 1550.0 -1.32123
3750.0 1550.0 -1.35707
3850.0 1550.0 -0.82021
3950.0 1550.0 0.01379
4050.0 1550.0 0.70420
4150.0 1550.0 0.88030
4250.0 1550.0 0.56324
4350.0 1550.0 0.15167
4450.0 1550.0 -0.24318
4550.0 1550.0 -0.51930
4650.0 1550.0 -0.62165
4750.0 1550.0 -0.59658
4850.0 1550.0 -0.56346
4950.0 1550.0 -0.60358
5050.0 1550.0 -0.71576
5150.0 1550.0 -0.93969
5250.0 1550.0 -1.16293
5350.0 1550.0 -1.24536
5450.0 1550.0 -1.13138
5550.0 1550.0 -0.87566
5650.0 1550.0 -0.58225
5750.0 1550.0 -0.39587
5850.0 1550.0 -0.52923
5950.0 1550.0 -0.84459
6050.0 1550.0 -1.05106
6150.0 1550.0 -0.92865
6250.0 1550.0 -0.43967
6350.0 1550.0 0.27233
50.0 1650.0 -1.27975
150.0 1650.0 -0.54953
250.0 1650.0 0.11286
350.0 1650.0 0.51496
450.0 1650.0 0.59757
550.0 1650.0 0.49184
650.0 1650.0 0.41973
750.0 1650.0 0.44200
850.0 1650.0 0.35214
950.0 1650.0 0.12900
1050.0 1650.0 -0.07102
1150.0 1650.0 -0.09670
1250.0 1650.0 0.09900
1350.0 1650.0 0.44705
1450.0 1650.0 0.82333
1550.0 1650.0 0.85367
1650.0 1650.0 0.29515
1750.0 1650.0 -0.57595
1850.0 1650.0 -1.29763
1950.0 1650.0 -1.50086
2050.0 1650.0 -1.09370
2150.0 1650.0 -0.34245
2250.0 1650.0 0.47698
2350.0 1650.0 1.19196
2450.0 1650.0 1.52411
2550.0 1650.0 1.37509
2650.0 1650.0 0.93105
2750.0 1650.0 0.53744
2850.0 1650.0 0.35097
2950.0 1650.0 0.32363
3050.0 1650.0 0.49433
3150.0 1650.0 0.66206
3250.0 1650.0 0.60245
3350.0 1650.0 0.22855
3450.0 1650.0 -0.37608
3550.0 1650.0 -1.05019
3650.0 1650.0 -1.52186
3750.0 1650.0 -1.40603
3850.0 1650.0 -0.68820
3950.0 1650.0 0.31432
4050.0 1650.0 1.12731
4150.0 1650.0 1.37133
4250.0 1650.0 1.08824
4350.0 1650.0 0.67523
4450.0 1650.0 0.17202
4550.0 1650.0 -0.33879
4650.0 1650.0 -0.75363
4750.0 1650.0 -1.02706
4850.0 1650.0 -1.19198
4950.0 1650.0 -1.32103
5050.0 1650.0 -1.50800
5150.0 1650.0 -1.81364
5250.0 1650.0 -2.09483
5350.0 1650.0 -2.18708
5450.0 1650.0 -2.03859
5550.0 1650.0 -1.73318
5650.0 1650.0 -1.40213
5750.0 1650.0 -1.15593
5850.0 1650.0 -1.13556
5950.0 1650.0 -1.21776
6050.0 1650.0 -1.17903
6150.0 1650.0 -0.87134
6250.0 1650.0 -0.29682
6350.0 1650.0 0.41851
50.0 1750.0 -1.95019
150.0 1750.0 -1.22550
250.0 1750.0 -0.51813
350.0 1750.0 0.00283
450.0 1750.0 0.26290
550.0 1750.0 0.34295
650.0 1750.0 0.41248
750.0 1750.0 0.53989
850.0 1750.0 0.61478
950.0 1750.0 0.61411
1050.0 1750.0 0.59965
1150.0 1750.0 0.64332
1250.0 1750.0 0.78222
1350.0 1750.0 1.00312
1450.0 1750.0 1.24297
1550.0 1750.0 1.14005
1650.0 1750.0 0.48019
1750.0 1750.0 -0.42782
1850.0 1750.0 -1.12168
1950.0 1750.0 -1.27035
2050.0 1750.0 -0.83370
2150.0 1750.0 -0.09092
2250.0 1750.0 0.67836
2350.0 1750.0 1.28250
2450.0 1750.0 1.48620
2550.0 1750.0 1.24769
2650.0 1750.0 0.78593
2750.0 1750.0 0.44070
2850.0 1750.0 0.33216
2950.0 1750.0 0.34826
3050.0 1750.0 0.49083
3150.0 1750.0 0.59484
3250.0 1750.0 0.49575
3350.0 1750.0 0.15108
3450.0 1750.0 -0.34809
3550.0 1750.0 -0.87359
3650.0 1750.0 -1.21551
3750.0 1750.0 -1.04792
3850.0 1750.0 -0.37468
3950.0 1750.0 0.51903
4050.0 1750.0 1.22757
4150.0 1750.0 1.43911
4250.0 1750.0 1.20216
4350.0 1750.0 0.85415
4450.0 1750.0 0.39796
4550.0 1750.0 -0.14179
4650.0 1750.0 -0.68804
4750.0 1750.0 -1.16220
4850.0 1750.0 -1.52411
4950.0 1750.0 -1.80082
5050.0 1750.0 -2.13551
5150.0 1750.0 -2.59815
5250.0 1750.0 -2.98476
5350.0 1750.0 -3.08503
5450.0 1750.0 -2.85823
5550.0 1750.0 -2.44883
5650.0 1750.0 -2.04191
5750.0 1750.0 -1.71307
5850.0 1750.0 -1.55824
5950.0 1750.0 -1.48228
6050.0 1750.0 -1.31287
6150.0 1750.0 -0.93598
6250.0 1750.0 -0.35344
6350.0 1750.0 0.33749
50.0 1850.0 -1.99287
150.0 1850.0 -1.34338
250.0 1850.0 -0.75376
350.0 1850.0 -0.32954
450.0 1850.0 -0.09113
550.0 1850.0 0.05182
650.0 1850.0 0.23470
750.0 1850.0 0.48935
850.0 1850.0 0.75628
950.0 1850.0 0.99703
1050.0 1850.0 1.16197
1150.0 1850.0 1.23957
1250.0 1850.0 1.27024
1350.0 1850.0 1.31781
1450.0 1850.0 1.38777
1550.0 1850.0 1.15026
1650.0 1850.0 0.45444
1750.0 1850.0 -0.36540
1850.0 1850.0 -0.88607
1950.0 1850.0 -0.86554
2050.0 1850.0 -0.34979
2150.0 1850.0 0.38536
2250.0 1850.0 1.07655
2350.0 1850.0 1.49481
2450.0 1850.0 1.46557
2550.0 1850.0 1.03881
2650.0 1850.0 0.49752
2750.0 1850.0 0.18736
2850.0 1850.0 0.17391
2950.0 1850.0 0.26389
3050.0 1850.0 0.43639
3150.0 1850.0 0.56302
3250.0 1850.0 0.52445
3350.0 1850.0 0.30030
3450.0 1850.0 -0.02869
3550.0 1850.0 -0.36490
3650.0 1850.0 -0.57575
3750.0 1850.0 -0.45282
3850.0 1850.0 -0.01182
3950.0 1850.0 0.55245
4050.0 1850.0 0.97876
4150.0 1850.0 1.07667
4250.0 1850.0 0.88786
4350.0 1850.0 0.65935
4450.0 1850.0 0.41087
4550.0 1850.0 0.08378
4650.0 1850.0 -0.34767
4750.0 1850.0 -0.84855
4850.0 1850.0 -1.34390
4950.0 1850.0 -1.78788
5050.0 1850.0 -2.30380
5150.0 1850.0 -2.94976
5250.0 1850.0 -3.44642
5350.0 1850.0 -3.53230
5450.0 1850.0 -3.18788
5550.0 1850.0 -2.63839
5650.0 1850.0 -2.13513
5750.0 1850.0 -1.72571
5850.0 1850.0 -1.50856
5950.0 1850.0 -1.42313
6050.0 1850.0 -1.31000
6150.0 1850.0 -1.03056
6250.0 1850.0 -0.53751
6350.0 1850.0 0.10400
50.0 1950.0 -1.39282
150.0 1950.0 -0.86237
250.0 1950.0 -0.50993
350.0 1950.0 -0.35811
450.0 1950.0 -0.32349
550.0 1950.0 -0.25253
650.0 1950.0 -0.01645
750.0 1950.0 0.34851
850.0 1950.0 0.76868
950.0 1950.0 1.17584
1050.0 1950.0 1.42993
1150.0 1950.0 1.46594
1250.0 1950.0 1.34874
1350.0 1950.0 1.22122
1450.0 1950.0 1.13890
1550.0 1950.0 0.80067
1650.0 1950.0 0.12850
1750.0 1950.0 -0.52985
1850.0 1950.0 -0.81044
1950.0 1950.0 -0.57638
2050.0 1950.0 0.03609
2150.0 1950.0 0.76650
2250.0 1950.0 1.38821
2350.0 1950.0 1.64128
2450.0 1950.0 1.40520
2550.0 1950.0 0.81158
2650.0 1950.0 0.20021
2750.0 1950.0 -0.07825
2850.0 1950.0 -0.00668
2950.0 1950.0 0.15405
3050.0 1950.0 0.36901
3150.0 1950.0 0.54055
3250.0 1950.0 0.58257
3350.0 1950.0 0.48639
3450.0 1950.0 0.31872
3550.0 1950.0 0.15245
3650.0 1950.0 0.04599
3750.0 1950.0 0.08399
3850.0 1950.0 0.24475
3950.0 1950.0 0.43493
4050.0 1950.0 0.54655
4150.0 1950.0 0.51282
4250.0 1950.0 0.36319
4350.0 1950.0 0.26718
4450.0 1950.0 0.30425
4550.0 1950.0 0.33405
4650.0 1950.0 0.19213
4750.0 1950.0 -0.18257
4850.0 1950.0 -0.72179
4950.0 1950.0 -1.30386
5050.0 1950.0 -1.97780
5150.0 1950.0 -2.77133
5250.0 1950.0 -3.33851
5350.0 1950.0 -3.37978
5450.0 1950.0 -2.90430
5550.0 1950.0 -2.21615
5650.0 1950.0 -1.62456
5750.0 1950.0 -1.15965
5850.0 1950.0 -0.96426
5950.0 1950.0 -1.00833
6050.0 1950.0 -1.10656
6150.0 1950.0 -1.04918
6250.0 1950.0 -0.70916
6350.0 1950.0 -0.12574
50.0 2050.0 -0.51478
150.0 2050.0 -0.09468
250.0 2050.0 0.01640
350.0 2050.0 -0.13481
450.0 2050.0 -0.36093
550.0 2050.0 -0.42940
650.0 2050.0 -0.19752
750.0 2050.0 0.23067
850.0 2050.0 0.72014
950.0 2050.0 1.16633
1050.0 2050.0 1.38606
1150.0 2050.0 1.30835
1250.0 2050.0 1.03923
1350.0 2050.0 0.78168
1450.0 2050.0 0.60684
1550.0 2050.0 0.21796
1650.0 2050.0 -0.41217
1750.0 2050.0 -0.93236
1850.0 2050.0 -1.02635
1950.0 2050.0 -0.63310
2050.0 2050.0 0.05040
2150.0 2050.0 0.77933
2250.0 2050.0 1.37273
2350.0 2050.0 1.56760
2450.0 2050.0 1.26988
2550.0 2050.0 0.64188
2650.0 2050.0 0.03764
2750.0 2050.0 -0.20021
2850.0 2050.0 -0.07577
2950.0 2050.0 0.11985
3050.0 2050.0 0.33548
3150.0 2050.0 0.49505
3250.0 2050.0 0.54355
3350.0 2050.0 0.49202
3450.0 2050.0 0.40629
3550.0 2050.0 0.34023
3650.0 2050.0 0.29841
3750.0 2050.0 0.29290
3850.0 2050.0 0.29764
3950.0 2050.0 0.27673
4050.0 2050.0 0.21001
4150.0 2050.0 0.10233
4250.0 2050.0 -0.02310
4350.0 2050.0 -0.02397
4450.0 2050.0 0.24511
4550.0 2050.0 0.59040
4650.0 2050.0 0.73578
4750.0 2050.0 0.52799
4850.0 2050.0 0.00826
4950.0 2050.0 -0.64970
5050.0 2050.0 -1.41378
5150.0 2050.0 -2.27636
5250.0 2050.0 -2.85236
5350.0 2050.0 -2.82868
5450.0 2050.0 -2.24329
5550.0 2050.0 -1.45568
5650.0 2050.0 -0.80838
5750.0 2050.0 -0.32200
5850.0 2050.0 -0.19500
5950.0 2050.0 -0.41533
6050.0 2050.0 -0.75544
6150.0 2050.0 -0.92770
6250.0 2050.0 -0.73168
6350.0 2050.0 -0.19306
50.0 2150.0 0.20607
150.0 2150.0 0.56414
250.0 2150.0 0.52760
350.0 2150.0 0.17793
450.0 2150.0 -0.23472
550.0 2150.0 -0.42200
650.0 2150.0 -0.22225
750.0 2150.0 0.21923
850.0 2150.0 0.69625
950.0 2150.0 1.07074
1050.0 2150.0 1.16342
1150.0 2150.0 0.93678
1250.0 2150.0 0.54324
1350.0 2150.0 0.21833
1450.0 2150.0 0.01755
1550.0 2150.0 -0.38210
1650.0 2150.0 -0.99480
1750.0 2150.0 -1.46958
1850.0 2150.0 -1.50533
1950.0 2150.0 -1.06365
2050.0 2150.0 -0.35874
2150.0 2150.0 0.37077
2250.0 2150.0 0.98462
2350.0 2150.0 1.24956
2450.0 2150.0 1.06575
2550.0 2150.0 0.56565
2650.0 2150.0 0.06563
2750.0 2150.0 -0.11675
2850.0 2150.0 0.02527
2950.0 2150.0 0.20963
3050.0 2150.0 0.35874
3150.0 2150.0 0.41047
3250.0 2150.0 0.34805
3350.0 2150.0 0.22174
3450.0 2150.0 0.11738
3550.0 2150.0 0.07289
3650.0 2150.0 0.06389
3750.0 2150.0 0.10465
3850.0 2150.0 0.16217
3950.0 2150.0 0.18885
4050.0 2150.0 0.15618
4150.0 2150.0 0.06794
4250.0 2150.0 -0.04617
4350.0 2150.0 -0.01357
4450.0 2150.0 0.35001
4550.0 2150.0 0.83447
4650.0 2150.0 1.11869
4750.0 2150.0 1.00587
4850.0 2150.0 0.51721
4950.0 2150.0 -0.15642
5050.0 2150.0 -0.93770
5150.0 2150.0 -1.79235
5250.0 2150.0 -2.32627
5350.0 2150.0 -2.23510
5450.0 2150.0 -1.57977
5550.0 2150.0 -0.74479
5650.0 2150.0 -0.07944
5750.0 2150.0 0.40310
5850.0 2150.0 0.46832
5950.0 2150.0 0.12386
6050.0 2150.0 -0.37052
6150.0 2150.0 -0.67904
6250.0 2150.0 -0.56186
6350.0 2150.0 -0.04276
50.0 2250.0 0.75864
150.0 2250.0 1.08464
250.0 2250.0 0.96650
350.0 2250.0 0.49836
450.0 2250.0 -0.03705
550.0 2250.0 -0.31613
650.0 2250.0 -0.15920
750.0 2250.0 0.26659
850.0 2250.0 0.68959
950.0 2250.0 0.94210
1050.0 2250.0 0.86916
1150.0 2250.0 0.48193
1250.0 2250.0 -0.02168
1350.0 2250.0 -0.38793
1450.0 2250.0 -0.58946
1550.0 2250.0 -0.97961
1650.0 2250.0 -1.57058
1750.0 2250.0 -2.01812
1850.0 2250.0 -2.03127
1950.0 2250.0 -1.57892
2050.0 2250.0 -0.87621
2150.0 2250.0 -0.15462
2250.0 2250.0 0.48828
2350.0 2250.0 0.86309
2450.0 2250.0 0.85445
2550.0 2250.0 0.54267
2650.0 2250.0 0.18507
2750.0 2250.0 0.06460
2850.0 2250.0 0.20959
2950.0 2250.0 0.35829
3050.0 2250.0 0.39769
3150.0 2250.0 0.28173
3250.0 2250.0 0.04333
3350.0 2250.0 -0.21377
3450.0 2250.0 -0.37417
3550.0 2250.0 -0.41950
3650.0 2250.0 -0.39817
3750.0 2250.0 -0.26457
3850.0 2250.0 -0.06125
3950.0 2250.0 0.12373
4050.0 2250.0 0.21518
4150.0 2250.0 0.18816
4250.0 2250.0 0.08504
4350.0 2250.0 0.12700
4450.0 2250.0 0.51917
4550.0 2250.0 1.05357
4650.0 2250.0 1.39946
4750.0 2250.0 1.34398
4850.0 2250.0 0.89425
4950.0 2250.0 0.24072
5050.0 2250.0 -0.51638
5150.0 2250.0 -1.32546
5250.0 2250.0 -1.80031
5350.0 2250.0 -1.65434
5450.0 2250.0 -0.96325
5550.0 2250.0 -0.11596
5650.0 2250.0 0.54622
5750.0 2250.0 1.01298
5850.0 2250.0 1.02481
5950.0 2250.0 0.58852
6050.0 2250.0 -0.01371
6150.0 2250.0 -0.41542
6250.0 2250.0 -0.35350
6350.0 2250.0 0.14751
50.0 2350.0 1.07025
150.0 2350.0 1.40731
250.0 2350.0 1.31685
350.0 2350.0 0.86047
450.0 2350.0 0.29594
550.0 2350.0 -0.05378
650.0 2350.0 0.01155
750.0 2350.0 0.34136
850.0 2350.0 0.61848
950.0 2350.0 0.65989
1050.0 2350.0 0.36492
1150.0 2350.0 -0.19270
1250.0 2350.0 -0.78344
1350.0 2350.0 -1.16587
1450.0 2350.0 -1.35339
1550.0 2350.0 -1.67884
1650.0 2350.0 -2.12803
1750.0 2350.0 -2.40436
1850.0 2350.0 -2.28347
1950.0 2350.0 -1.77818
2050.0 2350.0 -1.10434
2150.0 2350.0 -0.45100
2250.0 2350.0 0.15878
2350.0 2350.0 0.59142
2450.0 2350.0 0.72815
2550.0 2350.0 0.59841
2650.0 2350.0 0.38786
2750.0 2350.0 0.32634
2850.0 2350.0 0.45751
2950.0 2350.0 0.52971
3050.0 2350.0 0.37768
3150.0 2350.0 -0.00348
3250.0 2350.0 -0.49438
3350.0 2350.0 -0.91401
3450.0 2350.0 -1.11777
3550.0 2350.0 -1.12864
3650.0 2350.0 -1.04027
3750.0 2350.0 -0.78174
3850.0 2350.0 -0.40908
3950.0 2350.0 -0.05066
4050.0 2350.0 0.17670
4150.0 2350.0 0.22630
4250.0 2350.0 0.15560
4350.0 2350.0 0.20953
4450.0 2350.0 0.59048
4550.0 2350.0 1.12386
4650.0 2350.0 1.51325
4750.0 2350.0 1.55354
4850.0 2350.0 1.23039
4950.0 2350.0 0.70582
5050.0 2350.0 0.08321
5150.0 2350.0 -0.59586
5250.0 2350.0 -0.99686
5350.0 2350.0 -0.86485
5450.0 2350.0 -0.25622
5550.0 2350.0 0.49911
5650.0 2350.0 1.10494
5750.0 2350.0 1.52314
5850.0 2350.0 1.46736
5950.0 2350.0 0.93687
6050.0 2350.0 0.22023
6150.0 2350.0 -0.29855
6250.0 2350.0 -0.33668
6350.0 2350.0 0.08772
50.0 2450.0 1.01057
150.0 2450.0 1.41299
250.0 2450.0 1.48786
350.0 2450.0 1.20781
450.0 2450.0 0.73338
550.0 2450.0 0.34148
650.0 2450.0 0.25568
750.0 2450.0 0.39129
850.0 2450.0 0.43330
950.0 2450.0 0.21943
1050.0 2450.0 -0.27182
1150.0 2450.0 -0.91533
1250.0 2450.0 -1.49595
1350.0 2450.0 -1.83621
1450.0 2450.0 -1.99039
1550.0 2450.0 -2.19835
1650.0 2450.0 -2.40161
1750.0 2450.0 -2.39445
1850.0 2450.0 -2.06962
1950.0 2450.0 -1.50884
2050.0 2450.0 -0.91781
2150.0 2450.0 -0.40935
2250.0 2450.0 0.08160
2350.0 2450.0 0.48121
2450.0 2450.0 0.68621
2550.0 2450.0 0.68842
2650.0 2450.0 0.59905
2750.0 2450.0 0.57897
2850.0 2450.0 0.67461
2950.0 2450.0 0.63954
3050.0 2450.0 0.25999
3150.0 2450.0 -0.40492
3250.0 2450.0 -1.13310
3350.0 2450.0 -1.67017
3450.0 2450.0 -1.86259
3550.0 2450.0 -1.79089
3650.0 2450.0 -1.60338
3750.0 2450.0 -1.22826
3850.0 2450.0 -0.73510
3950.0 2450.0 -0.27011
4050.0 2450.0 0.04054
4150.0 2450.0 0.15354
4250.0 2450.0 0.13765
4350.0 2450.0 0.20088
4450.0 2450.0 0.49823
4550.0 2450.0 0.92893
4650.0 2450.0 1.29608
4750.0 2450.0 1.44501
4850.0 2450.0 1.33957
4950.0 2450.0 1.07619
5050.0 2450.0 0.72405
5150.0 2450.0 0.27694
5250.0 2450.0 -0.03643
5350.0 2450.0 -0.00869
5450.0 2450.0 0.36690
5550.0 2450.0 0.89893
5650.0 2450.0 1.38219
5750.0 2450.0 1.71848
5850.0 2450.0 1.61133
5950.0 2450.0 1.04396
6050.0 2450.0 0.27509
6150.0 2450.0 -0.33145
6250.0 2450.0 -0.49327
6350.0 2450.0 -0.21198
50.0 2550.0 0.65599
150.0 2550.0 1.15386
250.0 2550.0 1.47040
350.0 2550.0 1.45864
450.0 2550.0 1.14221
550.0 2550.0 0.72650
650.0 2550.0 0.45924
750.0 2550.0 0.35022
850.0 2550.0 0.14250
950.0 2550.0 -0.26208
1050.0 2550.0 -0.80874
1150.0 2550.0 -1.36463
1250.0 2550.0 -1.79188
1350.0 2550.0 -2.02265
1450.0 2550.0 -2.13167
1550.0 2550.0 -2.21496
1650.0 2550.0 -2.17673
1750.0 2550.0 -1.91512
1850.0 2550.0 -1.44071
1950.0 2550.0 -0.88986
2050.0 2550.0 -0.43817
2150.0 2550.0 -0.11770
2250.0 2550.0 0.19767
2350.0 2550.0 0.48138
2450.0 2550.0 0.66079
2550.0 2550.0 0.71261
2650.0 2550.0 0.68895
2750.0 2550.0 0.68268
2850.0 2550.0 0.72996
2950.0 2550.0 0.59760
3050.0 2550.0 0.05796
3150.0 2550.0 -0.76456
3250.0 2550.0 -1.57584
3350.0 2550.0 -2.09446
3450.0 2550.0 -2.19495
3550.0 2550.0 -2.00955
3650.0 2550.0 -1.72379
3750.0 2550.0 -1.30027
3850.0 2550.0 -0.81562
3950.0 2550.0 -0.39265
4050.0 2550.0 -0.11534
4150.0 2550.0 0.01133
4250.0 2550.0 0.05649
4350.0 2550.0 0.11957
4450.0 2550.0 0.26378
4550.0 2550.0 0.48587
4650.0 2550.0 0.73766
4750.0 2550.0 0.95530
4850.0 2550.0 1.09240
4950.0 2550.0 1.15677
5050.0 2550.0 1.14638
5150.0 2550.0 0.98183
5250.0 2550.0 0.75748
5350.0 2550.0 0.62631
5450.0 2550.0 0.68346
5550.0 2550.0 0.91969
5650.0 2550.0 1.24480
5750.0 2550.0 1.49111
5850.0 2550.0 1.38644
5950.0 2550.0 0.89319
6050.0 2550.0 0.19922
6150.0 2550.0 -0.40062
6250.0 2550.0 -0.65591
6350.0 2550.0 -0.54483
50.0 2650.0 0.24135
150.0 2650.0 0.82476
250.0 2650.0 1.35786
350.0 2650.0 1.58539
450.0 2650.0 1.40779
550.0 2650.0 0.96677
650.0 2650.0 0.53276
750.0 2650.0 0.20284
850.0 2650.0 -0.18833
950.0 2650.0 -0.64767
1050.0 2650.0 -1.07272
1150.0 2650.0 -1.37459
1250.0 2650.0 -1.53793
1350.0 2650.0 -1.61968
1450.0 2650.0 -1.68548
1550.0 2650.0 -1.68547
1650.0 2650.0 -1.51402
1750.0 2650.0 -1.14950
1850.0 2650.0 -0.67195
1950.0 2650.0 -0.22748
2050.0 2650.0 0.05651
2150.0 2650.0 0.20209
2250.0 2650.0 0.34427
2350.0 2650.0 0.48201
2450.0 2650.0 0.57657
2550.0 2650.0 0.60879
2650.0 2650.0 0.59649
2750.0 2650.0 0.58148
2850.0 2650.0 0.58327
2950.0 2650.0 0.39806
3050.0 2650.0 -0.16955
3150.0 2650.0 -0.95050
3250.0 2650.0 -1.63839
3350.0 2650.0 -1.98756
3450.0 2650.0 -1.93397
3550.0 2650.0 -1.63729
3650.0 2650.0 -1.28597
3750.0 2650.0 -0.90375
3850.0 2650.0 -0.56504
3950.0 2650.0 -0.33199
4050.0 2650.0 -0.20398
4150.0 2650.0 -0.12206
4250.0 2650.0 -0.02878
4350.0 2650.0 0.02318
4450.0 2650.0 -0.01478
4550.0 2650.0 -0.05389
4650.0 2650.0 0.01316
4750.0 2650.0 0.22959
4850.0 2650.0 0.55575
4950.0 2650.0 0.91405
5050.0 2650.0 1.21465
5150.0 2650.0 1.30554
5250.0 2650.0 1.15870
5350.0 2650.0 0.87855
5450.0 2650.0 0.64205
5550.0 2650.0 0.60689
5650.0 2650.0 0.78755
5750.0 2650.0 0.96497
5850.0 2650.0 0.92418
5950.0 2650.0 0.60834
6050.0 2650.0 0.11092
6150.0 2650.0 -0.37531
6250.0 2650.0 -0.65757
6350.0 2650.0 -0.69052
50.0 2750.0 0.04333
150.0 2750.0 0.66721
250.0 2750.0 1.30258
350.0 2750.0 1.63354
450.0 2750.0 1.49762
550.0 2750.0 1.01030
650.0 2750.0 0.46174
750.0 2750.0 -0.00340
850.0 2750.0 -0.46809
950.0 2750.0 -0.85383
1050.0 2750.0 -1.04837
1150.0 2750.0 -1.03605
1250.0 2750.0 -0.92424
1350.0 2750.0 -0.86945
1450.0 2750.0 -0.90695
1550.0 2750.0 -0.89019
1650.0 2750.0 -0.73599
1750.0 2750.0 -0.45573
1850.0 2750.0 -0.12889
1950.0 2750.0 0.13828
2050.0 2750.0 0.27196
2150.0 2750.0 0.30564
2250.0 2750.0 0.33627
2350.0 2750.0 0.37006
2450.0 2750.0 0.39121
2550.0 2750.0 0.38924
2650.0 2750.0 0.36743
2750.0 2750.0 0.33976
2850.0 2750.0 0.31330
2950.0 2750.0 0.12859
3050.0 2750.0 -0.34701
3150.0 2750.0 -0.93063
3250.0 2750.0 -1.35774
3350.0 2750.0 -1.46076
3450.0 2750.0 -1.24680
3550.0 2750.0 -0.87423
3650.0 2750.0 -0.50323
3750.0 2750.0 -0.22077
3850.0 2750.0 -0.09236
3950.0 2750.0 -0.10847
4050.0 2750.0 -0.17609
4150.0 2750.0 -0.17157
4250.0 2750.0 -0.05508
4350.0 2750.0 -0.02025
4450.0 2750.0 -0.21057
4550.0 2750.0 -0.47747
4650.0 2750.0 -0.59890
4750.0 2750.0 -0.44282
4850.0 2750.0 -0.02970
4950.0 2750.0 0.50583
5050.0 2750.0 1.00026
5150.0 2750.0 1.25584
5250.0 2750.0 1.16862
5350.0 2750.0 0.80975
5450.0 2750.0 0.40271
5550.0 2750.0 0.20552
5650.0 2750.0 0.29786
5750.0 2750.0 0.44484
5850.0 2750.0 0.50059
5950.0 2750.0 0.39610
6050.0 2750.0 0.13894
6150.0 2750.0 -0.17752
6250.0 2750.0 -0.42256
6350.0 2750.0 -0.53423
50.0 2850.0 0.19679
150.0 2850.0 0.80731
250.0 2850.0 1.40850
350.0 2850.0 1.67989
450.0 2850.0 1.46780
550.0 2850.0 0.90644
650.0 2850.0 0.30283
750.0 2850.0 -0.19940
850.0 2850.0 -0.64268
950.0 2850.0 -0.89443
1050.0 2850.0 -0.86039
1150.0 2850.0 -0.59408
1250.0 2850.0 -0.28686
1350.0 2850.0 -0.14686
1450.0 2850.0 -0.17503
1550.0 2850.0 -0.19794
1650.0 2850.0 -0.17583
1750.0 2850.0 -0.10814
1850.0 2850.0 -0.01864
1950.0 2850.0 0.05625
2050.0 2850.0 0.08812
2150.0 2850.0 0.08575
2250.0 2850.0 0.08808
2350.0 2850.0 0.10194
2450.0 2850.0 0.11660
2550.0 2850.0 0.11991
2650.0 2850.0 0.10659
2750.0 2850.0 0.08025
2850.0 2850.0 0.04693
2950.0 2850.0 -0.10173
3050.0 2850.0 -0.43325
3150.0 2850.0 -0.77576
3250.0 2850.0 -0.93003
3350.0 2850.0 -0.81092
3450.0 2850.0 -0.48146
3550.0 2850.0 -0.07988
3650.0 2850.0 0.27550
3750.0 2850.0 0.45464
3850.0 2850.0 0.40216
3950.0 2850.0 0.18243
4050.0 2850.0 -0.04496
4150.0 2850.0 -0.11263
4250.0 2850.0 0.00374
4350.0 2850.0 0.02259
4450.0 2850.0 -0.25383
4550.0 2850.0 -0.65697
4650.0 2850.0 -0.91227
4750.0 2850.0 -0.83806
4850.0 2850.0 -0.43309
4950.0 2850.0 0.14733
5050.0 2850.0 0.70003
5150.0 2850.0 1.01813
5250.0 2850.0 0.97569
5350.0 2850.0 0.62677
5450.0 2850.0 0.19814
5550.0 2850.0 -0.03084
5650.0 2850.0 0.03904
5750.0 2850.0 0.19059
5850.0 2850.0 0.33513
5950.0 2850.0 0.39993
6050.0 2850.0 0.33862
6150.0 2850.0 0.17746
6250.0 2850.0 0.00114
6350.0 2850.0 -0.12151
50.0 2950.0 0.47354
150.0 2950.0 1.04152
250.0 2950.0 1.55682
350.0 2950.0 1.71812
450.0 2950.0 1.40429
550.0 2950.0 0.77719
650.0 2950.0 0.15199
750.0 2950.0 -0.34605
850.0 2950.0 -0.73333
950.0 2950.0 -0.84030
1050.0 2950.0 -0.60060
1150.0 2950.0 -0.12930
1250.0 2950.0 0.32132
1350.0 2950.0 0.51558
1450.0 2950.0 0.48554
1550.0 2950.0 0.39898
1650.0 2950.0 0.24655
1750.0 2950.0 0.05971
1850.0 2950.0 -0.10958
1950.0 2950.0 -0.22024
2050.0 2950.0 -0.26253
2150.0 2950.0 -0.26639
2250.0 2950.0 -0.25258
2350.0 2950.0 -0.21279
2450.0 2950.0 -0.16092
2550.0 2950.0 -0.11869
2650.0 2950.0 -0.10180
2750.0 2950.0 -0.11240
2850.0 2950.0 -0.13948
2950.0 2950.0 -0.23977
3050.0 2950.0 -0.42513
3150.0 2950.0 -0.54625
3250.0 2950.0 -0.47030
3350.0 2950.0 -0.18230
3450.0 2950.0 0.21709
3550.0 2950.0 0.61636
3650.0 2950.0 0.93507
3750.0 2950.0 1.01482
3850.0 2950.0 0.81455
3950.0 2950.0 0.44204
4050.0 2950.0 0.10212
4150.0 2950.0 -0.01396
4250.0 2950.0 0.10189
4350.0 2950.0 0.11429
4450.0 2950.0 -0.20880
4550.0 2950.0 -0.70037
4650.0 2950.0 -1.06399
4750.0 2950.0 -1.08532
4850.0 2950.0 -0.73672
4950.0 2950.0 -0.17486
5050.0 2950.0 0.37444
5150.0 2950.0 0.71604
5250.0 2950.0 0.72326
5350.0 2950.0 0.43390
5450.0 2950.0 0.05334
5550.0 2950.0 -0.15456
5650.0 2950.0 -0.08864
5750.0 2950.0 0.06963
5850.0 2950.0 0.28142
5950.0 2950.0 0.47718
6050.0 2950.0 0.57587
6150.0 2950.0 0.55379
6250.0 2950.0 0.45613
6350.0 2950.0 0.35106
50.0 3050.0 0.50216
150.0 3050.0 0.96122
250.0 3050.0 1.39841
350.0 3050.0 1.54812
450.0 3050.0 1.29050
550.0 3050.0 0.74827
650.0 3050.0 0.18442
750.0 3050.0 -0.28035
850.0 3050.0 -0.58299
950.0 3050.0 -0.52328
1050.0 3050.0 -0.07814
1150.0 3050.0 0.57147
1250.0 3050.0 1.12375
1350.0 3050.0 1.33447
1450.0 3050.0 1.27413
1550.0 3050.0 1.08304
1650.0 3050.0 0.70327
1750.0 3050.0 0.22147
1850.0 3050.0 -0.21534
1950.0 3050.0 -0.48820
2050.0 3050.0 -0.56581
2150.0 3050.0 -0.53260
2250.0 3050.0 -0.46892
2350.0 3050.0 -0.36464
2450.0 3050.0 -0.23768
2550.0 3050.0 -0.11985
2650.0 3050.0 -0.03709
2750.0 3050.0 0.00340
2850.0 3050.0 0.01814
2950.0 3050.0 -0.00331
3050.0 3050.0 -0.04830
3150.0 3050.0 -0.02286
3250.0 3050.0 0.14027
3350.0 3050.0 0.42655
3450.0 3050.0 0.75393
3550.0 3050.0 1.05532
3650.0 3050.0 1.25163
3750.0 3050.0 1.17819
3850.0 3050.0 0.84690
3950.0 3050.0 0.41471
4050.0 3050.0 0.09302
4150.0 3050.0 0.03657
4250.0 3050.0 0.21156
4350.0 3050.0 0.28017
4450.0 3050.0 -0.01611
4550.0 3050.0 -0.55784
4650.0 3050.0 -1.06198
4750.0 3050.0 -1.27530
4850.0 3050.0 -1.10121
4950.0 3050.0 -0.65988
5050.0 3050.0 -0.19039
5150.0 3050.0 0.16618
5250.0 3050.0 0.28636
5350.0 3050.0 0.15450
5450.0 3050.0 -0.10113
5550.0 3050.0 -0.27766
5650.0 3050.0 -0.27219
5750.0 3050.0 -0.18355
5850.0 3050.0 0.01324
5950.0 3050.0 0.28019
6050.0 3050.0 0.52488
6150.0 3050.0 0.67047
6250.0 3050.0 0.69468
6350.0 3050.0 0.63793
50.0 3150.0 0.21296
150.0 3150.0 0.47056
250.0 3150.0 0.82734
350.0 3150.0 1.07753
450.0 3150.0 1.06654
550.0 3150.0 0.79512
650.0 3150.0 0.39690
750.0 3150.0 0.00222
850.0 3150.0 -0.19501
950.0 3150.0 0.01546
1050.0 3150.0 0.60138
1150.0 3150.0 1.32928
1250.0 3150.0 1.88217
1350.0 3150.0 2.04132
1450.0 3150.0 1.91294
1550.0 3150.0 1.58723
1650.0 3150.0 0.97858
1750.0 3150.0 0.24938
1850.0 3150.0 -0.36256
1950.0 3150.0 -0.69115
2050.0 3150.0 -0.72144
2150.0 3150.0 -0.59847
2250.0 3150.0 -0.44579
2350.0 3150.0 -0.26060
2450.0 3150.0 -0.06079
2550.0 3150.0 0.12618
2650.0 3150.0 0.28084
2750.0 3150.0 0.40100
2850.0 3150.0 0.50269
2950.0 3150.0 0.60077
3050.0 3150.0 0.69036
3150.0 3150.0 0.76677
3250.0 3150.0 0.83191
3350.0 3150.0 0.89424
3450.0 3150.0 0.96387
3550.0 3150.0 1.04168
3650.0 3150.0 1.00585
3750.0 3150.0 0.71949
3850.0 3150.0 0.29740
3950.0 3150.0 -0.05189
4050.0 3150.0 -0.16736
4150.0 3150.0 -0.01415
4250.0 3150.0 0.29984
4350.0 3150.0 0.51594
4450.0 3150.0 0.37647
4550.0 3150.0 -0.10968
4650.0 3150.0 -0.73471
4750.0 3150.0 -1.21709
4850.0 3150.0 -1.34776
4950.0 3150.0 -1.15705
5050.0 3150.0 -0.87151
5150.0 3150.0 -0.52767
5250.0 3150.0 -0.24016
5350.0 3150.0 -0.11917
5450.0 3150.0 -0.17667
5550.0 3150.0 -0.32323
5650.0 3150.0 -0.45549
5750.0 3150.0 -0.54106
5850.0 3150.0 -0.48489
5950.0 3150.0 -0.25602
6050.0 3150.0 0.08071
6150.0 3150.0 0.40175
6250.0 3150.0 0.58850
6350.0 3150.0 0.61713
50.0 3250.0 -0.23994
150.0 3250.0 -0.24310
250.0 3250.0 0.01404
350.0 3250.0 0.40274
450.0 3250.0 0.72089
550.0 3250.0 0.80792
650.0 3250.0 0.62770
750.0 3250.0 0.32250
850.0 3250.0 0.21997
950.0 3250.0 0.51171
1050.0 3250.0 1.11446
1150.0 3250.0 1.77569
1250.0 3250.0 2.20905
1350.0 3250.0 2.25319
1450.0 3250.0 2.03503
1550.0 3250.0 1.58956
1650.0 3250.0 0.84245
1750.0 3250.0 0.02827
1850.0 3250.0 -0.56667
1950.0 3250.0 -0.78859
2050.0 3250.0 -0.68213
2150.0 3250.0 -0.43664
2250.0 3250.0 -0.18776
2350.0 3250.0 0.04201
2450.0 3250.0 0.24379
2550.0 3250.0 0.42292
2650.0 3250.0 0.59798
2750.0 3250.0 0.78982
2850.0 3250.0 1.00168
2950.0 3250.0 1.24300
3050.0 3250.0 1.46629
3150.0 3250.0 1.54341
3250.0 3250.0 1.41000
3350.0 3250.0 1.12596
3450.0 3250.0 0.83434
3550.0 3250.0 0.61778
3650.0 3250.0 0.29219
3750.0 3250.0 -0.22529
3850.0 3250.0 -0.69035
3950.0 3250.0 -0.84866
4050.0 3250.0 -0.63009
4150.0 3250.0 -0.17207
4250.0 3250.0 0.32742
4350.0 3250.0 0.75422
4450.0 3250.0 0.89015
4550.0 3250.0 0.59469
4650.0 3250.0 -0.05570
4750.0 3250.0 -0.78295
4850.0 3250.0 -1.25799
4950.0 3250.0 -1.38629
5050.0 3250.0 -1.34888
5150.0 3250.0 -1.05627
5250.0 3250.0 -0.61010
5350.0 3250.0 -0.22743
5450.0 3250.0 -0.08236
5550.0 3250.0 -0.21900
5650.0 3250.0 -0.53592
5750.0 3250.0 -0.85973
5850.0 3250.0 -1.03856
5950.0 3250.0 -0.95117
6050.0 3250.0 -0.60159
6150.0 3250.0 -0.14149
6250.0 3250.0 0.20863
6350.0 3250.0 0.33937
50.0 3350.0 -0.61635
150.0 3350.0 -0.87486
250.0 3350.0 -0.74291
350.0 3350.0 -0.27115
450.0 3350.0 0.30777
550.0 3350.0 0.69671
650.0 3350.0 0.70747
750.0 3350.0 0.48351
850.0 3350.0 0.43969
950.0 3350.0 0.72784
1050.0 3350.0 1.23175
1150.0 3350.0 1.71512
1250.0 3350.0 1.95473
1350.0 3350.0 1.85914
1450.0 3350.0 1.55691
1550.0 3350.0 1.04285
1650.0 3350.0 0.28970
1750.0 3350.0 -0.42126
1850.0 3350.0 -0.81223
1950.0 3350.0 -0.79744
2050.0 3350.0 -0.50626
2150.0 3350.0 -0.14281
2250.0 3350.0 0.17413
2350.0 3350.0 0.37969
2450.0 3350.0 0.48305
2550.0 3350.0 0.54929
2650.0 3350.0 0.66428
2750.0 3350.0 0.88804
2850.0 3350.0 1.19917
2950.0 3350.0 1.57790
3050.0 3350.0 1.93932
3150.0 3350.0 2.03871
3250.0 3350.0 1.74379
3350.0 3350.0 1.15533
3450.0 3350.0 0.53585
3550.0 3350.0 0.04640
3650.0 3350.0 -0.54412
3750.0 3350.0 -1.26017
3850.0 3350.0 -1.73862
3950.0 3350.0 -1.69010
4050.0 3350.0 -1.13792
4150.0 3350.0 -0.38534
4250.0 3350.0 0.28824
4350.0 3350.0 0.92721
4450.0 3350.0 1.38201
4550.0 3350.0 1.36851
4650.0 3350.0 0.81162
4750.0 3350.0 -0.04947
4850.0 3350.0 -0.79773
4950.0 3350.0 -1.21575
5050.0 3350.0 -1.41670
5150.0 3350.0 -1.20371
5250.0 3350.0 -0.66503
5350.0 3350.0 -0.10191
5450.0 3350.0 0.17994
5550.0 3350.0 0.02558
5650.0 3350.0 -0.46771
5750.0 3350.0 -1.01934
5850.0 3350.0 -1.44582
5950.0 3350.0 -1.54184
6050.0 3350.0 -1.24080
6150.0 3350.0 -0.70204
6250.0 3350.0 -0.22738
6350.0 3350.0 -0.00690
50.0 3450.0 -0.71657
150.0 3450.0 -1.16214
250.0 3450.0 -1.17216
350.0 3450.0 -0.73521
450.0 3450.0 -0.07719
550.0 3450.0 0.44358
650.0 3450.0 0.55332
750.0 3450.0 0.37904
850.0 3450.0 0.35358
950.0 3450.0 0.58819
1050.0 3450.0 0.95507
1150.0 3450.0 1.25021
1250.0 3450.0 1.31301
1350.0 3450.0 1.10726
1450.0 3450.0 0.75132
1550.0 3450.0 0.22642
1650.0 3450.0 -0.43645
1750.0 3450.0 -0.94193
1850.0 3450.0 -1.05874
1950.0 3450.0 -0.78780
2050.0 3450.0 -0.33492
2150.0 3450.0 0.10655
2250.0 3450.0 0.44407
2350.0 3450.0 0.56451
2450.0 3450.0 0.49881
2550.0 3450.0 0.38109
2650.0 3450.0 0.37394
2750.0 3450.0 0.58116
2850.0 3450.0 0.95228
2950.0 3450.0 1.43595
3050.0 3450.0 1.94270
3150.0 3450.0 2.14637
3250.0 3450.0 1.84547
3350.0 3450.0 1.13739
3450.0 3450.0 0.34333
3550.0 3450.0 -0.31607
3650.0 3450.0 -1.07730
3750.0 3450.0 -1.92696
3850.0 3450.0 -2.42550
3950.0 3450.0 -2.25797
4050.0 3450.0 -1.50331
4150.0 3450.0 -0.56795
4250.0 3450.0 0.21593
4350.0 3450.0 1.00461
4450.0 3450.0 1.71907
4550.0 3450.0 1.97958
4650.0 3450.0 1.58803
4750.0 3450.0 0.72658
4850.0 3450.0 -0.15308
4950.0 3450.0 -0.74923
5050.0 3450.0 -1.10903
5150.0 3450.0 -0.97680
5250.0 3450.0 -0.43101
5350.0 3450.0 0.18777
5450.0 3450.0 0.50814
5550.0 3450.0 0.31714
5650.0 3450.0 -0.29276
5750.0 3450.0 -0.99193
5850.0 3450.0 -1.58775
5950.0 3450.0 -1.82130
6050.0 3450.0 -1.57538
6150.0 3450.0 -1.00683
6250.0 3450.0 -0.46387
6350.0 3450.0 -0.18834
50.0 3550.0 -0.49693
150.0 3550.0 -1.03849
250.0 3550.0 -1.19131
350.0 3550.0 -0.90538
450.0 3550.0 -0.36262
550.0 3550.0 0.10143
650.0 3550.0 0.20497
750.0 3550.0 0.04338
850.0 3550.0 0.01163
950.0 3550.0 0.19803
1050.0 3550.0 0.47708
1150.0 3550.0 0.66832
1250.0 3550.0 0.64411
1350.0 3550.0 0.39169
1450.0 3550.0 0.01962
1550.0 3550.0 -0.48053
1650.0 3550.0 -1.03561
1750.0 3550.0 -1.35936
1850.0 3550.0 -1.26974
1950.0 3550.0 -0.83100
2050.0 3550.0 -0.29137
2150.0 3550.0 0.17605
2250.0 3550.0 0.49253
2350.0 3550.0 0.50347
2450.0 3550.0 0.25879
2550.0 3550.0 -0.04926
2650.0 3550.0 -0.19417
2750.0 3550.0 -0.03622
2850.0 3550.0 0.34947
2950.0 3550.0 0.89760
3050.0 3550.0 1.55587
3150.0 3550.0 1.95985
3250.0 3550.0 1.83842
3350.0 3550.0 1.23297
3450.0 3550.0 0.44989
3550.0 3550.0 -0.25401
3650.0 3550.0 -1.07571
3750.0 3550.0 -1.99666
3850.0 3550.0 -2.55104
3950.0 3550.0 -2.40192
4050.0 3550.0 -1.62857
4150.0 3550.0 -0.65830
4250.0 3550.0 0.15646
4350.0 3550.0 1.00583
4450.0 3550.0 1.85815
4550.0 3550.0 2.30033
4650.0 3550.0 2.06929
4750.0 3550.0 1.29622
4850.0 3550.0 0.42104
4950.0 3550.0 -0.22256
5050.0 3550.0 -0.63826
5150.0 3550.0 -0.56314
5250.0 3550.0 -0.07136
5350.0 3550.0 0.50010
5450.0 3550.0 0.77949
5550.0 3550.0 0.54989
5650.0 3550.0 -0.10009
5750.0 3550.0 -0.84335
5850.0 3550.0 -1.48725
5950.0 3550.0 -1.75662
6050.0 3550.0 -1.52049
6150.0 3550.0 -0.93707
6250.0 3550.0 -0.37021
6350.0 3550.0 -0.07736
50.0 3650.0 -0.11394
150.0 3650.0 -0.70695
250.0 3650.0 -1.00118
350.0 3650.0 -0.91742
450.0 3650.0 -0.57528
550.0 3650.0 -0.24876
650.0 3650.0 -0.19281
750.0 3650.0 -0.35148
850.0 3650.0 -0.39179
950.0 3650.0 -0.23981
1050.0 3650.0 -0.01431
1150.0 3650.0 0.12142
1250.0 3650.0 0.05806
1350.0 3650.0 -0.20779
1450.0 3650.0 -0.57582
1550.0 3650.0 -1.03716
1650.0 3650.0 -1.49083
1750.0 3650.0 -1.67051
1850.0 3650.0 -1.43820
1950.0 3650.0 -0.90097
2050.0 3650.0 -0.32613
2150.0 3650.0 0.13567
2250.0 3650.0 0.41101
2350.0 3650.0 0.31381
2450.0 3650.0 -0.08939
2550.0 3650.0 -0.56104
2650.0 3650.0 -0.82704
2750.0 3650.0 -0.72279
2850.0 3650.0 -0.34324
2950.0 3650.0 0.24868
3050.0 3650.0 1.05619
3150.0 3650.0 1.69623
3250.0 3650.0 1.82937
3350.0 3650.0 1.41932
3450.0 3650.0 0.72603
3550.0 3650.0 0.03148
3650.0 3650.0 -0.80140
3750.0 3650.0 -1.76138
3850.0 3650.0 -2.38035
3950.0 3650.0 -2.30463
4050.0 3650.0 -1.59197
4150.0 3650.0 -0.65482
4250.0 3650.0 0.15034
4350.0 3650.0 1.01266
4450.0 3650.0 1.93344
4550.0 3650.0 2.49543
4650.0 3650.0 2.40131
4750.0 3650.0 1.73926
4850.0 3650.0 0.91952
4950.0 3650.0 0.28277
5050.0 3650.0 -0.14529
5150.0 3650.0 -0.11597
5250.0 3650.0 0.30013
5350.0 3650.0 0.78798
5450.0 3650.0 1.00164
5550.0 3650.0 0.74057
5650.0 3650.0 0.08867
5750.0 3650.0 -0.64972
5850.0 3650.0 -1.28564
5950.0 3650.0 -1.54428
6050.0 3650.0 -1.29689
6150.0 3650.0 -0.70408
6250.0 3650.0 -0.13112
6350.0 3650.0 0.16505
50.0 3750.0 0.47378
150.0 3750.0 -0.12676
250.0 3750.0 -0.56911
350.0 3750.0 -0.73374
450.0 3750.0 -0.64561
550.0 3750.0 -0.48046
650.0 3750.0 -0.44621
750.0 3750.0 -0.54689
850.0 3750.0 -0.56450
950.0 3750.0 -0.46516
1050.0 3750.0 -0.35258
1150.0 3750.0 -0.34225
1250.0 3750.0 -0.48846
1350.0 3750.0 -0.76293
1450.0 3750.0 -1.08867
1550.0 3750.0 -1.45339
1650.0 3750.0 -1.74059
1750.0 3750.0 -1.74518
1850.0 3750.0 -1.39918
1950.0 3750.0 -0.84265
2050.0 3750.0 -0.32572
2150.0 3750.0 0.04837
2250.0 3750.0 0.22837
2350.0 3750.0 0.03617
2450.0 3750.0 -0.44127
2550.0 3750.0 -0.95520
2650.0 3750.0 -1.23933
2750.0 3750.0 -1.14983
2850.0 3750.0 -0.79358
2950.0 3750.0 -0.19152
3050.0 3750.0 0.71306
3150.0 3750.0 1.52993
3250.0 3750.0 1.86813
3350.0 3750.0 1.62441
3450.0 3750.0 1.01199
3550.0 3750.0 0.32836
3650.0 3750.0 -0.48684
3750.0 3750.0 -1.40094
3850.0 3750.0 -1.97193
3950.0 3750.0 -1.87756
4050.0 3750.0 -1.18925
4150.0 3750.0 -0.30952
4250.0 3750.0 0.42702
4350.0 3750.0 1.23605
4450.0 3750.0 2.15980
4550.0 3750.0 2.79396
4650.0 3750.0 2.81744
4750.0 3750.0 2.26919
4850.0 3750.0 1.51104
4950.0 3750.0 0.87687
5050.0 3750.0 0.42075
5150.0 3750.0 0.36969
5250.0 3750.0 0.67352
5350.0 3750.0 1.06141
5450.0 3750.0 1.22324
5550.0 3750.0 0.96796
5650.0 3750.0 0.35907
5750.0 3750.0 -0.33995
5850.0 3750.0 -0.97588
5950.0 3750.0 -1.28058
6050.0 3750.0 -1.10586
6150.0 3750.0 -0.57857
6250.0 3750.0 -0.03320
6350.0 3750.0 0.27804
50.0 3850.0 1.11777
150.0 3850.0 0.58910
250.0 3850.0 0.03629
350.0 3850.0 -0.37436
450.0 3850.0 -0.54771
550.0 3850.0 -0.52986
650.0 3850.0 -0.46263
750.0 3850.0 -0.42610
850.0 3850.0 -0.36827
950.0 3850.0 -0.32453
1050.0 3850.0 -0.37613
1150.0 3850.0 -0.55729
1250.0 3850.0 -0.82511
1350.0 3850.0 -1.09268
1450.0 3850.0 -1.32233
1550.0 3850.0 -1.51754
1650.0 3850.0 -1.57014
1750.0 3850.0 -1.39042
1850.0 3850.0 -1.00669
1950.0 3850.0 -0.56766
2050.0 3850.0 -0.25000
2150.0 3850.0 -0.07953
2250.0 3850.0 -0.06747
2350.0 3850.0 -0.32587
2450.0 3850.0 -0.74334
2550.0 3850.0 -1.11241
2650.0 3850.0 -1.25731
2750.0 3850.0 -1.12208
2850.0 3850.0 -0.81243
2950.0 3850.0 -0.25614
3050.0 3850.0 0.64259
3150.0 3850.0 1.50580
3250.0 3850.0 1.92786
3350.0 3850.0 1.76925
3450.0 3850.0 1.20573
3550.0 3850.0 0.53192
3650.0 3850.0 -0.22896
3750.0 3850.0 -0.98850
3850.0 3850.0 -1.36916
3950.0 3850.0 -1.14332
4050.0 3850.0 -0.44054
4150.0 3850.0 0.34218
4250.0 3850.0 0.92688
4350.0 3850.0 1.58840
4450.0 3850.0 2.41710
4550.0 3850.0 3.04559
4650.0 3850.0 3.14632
4750.0 3850.0 2.70435
4850.0 3850.0 2.00977
4950.0 3850.0 1.37005
5050.0 3850.0 0.86623
5150.0 3850.0 0.70099
5250.0 3850.0 0.86774
5350.0 3850.0 1.16355
5450.0 3850.0 1.31844
5550.0 3850.0 1.13426
5650.0 3850.0 0.63306
5750.0 3850.0 0.02376
5850.0 3850.0 -0.61147
5950.0 3850.0 -1.01960
6050.0 3850.0 -1.00865
6150.0 3850.0 -0.62913
6250.0 3850.0 -0.14582
6350.0 3850.0 0.19988
50.0 3950.0 1.48211
150.0 3950.0 1.09829
250.0 3950.0 0.52221
350.0 3950.0 -0.04197
450.0 3950.0 -0.39097
550.0 3950.0 -0.44929
650.0 3950.0 -0.29281
750.0 3950.0 -0.06985
850.0 3950.0 0.10686
950.0 3950.0 0.12509
1050.0 3950.0 -0.07533
1150.0 3950.0 -0.44097
1250.0 3950.0 -0.82041
1350.0 3950.0 -1.05858
1450.0 3950.0 -1.15948
1550.0 3950.0 -1.15304
1650.0 3950.0 -0.96334
1750.0 3950.0 -0.64293
1850.0 3950.0 -0.31773
1950.0 3950.0 -0.11526
2050.0 3950.0 -0.09709
2150.0 3950.0 -0.20079
2250.0 3950.0 -0.39552
2350.0 3950.0 -0.68850
2450.0 3950.0 -0.94372
2550.0 3950.0 -1.03274
2650.0 3950.0 -0.92687
2750.0 3950.0 -0.70206
2850.0 3950.0 -0.45248
2950.0 3950.0 0.01235
3050.0 3950.0 0.80339
3150.0 3950.0 1.57164
3250.0 3950.0 1.93711
3350.0 3950.0 1.76295
3450.0 3950.0 1.20524
3550.0 3950.0 0.53788
3650.0 3950.0 -0.15075
3750.0 3950.0 -0.70486
3850.0 3950.0 -0.83295
3950.0 3950.0 -0.43335
4050.0 3950.0 0.28732
4150.0 3950.0 0.93974
4250.0 3950.0 1.32147
4350.0 3950.0 1.77639
4450.0 3950.0 2.44113
4550.0 3950.0 3.00034
4650.0 3950.0 3.13516
4750.0 3950.0 2.77971
4850.0 3950.0 2.14224
4950.0 3950.0 1.49095
5050.0 3950.0 0.93263
5150.0 3950.0 0.65395
5250.0 3950.0 0.70496
5350.0 3950.0 0.95482
5450.0 3950.0 1.16365
5550.0 3950.0 1.10742
5650.0 3950.0 0.75566
5750.0 3950.0 0.27020
5850.0 3950.0 -0.34546
5950.0 3950.0 -0.85851
6050.0 3950.0 -1.02753
6150.0 3950.0 -0.81286
6250.0 3950.0 -0.39483
6350.0 3950.0 0.00026
50.0 4050.0 1.38192
150.0 4050.0 1.17048
250.0 4050.0 0.66097
350.0 4050.0 0.07598
450.0 4050.0 -0.31589
550.0 4050.0 -0.36045
650.0 4050.0 -0.08701
750.0 4050.0 0.31538
850.0 4050.0 0.62186
950.0 4050.0 0.66150
1050.0 4050.0 0.38576
1150.0 4050.0 -0.08828
1250.0 4050.0 -0.52612
1350.0 4050.0 -0.71754
1450.0 4050.0 -0.69556
1550.0 4050.0 -0.51314
1650.0 4050.0 -0.13773
1750.0 4050.0 0.25046
1850.0 4050.0 0.45218
1950.0 4050.0 0.38046
2050.0 4050.0 0.09356
2150.0 4050.0 -0.27192
2250.0 4050.0 -0.65784
2350.0 4050.0 -0.96795
2450.0 4050.0 -1.04517
2550.0 4050.0 -0.84308
2650.0 4050.0 -0.48025
2750.0 4050.0 -0.16210
2850.0 4050.0 0.03098
2950.0 4050.0 0.39328
3050.0 4050.0 1.03037
3150.0 4050.0 1.62728
3250.0 4050.0 1.85172
3350.0 4050.0 1.59590
3450.0 4050.0 1.01288
3550.0 4050.0 0.34811
3650.0 4050.0 -0.27852
3750.0 4050.0 -0.66117
3850.0 4050.0 -0.58759
3950.0 4050.0 -0.06481
4050.0 4050.0 0.64005
4150.0 4050.0 1.15300
4250.0 4050.0 1.33996
4350.0 4050.0 1.59584
4450.0 4050.0 2.09361
4550.0 4050.0 2.56817
4650.0 4050.0 2.71418
4750.0 4050.0 2.42390
4850.0 4050.0 1.83213
4950.0 4050.0 1.16860
5050.0 4050.0 0.56536
5150.0 4050.0 0.20804
5250.0 4050.0 0.19920
5350.0 4050.0 0.46263
5450.0 4050.0 0.76960
5550.0 4050.0 0.85930
5650.0 4050.0 0.65358
5750.0 4050.0 0.29161
5850.0 4050.0 -0.27761
5950.0 4050.0 -0.84064
6050.0 4050.0 -1.12252
6150.0 4050.0 -1.01575
6250.0 4050.0 -0.63339
6350.0 4050.0 -0.18639
50.0 4150.0 0.90689
150.0 4150.0 0.83270
250.0 4150.0 0.42867
350.0 4150.0 -0.08285
450.0 4150.0 -0.41641
550.0 4150.0 -0.39194
650.0 4150.0 -0.01936
750.0 4150.0 0.50249
850.0 4150.0 0.91010
950.0 4150.0 1.00711
1050.0 4150.0 0.74470
1150.0 4150.0 0.26305
1250.0 4150.0 -0.16786
1350.0 4150.0 -0.31072
1450.0 4150.0 -0.20739
1550.0 4150.0 0.08194
1650.0 4150.0 0.55496
1750.0 4150.0 0.95181
1850.0 4150.0 1.03573
1950.0 4150.0 0.75738
2050.0 4150.0 0.25932
2150.0 4150.0 -0.27869
2250.0 4150.0 -0.79420
2350.0 4150.0 -1.12878
2450.0 4150.0 -1.10959
2550.0 4150.0 -0.73806
2650.0 4150.0 -0.22281
2750.0 4150.0 0.14950
2850.0 4150.0 0.30482
2950.0 4150.0 0.59531
3050.0 4150.0 1.11631
3150.0 4150.0 1.57703
3250.0 4150.0 1.68338
3350.0 4150.0 1.35436
3450.0 4150.0 0.74569
3550.0 4150.0 0.08148
3650.0 4150.0 -0.51597
3750.0 4150.0 -0.82699
3850.0 4150.0 -0.68715
3950.0 4150.0 -0.15595
4050.0 4150.0 0.48186
4150.0 4150.0 0.87614
4250.0 4150.0 0.93194
4350.0 4150.0 1.05950
4450.0 4150.0 1.45604
4550.0 4150.0 1.88874
4650.0 4150.0 2.05736
4750.0 4150.0 1.82202
4850.0 4150.0 1.26633
4950.0 4150.0 0.59570
5050.0 4150.0 -0.03192
5150.0 4150.0 -0.41933
5250.0 4150.0 -0.43041
5350.0 4150.0 -0.11581
5450.0 4150.0 0.29012
5550.0 4150.0 0.49354
5650.0 4150.0 0.38658
5750.0 4150.0 0.11295
5850.0 4150.0 -0.39090
5950.0 4150.0 -0.92441
6050.0 4150.0 -1.20754
6150.0 4150.0 -1.11052
6250.0 4150.0 -0.71852
6350.0 4150.0 -0.23121
50.0 4250.0 0.32356
150.0 4250.0 0.31153
250.0 4250.0 -0.01390
350.0 4250.0 -0.43917
450.0 4250.0 -0.69196
550.0 4250.0 -0.60207
650.0 4250.0 -0.18107
750.0 4250.0 0.38141
850.0 4250.0 0.83943
950.0 4250.0 1.00209
1050.0 4250.0 0.81186
1150.0 4250.0 0.39636
1250.0 4250.0 0.01662
1350.0 4250.0 -0.09098
1450.0 4250.0 0.04004
1550.0 4250.0 0.36154
1650.0 4250.0 0.85863
1750.0 4250.0 1.24675
1850.0 4250.0 1.28029
1950.0 4250.0 0.92580
2050.0 4250.0 0.35518
2150.0 4250.0 -0.23977
2250.0 4250.0 -0.81157
2350.0 4250.0 -1.19702
2450.0 4250.0 -1.21182
2550.0 4250.0 -0.85394
2650.0 4250.0 -0.34055
2750.0 4250.0 0.02674
2850.0 4250.0 0.16767
2950.0 4250.0 0.44017
3050.0 4250.0 0.94119
3150.0 4250.0 1.38558
3250.0 4250.0 1.48361
3350.0 4250.0 1.15386
3450.0 4250.0 0.54749
3550.0 4250.0 -0.11551
3650.0 4250.0 -0.72104
3750.0 4250.0 -1.07136
3850.0 4250.0 -1.01127
3950.0 4250.0 -0.58856
4050.0 4250.0 -0.05987
4150.0 4250.0 0.25370
4250.0 4250.0 0.26126
4350.0 4250.0 0.35417
4450.0 4250.0 0.74569
4550.0 4250.0 1.21148
4650.0 4250.0 1.43982
4750.0 4250.0 1.26440
4850.0 4250.0 0.74155
4950.0 4250.0 0.07177
5050.0 4250.0 -0.55981
5150.0 4250.0 -0.94004
5250.0 4250.0 -0.92257
5350.0 4250.0 -0.55778
5450.0 4250.0 -0.09208
5550.0 4250.0 0.16277
5650.0 4250.0 0.09048
5750.0 4250.0 -0.14444
5850.0 4250.0 -0.58060
5950.0 4250.0 -1.02181
6050.0 4250.0 -1.20880
6150.0 4250.0 -1.03405
6250.0 4250.0 -0.59509
6350.0 4250.0 -0.08625
50.0 4350.0 -0.20392
150.0 4350.0 -0.19598
250.0 4350.0 -0.47271
350.0 4350.0 -0.83145
450.0 4350.0 -1.02056
550.0 4350.0 -0.88887
650.0 4350.0 -0.45505
750.0 4350.0 0.10538
850.0 4350.0 0.58106
950.0 4350.0 0.79974
1050.0 4350.0 0.69535
1150.0 4350.0 0.37069
1250.0 4350.0 0.05911
1350.0 4350.0 -0.01828
1450.0 4350.0 0.11842
1550.0 4350.0 0.44314
1650.0 4350.0 0.94128
1750.0 4350.0 1.32779
1850.0 4350.0 1.35794
1950.0 4350.0 1.00023
2050.0 4350.0 0.42837
2150.0 4350.0 -0.16658
2250.0 4350.0 -0.76089
2350.0 4350.0 -1.21776
2450.0 4350.0 -1.34335
2550.0 4350.0 -1.10403
2650.0 4350.0 -0.68130
2750.0 4350.0 -0.35592
2850.0 4350.0 -0.22146
2950.0 4350.0 0.05943
3050.0 4350.0 0.59651
3150.0 4350.0 1.10241
3250.0 4350.0 1.27099
3350.0 4350.0 0.99953
3450.0 4350.0 0.42426
3550.0 4350.0 -0.23024
3650.0 4350.0 -0.85418
3750.0 4350.0 -1.28698
3850.0 4350.0 -1.36780
3950.0 4350.0 -1.10545
4050.0 4350.0 -0.70734
4150.0 4350.0 -0.46075
4250.0 4350.0 -0.46644
4350.0 4350.0 -0.36749
4450.0 4350.0 0.06301
4550.0 4350.0 0.59925
4650.0 4350.0 0.90979
4750.0 4350.0 0.80248
4850.0 4350.0 0.31497
4950.0 4350.0 -0.34885
5050.0 4350.0 -0.97599
5150.0 4350.0 -1.33881
5250.0 4350.0 -1.29050
5350.0 4350.0 -0.88872
5450.0 4350.0 -0.39046
5550.0 4350.0 -0.11584
5650.0 4350.0 -0.18093
5750.0 4350.0 -0.39842
5850.0 4350.0 -0.76975
5950.0 4350.0 -1.09970
6050.0 4350.0 -1.15857
6150.0 4350.0 -0.87695
6250.0 4350.0 -0.37949
6350.0 4350.0 0.14226
50.0 4450.0 -0.49492
150.0 4450.0 -0.46374
250.0 4450.0 -0.68205
350.0 4450.0 -0.97696
450.0 4450.0 -1.13025
550.0 4450.0 -1.00758
650.0 4450.0 -0.62087
750.0 4450.0 -0.12194
850.0 4450.0 0.30402
950.0 4450.0 0.51855
1050.0 4450.0 0.47695
1150.0 4450.0 0.26875
1250.0 4450.0 0.08216
1350.0 4450.0 0.08979
1450.0 4450.0 0.27157
1550.0 4450.0 0.63318
1650.0 4450.0 1.15564
1750.0 4450.0 1.55247
1850.0 4450.0 1.58494
1950.0 4450.0 1.23217
2050.0 4450.0 0.67707
2150.0 4450.0 0.10812
2250.0 4450.0 -0.49539
2350.0 4450.0 -1.05044
2450.0 4450.0 -1.36297
2550.0 4450.0 -1.35134
2650.0 4450.0 -1.12579
2750.0 4450.0 -0.91199
2850.0 4450.0 -0.81747
2950.0 4450.0 -0.55988
3050.0 4450.0 -0.00552
3150.0 4450.0 0.58436
3250.0 4450.0 0.89662
3350.0 4450.0 0.78680
3450.0 4450.0 0.33901
3550.0 4450.0 -0.23497
3650.0 4450.0 -0.80321
3750.0 4450.0 -1.24865
3850.0 4450.0 -1.43954
3950.0 4450.0 -1.36434
4050.0 4450.0 -1.16598
4150.0 4450.0 -1.05886
4250.0 4450.0 -1.12837
4350.0 4450.0 -1.07241
4450.0 4450.0 -0.65290
4550.0 4450.0 -0.08021
4650.0 4450.0 0.30583
4750.0 4450.0 0.28245
4850.0 4450.0 -0.14886
4950.0 4450.0 -0.79462
5050.0 4450.0 -1.41598
5150.0 4450.0 -1.78086
5250.0 4450.0 -1.73069
5350.0 4450.0 -1.31077
5450.0 4450.0 -0.77534
5550.0 4450.0 -0.45256
5650.0 4450.0 -0.46919
5750.0 4450.0 -0.63288
5850.0 4450.0 -0.93085
5950.0 4450.0 -1.17524
6050.0 4450.0 -1.15343
6150.0 4450.0 -0.80973
6250.0 4450.0 -0.27230
6350.0 4450.0 0.27510
50.0 4550.0 -0.40646
150.0 4550.0 -0.34422
250.0 4550.0 -0.48516
350.0 4550.0 -0.71520
450.0 4550.0 -0.86989
550.0 4550.0 -0.82925
650.0 4550.0 -0.57784
750.0 4550.0 -0.22890
850.0 4550.0 0.04011
950.0 4550.0 0.14217
1050.0 4550.0 0.10246
1150.0 4550.0 0.02270
1250.0 4550.0 0.02807
1350.0 4550.0 0.19660
1450.0 4550.0 0.48329
1550.0 4550.0 0.92923
1650.0 4550.0 1.49867
1750.0 4550.0 1.90365
1850.0 4550.0 1.92456
1950.0 4550.0 1.57113
2050.0 4550.0 1.05086
2150.0 4550.0 0.54501
2250.0 4550.0 -0.02856
2350.0 4550.0 -0.65918
2450.0 4550.0 -1.17580
2550.0 4550.0 -1.45268
2650.0 4550.0 -1.50707
2750.0 4550.0 -1.47583
2850.0 4550.0 -1.46931
2950.0 4550.0 -1.29648
3050.0 4550.0 -0.79642
3150.0 4550.0 -0.15592
3250.0 4550.0 0.33842
3350.0 4550.0 0.49134
3450.0 4550.0 0.29137
3550.0 4550.0 -0.09607
3650.0 4550.0 -0.48740
3750.0 4550.0 -0.80735
3850.0 4550.0 -1.00951
3950.0 4550.0 -1.10543
4050.0 4550.0 -1.16792
4150.0 4550.0 -1.28995
4250.0 4550.0 -1.49851
4350.0 4550.0 -1.56270
4450.0 4550.0 -1.23677
4550.0 4550.0 -0.68920
4650.0 4550.0 -0.24842
4750.0 4550.0 -0.17198
4850.0 4550.0 -0.51955
4950.0 4550.0 -1.12970
5050.0 4550.0 -1.74525
5150.0 4550.0 -2.14904
5250.0 4550.0 -2.15303
5350.0 4550.0 -1.75670
5450.0 4550.0 -1.18734
5550.0 4550.0 -0.77810
5650.0 4550.0 -0.68376
5750.0 4550.0 -0.74083
5850.0 4550.0 -0.96690
5950.0 4550.0 -1.19125
6050.0 4550.0 -1.19200
6150.0 4550.0 -0.88051
6250.0 4550.0 -0.34530
6350.0 4550.0 0.24476
50.0 4650.0 -0.04169
150.0 4650.0 0.05804
250.0 4650.0 0.01020
350.0 4650.0 -0.14911
450.0 4650.0 -0.32360
550.0 4650.0 -0.40764
650.0 4650.0 -0.34606
750.0 4650.0 -0.20357
850.0 4650.0 -0.16867
950.0 4650.0 -0.27258
1050.0 4650.0 -0.38497
1150.0 4650.0 -0.36508
1250.0 4650.0 -0.15126
1350.0 4650.0 0.21595
1450.0 4650.0 0.64457
1550.0 4650.0 1.19843
1650.0 4650.0 1.81074
1750.0 4650.0 2.19501
1850.0 4650.0 2.16722
1950.0 4650.0 1.78888
2050.0 4650.0 1.30623
2150.0 4650.0 0.88702
2250.0 4650.0 0.39652
2350.0 4650.0 -0.20855
2450.0 4650.0 -0.80760
2550.0 4650.0 -1.27198
2650.0 4650.0 -1.55424
2750.0 4650.0 -1.70464
2850.0 4650.0 -1.81249
2950.0 4650.0 -1.78060
3050.0 4650.0 -1.43700
3150.0 4650.0 -0.85620
3250.0 4650.0 -0.25132
3350.0 4650.0 0.15490
3450.0 4650.0 0.24516
3550.0 4650.0 0.10777
3650.0 4650.0 -0.01780
3750.0 4650.0 -0.08175
3850.0 4650.0 -0.16304
3950.0 4650.0 -0.34361
4050.0 4650.0 -0.64581
4150.0 4650.0 -1.02500
4250.0 4650.0 -1.41653
4350.0 4650.0 -1.65160
4450.0 4650.0 -1.47873
4550.0 4650.0 -1.00723
4650.0 4650.0 -0.53821
4750.0 4650.0 -0.36263
4850.0 4650.0 -0.61435
4950.0 4650.0 -1.17860
5050.0 4650.0 -1.79065
5150.0 4650.0 -2.26665
5250.0 4650.0 -2.37740
5350.0 4650.0 -2.05069
5450.0 4650.0 -1.46553
5550.0 4650.0 -0.95392
5650.0 4650.0 -0.71042
5750.0 4650.0 -0.63176
5850.0 4650.0 -0.80728
5950.0 4650.0 -1.08947
6050.0 4650.0 -1.22067
6150.0 4650.0 -1.03673
6250.0 4650.0 -0.54976
6350.0 4650.0 0.09004
50.0 4750.0 0.34812
150.0 4750.0 0.48690
250.0 4750.0 0.53624
350.0 4750.0 0.45529
450.0 4750.0 0.27140
550.0 4750.0 0.07337
650.0 4750.0 -0.04639
750.0 4750.0 -0.10438
850.0 4750.0 -0.30932
950.0 4750.0 -0.64794
1050.0 4750.0 -0.88161
1150.0 4750.0 -0.81665
1250.0 4750.0 -0.43761
1350.0 4750.0 0.10752
1450.0 4750.0 0.67235
1550.0 4750.0 1.32112
1650.0 4750.0 1.94732
1750.0 4750.0 2.27053
1850.0 4750.0 2.15323
1950.0 4750.0 1.71981
2050.0 4750.0 1.26068
2150.0 4750.0 0.92544
2250.0 4750.0 0.55692
2350.0 4750.0 0.10385
2450.0 4750.0 -0.38086
2550.0 4750.0 -0.82230
2650.0 4750.0 -1.17217
2750.0 4750.0 -1.43120
2850.0 4750.0 -1.64388
2950.0 4750.0 -1.77385
3050.0 4750.0 -1.66524
3150.0 4750.0 -1.27330
3250.0 4750.0 -0.70220
3350.0 4750.0 -0.15855
3450.0 4750.0 0.16312
3550.0 4750.0 0.26253
3650.0 4750.0 0.41163
3750.0 4750.0 0.65693
3850.0 4750.0 0.79187
3950.0 4750.0 0.63806
4050.0 4750.0 0.18896
4150.0 4750.0 -0.39829
4250.0 4750.0 -0.96170
4350.0 4750.0 -1.36469
4450.0 4750.0 -1.34935
4550.0 4750.0 -0.96698
4650.0 4750.0 -0.48792
4750.0 4750.0 -0.23018
4850.0 4750.0 -0.39603
4950.0 4750.0 -0.91686
5050.0 4750.0 -1.52886
5150.0 4750.0 -2.08902
5250.0 4750.0 -2.32767
5350.0 4750.0 -2.09640
5450.0 4750.0 -1.51888
5550.0 4750.0 -0.92010
5650.0 4750.0 -0.53415
5750.0 4750.0 -0.33006
5850.0 4750.0 -0.48503
5950.0 4750.0 -0.87391
6050.0 4750.0 -1.19066
6150.0 4750.0 -1.17985
6250.0 4750.0 -0.76647
6350.0 4750.0 -0.08362
50.0 4850.0 0.49421
150.0 4850.0 0.66779
250.0 4850.0 0.80418
350.0 4850.0 0.80646
450.0 4850.0 0.64642
550.0 4850.0 0.39257
650.0 4850.0 0.15853
750.0 4850.0 -0.03451
850.0 4850.0 -0.40943
950.0 4850.0 -0.92893
1050.0 4850.0 -1.27720
1150.0 4850.0 -1.21521
1250.0 4850.0 -0.74861
1350.0 4850.0 -0.09307
1450.0 4850.0 0.56249
1550.0 4850.0 1.26395
1650.0 4850.0 1.86730
1750.0 4850.0 2.10157
1850.0 4850.0 1.87462
1950.0 4850.0 1.36804
2050.0 4850.0 0.90966
2150.0 4850.0 0.63084
2250.0 4850.0 0.38564
2350.0 4850.0 0.16103
2450.0 4850.0 -0.05425
2550.0 4850.0 -0.27755
2650.0 4850.0 -0.52122
2750.0 4850.0 -0.78672
2850.0 4850.0 -1.06410
2950.0 4850.0 -1.32874
3050.0 4850.0 -1.46288
3150.0 4850.0 -1.33080
3250.0 4850.0 -0.92506
3350.0 4850.0 -0.39816
3450.0 4850.0 0.02904
3550.0 4850.0 0.28243
3650.0 4850.0 0.62897
3750.0 4850.0 1.12697
3850.0 4850.0 1.47935
3950.0 4850.0 1.42235
4050.0 4850.0 0.93611
4150.0 4850.0 0.23847
4250.0 4850.0 -0.43684
4350.0 4850.0 -0.95233
4450.0 4850.0 -1.04075
4550.0 4850.0 -0.71453
4650.0 4850.0 -0.22434
4750.0 4850.0 0.09224
4850.0 4850.0 -0.01402
4950.0 4850.0 -0.50535
5050.0 4850.0 -1.11984
5150.0 4850.0 -1.74741
5250.0 4850.0 -2.09069
5350.0 4850.0 -1.94485
5450.0 4850.0 -1.38982
5550.0 4850.0 -0.74137
5650.0 4850.0 -0.26100
5750.0 4850.0 0.02456
5850.0 4850.0 -0.13069
5950.0 4850.0 -0.61662
6050.0 4850.0 -1.08773
6150.0 4850.0 -1.21819
6250.0 4850.0 -0.86772
6350.0 4850.0 -0.15841
50.0 4950.0 0.26682
150.0 4950.0 0.46761
250.0 4950.0 0.67271
350.0 4950.0 0.75803
450.0 4950.0 0.65987
550.0 4950.0 0.42376
650.0 4950.0 0.16379
750.0 4950.0 -0.07589
850.0 4950.0 -0.51513
950.0 4950.0 -1.11124
1050.0 4950.0 -1.51903
1150.0 4950.0 -1.47786
1250.0 4950.0 -0.99482
1350.0 4950.0 -0.30635
1450.0 4950.0 0.37999
1550.0 4950.0 1.08570
1650.0 4950.0 1.64056
1750.0 4950.0 1.78364
1850.0 4950.0 1.45634
1950.0 4950.0 0.87887
2050.0 4950.0 0.40177
2150.0 4950.0 0.14231
2250.0 4950.0 -0.01414
2350.0 4950.0 -0.01889
2450.0 4950.0 0.07372
2550.0 4950.0 0.15185
2650.0 4950.0 0.11390
2750.0 4950.0 -0.07971
2850.0 4950.0 -0.37311
2950.0 4950.0 -0.71377
3050.0 4950.0 -1.02826
3150.0 4950.0 -1.13707
3250.0 4950.0 -0.95051
3350.0 4950.0 -0.55324
3450.0 4950.0 -0.14624
3550.0 4950.0 0.15456
3650.0 4950.0 0.57936
3750.0 4950.0 1.19891
3850.0 4950.0 1.68119
3950.0 4950.0 1.71727
4050.0 4950.0 1.26459
4150.0 4950.0 0.55082
4250.0 4950.0 -0.16058
4350.0 4950.0 -0.71175
4450.0 4950.0 -0.82254
4550.0 4950.0 -0.49284
4650.0 4950.0 0.02706
4750.0 4950.0 0.38489
4850.0 4950.0 0.30981
4950.0 4950.0 -0.16968
5050.0 4950.0 -0.78707
5150.0 4950.0 -1.44681
5250.0 4950.0 -1.84151
5350.0 4950.0 -1.74252
5450.0 4950.0 -1.20932
5550.0 4950.0 -0.55084
5650.0 4950.0 -0.03878
5750.0 4950.0 0.27477
5850.0 4950.0 0.11742
5950.0 4950.0 -0.40593
6050.0 4950.0 -0.93506
6150.0 4950.0 -1.11829
6250.0 4950.0 -0.79165
6350.0 4950.0 -0.07348
50.0 5050.0 -0.18422
150.0 5050.0 0.03568
250.0 5050.0 0.29757
350.0 5050.0 0.46695
450.0 5050.0 0.45493
550.0 5050.0 0.28056
650.0 5050.0 0.04496
750.0 5050.0 -0.19251
850.0 5050.0 -0.63371
950.0 5050.0 -1.23790
1050.0 5050.0 -1.65927
1150.0 5050.0 -1.63355
1250.0 5050.0 -1.16317
1350.0 5050.0 -0.48141
1450.0 5050.0 0.20163
1550.0 5050.0 0.88437
1650.0 5050.0 1.37792
1750.0 5050.0 1.43161
1850.0 5050.0 1.01280
1950.0 5050.0 0.36865
2050.0 5050.0 -0.13667
2150.0 5050.0 -0.39753
2250.0 5050.0 -0.49272
2350.0 5050.0 -0.30813
2450.0 5050.0 0.07371
2550.0 5050.0 0.45628
2650.0 5050.0 0.64572
2750.0 5050.0 0.55123
2850.0 5050.0 0.26531
2950.0 5050.0 -0.11653
3050.0 5050.0 -0.56285
3150.0 5050.0 -0.87675
3250.0 5050.0 -0.90901
3350.0 5050.0 -0.67802
3450.0 5050.0 -0.34624
3550.0 5050.0 -0.05217
3650.0 5050.0 0.38410
3750.0 5050.0 1.04046
3850.0 5050.0 1.58223
3950.0 5050.0 1.68481
4050.0 5050.0 1.28630
4150.0 5050.0 0.60144
4250.0 5050.0 -0.10204
4350.0 5050.0 -0.64284
4450.0 5050.0 -0.72770
4550.0 5050.0 -0.35927
4650.0 5050.0 0.20155
4750.0 5050.0 0.59094
4850.0 5050.0 0.53145
4950.0 5050.0 0.05483
5050.0 5050.0 -0.56281
5150.0 5050.0 -1.22660
5250.0 5050.0 -1.63027
5350.0 5050.0 -1.54365
5450.0 5050.0 -1.02284
5550.0 5050.0 -0.37326
5650.0 5050.0 0.13419
5750.0 5050.0 0.44435
5850.0 5050.0 0.28505
5950.0 5050.0 -0.23757
6050.0 5050.0 -0.76333
6150.0 5050.0 -0.94207
6250.0 5050.0 -0.61203
6350.0 5050.0 0.10733
50.0 5150.0 -0.84392
150.0 5150.0 -0.66410
250.0 5150.0 -0.37591
350.0 5150.0 -0.09828
450.0 5150.0 0.05231
550.0 5150.0 0.03481
650.0 5150.0 -0.10437
750.0 5150.0 -0.29267
850.0 5150.0 -0.66580
950.0 5150.0 -1.18504
1050.0 5150.0 -1.54196
1150.0 5150.0 -1.50044
1250.0 5150.0 -1.06206
1350.0 5150.0 -0.43444
1450.0 5150.0 0.19403
1550.0 5150.0 0.79604
1650.0 5150.0 1.16318
1750.0 5150.0 1.06562
1850.0 5150.0 0.50625
1950.0 5150.0 -0.23893
2050.0 5150.0 -0.79804
2150.0 5150.0 -1.08413
2250.0 5150.0 -1.13272
2350.0 5150.0 -0.75027
2450.0 5150.0 -0.04702
2550.0 5150.0 0.68370
2650.0 5150.0 1.13698
2750.0 5150.0 1.15586
2850.0 5150.0 0.87275
2950.0 5150.0 0.44050
3050.0 5150.0 -0.15214
3150.0 5150.0 -0.68930
3250.0 5150.0 -0.95848
3350.0 5150.0 -0.90813
3450.0 5150.0 -0.66055
3550.0 5150.0 -0.37872
3650.0 5150.0 0.04552
3750.0 5150.0 0.68510
3850.0 5150.0 1.23668
3950.0 5150.0 1.39717
4050.0 5150.0 1.09781
4150.0 5150.0 0.52346
4250.0 5150.0 -0.08169
4350.0 5150.0 -0.52676
4450.0 5150.0 -0.52871
4550.0 5150.0 -0.11601
4650.0 5150.0 0.44140
4750.0 5150.0 0.79832
4850.0 5150.0 0.71276
4950.0 5150.0 0.23651
5050.0 5150.0 -0.35220
5150.0 5150.0 -0.92898
5250.0 5150.0 -1.21596
5350.0 5150.0 -1.03590
5450.0 5150.0 -0.48288
5550.0 5150.0 0.13337
5650.0 5150.0 0.56965
5750.0 5150.0 0.80042
5850.0 5150.0 0.56316
5950.0 5150.0 -0.01364
6050.0 5150.0 -0.55511
6150.0 5150.0 -0.71857
6250.0 5150.0 -0.36785
6350.0 5150.0 0.35641
50.0 5250.0 -1.58317
150.0 5250.0 -1.55401
250.0 5250.0 -1.32574
350.0 5250.0 -0.95304
450.0 5250.0 -0.56887
550.0 5250.0 -0.31335
650.0 5250.0 -0.25530
750.0 5250.0 -0.32197
850.0 5250.0 -0.52367
950.0 5250.0 -0.82929
1050.0 5250.0 -1.02449
1150.0 5250.0 -0.94395
1250.0 5250.0 -0.58682
1350.0 5250.0 -0.09593
1450.0 5250.0 0.39671
1550.0 5250.0 0.84420
1650.0 5250.0 1.03319
1750.0 5250.0 0.76301
1850.0 5250.0 0.06469
1950.0 5250.0 -0.77778
2050.0 5250.0 -1.40665
2150.0 5250.0 -1.75414
2250.0 5250.0 -1.80083
2350.0 5250.0 -1.27372
2450.0 5250.0 -0.30062
2550.0 5250.0 0.73846
2650.0 5250.0 1.43070
2750.0 5250.0 1.54806
2850.0 5250.0 1.25552
2950.0 5250.0 0.77039
3050.0 5250.0 0.05330
3150.0 5250.0 -0.66285
3250.0 5250.0 -1.11666
3350.0 5250.0 -1.20544
3450.0 5250.0 -1.02445
3550.0 5250.0 -0.75732
3650.0 5250.0 -0.38436
3750.0 5250.0 0.13849
3850.0 5250.0 0.59431
3950.0 5250.0 0.76868
4050.0 5250.0 0.61569
4150.0 5250.0 0.27007
4250.0 5250.0 -0.09375
4350.0 5250.0 -0.30887
4450.0 5250.0 -0.14612
4550.0 5250.0 0.30423
4650.0 5250.0 0.77021
4750.0 5250.0 0.97877
4850.0 5250.0 0.79416
4950.0 5250.0 0.31386
5050.0 5250.0 -0.20421
5150.0 5250.0 -0.57138
5250.0 5250.0 -0.58103
5350.0 5250.0 -0.18463
5450.0 5250.0 0.43378
5550.0 5250.0 0.95773
5650.0 5250.0 1.21319
5750.0 5250.0 1.24600
5850.0 5250.0 0.82254
5950.0 5250.0 0.12763
6050.0 5250.0 -0.43187
6150.0 5250.0 -0.53868
6250.0 5250.0 -0.12603
6350.0 5250.0 0.61244
50.0 5350.0 -2.02390
150.0 5350.0 -2.24022
250.0 5350.0 -2.18273
350.0 5350.0 -1.79883
450.0 5350.0 -1.20806
550.0 5350.0 -0.65365
650.0 5350.0 -0.35040
750.0 5350.0 -0.24846
850.0 5350.0 -0.21945
950.0 5350.0 -0.25181
1050.0 5350.0 -0.25839
1150.0 5350.0 -0.16182
1250.0 5350.0 0.05370
1350.0 5350.0 0.34181
1450.0 5350.0 0.64459
1550.0 5350.0 0.91503
1650.0 5350.0 0.96802
1750.0 5350.0 0.62482
1850.0 5350.0 -0.09379
1950.0 5350.0 -0.94515
2050.0 5350.0 -1.61851
2150.0 5350.0 -2.04958
2250.0 5350.0 -2.15676
2350.0 5350.0 -1.62020
2450.0 5350.0 -0.56387
2550.0 5350.0 0.59675
2650.0 5350.0 1.39134
2750.0 5350.0 1.54451
2850.0 5350.0 1.22969
2950.0 5350.0 0.71130
3050.0 5350.0 -0.04560
3150.0 5350.0 -0.80120
3250.0 5350.0 -1.28652
3350.0 5350.0 -1.39609
3450.0 5350.0 -1.22821
3550.0 5350.0 -0.97284
3650.0 5350.0 -0.68468
3750.0 5350.0 -0.37149
3850.0 5350.0 -0.12422
3950.0 5350.0 -0.01180
4050.0 5350.0 -0.02326
4150.0 5350.0 -0.07868
4250.0 5350.0 -0.10792
4350.0 5350.0 -0.00638
4450.0 5350.0 0.36429
4550.0 5350.0 0.82879
4650.0 5350.0 1.12316
4750.0 5350.0 1.08882
4850.0 5350.0 0.74780
4950.0 5350.0 0.25919
5050.0 5350.0 -0.16842
5150.0 5350.0 -0.27829
5250.0 5350.0 0.03779
5350.0 5350.0 0.66526
5450.0 5350.0 1.31596
5550.0 5350.0 1.67939
5650.0 5350.0 1.67585
5750.0 5350.0 1.43631
5850.0 5350.0 0.77697
5950.0 5350.0 -0.03846
6050.0 5350.0 -0.57043
6150.0 5350.0 -0.55352
6250.0 5350.0 -0.03000
6350.0 5350.0 0.73300
50.0 5450.0 -1.93774
150.0 5450.0 -2.42781
250.0 5450.0 -2.61826
350.0 5450.0 -2.33478
450.0 5450.0 -1.65039
550.0 5450.0 -0.87735
650.0 5450.0 -0.36053
750.0 5450.0 -0.09410
850.0 5450.0 0.14824
950.0 5450.0 0.34639
1050.0 5450.0 0.46900
1150.0 5450.0 0.52350
1250.0 5450.0 0.55779
1350.0 5450.0 0.62911
1450.0 5450.0 0.74464
1550.0 5450.0 0.87994
1650.0 5450.0 0.91280
1750.0 5450.0 0.66709
1850.0 5450.0 0.10358
1950.0 5450.0 -0.62859
2050.0 5450.0 -1.29240
2150.0 5450.0 -1.80309
2250.0 5450.0 -2.01808
2350.0 5450.0 -1.61940
2450.0 5450.0 -0.70545
2550.0 5450.0 0.33863
2650.0 5450.0 1.05724
2750.0 5450.0 1.16792
2850.0 5450.0 0.82422
2950.0 5450.0 0.30436
3050.0 5450.0 -0.38847
3150.0 5450.0 -1.02064
3250.0 5450.0 -1.36252
3350.0 5450.0 -1.35882
3450.0 5450.0 -1.14227
3550.0 5450.0 -0.89170
3650.0 5450.0 -0.69824
3750.0 5450.0 -0.63101
3850.0 5450.0 -0.65253
3950.0 5450.0 -0.67007
4050.0 5450.0 -0.59558
4150.0 5450.0 -0.39011
4250.0 5450.0 -0.09208
4350.0 5450.0 0.31810
4450.0 5450.0 0.87742
4550.0 5450.0 1.32778
4650.0 5450.0 1.42104
4750.0 5450.0 1.12137
4850.0 5450.0 0.61308
4950.0 5450.0 0.11434
5050.0 5450.0 -0.23594
5150.0 5450.0 -0.14285
5250.0 5450.0 0.40670
5350.0 5450.0 1.16136
5450.0 5450.0 1.76099
5550.0 5450.0 1.92248
5650.0 5450.0 1.65560
5750.0 5450.0 1.15409
5850.0 5450.0 0.29555
5950.0 5450.0 -0.57851
6050.0 5450.0 -1.01264
6150.0 5450.0 -0.81424
6250.0 5450.0 -0.14908
6350.0 5450.0 0.64429
50.0 5550.0 -1.40981
150.0 5550.0 -2.11820
250.0 5550.0 -2.55388
350.0 5550.0 -2.44374
450.0 5550.0 -1.79759
550.0 5550.0 -0.94488
650.0 5550.0 -0.30715
750.0 5550.0 0.07084
850.0 5550.0 0.44258
950.0 5550.0 0.75119
1050.0 5550.0 0.89236
1150.0 5550.0 0.84613
1250.0 5550.0 0.70399
1350.0 5550.0 0.60511
1450.0 5550.0 0.59126
1550.0 5550.0 0.67304
1650.0 5550.0 0.80649
1750.0 5550.0 0.79826
1850.0 5550.0 0.51756
1950.0 5550.0 -0.00389
2050.0 5550.0 -0.60747
2150.0 5550.0 -1.16996
2250.0 5550.0 -1.49675
2350.0 5550.0 -1.30751
2450.0 5550.0 -0.66616
2550.0 5550.0 0.11393
2650.0 5550.0 0.64269
2750.0 5550.0 0.66363
2850.0 5550.0 0.29464
2950.0 5550.0 -0.20165
3050.0 5550.0 -0.76916
3150.0 5550.0 -1.18876
3250.0 5550.0 -1.29470
3350.0 5550.0 -1.10786
3450.0 5550.0 -0.80937
3550.0 5550.0 -0.55681
3650.0 5550.0 -0.43831
3750.0 5550.0 -0.57484
3850.0 5550.0 -0.83670
3950.0 5550.0 -1.00384
4050.0 5550.0 -0.91672
4150.0 5550.0 -0.55333
4250.0 5550.0 -0.03187
4350.0 5550.0 0.58861
4450.0 5550.0 1.26610
4550.0 5550.0 1.68611
4650.0 5550.0 1.61722
4750.0 5550.0 1.11552
4850.0 5550.0 0.48226
4950.0 5550.0 -0.02490
5050.0 5550.0 -0.33622
5150.0 5550.0 -0.16450
5250.0 5550.0 0.44009
5350.0 5550.0 1.16102
5450.0 5550.0 1.62550
5550.0 5550.0 1.59521
5650.0 5550.0 1.13734
5750.0 5550.0 0.46315
5850.0 5550.0 -0.49312
5950.0 5550.0 -1.33632
6050.0 5550.0 -1.61937
6150.0 5550.0 -1.22552
6250.0 5550.0 -0.42453
6350.0 5550.0 0.39707
50.0 5650.0 -0.74631
150.0 5650.0 -1.56580
250.0 5650.0 -2.16898
350.0 5650.0 -2.23096
450.0 5650.0 -1.70589
550.0 5650.0 -0.89787
650.0 5650.0 -0.24309
750.0 5650.0 0.17377
850.0 5650.0 0.57000
950.0 5650.0 0.85622
1050.0 5650.0 0.91264
1150.0 5650.0 0.73632
1250.0 5650.0 0.46264
1350.0 5650.0 0.27438
1450.0 5650.0 0.21246
1550.0 5650.0 0.31875
1650.0 5650.0 0.61675
1750.0 5650.0 0.88551
1850.0 5650.0 0.90475
1950.0 5650.0 0.60395
2050.0 5650.0 0.08232
2150.0 5650.0 -0.49549
2250.0 5650.0 -0.89458
2350.0 5650.0 -0.87749
2450.0 5650.0 -0.48140
2550.0 5650.0 0.04892
2650.0 5650.0 0.39360
2750.0 5650.0 0.33129
2850.0 5650.0 -0.05148
2950.0 5650.0 -0.51834
3050.0 5650.0 -0.97126
3150.0 5650.0 -1.20505
3250.0 5650.0 -1.10849
3350.0 5650.0 -0.76558
3450.0 5650.0 -0.39611
3550.0 5650.0 -0.13835
3650.0 5650.0 -0.05674
3750.0 5650.0 -0.30125
3850.0 5650.0 -0.70465
3950.0 5650.0 -0.98475
4050.0 5650.0 -0.93800
4150.0 5650.0 -0.53769
4250.0 5650.0 0.06385
4350.0 5650.0 0.75997
4450.0 5650.0 1.47201
4550.0 5650.0 1.86525
4650.0 5650.0 1.71883
4750.0 5650.0 1.12824
4850.0 5650.0 0.44162
4950.0 5650.0 -0.06975
5050.0 5650.0 -0.38510
5150.0 5650.0 -0.26278
5250.0 5650.0 0.22685
5350.0 5650.0 0.78042
5450.0 5650.0 1.06777
5550.0 5650.0 0.90006
5650.0 5650.0 0.36006
5750.0 5650.0 -0.36749
5850.0 5650.0 -1.30966
5950.0 5650.0 -2.05164
6050.0 5650.0 -2.17381
6150.0 5650.0 -1.61957
6250.0 5650.0 -0.72060
6350.0 5650.0 0.12056
50.0 5750.0 -0.12448
150.0 5750.0 -0.98450
250.0 5750.0 -1.69421
350.0 5750.0 -1.90731
450.0 5750.0 -1.53234
550.0 5750.0 -0.82821
650.0 5750.0 -0.21137
750.0 5750.0 0.20366
850.0 5750.0 0.57056
950.0 5750.0 0.77355
1050.0 5750.0 0.70661
1150.0 5750.0 0.40250
1250.0 5750.0 0.03481
1350.0 5750.0 -0.19389
1450.0 5750.0 -0.26025
1550.0 5750.0 -0.09767
1650.0 5750.0 0.37091
1750.0 5750.0 0.89718
1850.0 5750.0 1.18521
1950.0 5750.0 1.08288
2050.0 5750.0 0.64568
2150.0 5750.0 0.07489
2250.0 5750.0 -0.36021
2350.0 5750.0 -0.45609
2450.0 5750.0 -0.23275
2550.0 5750.0 0.11604
2650.0 5750.0 0.32578
2750.0 5750.0 0.20566
2850.0 5750.0 -0.17995
2950.0 5750.0 -0.61974
3050.0 5750.0 -0.99009
3150.0 5750.0 -1.09745
3250.0 5750.0 -0.86761
3350.0 5750.0 -0.42479
3450.0 5750.0 -0.01135
3550.0 5750.0 0.24889
3650.0 5750.0 0.31654
3750.0 5750.0 0.02981
3850.0 5750.0 -0.43867
3950.0 5750.0 -0.78778
4050.0 5750.0 -0.79319
4150.0 5750.0 -0.41637
4250.0 5750.0 0.18381
4350.0 5750.0 0.87793
4450.0 5750.0 1.57644
4550.0 5750.0 1.94537
4650.0 5750.0 1.77087
4750.0 5750.0 1.15741
4850.0 5750.0 0.45944
4950.0 5750.0 -0.05316
5050.0 5750.0 -0.39316
5150.0 5750.0 -0.37834
5250.0 5750.0 -0.07588
5350.0 5750.0 0.26156
5450.0 5750.0 0.36939
5550.0 5750.0 0.10557
5650.0 5750.0 -0.45393
5750.0 5750.0 -1.16922
5850.0 5750.0 -2.04034
5950.0 5750.0 -2.65329
6050.0 5750.0 -2.62485
6150.0 5750.0 -1.94582
6250.0 5750.0 -0.98195
6350.0 5750.0 -0.13268
50.0 5850.0 0.68221
150.0 5850.0 -0.15877
250.0 5850.0 -0.99801
350.0 5850.0 -1.47600
450.0 5850.0 -1.41574
550.0 5850.0 -0.96068
650.0 5850.0 -0.44997
750.0 5850.0 -0.04607
850.0 5850.0 0.31474
950.0 5850.0 0.50344
1050.0 5850.0 0.40518
1150.0 5850.0 0.05258
1250.0 5850.0 -0.37069
1350.0 5850.0 -0.64857
1450.0 5850.0 -0.75352
1550.0 5850.0 -0.57737
1650.0 5850.0 0.02352
1750.0 5850.0 0.79954
1850.0 5850.0 1.39060
1950.0 5850.0 1.54957
2050.0 5850.0 1.25978
2150.0 5850.0 0.74531
2250.0 5850.0 0.31318
2350.0 5850.0 0.12622
2450.0 5850.0 0.18718
2550.0 5850.0 0.36553
2650.0 5850.0 0.46377
2750.0 5850.0 0.32670
2850.0 5850.0 -0.00959
2950.0 5850.0 -0.37686
3050.0 5850.0 -0.65707
3150.0 5850.0 -0.69310
3250.0 5850.0 -0.44140
3350.0 5850.0 -0.02739
3450.0 5850.0 0.33312
3550.0 5850.0 0.54305
3650.0 5850.0 0.57466
3750.0 5850.0 0.28547
3850.0 5850.0 -0.15493
3950.0 5850.0 -0.46588
4050.0 5850.0 -0.44886
4150.0 5850.0 -0.08296
4250.0 5850.0 0.47811
4350.0 5850.0 1.11064
4450.0 5850.0 1.70373
4550.0 5850.0 1.94308
4650.0 5850.0 1.65222
4750.0 5850.0 0.96432
4850.0 5850.0 0.23970
4950.0 5850.0 -0.27049
5050.0 5850.0 -0.62515
5150.0 5850.0 -0.69608
5250.0 5850.0 -0.55093
5350.0 5850.0 -0.40094
5450.0 5850.0 -0.45345
5550.0 5850.0 -0.80690
5650.0 5850.0 -1.38833
5750.0 5850.0 -2.08118
5850.0 5850.0 -2.83299
5950.0 5850.0 -3.25870
6050.0 5850.0 -3.05433
6150.0 5850.0 -2.28092
6250.0 5850.0 -1.32982
6350.0 5850.0 -0.56912
50.0 5950.0 1.55381
150.0 5950.0 0.86150
250.0 5950.0 -0.07446
350.0 5950.0 -0.90861
450.0 5950.0 -1.34042
550.0 5950.0 -1.30846
650.0 5950.0 -0.99048
750.0 5950.0 -0.60917
850.0 5950.0 -0.21084
950.0 5950.0 0.08446
1050.0 5950.0 0.11190
1150.0 5950.0 -0.15836
1250.0 5950.0 -0.57909
1350.0 5950.0 -0.92837
1450.0 5950.0 -1.13689
1550.0 5950.0 -1.04599
1650.0 5950.0 -0.44022
1750.0 5950.0 0.48528
1850.0 5950.0 1.35135
1950.0 5950.0 1.81770
2050.0 5950.0 1.75818
2150.0 5950.0 1.38283
2250.0 5950.0 1.02282
2350.0 5950.0 0.78956
2450.0 5950.0 0.71739
2550.0 5950.0 0.75716
2650.0 5950.0 0.79465
2750.0 5950.0 0.71642
2850.0 5950.0 0.52103
2950.0 5950.0 0.31069
3050.0 5950.0 0.15044
3150.0 5950.0 0.11543
3250.0 5950.0 0.22185
3350.0 5950.0 0.40298
3450.0 5950.0 0.55032
3550.0 5950.0 0.61810
3650.0 5950.0 0.56872
3750.0 5950.0 0.32716
3850.0 5950.0 0.04941
3950.0 5950.0 -0.06350
4050.0 5950.0 0.08885
4150.0 5950.0 0.46192
4250.0 5950.0 0.92342
4350.0 5950.0 1.40722
4450.0 5950.0 1.77965
4550.0 5950.0 1.77446
4650.0 5950.0 1.28647
4750.0 5950.0 0.49086
4850.0 5950.0 -0.25921
4950.0 5950.0 -0.75607
5050.0 5950.0 -1.10086
5150.0 5950.0 -1.19244
5250.0 5950.0 -1.10827
5350.0 5950.0 -1.04821
5450.0 5950.0 -1.19208
5550.0 5950.0 -1.60914
5650.0 5950.0 -2.21928
5750.0 5950.0 -2.88082
5850.0 5950.0 -3.44839
5950.0 5950.0 -3.61357
6050.0 5950.0 -3.21897
6150.0 5950.0 -2.42782
6250.0 5950.0 -1.63757
6350.0 5950.0 -1.13748
50.0 6050.0 2.07465
150.0 6050.0 1.66804
250.0 6050.0 0.77516
350.0 6050.0 -0.31484
450.0 6050.0 -1.20031
550.0 6050.0 -1.60049
650.0 6050.0 -1.49365
750.0 6050.0 -1.14099
850.0 6050.0 -0.67749
950.0 6050.0 -0.19862
1050.0 6050.0 0.05327
1150.0 6050.0 -0.05442
1250.0 6050.0 -0.44011
1350.0 6050.0 -0.87973
1450.0 6050.0 -1.23883
1550.0 6050.0 -1.33371
1650.0 6050.0 -0.90170
1750.0 6050.0 -0.02941
1850.0 6050.0 0.95546
1950.0 6050.0 1.66183
2050.0 6050.0 1.84916
2150.0 6050.0 1.66799
2250.0 6050.0 1.43504
2350.0 6050.0 1.20628
2450.0 6050.0 1.05111
2550.0 6050.0 1.00582
2650.0 6050.0 1.04151
2750.0 6050.0 1.08563
2850.0 6050.0 1.09658
2950.0 6050.0 1.10801
3050.0 6050.0 1.10687
3150.0 6050.0 1.05197
3250.0 6050.0 0.92632
3350.0 6050.0 0.75458
3450.0 6050.0 0.58697
3550.0 6050.0 0.44918
3650.0 6050.0 0.28163
3750.0 6050.0 0.10298
3850.0 6050.0 0.05020
3950.0 6050.0 0.21233
4050.0 6050.0 0.55162
4150.0 6050.0 0.93121
4250.0 6050.0 1.24898
4350.0 6050.0 1.53888
4450.0 6050.0 1.67197
4550.0 6050.0 1.44540
4650.0 6050.0 0.81998
4750.0 6050.0 -0.01329
4850.0 6050.0 -0.74111
4950.0 6050.0 -1.20992
5050.0 6050.0 -1.51993
5150.0 6050.0 -1.55384
5250.0 6050.0 -1.40685
5350.0 6050.0 -1.30400
5450.0 6050.0 -1.43815
5550.0 6050.0 -1.87309
5650.0 6050.0 -2.51204
5750.0 6050.0 -3.14082
5850.0 6050.0 -3.50109
5950.0 6050.0 -3.39446
6050.0 6050.0 -2.84657
6150.0 6050.0 -2.13093
6250.0 6050.0 -1.62697
6350.0 6050.0 -1.51249
50.0 6150.0 1.99812
150.0 6150.0 1.94902
250.0 6150.0 1.27616
350.0 6150.0 0.17694
450.0 6150.0 -0.91932
550.0 6150.0 -1.58392
650.0 6150.0 -1.62580
750.0 6150.0 -1.29900
850.0 6150.0 -0.77399
950.0 6150.0 -0.12132
1050.0 6150.0 0.34056
1150.0 6150.0 0.38024
1250.0 6150.0 0.01809
1350.0 6150.0 -0.51732
1450.0 6150.0 -1.03027
1550.0 6150.0 -1.35978
1650.0 6150.0 -1.23850
1750.0 6150.0 -0.62107
1850.0 6150.0 0.27591
1950.0 6150.0 1.07259
2050.0 6150.0 1.44536
2150.0 6150.0 1.45526
2250.0 6150.0 1.36025
2350.0 6150.0 1.16611
2450.0 6150.0 0.97313
2550.0 6150.0 0.89040
2650.0 6150.0 0.96046
2750.0 6150.0 1.14387
2850.0 6150.0 1.36455
2950.0 6150.0 1.60774
3050.0 6150.0 1.79372
3150.0 6150.0 1.76064
3250.0 6150.0 1.44597
3350.0 6150.0 0.95290
3450.0 6150.0 0.48356
3550.0 6150.0 0.14016
3650.0 6150.0 -0.15488
3750.0 6150.0 -0.29978
3850.0 6150.0 -0.17368
3950.0 6150.0 0.21314
4050.0 6150.0 0.69965
4150.0 6150.0 1.06593
4250.0 6150.0 1.23627
4350.0 6150.0 1.35486
4450.0 6150.0 1.34050
4550.0 6150.0 1.04739
4650.0 6150.0 0.45886
4750.0 6150.0 -0.27160
4850.0 6150.0 -0.90637
4950.0 6150.0 -1.33631
5050.0 6150.0 -1.59950
5150.0 6150.0 -1.52529
5250.0 6150.0 -1.22886
5350.0 6150.0 -0.98445
5450.0 6150.0 -1.02806
5550.0 6150.0 -1.43892
5650.0 6150.0 -2.09976
5750.0 6150.0 -2.70288
5850.0 6150.0 -2.88868
5950.0 6150.0 -2.56957
6050.0 6150.0 -1.93910
6150.0 6150.0 -1.35995
6250.0 6150.0 -1.17736
6350.0 6150.0 -1.45799
50.0 6250.0 1.43349
150.0 6250.0 1.70599
250.0 6250.0 1.36192
350.0 6250.0 0.49935
450.0 6250.0 -0.50535
550.0 6250.0 -1.19010
650.0 6250.0 -1.27477
750.0 6250.0 -0.96389
850.0 6250.0 -0.41007
950.0 6250.0 0.32594
1050.0 6250.0 0.87900
1150.0 6250.0 0.96476
1250.0 6250.0 0.57759
1350.0 6250.0 -0.04236
1450.0 6250.0 -0.66688
1550.0 6250.0 -1.19925
1650.0 6250.0 -1.40268
1750.0 6250.0 -1.12078
1850.0 6250.0 -0.44582
1950.0 6250.0 0.29830
2050.0 6250.0 0.75391
2150.0 6250.0 0.89560
2250.0 6250.0 0.89901
2350.0 6250.0 0.73103
2450.0 6250.0 0.51365
2550.0 6250.0 0.40690
2650.0 6250.0 0.50326
2750.0 6250.0 0.78638
2850.0 6250.0 1.15628
2950.0 6250.0 1.58053
3050.0 6250.0 1.95389
3150.0 6250.0 2.02200
3250.0 6250.0 1.66528
3350.0 6250.0 1.01475
3450.0 6250.0 0.36377
3550.0 6250.0 -0.12204
3650.0 6250.0 -0.52059
3750.0 6250.0 -0.68783
3850.0 6250.0 -0.50969
3950.0 6250.0 -0.04557
4050.0 6250.0 0.48095
4150.0 6250.0 0.80677
4250.0 6250.0 0.86856
4350.0 6250.0 0.89257
4450.0 6250.0 0.87827
4550.0 6250.0 0.71266
4650.0 6250.0 0.34601
4750.0 6250.0 -0.15449
4850.0 6250.0 -0.64446
4950.0 6250.0 -1.03500
5050.0 6250.0 -1.25931
5150.0 6250.0 -1.08437
5250.0 6250.0 -0.64051
5350.0 6250.0 -0.24831
5450.0 6250.0 -0.18886
5550.0 6250.0 -0.56239
5650.0 6250.0 -1.23533
5750.0 6250.0 -1.82415
5850.0 6250.0 -1.90454
5950.0 6250.0 -1.46746
6050.0 6250.0 -0.81672
6150.0 6250.0 -0.36658
6250.0 6250.0 -0.42950
6350.0 6250.0 -0.99389
50.0 6350.0 0.73997
150.0 6350.0 1.21183
250.0 6350.0 1.18257
350.0 6350.0 0.67449
450.0 6350.0 -0.03496
550.0 6350.0 -0.54752
650.0 6350.0 -0.58152
750.0 6350.0 -0.27479
850.0 6350.0 0.26378
950.0 6350.0 0.96090
1050.0 6350.0 1.44625
1150.0 6350.0 1.44534
1250.0 6350.0 0.97367
1350.0 6350.0 0.29087
1450.0 6350.0 -0.38046
1550.0 6350.0 -1.02187
1650.0 6350.0 -1.43693
1750.0 6350.0 -1.41163
1850.0 6350.0 -0.95269
1950.0 6350.0 -0.32330
2050.0 6350.0 0.12553
2150.0 6350.0 0.31571
2250.0 6350.0 0.34940
2350.0 6350.0 0.16593
2450.0 6350.0 -0.10037
2550.0 6350.0 -0.25798
2650.0 6350.0 -0.18229
2750.0 6350.0 0.12640
2850.0 6350.0 0.55411
2950.0 6350.0 1.07588
3050.0 6350.0 1.60972
3150.0 6350.0 1.85395
3250.0 6350.0 1.62727
3350.0 6350.0 1.02718
3450.0 6350.0 0.35655
3550.0 6350.0 -0.17962
3650.0 6350.0 -0.63763
3750.0 6350.0 -0.88054
3850.0 6350.0 -0.79013
3950.0 6350.0 -0.41434
4050.0 6350.0 0.03481
4150.0 6350.0 0.29993
4250.0 6350.0 0.31335
4350.0 6350.0 0.33253
4450.0 6350.0 0.44360
4550.0 6350.0 0.53726
4650.0 6350.0 0.49206
4750.0 6350.0 0.26987
4850.0 6350.0 -0.06893
4950.0 6350.0 -0.42986
5050.0 6350.0 -0.63859
5150.0 6350.0 -0.42277
5250.0 6350.0 0.08124
5350.0 6350.0 0.53404
5450.0 6350.0 0.63606
5550.0 6350.0 0.27829
5650.0 6350.0 -0.39923
5750.0 6350.0 -0.98341
5850.0 6350.0 -1.02696
5950.0 6350.0 -0.55171
6050.0 6350.0 0.09743
6150.0 6350.0 0.48884
6250.0 6350.0 0.32507
6350.0 6350.0 -0.35168
