50.0 50.0 0.93097
150.0 50.0 0.74946
250.0 50.0 0.50000
350.0 50.0 0.20640
450.0 50.0 -0.10540
550.0 50.0 -0.41725
650.0 50.0 -0.70258
750.0 50.0 -0.91884
850.0 50.0 -1.02657
950.0 50.0 -1.00320
1050.0 50.0 -0.85089
1150.0 50.0 -0.59838
1250.0 50.0 -0.29689
1350.0 50.0 -0.00998
1450.0 50.0 0.20254
1550.0 50.0 0.30663
1650.0 50.0 0.32212
1750.0 50.0 0.34651
1850.0 50.0 0.47530
1950.0 50.0 0.72172
2050.0 50.0 1.04289
2150.0 50.0 1.37047
2250.0 50.0 1.63462
2350.0 50.0 1.78116
2450.0 50.0 1.78201
2550.0 50.0 1.63892
2650.0 50.0 1.38041
2750.0 50.0 1.05199
2850.0 50.0 0.69919
2950.0 50.0 0.32509
3050.0 50.0 -0.07534
3150.0 50.0 -0.45026
3250.0 50.0 -0.72640
3350.0 50.0 -0.84179
3450.0 50.0 -0.76694
3550.0 50.0 -0.51445
3650.0 50.0 -0.13719
3750.0 50.0 0.28515
3850.0 50.0 0.67098
3950.0 50.0 0.97333
4050.0 50.0 1.22373
4150.0 50.0 1.47320
4250.0 50.0 1.69563
4350.0 50.0 1.83736
4450.0 50.0 1.84744
4550.0 50.0 1.69725
4650.0 50.0 1.39103
4750.0 50.0 0.96752
4850.0 50.0 0.49267
4950.0 50.0 0.04333
5050.0 50.0 -0.31800
5150.0 50.0 -0.57735
5250.0 50.0 -0.80323
5350.0 50.0 -1.06635
5450.0 50.0 -1.35719
5550.0 50.0 -1.62322
5650.0 50.0 -1.80242
5750.0 50.0 -1.84729
5850.0 50.0 -1.73942
5950.0 50.0 -1.49487
6050.0 50.0 -1.16000
6150.0 50.0 -0.79807
6250.0 50.0 -0.46643
6350.0 50.0 -0.18436
50.0 150.0 1.04594
150.0 150.0 0.90919
250.0 150.0 0.68161
350.0 150.0 0.38597
450.0 150.0 0.05426
550.0 150.0 -0.28451
650.0 150.0 -0.60867
750.0 150.0 -0.87756
850.0 150.0 -1.04393
950.0 150.0 -1.07369
1050.0 150.0 -0.95817
1150.0 150.0 -0.71904
1250.0 150.0 -0.40571
1350.0 150.0 -0.08535
1450.0 150.0 0.17453
1550.0 150.0 0.33098
1650.0 150.0 0.39785
1750.0 150.0 0.47156
1850.0 150.0 0.64155
1950.0 150.0 0.91330
2050.0 150.0 1.23842
2150.0 150.0 1.54686
2250.0 150.0 1.77153
2350.0 150.0 1.86523
2450.0 150.0 1.80997
2550.0 150.0 1.61857
2650.0 150.0 1.32869
2750.0 150.0 0.98914
2850.0 150.0 0.63829
2950.0 150.0 0.26670
3050.0 150.0 -0.13485
3150.0 150.0 -0.51782
3250.0 150.0 -0.81135
3350.0 150.0 -0.95427
3450.0 150.0 -0.91585
3550.0 150.0 -0.70558
3650.0 150.0 -0.37184
3750.0 150.0 0.01056
3850.0 150.0 0.36384
3950.0 150.0 0.64189
4050.0 150.0 0.87328
4150.0 150.0 1.12345
4250.0 150.0 1.38526
4350.0 150.0 1.60530
4450.0 150.0 1.72042
4550.0 150.0 1.68348
4650.0 150.0 1.47908
4750.0 150.0 1.12920
4850.0 150.0 0.68879
4950.0 150.0 0.23133
5050.0 150.0 -0.17567
5150.0 150.0 -0.50524
5250.0 150.0 -0.80855
5350.0 150.0 -1.15045
5450.0 150.0 -1.51586
5550.0 150.0 -1.84257
5650.0 150.0 -2.05964
5750.0 150.0 -2.11468
5850.0 150.0 -1.99031
5950.0 150.0 -1.70955
6050.0 150.0 -1.33029
6150.0 150.0 -0.92876
6250.0 150.0 -0.57208
6350.0 150.0 -0.27980
50.0 250.0 1.07881
150.0 250.0 0.98724
250.0 250.0 0.78451
350.0 250.0 0.49249
450.0 250.0 0.14850
550.0 250.0 -0.20854
650.0 250.0 -0.56040
750.0 250.0 -0.86860
850.0 250.0 -1.08083
950.0 250.0 -1.15477
1050.0 250.0 -1.07362
1150.0 250.0 -0.85320
1250.0 250.0 -0.54060
1350.0 250.0 -0.20453
1450.0 250.0 0.08290
1550.0 250.0 0.27266
1650.0 250.0 0.37376
1750.0 250.0 0.48032
1850.0 250.0 0.67639
1950.0 250.0 0.96169
2050.0 250.0 1.28414
2150.0 250.0 1.57298
2250.0 250.0 1.76370
2350.0 250.0 1.81463
2450.0 250.0 1.71534
2550.0 250.0 1.48676
2650.0 250.0 1.17299
2750.0 250.0 0.82492
2850.0 250.0 0.47528
2950.0 250.0 0.10565
3050.0 250.0 -0.29563
3150.0 250.0 -0.68201
3250.0 250.0 -0.98435
3350.0 250.0 -1.14223
3450.0 250.0 -1.12451
3550.0 250.0 -0.93900
3650.0 250.0 -0.63146
3750.0 250.0 -0.27374
3850.0 250.0 0.05886
3950.0 250.0 0.32097
4050.0 250.0 0.53976
4150.0 250.0 0.79368
4250.0 250.0 1.09197
4350.0 250.0 1.38253
4450.0 250.0 1.59301
4550.0 250.0 1.66144
4650.0 250.0 1.55598
4750.0 250.0 1.28385
4850.0 250.0 0.88956
4950.0 250.0 0.44229
5050.0 250.0 0.01245
5150.0 250.0 -0.36243
5250.0 250.0 -0.71783
5350.0 250.0 -1.11356
5450.0 250.0 -1.53137
5550.0 250.0 -1.90267
5650.0 250.0 -2.15022
5750.0 250.0 -2.21788
5850.0 250.0 -2.08829
5950.0 250.0 -1.78848
6050.0 250.0 -1.38353
6150.0 250.0 -0.95805
6250.0 250.0 -0.58574
6350.0 250.0 -0.28681
50.0 350.0 1.02164
150.0 350.0 0.96825
250.0 350.0 0.78847
350.0 350.0 0.50349
450.0 350.0 0.15466
550.0 350.0 -0.21156
650.0 350.0 -0.57892
750.0 350.0 -0.91116
850.0 350.0 -1.15362
950.0 350.0 -1.25942
1050.0 350.0 -1.20671
1150.0 350.0 -1.00712
1250.0 350.0 -0.70532
1350.0 350.0 -0.36964
1450.0 350.0 -0.07384
1550.0 350.0 0.13001
1650.0 350.0 0.24756
1750.0 350.0 0.36994
1850.0 350.0 0.57723
1950.0 350.0 0.86577
2050.0 350.0 1.18168
2150.0 350.0 1.45430
2250.0 350.0 1.62106
2350.0 350.0 1.64385
2450.0 350.0 1.51677
2550.0 350.0 1.26532
2650.0 350.0 0.93709
2750.0 350.0 0.58379
2850.0 350.0 0.23467
2950.0 350.0 -0.13320
3050.0 350.0 -0.53124
3150.0 350.0 -0.91324
3250.0 350.0 -1.21109
3350.0 350.0 -1.36556
3450.0 350.0 -1.34647
3550.0 350.0 -1.16212
3650.0 350.0 -0.85820
3750.0 350.0 -0.50598
3850.0 350.0 -0.17989
3950.0 350.0 0.07552
4050.0 350.0 0.28835
4150.0 350.0 0.54770
4250.0 350.0 0.87490
4350.0 350.0 1.21968
4450.0 350.0 1.50414
4550.0 350.0 1.65639
4650.0 350.0 1.63294
4750.0 350.0 1.42999
4850.0 350.0 1.08354
4950.0 350.0 0.65841
5050.0 350.0 0.22599
5150.0 350.0 -0.16904
5250.0 350.0 -0.55006
5350.0 350.0 -0.97292
5450.0 350.0 -1.41833
5550.0 350.0 -1.81462
5650.0 350.0 -2.08127
5750.0 350.0 -2.15986
5850.0 350.0 -2.03250
5950.0 350.0 -1.72768
6050.0 350.0 -1.31352
6150.0 350.0 -0.87847
6250.0 350.0 -0.49947
6350.0 350.0 -0.19745
50.0 450.0 0.89475
150.0 450.0 0.87016
250.0 450.0 0.70913
350.0 450.0 0.43241
450.0 450.0 0.08399
550.0 450.0 -0.28458
650.0 450.0 -0.65802
750.0 450.0 -1.00209
850.0 450.0 -1.26186
950.0 450.0 -1.38865
1050.0 450.0 -1.35804
1150.0 450.0 -1.17898
1250.0 450.0 -0.89379
1350.0 450.0 -0.56923
1450.0 450.0 -0.27857
1550.0 450.0 -0.07462
1650.0 450.0 0.04614
1750.0 450.0 0.17171
1850.0 450.0 0.37961
1950.0 450.0 0.66477
2050.0 450.0 0.97294
2150.0 450.0 1.23398
2250.0 450.0 1.38662
2350.0 450.0 1.39453
2450.0 450.0 1.25377
2550.0 450.0 0.99165
2650.0 450.0 0.65687
2750.0 450.0 0.30116
2850.0 450.0 -0.04793
2950.0 450.0 -0.41398
3050.0 450.0 -0.80571
3150.0 450.0 -1.17585
3250.0 450.0 -1.45688
3350.0 450.0 -1.59129
3450.0 450.0 -1.55119
3550.0 450.0 -1.34737
3650.0 450.0 -1.02768
3750.0 450.0 -0.66485
3850.0 450.0 -0.33370
3950.0 450.0 -0.07776
4050.0 450.0 0.13405
4150.0 450.0 0.39926
4250.0 450.0 0.74717
4350.0 450.0 1.12947
4450.0 450.0 1.46568
4550.0 450.0 1.67823
4650.0 450.0 1.71643
4750.0 450.0 1.56910
4850.0 450.0 1.26598
4950.0 450.0 0.86800
5050.0 450.0 0.44615
5150.0 450.0 0.04928
5250.0 450.0 -0.33751
5350.0 450.0 -0.76720
5450.0 450.0 -1.22071
5550.0 450.0 -1.62579
5650.0 450.0 -1.90096
5750.0 450.0 -1.98687
5850.0 450.0 -1.86496
5950.0 450.0 -1.56347
6050.0 450.0 -1.15074
6150.0 450.0 -0.71580
6250.0 450.0 -0.33631
6350.0 450.0 -0.03377
50.0 550.0 0.74474
150.0 550.0 0.74506
250.0 550.0 0.60073
350.0 550.0 0.33229
450.0 550.0 -0.01407
550.0 550.0 -0.38273
650.0 550.0 -0.75923
750.0 550.0 -1.11135
850.0 550.0 -1.38449
950.0 550.0 -1.52904
1050.0 550.0 -1.51878
1150.0 550.0 -1.36036
1250.0 550.0 -1.09375
1350.0 550.0 -0.78374
1450.0 550.0 -0.50242
1550.0 550.0 -0.30265
1650.0 550.0 -0.18266
1750.0 550.0 -0.05770
1850.0 550.0 0.14759
1950.0 550.0 0.42743
2050.0 550.0 0.72773
2150.0 550.0 0.97918
2250.0 550.0 1.12164
2350.0 550.0 1.12001
2450.0 550.0 0.97145
2550.0 550.0 0.70402
2650.0 550.0 0.36670
2750.0 550.0 0.01084
2850.0 550.0 -0.33713
2950.0 550.0 -0.69999
3050.0 550.0 -1.08294
3150.0 550.0 -1.43742
3250.0 550.0 -1.69669
3350.0 550.0 -1.80539
3450.0 550.0 -1.73853
3550.0 550.0 -1.50995
3650.0 550.0 -1.17016
3750.0 550.0 -0.79365
3850.0 550.0 -0.45571
3950.0 550.0 -0.19856
4050.0 550.0 0.01237
4150.0 550.0 0.28170
4250.0 550.0 0.64504
4350.0 550.0 1.05625
4450.0 550.0 1.43360
4550.0 550.0 1.69576
4650.0 550.0 1.78668
4750.0 550.0 1.68919
4850.0 550.0 1.42757
4950.0 550.0 1.05880
5050.0 550.0 0.65278
5150.0 550.0 0.26124
5250.0 550.0 -0.12362
5350.0 550.0 -0.55186
5450.0 550.0 -1.00487
5550.0 550.0 -1.41071
5650.0 550.0 -1.68791
5750.0 550.0 -1.77692
5850.0 550.0 -1.65877
5950.0 550.0 -1.36114
6050.0 550.0 -0.95176
6150.0 550.0 -0.51916
6250.0 550.0 -0.14077
6350.0 550.0 0.16161
50.0 650.0 0.58286
150.0 650.0 0.60355
250.0 650.0 0.47262
350.0 650.0 0.21155
450.0 650.0 -0.13127
550.0 650.0 -0.49775
650.0 650.0 -0.87521
750.0 650.0 -1.23380
850.0 650.0 -1.51974
950.0 650.0 -1.68277
1050.0 650.0 -1.69494
1150.0 650.0 -1.56039
1250.0 650.0 -1.31627
1350.0 650.0 -1.02476
1450.0 650.0 -0.75610
1550.0 650.0 -0.56286
1650.0 650.0 -0.44512
1750.0 650.0 -0.32236
1850.0 650.0 -0.12197
1950.0 650.0 0.15016
2050.0 650.0 0.44139
2150.0 650.0 0.68445
2250.0 650.0 0.82111
2350.0 650.0 0.81757
2450.0 650.0 0.67144
2550.0 650.0 0.41030
2650.0 650.0 0.08198
2750.0 650.0 -0.26362
2850.0 650.0 -0.60109
2950.0 650.0 -0.95088
3050.0 650.0 -1.31434
3150.0 650.0 -1.64319
3250.0 650.0 -1.87374
3350.0 650.0 -1.95471
3450.0 650.0 -1.86492
3550.0 650.0 -1.62090
3650.0 650.0 -1.27419
3750.0 650.0 -0.89864
3850.0 650.0 -0.56744
3950.0 650.0 -0.32008
4050.0 650.0 -0.11961
4150.0 650.0 0.14095
4250.0 650.0 0.50106
4350.0 650.0 0.91839
4450.0 650.0 1.31363
4550.0 650.0 1.60574
4650.0 650.0 1.73652
4750.0 650.0 1.68450
4850.0 650.0 1.46828
4950.0 650.0 1.13913
5050.0 650.0 0.76299
5150.0 650.0 0.39185
5250.0 650.0 0.02424
5350.0 650.0 -0.38496
5450.0 650.0 -0.81703
5550.0 650.0 -1.20175
5650.0 650.0 -1.45994
5750.0 650.0 -1.53401
5850.0 650.0 -1.40606
5950.0 650.0 -1.10366
6050.0 650.0 -0.69335
6150.0 650.0 -0.26175
6250.0 650.0 0.11567
6350.0 650.0 0.41810
50.0 750.0 0.42448
150.0 750.0 0.45453
250.0 750.0 0.32918
350.0 750.0 0.07280
450.0 750.0 -0.26430
550.0 750.0 -0.62479
650.0 750.0 -0.99924
750.0 750.0 -1.36059
850.0 750.0 -1.65654
950.0 750.0 -1.83685
1050.0 750.0 -1.87218
1150.0 750.0 -1.76410
1250.0 750.0 -1.54648
1350.0 750.0 -1.27806
1450.0 750.0 -1.02639
1550.0 750.0 -0.84301
1650.0 750.0 -0.72991
1750.0 750.0 -0.61202
1850.0 750.0 -0.42080
1950.0 750.0 -0.16134
2050.0 750.0 0.11728
2150.0 750.0 0.35198
2250.0 750.0 0.48797
2350.0 750.0 0.49313
2450.0 750.0 0.36463
2550.0 750.0 0.12774
2650.0 750.0 -0.17318
2750.0 750.0 -0.49147
2850.0 750.0 -0.80283
2950.0 750.0 -1.12318
3050.0 750.0 -1.44957
3150.0 750.0 -1.73675
3250.0 750.0 -1.92780
3350.0 750.0 -1.97866
3450.0 750.0 -1.87342
3550.0 750.0 -1.63053
3650.0 750.0 -1.29977
3750.0 750.0 -0.95017
3850.0 750.0 -0.64864
3950.0 750.0 -0.42950
4050.0 750.0 -0.25552
4150.0 750.0 -0.02534
4250.0 750.0 0.30010
4350.0 750.0 0.68493
4450.0 750.0 1.05845
4550.0 750.0 1.34673
4650.0 750.0 1.49489
4750.0 750.0 1.48006
4850.0 750.0 1.31495
4950.0 750.0 1.04215
5050.0 750.0 0.71901
5150.0 750.0 0.39328
5250.0 750.0 0.06830
5350.0 750.0 -0.29367
5450.0 750.0 -0.67364
5550.0 750.0 -1.00557
5650.0 750.0 -1.21599
5750.0 750.0 -1.25226
5850.0 750.0 -1.09918
5950.0 750.0 -0.78420
6050.0 750.0 -0.37100
6150.0 750.0 0.05854
6250.0 750.0 0.43376
6350.0 750.0 0.73634
50.0 850.0 0.30278
150.0 850.0 0.32553
250.0 850.0 0.19411
350.0 850.0 -0.06206
450.0 850.0 -0.39147
550.0 850.0 -0.74186
650.0 850.0 -1.10845
750.0 850.0 -1.46702
850.0 850.0 -1.76740
950.0 850.0 -1.96025
1050.0 850.0 -2.01557
1150.0 850.0 -1.93276
1250.0 850.0 -1.74233
1350.0 850.0 -1.49913
1450.0 850.0 -1.26727
1550.0 850.0 -1.09654
1650.0 850.0 -0.99047
1750.0 850.0 -0.88041
1850.0 850.0 -0.70354
1950.0 850.0 -0.46342
2050.0 850.0 -0.20337
2150.0 850.0 0.02027
2250.0 850.0 0.15800
2350.0 850.0 0.18011
2450.0 850.0 0.08277
2550.0 850.0 -0.11278
2650.0 850.0 -0.36794
2750.0 850.0 -0.64128
2850.0 850.0 -0.91005
2950.0 850.0 -1.18370
3050.0 850.0 -1.45480
3150.0 850.0 -1.68407
3250.0 850.0 -1.82535
3350.0 850.0 -1.84497
3450.0 850.0 -1.73367
3550.0 850.0 -1.51088
3650.0 850.0 -1.22151
3750.0 850.0 -0.92521
3850.0 850.0 -0.67808
3950.0 850.0 -0.50687
4050.0 850.0 -0.37634
4150.0 850.0 -0.19962
4250.0 850.0 0.05728
4350.0 850.0 0.36777
4450.0 850.0 0.67630
4550.0 850.0 0.92342
4650.0 850.0 1.06356
4750.0 850.0 1.07564
4850.0 850.0 0.96649
4950.0 850.0 0.76696
5050.0 850.0 0.52092
5150.0 850.0 0.26702
5250.0 850.0 0.01139
5350.0 850.0 -0.27509
5450.0 850.0 -0.57398
5550.0 850.0 -0.82631
5650.0 850.0 -0.96746
5750.0 850.0 -0.95192
5850.0 850.0 -0.76786
5950.0 850.0 -0.44139
6050.0 850.0 -0.03051
6150.0 850.0 0.39111
6250.0 850.0 0.76070
6350.0 850.0 1.06318
50.0 950.0 0.25082
150.0 950.0 0.24668
250.0 950.0 0.09567
350.0 950.0 -0.16590
450.0 950.0 -0.48649
550.0 950.0 -0.82333
650.0 950.0 -1.17733
750.0 950.0 -1.52664
850.0 950.0 -1.82372
950.0 950.0 -2.02107
1050.0 950.0 -2.08904
1150.0 950.0 -2.02573
1250.0 950.0 -1.85876
1350.0 950.0 -1.63918
1450.0 950.0 -1.42730
1550.0 950.0 -1.27055
1650.0 950.0 -1.17333
1750.0 950.0 -1.07365
1850.0 950.0 -0.91614
1950.0 950.0 -0.70252
2050.0 950.0 -0.46852
2150.0 950.0 -0.26149
2250.0 950.0 -0.12375
2350.0 950.0 -0.08158
2450.0 950.0 -0.13988
2550.0 950.0 -0.28253
2650.0 950.0 -0.47837
2750.0 950.0 -0.69295
2850.0 950.0 -0.90574
2950.0 950.0 -1.11879
3050.0 950.0 -1.32027
3150.0 950.0 -1.47937
3250.0 950.0 -1.56386
3350.0 950.0 -1.55301
3450.0 950.0 -1.44510
3550.0 950.0 -1.25956
3650.0 950.0 -1.03369
3750.0 950.0 -0.81396
3850.0 950.0 -0.64194
3950.0 950.0 -0.53485
4050.0 950.0 -0.46160
4150.0 950.0 -0.35733
4250.0 950.0 -0.19712
4350.0 950.0 0.00386
4450.0 950.0 0.21063
4550.0 950.0 0.38436
4650.0 950.0 0.49386
4750.0 950.0 0.52273
4850.0 950.0 0.47203
4950.0 950.0 0.35854
5050.0 950.0 0.20871
5150.0 950.0 0.04801
5250.0 950.0 -0.11673
5350.0 950.0 -0.30664
5450.0 950.0 -0.50583
5550.0 950.0 -0.66493
5650.0 950.0 -0.73013
5750.0 950.0 -0.66381
5850.0 950.0 -0.45661
5950.0 950.0 -0.13084
6050.0 950.0 0.26458
6150.0 950.0 0.66782
6250.0 950.0 1.02643
6350.0 950.0 1.32817
50.0 1050.0 0.28917
150.0 1050.0 0.23935
250.0 1050.0 0.05592
350.0 1050.0 -0.21679
450.0 1050.0 -0.52847
550.0 1050.0 -0.84968
650.0 1050.0 -1.18739
750.0 1050.0 -1.52128
850.0 1050.0 -1.80662
950.0 1050.0 -1.99857
1050.0 1050.0 -2.06898
1150.0 1050.0 -2.01577
1250.0 1050.0 -1.86470
1350.0 1050.0 -1.66361
1450.0 1050.0 -1.46913
1550.0 1050.0 -1.32596
1650.0 1050.0 -1.23843
1750.0 1050.0 -1.15078
1850.0 1050.0 -1.01649
1950.0 1050.0 -0.83562
2050.0 1050.0 -0.63526
2150.0 1050.0 -0.45223
2250.0 1050.0 -0.32013
2350.0 1050.0 -0.26071
2450.0 1050.0 -0.27947
2550.0 1050.0 -0.36558
2650.0 1050.0 -0.49616
2750.0 1050.0 -0.64475
2850.0 1050.0 -0.79403
2950.0 1050.0 -0.93870
3050.0 1050.0 -1.06301
3150.0 1050.0 -1.14615
3250.0 1050.0 -1.17162
3350.0 1050.0 -1.13284
3450.0 1050.0 -1.03597
3550.0 1050.0 -0.89962
3650.0 1050.0 -0.75167
3750.0 1050.0 -0.62307
3850.0 1050.0 -0.53867
3950.0 1050.0 -0.50515
4050.0 1050.0 -0.49708
4150.0 1050.0 -0.47632
4250.0 1050.0 -0.42967
4350.0 1050.0 -0.35967
4450.0 1050.0 -0.27759
4550.0 1050.0 -0.19795
4650.0 1050.0 -0.13440
4750.0 1050.0 -0.09678
4850.0 1050.0 -0.08947
4950.0 1050.0 -0.11087
5050.0 1050.0 -0.15426
5150.0 1050.0 -0.20973
5250.0 1050.0 -0.27155
5350.0 1050.0 -0.35534
5450.0 1050.0 -0.45047
5550.0 1050.0 -0.51892
5650.0 1050.0 -0.51812
5750.0 1050.0 -0.41735
5850.0 1050.0 -0.20739
5950.0 1050.0 0.09637
6050.0 1050.0 0.45759
6150.0 1050.0 0.82924
6250.0 1050.0 1.17057
6350.0 1050.0 1.47066
50.0 1150.0 0.41906
150.0 1150.0 0.30941
250.0 1150.0 0.08404
350.0 1150.0 -0.20445
450.0 1150.0 -0.50816
550.0 1150.0 -0.81343
650.0 1150.0 -1.13291
750.0 1150.0 -1.44679
850.0 1150.0 -1.71300
950.0 1150.0 -1.88990
1050.0 1150.0 -1.95185
1150.0 1150.0 -1.89785
1250.0 1150.0 -1.75297
1350.0 1150.0 -1.56285
1450.0 1150.0 -1.38106
1550.0 1150.0 -1.24945
1650.0 1150.0 -1.17137
1750.0 1150.0 -1.09617
1850.0 1150.0 -0.98704
1950.0 1150.0 -0.84302
2050.0 1150.0 -0.68246
2150.0 1150.0 -0.53107
2250.0 1150.0 -0.41290
2350.0 1150.0 -0.34418
2450.0 1150.0 -0.33009
2550.0 1150.0 -0.36448
2650.0 1150.0 -0.43242
2750.0 1150.0 -0.51570
2850.0 1150.0 -0.60108
2950.0 1150.0 -0.67716
3050.0 1150.0 -0.72486
3150.0 1150.0 -0.73373
3250.0 1150.0 -0.70297
3350.0 1150.0 -0.64003
3450.0 1150.0 -0.55854
3550.0 1150.0 -0.47581
3650.0 1150.0 -0.40978
3750.0 1150.0 -0.37543
3850.0 1150.0 -0.38065
3950.0 1150.0 -0.42166
4050.0 1150.0 -0.47930
4150.0 1150.0 -0.54321
4250.0 1150.0 -0.61252
4350.0 1150.0 -0.67728
4450.0 1150.0 -0.72470
4550.0 1150.0 -0.74442
4650.0 1150.0 -0.73193
4750.0 1150.0 -0.68992
4850.0 1150.0 -0.62774
4950.0 1150.0 -0.55882
5050.0 1150.0 -0.49618
5150.0 1150.0 -0.44594
5250.0 1150.0 -0.40452
5350.0 1150.0 -0.38573
5450.0 1150.0 -0.38715
5550.0 1150.0 -0.38269
5650.0 1150.0 -0.33986
5750.0 1150.0 -0.23235
5850.0 1150.0 -0.04798
5950.0 1150.0 0.20805
6050.0 1150.0 0.51480
6150.0 1150.0 0.84174
6250.0 1150.0 1.15986
6350.0 1150.0 1.45733
50.0 1250.0 0.62111
150.0 1250.0 0.44530
250.0 1250.0 0.17390
350.0 1250.0 -0.13286
450.0 1250.0 -0.43039
550.0 1250.0 -0.72120
650.0 1250.0 -1.02272
750.0 1250.0 -1.31459
850.0 1250.0 -1.55700
950.0 1250.0 -1.71163
1050.0 1250.0 -1.75602
1150.0 1250.0 -1.69122
1250.0 1250.0 -1.54287
1350.0 1250.0 -1.35556
1450.0 1250.0 -1.18067
1550.0 1250.0 -1.05746
1650.0 1250.0 -0.98754
1750.0 1250.0 -0.92389
1850.0 1250.0 -0.83953
1950.0 1250.0 -0.73337
2050.0 1250.0 -0.61594
2150.0 1250.0 -0.50239
2250.0 1250.0 -0.40718
2350.0 1250.0 -0.34042
2450.0 1250.0 -0.30589
2550.0 1250.0 -0.30069
2650.0 1250.0 -0.31656
2750.0 1250.0 -0.34292
2850.0 1250.0 -0.37129
2950.0 1250.0 -0.38613
3050.0 1250.0 -0.36577
3150.0 1250.0 -0.30908
3250.0 1250.0 -0.22933
3350.0 1250.0 -0.14634
3450.0 1250.0 -0.08030
3550.0 1250.0 -0.04713
3650.0 1250.0 -0.05573
3750.0 1250.0 -0.10663
3850.0 1250.0 -0.19255
3950.0 1250.0 -0.30039
4050.0 1250.0 -0.41681
4150.0 1250.0 -0.55635
4250.0 1250.0 -0.72911
4350.0 1250.0 -0.91393
4450.0 1250.0 -1.07650
4550.0 1250.0 -1.18430
4650.0 1250.0 -1.21665
4750.0 1250.0 -1.16995
4850.0 1250.0 -1.05807
4950.0 1250.0 -0.90793
5050.0 1250.0 -0.75025
5150.0 1250.0 -0.60539
5250.0 1250.0 -0.47215
5350.0 1250.0 -0.36660
5450.0 1250.0 -0.29697
5550.0 1250.0 -0.24848
5650.0 1250.0 -0.19614
5750.0 1250.0 -0.11475
5850.0 1250.0 0.01413
5950.0 1250.0 0.19813
6050.0 1250.0 0.43314
6150.0 1250.0 0.70530
6250.0 1250.0 0.99603
6350.0 1250.0 1.29003
50.0 1350.0 0.85964
150.0 1350.0 0.62077
250.0 1350.0 0.30579
350.0 1350.0 -0.01900
450.0 1350.0 -0.31258
550.0 1350.0 -0.59198
650.0 1350.0 -0.87802
750.0 1350.0 -1.14901
850.0 1350.0 -1.36676
950.0 1350.0 -1.49599
1050.0 1350.0 -1.51751
1150.0 1350.0 -1.43504
1250.0 1350.0 -1.27568
1350.0 1350.0 -1.08411
1450.0 1350.0 -0.91049
1550.0 1350.0 -0.79202
1650.0 1350.0 -0.72816
1750.0 1350.0 -0.67400
1850.0 1350.0 -0.61169
1950.0 1350.0 -0.54102
2050.0 1350.0 -0.46640
2150.0 1350.0 -0.39400
2250.0 1350.0 -0.32961
2350.0 1350.0 -0.27710
2450.0 1350.0 -0.23773
2550.0 1350.0 -0.20999
2650.0 1350.0 -0.19030
2750.0 1350.0 -0.17427
2850.0 1350.0 -0.15851
2950.0 1350.0 -0.12571
3050.0 1350.0 -0.05221
3150.0 1350.0 0.05591
3250.0 1350.0 0.17444
3350.0 1350.0 0.27386
3450.0 1350.0 0.32885
3550.0 1350.0 0.32438
3650.0 1350.0 0.25856
3750.0 1350.0 0.14193
3850.0 1350.0 -0.00639
3950.0 1350.0 -0.16607
4050.0 1350.0 -0.32812
4150.0 1350.0 -0.52572
4250.0 1350.0 -0.77670
4350.0 1350.0 -1.05094
4450.0 1350.0 -1.29764
4550.0 1350.0 -1.46756
4650.0 1350.0 -1.52817
4750.0 1350.0 -1.47172
4850.0 1350.0 -1.31626
4950.0 1350.0 -1.09965
5050.0 1350.0 -0.86642
5150.0 1350.0 -0.64765
5250.0 1350.0 -0.44364
5350.0 1350.0 -0.27640
5450.0 1350.0 -0.16623
5550.0 1350.0 -0.10781
5650.0 1350.0 -0.08030
5750.0 1350.0 -0.05607
5850.0 1350.0 -0.00768
5950.0 1350.0 0.08669
6050.0 1350.0 0.23959
6150.0 1350.0 0.45221
6250.0 1350.0 0.71402
6350.0 1350.0 1.00404
50.0 1450.0 1.09254
150.0 1450.0 0.80245
250.0 1450.0 0.45229
350.0 1450.0 0.11236
450.0 1450.0 -0.17953
550.0 1450.0 -0.45154
650.0 1450.0 -0.72627
750.0 1450.0 -0.98037
850.0 1450.0 -1.17652
950.0 1450.0 -1.28181
1050.0 1450.0 -1.27995
1150.0 1450.0 -1.17732
1250.0 1450.0 -1.00296
1350.0 1450.0 -0.80247
1450.0 1450.0 -0.62571
1550.0 1450.0 -0.50853
1650.0 1450.0 -0.44826
1750.0 1450.0 -0.40077
1850.0 1450.0 -0.35601
1950.0 1450.0 -0.31554
2050.0 1450.0 -0.27987
2150.0 1450.0 -0.24852
2250.0 1450.0 -0.22013
2350.0 1450.0 -0.19280
2450.0 1450.0 -0.16435
2550.0 1450.0 -0.13277
2650.0 1450.0 -0.09672
2750.0 1450.0 -0.05613
2850.0 1450.0 -0.01257
2950.0 1450.0 0.05074
3050.0 1450.0 0.15900
3150.0 1450.0 0.30179
3250.0 1450.0 0.44789
3350.0 1450.0 0.56135
3450.0 1450.0 0.61318
3550.0 1450.0 0.58853
3650.0 1450.0 0.48948
3750.0 1450.0 0.33336
3850.0 1450.0 0.14666
3950.0 1450.0 -0.04554
4050.0 1450.0 -0.23646
4150.0 1450.0 -0.46948
4250.0 1450.0 -0.76572
4350.0 1450.0 -1.08890
4450.0 1450.0 -1.37818
4550.0 1450.0 -1.57477
4650.0 1450.0 -1.64002
4750.0 1450.0 -1.56505
4850.0 1450.0 -1.37192
4950.0 1450.0 -1.10630
5050.0 1450.0 -0.82171
5150.0 1450.0 -0.55521
5250.0 1450.0 -0.30699
5350.0 1450.0 -0.10748
5450.0 1450.0 0.01083
5550.0 1450.0 0.04644
5650.0 1450.0 0.01954
5750.0 1450.0 -0.03672
5850.0 1450.0 -0.08425
5950.0 1450.0 -0.08713
6050.0 1450.0 -0.01799
6150.0 1450.0 0.13648
6250.0 1450.0 0.37080
6350.0 1450.0 0.65677
50.0 1550.0 1.28676
150.0 1550.0 0.96205
250.0 1550.0 0.58829
350.0 1550.0 0.23771
450.0 1550.0 -0.05435
550.0 1550.0 -0.32294
650.0 1550.0 -0.59112
750.0 1550.0 -0.83386
850.0 1550.0 -1.01406
950.0 1550.0 -1.10034
1050.0 1550.0 -1.07853
1150.0 1550.0 -0.95729
1250.0 1550.0 -0.76762
1350.0 1550.0 -0.55641
1450.0 1550.0 -0.37395
1550.0 1550.0 -0.25544
1650.0 1550.0 -0.19645
1750.0 1550.0 -0.15276
1850.0 1550.0 -0.12047
1950.0 1550.0 -0.10361
2050.0 1550.0 -0.10094
2150.0 1550.0 -0.10773
2250.0 1550.0 -0.11739
2350.0 1550.0 -0.12293
2450.0 1550.0 -0.11823
2550.0 1550.0 -0.09915
2650.0 1550.0 -0.06439
2750.0 1550.0 -0.01626
2850.0 1550.0 0.03916
2950.0 1550.0 0.11629
3050.0 1550.0 0.24173
3150.0 1550.0 0.40357
3250.0 1550.0 0.56740
3350.0 1550.0 0.69394
3450.0 1550.0 0.75185
3550.0 1550.0 0.72551
3650.0 1550.0 0.61794
3750.0 1550.0 0.44886
3850.0 1550.0 0.24777
3950.0 1550.0 0.04211
4050.0 1550.0 -0.16126
4150.0 1550.0 -0.40735
4250.0 1550.0 -0.71607
4350.0 1550.0 -1.04763
4450.0 1550.0 -1.33751
4550.0 1550.0 -1.52450
4650.0 1550.0 -1.56964
4750.0 1550.0 -1.46609
4850.0 1550.0 -1.23986
4950.0 1550.0 -0.94153
5050.0 1550.0 -0.62884
5150.0 1550.0 -0.34015
5250.0 1550.0 -0.07356
5350.0 1550.0 0.13104
5450.0 1550.0 0.22988
5550.0 1550.0 0.21739
5650.0 1550.0 0.11615
5750.0 1550.0 -0.03315
5850.0 1550.0 -0.18124
5950.0 1550.0 -0.27943
6050.0 1550.0 -0.28826
6150.0 1550.0 -0.18581
6250.0 1550.0 0.02454
6350.0 1550.0 0.30673
50.0 1650.0 1.43932
150.0 1650.0 1.09333
250.0 1650.0 0.70523
350.0 1650.0 0.34775
450.0 1650.0 0.05449
550.0 1650.0 -0.21334
650.0 1650.0 -0.47842
750.0 1650.0 -0.71420
850.0 1650.0 -0.88348
950.0 1650.0 -0.95568
1050.0 1650.0 -0.91813
1150.0 1650.0 -0.78125
1250.0 1650.0 -0.57780
1350.0 1650.0 -0.35606
1450.0 1650.0 -0.16709
1550.0 1650.0 -0.04591
1650.0 1650.0 0.01326
1750.0 1650.0 0.05509
1850.0 1650.0 0.07857
1950.0 1650.0 0.07685
2050.0 1650.0 0.05151
2150.0 1650.0 0.00984
2250.0 1650.0 -0.03769
2350.0 1650.0 -0.07967
2450.0 1650.0 -0.10588
2550.0 1650.0 -0.10907
2650.0 1650.0 -0.08661
2750.0 1650.0 -0.04188
2850.0 1650.0 0.01494
2950.0 1650.0 0.09500
3050.0 1650.0 0.22629
3150.0 1650.0 0.39731
3250.0 1650.0 0.57296
3350.0 1650.0 0.71265
3450.0 1650.0 0.78344
3550.0 1650.0 0.76822
3650.0 1650.0 0.66894
3750.0 1650.0 0.50473
3850.0 1650.0 0.30521
3950.0 1650.0 0.09867
4050.0 1650.0 -0.10636
4150.0 1650.0 -0.35079
4250.0 1650.0 -0.65021
4350.0 1650.0 -0.96307
4450.0 1650.0 -1.22536
4550.0 1650.0 -1.37821
4650.0 1650.0 -1.38623
4750.0 1650.0 -1.24676
4850.0 1650.0 -0.98983
4950.0 1650.0 -0.66908
5050.0 1650.0 -0.34335
5150.0 1650.0 -0.04918
5250.0 1650.0 0.21892
5350.0 1650.0 0.41155
5450.0 1650.0 0.47481
5550.0 1650.0 0.40098
5650.0 1650.0 0.21673
5750.0 1650.0 -0.02877
5850.0 1650.0 -0.27534
5950.0 1650.0 -0.46292
6050.0 1650.0 -0.54233
6150.0 1650.0 -0.48557
6250.0 1650.0 -0.29582
6350.0 1650.0 -0.01706
50.0 1750.0 1.56742
150.0 1750.0 1.20570
250.0 1750.0 0.80735
350.0 1750.0 0.44486
450.0 1750.0 0.15024
550.0 1750.0 -0.11763
650.0 1750.0 -0.38037
750.0 1750.0 -0.60984
850.0 1750.0 -0.76861
950.0 1750.0 -0.82691
1050.0 1750.0 -0.77355
1150.0 1750.0 -0.62079
1250.0 1750.0 -0.40321
1350.0 1750.0 -0.17062
1450.0 1750.0 0.02503
1550.0 1750.0 0.14885
1650.0 1750.0 0.20800
1750.0 1750.0 0.24791
1850.0 1750.0 0.26302
1950.0 1750.0 0.24362
2050.0 1750.0 0.19119
2150.0 1750.0 0.11507
2250.0 1750.0 0.02920
2350.0 1750.0 -0.05083
2450.0 1750.0 -0.11062
2550.0 1750.0 -0.13957
2650.0 1750.0 -0.13331
2750.0 1750.0 -0.09591
2850.0 1750.0 -0.04146
2950.0 1750.0 0.03807
3050.0 1750.0 0.17281
3150.0 1750.0 0.35249
3250.0 1750.0 0.54176
3350.0 1750.0 0.69873
3450.0 1750.0 0.78846
3550.0 1750.0 0.79156
3650.0 1750.0 0.70773
3750.0 1750.0 0.55445
3850.0 1750.0 0.36061
3950.0 1750.0 0.15524
4050.0 1750.0 -0.05039
4150.0 1750.0 -0.29121
4250.0 1750.0 -0.57778
4350.0 1750.0 -0.86717
4450.0 1750.0 -1.09681
4550.0 1750.0 -1.21122
4650.0 1750.0 -1.17946
4750.0 1750.0 -1.00355
4850.0 1750.0 -0.71760
4950.0 1750.0 -0.37788
5050.0 1750.0 -0.04368
5150.0 1750.0 0.25099
5250.0 1750.0 0.51562
5350.0 1750.0 0.69171
5450.0 1750.0 0.71563
5550.0 1750.0 0.57780
5650.0 1750.0 0.30905
5750.0 1750.0 -0.03313
5850.0 1750.0 -0.37802
5950.0 1750.0 -0.65471
6050.0 1750.0 -0.80481
6150.0 1750.0 -0.79472
6250.0 1750.0 -0.62768
6350.0 1750.0 -0.35527
50.0 1850.0 1.62717
150.0 1850.0 1.26335
250.0 1850.0 0.86534
350.0 1850.0 0.50311
450.0 1850.0 0.20725
550.0 1850.0 -0.06214
650.0 1850.0 -0.32317
750.0 1850.0 -0.54564
850.0 1850.0 -0.69185
950.0 1850.0 -0.73319
1050.0 1850.0 -0.66048
1150.0 1850.0 -0.48843
1250.0 1850.0 -0.25406
1350.0 1850.0 -0.00915
1450.0 1850.0 0.19328
1550.0 1850.0 0.31852
1650.0 1850.0 0.37561
1750.0 1850.0 0.41177
1850.0 1850.0 0.41807
1950.0 1850.0 0.38193
2050.0 1850.0 0.30400
2150.0 1850.0 0.19458
2250.0 1850.0 0.07015
2350.0 1850.0 -0.05018
2450.0 1850.0 -0.14803
2550.0 1850.0 -0.20918
2650.0 1850.0 -0.22689
2750.0 1850.0 -0.20518
2850.0 1850.0 -0.16150
2950.0 1850.0 -0.08945
3050.0 1850.0 0.04637
3150.0 1850.0 0.23855
3250.0 1850.0 0.45165
3350.0 1850.0 0.64129
3450.0 1850.0 0.76836
3550.0 1850.0 0.80836
3650.0 1850.0 0.75591
3750.0 1850.0 0.62440
3850.0 1850.0 0.44073
3950.0 1850.0 0.23527
4050.0 1850.0 0.02524
4150.0 1850.0 -0.21519
4250.0 1850.0 -0.49090
4350.0 1850.0 -0.75789
4450.0 1850.0 -0.95579
4550.0 1850.0 -1.03333
4650.0 1850.0 -0.96472
4750.0 1850.0 -0.75702
4850.0 1850.0 -0.44841
4950.0 1850.0 -0.09747
5050.0 1850.0 0.23664
5150.0 1850.0 0.52298
5250.0 1850.0 0.77559
5350.0 1850.0 0.92893
5450.0 1850.0 0.91105
5550.0 1850.0 0.71025
5650.0 1850.0 0.36026
5750.0 1850.0 -0.07484
5850.0 1850.0 -0.51556
5950.0 1850.0 -0.88164
6050.0 1850.0 -1.10639
6150.0 1850.0 -1.15087
6250.0 1850.0 -1.01773
6350.0 1850.0 -0.76489
50.0 1950.0 1.58668
150.0 1950.0 1.24228
250.0 1950.0 0.86112
350.0 1950.0 0.50738
450.0 1950.0 0.21061
550.0 1950.0 -0.06245
650.0 1950.0 -0.32310
750.0 1950.0 -0.53852
850.0 1950.0 -0.67083
950.0 1950.0 -0.69288
1050.0 1950.0 -0.59809
1150.0 1950.0 -0.40426
1250.0 1950.0 -0.15139
1350.0 1950.0 0.10633
1450.0 1950.0 0.31462
1550.0 1950.0 0.43908
1650.0 1950.0 0.49114
1750.0 1950.0 0.52120
1850.0 1950.0 0.51938
1950.0 1950.0 0.47073
2050.0 1950.0 0.37396
2150.0 1950.0 0.23852
2250.0 1950.0 0.08139
2350.0 1950.0 -0.07639
2450.0 1950.0 -0.21345
2550.0 1950.0 -0.31207
2650.0 1950.0 -0.36253
2750.0 1950.0 -0.36757
2850.0 1950.0 -0.34662
2950.0 1950.0 -0.29237
3050.0 1950.0 -0.16056
3150.0 1950.0 0.04635
3250.0 1950.0 0.29313
3350.0 1950.0 0.53164
3450.0 1950.0 0.71609
3550.0 1950.0 0.81364
3650.0 1950.0 0.81035
3750.0 1950.0 0.71256
3850.0 1950.0 0.54353
3950.0 1950.0 0.33560
4050.0 1950.0 0.11566
4150.0 1950.0 -0.12916
4250.0 1950.0 -0.39742
4350.0 1950.0 -0.64455
4450.0 1950.0 -0.81339
4550.0 1950.0 -0.85796
4650.0 1950.0 -0.75840
4750.0 1950.0 -0.52714
4850.0 1950.0 -0.20626
4950.0 1950.0 0.14397
5050.0 1950.0 0.46531
5150.0 1950.0 0.73060
5250.0 1950.0 0.95917
5350.0 1950.0 1.08296
5450.0 1950.0 1.02500
5550.0 1950.0 0.77137
5650.0 1950.0 0.35635
5750.0 1950.0 -0.15308
5850.0 1950.0 -0.67270
5950.0 1950.0 -1.11651
6050.0 1950.0 -1.41215
6150.0 1950.0 -1.51637
6250.0 1950.0 -1.43044
6350.0 1950.0 -1.21556
50.0 2050.0 1.44339
150.0 2050.0 1.14248
250.0 2050.0 0.79638
350.0 2050.0 0.46018
450.0 2050.0 0.16301
550.0 2050.0 -0.11590
650.0 2050.0 -0.37798
750.0 2050.0 -0.58761
850.0 2050.0 -0.70674
950.0 2050.0 -0.70993
1050.0 2050.0 -0.59347
1150.0 2050.0 -0.37850
1250.0 2050.0 -0.10825
1350.0 2050.0 0.16059
1450.0 2050.0 0.37245
1550.0 2050.0 0.49336
1650.0 2050.0 0.53733
1750.0 2050.0 0.55929
1850.0 2050.0 0.55180
1950.0 2050.0 0.49866
2050.0 2050.0 0.39557
2150.0 2050.0 0.24875
2250.0 2050.0 0.07294
2350.0 2050.0 -0.11143
2450.0 2050.0 -0.28184
2550.0 2050.0 -0.41796
2650.0 2050.0 -0.50676
2750.0 2050.0 -0.54837
2850.0 2050.0 -0.56188
2950.0 2050.0 -0.53627
3050.0 2050.0 -0.41573
3150.0 2050.0 -0.19620
3250.0 2050.0 0.08771
3350.0 2050.0 0.38345
3450.0 2050.0 0.63692
3550.0 2050.0 0.80463
3650.0 2050.0 0.86153
3750.0 2050.0 0.80458
3850.0 2050.0 0.65203
3950.0 2050.0 0.43843
4050.0 2050.0 0.20310
4150.0 2050.0 -0.05109
4250.0 2050.0 -0.31603
4350.0 2050.0 -0.54715
4450.0 2050.0 -0.69145
4550.0 2050.0 -0.70910
4650.0 2050.0 -0.58671
4750.0 2050.0 -0.34216
4850.0 2050.0 -0.02102
4950.0 2050.0 0.31549
5050.0 2050.0 0.61091
5150.0 2050.0 0.84238
5250.0 2050.0 1.03528
5350.0 2050.0 1.12548
5450.0 2050.0 1.03611
5550.0 2050.0 0.75128
5650.0 2050.0 0.30261
5750.0 2050.0 -0.24520
5850.0 2050.0 -0.80915
5950.0 2050.0 -1.30312
6050.0 2050.0 -1.65336
6150.0 2050.0 -1.81441
6250.0 2050.0 -1.78525
6350.0 2050.0 -1.62596
50.0 2150.0 1.21770
150.0 2150.0 0.98191
250.0 2150.0 0.68693
350.0 2150.0 0.37624
450.0 2150.0 0.07932
550.0 2150.0 -0.20718
650.0 2150.0 -0.47270
750.0 2150.0 -0.67902
850.0 2150.0 -0.78802
950.0 2150.0 -0.77598
1050.0 2150.0 -0.64190
1150.0 2150.0 -0.41005
1250.0 2150.0 -0.12663
1350.0 2150.0 0.14941
1450.0 2150.0 0.36143
1550.0 2150.0 0.47595
1650.0 2150.0 0.50941
1750.0 2150.0 0.52213
1850.0 2150.0 0.51296
1950.0 2150.0 0.46609
2050.0 2150.0 0.37328
2150.0 2150.0 0.23521
2250.0 2150.0 0.06130
2350.0 2150.0 -0.13171
2450.0 2150.0 -0.32261
2550.0 2150.0 -0.48995
2650.0 2150.0 -0.61763
2750.0 2150.0 -0.70186
2850.0 2150.0 -0.75868
2950.0 2150.0 -0.77063
3050.0 2150.0 -0.66958
3150.0 2150.0 -0.44429
3250.0 2150.0 -0.12821
3350.0 2150.0 0.22186
3450.0 2150.0 0.54328
3550.0 2150.0 0.78128
3650.0 2150.0 0.89878
3750.0 2150.0 0.88241
3850.0 2150.0 0.74460
3950.0 2150.0 0.52194
4050.0 2150.0 0.26698
4150.0 2150.0 -0.00067
4250.0 2150.0 -0.26632
4350.0 2150.0 -0.48600
4450.0 2150.0 -0.61142
4550.0 2150.0 -0.60938
4650.0 2150.0 -0.47309
4750.0 2150.0 -0.22562
4850.0 2150.0 0.08457
4950.0 2150.0 0.39604
5050.0 2150.0 0.65480
5150.0 2150.0 0.84257
5250.0 2150.0 0.99127
5350.0 2150.0 1.04810
5450.0 2150.0 0.94234
5550.0 2150.0 0.65668
5650.0 2150.0 0.21673
5750.0 2150.0 -0.32094
5850.0 2150.0 -0.88146
5950.0 2150.0 -1.38531
6050.0 2150.0 -1.76264
6150.0 2150.0 -1.96855
6250.0 2150.0 -1.99908
6350.0 2150.0 -1.90808
50.0 2250.0 0.94606
150.0 2250.0 0.79036
250.0 2250.0 0.55733
350.0 2250.0 0.27750
450.0 2250.0 -0.01854
550.0 2250.0 -0.31358
650.0 2250.0 -0.58434
750.0 2250.0 -0.79059
850.0 2250.0 -0.89429
950.0 2250.0 -0.87313
1050.0 2250.0 -0.72835
1150.0 2250.0 -0.48670
1250.0 2250.0 -0.19663
1350.0 2250.0 0.08123
1450.0 2250.0 0.28954
1550.0 2250.0 0.39532
1650.0 2250.0 0.41693
1750.0 2250.0 0.42037
1850.0 2250.0 0.41431
1950.0 2250.0 0.38507
2050.0 2250.0 0.32007
2150.0 2250.0 0.21246
2250.0 2250.0 0.06361
2350.0 2250.0 -0.11640
2450.0 2250.0 -0.31036
2550.0 2250.0 -0.49757
2650.0 2250.0 -0.65947
2750.0 2250.0 -0.78747
2850.0 2250.0 -0.89178
2950.0 2250.0 -0.94658
3050.0 2250.0 -0.87262
3150.0 2250.0 -0.65181
3250.0 2250.0 -0.31601
3350.0 2250.0 0.07472
3450.0 2250.0 0.45045
3550.0 2250.0 0.74630
3650.0 2250.0 0.91412
3750.0 2250.0 0.93069
3850.0 2250.0 0.80264
3950.0 2250.0 0.56796
4050.0 2250.0 0.29123
4150.0 2250.0 0.00771
4250.0 2250.0 -0.26184
4350.0 2250.0 -0.47442
4450.0 2250.0 -0.58670
4550.0 2250.0 -0.57201
4650.0 2250.0 -0.42982
4750.0 2250.0 -0.18787
4850.0 2250.0 0.10310
4950.0 2250.0 0.38213
5050.0 2250.0 0.59803
5150.0 2250.0 0.73701
5250.0 2250.0 0.83774
5350.0 2250.0 0.86563
5450.0 2250.0 0.76195
5550.0 2250.0 0.50875
5650.0 2250.0 0.12270
5750.0 2250.0 -0.35310
5850.0 2250.0 -0.85846
5950.0 2250.0 -1.32693
6050.0 2250.0 -1.69787
6150.0 2250.0 -1.92994
6250.0 2250.0 -2.01583
6350.0 2250.0 -1.99840
50.0 2350.0 0.67353
150.0 2350.0 0.60327
250.0 2350.0 0.43562
350.0 2350.0 0.18832
450.0 2350.0 -0.10634
550.0 2350.0 -0.40990
650.0 2350.0 -0.68713
750.0 2350.0 -0.89662
850.0 2350.0 -1.00048
950.0 2350.0 -0.97746
1050.0 2350.0 -0.83022
1150.0 2350.0 -0.58704
1250.0 2350.0 -0.29771
1350.0 2350.0 -0.02367
1450.0 2350.0 0.17744
1550.0 2350.0 0.27309
1650.0 2350.0 0.28284
1750.0 2350.0 0.27803
1850.0 2350.0 0.27960
1950.0 2350.0 0.27757
2050.0 2350.0 0.25506
2150.0 2350.0 0.19658
2250.0 2350.0 0.09355
2350.0 2350.0 -0.05290
2450.0 2350.0 -0.23179
2550.0 2350.0 -0.42497
2650.0 2350.0 -0.61240
2750.0 2350.0 -0.78027
2850.0 2350.0 -0.93088
2950.0 2350.0 -1.02921
3050.0 2350.0 -0.98768
3150.0 2350.0 -0.78276
3250.0 2350.0 -0.44431
3350.0 2350.0 -0.03408
3450.0 2350.0 0.37305
3550.0 2350.0 0.70480
3650.0 2350.0 0.90444
3750.0 2350.0 0.94082
3850.0 2350.0 0.81546
3950.0 2350.0 0.56686
4050.0 2350.0 0.26867
4150.0 2350.0 -0.03097
4250.0 2350.0 -0.30609
4350.0 2350.0 -0.51482
4450.0 2350.0 -0.61852
4550.0 2350.0 -0.59652
4650.0 2350.0 -0.45386
4750.0 2350.0 -0.22225
4850.0 2350.0 0.04591
4950.0 2350.0 0.29041
5050.0 2350.0 0.46294
5150.0 2350.0 0.55377
5250.0 2350.0 0.60821
5350.0 2350.0 0.61473
5450.0 2350.0 0.53100
5550.0 2350.0 0.33932
5650.0 2350.0 0.04549
5750.0 2350.0 -0.32458
5850.0 2350.0 -0.73016
5950.0 2350.0 -1.12280
6050.0 2350.0 -1.45523
6150.0 2350.0 -1.69219
6250.0 2350.0 -1.82301
6350.0 2350.0 -1.87613
50.0 2450.0 0.44576
150.0 2450.0 0.45538
250.0 2450.0 0.34832
350.0 2450.0 0.13114
450.0 2450.0 -0.16190
550.0 2450.0 -0.47300
650.0 2450.0 -0.75707
750.0 2450.0 -0.97239
850.0 2450.0 -1.08134
950.0 2450.0 -1.06319
1050.0 2450.0 -0.92121
1150.0 2450.0 -0.68415
1250.0 2450.0 -0.40209
1350.0 2450.0 -0.13654
1450.0 2450.0 0.05504
1550.0 2450.0 0.14047
1650.0 2450.0 0.13971
1750.0 2450.0 0.12852
1850.0 2450.0 0.14097
1950.0 2450.0 0.17175
2050.0 2450.0 0.20022
2150.0 2450.0 0.20222
2250.0 2450.0 0.15864
2350.0 2450.0 0.06062
2450.0 2450.0 -0.08844
2550.0 2450.0 -0.27430
2650.0 2450.0 -0.47645
2750.0 2450.0 -0.67613
2850.0 2450.0 -0.86669
2950.0 2450.0 -1.00437
3050.0 2450.0 -0.99718
3150.0 2450.0 -0.81809
3250.0 2450.0 -0.49486
3350.0 2450.0 -0.08909
3450.0 2450.0 0.32236
3550.0 2450.0 0.66341
3650.0 2450.0 0.87229
3750.0 2450.0 0.91273
3850.0 2450.0 0.78248
3950.0 2450.0 0.51956
4050.0 2450.0 0.20266
4150.0 2450.0 -0.11114
4250.0 2450.0 -0.39159
4350.0 2450.0 -0.59787
4450.0 2450.0 -0.69537
4550.0 2450.0 -0.66847
4650.0 2450.0 -0.52692
4750.0 2450.0 -0.30569
4850.0 2450.0 -0.05847
4950.0 2450.0 0.15528
5050.0 2450.0 0.28978
5150.0 2450.0 0.33873
5250.0 2450.0 0.35365
5350.0 2450.0 0.34784
5450.0 2450.0 0.29731
5550.0 2450.0 0.18534
5650.0 2450.0 0.00649
5750.0 2450.0 -0.23186
5850.0 2450.0 -0.51033
5950.0 2450.0 -0.80065
6050.0 2450.0 -1.07105
6150.0 2450.0 -1.29384
6250.0 2450.0 -1.45539
6350.0 2450.0 -1.56835
50.0 2550.0 0.30044
150.0 2550.0 0.37428
250.0 2550.0 0.31554
350.0 2550.0 0.12236
450.0 2550.0 -0.16914
550.0 2550.0 -0.48600
650.0 2550.0 -0.77631
750.0 2550.0 -0.99880
850.0 2550.0 -1.11614
950.0 2550.0 -1.10766
1050.0 2550.0 -0.97645
1150.0 2550.0 -0.75087
1250.0 2550.0 -0.48043
1350.0 2550.0 -0.22602
1450.0 2550.0 -0.04461
1550.0 2550.0 0.03187
1650.0 2550.0 0.02307
1750.0 2550.0 0.00785
1850.0 2550.0 0.03240
1950.0 2550.0 0.09631
2050.0 2550.0 0.17607
2150.0 2550.0 0.23998
2250.0 2550.0 0.25925
2350.0 2550.0 0.21550
2450.0 2550.0 0.10442
2550.0 2550.0 -0.06424
2650.0 2550.0 -0.27041
2750.0 2550.0 -0.49120
2850.0 2550.0 -0.71137
2950.0 2550.0 -0.88014
3050.0 2550.0 -0.90521
3150.0 2550.0 -0.75832
3250.0 2550.0 -0.46524
3350.0 2550.0 -0.08574
3450.0 2550.0 0.30437
3550.0 2550.0 0.62893
3650.0 2550.0 0.82502
3750.0 2550.0 0.85442
3850.0 2550.0 0.71278
3950.0 2550.0 0.43677
4050.0 2550.0 0.10581
4150.0 2550.0 -0.21828
4250.0 2550.0 -0.50192
4350.0 2550.0 -0.70494
4450.0 2550.0 -0.79583
4550.0 2550.0 -0.76295
4650.0 2550.0 -0.61980
4750.0 2550.0 -0.40406
4850.0 2550.0 -0.17064
4950.0 2550.0 0.02142
5050.0 2550.0 0.12816
5150.0 2550.0 0.14599
5250.0 2550.0 0.13197
5350.0 2550.0 0.12246
5450.0 2550.0 0.11084
5550.0 2550.0 0.08172
5650.0 2550.0 0.01970
5750.0 2550.0 -0.08483
5850.0 2550.0 -0.23244
5950.0 2550.0 -0.41400
6050.0 2550.0 -0.61271
6150.0 2550.0 -0.80859
6250.0 2550.0 -0.98574
6350.0 2550.0 -1.14213
50.0 2650.0 0.25821
150.0 2650.0 0.37389
250.0 2650.0 0.34633
350.0 2650.0 0.16863
450.0 2650.0 -0.12169
550.0 2650.0 -0.44210
650.0 2650.0 -0.73725
750.0 2650.0 -0.96678
850.0 2650.0 -1.09365
950.0 2650.0 -1.09689
1050.0 2650.0 -0.97888
1150.0 2650.0 -0.76695
1250.0 2650.0 -0.50953
1350.0 2650.0 -0.26650
1450.0 2650.0 -0.09413
1550.0 2650.0 -0.02429
1650.0 2650.0 -0.03808
1750.0 2650.0 -0.05496
1850.0 2650.0 -0.01923
1950.0 2650.0 0.07301
2050.0 2650.0 0.19652
2150.0 2650.0 0.31398
2250.0 2650.0 0.38911
2350.0 2650.0 0.39574
2450.0 2650.0 0.32297
2550.0 2650.0 0.17628
2650.0 2650.0 -0.02530
2750.0 2650.0 -0.25602
2850.0 2650.0 -0.49357
2950.0 2650.0 -0.68276
3050.0 2650.0 -0.73463
3150.0 2650.0 -0.62170
3250.0 2650.0 -0.36809
3350.0 2650.0 -0.03050
3450.0 2650.0 0.31873
3550.0 2650.0 0.60659
3650.0 2650.0 0.77248
3750.0 2650.0 0.77917
3850.0 2650.0 0.62188
3950.0 2650.0 0.33533
4050.0 2650.0 -0.00405
4150.0 2650.0 -0.33352
4250.0 2650.0 -0.61675
4350.0 2650.0 -0.81376
4450.0 2650.0 -0.89506
4550.0 2650.0 -0.85194
4650.0 2650.0 -0.70087
4750.0 2650.0 -0.48193
4850.0 2650.0 -0.25147
4950.0 2650.0 -0.06874
5050.0 2650.0 0.02329
5150.0 2650.0 0.02307
5250.0 2650.0 -0.00762
5350.0 2650.0 -0.01418
5450.0 2650.0 0.01049
5550.0 2650.0 0.05244
5650.0 2650.0 0.08880
5750.0 2650.0 0.09692
5850.0 2650.0 0.06066
5950.0 2650.0 -0.02602
6050.0 2650.0 -0.15841
6150.0 2650.0 -0.32305
6250.0 2650.0 -0.50263
6350.0 2650.0 -0.68367
50.0 2750.0 0.31301
150.0 2750.0 0.44778
250.0 2750.0 0.43420
350.0 2750.0 0.26343
450.0 2750.0 -0.02620
550.0 2750.0 -0.34809
650.0 2750.0 -0.64636
750.0 2750.0 -0.88174
850.0 2750.0 -1.01742
950.0 2750.0 -1.03195
1050.0 2750.0 -0.92670
1150.0 2750.0 -0.72778
1250.0 2750.0 -0.48228
1350.0 2750.0 -0.24900
1450.0 2750.0 -0.08351
1550.0 2750.0 -0.01768
1650.0 2750.0 -0.03357
1750.0 2750.0 -0.05022
1850.0 2750.0 -0.00565
1950.0 2750.0 0.10729
2050.0 2750.0 0.26266
2150.0 2750.0 0.41976
2250.0 2750.0 0.53740
2350.0 2750.0 0.58405
2450.0 2750.0 0.54397
2550.0 2750.0 0.41919
2650.0 2750.0 0.22745
2750.0 2750.0 -0.00396
2850.0 2750.0 -0.24781
2950.0 2750.0 -0.44721
3050.0 2750.0 -0.51898
3150.0 2750.0 -0.43796
3250.0 2750.0 -0.22698
3350.0 2750.0 0.06091
3450.0 2750.0 0.35839
3550.0 2750.0 0.59778
3650.0 2750.0 0.72316
3750.0 2750.0 0.70050
3850.0 2750.0 0.52586
3950.0 2750.0 0.23178
4050.0 2750.0 -0.11084
4150.0 2750.0 -0.44098
4250.0 2750.0 -0.71991
4350.0 2750.0 -0.90724
4450.0 2750.0 -0.97467
4550.0 2750.0 -0.91558
4650.0 2750.0 -0.74889
4750.0 2750.0 -0.51704
4850.0 2750.0 -0.27818
4950.0 2750.0 -0.09249
5050.0 2750.0 -0.00274
5150.0 2750.0 -0.00897
5250.0 2750.0 -0.04536
5350.0 2750.0 -0.04521
5450.0 2750.0 0.00746
5550.0 2750.0 0.09992
5650.0 2750.0 0.20484
5750.0 2750.0 0.29143
5850.0 2750.0 0.33367
5950.0 2750.0 0.31563
6050.0 2750.0 0.23402
6150.0 2750.0 0.09775
6250.0 2750.0 -0.07528
6350.0 2750.0 -0.26436
50.0 2850.0 0.42199
150.0 2850.0 0.56236
250.0 2850.0 0.55267
350.0 2850.0 0.38384
450.0 2850.0 0.09463
550.0 2850.0 -0.22753
650.0 2850.0 -0.52773
750.0 2850.0 -0.76784
850.0 2850.0 -0.91123
950.0 2850.0 -0.93590
1050.0 2850.0 -0.84219
1150.0 2850.0 -0.65493
1250.0 2850.0 -0.41990
1350.0 2850.0 -0.19480
1450.0 2850.0 -0.03456
1550.0 2850.0 0.02890
1650.0 2850.0 0.01253
1750.0 2850.0 -0.00294
1850.0 2850.0 0.04860
1950.0 2850.0 0.17675
2050.0 2850.0 0.35545
2150.0 2850.0 0.54201
2250.0 2850.0 0.69204
2350.0 2850.0 0.77031
2450.0 2850.0 0.75749
2550.0 2850.0 0.65286
2650.0 2850.0 0.47283
2750.0 2850.0 0.24548
2850.0 2850.0 0.00142
2950.0 2850.0 -0.20231
3050.0 2850.0 -0.28936
3150.0 2850.0 -0.23754
3250.0 2850.0 -0.06871
3350.0 2850.0 0.16792
3450.0 2850.0 0.41057
3550.0 2850.0 0.59776
3650.0 2850.0 0.67926
3750.0 2850.0 0.62521
3850.0 2850.0 0.43319
3950.0 2850.0 0.13352
4050.0 2850.0 -0.20949
4150.0 2850.0 -0.53764
4250.0 2850.0 -0.80987
4350.0 2850.0 -0.98510
4450.0 2850.0 -1.03572
4550.0 2850.0 -0.95682
4650.0 2850.0 -0.76959
4750.0 2850.0 -0.51884
4850.0 2850.0 -0.26482
4950.0 2850.0 -0.06908
5050.0 2850.0 0.02536
5150.0 2850.0 0.01974
5250.0 2850.0 -0.01644
5350.0 2850.0 -0.00848
5450.0 2850.0 0.06519
5550.0 2850.0 0.19281
5650.0 2850.0 0.34456
5750.0 2850.0 0.48477
5850.0 2850.0 0.58128
5950.0 2850.0 0.61195
6050.0 2850.0 0.56827
6150.0 2850.0 0.45603
6250.0 2850.0 0.29326
6350.0 2850.0 0.10512
50.0 2950.0 0.51213
150.0 2950.0 0.65326
250.0 2950.0 0.64564
350.0 2950.0 0.48053
450.0 2950.0 0.19640
550.0 2950.0 -0.12060
650.0 2950.0 -0.41835
750.0 2950.0 -0.66085
850.0 2950.0 -0.81219
950.0 2950.0 -0.84990
1050.0 2950.0 -0.77281
1150.0 2950.0 -0.60357
1250.0 2950.0 -0.38546
1350.0 2950.0 -0.17385
1450.0 2950.0 -0.02200
1550.0 2950.0 0.03849
1650.0 2950.0 0.02294
1750.0 2950.0 0.01018
1850.0 2950.0 0.06976
1950.0 2950.0 0.21375
2050.0 2950.0 0.41630
2150.0 2950.0 0.63313
2250.0 2950.0 0.81701
2350.0 2950.0 0.92920
2450.0 2950.0 0.94682
2550.0 2950.0 0.86621
2650.0 2950.0 0.70217
2750.0 2950.0 0.48324
2850.0 2950.0 0.24333
2950.0 2950.0 0.03991
3050.0 2950.0 -0.05702
3150.0 2950.0 -0.02846
3250.0 2950.0 0.10416
3350.0 2950.0 0.29480
3450.0 2950.0 0.48674
3550.0 2950.0 0.62445
3650.0 2950.0 0.66351
3750.0 2950.0 0.57854
3850.0 2950.0 0.36913
3950.0 2950.0 0.06384
4050.0 2950.0 -0.27949
4150.0 2950.0 -0.60592
4250.0 2950.0 -0.87261
4350.0 2950.0 -1.03803
4450.0 2950.0 -1.07538
4550.0 2950.0 -0.98128
4650.0 2950.0 -0.77879
4750.0 2950.0 -0.51460
4850.0 2950.0 -0.25045
4950.0 2950.0 -0.04876
5050.0 2950.0 0.04746
5150.0 2950.0 0.04057
5250.0 2950.0 0.00290
5350.0 2950.0 0.01559
5450.0 2950.0 0.10519
5550.0 2950.0 0.26132
5650.0 2950.0 0.45256
5750.0 2950.0 0.63946
5850.0 2950.0 0.78475
5950.0 2950.0 0.86070
6050.0 2950.0 0.85380
6150.0 2950.0 0.76654
6250.0 2950.0 0.61646
6350.0 2950.0 0.43243
50.0 3050.0 0.53396
150.0 3050.0 0.66532
250.0 3050.0 0.65724
350.0 3050.0 0.50241
450.0 3050.0 0.23716
550.0 3050.0 -0.05906
650.0 3050.0 -0.34147
750.0 3050.0 -0.57898
850.0 3050.0 -0.73804
950.0 3050.0 -0.79594
1050.0 3050.0 -0.74884
1150.0 3050.0 -0.61478
1250.0 3050.0 -0.43128
1350.0 3050.0 -0.24787
1450.0 3050.0 -0.11330
1550.0 3050.0 -0.05761
1650.0 3050.0 -0.06892
1750.0 3050.0 -0.07487
1850.0 3050.0 -0.00439
1950.0 3050.0 0.15713
2050.0 3050.0 0.38483
2150.0 3050.0 0.63385
2250.0 3050.0 0.85504
2350.0 3050.0 1.00669
2450.0 3050.0 1.06247
2550.0 3050.0 1.01539
2650.0 3050.0 0.87797
2750.0 3050.0 0.67846
2850.0 3050.0 0.45363
2950.0 3050.0 0.26254
3050.0 3050.0 0.17035
3150.0 3050.0 0.19244
3250.0 3050.0 0.30623
3350.0 3050.0 0.46696
3450.0 3050.0 0.62133
3550.0 3050.0 0.71882
3650.0 3050.0 0.72072
3750.0 3050.0 0.60686
3850.0 3050.0 0.38012
3950.0 3050.0 0.06859
4050.0 3050.0 -0.27570
4150.0 3050.0 -0.60180
4250.0 3050.0 -0.86638
4350.0 3050.0 -1.02846
4450.0 3050.0 -1.06238
4550.0 3050.0 -0.96604
4650.0 3050.0 -0.76351
4750.0 3050.0 -0.50197
4850.0 3050.0 -0.24307
4950.0 3050.0 -0.04864
5050.0 3050.0 0.03921
5150.0 3050.0 0.02369
5250.0 3050.0 -0.02221
5350.0 3050.0 -0.01420
5450.0 3050.0 0.07827
5550.0 3050.0 0.24737
5650.0 3050.0 0.46234
5750.0 3050.0 0.68230
5850.0 3050.0 0.86667
5950.0 3050.0 0.98310
6050.0 3050.0 1.01298
6150.0 3050.0 0.95448
6250.0 3050.0 0.82311
6350.0 3050.0 0.64992
50.0 3150.0 0.47415
150.0 3150.0 0.58173
250.0 3150.0 0.56956
350.0 3150.0 0.43319
450.0 3150.0 0.20434
550.0 3150.0 -0.05110
650.0 3150.0 -0.30112
750.0 3150.0 -0.52263
850.0 3150.0 -0.68650
950.0 3150.0 -0.77025
1050.0 3150.0 -0.76627
1150.0 3150.0 -0.68531
1250.0 3150.0 -0.55542
1350.0 3150.0 -0.41622
1450.0 3150.0 -0.30850
1550.0 3150.0 -0.25920
1650.0 3150.0 -0.26179
1750.0 3150.0 -0.25602
1850.0 3150.0 -0.17269
1950.0 3150.0 0.00486
2050.0 3150.0 0.25372
2150.0 3150.0 0.53026
2250.0 3150.0 0.78531
2350.0 3150.0 0.97579
2450.0 3150.0 1.07288
2550.0 3150.0 1.06647
2650.0 3150.0 0.96624
2750.0 3150.0 0.79905
2850.0 3150.0 0.60314
2950.0 3150.0 0.43977
3050.0 3150.0 0.37123
3150.0 3150.0 0.40887
3250.0 3150.0 0.52688
3350.0 3150.0 0.67926
3450.0 3150.0 0.81398
3550.0 3150.0 0.88417
3650.0 3150.0 0.85658
3750.0 3150.0 0.71711
3850.0 3150.0 0.47346
3950.0 3150.0 0.15501
4050.0 3150.0 -0.19101
4150.0 3150.0 -0.51820
4250.0 3150.0 -0.78391
4350.0 3150.0 -0.94878
4450.0 3150.0 -0.98893
4550.0 3150.0 -0.90349
4650.0 3150.0 -0.71678
4750.0 3150.0 -0.47513
4850.0 3150.0 -0.23845
4950.0 3150.0 -0.06630
5050.0 3150.0 0.00119
5150.0 3150.0 -0.03212
5250.0 3150.0 -0.09489
5350.0 3150.0 -0.10399
5450.0 3150.0 -0.02643
5550.0 3150.0 0.13400
5650.0 3150.0 0.35014
5750.0 3150.0 0.58292
5850.0 3150.0 0.79113
5950.0 3150.0 0.93933
6050.0 3150.0 1.00396
6150.0 3150.0 0.97773
6250.0 3150.0 0.87213
6350.0 3150.0 0.71825
50.0 3250.0 0.34513
150.0 3250.0 0.41510
250.0 3250.0 0.39495
350.0 3250.0 0.28439
450.0 3250.0 0.10824
550.0 3250.0 -0.08772
650.0 3250.0 -0.28862
750.0 3250.0 -0.48183
850.0 3250.0 -0.64445
950.0 3250.0 -0.75498
1050.0 3250.0 -0.80137
1150.0 3250.0 -0.78520
1250.0 3250.0 -0.72217
1350.0 3250.0 -0.63863
1450.0 3250.0 -0.56446
1550.0 3250.0 -0.52207
1650.0 3250.0 -0.51163
1750.0 3250.0 -0.48997
1850.0 3250.0 -0.39409
1950.0 3250.0 -0.20660
2050.0 3250.0 0.05258
2150.0 3250.0 0.34325
2250.0 3250.0 0.61897
2350.0 3250.0 0.83792
2450.0 3250.0 0.97076
2550.0 3250.0 1.00535
2650.0 3250.0 0.94841
2750.0 3250.0 0.82412
2850.0 3250.0 0.66991
2950.0 3250.0 0.54869
3050.0 3250.0 0.52186
3150.0 3250.0 0.59634
3250.0 3250.0 0.74118
3350.0 3250.0 0.90672
3450.0 3250.0 1.03996
3550.0 3250.0 1.09630
3650.0 3250.0 1.04757
3750.0 3250.0 0.88638
3850.0 3250.0 0.62670
3950.0 3250.0 0.30085
4050.0 3250.0 -0.04762
4150.0 3250.0 -0.37670
4250.0 3250.0 -0.64509
4350.0 3250.0 -0.81586
4450.0 3250.0 -0.86761
4550.0 3250.0 -0.80101
4650.0 3250.0 -0.64042
4750.0 3250.0 -0.43060
4850.0 3250.0 -0.22856
4950.0 3250.0 -0.09040
5050.0 3250.0 -0.05332
5150.0 3250.0 -0.11266
5250.0 3250.0 -0.20040
5350.0 3250.0 -0.23877
5450.0 3250.0 -0.19412
5550.0 3250.0 -0.06491
5650.0 3250.0 0.12820
5750.0 3250.0 0.35134
5850.0 3250.0 0.56555
5950.0 3250.0 0.73409
6050.0 3250.0 0.82899
6150.0 3250.0 0.83664
6250.0 3250.0 0.76266
6350.0 3250.0 0.63586
50.0 3350.0 0.17544
150.0 3350.0 0.19708
250.0 3350.0 0.16556
350.0 3350.0 0.08572
450.0 3350.0 -0.02629
550.0 3350.0 -0.14939
650.0 3350.0 -0.28832
750.0 3350.0 -0.44207
850.0 3350.0 -0.59514
950.0 3350.0 -0.72779
1050.0 3350.0 -0.82366
1150.0 3350.0 -0.87452
1250.0 3350.0 -0.88228
1350.0 3350.0 -0.85828
1450.0 3350.0 -0.81975
1550.0 3350.0 -0.78347
1650.0 3350.0 -0.75677
1750.0 3350.0 -0.71673
1850.0 3350.0 -0.61115
1950.0 3350.0 -0.42365
2050.0 3350.0 -0.17049
2150.0 3350.0 0.11388
2250.0 3350.0 0.38886
2350.0 3350.0 0.61710
2450.0 3350.0 0.77150
2550.0 3350.0 0.83964
2650.0 3350.0 0.82575
2750.0 3350.0 0.75016
2850.0 3350.0 0.64653
2950.0 3350.0 0.57782
3050.0 3350.0 0.60595
3150.0 3350.0 0.73328
3250.0 3350.0 0.92235
3350.0 3350.0 1.11795
3450.0 3350.0 1.26438
3550.0 3350.0 1.31810
3650.0 3350.0 1.25558
3750.0 3350.0 1.07646
3850.0 3350.0 0.80193
3950.0 3350.0 0.46851
4050.0 3350.0 0.11714
4150.0 3350.0 -0.21384
4250.0 3350.0 -0.48421
4350.0 3350.0 -0.65990
4450.0 3350.0 -0.72266
4550.0 3350.0 -0.67532
4650.0 3350.0 -0.54271
4750.0 3350.0 -0.36813
4850.0 3350.0 -0.20545
4950.0 3350.0 -0.10679
5050.0 3350.0 -0.10583
5150.0 3350.0 -0.19671
5250.0 3350.0 -0.31522
5350.0 3350.0 -0.39215
5450.0 3350.0 -0.39489
5550.0 3350.0 -0.31575
5650.0 3350.0 -0.16659
5750.0 3350.0 0.02662
5850.0 3350.0 0.22974
5950.0 3350.0 0.40655
6050.0 3350.0 0.52542
6150.0 3350.0 0.56608
6250.0 3350.0 0.52693
6350.0 3350.0 0.43257
50.0 3450.0 0.00118
150.0 3450.0 -0.03108
250.0 3450.0 -0.07618
350.0 3450.0 -0.12378
450.0 3450.0 -0.16718
550.0 3450.0 -0.21195
650.0 3450.0 -0.28243
750.0 3450.0 -0.38885
850.0 3450.0 -0.52345
950.0 3450.0 -0.66902
1050.0 3450.0 -0.80565
1150.0 3450.0 -0.91597
1250.0 3450.0 -0.98855
1350.0 3450.0 -1.01978
1450.0 3450.0 -1.01398
1550.0 3450.0 -0.98187
1650.0 3450.0 -0.93738
1750.0 3450.0 -0.87864
1850.0 3450.0 -0.76811
1950.0 3450.0 -0.59240
2050.0 3450.0 -0.36380
2150.0 3450.0 -0.10908
2250.0 3450.0 0.13985
2350.0 3450.0 0.35329
2450.0 3450.0 0.50930
2550.0 3450.0 0.59737
2650.0 3450.0 0.62010
2750.0 3450.0 0.59311
2850.0 3450.0 0.54340
2950.0 3450.0 0.53147
3050.0 3450.0 0.62051
3150.0 3450.0 0.80837
3250.0 3450.0 1.05050
3350.0 3450.0 1.28519
3450.0 3450.0 1.45315
3550.0 3450.0 1.51111
3650.0 3450.0 1.43974
3750.0 3450.0 1.24561
3850.0 3450.0 0.95749
3950.0 3450.0 0.61668
4050.0 3450.0 0.26229
4150.0 3450.0 -0.06979
4250.0 3450.0 -0.33939
4350.0 3450.0 -0.51518
4450.0 3450.0 -0.58257
4550.0 3450.0 -0.54742
4650.0 3450.0 -0.43600
4750.0 3450.0 -0.29102
4850.0 3450.0 -0.16388
4950.0 3450.0 -0.10304
5050.0 3450.0 -0.13853
5150.0 3450.0 -0.26268
5250.0 3450.0 -0.41436
5350.0 3450.0 -0.53447
5450.0 3450.0 -0.59279
5550.0 3450.0 -0.57521
5650.0 3450.0 -0.48365
5750.0 3450.0 -0.33450
5850.0 3450.0 -0.15543
5950.0 3450.0 0.01930
6050.0 3450.0 0.15527
6150.0 3450.0 0.22580
6250.0 3450.0 0.22151
6350.0 3450.0 0.16150
50.0 3550.0 -0.14152
150.0 3550.0 -0.22697
250.0 3550.0 -0.28626
350.0 3550.0 -0.30371
450.0 3550.0 -0.28184
550.0 3550.0 -0.25170
650.0 3550.0 -0.25483
750.0 3550.0 -0.31095
850.0 3550.0 -0.41955
950.0 3550.0 -0.56636
1050.0 3550.0 -0.72930
1150.0 3550.0 -0.88365
1250.0 3550.0 -1.00670
1350.0 3550.0 -1.08178
1450.0 3550.0 -1.10161
1550.0 3550.0 -1.07104
1650.0 3550.0 -1.00922
1750.0 3550.0 -0.93364
1850.0 3550.0 -0.82374
1950.0 3550.0 -0.67087
2050.0 3550.0 -0.48348
2150.0 3550.0 -0.27952
2250.0 3550.0 -0.08026
2350.0 3550.0 0.09473
2450.0 3550.0 0.23118
2550.0 3550.0 0.32249
2650.0 3550.0 0.37077
2750.0 3550.0 0.38658
2850.0 3550.0 0.38796
2950.0 3550.0 0.43026
3050.0 3550.0 0.57774
3150.0 3550.0 0.82403
3250.0 3550.0 1.11776
3350.0 3550.0 1.39100
3450.0 3550.0 1.58084
3550.0 3550.0 1.64414
3650.0 3550.0 1.56540
3750.0 3550.0 1.35775
3850.0 3550.0 1.05710
3950.0 3550.0 0.70938
4050.0 3550.0 0.35217
4150.0 3550.0 0.02042
4250.0 3550.0 -0.24424
4350.0 3550.0 -0.41263
4450.0 3550.0 -0.47405
4550.0 3550.0 -0.43826
4650.0 3550.0 -0.33425
4750.0 3550.0 -0.20565
4850.0 3550.0 -0.10278
4950.0 3550.0 -0.07144
5050.0 3550.0 -0.13840
5150.0 3550.0 -0.29348
5250.0 3550.0 -0.47688
5350.0 3550.0 -0.63928
5450.0 3550.0 -0.75341
5550.0 3550.0 -0.79924
5650.0 3550.0 -0.76884
5750.0 3550.0 -0.66885
5850.0 3550.0 -0.51995
5950.0 3550.0 -0.35373
6050.0 3550.0 -0.20656
6150.0 3550.0 -0.11086
6250.0 3550.0 -0.08339
6350.0 3550.0 -0.11089
50.0 3650.0 -0.22289
150.0 3650.0 -0.35465
250.0 3650.0 -0.42693
350.0 3650.0 -0.41957
450.0 3650.0 -0.34295
550.0 3650.0 -0.24957
650.0 3650.0 -0.19396
750.0 3650.0 -0.20253
850.0 3650.0 -0.28064
950.0 3650.0 -0.41718
1050.0 3650.0 -0.58936
1150.0 3650.0 -0.76774
1250.0 3650.0 -0.92163
1350.0 3650.0 -1.02456
1450.0 3650.0 -1.06020
1550.0 3650.0 -1.02843
1650.0 3650.0 -0.95167
1750.0 3650.0 -0.86291
1850.0 3650.0 -0.75881
1950.0 3650.0 -0.63658
2050.0 3650.0 -0.50135
2150.0 3650.0 -0.36226
2250.0 3650.0 -0.22922
2350.0 3650.0 -0.11053
2450.0 3650.0 -0.01135
2550.0 3650.0 0.06714
2650.0 3650.0 0.12766
2750.0 3650.0 0.17599
2850.0 3650.0 0.21999
2950.0 3650.0 0.30758
3050.0 3650.0 0.50299
3150.0 3650.0 0.79609
3250.0 3650.0 1.12986
3350.0 3650.0 1.43141
3450.0 3650.0 1.63526
3550.0 3650.0 1.69886
3650.0 3650.0 1.61042
3750.0 3650.0 1.38891
3850.0 3650.0 1.07634
3950.0 3650.0 0.72238
4050.0 3650.0 0.36287
4150.0 3650.0 0.03318
4250.0 3650.0 -0.22187
4350.0 3650.0 -0.37431
4450.0 3650.0 -0.41723
4550.0 3650.0 -0.36497
4650.0 3650.0 -0.25061
4750.0 3650.0 -0.12040
4850.0 3650.0 -0.02542
4950.0 3650.0 -0.01038
5050.0 3650.0 -0.09952
5150.0 3650.0 -0.27957
5250.0 3650.0 -0.48968
5350.0 3650.0 -0.68802
5450.0 3650.0 -0.85009
5550.0 3650.0 -0.95089
5650.0 3650.0 -0.97414
5750.0 3650.0 -0.91802
5850.0 3650.0 -0.79708
5950.0 3650.0 -0.64034
6050.0 3650.0 -0.48559
6150.0 3650.0 -0.36989
6250.0 3650.0 -0.31626
6350.0 3650.0 -0.31653
50.0 3750.0 -0.22496
150.0 3750.0 -0.39118
250.0 3750.0 -0.47366
350.0 3750.0 -0.44904
450.0 3750.0 -0.33341
550.0 3750.0 -0.19461
650.0 3750.0 -0.09478
750.0 3750.0 -0.06380
850.0 3750.0 -0.11103
950.0 3750.0 -0.22826
1050.0 3750.0 -0.39343
1150.0 3750.0 -0.57528
1250.0 3750.0 -0.73892
1350.0 3750.0 -0.85222
1450.0 3750.0 -0.89312
1550.0 3750.0 -0.85785
1650.0 3750.0 -0.77001
1750.0 3750.0 -0.67282
1850.0 3750.0 -0.57824
1950.0 3750.0 -0.48950
2050.0 3750.0 -0.40936
2150.0 3750.0 -0.33914
2250.0 3750.0 -0.27826
2350.0 3750.0 -0.22416
2450.0 3750.0 -0.17274
2550.0 3750.0 -0.11919
2650.0 3750.0 -0.05932
2750.0 3750.0 0.00870
2850.0 3750.0 0.08282
2950.0 3750.0 0.20202
3050.0 3750.0 0.42878
3150.0 3750.0 0.74970
3250.0 3750.0 1.10391
3350.0 3750.0 1.41571
3450.0 3750.0 1.61888
3550.0 3750.0 1.67252
3650.0 3750.0 1.56859
3750.0 3750.0 1.33104
3850.0 3750.0 1.00660
3950.0 3750.0 0.64714
4050.0 3750.0 0.28606
4150.0 3750.0 -0.03989
4250.0 3750.0 -0.28110
4350.0 3750.0 -0.40971
4450.0 3750.0 -0.42217
4550.0 3750.0 -0.33781
4650.0 3750.0 -0.19484
4750.0 3750.0 -0.04381
4850.0 3750.0 0.06151
4950.0 3750.0 0.07576
5050.0 3750.0 -0.02376
5150.0 3750.0 -0.22035
5250.0 3750.0 -0.44949
5350.0 3750.0 -0.67313
5450.0 3750.0 -0.86853
5550.0 3750.0 -1.00708
5650.0 3750.0 -1.06664
5750.0 3750.0 -1.03955
5850.0 3750.0 -0.93624
5950.0 3750.0 -0.78417
6050.0 3750.0 -0.62236
6150.0 3750.0 -0.49133
6250.0 3750.0 -0.41853
6350.0 3750.0 -0.39927
50.0 3850.0 -0.14587
150.0 3850.0 -0.33234
250.0 3850.0 -0.42130
350.0 3850.0 -0.38759
450.0 3850.0 -0.25060
550.0 3850.0 -0.08650
650.0 3850.0 0.04027
750.0 3850.0 0.09943
850.0 3850.0 0.07965
950.0 3850.0 -0.01319
1050.0 3850.0 -0.15886
1150.0 3850.0 -0.32686
1250.0 3850.0 -0.48178
1350.0 3850.0 -0.58983
1450.0 3850.0 -0.62667
1550.0 3850.0 -0.58645
1650.0 3850.0 -0.49205
1750.0 3850.0 -0.39132
1850.0 3850.0 -0.30791
1950.0 3850.0 -0.25048
2050.0 3850.0 -0.22038
2150.0 3850.0 -0.21303
2250.0 3850.0 -0.21940
2350.0 3850.0 -0.22784
2450.0 3850.0 -0.22614
2550.0 3850.0 -0.20380
2650.0 3850.0 -0.15467
2750.0 3850.0 -0.07973
2850.0 3850.0 0.01060
2950.0 3850.0 0.14591
3050.0 3850.0 0.38492
3150.0 3850.0 0.71140
3250.0 3850.0 1.06267
3350.0 3850.0 1.36282
3450.0 3850.0 1.54707
3550.0 3850.0 1.57754
3650.0 3850.0 1.45022
3750.0 3850.0 1.19324
3850.0 3850.0 0.85642
3950.0 3850.0 0.49212
4050.0 3850.0 0.13025
4150.0 3850.0 -0.19062
4250.0 3850.0 -0.41495
4350.0 3850.0 -0.51392
4450.0 3850.0 -0.48673
4550.0 3850.0 -0.35766
4650.0 3850.0 -0.17077
4750.0 3850.0 0.01783
4850.0 3850.0 0.15007
4950.0 3850.0 0.17832
5050.0 3850.0 0.08034
5150.0 3850.0 -0.12361
5250.0 3850.0 -0.36308
5350.0 3850.0 -0.59943
5450.0 3850.0 -0.81006
5550.0 3850.0 -0.96424
5650.0 3850.0 -1.03694
5750.0 3850.0 -1.01801
5850.0 3850.0 -0.91647
5950.0 3850.0 -0.75983
6050.0 3850.0 -0.58853
6150.0 3850.0 -0.44546
6250.0 3850.0 -0.36049
6350.0 3850.0 -0.33021
50.0 3950.0 -0.00314
150.0 3950.0 -0.19733
250.0 3950.0 -0.28926
350.0 3950.0 -0.25321
450.0 3950.0 -0.10968
550.0 3950.0 0.06268
650.0 3950.0 0.20121
750.0 3950.0 0.27753
850.0 3950.0 0.28000
950.0 3950.0 0.21275
1050.0 3950.0 0.09362
1150.0 3950.0 -0.04945
1250.0 3950.0 -0.18320
1350.0 3950.0 -0.27529
1450.0 3950.0 -0.30177
1550.0 3950.0 -0.25604
1650.0 3950.0 -0.15900
1750.0 3950.0 -0.05856
1850.0 3950.0 0.01378
1950.0 3950.0 0.04504
2050.0 3950.0 0.03435
2150.0 3950.0 -0.00975
2250.0 3950.0 -0.07222
2350.0 3950.0 -0.13461
2450.0 3950.0 -0.17829
2550.0 3950.0 -0.18801
2650.0 3950.0 -0.15550
2750.0 3950.0 -0.08341
2850.0 3950.0 0.01149
2950.0 3950.0 0.14976
3050.0 3950.0 0.38462
3150.0 3950.0 0.69732
3250.0 3950.0 1.02517
3350.0 3950.0 1.29419
3450.0 3950.0 1.44310
3550.0 3950.0 1.43827
3650.0 3950.0 1.28007
3750.0 3950.0 1.00018
3850.0 3950.0 0.65023
3950.0 3950.0 0.28154
4050.0 3950.0 -0.08048
4150.0 3950.0 -0.39547
4250.0 3950.0 -0.60138
4350.0 3950.0 -0.66766
4450.0 3950.0 -0.59561
4550.0 3950.0 -0.41424
4650.0 3950.0 -0.17365
4750.0 3950.0 0.06375
4850.0 3950.0 0.23451
4950.0 3950.0 0.28763
5050.0 3950.0 0.20042
5150.0 3950.0 -0.00334
5250.0 3950.0 -0.24577
5350.0 3950.0 -0.48382
5450.0 3950.0 -0.69340
5550.0 3950.0 -0.84286
5650.0 3950.0 -0.90695
5750.0 3950.0 -0.87603
5850.0 3950.0 -0.76031
5950.0 3950.0 -0.58899
6050.0 3950.0 -0.40435
6150.0 3950.0 -0.25084
6250.0 3950.0 -0.15909
6350.0 3950.0 -0.12488
50.0 4050.0 0.16716
150.0 4050.0 -0.02928
250.0 4050.0 -0.12271
350.0 4050.0 -0.08735
450.0 4050.0 0.05612
550.0 4050.0 0.22915
650.0 4050.0 0.37263
750.0 4050.0 0.46098
850.0 4050.0 0.48294
950.0 4050.0 0.44123
1050.0 4050.0 0.35102
1150.0 4050.0 0.23698
1250.0 4050.0 0.12910
1350.0 4050.0 0.05702
1450.0 4050.0 0.04313
1550.0 4050.0 0.09423
1650.0 4050.0 0.19192
1750.0 4050.0 0.29021
1850.0 4050.0 0.35181
1950.0 4050.0 0.36007
2050.0 4050.0 0.31426
2150.0 4050.0 0.22585
2250.0 4050.0 0.11461
2350.0 4050.0 0.00452
2450.0 4050.0 -0.08048
2550.0 4050.0 -0.12096
2650.0 4050.0 -0.10666
2750.0 4050.0 -0.04134
2850.0 4050.0 0.05302
2950.0 4050.0 0.18838
3050.0 4050.0 0.41161
3150.0 4050.0 0.70159
3250.0 4050.0 0.99643
3350.0 4050.0 1.22524
3450.0 4050.0 1.33114
3550.0 4050.0 1.28545
3650.0 4050.0 1.09307
3750.0 4050.0 0.78897
3850.0 4050.0 0.42597
3950.0 4050.0 0.05358
4050.0 4050.0 -0.30779
4150.0 4050.0 -0.61626
4250.0 4050.0 -0.80331
4350.0 4050.0 -0.83638
4450.0 4050.0 -0.71858
4550.0 4050.0 -0.48336
4650.0 4050.0 -0.18676
4750.0 4050.0 0.10248
4850.0 4050.0 0.31536
4950.0 4050.0 0.39715
5050.0 4050.0 0.32442
5150.0 4050.0 0.12429
5250.0 4050.0 -0.11755
5350.0 4050.0 -0.35207
5450.0 4050.0 -0.55293
5550.0 4050.0 -0.68811
5650.0 4050.0 -0.73334
5750.0 4050.0 -0.68091
5850.0 4050.0 -0.54343
5950.0 4050.0 -0.35253
6050.0 4050.0 -0.15256
6150.0 4050.0 0.01081
6250.0 4050.0 0.10702
6350.0 4050.0 0.14204
50.0 4150.0 0.36272
150.0 4150.0 0.16208
250.0 4150.0 0.06419
350.0 4150.0 0.09524
450.0 4150.0 0.23473
550.0 4150.0 0.40473
650.0 4150.0 0.55127
750.0 4150.0 0.65269
850.0 4150.0 0.69811
950.0 4150.0 0.68804
1050.0 4150.0 0.63381
1150.0 4150.0 0.55548
1250.0 4150.0 0.47847
1350.0 4150.0 0.42878
1450.0 4150.0 0.42682
1550.0 4150.0 0.47983
1650.0 4150.0 0.57295
1750.0 4150.0 0.66393
1850.0 4150.0 0.71131
1950.0 4150.0 0.69583
2050.0 4150.0 0.61728
2150.0 4150.0 0.48984
2250.0 4150.0 0.33718
2350.0 4150.0 0.18760
2450.0 4150.0 0.06895
2550.0 4150.0 0.00345
2650.0 4150.0 0.00243
2750.0 4150.0 0.06091
2850.0 4150.0 0.15288
2950.0 4150.0 0.28219
3050.0 4150.0 0.48803
3150.0 4150.0 0.74742
3250.0 4150.0 1.00094
3350.0 4150.0 1.18274
3450.0 4150.0 1.24203
3550.0 4150.0 1.15598
3650.0 4150.0 0.93401
3750.0 4150.0 0.61358
3850.0 4150.0 0.24731
3950.0 4150.0 -0.11844
4050.0 4150.0 -0.46905
4150.0 4150.0 -0.76333
4250.0 4150.0 -0.92930
4350.0 4150.0 -0.93371
4450.0 4150.0 -0.78116
4550.0 4150.0 -0.50784
4650.0 4150.0 -0.17321
4750.0 4150.0 0.15071
4850.0 4150.0 0.39224
4950.0 4150.0 0.49517
5050.0 4150.0 0.43615
5150.0 4150.0 0.24435
5250.0 4150.0 0.00958
5350.0 4150.0 -0.21479
5450.0 4150.0 -0.40077
5550.0 4150.0 -0.51684
5650.0 4150.0 -0.54057
5750.0 4150.0 -0.46660
5850.0 4150.0 -0.30983
5950.0 4150.0 -0.10367
6050.0 4150.0 0.10659
6150.0 4150.0 0.27530
6250.0 4150.0 0.37284
6350.0 4150.0 0.40695
50.0 4250.0 0.59251
150.0 4250.0 0.38356
250.0 4250.0 0.27507
350.0 4250.0 0.29440
450.0 4250.0 0.42202
550.0 4250.0 0.58154
650.0 4250.0 0.72711
750.0 4250.0 0.84297
850.0 4250.0 0.91850
950.0 4250.0 0.95052
1050.0 4250.0 0.94418
1150.0 4250.0 0.91240
1250.0 4250.0 0.87378
1350.0 4250.0 0.84903
1450.0 4250.0 0.85591
1550.0 4250.0 0.90265
1650.0 4250.0 0.97992
1750.0 4250.0 1.05258
1850.0 4250.0 1.07854
1950.0 4250.0 1.03829
2050.0 4250.0 0.93304
2150.0 4250.0 0.77910
2250.0 4250.0 0.60226
2350.0 4250.0 0.43237
2450.0 4250.0 0.29796
2550.0 4250.0 0.22102
2650.0 4250.0 0.21182
2750.0 4250.0 0.26393
2850.0 4250.0 0.34994
2950.0 4250.0 0.46709
3050.0 4250.0 0.64450
3150.0 4250.0 0.85855
3250.0 4250.0 1.05579
3350.0 4250.0 1.17943
3450.0 4250.0 1.18796
3550.0 4250.0 1.06598
3650.0 4250.0 0.82715
3750.0 4250.0 0.50938
3850.0 4250.0 0.16209
3950.0 4250.0 -0.17429
4050.0 4250.0 -0.49219
4150.0 4250.0 -0.75558
4250.0 4250.0 -0.89570
4350.0 4250.0 -0.88144
4450.0 4250.0 -0.71810
4550.0 4250.0 -0.44113
4650.0 4250.0 -0.10779
4750.0 4250.0 0.21314
4850.0 4250.0 0.45370
4950.0 4250.0 0.56104
5050.0 4250.0 0.51374
5150.0 4250.0 0.34018
5250.0 4250.0 0.12628
5350.0 4250.0 -0.07430
5450.0 4250.0 -0.23335
5550.0 4250.0 -0.32186
5650.0 4250.0 -0.32083
5750.0 4250.0 -0.22793
5850.0 4250.0 -0.05979
5950.0 4250.0 0.15017
6050.0 4250.0 0.35828
6150.0 4250.0 0.52164
6250.0 4250.0 0.61353
6350.0 4250.0 0.64323
50.0 4350.0 0.83243
150.0 4350.0 0.61142
250.0 4350.0 0.48589
350.0 4350.0 0.48523
450.0 4350.0 0.59190
550.0 4350.0 0.73214
650.0 4350.0 0.87116
750.0 4350.0 1.00084
850.0 4350.0 1.11064
950.0 4350.0 1.19215
1050.0 4350.0 1.24217
1150.0 4350.0 1.26414
1250.0 4350.0 1.26779
1350.0 4350.0 1.26716
1450.0 4350.0 1.27690
1550.0 4350.0 1.30684
1650.0 4350.0 1.35499
1750.0 4350.0 1.39662
1850.0 4350.0 1.39349
1950.0 4350.0 1.32877
2050.0 4350.0 1.20613
2150.0 4350.0 1.04318
2250.0 4350.0 0.86541
2350.0 4350.0 0.70065
2450.0 4350.0 0.57403
2550.0 4350.0 0.50346
2650.0 4350.0 0.49560
2750.0 4350.0 0.54233
2850.0 4350.0 0.61830
2950.0 4350.0 0.71652
3050.0 4350.0 0.85396
3150.0 4350.0 1.00806
3250.0 4350.0 1.13533
3350.0 4350.0 1.19235
3450.0 4350.0 1.15013
3550.0 4350.0 1.00198
3650.0 4350.0 0.76497
3750.0 4350.0 0.47471
3850.0 4350.0 0.17382
3950.0 4350.0 -0.10631
4050.0 4350.0 -0.36595
4150.0 4350.0 -0.57906
4250.0 4350.0 -0.68780
4350.0 4350.0 -0.66648
4450.0 4350.0 -0.52030
4550.0 4350.0 -0.27979
4650.0 4350.0 0.00647
4750.0 4350.0 0.28058
4850.0 4350.0 0.48568
4950.0 4350.0 0.57794
5050.0 4350.0 0.54002
5150.0 4350.0 0.39621
5250.0 4350.0 0.21921
5350.0 4350.0 0.05783
5450.0 4350.0 -0.06144
5550.0 4350.0 -0.11445
5650.0 4350.0 -0.08737
5750.0 4350.0 0.01857
5850.0 4350.0 0.18600
5950.0 4350.0 0.38382
6050.0 4350.0 0.57326
6150.0 4350.0 0.71755
6250.0 4350.0 0.79507
6350.0 4350.0 0.81620
50.0 4450.0 1.04461
150.0 4450.0 0.80952
250.0 4450.0 0.66216
350.0 4450.0 0.63466
450.0 4450.0 0.71249
550.0 4450.0 0.82563
650.0 4450.0 0.95209
750.0 4450.0 1.09235
850.0 4450.0 1.23561
950.0 4450.0 1.36724
1050.0 4450.0 1.47440
1150.0 4450.0 1.54975
1250.0 4450.0 1.59311
1350.0 4450.0 1.61124
1450.0 4450.0 1.61562
1550.0 4450.0 1.61823
1650.0 4450.0 1.62541
1750.0 4450.0 1.62505
1850.0 4450.0 1.58694
1950.0 4450.0 1.49987
2050.0 4450.0 1.37084
2150.0 4450.0 1.21781
2250.0 4450.0 1.06346
2350.0 4450.0 0.93003
2450.0 4450.0 0.83522
2550.0 4450.0 0.78918
2650.0 4450.0 0.79249
2750.0 4450.0 0.83529
2850.0 4450.0 0.89768
2950.0 4450.0 0.97143
3050.0 4450.0 1.06041
3150.0 4450.0 1.14486
3250.0 4450.0 1.19471
3350.0 4450.0 1.18327
3450.0 4450.0 1.09626
3550.0 4450.0 0.93623
3650.0 4450.0 0.72218
3750.0 4450.0 0.48467
3850.0 4450.0 0.25610
3950.0 4450.0 0.05641
4050.0 4450.0 -0.12253
4150.0 4450.0 -0.26835
4250.0 4450.0 -0.34088
4350.0 4450.0 -0.32274
4450.0 4450.0 -0.21830
4550.0 4450.0 -0.04950
4650.0 4450.0 0.14944
4750.0 4450.0 0.33818
4850.0 4450.0 0.47751
4950.0 4450.0 0.53756
5050.0 4450.0 0.50694
5150.0 4450.0 0.40301
5250.0 4450.0 0.27688
5350.0 4450.0 0.16769
5450.0 4450.0 0.09807
5550.0 4450.0 0.08521
5650.0 4450.0 0.13638
5750.0 4450.0 0.24667
5850.0 4450.0 0.39919
5950.0 4450.0 0.56765
6050.0 4450.0 0.72142
6150.0 4450.0 0.83297
6250.0 4450.0 0.88775
6350.0 4450.0 0.89651
50.0 4550.0 1.19377
150.0 4550.0 0.94486
250.0 4550.0 0.77359
350.0 4550.0 0.71533
450.0 4550.0 0.75932
550.0 4550.0 0.84010
650.0 4550.0 0.94875
750.0 4550.0 1.09411
850.0 4550.0 1.26485
950.0 4550.0 1.43984
1050.0 4550.0 1.59650
1150.0 4550.0 1.71676
1250.0 4550.0 1.79080
1350.0 4550.0 1.81849
1450.0 4550.0 1.80856
1550.0 4550.0 1.77540
1650.0 4550.0 1.73369
1750.0 4550.0 1.68438
1850.0 4550.0 1.60852
1950.0 4550.0 1.50274
2050.0 4550.0 1.37796
2150.0 4550.0 1.25157
2250.0 4550.0 1.14133
2350.0 4550.0 1.06102
2450.0 4550.0 1.01777
2550.0 4550.0 1.01113
2650.0 4550.0 1.03385
2750.0 4550.0 1.07433
2850.0 4550.0 1.12093
2950.0 4550.0 1.16712
3050.0 4550.0 1.20408
3150.0 4550.0 1.21646
3250.0 4550.0 1.18965
3350.0 4550.0 1.11537
3450.0 4550.0 0.99481
3550.0 4550.0 0.83915
3650.0 4550.0 0.66771
3750.0 4550.0 0.50354
3850.0 4550.0 0.36645
3950.0 4550.0 0.26365
4050.0 4550.0 0.18002
4150.0 4550.0 0.11254
4250.0 4550.0 0.07932
4350.0 4550.0 0.08757
4450.0 4550.0 0.13423
4550.0 4550.0 0.20832
4650.0 4550.0 0.29368
4750.0 4550.0 0.37192
4850.0 4550.0 0.42571
4950.0 4550.0 0.44236
5050.0 4550.0 0.41768
5150.0 4550.0 0.36018
5250.0 4550.0 0.29395
5350.0 4550.0 0.24471
5450.0 4550.0 0.22944
5550.0 4550.0 0.25690
5650.0 4550.0 0.32711
5750.0 4550.0 0.43176
5850.0 4550.0 0.55575
5950.0 4550.0 0.67971
6050.0 4550.0 0.78364
6150.0 4550.0 0.85157
6250.0 4550.0 0.87727
6350.0 4550.0 0.87105
50.0 4650.0 1.25820
150.0 4650.0 0.99788
250.0 4650.0 0.80370
350.0 4650.0 0.71438
450.0 4650.0 0.72331
550.0 4650.0 0.77005
650.0 4650.0 0.85742
750.0 4650.0 1.00136
850.0 4650.0 1.18975
950.0 4650.0 1.39550
1050.0 4650.0 1.58733
1150.0 4650.0 1.73786
1250.0 4650.0 1.82908
1350.0 4650.0 1.85525
1450.0 4650.0 1.82311
1550.0 4650.0 1.74949
1650.0 4650.0 1.65633
1750.0 4650.0 1.55645
1850.0 4650.0 1.44364
1950.0 4650.0 1.32356
2050.0 4650.0 1.21118
2150.0 4650.0 1.12263
2250.0 4650.0 1.06948
2350.0 4650.0 1.05543
2450.0 4650.0 1.07537
2550.0 4650.0 1.11687
2650.0 4650.0 1.16399
2750.0 4650.0 1.20365
2850.0 4650.0 1.23393
2950.0 4650.0 1.25247
3050.0 4650.0 1.23940
3150.0 4650.0 1.18481
3250.0 4650.0 1.08993
3350.0 4650.0 0.96463
3450.0 4650.0 0.82458
3550.0 4650.0 0.68825
3650.0 4650.0 0.57363
3750.0 4650.0 0.49476
3850.0 4650.0 0.45790
3950.0 4650.0 0.45760
4050.0 4650.0 0.47335
4150.0 4650.0 0.48723
4250.0 4650.0 0.49414
4350.0 4650.0 0.49058
4450.0 4650.0 0.47492
4550.0 4650.0 0.44783
4650.0 4650.0 0.41225
4750.0 4650.0 0.37294
4850.0 4650.0 0.33563
4950.0 4650.0 0.30572
5050.0 4650.0 0.28657
5150.0 4650.0 0.27731
5250.0 4650.0 0.27336
5350.0 4650.0 0.28521
5450.0 4650.0 0.32300
5550.0 4650.0 0.38655
5650.0 4650.0 0.46873
5750.0 4650.0 0.55849
5850.0 4650.0 0.64362
5950.0 4650.0 0.71298
6050.0 4650.0 0.75853
6150.0 4650.0 0.77684
6250.0 4650.0 0.77037
6350.0 4650.0 0.74823
50.0 4750.0 1.23534
150.0 4750.0 0.96761
250.0 4750.0 0.75434
350.0 4750.0 0.63726
450.0 4750.0 0.61392
550.0 4750.0 0.62882
650.0 4750.0 0.69395
750.0 4750.0 0.83036
850.0 4750.0 1.02498
950.0 4750.0 1.24591
1050.0 4750.0 1.45521
1150.0 4750.0 1.61854
1250.0 4750.0 1.71205
1350.0 4750.0 1.72621
1450.0 4750.0 1.66675
1550.0 4750.0 1.55270
1650.0 4750.0 1.41139
1750.0 4750.0 1.26491
1850.0 4750.0 1.11930
1950.0 4750.0 0.98909
2050.0 4750.0 0.89300
2150.0 4750.0 0.84559
2250.0 4750.0 0.85206
2350.0 4750.0 0.90599
2450.0 4750.0 0.99021
2550.0 4750.0 1.08057
2650.0 4750.0 1.15285
2750.0 4750.0 1.19269
2850.0 4750.0 1.20794
2950.0 4750.0 1.20171
3050.0 4750.0 1.14560
3150.0 4750.0 1.03541
3250.0 4750.0 0.88687
3350.0 4750.0 0.72578
3450.0 4750.0 0.58000
3550.0 4750.0 0.47334
3650.0 4750.0 0.42128
3750.0 4750.0 0.42854
3850.0 4750.0 0.48847
3950.0 4750.0 0.58438
4050.0 4750.0 0.69232
4150.0 4750.0 0.78206
4250.0 4750.0 0.82747
4350.0 4750.0 0.81529
4450.0 4750.0 0.74511
4550.0 4750.0 0.62805
4650.0 4750.0 0.48434
4750.0 4750.0 0.33975
4850.0 4750.0 0.22100
4950.0 4750.0 0.14999
5050.0 4750.0 0.13698
5150.0 4750.0 0.17268
5250.0 4750.0 0.22634
5350.0 4750.0 0.29365
5450.0 4750.0 0.37762
5550.0 4750.0 0.46965
5650.0 4750.0 0.55632
5750.0 4750.0 0.62474
5850.0 4750.0 0.66619
5950.0 4750.0 0.67805
6050.0 4750.0 0.66407
6150.0 4750.0 0.63292
6250.0 4750.0 0.59507
6350.0 4750.0 0.55791
50.0 4850.0 1.14198
150.0 4850.0 0.87159
250.0 4850.0 0.64504
350.0 4850.0 0.50651
450.0 4850.0 0.45720
550.0 4850.0 0.44595
650.0 4850.0 0.49068
750.0 4850.0 0.61524
850.0 4850.0 0.80556
950.0 4850.0 1.02653
1050.0 4850.0 1.23604
1150.0 4850.0 1.39569
1250.0 4850.0 1.47846
1350.0 4850.0 1.47306
1450.0 4850.0 1.38520
1550.0 4850.0 1.23557
1650.0 4850.0 1.05474
1750.0 4850.0 0.87048
1850.0 4850.0 0.69871
1950.0 4850.0 0.56139
2050.0 4850.0 0.48024
2150.0 4850.0 0.46842
2250.0 4850.0 0.52572
2350.0 4850.0 0.63723
2450.0 4850.0 0.77570
2550.0 4850.0 0.90728
2650.0 4850.0 1.00091
2750.0 4850.0 1.04124
2850.0 4850.0 1.04432
2950.0 4850.0 1.01860
3050.0 4850.0 0.93001
3150.0 4850.0 0.77954
3250.0 4850.0 0.59450
3350.0 4850.0 0.41300
3450.0 4850.0 0.27186
3550.0 4850.0 0.19819
3650.0 4850.0 0.20443
3750.0 4850.0 0.28700
3850.0 4850.0 0.42853
3950.0 4850.0 0.60353
4050.0 4850.0 0.78648
4150.0 4850.0 0.93898
4250.0 4850.0 1.01913
4350.0 4850.0 1.00609
4450.0 4850.0 0.90012
4550.0 4850.0 0.72000
4650.0 4850.0 0.49890
4750.0 4850.0 0.27848
4850.0 4850.0 0.10143
4950.0 4850.0 0.00238
5050.0 4850.0 -0.00293
5150.0 4850.0 0.06994
5250.0 4850.0 0.17034
5350.0 4850.0 0.28175
5450.0 4850.0 0.40080
5550.0 4850.0 0.51191
5650.0 4850.0 0.59685
5750.0 4850.0 0.64176
5850.0 4850.0 0.64146
5950.0 4850.0 0.60095
6050.0 4850.0 0.53419
6150.0 4850.0 0.46001
6250.0 4850.0 0.39537
6350.0 4850.0 0.34579
50.0 4950.0 1.00902
150.0 4950.0 0.74052
250.0 4950.0 0.50744
350.0 4950.0 0.35554
450.0 4950.0 0.28885
550.0 4950.0 0.25956
650.0 4950.0 0.28821
750.0 4950.0 0.39924
850.0 4950.0 0.57773
950.0 4950.0 0.78701
1050.0 4950.0 0.98335
1150.0 4950.0 1.12709
1250.0 4950.0 1.19056
1350.0 4950.0 1.16254
1450.0 4950.0 1.04944
1550.0 4950.0 0.87304
1650.0 4950.0 0.66493
1750.0 4950.0 0.45489
1850.0 4950.0 0.26486
1950.0 4950.0 0.12165
2050.0 4950.0 0.04907
2150.0 4950.0 0.05943
2250.0 4950.0 0.14906
2350.0 4950.0 0.29755
2450.0 4950.0 0.47102
2550.0 4950.0 0.62921
2650.0 4950.0 0.73651
2750.0 4950.0 0.77685
2850.0 4950.0 0.77163
2950.0 4950.0 0.73310
3050.0 4950.0 0.62416
3150.0 4950.0 0.44965
3250.0 4950.0 0.24467
3350.0 4950.0 0.05525
3450.0 4950.0 -0.07634
3550.0 4950.0 -0.12149
3650.0 4950.0 -0.07049
3750.0 4950.0 0.06697
3850.0 4950.0 0.26599
3950.0 4950.0 0.49541
4050.0 4950.0 0.72949
4150.0 4950.0 0.92661
4250.0 4950.0 1.03631
4350.0 4950.0 1.03325
4450.0 4950.0 0.91756
4550.0 4950.0 0.71185
4650.0 4950.0 0.45613
4750.0 4950.0 0.20083
4850.0 4950.0 -0.00229
4950.0 4950.0 -0.11118
5050.0 4950.0 -0.10663
5150.0 4950.0 -0.00736
5250.0 4950.0 0.12474
5350.0 4950.0 0.26539
5450.0 4950.0 0.40634
5550.0 4950.0 0.52719
5650.0 4950.0 0.60665
5750.0 4950.0 0.63065
5850.0 4950.0 0.59698
5950.0 4950.0 0.51638
6050.0 4950.0 0.41020
6150.0 4950.0 0.30449
6250.0 4950.0 0.22063
6350.0 4950.0 0.16243
50.0 5050.0 0.87093
150.0 5050.0 0.60786
250.0 5050.0 0.37450
350.0 5050.0 0.21737
450.0 5050.0 0.14227
550.0 5050.0 0.10366
650.0 5050.0 0.12190
750.0 5050.0 0.22038
850.0 5050.0 0.38352
950.0 5050.0 0.57457
1050.0 5050.0 0.75025
1150.0 5050.0 0.87184
1250.0 5050.0 0.91295
1350.0 5050.0 0.86374
1450.0 5050.0 0.73173
1550.0 5050.0 0.53917
1650.0 5050.0 0.31694
1750.0 5050.0 0.09366
1850.0 5050.0 -0.10714
1950.0 5050.0 -0.25678
2050.0 5050.0 -0.33041
2150.0 5050.0 -0.31565
2250.0 5050.0 -0.21722
2350.0 5050.0 -0.05747
2450.0 5050.0 0.12725
2550.0 5050.0 0.29408
2650.0 5050.0 0.40544
2750.0 5050.0 0.44472
2850.0 5050.0 0.43525
2950.0 5050.0 0.39056
3050.0 5050.0 0.27246
3150.0 5050.0 0.08796
3250.0 5050.0 -0.12401
3350.0 5050.0 -0.31372
3450.0 5050.0 -0.43656
3550.0 5050.0 -0.46362
3650.0 5050.0 -0.38698
3750.0 5050.0 -0.21970
3850.0 5050.0 0.00944
3950.0 5050.0 0.26657
4050.0 5050.0 0.52649
4150.0 5050.0 0.74903
4250.0 5050.0 0.88280
4350.0 5050.0 0.90123
4450.0 5050.0 0.80351
4550.0 5050.0 0.61190
4650.0 5050.0 0.36689
4750.0 5050.0 0.12012
4850.0 5050.0 -0.07492
4950.0 5050.0 -0.17435
5050.0 5050.0 -0.15763
5150.0 5050.0 -0.04336
5250.0 5050.0 0.10461
5350.0 5050.0 0.25929
5450.0 5050.0 0.40961
5550.0 5050.0 0.53265
5650.0 5050.0 0.60577
5750.0 5050.0 0.61516
5850.0 5050.0 0.56056
5950.0 5050.0 0.45608
6050.0 5050.0 0.32717
6150.0 5050.0 0.20374
6250.0 5050.0 0.10937
6350.0 5050.0 0.04670
50.0 5150.0 0.74968
150.0 5150.0 0.49403
250.0 5150.0 0.26472
350.0 5150.0 0.10834
450.0 5150.0 0.03169
550.0 5150.0 -0.00951
650.0 5150.0 0.00330
750.0 5150.0 0.09151
850.0 5150.0 0.23914
950.0 5150.0 0.41026
1050.0 5150.0 0.56330
1150.0 5150.0 0.66176
1250.0 5150.0 0.68158
1350.0 5150.0 0.61491
1450.0 5150.0 0.47050
1550.0 5150.0 0.27063
1650.0 5150.0 0.04450
1750.0 5150.0 -0.18250
1850.0 5150.0 -0.38883
1950.0 5150.0 -0.54637
2050.0 5150.0 -0.62999
2150.0 5150.0 -0.62651
2250.0 5150.0 -0.53958
2350.0 5150.0 -0.39046
2450.0 5150.0 -0.21462
2550.0 5150.0 -0.05435
2650.0 5150.0 0.05285
2750.0 5150.0 0.08995
2850.0 5150.0 0.07928
2950.0 5150.0 0.03330
3050.0 5150.0 -0.08628
3150.0 5150.0 -0.27180
3250.0 5150.0 -0.48342
3350.0 5150.0 -0.67073
3450.0 5150.0 -0.78883
3550.0 5150.0 -0.80903
3650.0 5150.0 -0.72411
3750.0 5150.0 -0.54816
3850.0 5150.0 -0.31096
3950.0 5150.0 -0.04692
4050.0 5150.0 0.21944
4150.0 5150.0 0.45268
4250.0 5150.0 0.60635
4350.0 5150.0 0.65512
4450.0 5150.0 0.59659
4550.0 5150.0 0.44957
4650.0 5150.0 0.25007
4750.0 5150.0 0.04515
4850.0 5150.0 -0.11561
4950.0 5150.0 -0.19078
5050.0 5150.0 -0.16009
5150.0 5150.0 -0.03957
5250.0 5150.0 0.11216
5350.0 5150.0 0.26955
5450.0 5150.0 0.42042
5550.0 5150.0 0.54117
5650.0 5150.0 0.60904
5750.0 5150.0 0.61066
5850.0 5150.0 0.54671
5950.0 5150.0 0.43260
6050.0 5150.0 0.29518
6150.0 5150.0 0.16552
6250.0 5150.0 0.06775
6350.0 5150.0 0.00386
50.0 5250.0 0.64017
150.0 5250.0 0.39314
250.0 5250.0 0.16967
350.0 5250.0 0.01617
450.0 5250.0 -0.05988
550.0 5250.0 -0.10158
650.0 5250.0 -0.09268
750.0 5250.0 -0.01405
850.0 5250.0 0.11793
950.0 5250.0 0.26847
1050.0 5250.0 0.39806
1150.0 5250.0 0.47285
1250.0 5250.0 0.47141
1350.0 5250.0 0.38812
1450.0 5250.0 0.23306
1550.0 5250.0 0.02838
1650.0 5250.0 -0.19871
1750.0 5250.0 -0.42665
1850.0 5250.0 -0.63693
1950.0 5250.0 -0.80277
2050.0 5250.0 -0.89907
2150.0 5250.0 -0.91168
2250.0 5250.0 -0.84263
2350.0 5250.0 -0.71121
2450.0 5250.0 -0.55096
2550.0 5250.0 -0.40261
2650.0 5250.0 -0.30287
2750.0 5250.0 -0.26910
2850.0 5250.0 -0.28080
2950.0 5250.0 -0.32715
3050.0 5250.0 -0.44585
3150.0 5250.0 -0.62896
3250.0 5250.0 -0.83681
3350.0 5250.0 -1.01945
3450.0 5250.0 -1.13263
3550.0 5250.0 -1.14833
3650.0 5250.0 -1.05995
3750.0 5250.0 -0.88197
3850.0 5250.0 -0.64428
3950.0 5250.0 -0.38099
4050.0 5250.0 -0.11561
4150.0 5250.0 0.12238
4250.0 5250.0 0.29338
4350.0 5250.0 0.37421
4450.0 5250.0 0.36081
4550.0 5250.0 0.26757
4650.0 5250.0 0.12451
4750.0 5250.0 -0.02784
4850.0 5250.0 -0.14571
4950.0 5250.0 -0.19168
5050.0 5250.0 -0.14637
5150.0 5250.0 -0.02252
5250.0 5250.0 0.12889
5350.0 5250.0 0.28509
5450.0 5250.0 0.43338
5550.0 5250.0 0.55019
5650.0 5250.0 0.61315
5750.0 5250.0 0.60951
5850.0 5250.0 0.54060
5950.0 5250.0 0.42241
6050.0 5250.0 0.28221
6150.0 5250.0 0.15123
6250.0 5250.0 0.05343
6350.0 5250.0 -0.00966
50.0 5350.0 0.54870
150.0 5350.0 0.31622
250.0 5350.0 0.10315
350.0 5350.0 -0.04511
450.0 5350.0 -0.12022
550.0 5350.0 -0.16284
650.0 5350.0 -0.15898
750.0 5350.0 -0.09243
850.0 5350.0 0.01981
950.0 5350.0 0.14410
1050.0 5350.0 0.24341
1150.0 5350.0 0.28709
1250.0 5350.0 0.25710
1350.0 5350.0 0.15079
1450.0 5350.0 -0.01993
1550.0 5350.0 -0.23283
1650.0 5350.0 -0.46314
1750.0 5350.0 -0.69359
1850.0 5350.0 -0.90744
1950.0 5350.0 -1.07886
2050.0 5350.0 -1.18339
2150.0 5350.0 -1.20702
2250.0 5350.0 -1.15140
2350.0 5350.0 -1.03492
2450.0 5350.0 -0.88990
2550.0 5350.0 -0.75573
2650.0 5350.0 -0.66802
2750.0 5350.0 -0.64378
2850.0 5350.0 -0.66338
2950.0 5350.0 -0.71496
3050.0 5350.0 -0.83182
3150.0 5350.0 -1.00460
3250.0 5350.0 -1.19490
3350.0 5350.0 -1.35569
3450.0 5350.0 -1.44644
3550.0 5350.0 -1.44290
3650.0 5350.0 -1.34158
3750.0 5350.0 -1.15885
3850.0 5350.0 -0.92484
3950.0 5350.0 -0.67188
4050.0 5350.0 -0.41928
4150.0 5350.0 -0.18844
4250.0 5350.0 -0.01147
4350.0 5350.0 0.09170
4450.0 5350.0 0.11638
4550.0 5350.0 0.07313
4650.0 5350.0 -0.01416
4750.0 5350.0 -0.11221
4850.0 5350.0 -0.18446
4950.0 5350.0 -0.19898
5050.0 5350.0 -0.13862
5150.0 5350.0 -0.01306
5250.0 5350.0 0.13547
5350.0 5350.0 0.28675
5450.0 5350.0 0.42760
5550.0 5350.0 0.53560
5650.0 5350.0 0.59025
5750.0 5350.0 0.58063
5850.0 5350.0 0.50938
5950.0 5350.0 0.39297
6050.0 5350.0 0.25827
6150.0 5350.0 0.13540
6250.0 5350.0 0.04690
6350.0 5350.0 -0.00680
50.0 5450.0 0.48855
150.0 5450.0 0.27968
250.0 5450.0 0.08404
350.0 5450.0 -0.05531
450.0 5450.0 -0.12902
550.0 5450.0 -0.17320
650.0 5450.0 -0.17554
750.0 5450.0 -0.12332
850.0 5450.0 -0.03458
950.0 5450.0 0.05807
1050.0 5450.0 0.12024
1150.0 5450.0 0.12497
1250.0 5450.0 0.05832
1350.0 5450.0 -0.07865
1450.0 5450.0 -0.27149
1550.0 5450.0 -0.49758
1650.0 5450.0 -0.73496
1750.0 5450.0 -0.97062
1850.0 5450.0 -1.18705
1950.0 5450.0 -1.35854
2050.0 5450.0 -1.46231
2150.0 5450.0 -1.48656
2250.0 5450.0 -1.43487
2350.0 5450.0 -1.32682
2450.0 5450.0 -1.19489
2550.0 5450.0 -1.07768
2650.0 5450.0 -1.00930
2750.0 5450.0 -1.00514
2850.0 5450.0 -1.04459
2950.0 5450.0 -1.11011
3050.0 5450.0 -1.22444
3150.0 5450.0 -1.37508
3250.0 5450.0 -1.52668
3350.0 5450.0 -1.63913
3450.0 5450.0 -1.68063
3550.0 5450.0 -1.63560
3650.0 5450.0 -1.50766
3750.0 5450.0 -1.31745
3850.0 5450.0 -1.09545
3950.0 5450.0 -0.86974
4050.0 5450.0 -0.65035
4150.0 5450.0 -0.44758
4250.0 5450.0 -0.28521
4350.0 5450.0 -0.17814
4450.0 5450.0 -0.12984
4550.0 5450.0 -0.13234
4650.0 5450.0 -0.16771
4750.0 5450.0 -0.21103
4850.0 5450.0 -0.23491
4950.0 5450.0 -0.21550
5050.0 5450.0 -0.13999
5150.0 5450.0 -0.01565
5250.0 5450.0 0.12554
5350.0 5450.0 0.26536
5450.0 5450.0 0.39001
5550.0 5450.0 0.48015
5650.0 5450.0 0.51973
5750.0 5450.0 0.50193
5850.0 5450.0 0.43193
5950.0 5450.0 0.32661
6050.0 5450.0 0.21110
6150.0 5450.0 0.11228
6250.0 5450.0 0.04906
6350.0 5450.0 0.01964
50.0 5550.0 0.46232
150.0 5550.0 0.28497
250.0 5550.0 0.11311
350.0 5550.0 -0.01398
450.0 5550.0 -0.08592
550.0 5550.0 -0.13222
650.0 5550.0 -0.14081
750.0 5550.0 -0.10233
850.0 5550.0 -0.03622
950.0 5550.0 0.02546
1050.0 5550.0 0.05047
1150.0 5550.0 0.01524
1250.0 5550.0 -0.09020
1350.0 5550.0 -0.26089
1450.0 5550.0 -0.47955
1550.0 5550.0 -0.72278
1650.0 5550.0 -0.97114
1750.0 5550.0 -1.21483
1850.0 5550.0 -1.43224
1950.0 5550.0 -1.59674
2050.0 5550.0 -1.68836
2150.0 5550.0 -1.69983
2250.0 5550.0 -1.63945
2350.0 5550.0 -1.53044
2450.0 5550.0 -1.40727
2550.0 5550.0 -1.30849
2650.0 5550.0 -1.26638
2750.0 5550.0 -1.29333
2850.0 5550.0 -1.36546
2950.0 5550.0 -1.45468
3050.0 5550.0 -1.56719
3150.0 5550.0 -1.68573
3250.0 5550.0 -1.77988
3350.0 5550.0 -1.82039
3450.0 5550.0 -1.78902
3550.0 5550.0 -1.68357
3650.0 5550.0 -1.51854
3750.0 5550.0 -1.32092
3850.0 5550.0 -1.12156
3950.0 5550.0 -0.94182
4050.0 5550.0 -0.77769
4150.0 5550.0 -0.62592
4250.0 5550.0 -0.50154
4350.0 5550.0 -0.41264
4450.0 5550.0 -0.35932
4550.0 5550.0 -0.33460
4650.0 5550.0 -0.32596
4750.0 5550.0 -0.31753
4850.0 5550.0 -0.29294
4950.0 5550.0 -0.23883
5050.0 5550.0 -0.14901
5150.0 5550.0 -0.02928
5250.0 5550.0 0.09976
5350.0 5550.0 0.22085
5450.0 5550.0 0.31934
5550.0 5550.0 0.38101
5650.0 5550.0 0.39712
5750.0 5550.0 0.36747
5850.0 5550.0 0.30126
5950.0 5550.0 0.21584
6050.0 5550.0 0.13335
6150.0 5550.0 0.07514
6250.0 5550.0 0.05413
6350.0 5550.0 0.06499
50.0 5650.0 0.46431
150.0 5650.0 0.32278
250.0 5650.0 0.17842
350.0 5650.0 0.06564
450.0 5650.0 -0.00441
550.0 5650.0 -0.05311
650.0 5650.0 -0.06649
750.0 5650.0 -0.03761
850.0 5650.0 0.01259
950.0 5650.0 0.05170
1050.0 5650.0 0.04846
1150.0 5650.0 -0.01859
1250.0 5650.0 -0.15651
1350.0 5650.0 -0.35721
1450.0 5650.0 -0.60076
1550.0 5650.0 -0.86265
1650.0 5650.0 -1.12496
1750.0 5650.0 -1.37889
1850.0 5650.0 -1.59535
1950.0 5650.0 -1.74567
2050.0 5650.0 -1.81363
2150.0 5650.0 -1.79864
2250.0 5650.0 -1.71621
2350.0 5650.0 -1.59566
2450.0 5650.0 -1.47517
2550.0 5650.0 -1.39418
2650.0 5650.0 -1.38297
2750.0 5650.0 -1.44970
2850.0 5650.0 -1.56509
2950.0 5650.0 -1.68650
3050.0 5650.0 -1.79949
3150.0 5650.0 -1.88109
3250.0 5650.0 -1.90722
3350.0 5650.0 -1.86230
3450.0 5650.0 -1.74496
3550.0 5650.0 -1.56960
3650.0 5650.0 -1.36395
3750.0 5650.0 -1.16264
3850.0 5650.0 -0.99671
3950.0 5650.0 -0.87905
4050.0 5650.0 -0.78842
4150.0 5650.0 -0.70705
4250.0 5650.0 -0.64146
4350.0 5650.0 -0.59160
4450.0 5650.0 -0.55230
4550.0 5650.0 -0.51589
4650.0 5650.0 -0.47432
4750.0 5650.0 -0.42082
4850.0 5650.0 -0.35109
4950.0 5650.0 -0.26397
5050.0 5650.0 -0.16171
5150.0 5650.0 -0.04969
5250.0 5650.0 0.06321
5350.0 5650.0 0.15933
5450.0 5650.0 0.22281
5550.0 5650.0 0.24622
5650.0 5650.0 0.23054
5750.0 5650.0 0.18442
5850.0 5650.0 0.12248
5950.0 5650.0 0.06280
6050.0 5650.0 0.02358
6150.0 5650.0 0.01892
6250.0 5650.0 0.05377
6350.0 5650.0 0.11806
50.0 5750.0 0.48310
150.0 5750.0 0.37711
250.0 5750.0 0.26057
350.0 5750.0 0.16234
450.0 5750.0 0.09407
550.0 5750.0 0.04301
650.0 5750.0 0.02756
750.0 5750.0 0.05388
850.0 5750.0 0.09960
950.0 5750.0 0.13096
1050.0 5750.0 0.11594
1150.0 5750.0 0.03316
1250.0 5750.0 -0.12343
1350.0 5750.0 -0.34408
1450.0 5750.0 -0.60701
1550.0 5750.0 -0.88626
1650.0 5750.0 -1.16393
1750.0 5750.0 -1.42924
1850.0 5750.0 -1.64283
1950.0 5750.0 -1.77304
2050.0 5750.0 -1.80797
2150.0 5750.0 -1.75517
2250.0 5750.0 -1.63922
2350.0 5750.0 -1.49730
2450.0 5750.0 -1.37283
2550.0 5750.0 -1.30691
2650.0 5750.0 -1.32793
2750.0 5750.0 -1.43901
2850.0 5750.0 -1.60380
2950.0 5750.0 -1.76294
3050.0 5750.0 -1.87993
3150.0 5750.0 -1.92600
3250.0 5750.0 -1.88407
3350.0 5750.0 -1.75334
3450.0 5750.0 -1.55045
3550.0 5750.0 -1.30729
3650.0 5750.0 -1.06543
3750.0 5750.0 -0.86724
3850.0 5750.0 -0.74359
3950.0 5750.0 -0.69820
4050.0 5750.0 -0.69184
4150.0 5750.0 -0.69284
4250.0 5750.0 -0.70010
4350.0 5750.0 -0.70486
4450.0 5750.0 -0.69539
4550.0 5750.0 -0.66187
4650.0 5750.0 -0.59957
4750.0 5750.0 -0.51021
4850.0 5750.0 -0.40159
4950.0 5750.0 -0.28539
5050.0 5750.0 -0.17327
5150.0 5750.0 -0.07111
5250.0 5750.0 0.02328
5350.0 5750.0 0.09046
5450.0 5750.0 0.11297
5550.0 5750.0 0.09105
5650.0 5750.0 0.03696
5750.0 5750.0 -0.03032
5850.0 5750.0 -0.08973
5950.0 5750.0 -0.12208
6050.0 5750.0 -0.11344
6150.0 5750.0 -0.05790
6250.0 5750.0 0.04040
6350.0 5750.0 0.16574
50.0 5850.0 0.50421
150.0 5850.0 0.42908
250.0 5850.0 0.33727
350.0 5850.0 0.25210
450.0 5850.0 0.18524
550.0 5850.0 0.13219
650.0 5850.0 0.11805
750.0 5850.0 0.15022
850.0 5850.0 0.20514
950.0 5850.0 0.24671
1050.0 5850.0 0.24028
1150.0 5850.0 0.16226
1250.0 5850.0 0.00525
1350.0 5850.0 -0.22126
1450.0 5850.0 -0.49470
1550.0 5850.0 -0.78758
1650.0 5850.0 -1.08021
1750.0 5850.0 -1.35679
1850.0 5850.0 -1.56598
1950.0 5850.0 -1.67259
2050.0 5850.0 -1.66912
2150.0 5850.0 -1.57176
2250.0 5850.0 -1.41495
2350.0 5850.0 -1.24465
2450.0 5850.0 -1.11028
2550.0 5850.0 -1.05529
2650.0 5850.0 -1.10639
2750.0 5850.0 -1.26146
2850.0 5850.0 -1.47626
2950.0 5850.0 -1.67466
3050.0 5850.0 -1.79964
3150.0 5850.0 -1.81733
3250.0 5850.0 -1.71754
3350.0 5850.0 -1.51339
3450.0 5850.0 -1.23832
3550.0 5850.0 -0.94029
3650.0 5850.0 -0.67338
3750.0 5850.0 -0.48669
3850.0 5850.0 -0.41051
3950.0 5850.0 -0.43982
4050.0 5850.0 -0.51899
4150.0 5850.0 -0.60470
4250.0 5850.0 -0.68945
4350.0 5850.0 -0.75609
4450.0 5850.0 -0.78586
4550.0 5850.0 -0.76590
4650.0 5850.0 -0.69366
4750.0 5850.0 -0.57821
4850.0 5850.0 -0.43851
4950.0 5850.0 -0.29851
5050.0 5850.0 -0.17923
5150.0 5850.0 -0.08774
5250.0 5850.0 -0.01219
5350.0 5850.0 0.02511
5450.0 5850.0 0.00467
5550.0 5850.0 -0.06551
5650.0 5850.0 -0.16162
5750.0 5850.0 -0.25389
5850.0 5850.0 -0.31430
5950.0 5850.0 -0.32216
6050.0 5850.0 -0.26753
6150.0 5850.0 -0.15257
6250.0 5850.0 0.00932
6350.0 5850.0 0.19644
50.0 5950.0 0.51270
150.0 5950.0 0.46046
250.0 5950.0 0.38762
350.0 5950.0 0.31260
450.0 5950.0 0.24666
550.0 5950.0 0.19220
650.0 5950.0 0.18266
750.0 5950.0 0.22851
850.0 5950.0 0.30548
950.0 5950.0 0.37433
1050.0 5950.0 0.39618
1150.0 5950.0 0.34314
1250.0 5950.0 0.20428
1350.0 5950.0 -0.01312
1450.0 5950.0 -0.28689
1550.0 5950.0 -0.58806
1650.0 5950.0 -0.89357
1750.0 5950.0 -1.18007
1850.0 5950.0 -1.38408
1950.0 5950.0 -1.46681
2050.0 5950.0 -1.42474
2150.0 5950.0 -1.28216
2250.0 5950.0 -1.08293
2350.0 5950.0 -0.88156
2450.0 5950.0 -0.73350
2550.0 5950.0 -0.68479
2650.0 5950.0 -0.76086
2750.0 5950.0 -0.95474
2850.0 5950.0 -1.21452
2950.0 5950.0 -1.44938
3050.0 5950.0 -1.58590
3150.0 5950.0 -1.58650
3250.0 5950.0 -1.44688
3350.0 5950.0 -1.19162
3450.0 5950.0 -0.86763
3550.0 5950.0 -0.53552
3650.0 5950.0 -0.25895
3750.0 5950.0 -0.09181
3850.0 5950.0 -0.06342
3950.0 5950.0 -0.16158
4050.0 5950.0 -0.31788
4150.0 5950.0 -0.48051
4250.0 5950.0 -0.63700
4350.0 5950.0 -0.76286
4450.0 5950.0 -0.83282
4550.0 5950.0 -0.83080
4650.0 5950.0 -0.75558
4750.0 5950.0 -0.62219
4850.0 5950.0 -0.45899
4950.0 5950.0 -0.30061
5050.0 5950.0 -0.17643
5150.0 5950.0 -0.09493
5250.0 5950.0 -0.03641
5350.0 5950.0 -0.02673
5450.0 5950.0 -0.08766
5550.0 5950.0 -0.20431
5650.0 5950.0 -0.34225
5750.0 5950.0 -0.46158
5850.0 5950.0 -0.52752
5950.0 5950.0 -0.51748
6050.0 5950.0 -0.42470
6150.0 5950.0 -0.25833
6250.0 5950.0 -0.04012
6350.0 5950.0 0.20247
50.0 6050.0 0.49590
150.0 6050.0 0.45689
250.0 6050.0 0.39577
350.0 6050.0 0.32715
450.0 6050.0 0.26157
550.0 6050.0 0.20643
650.0 6050.0 0.20393
750.0 6050.0 0.26906
850.0 6050.0 0.37723
950.0 6050.0 0.48577
1050.0 6050.0 0.55060
1150.0 6050.0 0.53811
1250.0 6050.0 0.43222
1350.0 6050.0 0.23655
1450.0 6050.0 -0.02823
1550.0 6050.0 -0.33187
1650.0 6050.0 -0.64685
1750.0 6050.0 -0.94095
1850.0 6050.0 -1.13996
1950.0 6050.0 -1.20191
2050.0 6050.0 -1.12642
2150.0 6050.0 -0.94439
2250.0 6050.0 -0.70750
2350.0 6050.0 -0.47745
2450.0 6050.0 -0.31491
2550.0 6050.0 -0.26831
2650.0 6050.0 -0.36229
2750.0 6050.0 -0.58596
2850.0 6050.0 -0.88095
2950.0 6050.0 -1.14563
3050.0 6050.0 -1.29601
3150.0 6050.0 -1.29257
3250.0 6050.0 -1.13536
3350.0 6050.0 -0.85668
3450.0 6050.0 -0.51217
3550.0 6050.0 -0.17035
3650.0 6050.0 0.09951
3750.0 6050.0 0.24112
3850.0 6050.0 0.22643
3950.0 6050.0 0.07257
4050.0 6050.0 -0.14425
4150.0 6050.0 -0.36726
4250.0 6050.0 -0.58026
4350.0 6050.0 -0.75303
4450.0 6050.0 -0.85517
4550.0 6050.0 -0.86803
4650.0 6050.0 -0.79133
4750.0 6050.0 -0.64464
4850.0 6050.0 -0.46368
4950.0 6050.0 -0.29132
5050.0 6050.0 -0.16351
5150.0 6050.0 -0.08989
5250.0 6050.0 -0.04481
5350.0 6050.0 -0.05766
5450.0 6050.0 -0.15259
5550.0 6050.0 -0.30940
5650.0 6050.0 -0.48509
5750.0 6050.0 -0.63131
5850.0 6050.0 -0.70734
5950.0 6050.0 -0.68847
6050.0 6050.0 -0.56985
6150.0 6050.0 -0.36581
6250.0 6050.0 -0.10463
6350.0 6050.0 0.18124
50.0 6150.0 0.44611
150.0 6150.0 0.41087
250.0 6150.0 0.35409
350.0 6150.0 0.28803
450.0 6150.0 0.22234
550.0 6150.0 0.16718
650.0 6150.0 0.17291
750.0 6150.0 0.25957
850.0 6150.0 0.40271
950.0 6150.0 0.55638
1050.0 6150.0 0.67111
1150.0 6150.0 0.70713
1250.0 6150.0 0.64251
1350.0 6150.0 0.47639
1450.0 6150.0 0.22728
1550.0 6150.0 -0.07363
1650.0 6150.0 -0.39405
1750.0 6150.0 -0.69291
1850.0 6150.0 -0.88798
1950.0 6150.0 -0.93501
2050.0 6150.0 -0.83562
2150.0 6150.0 -0.62518
2250.0 6150.0 -0.36073
2350.0 6150.0 -0.10895
2450.0 6150.0 0.06574
2550.0 6150.0 0.11309
2650.0 6150.0 0.00886
2750.0 6150.0 -0.23350
2850.0 6150.0 -0.55113
2950.0 6150.0 -0.83642
3050.0 6150.0 -1.00131
3150.0 6150.0 -1.00619
3250.0 6150.0 -0.85352
3350.0 6150.0 -0.57911
3450.0 6150.0 -0.24214
3550.0 6150.0 0.08616
3650.0 6150.0 0.33509
3750.0 6150.0 0.44840
3850.0 6150.0 0.39946
3950.0 6150.0 0.20774
4050.0 6150.0 -0.04808
4150.0 6150.0 -0.30942
4250.0 6150.0 -0.55722
4350.0 6150.0 -0.75738
4450.0 6150.0 -0.87638
4550.0 6150.0 -0.89424
4650.0 6150.0 -0.81183
4750.0 6150.0 -0.65219
4850.0 6150.0 -0.45622
4950.0 6150.0 -0.27244
5050.0 6150.0 -0.14107
5150.0 6150.0 -0.07222
5250.0 6150.0 -0.03591
5350.0 6150.0 -0.06437
5450.0 6150.0 -0.18404
5550.0 6150.0 -0.37146
5650.0 6150.0 -0.57774
5750.0 6150.0 -0.74849
5850.0 6150.0 -0.83835
5950.0 6150.0 -0.82039
6050.0 6150.0 -0.69032
6150.0 6150.0 -0.46537
6250.0 6150.0 -0.17804
6350.0 6150.0 0.13543
50.0 6250.0 0.36333
150.0 6250.0 0.32438
250.0 6250.0 0.26592
350.0 6250.0 0.19923
450.0 6250.0 0.13309
550.0 6250.0 0.07844
650.0 6250.0 0.09229
750.0 6250.0 0.19957
850.0 6250.0 0.37628
950.0 6250.0 0.57368
1050.0 6250.0 0.73751
1150.0 6250.0 0.82219
1250.0 6250.0 0.80015
1350.0 6250.0 0.66598
1450.0 6250.0 0.43576
1550.0 6250.0 0.14126
1650.0 6250.0 -0.18082
1750.0 6250.0 -0.48172
1850.0 6250.0 -0.67445
1950.0 6250.0 -0.71354
2050.0 6250.0 -0.60153
2150.0 6250.0 -0.37594
2250.0 6250.0 -0.09647
2350.0 6250.0 0.16764
2450.0 6250.0 0.35004
2550.0 6250.0 0.39941
2650.0 6250.0 0.29156
2750.0 6250.0 0.04119
2850.0 6250.0 -0.28660
2950.0 6250.0 -0.58298
3050.0 6250.0 -0.76156
3150.0 6250.0 -0.78411
3250.0 6250.0 -0.65373
3350.0 6250.0 -0.40597
3450.0 6250.0 -0.09889
3550.0 6250.0 0.19805
3650.0 6250.0 0.41634
3750.0 6250.0 0.50176
3850.0 6250.0 0.42909
3950.0 6250.0 0.21777
4050.0 6250.0 -0.05560
4150.0 6250.0 -0.33295
4250.0 6250.0 -0.59268
4350.0 6250.0 -0.79855
4450.0 6250.0 -0.91596
4550.0 6250.0 -0.92528
4650.0 6250.0 -0.82905
4750.0 6250.0 -0.65317
4850.0 6250.0 -0.44197
4950.0 6250.0 -0.24730
5050.0 6250.0 -0.11144
5150.0 6250.0 -0.04404
5250.0 6250.0 -0.01182
5350.0 6250.0 -0.04881
5450.0 6250.0 -0.18349
5550.0 6250.0 -0.39109
5650.0 6250.0 -0.61968
5750.0 6250.0 -0.81124
5850.0 6250.0 -0.91724
5950.0 6250.0 -0.90864
6050.0 6250.0 -0.78043
6150.0 6250.0 -0.55059
6250.0 6250.0 -0.25354
6350.0 6250.0 0.07197
50.0 6350.0 0.25807
150.0 6350.0 0.21131
250.0 6350.0 0.14774
350.0 6350.0 0.07858
450.0 6350.0 0.01183
550.0 6350.0 -0.04203
650.0 6350.0 -0.02077
750.0 6350.0 0.10490
850.0 6350.0 0.31160
950.0 6350.0 0.54838
1050.0 6350.0 0.75684
1150.0 6350.0 0.88636
1250.0 6350.0 0.90426
1350.0 6350.0 0.80094
1450.0 6350.0 0.59007
1550.0 6350.0 0.30369
1650.0 6350.0 -0.01759
1750.0 6350.0 -0.31872
1850.0 6350.0 -0.51047
1950.0 6350.0 -0.54697
2050.0 6350.0 -0.43090
2150.0 6350.0 -0.20031
2250.0 6350.0 0.08439
2350.0 6350.0 0.35323
2450.0 6350.0 0.53922
2550.0 6350.0 0.59066
2650.0 6350.0 0.48322
2750.0 6350.0 0.23188
2850.0 6350.0 -0.09760
2950.0 6350.0 -0.39844
3050.0 6350.0 -0.58936
3150.0 6350.0 -0.63446
3250.0 6350.0 -0.53628
3350.0 6350.0 -0.32774
3450.0 6350.0 -0.06292
3550.0 6350.0 0.19326
3650.0 6350.0 0.37655
3750.0 6350.0 0.43598
3850.0 6350.0 0.34759
3950.0 6350.0 0.12933
4050.0 6350.0 -0.14703
4150.0 6350.0 -0.42503
4250.0 6350.0 -0.68052
4350.0 6350.0 -0.87621
4450.0 6350.0 -0.97794
4550.0 6350.0 -0.96760
4650.0 6350.0 -0.85007
4750.0 6350.0 -0.65386
4850.0 6350.0 -0.42580
4950.0 6350.0 -0.21958
5050.0 6350.0 -0.07808
5150.0 6350.0 -0.00975
5250.0 6350.0 0.02157
5350.0 6350.0 -0.01904
5450.0 6350.0 -0.16185
5550.0 6350.0 -0.38213
5650.0 6350.0 -0.62679
5750.0 6350.0 -0.83595
5850.0 6350.0 -0.95894
5950.0 6350.0 -0.96479
6050.0 6350.0 -0.84698
6150.0 6350.0 -0.62282
6250.0 6350.0 -0.32705
6350.0 6350.0 0.00000
