50.0 50.0 -0.41923
150.0 50.0 -0.31050
250.0 50.0 -0.15860
350.0 50.0 0.02307
450.0 50.0 0.19618
550.0 50.0 0.32921
650.0 50.0 0.41974
750.0 50.0 0.50519
850.0 50.0 0.59921
950.0 50.0 0.64151
1050.0 50.0 0.59308
1150.0 50.0 0.48476
1250.0 50.0 0.38506
1350.0 50.0 0.30183
1450.0 50.0 0.22365
1550.0 50.0 0.20612
1650.0 50.0 0.27929
1750.0 50.0 0.40430
1850.0 50.0 0.50765
1950.0 50.0 0.57266
2050.0 50.0 0.56247
2150.0 50.0 0.45646
2250.0 50.0 0.31283
2350.0 50.0 0.21615
2450.0 50.0 0.21756
2550.0 50.0 0.26402
2650.0 50.0 0.16262
2750.0 50.0 -0.10268
2850.0 50.0 -0.36857
2950.0 50.0 -0.47475
3050.0 50.0 -0.37553
3150.0 50.0 -0.17022
3250.0 50.0 0.04017
3350.0 50.0 0.14008
3450.0 50.0 0.02735
3550.0 50.0 -0.24689
3650.0 50.0 -0.50872
3750.0 50.0 -0.66772
3850.0 50.0 -0.75179
3950.0 50.0 -0.69789
4050.0 50.0 -0.53684
4150.0 50.0 -0.37582
4250.0 50.0 -0.32468
4350.0 50.0 -0.38935
4450.0 50.0 -0.45276
4550.0 50.0 -0.43015
4650.0 50.0 -0.27903
4750.0 50.0 -0.04564
4850.0 50.0 0.15925
4950.0 50.0 0.27271
5050.0 50.0 0.34868
5150.0 50.0 0.33256
5250.0 50.0 0.17226
5350.0 50.0 -0.08673
5450.0 50.0 -0.32191
5550.0 50.0 -0.45024
5650.0 50.0 -0.50043
5750.0 50.0 -0.40219
5850.0 50.0 -0.20920
5950.0 50.0 -0.05337
6050.0 50.0 -0.03780
6150.0 50.0 -0.16340
6250.0 50.0 -0.33021
6350.0 50.0 -0.46075
50.0 150.0 -0.21730
150.0 150.0 -0.10499
250.0 150.0 0.01354
350.0 150.0 0.11317
450.0 150.0 0.17756
550.0 150.0 0.21762
650.0 150.0 0.25855
750.0 150.0 0.31311
850.0 150.0 0.38882
950.0 150.0 0.43358
1050.0 150.0 0.40283
1150.0 150.0 0.31033
1250.0 150.0 0.20985
1350.0 150.0 0.11139
1450.0 150.0 -0.01206
1550.0 150.0 -0.08890
1650.0 150.0 -0.05333
1750.0 150.0 0.07441
1850.0 150.0 0.21117
1950.0 150.0 0.31472
2050.0 150.0 0.31976
2150.0 150.0 0.20676
2250.0 150.0 0.05778
2350.0 150.0 -0.02056
2450.0 150.0 0.02805
2550.0 150.0 0.13319
2650.0 150.0 0.07087
2750.0 150.0 -0.17922
2850.0 150.0 -0.43355
2950.0 150.0 -0.50940
3050.0 150.0 -0.35204
3150.0 150.0 -0.07046
3250.0 150.0 0.25937
3350.0 150.0 0.50285
3450.0 150.0 0.48027
3550.0 150.0 0.20418
3650.0 150.0 -0.12176
3750.0 150.0 -0.35425
3850.0 150.0 -0.50399
3950.0 150.0 -0.49064
4050.0 150.0 -0.33844
4150.0 150.0 -0.17039
4250.0 150.0 -0.12467
4350.0 150.0 -0.21817
4450.0 150.0 -0.32314
4550.0 150.0 -0.35820
4650.0 150.0 -0.26771
4750.0 150.0 -0.08204
4850.0 150.0 0.09423
4950.0 150.0 0.19138
5050.0 150.0 0.26216
5150.0 150.0 0.27796
5250.0 150.0 0.19409
5350.0 150.0 0.03247
5450.0 150.0 -0.12444
5550.0 150.0 -0.21391
5650.0 150.0 -0.24387
5750.0 150.0 -0.15627
5850.0 150.0 -0.00444
5950.0 150.0 0.10236
6050.0 150.0 0.08976
6150.0 150.0 -0.03146
6250.0 150.0 -0.19088
6350.0 150.0 -0.35108
50.0 250.0 0.01295
150.0 250.0 0.11086
250.0 250.0 0.14888
350.0 250.0 0.10818
450.0 250.0 0.02448
550.0 250.0 -0.03353
650.0 250.0 -0.02129
750.0 250.0 0.02967
850.0 250.0 0.11433
950.0 250.0 0.18170
1050.0 250.0 0.17790
1150.0 250.0 0.10421
1250.0 250.0 0.00814
1350.0 250.0 -0.09375
1450.0 250.0 -0.23091
1550.0 250.0 -0.32922
1650.0 250.0 -0.31251
1750.0 250.0 -0.19285
1850.0 250.0 -0.05287
1950.0 250.0 0.05948
2050.0 250.0 0.08660
2150.0 250.0 0.01323
2250.0 250.0 -0.08854
2350.0 250.0 -0.12741
2450.0 250.0 -0.05689
2550.0 250.0 0.06125
2650.0 250.0 0.03355
2750.0 250.0 -0.14991
2850.0 250.0 -0.32311
2950.0 250.0 -0.33103
3050.0 250.0 -0.13741
3150.0 250.0 0.15952
3250.0 250.0 0.51248
3350.0 250.0 0.78588
3450.0 250.0 0.78474
3550.0 250.0 0.51260
3650.0 250.0 0.17700
3750.0 250.0 -0.06872
3850.0 250.0 -0.23500
3950.0 250.0 -0.24242
4050.0 250.0 -0.11026
4150.0 250.0 0.04300
4250.0 250.0 0.07978
4350.0 250.0 -0.02009
4450.0 250.0 -0.15399
4550.0 250.0 -0.26990
4650.0 250.0 -0.29246
4750.0 250.0 -0.20867
4850.0 250.0 -0.08751
4950.0 250.0 -0.00063
5050.0 250.0 0.08695
5150.0 250.0 0.17629
5250.0 250.0 0.21042
5350.0 250.0 0.16610
5450.0 250.0 0.08071
5550.0 250.0 0.00885
5650.0 250.0 -0.02374
5750.0 250.0 0.03342
5850.0 250.0 0.13117
5950.0 250.0 0.18236
6050.0 250.0 0.13592
6150.0 250.0 0.00905
6250.0 250.0 -0.15166
6350.0 250.0 -0.33173
50.0 350.0 0.24078
150.0 350.0 0.32126
250.0 350.0 0.27556
350.0 350.0 0.09658
450.0 350.0 -0.12520
550.0 350.0 -0.26679
650.0 350.0 -0.27019
750.0 350.0 -0.21063
850.0 350.0 -0.10386
950.0 350.0 -0.00457
1050.0 350.0 0.02077
1150.0 350.0 -0.03684
1250.0 350.0 -0.13089
1350.0 350.0 -0.23806
1450.0 350.0 -0.39660
1550.0 350.0 -0.53045
1650.0 350.0 -0.54833
1750.0 350.0 -0.44828
1850.0 350.0 -0.30953
1950.0 350.0 -0.18781
2050.0 350.0 -0.12394
2150.0 350.0 -0.12940
2250.0 350.0 -0.15622
2350.0 350.0 -0.14181
2450.0 350.0 -0.05294
2550.0 350.0 0.06739
2650.0 350.0 0.07180
2750.0 350.0 -0.04177
2850.0 350.0 -0.13706
2950.0 350.0 -0.09397
3050.0 350.0 0.10795
3150.0 350.0 0.38860
3250.0 350.0 0.72803
3350.0 350.0 1.00248
3450.0 350.0 1.02076
3550.0 350.0 0.77698
3650.0 350.0 0.46231
3750.0 350.0 0.22515
3850.0 350.0 0.05703
3950.0 350.0 0.02902
4050.0 350.0 0.12789
4150.0 350.0 0.25031
4250.0 350.0 0.27232
4350.0 350.0 0.17281
4450.0 350.0 0.01773
4550.0 350.0 -0.17603
4650.0 350.0 -0.31637
4750.0 350.0 -0.34451
4850.0 350.0 -0.28731
4950.0 350.0 -0.21433
5050.0 350.0 -0.10939
5150.0 350.0 0.06063
5250.0 350.0 0.22156
5350.0 350.0 0.29842
5450.0 350.0 0.28069
5550.0 350.0 0.21726
5650.0 350.0 0.16921
5750.0 350.0 0.17622
5850.0 350.0 0.20020
5950.0 350.0 0.18423
6050.0 350.0 0.10232
6150.0 350.0 -0.02660
6250.0 350.0 -0.18393
6350.0 350.0 -0.37672
50.0 450.0 0.42017
150.0 450.0 0.48673
250.0 450.0 0.38366
350.0 450.0 0.12055
450.0 450.0 -0.17202
550.0 450.0 -0.34146
650.0 450.0 -0.33090
750.0 450.0 -0.24233
850.0 450.0 -0.09472
950.0 450.0 0.04258
1050.0 450.0 0.08598
1150.0 450.0 0.02481
1250.0 450.0 -0.08162
1350.0 450.0 -0.20833
1450.0 450.0 -0.43003
1550.0 450.0 -0.65964
1650.0 450.0 -0.76131
1750.0 450.0 -0.69850
1850.0 450.0 -0.54883
1950.0 450.0 -0.39412
2050.0 450.0 -0.25990
2150.0 450.0 -0.16059
2250.0 450.0 -0.08654
2350.0 450.0 -0.00964
2450.0 450.0 0.09618
2550.0 450.0 0.21629
2650.0 450.0 0.25259
2750.0 450.0 0.19260
2850.0 450.0 0.12545
2950.0 450.0 0.14360
3050.0 450.0 0.27842
3150.0 450.0 0.48012
3250.0 450.0 0.75326
3350.0 450.0 1.01723
3450.0 450.0 1.10243
3550.0 450.0 0.96887
3650.0 450.0 0.74021
3750.0 450.0 0.54118
3850.0 450.0 0.38590
3950.0 450.0 0.32671
4050.0 450.0 0.36034
4150.0 450.0 0.41764
4250.0 450.0 0.40964
4350.0 450.0 0.31693
4450.0 450.0 0.16104
4550.0 450.0 -0.07226
4650.0 450.0 -0.29176
4750.0 450.0 -0.41168
4850.0 450.0 -0.42153
4950.0 450.0 -0.37855
5050.0 450.0 -0.27340
5150.0 450.0 -0.03848
5250.0 450.0 0.23465
5350.0 450.0 0.41822
5450.0 450.0 0.45263
5550.0 450.0 0.38079
5650.0 450.0 0.29345
5750.0 450.0 0.21166
5850.0 450.0 0.12741
5950.0 450.0 0.03317
6050.0 450.0 -0.07088
6150.0 450.0 -0.17843
6250.0 450.0 -0.31085
6350.0 450.0 -0.50615
50.0 550.0 0.44437
150.0 550.0 0.50539
250.0 550.0 0.39361
350.0 550.0 0.13623
450.0 550.0 -0.12559
550.0 550.0 -0.24804
650.0 550.0 -0.19237
750.0 550.0 -0.05997
850.0 550.0 0.13349
950.0 550.0 0.29550
1050.0 550.0 0.32847
1150.0 550.0 0.23480
1250.0 550.0 0.10060
1350.0 550.0 -0.05426
1450.0 550.0 -0.35021
1550.0 550.0 -0.68013
1650.0 550.0 -0.85579
1750.0 550.0 -0.80927
1850.0 550.0 -0.62735
1950.0 550.0 -0.42307
2050.0 550.0 -0.21946
2150.0 550.0 -0.04494
2250.0 550.0 0.08104
2350.0 550.0 0.17541
2450.0 550.0 0.27767
2550.0 550.0 0.39488
2650.0 550.0 0.46268
2750.0 550.0 0.44261
2850.0 550.0 0.36282
2950.0 550.0 0.29430
3050.0 550.0 0.30098
3150.0 550.0 0.37271
3250.0 550.0 0.52760
3350.0 550.0 0.74770
3450.0 550.0 0.90677
3550.0 550.0 0.92343
3650.0 550.0 0.82146
3750.0 550.0 0.68362
3850.0 550.0 0.56055
3950.0 550.0 0.48339
4050.0 550.0 0.45579
4150.0 550.0 0.44631
4250.0 550.0 0.40886
4350.0 550.0 0.32978
4450.0 550.0 0.20170
4550.0 550.0 -0.00005
4650.0 550.0 -0.20934
4750.0 550.0 -0.35155
4850.0 550.0 -0.40247
4950.0 550.0 -0.39833
5050.0 550.0 -0.31727
5150.0 550.0 -0.07020
5250.0 550.0 0.24182
5350.0 550.0 0.46154
5450.0 550.0 0.50169
5550.0 550.0 0.40160
5650.0 550.0 0.26326
5750.0 550.0 0.09547
5850.0 550.0 -0.06918
5950.0 550.0 -0.19491
6050.0 550.0 -0.27606
6150.0 550.0 -0.33566
6250.0 550.0 -0.42481
6350.0 550.0 -0.60886
50.0 650.0 0.30233
150.0 650.0 0.36573
250.0 650.0 0.28439
350.0 650.0 0.09869
450.0 650.0 -0.06494
550.0 650.0 -0.09778
650.0 650.0 0.01326
750.0 650.0 0.18705
850.0 650.0 0.41180
950.0 650.0 0.57235
1050.0 650.0 0.56694
1150.0 650.0 0.42202
1250.0 650.0 0.25477
1350.0 650.0 0.07596
1450.0 650.0 -0.26162
1550.0 650.0 -0.62841
1650.0 650.0 -0.80689
1750.0 650.0 -0.72612
1850.0 650.0 -0.49548
1950.0 650.0 -0.24535
2050.0 650.0 -0.01270
2150.0 650.0 0.15185
2250.0 650.0 0.22943
2350.0 650.0 0.26606
2450.0 650.0 0.33692
2550.0 650.0 0.45022
2650.0 650.0 0.54923
2750.0 650.0 0.56846
2850.0 650.0 0.47537
2950.0 650.0 0.31982
3050.0 650.0 0.19843
3150.0 650.0 0.13986
3250.0 650.0 0.16327
3350.0 650.0 0.30499
3450.0 650.0 0.49273
3550.0 650.0 0.62188
3650.0 650.0 0.62933
3750.0 650.0 0.55140
3850.0 650.0 0.47129
3950.0 650.0 0.40737
4050.0 650.0 0.36144
4150.0 650.0 0.32259
4250.0 650.0 0.27421
4350.0 650.0 0.21102
4450.0 650.0 0.12819
4550.0 650.0 0.01541
4650.0 650.0 -0.10034
4750.0 650.0 -0.18867
4850.0 650.0 -0.23981
4950.0 650.0 -0.26844
5050.0 650.0 -0.22641
5150.0 650.0 -0.02451
5250.0 650.0 0.23825
5350.0 650.0 0.40975
5450.0 650.0 0.40713
5550.0 650.0 0.26991
5650.0 650.0 0.09140
5750.0 650.0 -0.11342
5850.0 650.0 -0.27856
5950.0 650.0 -0.35578
6050.0 650.0 -0.36491
6150.0 650.0 -0.36567
6250.0 650.0 -0.41021
6350.0 650.0 -0.57519
50.0 750.0 0.11164
150.0 750.0 0.17875
250.0 750.0 0.12721
350.0 750.0 0.00418
450.0 750.0 -0.08014
550.0 750.0 -0.04599
650.0 750.0 0.10187
750.0 750.0 0.29920
850.0 750.0 0.53237
950.0 750.0 0.67269
1050.0 750.0 0.62309
1150.0 750.0 0.43291
1250.0 750.0 0.24149
1350.0 750.0 0.05252
1450.0 750.0 -0.27558
1550.0 750.0 -0.59689
1650.0 750.0 -0.70069
1750.0 750.0 -0.54465
1850.0 750.0 -0.26642
1950.0 750.0 0.00843
2050.0 750.0 0.22159
2150.0 750.0 0.30121
2250.0 750.0 0.25636
2350.0 750.0 0.18799
2450.0 750.0 0.21387
2550.0 750.0 0.32470
2650.0 750.0 0.45492
2750.0 750.0 0.52633
2850.0 750.0 0.45995
2950.0 750.0 0.27875
3050.0 750.0 0.09042
3150.0 750.0 -0.04784
3250.0 750.0 -0.12012
3350.0 750.0 -0.06570
3450.0 750.0 0.08830
3550.0 750.0 0.24365
3650.0 750.0 0.29867
3750.0 750.0 0.25600
3850.0 750.0 0.21264
3950.0 750.0 0.18702
4050.0 750.0 0.17136
4150.0 750.0 0.15069
4250.0 750.0 0.11351
4350.0 750.0 0.06221
4450.0 750.0 0.01735
4550.0 750.0 -0.00717
4650.0 750.0 -0.01661
4750.0 750.0 -0.02712
4850.0 750.0 -0.05435
4950.0 750.0 -0.09950
5050.0 750.0 -0.09051
5150.0 750.0 0.04870
5250.0 750.0 0.22740
5350.0 750.0 0.31782
5450.0 750.0 0.25936
5550.0 750.0 0.09396
5650.0 750.0 -0.09967
5750.0 750.0 -0.28434
5850.0 750.0 -0.37975
5950.0 750.0 -0.35716
6050.0 750.0 -0.27912
6150.0 750.0 -0.23423
6250.0 750.0 -0.25091
6350.0 750.0 -0.40097
50.0 850.0 0.00325
150.0 850.0 0.06894
250.0 850.0 0.01291
350.0 850.0 -0.11495
450.0 850.0 -0.20086
550.0 850.0 -0.16403
650.0 850.0 -0.01099
750.0 850.0 0.19002
850.0 850.0 0.41591
950.0 850.0 0.53528
1050.0 850.0 0.45825
1150.0 850.0 0.24622
1250.0 850.0 0.04608
1350.0 850.0 -0.13967
1450.0 850.0 -0.42329
1550.0 850.0 -0.65199
1650.0 850.0 -0.64657
1750.0 850.0 -0.40800
1850.0 850.0 -0.09768
1950.0 850.0 0.17908
2050.0 850.0 0.34749
2150.0 850.0 0.32282
2250.0 850.0 0.15016
2350.0 850.0 -0.01700
2450.0 850.0 -0.02904
2550.0 850.0 0.08194
2650.0 850.0 0.24366
2750.0 850.0 0.38364
2850.0 850.0 0.39379
2950.0 850.0 0.26274
3050.0 850.0 0.08268
3150.0 850.0 -0.07266
3250.0 850.0 -0.18530
3350.0 850.0 -0.19963
3450.0 850.0 -0.11753
3550.0 850.0 -0.00993
3650.0 850.0 0.03125
3750.0 850.0 -0.00539
3850.0 850.0 -0.02885
3950.0 850.0 -0.01196
4050.0 850.0 0.02577
4150.0 850.0 0.04981
4250.0 850.0 0.03526
4350.0 850.0 -0.01106
4450.0 850.0 -0.04182
4550.0 850.0 -0.02804
4650.0 850.0 0.01330
4750.0 850.0 0.04492
4850.0 850.0 0.03633
4950.0 850.0 -0.01049
5050.0 850.0 -0.01440
5150.0 850.0 0.08957
5250.0 850.0 0.21680
5350.0 850.0 0.25782
5450.0 850.0 0.16891
5550.0 850.0 -0.00604
5650.0 850.0 -0.19325
5750.0 850.0 -0.32921
5850.0 850.0 -0.33684
5950.0 850.0 -0.21969
6050.0 850.0 -0.07782
6150.0 850.0 -0.01288
6250.0 850.0 -0.02345
6350.0 850.0 -0.17037
50.0 950.0 -0.09236
150.0 950.0 -0.03276
250.0 950.0 -0.10695
350.0 950.0 -0.26442
450.0 950.0 -0.38211
550.0 950.0 -0.36833
650.0 950.0 -0.22552
750.0 950.0 -0.03309
850.0 950.0 0.17343
950.0 950.0 0.26894
1050.0 950.0 0.17547
1150.0 950.0 -0.03952
1250.0 950.0 -0.23241
1350.0 950.0 -0.40103
1450.0 950.0 -0.62009
1550.0 950.0 -0.73870
1650.0 950.0 -0.61988
1750.0 950.0 -0.30836
1850.0 950.0 0.01967
1950.0 950.0 0.28575
2050.0 950.0 0.40369
2150.0 950.0 0.27882
2250.0 950.0 -0.01235
2350.0 950.0 -0.27214
2450.0 950.0 -0.32517
2550.0 950.0 -0.22285
2650.0 950.0 -0.03303
2750.0 950.0 0.19002
2850.0 950.0 0.31237
2950.0 950.0 0.27621
3050.0 950.0 0.13918
3150.0 950.0 -0.01123
3250.0 950.0 -0.14193
3350.0 950.0 -0.21083
3450.0 950.0 -0.20508
3550.0 950.0 -0.16543
3650.0 950.0 -0.15916
3750.0 950.0 -0.20309
3850.0 950.0 -0.21987
3950.0 950.0 -0.17239
4050.0 950.0 -0.08754
4150.0 950.0 -0.01904
4250.0 950.0 -0.00945
4350.0 950.0 -0.05129
4450.0 950.0 -0.07614
4550.0 950.0 -0.04670
4650.0 950.0 0.01702
4750.0 950.0 0.06983
4850.0 950.0 0.07410
4950.0 950.0 0.03155
5050.0 950.0 0.02552
5150.0 950.0 0.11270
5250.0 950.0 0.21107
5350.0 950.0 0.22257
5450.0 950.0 0.11554
5550.0 950.0 -0.06344
5650.0 950.0 -0.23903
5750.0 950.0 -0.32146
5850.0 950.0 -0.24465
5950.0 950.0 -0.04757
6050.0 950.0 0.13779
6150.0 950.0 0.20514
6250.0 950.0 0.18826
6350.0 950.0 0.04663
50.0 1050.0 -0.26156
150.0 1050.0 -0.21734
250.0 1050.0 -0.30280
350.0 1050.0 -0.47383
450.0 1050.0 -0.61344
550.0 1050.0 -0.62951
650.0 1050.0 -0.51904
750.0 1050.0 -0.36551
850.0 1050.0 -0.21774
950.0 1050.0 -0.16800
1050.0 1050.0 -0.26100
1150.0 1050.0 -0.43186
1250.0 1050.0 -0.56827
1350.0 1050.0 -0.67479
1450.0 1050.0 -0.78367
1550.0 1050.0 -0.77256
1650.0 1050.0 -0.56374
1750.0 1050.0 -0.23001
1850.0 1050.0 0.07181
1950.0 1050.0 0.29956
2050.0 1050.0 0.36860
2150.0 1050.0 0.17592
2250.0 1050.0 -0.19756
2350.0 1050.0 -0.53917
2450.0 1050.0 -0.65886
2550.0 1050.0 -0.60865
2650.0 1050.0 -0.42142
2750.0 1050.0 -0.10728
2850.0 1050.0 0.17899
2950.0 1050.0 0.30614
3050.0 1050.0 0.25761
3150.0 1050.0 0.13047
3250.0 1050.0 0.00997
3350.0 1050.0 -0.07704
3450.0 1050.0 -0.12378
3550.0 1050.0 -0.15239
3650.0 1050.0 -0.19920
3750.0 1050.0 -0.27283
3850.0 1050.0 -0.31569
3950.0 1050.0 -0.28199
4050.0 1050.0 -0.18816
4150.0 1050.0 -0.09344
4250.0 1050.0 -0.05925
4350.0 1050.0 -0.08923
4450.0 1050.0 -0.10720
4550.0 1050.0 -0.07554
4650.0 1050.0 -0.01033
4750.0 1050.0 0.04790
4850.0 1050.0 0.06323
4950.0 1050.0 0.03528
5050.0 1050.0 0.04297
5150.0 1050.0 0.13558
5250.0 1050.0 0.22563
5350.0 1050.0 0.21888
5450.0 1050.0 0.09519
5550.0 1050.0 -0.09062
5650.0 1050.0 -0.25501
5750.0 1050.0 -0.28262
5850.0 1050.0 -0.13314
5950.0 1050.0 0.11128
6050.0 1050.0 0.29509
6150.0 1050.0 0.32234
6250.0 1050.0 0.27078
6350.0 1050.0 0.15545
50.0 1150.0 -0.39567
150.0 1150.0 -0.37267
250.0 1150.0 -0.45041
350.0 1150.0 -0.59903
450.0 1150.0 -0.72965
550.0 1150.0 -0.76779
650.0 1150.0 -0.70631
750.0 1150.0 -0.61872
850.0 1150.0 -0.56290
950.0 1150.0 -0.57435
1050.0 1150.0 -0.64690
1150.0 1150.0 -0.72786
1250.0 1150.0 -0.76234
1350.0 1150.0 -0.76990
1450.0 1150.0 -0.75683
1550.0 1150.0 -0.65570
1650.0 1150.0 -0.44261
1750.0 1150.0 -0.17844
1850.0 1150.0 0.04239
1950.0 1150.0 0.20930
2050.0 1150.0 0.25932
2150.0 1150.0 0.08836
2250.0 1150.0 -0.26376
2350.0 1150.0 -0.62416
2450.0 1150.0 -0.81400
2550.0 1150.0 -0.85667
2650.0 1150.0 -0.73062
2750.0 1150.0 -0.38961
2850.0 1150.0 0.01887
2950.0 1150.0 0.30135
3050.0 1150.0 0.35362
3150.0 1150.0 0.26514
3250.0 1150.0 0.19065
3350.0 1150.0 0.14481
3450.0 1150.0 0.10138
3550.0 1150.0 0.03266
3650.0 1150.0 -0.07074
3750.0 1150.0 -0.19328
3850.0 1150.0 -0.29259
3950.0 1150.0 -0.31491
4050.0 1150.0 -0.24944
4150.0 1150.0 -0.14747
4250.0 1150.0 -0.08950
4350.0 1150.0 -0.10112
4450.0 1150.0 -0.11281
4550.0 1150.0 -0.09606
4650.0 1150.0 -0.05544
4750.0 1150.0 -0.01261
4850.0 1150.0 0.00865
4950.0 1150.0 0.00412
5050.0 1150.0 0.04063
5150.0 1150.0 0.16176
5250.0 1150.0 0.26671
5350.0 1150.0 0.25631
5450.0 1150.0 0.11984
5550.0 1150.0 -0.07487
5650.0 1150.0 -0.23160
5750.0 1150.0 -0.21753
5850.0 1150.0 -0.02946
5950.0 1150.0 0.20933
6050.0 1150.0 0.33640
6150.0 1150.0 0.28187
6250.0 1150.0 0.16743
6350.0 1150.0 0.08342
50.0 1250.0 -0.38474
150.0 1250.0 -0.38000
250.0 1250.0 -0.43032
350.0 1250.0 -0.52284
450.0 1250.0 -0.61066
550.0 1250.0 -0.65073
650.0 1250.0 -0.63531
750.0 1250.0 -0.61596
850.0 1250.0 -0.65224
950.0 1250.0 -0.72043
1050.0 1250.0 -0.76387
1150.0 1250.0 -0.74569
1250.0 1250.0 -0.67218
1350.0 1250.0 -0.58214
1450.0 1250.0 -0.48689
1550.0 1250.0 -0.37982
1650.0 1250.0 -0.26126
1750.0 1250.0 -0.14018
1850.0 1250.0 -0.02704
1950.0 1250.0 0.08009
2050.0 1250.0 0.15381
2150.0 1250.0 0.09778
2250.0 1250.0 -0.12335
2350.0 1250.0 -0.42186
2450.0 1250.0 -0.65483
2550.0 1250.0 -0.79667
2650.0 1250.0 -0.78089
2750.0 1250.0 -0.51920
2850.0 1250.0 -0.11589
2950.0 1250.0 0.22391
3050.0 1250.0 0.33824
3150.0 1250.0 0.28837
3250.0 1250.0 0.27792
3350.0 1250.0 0.31609
3450.0 1250.0 0.32948
3550.0 1250.0 0.26313
3650.0 1250.0 0.12070
3750.0 1250.0 -0.05130
3850.0 1250.0 -0.21128
3950.0 1250.0 -0.29699
4050.0 1250.0 -0.26782
4150.0 1250.0 -0.16407
4250.0 1250.0 -0.08412
4350.0 1250.0 -0.07691
4450.0 1250.0 -0.08449
4550.0 1250.0 -0.09134
4650.0 1250.0 -0.08806
4750.0 1250.0 -0.07195
4850.0 1250.0 -0.05019
4950.0 1250.0 -0.03109
5050.0 1250.0 0.03695
5150.0 1250.0 0.19323
5250.0 1250.0 0.32196
5350.0 1250.0 0.31560
5450.0 1250.0 0.17029
5550.0 1250.0 -0.03288
5650.0 1250.0 -0.18672
5750.0 1250.0 -0.15227
5850.0 1250.0 0.03820
5950.0 1250.0 0.23311
6050.0 1250.0 0.27750
6150.0 1250.0 0.13227
6250.0 1250.0 -0.05156
6350.0 1250.0 -0.12317
50.0 1350.0 -0.23133
150.0 1350.0 -0.23546
250.0 1350.0 -0.25303
350.0 1350.0 -0.28397
450.0 1350.0 -0.31824
550.0 1350.0 -0.34330
650.0 1350.0 -0.35390
750.0 1350.0 -0.37887
850.0 1350.0 -0.47457
950.0 1350.0 -0.57877
1050.0 1350.0 -0.60232
1150.0 1350.0 -0.51900
1250.0 1350.0 -0.37505
1350.0 1350.0 -0.22559
1450.0 1350.0 -0.10838
1550.0 1350.0 -0.05880
1650.0 1350.0 -0.07066
1750.0 1350.0 -0.09169
1850.0 1350.0 -0.06467
1950.0 1350.0 0.00629
2050.0 1350.0 0.12636
2150.0 1350.0 0.21052
2250.0 1350.0 0.15170
2350.0 1350.0 -0.04869
2450.0 1350.0 -0.28830
2550.0 1350.0 -0.49671
2650.0 1350.0 -0.59315
2750.0 1350.0 -0.47696
2850.0 1350.0 -0.19320
2950.0 1350.0 0.09209
3050.0 1350.0 0.20893
3150.0 1350.0 0.18241
3250.0 1350.0 0.22259
3350.0 1350.0 0.33844
3450.0 1350.0 0.41878
3550.0 1350.0 0.37886
3650.0 1350.0 0.22235
3750.0 1350.0 0.01922
3850.0 1350.0 -0.17654
3950.0 1350.0 -0.29285
4050.0 1350.0 -0.27271
4150.0 1350.0 -0.15508
4250.0 1350.0 -0.05454
4350.0 1350.0 -0.03436
4450.0 1350.0 -0.03986
4550.0 1350.0 -0.06401
4650.0 1350.0 -0.08783
4750.0 1350.0 -0.09168
4850.0 1350.0 -0.07097
4950.0 1350.0 -0.03670
5050.0 1350.0 0.05120
5150.0 1350.0 0.22787
5250.0 1350.0 0.36826
5350.0 1350.0 0.36089
5450.0 1350.0 0.20774
5550.0 1350.0 -0.00133
5650.0 1350.0 -0.15457
5750.0 1350.0 -0.11278
5850.0 1350.0 0.06961
5950.0 1350.0 0.22630
6050.0 1350.0 0.21097
6150.0 1350.0 0.00540
6250.0 1350.0 -0.22786
6350.0 1350.0 -0.31517
50.0 1450.0 -0.03015
150.0 1450.0 -0.03400
250.0 1450.0 -0.03007
350.0 1450.0 -0.02311
450.0 1450.0 -0.02108
550.0 1450.0 -0.02812
650.0 1450.0 -0.04210
750.0 1450.0 -0.07907
850.0 1450.0 -0.19282
950.0 1450.0 -0.31095
1050.0 1450.0 -0.33412
1150.0 1450.0 -0.23699
1250.0 1450.0 -0.07553
1350.0 1450.0 0.08643
1450.0 1450.0 0.18580
1550.0 1450.0 0.17438
1650.0 1450.0 0.07677
1750.0 1450.0 -0.01815
1850.0 1450.0 -0.02570
1950.0 1450.0 0.03789
2050.0 1450.0 0.19398
2150.0 1450.0 0.36536
2250.0 1450.0 0.40855
2350.0 1450.0 0.27853
2450.0 1450.0 0.05372
2550.0 1450.0 -0.17433
2650.0 1450.0 -0.34080
2750.0 1450.0 -0.35695
2850.0 1450.0 -0.22111
2950.0 1450.0 -0.04222
3050.0 1450.0 0.03728
3150.0 1450.0 0.01485
3250.0 1450.0 0.07232
3350.0 1450.0 0.21887
3450.0 1450.0 0.33022
3550.0 1450.0 0.30843
3650.0 1450.0 0.15331
3750.0 1450.0 -0.05731
3850.0 1450.0 -0.25359
3950.0 1450.0 -0.35240
4050.0 1450.0 -0.29963
4150.0 1450.0 -0.14789
4250.0 1450.0 -0.02687
4350.0 1450.0 -0.00156
4450.0 1450.0 -0.00557
4550.0 1450.0 -0.03113
4650.0 1450.0 -0.05753
4750.0 1450.0 -0.06248
4850.0 1450.0 -0.03983
4950.0 1450.0 -0.00127
5050.0 1450.0 0.08931
5150.0 1450.0 0.26171
5250.0 1450.0 0.39039
5350.0 1450.0 0.36862
5450.0 1450.0 0.20528
5550.0 1450.0 -0.00683
5650.0 1450.0 -0.15807
5750.0 1450.0 -0.10595
5850.0 1450.0 0.08807
5950.0 1450.0 0.24854
6050.0 1450.0 0.22605
6150.0 1450.0 0.00658
6250.0 1450.0 -0.24501
6350.0 1450.0 -0.36623
50.0 1550.0 0.16778
150.0 1550.0 0.16919
250.0 1550.0 0.19007
350.0 1550.0 0.22349
450.0 1550.0 0.25171
550.0 1550.0 0.26114
650.0 1550.0 0.25166
750.0 1550.0 0.21544
850.0 1550.0 0.10073
950.0 1550.0 -0.02333
1050.0 1550.0 -0.05779
1150.0 1550.0 0.02639
1250.0 1550.0 0.17780
1350.0 1550.0 0.32949
1450.0 1550.0 0.40411
1550.0 1550.0 0.35387
1650.0 1550.0 0.21619
1750.0 1550.0 0.09344
1850.0 1550.0 0.07499
1950.0 1550.0 0.13747
2050.0 1550.0 0.31493
2150.0 1550.0 0.53743
2250.0 1550.0 0.64469
2350.0 1550.0 0.56573
2450.0 1550.0 0.36231
2550.0 1550.0 0.13435
2650.0 1550.0 -0.07946
2750.0 1550.0 -0.21113
2850.0 1550.0 -0.22199
2950.0 1550.0 -0.16206
3050.0 1550.0 -0.13424
3150.0 1550.0 -0.16258
3250.0 1550.0 -0.10680
3350.0 1550.0 0.04176
3450.0 1550.0 0.15896
3550.0 1550.0 0.14428
3650.0 1550.0 -0.00605
3750.0 1550.0 -0.21445
3850.0 1550.0 -0.39346
3950.0 1550.0 -0.44543
4050.0 1550.0 -0.32918
4150.0 1550.0 -0.12222
4250.0 1550.0 0.02655
4350.0 1550.0 0.05591
4450.0 1550.0 0.05218
4550.0 1550.0 0.02578
4650.0 1550.0 -0.00124
4750.0 1550.0 -0.00533
4850.0 1550.0 0.01978
4950.0 1550.0 0.06153
5050.0 1550.0 0.14768
5150.0 1550.0 0.29574
5250.0 1550.0 0.38871
5350.0 1550.0 0.33735
5450.0 1550.0 0.16346
5550.0 1550.0 -0.04141
5650.0 1550.0 -0.17879
5750.0 1550.0 -0.10313
5850.0 1550.0 0.12086
5950.0 1550.0 0.30926
6050.0 1550.0 0.30577
6150.0 1550.0 0.09604
6250.0 1550.0 -0.15607
6350.0 1550.0 -0.31356
50.0 1650.0 0.33673
150.0 1650.0 0.35565
250.0 1650.0 0.40150
350.0 1650.0 0.46250
450.0 1650.0 0.51314
550.0 1650.0 0.53602
650.0 1650.0 0.53342
750.0 1650.0 0.50692
850.0 1650.0 0.41299
950.0 1650.0 0.29770
1050.0 1650.0 0.23892
1150.0 1650.0 0.27019
1250.0 1650.0 0.36326
1350.0 1650.0 0.46386
1450.0 1650.0 0.51567
1550.0 1650.0 0.48512
1650.0 1650.0 0.39393
1750.0 1650.0 0.30898
1850.0 1650.0 0.29105
1950.0 1650.0 0.33257
2050.0 1650.0 0.49981
2150.0 1650.0 0.74036
2250.0 1650.0 0.89497
2350.0 1650.0 0.87197
2450.0 1650.0 0.70627
2550.0 1650.0 0.49571
2650.0 1650.0 0.25410
2750.0 1650.0 0.01835
2850.0 1650.0 -0.14703
2950.0 1650.0 -0.23011
3050.0 1650.0 -0.27919
3150.0 1650.0 -0.33259
3250.0 1650.0 -0.30531
3350.0 1650.0 -0.18691
3450.0 1650.0 -0.08676
3550.0 1650.0 -0.10014
3650.0 1650.0 -0.23926
3750.0 1650.0 -0.43624
3850.0 1650.0 -0.57662
3950.0 1650.0 -0.53760
4050.0 1650.0 -0.30200
4150.0 1650.0 0.00820
4250.0 1650.0 0.21089
4350.0 1650.0 0.25224
4450.0 1650.0 0.24262
4550.0 1650.0 0.18530
4650.0 1650.0 0.11759
4750.0 1650.0 0.08594
4850.0 1650.0 0.10980
4950.0 1650.0 0.17048
5050.0 1650.0 0.24972
5150.0 1650.0 0.32143
5250.0 1650.0 0.30876
5350.0 1650.0 0.18738
5450.0 1650.0 0.01707
5550.0 1650.0 -0.12500
5650.0 1650.0 -0.18991
5750.0 1650.0 -0.05226
5850.0 1650.0 0.21550
5950.0 1650.0 0.43372
6050.0 1650.0 0.46115
6150.0 1650.0 0.29570
6250.0 1650.0 0.08050
6350.0 1650.0 -0.09980
50.0 1750.0 0.38491
150.0 1750.0 0.43162
250.0 1750.0 0.49982
350.0 1750.0 0.57142
450.0 1750.0 0.62201
550.0 1750.0 0.64353
650.0 1750.0 0.64734
750.0 1750.0 0.64129
850.0 1750.0 0.60025
950.0 1750.0 0.52675
1050.0 1750.0 0.44979
1150.0 1750.0 0.40056
1250.0 1750.0 0.38987
1350.0 1750.0 0.39730
1450.0 1750.0 0.42342
1550.0 1750.0 0.46256
1650.0 1750.0 0.49519
1750.0 1750.0 0.50713
1850.0 1750.0 0.49879
1950.0 1750.0 0.49820
2050.0 1750.0 0.61419
2150.0 1750.0 0.82042
2250.0 1750.0 0.98327
2350.0 1750.0 1.00459
2450.0 1750.0 0.88706
2550.0 1750.0 0.71332
2650.0 1750.0 0.49389
2750.0 1750.0 0.23556
2850.0 1750.0 -0.00588
2950.0 1750.0 -0.18809
3050.0 1750.0 -0.31153
3150.0 1750.0 -0.40768
3250.0 1750.0 -0.43215
3350.0 1750.0 -0.36634
3450.0 1750.0 -0.29316
3550.0 1750.0 -0.30006
3650.0 1750.0 -0.41640
3750.0 1750.0 -0.59271
3850.0 1750.0 -0.69179
3950.0 1750.0 -0.57170
4050.0 1750.0 -0.23516
4150.0 1750.0 0.16161
4250.0 1750.0 0.41240
4350.0 1750.0 0.47015
4450.0 1750.0 0.45194
4550.0 1750.0 0.34481
4650.0 1750.0 0.21262
4750.0 1750.0 0.13999
4850.0 1750.0 0.16714
4950.0 1750.0 0.26402
5050.0 1750.0 0.33957
5150.0 1750.0 0.30388
5250.0 1750.0 0.14796
5350.0 1750.0 -0.05245
5450.0 1750.0 -0.18632
5550.0 1750.0 -0.20562
5650.0 1750.0 -0.14513
5750.0 1750.0 0.06312
5850.0 1750.0 0.33875
5950.0 1750.0 0.53862
6050.0 1750.0 0.57824
6150.0 1750.0 0.48528
6250.0 1750.0 0.34810
6350.0 1750.0 0.17547
50.0 1850.0 0.28375
150.0 1850.0 0.35738
250.0 1850.0 0.43264
350.0 1850.0 0.48653
450.0 1850.0 0.50709
550.0 1850.0 0.50813
650.0 1850.0 0.51435
750.0 1850.0 0.53318
850.0 1850.0 0.56522
950.0 1850.0 0.56493
1050.0 1850.0 0.49749
1150.0 1850.0 0.37990
1250.0 1850.0 0.26126
1350.0 1850.0 0.16610
1450.0 1850.0 0.15930
1550.0 1850.0 0.26539
1650.0 1850.0 0.42307
1750.0 1850.0 0.53360
1850.0 1850.0 0.53333
1950.0 1850.0 0.48505
2050.0 1850.0 0.52925
2150.0 1850.0 0.66471
2250.0 1850.0 0.79749
2350.0 1850.0 0.83798
2450.0 1850.0 0.76234
2550.0 1850.0 0.63192
2650.0 1850.0 0.48603
2750.0 1850.0 0.31719
2850.0 1850.0 0.13382
2950.0 1850.0 -0.04526
3050.0 1850.0 -0.20407
3150.0 1850.0 -0.34410
3250.0 1850.0 -0.41965
3350.0 1850.0 -0.39703
3450.0 1850.0 -0.33467
3550.0 1850.0 -0.31894
3650.0 1850.0 -0.40328
3750.0 1850.0 -0.55712
3850.0 1850.0 -0.64032
3950.0 1850.0 -0.51602
4050.0 1850.0 -0.18497
4150.0 1850.0 0.20551
4250.0 1850.0 0.45891
4350.0 1850.0 0.52897
4450.0 1850.0 0.50650
4550.0 1850.0 0.36173
4650.0 1850.0 0.18343
4750.0 1850.0 0.08831
4850.0 1850.0 0.13103
4950.0 1850.0 0.26935
5050.0 1850.0 0.34965
5150.0 1850.0 0.23004
5250.0 1850.0 -0.03097
5350.0 1850.0 -0.26842
5450.0 1850.0 -0.33391
5550.0 1850.0 -0.21354
5650.0 1850.0 -0.02604
5750.0 1850.0 0.21292
5850.0 1850.0 0.42097
5950.0 1850.0 0.52437
6050.0 1850.0 0.53038
6150.0 1850.0 0.50624
6250.0 1850.0 0.45963
6350.0 1850.0 0.32381
50.0 1950.0 0.11851
150.0 1950.0 0.20789
250.0 1950.0 0.27413
350.0 1950.0 0.29236
450.0 1950.0 0.26822
550.0 1950.0 0.23997
650.0 1950.0 0.24417
750.0 1950.0 0.28275
850.0 1950.0 0.38111
950.0 1950.0 0.46003
1050.0 1950.0 0.42996
1150.0 1950.0 0.28590
1250.0 1950.0 0.09870
1350.0 1950.0 -0.06927
1450.0 1950.0 -0.11501
1550.0 1950.0 0.00563
1650.0 1950.0 0.21402
1750.0 1950.0 0.36730
1850.0 1950.0 0.36430
1950.0 1950.0 0.28229
2050.0 1950.0 0.26982
2150.0 1950.0 0.34134
2250.0 1950.0 0.43555
2350.0 1950.0 0.47590
2450.0 1950.0 0.42420
2550.0 1950.0 0.32602
2650.0 1950.0 0.26744
2750.0 1950.0 0.24517
2850.0 1950.0 0.20682
2950.0 1950.0 0.11283
3050.0 1950.0 -0.03617
3150.0 1950.0 -0.20413
3250.0 1950.0 -0.30709
3350.0 1950.0 -0.29419
3450.0 1950.0 -0.21317
3550.0 1950.0 -0.16016
3650.0 1950.0 -0.21258
3750.0 1950.0 -0.35084
3850.0 1950.0 -0.45185
3950.0 1950.0 -0.40756
4050.0 1950.0 -0.19404
4150.0 1950.0 0.09299
4250.0 1950.0 0.29914
4350.0 1950.0 0.37216
4450.0 1950.0 0.35336
4550.0 1950.0 0.20435
4650.0 1950.0 0.02575
4750.0 1950.0 -0.05612
4850.0 1950.0 0.01276
4950.0 1950.0 0.18195
5050.0 1950.0 0.27420
5150.0 1950.0 0.12980
5250.0 1950.0 -0.15281
5350.0 1950.0 -0.36710
5450.0 1950.0 -0.35741
5550.0 1950.0 -0.13555
5650.0 1950.0 0.12907
5750.0 1950.0 0.34153
5850.0 1950.0 0.42497
5950.0 1950.0 0.38367
6050.0 1950.0 0.31842
6150.0 1950.0 0.33099
6250.0 1950.0 0.34994
6350.0 1950.0 0.25665
50.0 2050.0 0.01376
150.0 2050.0 0.10544
250.0 2050.0 0.15662
350.0 2050.0 0.14325
450.0 2050.0 0.08428
550.0 2050.0 0.03367
650.0 2050.0 0.03400
750.0 2050.0 0.08157
850.0 2050.0 0.21828
950.0 2050.0 0.35412
1050.0 2050.0 0.37061
1150.0 2050.0 0.24215
1250.0 2050.0 0.04084
1350.0 2050.0 -0.15284
1450.0 2050.0 -0.23833
1550.0 2050.0 -0.16761
1650.0 2050.0 -0.00484
1750.0 2050.0 0.11803
1850.0 2050.0 0.09998
1950.0 2050.0 0.00740
2050.0 2050.0 -0.02276
2150.0 2050.0 0.02835
2250.0 2050.0 0.10970
2350.0 2050.0 0.14915
2450.0 2050.0 0.10441
2550.0 2050.0 0.01807
2650.0 2050.0 0.01541
2750.0 2050.0 0.10581
2850.0 2050.0 0.19581
2950.0 2050.0 0.19426
3050.0 2050.0 0.07569
3150.0 2050.0 -0.09870
3250.0 2050.0 -0.19943
3350.0 2050.0 -0.16238
3450.0 2050.0 -0.04039
3550.0 2050.0 0.05327
3650.0 2050.0 0.02387
3750.0 2050.0 -0.10933
3850.0 2050.0 -0.24703
3950.0 2050.0 -0.31720
4050.0 2050.0 -0.26307
4150.0 2050.0 -0.11525
4250.0 2050.0 0.02320
4350.0 2050.0 0.09112
4450.0 2050.0 0.08202
4550.0 2050.0 -0.04008
4650.0 2050.0 -0.17788
4750.0 2050.0 -0.21836
4850.0 2050.0 -0.12153
4950.0 2050.0 0.06004
5050.0 2050.0 0.16537
5150.0 2050.0 0.04951
5250.0 2050.0 -0.18421
5350.0 2050.0 -0.33839
5450.0 2050.0 -0.27528
5550.0 2050.0 -0.01692
5650.0 2050.0 0.25935
5750.0 2050.0 0.41016
5850.0 2050.0 0.36800
5950.0 2050.0 0.19480
6050.0 2050.0 0.05383
6150.0 2050.0 0.06547
6250.0 2050.0 0.10600
6350.0 2050.0 0.03475
50.0 2150.0 -0.05897
150.0 2150.0 0.03150
250.0 2150.0 0.07486
350.0 2150.0 0.04822
450.0 2150.0 -0.02410
550.0 2150.0 -0.08267
650.0 2150.0 -0.08356
750.0 2150.0 -0.03276
850.0 2150.0 0.11952
950.0 2150.0 0.28400
1050.0 2150.0 0.33282
1150.0 2150.0 0.22839
1250.0 2150.0 0.03701
1350.0 2150.0 -0.15700
1450.0 2150.0 -0.27349
1550.0 2150.0 -0.26923
1650.0 2150.0 -0.18484
1750.0 2150.0 -0.12030
1850.0 2150.0 -0.15928
1950.0 2150.0 -0.25389
2050.0 2150.0 -0.28317
2150.0 2150.0 -0.22751
2250.0 2150.0 -0.13965
2350.0 2150.0 -0.09483
2450.0 2150.0 -0.13765
2550.0 2150.0 -0.22228
2650.0 2150.0 -0.19600
2750.0 2150.0 -0.03730
2850.0 2150.0 0.13840
2950.0 2150.0 0.20575
3050.0 2150.0 0.11686
3150.0 2150.0 -0.05357
3250.0 2150.0 -0.13924
3350.0 2150.0 -0.06676
3450.0 2150.0 0.09982
3550.0 2150.0 0.22959
3650.0 2150.0 0.21612
3750.0 2150.0 0.08299
3850.0 2150.0 -0.09334
3950.0 2150.0 -0.27428
4050.0 2150.0 -0.37184
4150.0 2150.0 -0.35600
4250.0 2150.0 -0.28279
4350.0 2150.0 -0.22207
4450.0 2150.0 -0.21757
4550.0 2150.0 -0.29671
4650.0 2150.0 -0.37508
4750.0 2150.0 -0.36476
4850.0 2150.0 -0.24471
4950.0 2150.0 -0.06481
5050.0 2150.0 0.04772
5150.0 2150.0 -0.02391
5250.0 2150.0 -0.18612
5350.0 2150.0 -0.27161
5450.0 2150.0 -0.17088
5550.0 2150.0 0.09039
5650.0 2150.0 0.34824
5750.0 2150.0 0.43417
5850.0 2150.0 0.29136
5950.0 2150.0 0.02034
6050.0 2150.0 -0.17922
6150.0 2150.0 -0.18019
6250.0 2150.0 -0.13731
6350.0 2150.0 -0.19781
50.0 2250.0 -0.25350
150.0 2250.0 -0.15384
250.0 2250.0 -0.07759
350.0 2250.0 -0.04927
450.0 2250.0 -0.06291
550.0 2250.0 -0.08022
650.0 2250.0 -0.06490
750.0 2250.0 -0.01452
850.0 2250.0 0.10034
950.0 2250.0 0.20298
1050.0 2250.0 0.20146
1150.0 2250.0 0.08478
1250.0 2250.0 -0.08109
1350.0 2250.0 -0.23777
1450.0 2250.0 -0.32607
1550.0 2250.0 -0.32305
1650.0 2250.0 -0.27376
1750.0 2250.0 -0.25701
1850.0 2250.0 -0.32717
1950.0 2250.0 -0.43728
2050.0 2250.0 -0.47383
2150.0 2250.0 -0.41170
2250.0 2250.0 -0.30723
2350.0 2250.0 -0.24668
2450.0 2250.0 -0.28503
2550.0 2250.0 -0.37369
2650.0 2250.0 -0.35138
2750.0 2250.0 -0.18954
2850.0 2250.0 0.00144
2950.0 2250.0 0.09228
3050.0 2250.0 0.02508
3150.0 2250.0 -0.12867
3250.0 2250.0 -0.19084
3350.0 2250.0 -0.08867
3450.0 2250.0 0.10239
3550.0 2250.0 0.24385
3650.0 2250.0 0.23114
3750.0 2250.0 0.09454
3850.0 2250.0 -0.11235
3950.0 2250.0 -0.37502
4050.0 2250.0 -0.58203
4150.0 2250.0 -0.65994
4250.0 2250.0 -0.63230
4350.0 2250.0 -0.57598
4450.0 2250.0 -0.54215
4550.0 2250.0 -0.53980
4650.0 2250.0 -0.52506
4750.0 2250.0 -0.46069
4850.0 2250.0 -0.34712
4950.0 2250.0 -0.21388
5050.0 2250.0 -0.13137
5150.0 2250.0 -0.16916
5250.0 2250.0 -0.24885
5350.0 2250.0 -0.25451
5450.0 2250.0 -0.12641
5550.0 2250.0 0.10193
5650.0 2250.0 0.31135
5750.0 2250.0 0.35320
5850.0 2250.0 0.18879
5950.0 2250.0 -0.07657
6050.0 2250.0 -0.25951
6150.0 2250.0 -0.25382
6250.0 2250.0 -0.20383
6350.0 2250.0 -0.23485
50.0 2350.0 -0.46994
150.0 2350.0 -0.35412
250.0 2350.0 -0.22338
350.0 2350.0 -0.10416
450.0 2350.0 -0.01986
550.0 2350.0 0.03316
650.0 2350.0 0.07806
750.0 2350.0 0.12650
850.0 2350.0 0.15910
950.0 2350.0 0.12474
1050.0 2350.0 0.00859
1150.0 2350.0 -0.14151
1250.0 2350.0 -0.25833
1350.0 2350.0 -0.33450
1450.0 2350.0 -0.32622
1550.0 2350.0 -0.24849
1650.0 2350.0 -0.18333
1750.0 2350.0 -0.20145
1850.0 2350.0 -0.31437
1950.0 2350.0 -0.45578
2050.0 2350.0 -0.51091
2150.0 2350.0 -0.44390
2250.0 2350.0 -0.31553
2350.0 2350.0 -0.23043
2450.0 2350.0 -0.26245
2550.0 2350.0 -0.36165
2650.0 2350.0 -0.38084
2750.0 2350.0 -0.29021
2850.0 2350.0 -0.16435
2950.0 2350.0 -0.10188
3050.0 2350.0 -0.15656
3150.0 2350.0 -0.27924
3250.0 2350.0 -0.31208
3350.0 2350.0 -0.19647
3450.0 2350.0 -0.01656
3550.0 2350.0 0.09821
3650.0 2350.0 0.06418
3750.0 2350.0 -0.07999
3850.0 2350.0 -0.29543
3950.0 2350.0 -0.56992
4050.0 2350.0 -0.78774
4150.0 2350.0 -0.87183
4250.0 2350.0 -0.84556
4350.0 2350.0 -0.78797
4450.0 2350.0 -0.71376
4550.0 2350.0 -0.60884
4650.0 2350.0 -0.49597
4750.0 2350.0 -0.40459
4850.0 2350.0 -0.34812
4950.0 2350.0 -0.31569
5050.0 2350.0 -0.30937
5150.0 2350.0 -0.33831
5250.0 2350.0 -0.34282
5350.0 2350.0 -0.27473
5450.0 2350.0 -0.14172
5550.0 2350.0 0.01080
5650.0 2350.0 0.13770
5750.0 2350.0 0.16005
5850.0 2350.0 0.06578
5950.0 2350.0 -0.07411
6050.0 2350.0 -0.15338
6150.0 2350.0 -0.11851
6250.0 2350.0 -0.05650
6350.0 2350.0 -0.04099
50.0 2450.0 -0.53033
150.0 2450.0 -0.40324
250.0 2450.0 -0.24604
350.0 2450.0 -0.08328
450.0 2450.0 0.05121
550.0 2450.0 0.14558
650.0 2450.0 0.21487
750.0 2450.0 0.26447
850.0 2450.0 0.22340
950.0 2450.0 0.06926
1050.0 2450.0 -0.13830
1150.0 2450.0 -0.29979
1250.0 2450.0 -0.35263
1350.0 2450.0 -0.33555
1450.0 2450.0 -0.21029
1550.0 2450.0 -0.03490
1650.0 2450.0 0.06184
1750.0 2450.0 0.01323
1850.0 2450.0 -0.14565
1950.0 2450.0 -0.32320
2050.0 2450.0 -0.40240
2150.0 2450.0 -0.33566
2250.0 2450.0 -0.18675
2350.0 2450.0 -0.07866
2450.0 2450.0 -0.10532
2550.0 2450.0 -0.21701
2650.0 2450.0 -0.28866
2750.0 2450.0 -0.29097
2850.0 2450.0 -0.25369
2950.0 2450.0 -0.23474
3050.0 2450.0 -0.27955
3150.0 2450.0 -0.36719
3250.0 2450.0 -0.37404
3350.0 2450.0 -0.26275
3450.0 2450.0 -0.12130
3550.0 2450.0 -0.05850
3650.0 2450.0 -0.12666
3750.0 2450.0 -0.27969
3850.0 2450.0 -0.47996
3950.0 2450.0 -0.69598
4050.0 2450.0 -0.82738
4150.0 2450.0 -0.83244
4250.0 2450.0 -0.76512
4350.0 2450.0 -0.70134
4450.0 2450.0 -0.59313
4550.0 2450.0 -0.41105
4650.0 2450.0 -0.24435
4750.0 2450.0 -0.17568
4850.0 2450.0 -0.21351
4950.0 2450.0 -0.30105
5050.0 2450.0 -0.38903
5150.0 2450.0 -0.43395
5250.0 2450.0 -0.39234
5350.0 2450.0 -0.27808
5450.0 2450.0 -0.16156
5550.0 2450.0 -0.10013
5650.0 2450.0 -0.06554
5750.0 2450.0 -0.05464
5850.0 2450.0 -0.05054
5950.0 2450.0 -0.02855
6050.0 2450.0 0.02219
6150.0 2450.0 0.09301
6250.0 2450.0 0.16731
6350.0 2450.0 0.22790
50.0 2550.0 -0.37761
150.0 2550.0 -0.25208
250.0 2550.0 -0.12392
350.0 2550.0 -0.01087
450.0 2550.0 0.07684
550.0 2550.0 0.14860
650.0 2550.0 0.22287
750.0 2550.0 0.27892
850.0 2550.0 0.21848
950.0 2550.0 0.03904
1050.0 2550.0 -0.16868
1150.0 2550.0 -0.29382
1250.0 2550.0 -0.28729
1350.0 2550.0 -0.20344
1450.0 2550.0 -0.00291
1550.0 2550.0 0.22425
1650.0 2550.0 0.32220
1750.0 2550.0 0.23584
1850.0 2550.0 0.03839
1950.0 2550.0 -0.16583
2050.0 2550.0 -0.26485
2150.0 2550.0 -0.20312
2250.0 2550.0 -0.04492
2350.0 2550.0 0.07566
2450.0 2550.0 0.05133
2550.0 2550.0 -0.06891
2650.0 2550.0 -0.16988
2750.0 2550.0 -0.21926
2850.0 2550.0 -0.22098
2950.0 2550.0 -0.21353
3050.0 2550.0 -0.24283
3150.0 2550.0 -0.30456
3250.0 2550.0 -0.29523
3350.0 2550.0 -0.19419
3450.0 2550.0 -0.09004
3550.0 2550.0 -0.07279
3650.0 2550.0 -0.16932
3750.0 2550.0 -0.32880
3850.0 2550.0 -0.50620
3950.0 2550.0 -0.64559
4050.0 2550.0 -0.66731
4150.0 2550.0 -0.57409
4250.0 2550.0 -0.45671
4350.0 2550.0 -0.38624
4450.0 2550.0 -0.26263
4550.0 2550.0 -0.05517
4650.0 2550.0 0.10600
4750.0 2550.0 0.11723
4850.0 2550.0 -0.01121
4950.0 2550.0 -0.18944
5050.0 2550.0 -0.34889
5150.0 2550.0 -0.41593
5250.0 2550.0 -0.35678
5350.0 2550.0 -0.22425
5450.0 2550.0 -0.12861
5550.0 2550.0 -0.13521
5650.0 2550.0 -0.17169
5750.0 2550.0 -0.18636
5850.0 2550.0 -0.13873
5950.0 2550.0 -0.02695
6050.0 2550.0 0.10119
6150.0 2550.0 0.19433
6250.0 2550.0 0.27646
6350.0 2550.0 0.36371
50.0 2650.0 -0.10456
150.0 2650.0 0.00775
250.0 2650.0 0.06306
350.0 2650.0 0.05307
450.0 2650.0 0.01631
550.0 2650.0 0.01172
650.0 2650.0 0.07109
750.0 2650.0 0.13737
850.0 2650.0 0.11898
950.0 2650.0 0.01887
1050.0 2650.0 -0.09447
1150.0 2650.0 -0.14353
1250.0 2650.0 -0.09833
1350.0 2650.0 0.00563
1450.0 2650.0 0.20767
1550.0 2650.0 0.40485
1650.0 2650.0 0.44936
1750.0 2650.0 0.31162
1850.0 2650.0 0.08823
1950.0 2650.0 -0.12566
2050.0 2650.0 -0.23361
2150.0 2650.0 -0.17793
2250.0 2650.0 -0.02161
2350.0 2650.0 0.09949
2450.0 2650.0 0.07455
2550.0 2650.0 -0.04722
2650.0 2650.0 -0.13690
2750.0 2650.0 -0.15288
2850.0 2650.0 -0.10658
2950.0 2650.0 -0.05450
3050.0 2650.0 -0.05836
3150.0 2650.0 -0.10989
3250.0 2650.0 -0.09372
3350.0 2650.0 0.00694
3450.0 2650.0 0.10230
3550.0 2650.0 0.10717
3650.0 2650.0 0.00236
3750.0 2650.0 -0.15918
3850.0 2650.0 -0.32725
3950.0 2650.0 -0.43597
4050.0 2650.0 -0.41406
4150.0 2650.0 -0.28188
4250.0 2650.0 -0.14473
4350.0 2650.0 -0.07175
4450.0 2650.0 0.04960
4550.0 2650.0 0.24084
4650.0 2650.0 0.36382
4750.0 2650.0 0.32199
4850.0 2650.0 0.14437
4950.0 2650.0 -0.06794
5050.0 2650.0 -0.25161
5150.0 2650.0 -0.32414
5250.0 2650.0 -0.25557
5350.0 2650.0 -0.11350
5450.0 2650.0 -0.02326
5550.0 2650.0 -0.05312
5650.0 2650.0 -0.12368
5750.0 2650.0 -0.19000
5850.0 2650.0 -0.19727
5950.0 2650.0 -0.12451
6050.0 2650.0 -0.01265
6150.0 2650.0 0.07856
6250.0 2650.0 0.16253
6350.0 2650.0 0.25414
50.0 2750.0 0.18216
150.0 2750.0 0.27735
250.0 2750.0 0.24731
350.0 2750.0 0.09304
450.0 2750.0 -0.09190
550.0 2750.0 -0.19080
650.0 2750.0 -0.15498
750.0 2750.0 -0.07787
850.0 2750.0 -0.02614
950.0 2750.0 0.00048
1050.0 2750.0 0.02227
1150.0 2750.0 0.06286
1250.0 2750.0 0.13193
1350.0 2750.0 0.22867
1450.0 2750.0 0.38857
1550.0 2750.0 0.50682
1650.0 2750.0 0.46444
1750.0 2750.0 0.26601
1850.0 2750.0 0.02337
1950.0 2750.0 -0.19057
2050.0 2750.0 -0.30000
2150.0 2750.0 -0.24716
2250.0 2750.0 -0.09290
2350.0 2750.0 0.02839
2450.0 2750.0 0.00579
2550.0 2750.0 -0.11069
2650.0 2750.0 -0.16644
2750.0 2750.0 -0.10942
2850.0 2750.0 0.02409
2950.0 2750.0 0.14290
3050.0 2750.0 0.16510
3150.0 2750.0 0.11395
3250.0 2750.0 0.13450
3350.0 2750.0 0.24907
3450.0 2750.0 0.36364
3550.0 2750.0 0.38504
3650.0 2750.0 0.28789
3750.0 2750.0 0.12681
3850.0 2750.0 -0.04540
3950.0 2750.0 -0.16538
4050.0 2750.0 -0.15798
4150.0 2750.0 -0.03737
4250.0 2750.0 0.09526
4350.0 2750.0 0.16917
4450.0 2750.0 0.28259
4550.0 2750.0 0.44340
4650.0 2750.0 0.52064
4750.0 2750.0 0.43616
4850.0 2750.0 0.23531
4950.0 2750.0 0.01950
5050.0 2750.0 -0.16038
5150.0 2750.0 -0.21899
5250.0 2750.0 -0.13028
5350.0 2750.0 0.02946
5450.0 2750.0 0.12801
5550.0 2750.0 0.09730
5650.0 2750.0 0.00974
5750.0 2750.0 -0.12379
5850.0 2750.0 -0.23917
5950.0 2750.0 -0.27465
6050.0 2750.0 -0.23034
6150.0 2750.0 -0.15631
6250.0 2750.0 -0.07563
6350.0 2750.0 0.01018
50.0 2850.0 0.43860
150.0 2850.0 0.51949
250.0 2850.0 0.41424
350.0 2850.0 0.12793
450.0 2850.0 -0.19867
550.0 2850.0 -0.39452
650.0 2850.0 -0.39122
750.0 2850.0 -0.30817
850.0 2850.0 -0.16778
950.0 2850.0 0.01898
1050.0 2850.0 0.20107
1150.0 2850.0 0.33179
1250.0 2850.0 0.40147
1350.0 2850.0 0.45745
1450.0 2850.0 0.52789
1550.0 2850.0 0.51934
1650.0 2850.0 0.36163
1750.0 2850.0 0.09842
1850.0 2850.0 -0.15519
1950.0 2850.0 -0.36066
2050.0 2850.0 -0.46401
2150.0 2850.0 -0.39856
2250.0 2850.0 -0.21593
2350.0 2850.0 -0.05317
2450.0 2850.0 -0.03323
2550.0 2850.0 -0.10996
2650.0 2850.0 -0.11354
2750.0 2850.0 -0.00545
2850.0 2850.0 0.15213
2950.0 2850.0 0.26232
3050.0 2850.0 0.26140
3150.0 2850.0 0.19096
3250.0 2850.0 0.21885
3350.0 2850.0 0.38962
3450.0 2850.0 0.59306
3550.0 2850.0 0.69658
3650.0 2850.0 0.63947
3750.0 2850.0 0.48096
3850.0 2850.0 0.29279
3950.0 2850.0 0.13406
4050.0 2850.0 0.09879
4150.0 2850.0 0.19468
4250.0 2850.0 0.32927
4350.0 2850.0 0.42158
4450.0 2850.0 0.53605
4550.0 2850.0 0.65068
4650.0 2850.0 0.64644
4750.0 2850.0 0.48257
4850.0 2850.0 0.24096
4950.0 2850.0 0.02657
5050.0 2850.0 -0.12779
5150.0 2850.0 -0.12234
5250.0 2850.0 0.04461
5350.0 2850.0 0.25990
5450.0 2850.0 0.37169
5550.0 2850.0 0.32189
5650.0 2850.0 0.19923
5750.0 2850.0 -0.00693
5850.0 2850.0 -0.22820
5950.0 2850.0 -0.37359
6050.0 2850.0 -0.41086
6150.0 2850.0 -0.37999
6250.0 2850.0 -0.32871
6350.0 2850.0 -0.25700
50.0 2950.0 0.54090
150.0 2950.0 0.61908
250.0 2950.0 0.49066
350.0 2950.0 0.15364
450.0 2950.0 -0.23930
550.0 2950.0 -0.49321
650.0 2950.0 -0.52377
750.0 2950.0 -0.44737
850.0 2950.0 -0.23227
950.0 2950.0 0.08945
1050.0 2950.0 0.39120
1150.0 2950.0 0.56359
1250.0 2950.0 0.58994
1350.0 2950.0 0.56607
1450.0 2950.0 0.51900
1550.0 2950.0 0.38603
1650.0 2950.0 0.14829
1750.0 2950.0 -0.13387
1850.0 2950.0 -0.37111
1950.0 2950.0 -0.55821
2050.0 2950.0 -0.65886
2150.0 2950.0 -0.58819
2250.0 2950.0 -0.36965
2350.0 2950.0 -0.13552
2450.0 2950.0 -0.02926
2550.0 2950.0 -0.02150
2650.0 2950.0 0.04943
2750.0 2950.0 0.17635
2850.0 2950.0 0.27108
2950.0 2950.0 0.27071
3050.0 2950.0 0.18112
3150.0 2950.0 0.06505
3250.0 2950.0 0.08851
3350.0 2950.0 0.33008
3450.0 2950.0 0.66034
3550.0 2950.0 0.88749
3650.0 2950.0 0.89257
3750.0 2950.0 0.73777
3850.0 2950.0 0.52350
3950.0 2950.0 0.30548
4050.0 2950.0 0.21196
4150.0 2950.0 0.28459
4250.0 2950.0 0.43890
4350.0 2950.0 0.57372
4450.0 2950.0 0.70959
4550.0 2950.0 0.78528
4650.0 2950.0 0.69254
4750.0 2950.0 0.43694
4850.0 2950.0 0.15008
4950.0 2950.0 -0.05465
5050.0 2950.0 -0.16282
5150.0 2950.0 -0.05456
5250.0 2950.0 0.22584
5350.0 2950.0 0.50717
5450.0 2950.0 0.61570
5550.0 2950.0 0.51791
5650.0 2950.0 0.34444
5750.0 2950.0 0.09885
5850.0 2950.0 -0.15846
5950.0 2950.0 -0.34831
6050.0 2950.0 -0.44376
6150.0 2950.0 -0.48073
6250.0 2950.0 -0.49374
6350.0 2950.0 -0.45056
50.0 3050.0 0.42738
150.0 3050.0 0.51789
250.0 3050.0 0.43876
350.0 3050.0 0.17079
450.0 3050.0 -0.16888
550.0 3050.0 -0.40845
650.0 3050.0 -0.45933
750.0 3050.0 -0.40275
850.0 3050.0 -0.16986
950.0 3050.0 0.18401
1050.0 3050.0 0.49011
1150.0 3050.0 0.61877
1250.0 3050.0 0.56616
1350.0 3050.0 0.45350
1450.0 3050.0 0.32351
1550.0 3050.0 0.15487
1650.0 3050.0 -0.05104
1750.0 3050.0 -0.26484
1850.0 3050.0 -0.45248
1950.0 3050.0 -0.61883
2050.0 3050.0 -0.73602
2150.0 3050.0 -0.70097
2250.0 3050.0 -0.48854
2350.0 3050.0 -0.20550
2450.0 3050.0 -0.00898
2550.0 3050.0 0.09949
2650.0 3050.0 0.25210
2750.0 3050.0 0.38303
2850.0 3050.0 0.37896
2950.0 3050.0 0.22718
3050.0 3050.0 0.02327
3150.0 3050.0 -0.14933
3250.0 3050.0 -0.15646
3350.0 3050.0 0.10556
3450.0 3050.0 0.50419
3550.0 3050.0 0.81020
3650.0 3050.0 0.85838
3750.0 3050.0 0.70558
3850.0 3050.0 0.46806
3950.0 3050.0 0.20227
4050.0 3050.0 0.07100
4150.0 3050.0 0.14385
4250.0 3050.0 0.33589
4350.0 3050.0 0.52368
4450.0 3050.0 0.70015
4550.0 3050.0 0.77771
4650.0 3050.0 0.64911
4750.0 3050.0 0.34760
4850.0 3050.0 0.04082
4950.0 3050.0 -0.14719
5050.0 3050.0 -0.21099
5150.0 3050.0 -0.02195
5250.0 3050.0 0.32894
5350.0 3050.0 0.62649
5450.0 3050.0 0.69467
5550.0 3050.0 0.53236
5650.0 3050.0 0.31429
5750.0 3050.0 0.09655
5850.0 3050.0 -0.08094
5950.0 3050.0 -0.20085
6050.0 3050.0 -0.29040
6150.0 3050.0 -0.39206
6250.0 3050.0 -0.48339
6350.0 3050.0 -0.47945
50.0 3150.0 0.19629
150.0 3150.0 0.30650
250.0 3150.0 0.31588
350.0 3150.0 0.18628
450.0 3150.0 -0.02513
550.0 3150.0 -0.19843
650.0 3150.0 -0.25152
750.0 3150.0 -0.21883
850.0 3150.0 -0.02521
950.0 3150.0 0.25775
1050.0 3150.0 0.46471
1150.0 3150.0 0.49089
1250.0 3150.0 0.35800
1350.0 3150.0 0.18357
1450.0 3150.0 0.04099
1550.0 3150.0 -0.05551
1650.0 3150.0 -0.12512
1750.0 3150.0 -0.20686
1850.0 3150.0 -0.33034
1950.0 3150.0 -0.48263
2050.0 3150.0 -0.63699
2150.0 3150.0 -0.68103
2250.0 3150.0 -0.53424
2350.0 3150.0 -0.25935
2450.0 3150.0 -0.01042
2550.0 3150.0 0.17525
2650.0 3150.0 0.39664
2750.0 3150.0 0.54465
2850.0 3150.0 0.48197
2950.0 3150.0 0.22752
3050.0 3150.0 -0.05859
3150.0 3150.0 -0.27556
3250.0 3150.0 -0.33423
3350.0 3150.0 -0.12853
3450.0 3150.0 0.22888
3550.0 3150.0 0.51765
3650.0 3150.0 0.56361
3750.0 3150.0 0.40958
3850.0 3150.0 0.16227
3950.0 3150.0 -0.11699
4050.0 3150.0 -0.24536
4150.0 3150.0 -0.14454
4250.0 3150.0 0.09025
4350.0 3150.0 0.32046
4450.0 3150.0 0.54153
4550.0 3150.0 0.66457
4650.0 3150.0 0.57225
4750.0 3150.0 0.29380
4850.0 3150.0 0.00294
4950.0 3150.0 -0.16764
5050.0 3150.0 -0.20951
5150.0 3150.0 -0.00484
5250.0 3150.0 0.32883
5350.0 3150.0 0.57055
5450.0 3150.0 0.56842
5550.0 3150.0 0.34929
5650.0 3150.0 0.10964
5750.0 3150.0 -0.02915
5850.0 3150.0 -0.05112
5950.0 3150.0 -0.02288
6050.0 3150.0 -0.04986
6150.0 3150.0 -0.18822
6250.0 3150.0 -0.34122
6350.0 3150.0 -0.37574
50.0 3250.0 0.03182
150.0 3250.0 0.15603
250.0 3250.0 0.23121
350.0 3250.0 0.20829
450.0 3250.0 0.10084
550.0 3250.0 -0.01246
650.0 3250.0 -0.05811
750.0 3250.0 -0.04125
850.0 3250.0 0.09717
950.0 3250.0 0.28042
1050.0 3250.0 0.37149
1150.0 3250.0 0.30585
1250.0 3250.0 0.12691
1350.0 3250.0 -0.06551
1450.0 3250.0 -0.16515
1550.0 3250.0 -0.14038
1650.0 3250.0 -0.05226
1750.0 3250.0 -0.00815
1850.0 3250.0 -0.08228
1950.0 3250.0 -0.23154
2050.0 3250.0 -0.43014
2150.0 3250.0 -0.56797
2250.0 3250.0 -0.52096
2350.0 3250.0 -0.30494
2450.0 3250.0 -0.05622
2550.0 3250.0 0.16002
2650.0 3250.0 0.42639
2750.0 3250.0 0.62320
2850.0 3250.0 0.58989
2950.0 3250.0 0.33669
3050.0 3250.0 0.03558
3150.0 3250.0 -0.19914
3250.0 3250.0 -0.30992
3350.0 3250.0 -0.20844
3450.0 3250.0 0.02581
3550.0 3250.0 0.21893
3650.0 3250.0 0.22365
3750.0 3250.0 0.06596
3850.0 3250.0 -0.17673
3950.0 3250.0 -0.43692
4050.0 3250.0 -0.53081
4150.0 3250.0 -0.39005
4250.0 3250.0 -0.12422
4350.0 3250.0 0.12430
4450.0 3250.0 0.37572
4550.0 3250.0 0.55911
4650.0 3250.0 0.54279
4750.0 3250.0 0.32982
4850.0 3250.0 0.07541
4950.0 3250.0 -0.08396
5050.0 3250.0 -0.13090
5150.0 3250.0 0.02785
5250.0 3250.0 0.27486
5350.0 3250.0 0.41834
5450.0 3250.0 0.34480
5550.0 3250.0 0.09543
5650.0 3250.0 -0.14248
5750.0 3250.0 -0.20444
5850.0 3250.0 -0.09047
5950.0 3250.0 0.07100
6050.0 3250.0 0.11485
6150.0 3250.0 -0.02739
6250.0 3250.0 -0.20651
6350.0 3250.0 -0.26766
50.0 3350.0 -0.02175
150.0 3350.0 0.10735
250.0 3350.0 0.21169
350.0 3350.0 0.23921
450.0 3350.0 0.18405
550.0 3350.0 0.10414
650.0 3350.0 0.06660
750.0 3350.0 0.07623
850.0 3350.0 0.17054
950.0 3350.0 0.27353
1050.0 3350.0 0.27770
1150.0 3350.0 0.15263
1250.0 3350.0 -0.04454
1350.0 3350.0 -0.23132
1450.0 3350.0 -0.27457
1550.0 3350.0 -0.13669
1650.0 3350.0 0.08110
1750.0 3350.0 0.21974
1850.0 3350.0 0.17885
1950.0 3350.0 0.02896
2050.0 3350.0 -0.20827
2150.0 3350.0 -0.43232
2250.0 3350.0 -0.48944
2350.0 3350.0 -0.35325
2450.0 3350.0 -0.13518
2550.0 3350.0 0.08102
2650.0 3350.0 0.37680
2750.0 3350.0 0.64390
2850.0 3350.0 0.69888
2950.0 3350.0 0.51651
3050.0 3350.0 0.24549
3150.0 3350.0 0.01152
3250.0 3350.0 -0.14191
3350.0 3350.0 -0.15163
3450.0 3350.0 -0.06251
3550.0 3350.0 0.01017
3650.0 3350.0 -0.03936
3750.0 3350.0 -0.20058
3850.0 3350.0 -0.43217
3950.0 3350.0 -0.66197
4050.0 3350.0 -0.71443
4150.0 3350.0 -0.53744
4250.0 3350.0 -0.25321
4350.0 3350.0 -0.00160
4450.0 3350.0 0.26694
4550.0 3350.0 0.50466
4650.0 3350.0 0.56686
4750.0 3350.0 0.42593
4850.0 3350.0 0.21077
4950.0 3350.0 0.05824
5050.0 3350.0 -0.00599
5150.0 3350.0 0.08320
5250.0 3350.0 0.22278
5350.0 3350.0 0.26374
5450.0 3350.0 0.13201
5550.0 3350.0 -0.12671
5650.0 3350.0 -0.35119
5750.0 3350.0 -0.35858
5850.0 3350.0 -0.15739
5950.0 3350.0 0.09015
6050.0 3350.0 0.18605
6150.0 3350.0 0.05486
6250.0 3350.0 -0.12815
6350.0 3350.0 -0.20794
50.0 3450.0 0.02487
150.0 3450.0 0.13631
250.0 3450.0 0.24178
350.0 3450.0 0.29707
450.0 3450.0 0.28598
550.0 3450.0 0.24358
650.0 3450.0 0.22094
750.0 3450.0 0.22977
850.0 3450.0 0.28762
950.0 3450.0 0.31455
1050.0 3450.0 0.22909
1150.0 3450.0 0.03682
1250.0 3450.0 -0.18630
1350.0 3450.0 -0.37925
1450.0 3450.0 -0.40684
1550.0 3450.0 -0.21142
1650.0 3450.0 0.09937
1750.0 3450.0 0.33350
1850.0 3450.0 0.35679
1950.0 3450.0 0.24761
2050.0 3450.0 0.02210
2150.0 3450.0 -0.25460
2250.0 3450.0 -0.42596
2350.0 3450.0 -0.41732
2450.0 3450.0 -0.28231
2550.0 3450.0 -0.10768
2650.0 3450.0 0.18411
2750.0 3450.0 0.52166
2850.0 3450.0 0.71110
2950.0 3450.0 0.67042
3050.0 3450.0 0.48526
3150.0 3450.0 0.28287
3250.0 3450.0 0.10994
3350.0 3450.0 -0.00185
3450.0 3450.0 -0.06227
3550.0 3450.0 -0.11781
3650.0 3450.0 -0.21979
3750.0 3450.0 -0.37178
3850.0 3450.0 -0.58608
3950.0 3450.0 -0.79771
4050.0 3450.0 -0.83673
4150.0 3450.0 -0.65330
4250.0 3450.0 -0.36665
4350.0 3450.0 -0.11222
4450.0 3450.0 0.17198
4550.0 3450.0 0.45809
4650.0 3450.0 0.59553
4750.0 3450.0 0.53157
4850.0 3450.0 0.36818
4950.0 3450.0 0.23759
5050.0 3450.0 0.16347
5150.0 3450.0 0.17494
5250.0 3450.0 0.19884
5350.0 3450.0 0.14599
5450.0 3450.0 -0.01419
5550.0 3450.0 -0.24101
5650.0 3450.0 -0.41480
5750.0 3450.0 -0.35664
5850.0 3450.0 -0.09209
5950.0 3450.0 0.19836
6050.0 3450.0 0.31423
6150.0 3450.0 0.19233
6250.0 3450.0 0.01116
6350.0 3450.0 -0.10004
50.0 3550.0 0.16425
150.0 3550.0 0.22364
250.0 3550.0 0.28629
350.0 3550.0 0.33209
450.0 3550.0 0.34926
550.0 3550.0 0.34813
650.0 3550.0 0.34955
750.0 3550.0 0.36989
850.0 3550.0 0.42154
950.0 3550.0 0.41250
1050.0 3550.0 0.26887
1150.0 3550.0 0.02059
1250.0 3550.0 -0.23498
1350.0 3550.0 -0.45565
1450.0 3550.0 -0.54556
1550.0 3550.0 -0.40597
1650.0 3550.0 -0.08915
1750.0 3550.0 0.22046
1850.0 3550.0 0.34828
1950.0 3550.0 0.34450
2050.0 3550.0 0.22567
2150.0 3550.0 -0.01313
2250.0 3550.0 -0.26643
2350.0 3550.0 -0.42069
2450.0 3550.0 -0.43290
2550.0 3550.0 -0.36181
2650.0 3550.0 -0.14701
2750.0 3550.0 0.20526
2850.0 3550.0 0.52760
2950.0 3550.0 0.67790
3050.0 3550.0 0.63805
3150.0 3550.0 0.51211
3250.0 3550.0 0.36963
3350.0 3550.0 0.20999
3450.0 3550.0 0.04681
3550.0 3550.0 -0.10391
3650.0 3550.0 -0.23513
3750.0 3550.0 -0.35689
3850.0 3550.0 -0.54526
3950.0 3550.0 -0.75901
4050.0 3550.0 -0.82872
4150.0 3550.0 -0.68485
4250.0 3550.0 -0.41960
4350.0 3550.0 -0.16184
4450.0 3550.0 0.12874
4550.0 3550.0 0.42825
4650.0 3550.0 0.59747
4750.0 3550.0 0.58255
4850.0 3550.0 0.47098
4950.0 3550.0 0.38284
5050.0 3550.0 0.31598
5150.0 3550.0 0.25852
5250.0 3550.0 0.18568
5350.0 3550.0 0.08120
5450.0 3550.0 -0.04680
5550.0 3550.0 -0.17761
5650.0 3550.0 -0.24857
5750.0 3550.0 -0.12285
5850.0 3550.0 0.14593
5950.0 3550.0 0.39062
6050.0 3550.0 0.46281
6150.0 3550.0 0.34279
6250.0 3550.0 0.17533
6350.0 3550.0 0.03889
50.0 3650.0 0.27633
150.0 3650.0 0.26674
250.0 3650.0 0.25983
350.0 3650.0 0.26774
450.0 3650.0 0.29417
550.0 3650.0 0.32850
650.0 3650.0 0.35629
750.0 3650.0 0.39840
850.0 3650.0 0.48610
950.0 3650.0 0.51084
1050.0 3650.0 0.37859
1150.0 3650.0 0.11655
1250.0 3650.0 -0.16382
1350.0 3650.0 -0.42477
1450.0 3650.0 -0.63475
1550.0 3650.0 -0.64604
1650.0 3650.0 -0.41169
1750.0 3650.0 -0.07060
1850.0 3650.0 0.16852
1950.0 3650.0 0.30181
2050.0 3650.0 0.35984
2150.0 3650.0 0.25750
2250.0 3650.0 0.00473
2350.0 3650.0 -0.27748
2450.0 3650.0 -0.44708
2550.0 3650.0 -0.50917
2650.0 3650.0 -0.43755
2750.0 3650.0 -0.17267
2850.0 3650.0 0.18669
2950.0 3650.0 0.47509
3050.0 3650.0 0.57641
3150.0 3650.0 0.54644
3250.0 3650.0 0.47938
3350.0 3650.0 0.35394
3450.0 3650.0 0.18401
3550.0 3650.0 0.01522
3650.0 3650.0 -0.10651
3750.0 3650.0 -0.18621
3850.0 3650.0 -0.34530
3950.0 3650.0 -0.57198
4050.0 3650.0 -0.69460
4150.0 3650.0 -0.61303
4250.0 3650.0 -0.38096
4350.0 3650.0 -0.11987
4450.0 3650.0 0.16129
4550.0 3650.0 0.42028
4650.0 3650.0 0.54634
4750.0 3650.0 0.51734
4850.0 3650.0 0.43060
4950.0 3650.0 0.39019
5050.0 3650.0 0.34577
5150.0 3650.0 0.25165
5250.0 3650.0 0.13410
5350.0 3650.0 0.03867
5450.0 3650.0 -0.00578
5550.0 3650.0 -0.00718
5650.0 3650.0 0.04297
5750.0 3650.0 0.21315
5850.0 3650.0 0.42007
5950.0 3650.0 0.53952
6050.0 3650.0 0.51502
6150.0 3650.0 0.38811
6250.0 3650.0 0.24641
6350.0 3650.0 0.12468
50.0 3750.0 0.26280
150.0 3750.0 0.19668
250.0 3750.0 0.12970
350.0 3750.0 0.10051
450.0 3750.0 0.12780
550.0 3750.0 0.18660
650.0 3750.0 0.23469
750.0 3750.0 0.29939
850.0 3750.0 0.44667
950.0 3750.0 0.55371
1050.0 3750.0 0.48960
1150.0 3750.0 0.25605
1250.0 3750.0 -0.03309
1350.0 3750.0 -0.32898
1450.0 3750.0 -0.65515
1550.0 3750.0 -0.82569
1650.0 3750.0 -0.69988
1750.0 3750.0 -0.36316
1850.0 3750.0 -0.04385
1950.0 3750.0 0.20288
2050.0 3750.0 0.43286
2150.0 3750.0 0.50220
2250.0 3750.0 0.32219
2350.0 3750.0 -0.00913
2450.0 3750.0 -0.28584
2550.0 3750.0 -0.45756
2650.0 3750.0 -0.54078
2750.0 3750.0 -0.43726
2850.0 3750.0 -0.16024
2950.0 3750.0 0.15108
3050.0 3750.0 0.32991
3150.0 3750.0 0.37638
3250.0 3750.0 0.39235
3350.0 3750.0 0.35125
3450.0 3750.0 0.24966
3550.0 3750.0 0.12753
3650.0 3750.0 0.04128
3750.0 3750.0 -0.00204
3850.0 3750.0 -0.13615
3950.0 3750.0 -0.36945
4050.0 3750.0 -0.52958
4150.0 3750.0 -0.49381
4250.0 3750.0 -0.28628
4350.0 3750.0 -0.02238
4450.0 3750.0 0.23857
4550.0 3750.0 0.42341
4650.0 3750.0 0.45459
4750.0 3750.0 0.35939
4850.0 3750.0 0.26335
4950.0 3750.0 0.25721
5050.0 3750.0 0.23747
5150.0 3750.0 0.13872
5250.0 3750.0 0.02348
5350.0 3750.0 -0.02785
5450.0 3750.0 0.01638
5550.0 3750.0 0.12349
5650.0 3750.0 0.26653
5750.0 3750.0 0.45002
5850.0 3750.0 0.56995
5950.0 3750.0 0.55110
6050.0 3750.0 0.42564
6150.0 3750.0 0.28806
6250.0 3750.0 0.17570
6350.0 3750.0 0.11293
50.0 3850.0 0.11657
150.0 3850.0 0.02716
250.0 3850.0 -0.06043
350.0 3850.0 -0.09668
450.0 3850.0 -0.05988
550.0 3850.0 0.01526
650.0 3850.0 0.07351
750.0 3850.0 0.15137
850.0 3850.0 0.34514
950.0 3850.0 0.52525
1050.0 3850.0 0.53080
1150.0 3850.0 0.33660
1250.0 3850.0 0.05139
1350.0 3850.0 -0.25979
1450.0 3850.0 -0.63821
1550.0 3850.0 -0.88159
1650.0 3850.0 -0.80727
1750.0 3850.0 -0.47575
1850.0 3850.0 -0.12294
1950.0 3850.0 0.17462
2050.0 3850.0 0.49860
2150.0 3850.0 0.68397
2250.0 3850.0 0.58482
2350.0 3850.0 0.26942
2450.0 3850.0 -0.03974
2550.0 3850.0 -0.26069
2650.0 3850.0 -0.44607
2750.0 3850.0 -0.49413
2850.0 3850.0 -0.35407
2950.0 3850.0 -0.11303
3050.0 3850.0 0.06618
3150.0 3850.0 0.14421
3250.0 3850.0 0.20699
3350.0 3850.0 0.23049
3450.0 3850.0 0.19512
3550.0 3850.0 0.12363
3650.0 3850.0 0.06654
3750.0 3850.0 0.04021
3850.0 3850.0 -0.07781
3950.0 3850.0 -0.29863
4050.0 3850.0 -0.45391
4150.0 3850.0 -0.41956
4250.0 3850.0 -0.21354
4350.0 3850.0 0.05249
4450.0 3850.0 0.29559
4550.0 3850.0 0.41842
4650.0 3850.0 0.36512
4750.0 3850.0 0.20158
4850.0 3850.0 0.08023
4950.0 3850.0 0.08572
5050.0 3850.0 0.07803
5150.0 3850.0 -0.01735
5250.0 3850.0 -0.12335
5350.0 3850.0 -0.14777
5450.0 3850.0 -0.06075
5550.0 3850.0 0.09398
5650.0 3850.0 0.27519
5750.0 3850.0 0.45579
5850.0 3850.0 0.52410
5950.0 3850.0 0.43146
6050.0 3850.0 0.25376
6150.0 3850.0 0.10962
6250.0 3850.0 0.01883
6350.0 3850.0 0.03079
50.0 3950.0 -0.08383
150.0 3950.0 -0.17196
250.0 3950.0 -0.24878
350.0 3950.0 -0.26578
450.0 3950.0 -0.20872
550.0 3950.0 -0.12054
650.0 3950.0 -0.05917
750.0 3950.0 0.02217
850.0 3950.0 0.23777
950.0 3950.0 0.45746
1050.0 3950.0 0.50551
1150.0 3950.0 0.33992
1250.0 3950.0 0.06289
1350.0 3950.0 -0.24769
1450.0 3950.0 -0.62150
1550.0 3950.0 -0.85477
1650.0 3950.0 -0.76752
1750.0 3950.0 -0.42494
1850.0 3950.0 -0.06627
1950.0 3950.0 0.23653
2050.0 3950.0 0.58579
2150.0 3950.0 0.81948
2250.0 3950.0 0.77398
2350.0 3950.0 0.49637
2450.0 3950.0 0.19922
2550.0 3950.0 -0.02661
2650.0 3950.0 -0.25916
2750.0 3950.0 -0.41247
2850.0 3950.0 -0.40028
2950.0 3950.0 -0.25856
3050.0 3950.0 -0.11907
3150.0 3950.0 -0.04174
3250.0 3950.0 0.02999
3350.0 3950.0 0.07458
3450.0 3950.0 0.06645
3550.0 3950.0 0.01803
3650.0 3950.0 -0.02761
3750.0 3950.0 -0.05120
3850.0 3950.0 -0.15883
3950.0 3950.0 -0.35334
4050.0 3950.0 -0.47392
4150.0 3950.0 -0.41006
4250.0 3950.0 -0.18967
4350.0 3950.0 0.07794
4450.0 3950.0 0.31074
4550.0 3950.0 0.39950
4650.0 3950.0 0.29681
4750.0 3950.0 0.08825
4850.0 3950.0 -0.05708
4950.0 3950.0 -0.05494
5050.0 3950.0 -0.06412
5150.0 3950.0 -0.16508
5250.0 3950.0 -0.27832
5350.0 3950.0 -0.30780
5450.0 3950.0 -0.22146
5550.0 3950.0 -0.06395
5650.0 3950.0 0.11968
5750.0 3950.0 0.29847
5850.0 3950.0 0.36021
5950.0 3950.0 0.25914
6050.0 3950.0 0.07546
6150.0 3950.0 -0.07003
6250.0 3950.0 -0.14861
6350.0 3950.0 -0.07005
50.0 4050.0 -0.18273
150.0 4050.0 -0.25533
250.0 4050.0 -0.31723
350.0 4050.0 -0.33129
450.0 4050.0 -0.28813
550.0 4050.0 -0.22255
650.0 4050.0 -0.17970
750.0 4050.0 -0.11234
850.0 4050.0 0.10070
950.0 4050.0 0.34102
1050.0 4050.0 0.43020
1150.0 4050.0 0.30791
1250.0 4050.0 0.05779
1350.0 4050.0 -0.23538
1450.0 4050.0 -0.59401
1550.0 4050.0 -0.82252
1650.0 4050.0 -0.74412
1750.0 4050.0 -0.41693
1850.0 4050.0 -0.06875
1950.0 4050.0 0.23094
2050.0 4050.0 0.60091
2150.0 4050.0 0.89487
2250.0 4050.0 0.93708
2350.0 4050.0 0.74251
2450.0 4050.0 0.49492
2550.0 4050.0 0.29221
2650.0 4050.0 0.04310
2750.0 4050.0 -0.19816
2850.0 4050.0 -0.32680
2950.0 4050.0 -0.32220
3050.0 4050.0 -0.26128
3150.0 4050.0 -0.21295
3250.0 4050.0 -0.15811
3350.0 4050.0 -0.10313
3450.0 4050.0 -0.06881
3550.0 4050.0 -0.06094
3650.0 4050.0 -0.06558
3750.0 4050.0 -0.07050
3850.0 4050.0 -0.16020
3950.0 4050.0 -0.33880
4050.0 4050.0 -0.45296
4150.0 4050.0 -0.39298
4250.0 4050.0 -0.17973
4350.0 4050.0 0.08383
4450.0 4050.0 0.30746
4550.0 4050.0 0.36703
4650.0 4050.0 0.21187
4750.0 4050.0 -0.05938
4850.0 4050.0 -0.25642
4950.0 4050.0 -0.28622
5050.0 4050.0 -0.32067
5150.0 4050.0 -0.43217
5250.0 4050.0 -0.53227
5350.0 4050.0 -0.53194
5450.0 4050.0 -0.41917
5550.0 4050.0 -0.25247
5650.0 4050.0 -0.06413
5750.0 4050.0 0.11876
5850.0 4050.0 0.17772
5950.0 4050.0 0.06469
6050.0 4050.0 -0.13533
6150.0 4050.0 -0.29466
6250.0 4050.0 -0.37495
6350.0 4050.0 -0.24504
50.0 4150.0 -0.09925
150.0 4150.0 -0.13283
250.0 4150.0 -0.16881
350.0 4150.0 -0.19917
450.0 4150.0 -0.21840
550.0 4150.0 -0.22959
650.0 4150.0 -0.24061
750.0 4150.0 -0.21775
850.0 4150.0 -0.05270
950.0 4150.0 0.16917
1050.0 4150.0 0.28990
1150.0 4150.0 0.23115
1250.0 4150.0 0.03851
1350.0 4150.0 -0.20925
1450.0 4150.0 -0.53853
1550.0 4150.0 -0.77683
1650.0 4150.0 -0.74786
1750.0 4150.0 -0.48034
1850.0 4150.0 -0.16645
1950.0 4150.0 0.11942
2050.0 4150.0 0.49042
2150.0 4150.0 0.83100
2250.0 4150.0 0.97327
2350.0 4150.0 0.90030
2450.0 4150.0 0.74858
2550.0 4150.0 0.61358
2650.0 4150.0 0.41512
2750.0 4150.0 0.15745
2850.0 4150.0 -0.07795
2950.0 4150.0 -0.22754
3050.0 4150.0 -0.28973
3150.0 4150.0 -0.31538
3250.0 4150.0 -0.32427
3350.0 4150.0 -0.28769
3450.0 4150.0 -0.19915
3550.0 4150.0 -0.08947
3650.0 4150.0 -0.00612
3750.0 4150.0 0.03709
3850.0 4150.0 -0.01881
3950.0 4150.0 -0.19669
4050.0 4150.0 -0.35142
4150.0 4150.0 -0.35239
4250.0 4150.0 -0.18341
4350.0 4150.0 0.06661
4450.0 4150.0 0.28933
4550.0 4150.0 0.34837
4650.0 4150.0 0.16507
4750.0 4150.0 -0.17179
4850.0 4150.0 -0.45295
4950.0 4150.0 -0.56081
5050.0 4150.0 -0.66271
5150.0 4150.0 -0.79955
5250.0 4150.0 -0.85930
5350.0 4150.0 -0.77383
5450.0 4150.0 -0.58697
5550.0 4150.0 -0.39497
5650.0 4150.0 -0.19238
5750.0 4150.0 0.00852
5850.0 4150.0 0.07132
5950.0 4150.0 -0.06266
6050.0 4150.0 -0.29983
6150.0 4150.0 -0.49500
6250.0 4150.0 -0.60568
6350.0 4150.0 -0.47946
50.0 4250.0 0.07743
150.0 4250.0 0.09764
250.0 4250.0 0.10511
350.0 4250.0 0.06804
450.0 4250.0 -0.01896
550.0 4250.0 -0.12272
650.0 4250.0 -0.20316
750.0 4250.0 -0.24247
850.0 4250.0 -0.15891
950.0 4250.0 0.00672
1050.0 4250.0 0.13557
1150.0 4250.0 0.13870
1250.0 4250.0 0.01615
1350.0 4250.0 -0.17074
1450.0 4250.0 -0.45771
1550.0 4250.0 -0.70289
1650.0 4250.0 -0.73280
1750.0 4250.0 -0.53986
1850.0 4250.0 -0.27004
1950.0 4250.0 -0.00668
2050.0 4250.0 0.32330
2150.0 4250.0 0.63631
2250.0 4250.0 0.80623
2350.0 4250.0 0.81600
2450.0 4250.0 0.76269
2550.0 4250.0 0.72033
2650.0 4250.0 0.63941
2750.0 4250.0 0.47594
2850.0 4250.0 0.24185
2950.0 4250.0 0.00023
3050.0 4250.0 -0.17923
3150.0 4250.0 -0.30138
3250.0 4250.0 -0.40872
3350.0 4250.0 -0.43144
3450.0 4250.0 -0.31593
3550.0 4250.0 -0.10813
3650.0 4250.0 0.07541
3750.0 4250.0 0.18130
3850.0 4250.0 0.17020
3950.0 4250.0 -0.00741
4050.0 4250.0 -0.21719
4150.0 4250.0 -0.30022
4250.0 4250.0 -0.19065
4350.0 4250.0 0.04147
4450.0 4250.0 0.27880
4550.0 4250.0 0.38916
4650.0 4250.0 0.24377
4750.0 4250.0 -0.11162
4850.0 4250.0 -0.46798
4950.0 4250.0 -0.67444
5050.0 4250.0 -0.86917
5150.0 4250.0 -1.05106
5250.0 4250.0 -1.07441
5350.0 4250.0 -0.89209
5450.0 4250.0 -0.61606
5550.0 4250.0 -0.39210
5650.0 4250.0 -0.16881
5750.0 4250.0 0.06383
5850.0 4250.0 0.14443
5950.0 4250.0 -0.00472
6050.0 4250.0 -0.28358
6150.0 4250.0 -0.52475
6250.0 4250.0 -0.68902
6350.0 4250.0 -0.64015
50.0 4350.0 0.19174
150.0 4350.0 0.26128
250.0 4350.0 0.32378
350.0 4350.0 0.31157
450.0 4350.0 0.19835
550.0 4350.0 0.03582
650.0 4350.0 -0.09873
750.0 4350.0 -0.19244
850.0 4350.0 -0.18805
950.0 4350.0 -0.08823
1050.0 4350.0 0.02813
1150.0 4350.0 0.07076
1250.0 4350.0 0.00401
1350.0 4350.0 -0.13010
1450.0 4350.0 -0.37228
1550.0 4350.0 -0.60599
1650.0 4350.0 -0.66645
1750.0 4350.0 -0.52298
1850.0 4350.0 -0.28604
1950.0 4350.0 -0.04566
2050.0 4350.0 0.20885
2150.0 4350.0 0.41245
2250.0 4350.0 0.50451
2350.0 4350.0 0.50844
2450.0 4350.0 0.51051
2550.0 4350.0 0.54830
2650.0 4350.0 0.60385
2750.0 4350.0 0.60537
2850.0 4350.0 0.47765
2950.0 4350.0 0.24108
3050.0 4350.0 -0.00362
3150.0 4350.0 -0.20626
3250.0 4350.0 -0.40996
3350.0 4350.0 -0.51582
3450.0 4350.0 -0.42012
3550.0 4350.0 -0.16453
3650.0 4350.0 0.08794
3750.0 4350.0 0.24581
3850.0 4350.0 0.27780
3950.0 4350.0 0.11502
4050.0 4350.0 -0.12143
4150.0 4350.0 -0.25665
4250.0 4350.0 -0.18886
4350.0 4350.0 0.02922
4450.0 4350.0 0.29289
4550.0 4350.0 0.49263
4650.0 4350.0 0.44587
4750.0 4350.0 0.13544
4850.0 4350.0 -0.25225
4950.0 4350.0 -0.53759
5050.0 4350.0 -0.81566
5150.0 4350.0 -1.05321
5250.0 4350.0 -1.07242
5350.0 4350.0 -0.83351
5450.0 4350.0 -0.49654
5550.0 4350.0 -0.24818
5650.0 4350.0 -0.00543
5750.0 4350.0 0.26276
5850.0 4350.0 0.37255
5950.0 4350.0 0.22461
6050.0 4350.0 -0.08095
6150.0 4350.0 -0.35923
6250.0 4350.0 -0.57829
6350.0 4350.0 -0.64652
50.0 4450.0 0.13147
150.0 4450.0 0.22952
250.0 4450.0 0.34371
350.0 4450.0 0.38656
450.0 4450.0 0.30525
550.0 4450.0 0.14297
650.0 4450.0 -0.01035
750.0 4450.0 -0.13049
850.0 4450.0 -0.16798
950.0 4450.0 -0.10732
1050.0 4450.0 -0.00549
1150.0 4450.0 0.05000
1250.0 4450.0 0.00796
1350.0 4450.0 -0.09946
1450.0 4450.0 -0.30699
1550.0 4450.0 -0.50900
1650.0 4450.0 -0.55440
1750.0 4450.0 -0.41332
1850.0 4450.0 -0.18505
1950.0 4450.0 0.04067
2050.0 4450.0 0.21921
2150.0 4450.0 0.28583
2250.0 4450.0 0.24061
2350.0 4450.0 0.16640
2450.0 4450.0 0.16673
2550.0 4450.0 0.24330
2650.0 4450.0 0.39064
2750.0 4450.0 0.53344
2850.0 4450.0 0.53429
2950.0 4450.0 0.36197
3050.0 4450.0 0.11194
3150.0 4450.0 -0.12784
3250.0 4450.0 -0.38957
3350.0 4450.0 -0.56685
3450.0 4450.0 -0.52233
3550.0 4450.0 -0.27885
3650.0 4450.0 -0.00955
3750.0 4450.0 0.17181
3850.0 4450.0 0.23344
3950.0 4450.0 0.10443
4050.0 4450.0 -0.10793
4150.0 4450.0 -0.23584
4250.0 4450.0 -0.17196
4350.0 4450.0 0.04144
4450.0 4450.0 0.33039
4550.0 4450.0 0.61455
4650.0 4450.0 0.67555
4750.0 4450.0 0.44224
4850.0 4450.0 0.06965
4950.0 4450.0 -0.24857
5050.0 4450.0 -0.57195
5150.0 4450.0 -0.85834
5250.0 4450.0 -0.91024
5350.0 4450.0 -0.67773
5450.0 4450.0 -0.33104
5550.0 4450.0 -0.07466
5650.0 4450.0 0.17937
5750.0 4450.0 0.47381
5850.0 4450.0 0.61286
5950.0 4450.0 0.48100
6050.0 4450.0 0.17234
6150.0 4450.0 -0.12133
6250.0 4450.0 -0.37291
6350.0 4450.0 -0.53307
50.0 4550.0 -0.06997
150.0 4550.0 0.03844
250.0 4550.0 0.19451
350.0 4550.0 0.30478
450.0 4550.0 0.29017
550.0 4550.0 0.16838
650.0 4550.0 0.02337
750.0 4550.0 -0.09927
850.0 4550.0 -0.14256
950.0 4550.0 -0.08933
1050.0 4550.0 0.00694
1150.0 4550.0 0.06076
1250.0 4550.0 0.02023
1350.0 4550.0 -0.08202
1450.0 4550.0 -0.26601
1550.0 4550.0 -0.42586
1650.0 4550.0 -0.42621
1750.0 4550.0 -0.25474
1850.0 4550.0 -0.01773
1950.0 4550.0 0.20141
2050.0 4550.0 0.32339
2150.0 4550.0 0.27363
2250.0 4550.0 0.09417
2350.0 4550.0 -0.07803
2450.0 4550.0 -0.11112
2550.0 4550.0 -0.02995
2650.0 4550.0 0.15295
2750.0 4550.0 0.37102
2850.0 4550.0 0.46049
2950.0 4550.0 0.35461
3050.0 4550.0 0.12904
3150.0 4550.0 -0.11336
3250.0 4550.0 -0.39550
3350.0 4550.0 -0.61808
3450.0 4550.0 -0.62861
3550.0 4550.0 -0.42798
3650.0 4550.0 -0.17596
3750.0 4550.0 0.00649
3850.0 4550.0 0.08524
3950.0 4550.0 0.00045
4050.0 4550.0 -0.15347
4150.0 4550.0 -0.23184
4250.0 4550.0 -0.14421
4350.0 4550.0 0.07161
4450.0 4550.0 0.37749
4550.0 4550.0 0.71774
4650.0 4550.0 0.85895
4750.0 4550.0 0.69720
4850.0 4550.0 0.36079
4950.0 4550.0 0.04499
5050.0 4550.0 -0.29031
5150.0 4550.0 -0.61194
5250.0 4550.0 -0.71443
5350.0 4550.0 -0.52818
5450.0 4550.0 -0.20687
5550.0 4550.0 0.04549
5650.0 4550.0 0.30332
5750.0 4550.0 0.61237
5850.0 4550.0 0.77413
5950.0 4550.0 0.66401
6050.0 4550.0 0.36782
6150.0 4550.0 0.07597
6250.0 4550.0 -0.18438
6350.0 4550.0 -0.38721
50.0 4650.0 -0.35288
150.0 4650.0 -0.22564
250.0 4650.0 -0.01698
350.0 4650.0 0.17909
450.0 4650.0 0.25818
550.0 4650.0 0.20668
650.0 4650.0 0.09573
750.0 4650.0 -0.00911
850.0 4650.0 -0.05844
950.0 4650.0 -0.04305
1050.0 4650.0 -0.00183
1150.0 4650.0 0.00720
1250.0 4650.0 -0.04892
1350.0 4650.0 -0.14591
1450.0 4650.0 -0.28203
1550.0 4650.0 -0.35885
1650.0 4650.0 -0.28238
1750.0 4650.0 -0.07603
1850.0 4650.0 0.14797
1950.0 4650.0 0.33063
2050.0 4650.0 0.37856
2150.0 4650.0 0.22332
2250.0 4650.0 -0.05223
2350.0 4650.0 -0.27829
2450.0 4650.0 -0.32026
2550.0 4650.0 -0.22843
2650.0 4650.0 -0.01780
2750.0 4650.0 0.25236
2850.0 4650.0 0.40547
2950.0 4650.0 0.35380
3050.0 4650.0 0.15861
3150.0 4650.0 -0.07043
3250.0 4650.0 -0.35519
3350.0 4650.0 -0.60825
3450.0 4650.0 -0.66781
3550.0 4650.0 -0.51221
3650.0 4650.0 -0.28115
3750.0 4650.0 -0.09818
3850.0 4650.0 -0.00324
3950.0 4650.0 -0.04698
4050.0 4650.0 -0.14777
4150.0 4650.0 -0.18249
4250.0 4650.0 -0.07552
4350.0 4650.0 0.14004
4450.0 4650.0 0.44385
4550.0 4650.0 0.79239
4650.0 4650.0 0.96295
4750.0 4650.0 0.84788
4850.0 4650.0 0.55831
4950.0 4650.0 0.27702
5050.0 4650.0 -0.03560
5150.0 4650.0 -0.36556
5250.0 4650.0 -0.50981
5350.0 4650.0 -0.37759
5450.0 4650.0 -0.09169
5550.0 4650.0 0.15718
5650.0 4650.0 0.41933
5750.0 4650.0 0.73622
5850.0 4650.0 0.91886
5950.0 4650.0 0.84429
6050.0 4650.0 0.58858
6150.0 4650.0 0.33069
6250.0 4650.0 0.09427
6350.0 4650.0 -0.12221
50.0 4750.0 -0.64218
150.0 4750.0 -0.48033
250.0 4750.0 -0.22432
350.0 4750.0 0.04299
450.0 4750.0 0.21294
550.0 4750.0 0.25253
650.0 4750.0 0.21558
750.0 4750.0 0.16844
850.0 4750.0 0.12132
950.0 4750.0 0.05852
1050.0 4750.0 -0.02833
1150.0 4750.0 -0.12914
1250.0 4750.0 -0.22521
1350.0 4750.0 -0.31376
1450.0 4750.0 -0.36331
1550.0 4750.0 -0.30278
1650.0 4750.0 -0.12220
1750.0 4750.0 0.09787
1850.0 4750.0 0.25179
1950.0 4750.0 0.33417
2050.0 4750.0 0.27570
2150.0 4750.0 0.05164
2250.0 4750.0 -0.21897
2350.0 4750.0 -0.38563
2450.0 4750.0 -0.37188
2550.0 4750.0 -0.24909
2650.0 4750.0 -0.01993
2750.0 4750.0 0.25601
2850.0 4750.0 0.41372
2950.0 4750.0 0.37770
3050.0 4750.0 0.21349
3150.0 4750.0 0.02329
3250.0 4750.0 -0.23305
3350.0 4750.0 -0.48566
3450.0 4750.0 -0.57318
3550.0 4750.0 -0.45401
3650.0 4750.0 -0.24106
3750.0 4750.0 -0.05355
3850.0 4750.0 0.05511
3950.0 4750.0 0.03383
4050.0 4750.0 -0.04596
4150.0 4750.0 -0.07046
4250.0 4750.0 0.03468
4350.0 4750.0 0.24211
4450.0 4750.0 0.50613
4550.0 4750.0 0.77016
4650.0 4750.0 0.87099
4750.0 4750.0 0.75291
4850.0 4750.0 0.52841
4950.0 4750.0 0.34104
5050.0 4750.0 0.11640
5150.0 4750.0 -0.16736
5250.0 4750.0 -0.32897
5350.0 4750.0 -0.25630
5450.0 4750.0 -0.01785
5550.0 4750.0 0.23153
5650.0 4750.0 0.49763
5750.0 4750.0 0.79649
5850.0 4750.0 0.97424
5950.0 4750.0 0.93940
6050.0 4750.0 0.76497
6150.0 4750.0 0.60125
6250.0 4750.0 0.45441
6350.0 4750.0 0.28777
50.0 4850.0 -0.73026
150.0 4850.0 -0.53385
250.0 4850.0 -0.28107
350.0 4850.0 -0.03125
450.0 4850.0 0.14604
550.0 4850.0 0.23753
650.0 4850.0 0.28612
750.0 4850.0 0.32524
850.0 4850.0 0.31247
950.0 4850.0 0.19619
1050.0 4850.0 -0.01024
1150.0 4850.0 -0.22485
1250.0 4850.0 -0.36552
1350.0 4850.0 -0.44668
1450.0 4850.0 -0.40987
1550.0 4850.0 -0.22505
1650.0 4850.0 0.02458
1750.0 4850.0 0.20893
1850.0 4850.0 0.24630
1950.0 4850.0 0.19126
2050.0 4850.0 0.02366
2150.0 4850.0 -0.21151
2250.0 4850.0 -0.37423
2350.0 4850.0 -0.38160
2450.0 4850.0 -0.26146
2550.0 4850.0 -0.09586
2650.0 4850.0 0.13451
2750.0 4850.0 0.36094
2850.0 4850.0 0.45382
2950.0 4850.0 0.38347
3050.0 4850.0 0.23960
3150.0 4850.0 0.10319
3250.0 4850.0 -0.10143
3350.0 4850.0 -0.32324
3450.0 4850.0 -0.41079
3550.0 4850.0 -0.31023
3650.0 4850.0 -0.10793
3750.0 4850.0 0.08688
3850.0 4850.0 0.20231
3950.0 4850.0 0.17657
4050.0 4850.0 0.07684
4150.0 4850.0 0.02363
4250.0 4850.0 0.10486
4350.0 4850.0 0.29833
4450.0 4850.0 0.49905
4550.0 4850.0 0.62002
4650.0 4850.0 0.58771
4750.0 4850.0 0.43337
4850.0 4850.0 0.28321
4950.0 4850.0 0.22538
5050.0 4850.0 0.12900
5150.0 4850.0 -0.07251
5250.0 4850.0 -0.23193
5350.0 4850.0 -0.21758
5450.0 4850.0 -0.03122
5550.0 4850.0 0.22160
5650.0 4850.0 0.48640
5750.0 4850.0 0.72879
5850.0 4850.0 0.84879
5950.0 4850.0 0.81881
6050.0 4850.0 0.72732
6150.0 4850.0 0.68901
6250.0 4850.0 0.67610
6350.0 4850.0 0.62363
50.0 4950.0 -0.54613
150.0 4950.0 -0.33142
250.0 4950.0 -0.14330
350.0 4950.0 -0.01315
450.0 4950.0 0.06414
550.0 4950.0 0.13442
650.0 4950.0 0.24282
750.0 4950.0 0.36489
850.0 4950.0 0.42045
950.0 4950.0 0.32470
1050.0 4950.0 0.08490
1150.0 4950.0 -0.18192
1250.0 4950.0 -0.34829
1350.0 4950.0 -0.42671
1450.0 4950.0 -0.34353
1550.0 4950.0 -0.10748
1650.0 4950.0 0.13688
1750.0 4950.0 0.24199
1850.0 4950.0 0.16004
1950.0 4950.0 -0.01590
2050.0 4950.0 -0.26301
2150.0 4950.0 -0.47073
2250.0 4950.0 -0.49341
2350.0 4950.0 -0.32599
2450.0 4950.0 -0.09891
2550.0 4950.0 0.10431
2650.0 4950.0 0.32246
2750.0 4950.0 0.47398
2850.0 4950.0 0.47100
2950.0 4950.0 0.33993
3050.0 4950.0 0.20174
3150.0 4950.0 0.11270
3250.0 4950.0 -0.04133
3350.0 4950.0 -0.22402
3450.0 4950.0 -0.29640
3550.0 4950.0 -0.19979
3650.0 4950.0 -0.00124
3750.0 4950.0 0.20041
3850.0 4950.0 0.31600
3950.0 4950.0 0.26934
4050.0 4950.0 0.12864
4150.0 4950.0 0.02965
4250.0 4950.0 0.07957
4350.0 4950.0 0.25948
4450.0 4950.0 0.40456
4550.0 4950.0 0.40054
4650.0 4950.0 0.25314
4750.0 4950.0 0.06965
4850.0 4950.0 -0.01265
4950.0 4950.0 0.04509
5050.0 4950.0 0.06304
5150.0 4950.0 -0.06460
5250.0 4950.0 -0.22111
5350.0 4950.0 -0.25775
5450.0 4950.0 -0.11723
5550.0 4950.0 0.13874
5650.0 4950.0 0.39570
5750.0 4950.0 0.55747
5850.0 4950.0 0.57636
5950.0 4950.0 0.50094
6050.0 4950.0 0.45267
6150.0 4950.0 0.51913
6250.0 4950.0 0.63129
6350.0 4950.0 0.71274
50.0 5050.0 -0.22668
150.0 5050.0 -0.01403
250.0 5050.0 0.08423
350.0 5050.0 0.05742
450.0 5050.0 -0.01438
550.0 5050.0 -0.01684
650.0 5050.0 0.10725
750.0 5050.0 0.27893
850.0 5050.0 0.41249
950.0 5050.0 0.40484
1050.0 5050.0 0.23101
1150.0 5050.0 -0.00676
1250.0 5050.0 -0.17043
1350.0 5050.0 -0.25086
1450.0 5050.0 -0.17122
1550.0 5050.0 0.03787
1650.0 5050.0 0.21967
1750.0 5050.0 0.24154
1850.0 5050.0 0.08439
1950.0 5050.0 -0.15376
2050.0 5050.0 -0.44045
2150.0 5050.0 -0.63145
2250.0 5050.0 -0.57915
2350.0 5050.0 -0.31965
2450.0 5050.0 -0.03681
2550.0 5050.0 0.18541
2650.0 5050.0 0.39222
2750.0 5050.0 0.49355
2850.0 5050.0 0.42684
2950.0 5050.0 0.25314
3050.0 5050.0 0.11312
3150.0 5050.0 0.04811
3250.0 5050.0 -0.08058
3350.0 5050.0 -0.24481
3450.0 5050.0 -0.31150
3550.0 5050.0 -0.21867
3650.0 5050.0 -0.02284
3750.0 5050.0 0.18223
3850.0 5050.0 0.29677
3950.0 5050.0 0.23615
4050.0 5050.0 0.06999
4150.0 5050.0 -0.05638
4250.0 5050.0 -0.02444
4350.0 5050.0 0.14836
4450.0 5050.0 0.27149
4550.0 5050.0 0.22502
4650.0 5050.0 0.05002
4750.0 5050.0 -0.11968
4850.0 5050.0 -0.15172
4950.0 5050.0 -0.03238
5050.0 5050.0 0.04127
5150.0 5050.0 -0.05994
5250.0 5050.0 -0.23262
5350.0 5050.0 -0.31234
5450.0 5050.0 -0.20508
5550.0 5050.0 0.05071
5650.0 5050.0 0.29699
5750.0 5050.0 0.38717
5850.0 5050.0 0.30475
5950.0 5050.0 0.15648
6050.0 5050.0 0.09995
6150.0 5050.0 0.21339
6250.0 5050.0 0.39411
6350.0 5050.0 0.56839
50.0 5150.0 0.05591
150.0 5150.0 0.25532
250.0 5150.0 0.27784
350.0 5150.0 0.12269
450.0 5150.0 -0.07898
550.0 5150.0 -0.16087
650.0 5150.0 -0.05179
750.0 5150.0 0.13530
850.0 5150.0 0.33435
950.0 5150.0 0.43827
1050.0 5150.0 0.38048
1150.0 5150.0 0.21882
1250.0 5150.0 0.07623
1350.0 5150.0 -0.00812
1450.0 5150.0 0.04058
1550.0 5150.0 0.18667
1650.0 5150.0 0.29351
1750.0 5150.0 0.25706
1850.0 5150.0 0.07467
1950.0 5150.0 -0.17278
2050.0 5150.0 -0.47542
2150.0 5150.0 -0.68740
2250.0 5150.0 -0.65280
2350.0 5150.0 -0.40210
2450.0 5150.0 -0.11983
2550.0 5150.0 0.10444
2650.0 5150.0 0.30988
2750.0 5150.0 0.40514
2850.0 5150.0 0.33079
2950.0 5150.0 0.15205
3050.0 5150.0 0.01196
3150.0 5150.0 -0.05023
3250.0 5150.0 -0.18034
3350.0 5150.0 -0.35413
3450.0 5150.0 -0.43564
3550.0 5150.0 -0.35626
3650.0 5150.0 -0.16676
3750.0 5150.0 0.03817
3850.0 5150.0 0.15477
3950.0 5150.0 0.09902
4050.0 5150.0 -0.06115
4150.0 5150.0 -0.18289
4250.0 5150.0 -0.14919
4350.0 5150.0 0.02331
4450.0 5150.0 0.15602
4550.0 5150.0 0.14481
4650.0 5150.0 0.02530
4750.0 5150.0 -0.08871
4850.0 5150.0 -0.08543
4950.0 5150.0 0.04608
5050.0 5150.0 0.12088
5150.0 5150.0 0.00010
5250.0 5150.0 -0.21000
5350.0 5150.0 -0.32909
5450.0 5150.0 -0.24560
5550.0 5150.0 0.00653
5650.0 5150.0 0.24347
5750.0 5150.0 0.28832
5850.0 5150.0 0.13379
5950.0 5150.0 -0.08313
6050.0 5150.0 -0.17726
6150.0 5150.0 -0.06608
6250.0 5150.0 0.12744
6350.0 5150.0 0.33635
50.0 5250.0 0.24357
150.0 5250.0 0.43088
250.0 5250.0 0.40416
350.0 5250.0 0.16610
450.0 5250.0 -0.12292
550.0 5250.0 -0.26411
650.0 5250.0 -0.17535
750.0 5250.0 0.01111
850.0 5250.0 0.24941
950.0 5250.0 0.44136
1050.0 5250.0 0.49362
1150.0 5250.0 0.42091
1250.0 5250.0 0.31978
1350.0 5250.0 0.24936
1450.0 5250.0 0.27000
1550.0 5250.0 0.33951
1650.0 5250.0 0.35340
1750.0 5250.0 0.25139
1850.0 5250.0 0.05455
1950.0 5250.0 -0.18226
2050.0 5250.0 -0.48193
2150.0 5250.0 -0.71201
2250.0 5250.0 -0.71772
2350.0 5250.0 -0.51418
2450.0 5250.0 -0.26568
2550.0 5250.0 -0.06164
2650.0 5250.0 0.13283
2750.0 5250.0 0.23241
2850.0 5250.0 0.17288
2950.0 5250.0 0.00717
3050.0 5250.0 -0.13288
3150.0 5250.0 -0.20522
3250.0 5250.0 -0.34051
3350.0 5250.0 -0.51323
3450.0 5250.0 -0.59506
3550.0 5250.0 -0.52395
3650.0 5250.0 -0.35142
3750.0 5250.0 -0.16719
3850.0 5250.0 -0.05848
3950.0 5250.0 -0.09031
4050.0 5250.0 -0.19845
4150.0 5250.0 -0.26377
4250.0 5250.0 -0.19690
4350.0 5250.0 -0.01844
4450.0 5250.0 0.12732
4550.0 5250.0 0.15320
4650.0 5250.0 0.08388
4750.0 5250.0 0.01245
4850.0 5250.0 0.03545
4950.0 5250.0 0.16635
5050.0 5250.0 0.23275
5150.0 5250.0 0.09042
5250.0 5250.0 -0.15184
5350.0 5250.0 -0.30342
5450.0 5250.0 -0.24206
5550.0 5250.0 0.00053
5650.0 5250.0 0.22807
5750.0 5250.0 0.25001
5850.0 5250.0 0.05481
5950.0 5250.0 -0.21250
6050.0 5250.0 -0.35120
6150.0 5250.0 -0.26904
6250.0 5250.0 -0.09305
6350.0 5250.0 0.12868
50.0 5350.0 0.22106
150.0 5350.0 0.40303
250.0 5350.0 0.38746
350.0 5350.0 0.16845
450.0 5350.0 -0.10989
550.0 5350.0 -0.25848
650.0 5350.0 -0.19231
750.0 5350.0 -0.03602
850.0 5350.0 0.16921
950.0 5350.0 0.36151
1050.0 5350.0 0.46927
1150.0 5350.0 0.48648
1250.0 5350.0 0.46752
1350.0 5350.0 0.45815
1450.0 5350.0 0.47781
1550.0 5350.0 0.46849
1650.0 5350.0 0.36957
1750.0 5350.0 0.18917
1850.0 5350.0 -0.00869
1950.0 5350.0 -0.20324
2050.0 5350.0 -0.45143
2150.0 5350.0 -0.65833
2250.0 5350.0 -0.70332
2350.0 5350.0 -0.58861
2450.0 5350.0 -0.43024
2550.0 5350.0 -0.29635
2650.0 5350.0 -0.14242
2750.0 5350.0 -0.03247
2850.0 5350.0 -0.04584
2950.0 5350.0 -0.17045
3050.0 5350.0 -0.31231
3150.0 5350.0 -0.41974
3250.0 5350.0 -0.55849
3350.0 5350.0 -0.68973
3450.0 5350.0 -0.72356
3550.0 5350.0 -0.64071
3650.0 5350.0 -0.50920
3750.0 5350.0 -0.39646
3850.0 5350.0 -0.33181
3950.0 5350.0 -0.32671
4050.0 5350.0 -0.31680
4150.0 5350.0 -0.24032
4250.0 5350.0 -0.08489
4350.0 5350.0 0.11087
4450.0 5350.0 0.26586
4550.0 5350.0 0.30171
4650.0 5350.0 0.23422
4750.0 5350.0 0.15297
4850.0 5350.0 0.15992
4950.0 5350.0 0.27611
5050.0 5350.0 0.33210
5150.0 5350.0 0.18694
5250.0 5350.0 -0.05641
5350.0 5350.0 -0.21500
5450.0 5350.0 -0.16970
5550.0 5350.0 0.05074
5650.0 5350.0 0.26927
5750.0 5350.0 0.31955
5850.0 5350.0 0.15959
5950.0 5350.0 -0.10624
6050.0 5350.0 -0.29173
6150.0 5350.0 -0.28688
6250.0 5350.0 -0.18505
6350.0 5350.0 0.01177
50.0 5450.0 0.03601
150.0 5450.0 0.21896
250.0 5450.0 0.26409
350.0 5450.0 0.14774
450.0 5450.0 -0.03865
550.0 5450.0 -0.15013
650.0 5450.0 -0.10589
750.0 5450.0 -0.00382
850.0 5450.0 0.09533
950.0 5450.0 0.18545
1050.0 5450.0 0.26569
1150.0 5450.0 0.34275
1250.0 5450.0 0.42500
1350.0 5450.0 0.51149
1450.0 5450.0 0.56967
1550.0 5450.0 0.52093
1650.0 5450.0 0.34160
1750.0 5450.0 0.10678
1850.0 5450.0 -0.07223
1950.0 5450.0 -0.20158
2050.0 5450.0 -0.35344
2150.0 5450.0 -0.48410
2250.0 5450.0 -0.53835
2350.0 5450.0 -0.51891
2450.0 5450.0 -0.48102
2550.0 5450.0 -0.45106
2650.0 5450.0 -0.35782
2750.0 5450.0 -0.23327
2850.0 5450.0 -0.17899
2950.0 5450.0 -0.24329
3050.0 5450.0 -0.38816
3150.0 5450.0 -0.54767
3250.0 5450.0 -0.68777
3350.0 5450.0 -0.74754
3450.0 5450.0 -0.69728
3550.0 5450.0 -0.58642
3650.0 5450.0 -0.51121
3750.0 5450.0 -0.50492
3850.0 5450.0 -0.52391
3950.0 5450.0 -0.51593
4050.0 5450.0 -0.40181
4150.0 5450.0 -0.17657
4250.0 5450.0 0.07983
4350.0 5450.0 0.29772
4450.0 5450.0 0.45818
4550.0 5450.0 0.48166
4650.0 5450.0 0.37748
4750.0 5450.0 0.24563
4850.0 5450.0 0.20941
4950.0 5450.0 0.30089
5050.0 5450.0 0.34766
5150.0 5450.0 0.22233
5250.0 5450.0 0.01431
5350.0 5450.0 -0.11933
5450.0 5450.0 -0.07759
5550.0 5450.0 0.11364
5650.0 5450.0 0.32614
5750.0 5450.0 0.45211
5850.0 5450.0 0.39943
5950.0 5450.0 0.19078
6050.0 5450.0 -0.03052
6150.0 5450.0 -0.13315
6250.0 5450.0 -0.14648
6350.0 5450.0 -0.01324
50.0 5550.0 -0.14562
150.0 5550.0 0.03964
250.0 5550.0 0.14835
350.0 5550.0 0.13951
450.0 5550.0 0.05092
550.0 5550.0 -0.01834
650.0 5550.0 0.00729
750.0 5550.0 0.05400
850.0 5550.0 0.02500
950.0 5550.0 -0.03290
1050.0 5550.0 -0.03482
1150.0 5550.0 0.06011
1250.0 5550.0 0.22596
1350.0 5550.0 0.40535
1450.0 5550.0 0.52686
1550.0 5550.0 0.49471
1650.0 5550.0 0.30030
1750.0 5550.0 0.05732
1850.0 5550.0 -0.09013
1950.0 5550.0 -0.15688
2050.0 5550.0 -0.20316
2150.0 5550.0 -0.22948
2250.0 5550.0 -0.25325
2350.0 5550.0 -0.29334
2450.0 5550.0 -0.35697
2550.0 5550.0 -0.42357
2650.0 5550.0 -0.38685
2750.0 5550.0 -0.24844
2850.0 5550.0 -0.13076
2950.0 5550.0 -0.13855
3050.0 5550.0 -0.28615
3150.0 5550.0 -0.49418
3250.0 5550.0 -0.63461
3350.0 5550.0 -0.62529
3450.0 5550.0 -0.49345
3550.0 5550.0 -0.35386
3650.0 5550.0 -0.32997
3750.0 5550.0 -0.42343
3850.0 5550.0 -0.54127
3950.0 5550.0 -0.59066
4050.0 5550.0 -0.46169
4150.0 5550.0 -0.16946
4250.0 5550.0 0.14561
4350.0 5550.0 0.38008
4450.0 5550.0 0.54497
4550.0 5550.0 0.55469
4650.0 5550.0 0.41309
4750.0 5550.0 0.23109
4850.0 5550.0 0.15303
4950.0 5550.0 0.22124
5050.0 5550.0 0.26260
5150.0 5550.0 0.16794
5250.0 5550.0 0.01160
5350.0 5550.0 -0.08087
5450.0 5550.0 -0.03215
5550.0 5550.0 0.13375
5650.0 5550.0 0.34386
5750.0 5550.0 0.55521
5850.0 5550.0 0.62675
5950.0 5550.0 0.49563
6050.0 5550.0 0.25578
6150.0 5550.0 0.05622
6250.0 5550.0 -0.06753
6350.0 5550.0 -0.01021
50.0 5650.0 -0.15793
150.0 5650.0 0.02491
250.0 5650.0 0.15046
350.0 5650.0 0.17021
450.0 5650.0 0.10411
550.0 5650.0 0.03819
650.0 5650.0 0.04865
750.0 5650.0 0.06301
850.0 5650.0 -0.04734
950.0 5650.0 -0.20600
1050.0 5650.0 -0.27355
1150.0 5650.0 -0.18227
1250.0 5650.0 0.02602
1350.0 5650.0 0.25924
1450.0 5650.0 0.43475
1550.0 5650.0 0.44863
1650.0 5650.0 0.28729
1750.0 5650.0 0.06923
1850.0 5650.0 -0.05110
1950.0 5650.0 -0.08174
2050.0 5650.0 -0.05656
2150.0 5650.0 0.00240
2250.0 5650.0 0.02793
2350.0 5650.0 -0.02077
2450.0 5650.0 -0.13160
2550.0 5650.0 -0.25132
2650.0 5650.0 -0.24546
2750.0 5650.0 -0.09840
2850.0 5650.0 0.05560
2950.0 5650.0 0.08006
3050.0 5650.0 -0.06865
3150.0 5650.0 -0.30358
3250.0 5650.0 -0.44519
3350.0 5650.0 -0.40020
3450.0 5650.0 -0.22654
3550.0 5650.0 -0.07383
3650.0 5650.0 -0.07963
3750.0 5650.0 -0.22901
3850.0 5650.0 -0.42438
3950.0 5650.0 -0.57127
4050.0 5650.0 -0.52428
4150.0 5650.0 -0.27354
4250.0 5650.0 0.03510
4350.0 5650.0 0.27436
4450.0 5650.0 0.44621
4550.0 5650.0 0.46314
4650.0 5650.0 0.32231
4750.0 5650.0 0.13218
4850.0 5650.0 0.04146
4950.0 5650.0 0.09835
5050.0 5650.0 0.13780
5150.0 5650.0 0.06425
5250.0 5650.0 -0.05713
5350.0 5650.0 -0.12073
5450.0 5650.0 -0.06465
5550.0 5650.0 0.08786
5650.0 5650.0 0.29710
5750.0 5650.0 0.55772
5850.0 5650.0 0.70132
5950.0 5650.0 0.61641
6050.0 5650.0 0.36832
6150.0 5650.0 0.11554
6250.0 5650.0 -0.07113
6350.0 5650.0 -0.06573
50.0 5750.0 0.02344
150.0 5750.0 0.19732
250.0 5750.0 0.28335
350.0 5750.0 0.23655
450.0 5750.0 0.10125
550.0 5750.0 -0.01024
650.0 5750.0 -0.01345
750.0 5750.0 -0.00394
850.0 5750.0 -0.12474
950.0 5750.0 -0.29472
1050.0 5750.0 -0.36746
1150.0 5750.0 -0.27305
1250.0 5750.0 -0.05675
1350.0 5750.0 0.18732
1450.0 5750.0 0.38724
1550.0 5750.0 0.43901
1650.0 5750.0 0.31718
1750.0 5750.0 0.12745
1850.0 5750.0 0.01950
1950.0 5750.0 -0.00378
2050.0 5750.0 0.04635
2150.0 5750.0 0.14731
2250.0 5750.0 0.21394
2350.0 5750.0 0.18861
2450.0 5750.0 0.07923
2550.0 5750.0 -0.04880
2650.0 5750.0 -0.04724
2750.0 5750.0 0.10297
2850.0 5750.0 0.26508
2950.0 5750.0 0.29653
3050.0 5750.0 0.14836
3150.0 5750.0 -0.09105
3250.0 5750.0 -0.23562
3350.0 5750.0 -0.19190
3450.0 5750.0 -0.02066
3550.0 5750.0 0.12650
3650.0 5750.0 0.11236
3750.0 5750.0 -0.04720
3850.0 5750.0 -0.28389
3950.0 5750.0 -0.52929
4050.0 5750.0 -0.60897
4150.0 5750.0 -0.46372
4250.0 5750.0 -0.20501
4350.0 5750.0 0.02953
4450.0 5750.0 0.21205
4550.0 5750.0 0.26153
4650.0 5750.0 0.16630
4750.0 5750.0 0.01638
4850.0 5750.0 -0.05416
4950.0 5750.0 0.00415
5050.0 5750.0 0.04286
5150.0 5750.0 -0.02882
5250.0 5750.0 -0.14691
5350.0 5750.0 -0.20811
5450.0 5750.0 -0.15216
5550.0 5750.0 -0.00210
5650.0 5750.0 0.20524
5750.0 5750.0 0.46597
5850.0 5750.0 0.60835
5950.0 5750.0 0.51797
6050.0 5750.0 0.26052
6150.0 5750.0 -0.00278
6250.0 5750.0 -0.20090
6350.0 5750.0 -0.21028
50.0 5850.0 0.28830
150.0 5850.0 0.43091
250.0 5850.0 0.43741
350.0 5850.0 0.27788
450.0 5850.0 0.03951
550.0 5850.0 -0.13017
650.0 5850.0 -0.14409
750.0 5850.0 -0.12678
850.0 5850.0 -0.21731
950.0 5850.0 -0.33990
1050.0 5850.0 -0.36880
1150.0 5850.0 -0.25166
1250.0 5850.0 -0.03625
1350.0 5850.0 0.20085
1450.0 5850.0 0.40865
1550.0 5850.0 0.48682
1650.0 5850.0 0.39923
1750.0 5850.0 0.23526
1850.0 5850.0 0.13451
1950.0 5850.0 0.10949
2050.0 5850.0 0.16673
2150.0 5850.0 0.29093
2250.0 5850.0 0.39302
2350.0 5850.0 0.40251
2450.0 5850.0 0.31489
2550.0 5850.0 0.19786
2650.0 5850.0 0.19750
2750.0 5850.0 0.32987
2850.0 5850.0 0.46994
2950.0 5850.0 0.48973
3050.0 5850.0 0.34743
3150.0 5850.0 0.12342
3250.0 5850.0 -0.02444
3350.0 5850.0 -0.01454
3450.0 5850.0 0.10951
3550.0 5850.0 0.22270
3650.0 5850.0 0.20509
3750.0 5850.0 0.06372
3850.0 5850.0 -0.17856
3950.0 5850.0 -0.49111
4050.0 5850.0 -0.69074
4150.0 5850.0 -0.67191
4250.0 5850.0 -0.49366
4350.0 5850.0 -0.28680
4450.0 5850.0 -0.10843
4550.0 5850.0 -0.02317
4650.0 5850.0 -0.05205
4750.0 5850.0 -0.13649
4850.0 5850.0 -0.17378
4950.0 5850.0 -0.11799
5050.0 5850.0 -0.08305
5150.0 5850.0 -0.14236
5250.0 5850.0 -0.23433
5350.0 5850.0 -0.26803
5450.0 5850.0 -0.19682
5550.0 5850.0 -0.04712
5650.0 5850.0 0.14900
5750.0 5850.0 0.37586
5850.0 5850.0 0.47065
5950.0 5850.0 0.33940
6050.0 5850.0 0.06305
6150.0 5850.0 -0.19781
6250.0 5850.0 -0.38878
6350.0 5850.0 -0.39487
50.0 5950.0 0.58416
150.0 5950.0 0.63617
250.0 5950.0 0.50442
350.0 5950.0 0.19954
450.0 5950.0 -0.13684
550.0 5950.0 -0.33963
650.0 5950.0 -0.34749
750.0 5950.0 -0.30389
850.0 5950.0 -0.30562
950.0 5950.0 -0.29798
1050.0 5950.0 -0.21581
1150.0 5950.0 -0.05182
1250.0 5950.0 0.14659
1350.0 5950.0 0.34798
1450.0 5950.0 0.53482
1550.0 5950.0 0.61772
1650.0 5950.0 0.55437
1750.0 5950.0 0.41341
1850.0 5950.0 0.31509
1950.0 5950.0 0.27743
2050.0 5950.0 0.31308
2150.0 5950.0 0.42535
2250.0 5950.0 0.54664
2350.0 5950.0 0.60434
2450.0 5950.0 0.57117
2550.0 5950.0 0.49826
2650.0 5950.0 0.49148
2750.0 5950.0 0.55370
2850.0 5950.0 0.60718
2950.0 5950.0 0.58219
3050.0 5950.0 0.46544
3150.0 5950.0 0.30576
3250.0 5950.0 0.16190
3350.0 5950.0 0.07759
3450.0 5950.0 0.06597
3550.0 5950.0 0.08795
3650.0 5950.0 0.07821
3750.0 5950.0 0.01647
3850.0 5950.0 -0.13831
3950.0 5950.0 -0.40895
4050.0 5950.0 -0.66568
4150.0 5950.0 -0.78687
4250.0 5950.0 -0.75162
4350.0 5950.0 -0.63771
4450.0 5950.0 -0.51587
4550.0 5950.0 -0.41276
4650.0 5950.0 -0.35624
4750.0 5950.0 -0.34257
4850.0 5950.0 -0.33482
4950.0 5950.0 -0.30298
5050.0 5950.0 -0.28568
5150.0 5950.0 -0.30224
5250.0 5950.0 -0.29915
5350.0 5950.0 -0.23166
5450.0 5950.0 -0.10450
5550.0 5950.0 0.04244
5650.0 5950.0 0.20373
5750.0 5950.0 0.34278
5850.0 5950.0 0.32612
5950.0 5950.0 0.11134
6050.0 5950.0 -0.19068
6150.0 5950.0 -0.42983
6250.0 5950.0 -0.58870
6350.0 5950.0 -0.56659
50.0 6050.0 0.71476
150.0 6050.0 0.64133
250.0 6050.0 0.37884
350.0 6050.0 -0.00779
450.0 6050.0 -0.34770
550.0 6050.0 -0.50702
650.0 6050.0 -0.48206
750.0 6050.0 -0.40356
850.0 6050.0 -0.30571
950.0 6050.0 -0.16584
1050.0 6050.0 0.01296
1150.0 6050.0 0.19796
1250.0 6050.0 0.35441
1350.0 6050.0 0.49784
1450.0 6050.0 0.64026
1550.0 6050.0 0.70869
1650.0 6050.0 0.65897
1750.0 6050.0 0.53682
1850.0 6050.0 0.43661
1950.0 6050.0 0.37717
2050.0 6050.0 0.36116
2150.0 6050.0 0.41746
2250.0 6050.0 0.52536
2350.0 6050.0 0.62646
2450.0 6050.0 0.66719
2550.0 6050.0 0.66412
2650.0 6050.0 0.65508
2750.0 6050.0 0.62475
2850.0 6050.0 0.56403
2950.0 6050.0 0.48615
3050.0 6050.0 0.41716
3150.0 6050.0 0.36027
3250.0 6050.0 0.23849
3350.0 6050.0 0.04577
3450.0 6050.0 -0.12759
3550.0 6050.0 -0.20601
3650.0 6050.0 -0.18346
3750.0 6050.0 -0.11681
3850.0 6050.0 -0.09935
3950.0 6050.0 -0.20585
4050.0 6050.0 -0.41849
4150.0 6050.0 -0.64393
4250.0 6050.0 -0.77672
4350.0 6050.0 -0.80326
4450.0 6050.0 -0.78436
4550.0 6050.0 -0.69777
4650.0 6050.0 -0.57112
4750.0 6050.0 -0.46164
4850.0 6050.0 -0.41441
4950.0 6050.0 -0.42515
5050.0 6050.0 -0.44394
5150.0 6050.0 -0.42433
5250.0 6050.0 -0.31930
5350.0 6050.0 -0.13806
5450.0 6050.0 0.05095
5550.0 6050.0 0.18862
5650.0 6050.0 0.30438
5750.0 6050.0 0.34788
5850.0 6050.0 0.22582
5950.0 6050.0 -0.05009
6050.0 6050.0 -0.34910
6150.0 6050.0 -0.54419
6250.0 6050.0 -0.65360
6350.0 6050.0 -0.59402
50.0 6150.0 0.57754
150.0 6150.0 0.39646
250.0 6150.0 0.08008
350.0 6150.0 -0.26198
450.0 6150.0 -0.47797
550.0 6150.0 -0.51422
650.0 6150.0 -0.43762
750.0 6150.0 -0.33294
850.0 6150.0 -0.18629
950.0 6150.0 -0.00481
1050.0 6150.0 0.17452
1150.0 6150.0 0.31696
1250.0 6150.0 0.41442
1350.0 6150.0 0.50088
1450.0 6150.0 0.59838
1550.0 6150.0 0.64969
1650.0 6150.0 0.60996
1750.0 6150.0 0.50382
1850.0 6150.0 0.40097
1950.0 6150.0 0.31914
2050.0 6150.0 0.24146
2150.0 6150.0 0.21942
2250.0 6150.0 0.28636
2350.0 6150.0 0.40894
2450.0 6150.0 0.51415
2550.0 6150.0 0.57980
2650.0 6150.0 0.57946
2750.0 6150.0 0.48396
2850.0 6150.0 0.34293
2950.0 6150.0 0.23809
3050.0 6150.0 0.22596
3150.0 6150.0 0.27091
3250.0 6150.0 0.18846
3350.0 6150.0 -0.06460
3450.0 6150.0 -0.33668
3550.0 6150.0 -0.46393
3650.0 6150.0 -0.38745
3750.0 6150.0 -0.19300
3850.0 6150.0 0.01118
3950.0 6150.0 0.11807
4050.0 6150.0 0.02126
4150.0 6150.0 -0.24268
4250.0 6150.0 -0.50832
4350.0 6150.0 -0.66861
4450.0 6150.0 -0.75899
4550.0 6150.0 -0.71712
4650.0 6150.0 -0.56337
4750.0 6150.0 -0.39811
4850.0 6150.0 -0.33257
4950.0 6150.0 -0.38794
5050.0 6150.0 -0.45318
5150.0 6150.0 -0.44093
5250.0 6150.0 -0.30194
5350.0 6150.0 -0.07239
5450.0 6150.0 0.14091
5550.0 6150.0 0.26285
5650.0 6150.0 0.34463
5750.0 6150.0 0.34251
5850.0 6150.0 0.19553
5950.0 6150.0 -0.06185
6050.0 6150.0 -0.30980
6150.0 6150.0 -0.45104
6250.0 6150.0 -0.51468
6350.0 6150.0 -0.43262
50.0 6250.0 0.27705
150.0 6250.0 0.04523
250.0 6250.0 -0.23810
350.0 6250.0 -0.44410
450.0 6250.0 -0.47440
550.0 6250.0 -0.36664
650.0 6250.0 -0.24218
750.0 6250.0 -0.13071
850.0 6250.0 -0.00855
950.0 6250.0 0.10105
1050.0 6250.0 0.17719
1150.0 6250.0 0.22483
1250.0 6250.0 0.26747
1350.0 6250.0 0.32058
1450.0 6250.0 0.39610
1550.0 6250.0 0.44637
1650.0 6250.0 0.42279
1750.0 6250.0 0.33343
1850.0 6250.0 0.23140
1950.0 6250.0 0.13563
2050.0 6250.0 0.01422
2150.0 6250.0 -0.06943
2250.0 6250.0 -0.04461
2350.0 6250.0 0.07735
2450.0 6250.0 0.21587
2550.0 6250.0 0.32302
2650.0 6250.0 0.34066
2750.0 6250.0 0.23623
2850.0 6250.0 0.08433
2950.0 6250.0 -0.00744
3050.0 6250.0 0.02615
3150.0 6250.0 0.13309
3250.0 6250.0 0.09300
3350.0 6250.0 -0.14697
3450.0 6250.0 -0.41400
3550.0 6250.0 -0.51742
3650.0 6250.0 -0.38496
3750.0 6250.0 -0.11242
3850.0 6250.0 0.21103
3950.0 6250.0 0.46902
4050.0 6250.0 0.47451
4150.0 6250.0 0.21698
4250.0 6250.0 -0.11300
4350.0 6250.0 -0.35106
4450.0 6250.0 -0.51186
4550.0 6250.0 -0.51484
4650.0 6250.0 -0.37156
4750.0 6250.0 -0.19745
4850.0 6250.0 -0.13403
4950.0 6250.0 -0.21784
5050.0 6250.0 -0.32371
5150.0 6250.0 -0.36577
5250.0 6250.0 -0.28339
5350.0 6250.0 -0.09863
5450.0 6250.0 0.08682
5550.0 6250.0 0.19164
5650.0 6250.0 0.26439
5750.0 6250.0 0.28583
5850.0 6250.0 0.20689
5950.0 6250.0 0.04351
6050.0 6250.0 -0.12309
6150.0 6250.0 -0.22095
6250.0 6250.0 -0.26079
6350.0 6250.0 -0.18402
50.0 6350.0 0.00000
150.0 6350.0 -0.22829
250.0 6350.0 -0.43667
350.0 6350.0 -0.50015
450.0 6350.0 -0.37521
550.0 6350.0 -0.16386
650.0 6350.0 -0.01165
750.0 6350.0 0.09032
850.0 6350.0 0.14109
950.0 6350.0 0.11617
1050.0 6350.0 0.04284
1150.0 6350.0 -0.01511
1250.0 6350.0 -0.00817
1350.0 6350.0 0.03942
1450.0 6350.0 0.12119
1550.0 6350.0 0.19206
1650.0 6350.0 0.19513
1750.0 6350.0 0.12578
1850.0 6350.0 0.02937
1950.0 6350.0 -0.06959
2050.0 6350.0 -0.20474
2150.0 6350.0 -0.31121
2250.0 6350.0 -0.30712
2350.0 6350.0 -0.19446
2450.0 6350.0 -0.05261
2550.0 6350.0 0.06395
2650.0 6350.0 0.10178
2750.0 6350.0 0.03393
2850.0 6350.0 -0.07266
2950.0 6350.0 -0.12427
3050.0 6350.0 -0.06597
3150.0 6350.0 0.05544
3250.0 6350.0 0.04715
3350.0 6350.0 -0.13050
3450.0 6350.0 -0.31882
3550.0 6350.0 -0.35292
3650.0 6350.0 -0.17987
3750.0 6350.0 0.11094
3850.0 6350.0 0.46000
3950.0 6350.0 0.75287
4050.0 6350.0 0.78501
4150.0 6350.0 0.53398
4250.0 6350.0 0.19359
4350.0 6350.0 -0.05994
4450.0 6350.0 -0.23881
4550.0 6350.0 -0.26349
4650.0 6350.0 -0.14065
4750.0 6350.0 0.01851
4850.0 6350.0 0.07253
4950.0 6350.0 -0.01840
5050.0 6350.0 -0.14929
5150.0 6350.0 -0.26657
5250.0 6350.0 -0.29438
5350.0 6350.0 -0.21317
5450.0 6350.0 -0.08773
5550.0 6350.0 0.00361
5650.0 6350.0 0.08806
5750.0 6350.0 0.17564
5850.0 6350.0 0.21088
5950.0 6350.0 0.16713
6050.0 6350.0 0.07887
6150.0 6350.0 0.00364
6250.0 6350.0 -0.03600
6350.0 6350.0 0.01420
