50.0 50.0 0.06547
150.0 50.0 0.06244
250.0 50.0 0.05220
350.0 50.0 0.03740
450.0 50.0 0.02187
550.0 50.0 0.00946
650.0 50.0 0.00232
750.0 50.0 -0.00092
850.0 50.0 0.00451
950.0 50.0 0.02820
1050.0 50.0 0.06767
1150.0 50.0 0.11309
1250.0 50.0 0.15245
1350.0 50.0 0.17543
1450.0 50.0 0.17580
1550.0 50.0 0.15255
1650.0 50.0 0.10965
1750.0 50.0 0.05444
1850.0 50.0 -0.00532
1950.0 50.0 -0.06924
2050.0 50.0 -0.14320
2150.0 50.0 -0.21937
2250.0 50.0 -0.28249
2350.0 50.0 -0.31792
2450.0 50.0 -0.31712
2550.0 50.0 -0.28035
2650.0 50.0 -0.21663
2750.0 50.0 -0.14109
2850.0 50.0 -0.06946
2950.0 50.0 -0.00998
3050.0 50.0 0.04871
3150.0 50.0 0.13529
3250.0 50.0 0.25126
3350.0 50.0 0.37432
3450.0 50.0 0.47466
3550.0 50.0 0.52685
3650.0 50.0 0.51736
3750.0 50.0 0.44767
3850.0 50.0 0.33302
3950.0 50.0 0.19671
4050.0 50.0 0.06004
4150.0 50.0 -0.06955
4250.0 50.0 -0.16830
4350.0 50.0 -0.20409
4450.0 50.0 -0.17075
4550.0 50.0 -0.08191
4650.0 50.0 0.03627
4750.0 50.0 0.15194
4850.0 50.0 0.23402
4950.0 50.0 0.25828
5050.0 50.0 0.21295
5150.0 50.0 0.10399
5250.0 50.0 -0.04040
5350.0 50.0 -0.19991
5450.0 50.0 -0.37830
5550.0 50.0 -0.55174
5650.0 50.0 -0.68429
5750.0 50.0 -0.74522
5850.0 50.0 -0.72002
5950.0 50.0 -0.61517
6050.0 50.0 -0.45655
6150.0 50.0 -0.28165
6250.0 50.0 -0.12545
6350.0 50.0 0.00000
50.0 150.0 0.03073
150.0 150.0 0.03653
250.0 150.0 0.03565
350.0 150.0 0.02957
450.0 150.0 0.02102
550.0 150.0 0.01315
650.0 150.0 0.00815
750.0 150.0 0.00570
850.0 150.0 0.01123
950.0 150.0 0.03353
1050.0 150.0 0.06981
1150.0 150.0 0.11047
1250.0 150.0 0.14413
1350.0 150.0 0.16124
1450.0 150.0 0.15638
1550.0 150.0 0.12926
1650.0 150.0 0.08423
1750.0 150.0 0.02862
1850.0 150.0 -0.03044
1950.0 150.0 -0.09351
2050.0 150.0 -0.16680
2150.0 150.0 -0.24260
2250.0 150.0 -0.30569
2350.0 150.0 -0.34141
2450.0 150.0 -0.34113
2550.0 150.0 -0.30496
2650.0 150.0 -0.24176
2750.0 150.0 -0.16650
2850.0 150.0 -0.09484
2950.0 150.0 -0.03504
3050.0 150.0 0.02439
3150.0 150.0 0.11416
3250.0 150.0 0.23741
3350.0 150.0 0.37202
3450.0 150.0 0.48729
3550.0 150.0 0.55617
3650.0 150.0 0.56317
3750.0 150.0 0.50783
3850.0 150.0 0.40387
3950.0 150.0 0.27391
4050.0 150.0 0.13984
4150.0 150.0 0.01102
4250.0 150.0 -0.09026
4350.0 150.0 -0.13545
4450.0 150.0 -0.11933
4550.0 150.0 -0.05433
4650.0 150.0 0.03606
4750.0 150.0 0.12346
4850.0 150.0 0.18034
4950.0 150.0 0.18543
5050.0 150.0 0.12862
5150.0 150.0 0.01549
5250.0 150.0 -0.12893
5350.0 150.0 -0.28843
5450.0 150.0 -0.46811
5550.0 150.0 -0.64460
5650.0 150.0 -0.78197
5750.0 150.0 -0.84910
5850.0 150.0 -0.83079
5950.0 150.0 -0.73269
6050.0 150.0 -0.57987
6150.0 150.0 -0.40919
6250.0 150.0 -0.25541
6350.0 150.0 -0.13107
50.0 250.0 0.00441
150.0 250.0 0.01140
250.0 250.0 0.01489
350.0 250.0 0.01554
450.0 250.0 0.01468
550.0 250.0 0.01390
650.0 250.0 0.01437
750.0 250.0 0.01610
850.0 250.0 0.02411
950.0 250.0 0.04479
1050.0 250.0 0.07461
1150.0 250.0 0.10471
1250.0 250.0 0.12538
1350.0 250.0 0.12925
1450.0 250.0 0.11311
1550.0 250.0 0.07845
1650.0 250.0 0.03064
1750.0 250.0 -0.02314
1850.0 250.0 -0.07744
1950.0 250.0 -0.13512
2050.0 250.0 -0.20253
2150.0 250.0 -0.27207
2250.0 250.0 -0.32889
2350.0 250.0 -0.35881
2450.0 250.0 -0.35354
2550.0 250.0 -0.31332
2650.0 250.0 -0.24696
2750.0 250.0 -0.16913
2850.0 250.0 -0.09514
2950.0 250.0 -0.03297
3050.0 250.0 0.02908
3150.0 250.0 0.12297
3250.0 250.0 0.25304
3350.0 250.0 0.39763
3450.0 250.0 0.52578
3550.0 250.0 0.60952
3650.0 250.0 0.63206
3750.0 250.0 0.59144
3850.0 250.0 0.50003
3950.0 250.0 0.37961
4050.0 250.0 0.25220
4150.0 250.0 0.12855
4250.0 250.0 0.02889
4350.0 250.0 -0.02224
4450.0 250.0 -0.02092
4550.0 250.0 0.02144
4650.0 250.0 0.08409
4750.0 250.0 0.14245
4850.0 250.0 0.17309
4950.0 250.0 0.15831
5050.0 250.0 0.09017
5150.0 250.0 -0.02590
5250.0 250.0 -0.16837
5350.0 250.0 -0.32631
5450.0 250.0 -0.50751
5550.0 250.0 -0.69021
5650.0 250.0 -0.83903
5750.0 250.0 -0.92232
5850.0 250.0 -0.92333
5950.0 250.0 -0.84544
6050.0 250.0 -0.71115
6150.0 250.0 -0.55510
6250.0 250.0 -0.41100
6350.0 250.0 -0.29240
50.0 350.0 -0.01634
150.0 350.0 -0.01802
250.0 350.0 -0.01617
350.0 350.0 -0.01059
450.0 350.0 -0.00193
550.0 350.0 0.00855
650.0 350.0 0.01951
750.0 350.0 0.03035
850.0 350.0 0.04444
950.0 350.0 0.06380
1050.0 350.0 0.08360
1150.0 350.0 0.09635
1250.0 350.0 0.09546
1350.0 350.0 0.07745
1450.0 350.0 0.04309
1550.0 350.0 -0.00296
1650.0 350.0 -0.05354
1750.0 350.0 -0.10187
1850.0 350.0 -0.14548
1950.0 350.0 -0.19132
2050.0 350.0 -0.24597
2150.0 350.0 -0.30212
2250.0 350.0 -0.34578
2350.0 350.0 -0.36368
2450.0 350.0 -0.34822
2550.0 350.0 -0.29988
2650.0 350.0 -0.22718
2750.0 350.0 -0.14413
2850.0 350.0 -0.06521
2950.0 350.0 0.00214
3050.0 350.0 0.06947
3150.0 350.0 0.16836
3250.0 350.0 0.30352
3350.0 350.0 0.45409
3450.0 350.0 0.58985
3550.0 350.0 0.68329
3650.0 350.0 0.71754
3750.0 350.0 0.69009
3850.0 350.0 0.61238
3950.0 350.0 0.50525
4050.0 350.0 0.39017
4150.0 350.0 0.27803
4250.0 350.0 0.18632
4350.0 350.0 0.13521
4450.0 350.0 0.12687
4550.0 350.0 0.15055
4650.0 350.0 0.18813
4750.0 350.0 0.21896
4850.0 350.0 0.22418
4950.0 350.0 0.19028
5050.0 350.0 0.11212
5150.0 350.0 -0.00468
5250.0 350.0 -0.14233
5350.0 350.0 -0.29605
5450.0 350.0 -0.47760
5550.0 350.0 -0.66815
5650.0 350.0 -0.83385
5750.0 350.0 -0.94269
5850.0 350.0 -0.97575
5950.0 350.0 -0.93267
6050.0 350.0 -0.83146
6150.0 350.0 -0.70261
6250.0 350.0 -0.57753
6350.0 350.0 -0.47120
50.0 450.0 -0.04058
150.0 450.0 -0.05889
250.0 450.0 -0.06293
350.0 450.0 -0.05273
450.0 450.0 -0.03167
550.0 450.0 -0.00522
650.0 450.0 0.02134
750.0 450.0 0.04612
850.0 450.0 0.07006
950.0 450.0 0.08922
1050.0 450.0 0.09709
1150.0 450.0 0.08810
1250.0 450.0 0.05987
1350.0 450.0 0.01427
1450.0 450.0 -0.04262
1550.0 450.0 -0.10186
1650.0 450.0 -0.15401
1750.0 450.0 -0.19279
1850.0 450.0 -0.21984
1950.0 450.0 -0.24771
2050.0 450.0 -0.28378
2150.0 450.0 -0.32145
2250.0 450.0 -0.34801
2350.0 450.0 -0.35132
2450.0 450.0 -0.32435
2550.0 450.0 -0.26743
2650.0 450.0 -0.18819
2750.0 450.0 -0.09931
2850.0 450.0 -0.01393
2950.0 450.0 0.06112
3050.0 450.0 0.13629
3150.0 450.0 0.24045
3250.0 450.0 0.37754
3350.0 450.0 0.52782
3450.0 450.0 0.66305
3550.0 450.0 0.75777
3650.0 450.0 0.79670
3750.0 450.0 0.77806
3850.0 450.0 0.71317
3950.0 450.0 0.62189
4050.0 450.0 0.52429
4150.0 450.0 0.42990
4250.0 450.0 0.35273
4350.0 450.0 0.30873
4450.0 450.0 0.29796
4550.0 450.0 0.30983
4650.0 450.0 0.32839
4750.0 450.0 0.33669
4850.0 450.0 0.32040
4950.0 450.0 0.27047
5050.0 450.0 0.18498
5150.0 450.0 0.07016
5250.0 450.0 -0.05977
5350.0 450.0 -0.20618
5450.0 450.0 -0.38493
5550.0 450.0 -0.58105
5650.0 450.0 -0.76329
5750.0 450.0 -0.90013
5850.0 450.0 -0.97060
5950.0 450.0 -0.97009
6050.0 450.0 -0.91099
6150.0 450.0 -0.81824
6250.0 450.0 -0.71977
6350.0 450.0 -0.63184
50.0 550.0 -0.07814
150.0 550.0 -0.11693
250.0 550.0 -0.12795
350.0 550.0 -0.11162
450.0 550.0 -0.07477
550.0 550.0 -0.02814
650.0 550.0 0.01804
750.0 550.0 0.06033
850.0 550.0 0.09714
950.0 550.0 0.11794
1050.0 550.0 0.11439
1150.0 550.0 0.08311
1250.0 550.0 0.02652
1350.0 550.0 -0.04754
1450.0 550.0 -0.12711
1550.0 550.0 -0.19850
1650.0 550.0 -0.24981
1750.0 550.0 -0.27541
1850.0 550.0 -0.28153
1950.0 550.0 -0.28718
2050.0 550.0 -0.30149
2150.0 550.0 -0.31928
2250.0 550.0 -0.32930
2350.0 550.0 -0.32036
2450.0 550.0 -0.28546
2550.0 550.0 -0.22390
2650.0 550.0 -0.14150
2750.0 550.0 -0.04873
2850.0 550.0 0.04304
2950.0 550.0 0.12737
3050.0 550.0 0.21213
3150.0 550.0 0.32104
3250.0 550.0 0.45601
3350.0 550.0 0.59859
3450.0 550.0 0.72366
3550.0 550.0 0.80944
3650.0 550.0 0.84391
3750.0 550.0 0.82753
3850.0 550.0 0.77232
3950.0 550.0 0.69738
4050.0 550.0 0.62063
4150.0 550.0 0.54853
4250.0 550.0 0.49124
4350.0 550.0 0.46103
4450.0 550.0 0.45578
4550.0 550.0 0.46449
4650.0 550.0 0.47265
4750.0 550.0 0.46630
4850.0 550.0 0.43513
4950.0 550.0 0.37430
5050.0 550.0 0.28520
5150.0 550.0 0.17501
5250.0 550.0 0.05495
5350.0 550.0 -0.08127
5450.0 550.0 -0.25248
5550.0 550.0 -0.44776
5650.0 550.0 -0.63951
5750.0 550.0 -0.79794
5850.0 550.0 -0.90117
5950.0 550.0 -0.94101
6050.0 550.0 -0.92432
6150.0 550.0 -0.87004
6250.0 550.0 -0.80186
6350.0 550.0 -0.73646
50.0 650.0 -0.13600
150.0 650.0 -0.19417
250.0 650.0 -0.20993
350.0 650.0 -0.18446
450.0 650.0 -0.12859
550.0 650.0 -0.05897
650.0 650.0 0.00889
750.0 650.0 0.07022
850.0 650.0 0.12156
950.0 650.0 0.14616
1050.0 650.0 0.13398
1150.0 650.0 0.08385
1250.0 650.0 0.00280
1350.0 650.0 -0.09561
1450.0 650.0 -0.19381
1550.0 650.0 -0.27371
1650.0 650.0 -0.32114
1750.0 650.0 -0.33115
1850.0 650.0 -0.31437
1950.0 650.0 -0.29629
2050.0 650.0 -0.28900
2150.0 650.0 -0.28941
2250.0 650.0 -0.28779
2350.0 650.0 -0.27337
2450.0 650.0 -0.23822
2550.0 650.0 -0.17953
2650.0 650.0 -0.10018
2750.0 650.0 -0.00761
2850.0 650.0 0.08891
2950.0 650.0 0.18281
3050.0 650.0 0.27779
3150.0 650.0 0.39025
3250.0 650.0 0.51898
3350.0 650.0 0.64688
3450.0 650.0 0.75275
3550.0 650.0 0.81974
3650.0 650.0 0.84049
3750.0 650.0 0.81894
3850.0 650.0 0.76875
3950.0 650.0 0.70850
4050.0 650.0 0.65342
4150.0 650.0 0.60553
4250.0 650.0 0.57105
4350.0 650.0 0.55953
4450.0 650.0 0.56677
4550.0 650.0 0.58092
4650.0 650.0 0.58800
4750.0 650.0 0.57610
4850.0 650.0 0.53798
4950.0 650.0 0.47233
5050.0 650.0 0.38353
5150.0 650.0 0.27999
5250.0 650.0 0.17082
5350.0 650.0 0.04683
5450.0 650.0 -0.11152
5550.0 650.0 -0.29683
5650.0 650.0 -0.48586
5750.0 650.0 -0.65205
5850.0 650.0 -0.77442
5950.0 650.0 -0.84291
6050.0 650.0 -0.86016
6150.0 650.0 -0.83977
6250.0 650.0 -0.80088
6350.0 650.0 -0.75933
50.0 750.0 -0.21619
150.0 750.0 -0.28810
250.0 750.0 -0.30362
350.0 750.0 -0.26524
450.0 750.0 -0.18809
550.0 750.0 -0.09467
650.0 750.0 -0.00544
750.0 750.0 0.07412
850.0 750.0 0.13993
950.0 750.0 0.17028
1050.0 750.0 0.15386
1150.0 750.0 0.09136
1250.0 750.0 -0.00637
1350.0 750.0 -0.12113
1450.0 750.0 -0.23083
1550.0 750.0 -0.31391
1650.0 750.0 -0.35447
1750.0 750.0 -0.34823
1850.0 750.0 -0.30939
1950.0 750.0 -0.26913
2050.0 750.0 -0.24356
2150.0 750.0 -0.23234
2250.0 750.0 -0.22706
2350.0 750.0 -0.21660
2450.0 750.0 -0.19107
2550.0 750.0 -0.14444
2650.0 750.0 -0.07565
2750.0 750.0 0.01150
2850.0 750.0 0.10998
2950.0 750.0 0.21242
3050.0 750.0 0.31699
3150.0 750.0 0.43143
3250.0 750.0 0.55074
3350.0 750.0 0.65904
3450.0 750.0 0.73934
3550.0 750.0 0.78034
3650.0 750.0 0.78014
3750.0 750.0 0.74694
3850.0 750.0 0.69669
3950.0 750.0 0.64777
4050.0 750.0 0.61255
4150.0 750.0 0.58781
4250.0 750.0 0.57605
4350.0 750.0 0.58520
4450.0 750.0 0.60934
4550.0 750.0 0.63543
4650.0 750.0 0.64929
4750.0 750.0 0.63998
4850.0 750.0 0.60223
4950.0 750.0 0.53730
5050.0 750.0 0.45202
5150.0 750.0 0.35608
5250.0 750.0 0.25743
5350.0 750.0 0.14644
5450.0 750.0 0.00557
5550.0 750.0 -0.16010
5650.0 750.0 -0.33200
5750.0 750.0 -0.48816
5850.0 750.0 -0.61053
5950.0 750.0 -0.68952
6050.0 750.0 -0.72576
6150.0 750.0 -0.72894
6250.0 750.0 -0.71405
6350.0 750.0 -0.69460
50.0 850.0 -0.31529
150.0 850.0 -0.39206
250.0 850.0 -0.40081
350.0 850.0 -0.34591
450.0 850.0 -0.24672
550.0 850.0 -0.13094
650.0 850.0 -0.02301
750.0 850.0 0.07181
850.0 850.0 0.15030
950.0 850.0 0.18768
1050.0 850.0 0.17192
1150.0 850.0 0.10504
1250.0 850.0 0.00044
1350.0 850.0 -0.12065
1450.0 850.0 -0.23330
1550.0 850.0 -0.31382
1650.0 850.0 -0.34534
1750.0 850.0 -0.32415
1850.0 850.0 -0.26674
1950.0 850.0 -0.20853
2050.0 850.0 -0.17046
2150.0 850.0 -0.15524
2250.0 850.0 -0.15544
2350.0 850.0 -0.15881
2450.0 850.0 -0.15262
2550.0 850.0 -0.12669
2650.0 850.0 -0.07547
2750.0 850.0 0.00121
2850.0 850.0 0.09834
2950.0 850.0 0.20724
3050.0 850.0 0.31964
3150.0 850.0 0.43448
3250.0 850.0 0.54290
3350.0 850.0 0.62996
3450.0 850.0 0.68263
3550.0 850.0 0.69495
3650.0 850.0 0.67040
3750.0 850.0 0.62159
3850.0 850.0 0.56702
3950.0 850.0 0.52517
4050.0 850.0 0.50576
4150.0 850.0 0.50029
4250.0 850.0 0.50812
4350.0 850.0 0.53650
4450.0 850.0 0.57824
4550.0 850.0 0.61906
4650.0 850.0 0.64411
4750.0 850.0 0.64255
4850.0 850.0 0.61009
4950.0 850.0 0.54956
5050.0 850.0 0.46951
5150.0 850.0 0.38077
5250.0 850.0 0.29099
5350.0 850.0 0.19226
5450.0 850.0 0.07167
5550.0 850.0 -0.06657
5650.0 850.0 -0.20826
5750.0 850.0 -0.33688
5850.0 850.0 -0.43916
5950.0 850.0 -0.50839
6050.0 850.0 -0.54566
6150.0 850.0 -0.55885
6250.0 850.0 -0.55956
6350.0 850.0 -0.55777
50.0 950.0 -0.42560
150.0 950.0 -0.49701
250.0 950.0 -0.49230
350.0 950.0 -0.41823
450.0 950.0 -0.29796
550.0 950.0 -0.16326
650.0 950.0 -0.04109
750.0 950.0 0.06444
850.0 950.0 0.15242
950.0 950.0 0.19713
1050.0 950.0 0.18640
1150.0 950.0 0.12293
1250.0 950.0 0.02119
1350.0 950.0 -0.09639
1450.0 950.0 -0.20389
1550.0 950.0 -0.27696
1650.0 950.0 -0.29859
1750.0 950.0 -0.26544
1850.0 950.0 -0.19490
1950.0 950.0 -0.12484
2050.0 950.0 -0.08122
2150.0 950.0 -0.06988
2250.0 950.0 -0.08388
2350.0 950.0 -0.10923
2450.0 950.0 -0.12971
2550.0 950.0 -0.13069
2650.0 950.0 -0.10194
2750.0 950.0 -0.03955
2850.0 950.0 0.05317
2950.0 950.0 0.16577
3050.0 950.0 0.28349
3150.0 950.0 0.39750
3250.0 950.0 0.49564
3350.0 950.0 0.56359
3450.0 950.0 0.59142
3550.0 950.0 0.57752
3650.0 950.0 0.52993
3750.0 950.0 0.46503
3850.0 950.0 0.40367
3950.0 950.0 0.36465
4050.0 950.0 0.35558
4150.0 950.0 0.36351
4250.0 950.0 0.38536
4350.0 950.0 0.42831
4450.0 950.0 0.48440
4550.0 950.0 0.53833
4650.0 950.0 0.57447
4750.0 950.0 0.58166
4850.0 950.0 0.55585
4950.0 950.0 0.50065
5050.0 950.0 0.42560
5150.0 950.0 0.34240
5250.0 950.0 0.25885
5350.0 950.0 0.17029
5450.0 950.0 0.07026
5550.0 950.0 -0.03636
5650.0 950.0 -0.13898
5750.0 950.0 -0.22677
5850.0 950.0 -0.29237
5950.0 950.0 -0.33389
6050.0 950.0 -0.35518
6150.0 950.0 -0.36444
6250.0 950.0 -0.37105
6350.0 950.0 -0.38071
50.0 1050.0 -0.53795
150.0 1050.0 -0.59460
250.0 1050.0 -0.57094
350.0 1050.0 -0.47645
450.0 1050.0 -0.33743
550.0 1050.0 -0.18832
650.0 1050.0 -0.05714
750.0 1050.0 0.05405
850.0 1050.0 0.14774
950.0 1050.0 0.19914
1050.0 1050.0 0.19642
1150.0 1050.0 0.14238
1250.0 1050.0 0.05121
1350.0 1050.0 -0.05514
1450.0 1050.0 -0.15140
1550.0 1050.0 -0.21390
1650.0 1050.0 -0.22613
1750.0 1050.0 -0.18496
1850.0 1050.0 -0.10738
1950.0 1050.0 -0.03199
2050.0 1050.0 0.01050
2150.0 1050.0 0.01144
2250.0 1050.0 -0.02226
2350.0 1050.0 -0.07451
2450.0 1050.0 -0.12544
2550.0 1050.0 -0.15605
2650.0 1050.0 -0.15183
2750.0 1050.0 -0.10563
2850.0 1050.0 -0.01955
2950.0 1050.0 0.09396
3050.0 1050.0 0.21429
3150.0 1050.0 0.32682
3250.0 1050.0 0.41705
3350.0 1050.0 0.47095
3450.0 1050.0 0.48055
3550.0 1050.0 0.44711
3650.0 1050.0 0.38174
3750.0 1050.0 0.30350
3850.0 1050.0 0.23500
3950.0 1050.0 0.19542
4050.0 1050.0 0.19106
4150.0 1050.0 0.20588
4250.0 1050.0 0.23511
4350.0 1050.0 0.28602
4450.0 1050.0 0.35029
4550.0 1050.0 0.41205
4650.0 1050.0 0.45514
4750.0 1050.0 0.46808
4850.0 1050.0 0.44681
4950.0 1050.0 0.39520
5050.0 1050.0 0.32324
5150.0 1050.0 0.24308
5250.0 1050.0 0.16279
5350.0 1050.0 0.08148
5450.0 1050.0 -0.00001
5550.0 1050.0 -0.07491
5650.0 1050.0 -0.13523
5750.0 1050.0 -0.17536
5850.0 1050.0 -0.19417
5950.0 1050.0 -0.19569
6050.0 1050.0 -0.18825
6150.0 1050.0 -0.18212
6250.0 1050.0 -0.18571
6350.0 1050.0 -0.20023
50.0 1150.0 -0.64602
150.0 1150.0 -0.68153
250.0 1150.0 -0.63566
350.0 1150.0 -0.52071
450.0 1150.0 -0.36549
550.0 1150.0 -0.20599
650.0 1150.0 -0.07010
750.0 1150.0 0.04273
850.0 1150.0 0.13896
950.0 1150.0 0.19597
1050.0 1150.0 0.20263
1150.0 1150.0 0.16134
1250.0 1150.0 0.08513
1350.0 1150.0 -0.00566
1450.0 1150.0 -0.08748
1550.0 1150.0 -0.13819
1650.0 1150.0 -0.14224
1750.0 1150.0 -0.09653
1850.0 1150.0 -0.01681
1950.0 1150.0 0.05884
2050.0 1150.0 0.09549
2150.0 1150.0 0.08210
2250.0 1150.0 0.02586
2350.0 1150.0 -0.05489
2450.0 1150.0 -0.13680
2550.0 1150.0 -0.19687
2650.0 1150.0 -0.21690
2750.0 1150.0 -0.18709
2850.0 1150.0 -0.10879
2950.0 1150.0 0.00358
3050.0 1150.0 0.12441
3150.0 1150.0 0.23532
3250.0 1150.0 0.32050
3350.0 1150.0 0.36592
3450.0 1150.0 0.36454
3550.0 1150.0 0.31908
3650.0 1150.0 0.24229
3750.0 1150.0 0.15477
3850.0 1150.0 0.08018
3950.0 1150.0 0.03809
4050.0 1150.0 0.03420
4150.0 1150.0 0.05073
4250.0 1150.0 0.08178
4350.0 1150.0 0.13456
4450.0 1150.0 0.20065
4550.0 1150.0 0.26406
4650.0 1150.0 0.30852
4750.0 1150.0 0.32253
4850.0 1150.0 0.30206
4950.0 1150.0 0.25109
5050.0 1150.0 0.17975
5150.0 1150.0 0.10031
5250.0 1150.0 0.02086
5350.0 1150.0 -0.05585
5450.0 1150.0 -0.12172
5550.0 1150.0 -0.16742
5650.0 1150.0 -0.18658
5750.0 1150.0 -0.17805
5850.0 1150.0 -0.14669
5950.0 1150.0 -0.10278
6050.0 1150.0 -0.05989
6150.0 1150.0 -0.03150
6250.0 1150.0 -0.02598
6350.0 1150.0 -0.04033
50.0 1250.0 -0.74988
150.0 1250.0 -0.76146
250.0 1250.0 -0.69192
350.0 1250.0 -0.55640
450.0 1250.0 -0.38594
550.0 1250.0 -0.21760
650.0 1250.0 -0.07864
750.0 1250.0 0.03430
850.0 1250.0 0.13180
950.0 1250.0 0.19374
1050.0 1250.0 0.20977
1150.0 1250.0 0.18177
1250.0 1250.0 0.12138
1350.0 1250.0 0.04698
1450.0 1250.0 -0.01991
1550.0 1250.0 -0.05889
1650.0 1250.0 -0.05550
1750.0 1250.0 -0.00662
1850.0 1250.0 0.07346
1950.0 1250.0 0.14758
2050.0 1250.0 0.17685
2150.0 1250.0 0.14802
2250.0 1250.0 0.06865
2350.0 1250.0 -0.04067
2450.0 1250.0 -0.15324
2550.0 1250.0 -0.24227
2650.0 1250.0 -0.28613
2750.0 1250.0 -0.27262
2850.0 1250.0 -0.20250
2950.0 1250.0 -0.09210
3050.0 1250.0 0.02838
3150.0 1250.0 0.13755
3250.0 1250.0 0.21877
3350.0 1250.0 0.25793
3450.0 1250.0 0.24854
3550.0 1250.0 0.19425
3650.0 1250.0 0.10889
3750.0 1250.0 0.01409
3850.0 1250.0 -0.06571
3950.0 1250.0 -0.11067
4050.0 1250.0 -0.11542
4150.0 1250.0 -0.09890
4250.0 1250.0 -0.06808
4350.0 1250.0 -0.01604
4450.0 1250.0 0.04881
4550.0 1250.0 0.11063
4650.0 1250.0 0.15337
4750.0 1250.0 0.16580
4850.0 1250.0 0.14411
4950.0 1250.0 0.09242
5050.0 1250.0 0.02089
5150.0 1250.0 -0.05829
5250.0 1250.0 -0.13720
5350.0 1250.0 -0.20975
5450.0 1250.0 -0.26074
5550.0 1250.0 -0.27816
5650.0 1250.0 -0.25703
5750.0 1250.0 -0.20042
5850.0 1250.0 -0.11898
5950.0 1250.0 -0.02914
6050.0 1250.0 0.05015
6150.0 1250.0 0.10209
6250.0 1250.0 0.11809
6350.0 1250.0 0.10527
50.0 1350.0 -0.83552
150.0 1350.0 -0.81640
250.0 1350.0 -0.71902
350.0 1350.0 -0.56143
450.0 1350.0 -0.37637
550.0 1350.0 -0.20096
650.0 1350.0 -0.06087
750.0 1350.0 0.05049
850.0 1350.0 0.14750
950.0 1350.0 0.21239
1050.0 1350.0 0.23561
1150.0 1350.0 0.21859
1250.0 1350.0 0.17168
1350.0 1350.0 0.11147
1450.0 1350.0 0.05752
1550.0 1350.0 0.02852
1650.0 1350.0 0.03786
1750.0 1350.0 0.08859
1850.0 1350.0 0.16781
1950.0 1350.0 0.23930
2050.0 1350.0 0.26051
2150.0 1350.0 0.21608
2250.0 1350.0 0.11387
2350.0 1350.0 -0.02351
2450.0 1350.0 -0.16622
2550.0 1350.0 -0.28396
2650.0 1350.0 -0.35182
2750.0 1350.0 -0.35532
2850.0 1350.0 -0.29458
2950.0 1350.0 -0.18771
3050.0 1350.0 -0.06921
3150.0 1350.0 0.03689
3250.0 1350.0 0.11338
3350.0 1350.0 0.14637
3450.0 1350.0 0.12998
3550.0 1350.0 0.06867
3650.0 1350.0 -0.02294
3750.0 1350.0 -0.12262
3850.0 1350.0 -0.20561
3950.0 1350.0 -0.25212
4050.0 1350.0 -0.25721
4150.0 1350.0 -0.24066
4250.0 1350.0 -0.21132
4350.0 1350.0 -0.16352
4450.0 1350.0 -0.10547
4550.0 1350.0 -0.05182
4650.0 1350.0 -0.01707
4750.0 1350.0 -0.01106
4850.0 1350.0 -0.03653
4950.0 1350.0 -0.08891
5050.0 1350.0 -0.15823
5150.0 1350.0 -0.23307
5250.0 1350.0 -0.30664
5350.0 1350.0 -0.37005
5450.0 1350.0 -0.40128
5550.0 1350.0 -0.38648
5650.0 1350.0 -0.32299
5750.0 1350.0 -0.21872
5850.0 1350.0 -0.09018
5950.0 1350.0 0.04058
6050.0 1350.0 0.15031
6150.0 1350.0 0.22013
6250.0 1350.0 0.24227
6350.0 1350.0 0.22802
50.0 1450.0 -0.87647
150.0 1450.0 -0.81996
250.0 1450.0 -0.69262
350.0 1450.0 -0.51490
450.0 1450.0 -0.31973
550.0 1450.0 -0.14236
650.0 1450.0 -0.00525
750.0 1450.0 0.10151
850.0 1450.0 0.19494
950.0 1450.0 0.25921
1050.0 1450.0 0.28553
1150.0 1450.0 0.27510
1250.0 1450.0 0.23722
1350.0 1450.0 0.18693
1450.0 1450.0 0.14208
1550.0 1450.0 0.11974
1650.0 1450.0 0.13223
1750.0 1450.0 0.18245
1850.0 1450.0 0.25870
1950.0 1450.0 0.32581
2050.0 1450.0 0.33858
2150.0 1450.0 0.27999
2250.0 1450.0 0.15800
2350.0 1450.0 -0.00336
2450.0 1450.0 -0.17194
2550.0 1450.0 -0.31474
2650.0 1450.0 -0.40430
2750.0 1450.0 -0.42426
2850.0 1450.0 -0.37415
2950.0 1450.0 -0.27334
3050.0 1450.0 -0.15965
3150.0 1450.0 -0.05894
3250.0 1450.0 0.01165
3350.0 1450.0 0.03885
3450.0 1450.0 0.01754
3550.0 1450.0 -0.04726
3650.0 1450.0 -0.14069
3750.0 1450.0 -0.24072
3850.0 1450.0 -0.32310
3950.0 1450.0 -0.36872
4050.0 1450.0 -0.37318
4150.0 1450.0 -0.35648
4250.0 1450.0 -0.33056
4350.0 1450.0 -0.29268
4450.0 1450.0 -0.25028
4550.0 1450.0 -0.21511
4650.0 1450.0 -0.19804
4750.0 1450.0 -0.20552
4850.0 1450.0 -0.23800
4950.0 1450.0 -0.29004
5050.0 1450.0 -0.35232
5150.0 1450.0 -0.41540
5250.0 1450.0 -0.47513
5350.0 1450.0 -0.52092
5450.0 1450.0 -0.52504
5550.0 1450.0 -0.47349
5650.0 1450.0 -0.36751
5750.0 1450.0 -0.22055
5850.0 1450.0 -0.05463
5950.0 1450.0 0.10411
6050.0 1450.0 0.23048
6150.0 1450.0 0.30603
6250.0 1450.0 0.32560
6350.0 1450.0 0.30452
50.0 1550.0 -0.85157
150.0 1550.0 -0.75816
250.0 1550.0 -0.60621
350.0 1550.0 -0.41710
450.0 1550.0 -0.22158
550.0 1550.0 -0.05063
650.0 1550.0 0.07807
750.0 1550.0 0.17697
850.0 1550.0 0.26348
950.0 1550.0 0.32316
1050.0 1550.0 0.34798
1150.0 1550.0 0.33906
1250.0 1550.0 0.30498
1350.0 1550.0 0.25958
1450.0 1550.0 0.21925
1550.0 1550.0 0.19968
1650.0 1550.0 0.21212
1750.0 1550.0 0.25923
1850.0 1550.0 0.33023
1950.0 1550.0 0.39135
2050.0 1550.0 0.39647
2150.0 1550.0 0.32775
2250.0 1550.0 0.19295
2350.0 1550.0 0.01656
2450.0 1550.0 -0.16840
2550.0 1550.0 -0.32772
2650.0 1550.0 -0.43269
2750.0 1550.0 -0.46592
2850.0 1550.0 -0.42644
2950.0 1550.0 -0.33409
3050.0 1550.0 -0.22823
3150.0 1550.0 -0.13527
3250.0 1550.0 -0.07157
3350.0 1550.0 -0.04932
3450.0 1550.0 -0.07282
3550.0 1550.0 -0.13677
3650.0 1550.0 -0.22675
3750.0 1550.0 -0.32181
3850.0 1550.0 -0.39918
3950.0 1550.0 -0.44111
4050.0 1550.0 -0.44385
4150.0 1550.0 -0.42685
4250.0 1550.0 -0.40620
4350.0 1550.0 -0.38352
4450.0 1550.0 -0.36489
4550.0 1550.0 -0.35743
4650.0 1550.0 -0.36627
4750.0 1550.0 -0.39274
4850.0 1550.0 -0.43385
4950.0 1550.0 -0.48308
5050.0 1550.0 -0.53236
5150.0 1550.0 -0.57547
5250.0 1550.0 -0.61232
5350.0 1550.0 -0.63197
5450.0 1550.0 -0.60302
5550.0 1550.0 -0.51353
5650.0 1550.0 -0.37008
5750.0 1550.0 -0.19195
5850.0 1550.0 -0.00547
5950.0 1550.0 0.16152
6050.0 1550.0 0.28507
6150.0 1550.0 0.35033
6250.0 1550.0 0.35671
6350.0 1550.0 0.32281
50.0 1650.0 -0.75193
150.0 1650.0 -0.63124
250.0 1650.0 -0.46820
350.0 1650.0 -0.28275
450.0 1650.0 -0.10074
550.0 1650.0 0.05358
650.0 1650.0 0.16826
750.0 1650.0 0.25658
850.0 1650.0 0.33347
950.0 1650.0 0.38524
1050.0 1650.0 0.40452
1150.0 1650.0 0.39255
1250.0 1650.0 0.35751
1350.0 1650.0 0.31238
1450.0 1650.0 0.27238
1550.0 1650.0 0.25201
1650.0 1650.0 0.26160
1750.0 1650.0 0.30340
1850.0 1650.0 0.36733
1950.0 1650.0 0.42145
2050.0 1650.0 0.42099
2150.0 1650.0 0.34835
2250.0 1650.0 0.21085
2350.0 1650.0 0.03215
2450.0 1650.0 -0.15561
2550.0 1650.0 -0.31898
2650.0 1650.0 -0.42969
2750.0 1650.0 -0.47046
2850.0 1650.0 -0.44006
2950.0 1650.0 -0.35771
3050.0 1650.0 -0.26203
3150.0 1650.0 -0.17856
3250.0 1650.0 -0.12224
3350.0 1650.0 -0.10379
3450.0 1650.0 -0.12665
3550.0 1650.0 -0.18558
3650.0 1650.0 -0.26721
3750.0 1650.0 -0.35249
3850.0 1650.0 -0.42092
3950.0 1650.0 -0.45670
4050.0 1650.0 -0.45677
4150.0 1650.0 -0.43934
4250.0 1650.0 -0.42511
4350.0 1650.0 -0.42094
4450.0 1650.0 -0.43097
4550.0 1650.0 -0.45642
4650.0 1650.0 -0.49529
4750.0 1650.0 -0.54262
4850.0 1650.0 -0.59146
4950.0 1650.0 -0.63423
5050.0 1650.0 -0.66478
5150.0 1650.0 -0.68101
5250.0 1650.0 -0.68775
5350.0 1650.0 -0.67507
5450.0 1650.0 -0.61057
5550.0 1650.0 -0.48657
5650.0 1650.0 -0.31595
5750.0 1650.0 -0.12337
5850.0 1650.0 0.06236
5950.0 1650.0 0.21461
6050.0 1650.0 0.31405
6150.0 1650.0 0.35248
6250.0 1650.0 0.33548
6350.0 1650.0 0.28373
50.0 1750.0 -0.58416
150.0 1750.0 -0.45319
250.0 1750.0 -0.29806
350.0 1750.0 -0.13464
450.0 1750.0 0.01874
550.0 1750.0 0.14644
650.0 1750.0 0.24249
750.0 1750.0 0.31871
850.0 1750.0 0.38448
950.0 1750.0 0.42633
1050.0 1750.0 0.43749
1150.0 1750.0 0.41944
1250.0 1750.0 0.38016
1350.0 1750.0 0.33204
1450.0 1750.0 0.28944
1550.0 1750.0 0.26585
1650.0 1750.0 0.27071
1750.0 1750.0 0.30589
1850.0 1750.0 0.36179
1950.0 1750.0 0.40874
2050.0 1750.0 0.40564
2150.0 1750.0 0.33626
2250.0 1750.0 0.20721
2350.0 1750.0 0.04012
2450.0 1750.0 -0.13555
2550.0 1750.0 -0.28908
2650.0 1750.0 -0.39444
2750.0 1750.0 -0.43564
2850.0 1750.0 -0.41145
2950.0 1750.0 -0.33945
3050.0 1750.0 -0.25518
3150.0 1750.0 -0.18196
3250.0 1750.0 -0.13285
3350.0 1750.0 -0.11695
3450.0 1750.0 -0.13685
3550.0 1750.0 -0.18763
3650.0 1750.0 -0.25744
3750.0 1750.0 -0.32963
3850.0 1750.0 -0.38649
3950.0 1750.0 -0.41452
4050.0 1750.0 -0.41133
4150.0 1750.0 -0.39338
4250.0 1750.0 -0.38580
4350.0 1750.0 -0.40071
4450.0 1750.0 -0.43997
4550.0 1750.0 -0.49834
4650.0 1750.0 -0.56622
4750.0 1750.0 -0.63222
4850.0 1750.0 -0.68547
4950.0 1750.0 -0.71770
5050.0 1750.0 -0.72520
5150.0 1750.0 -0.71043
5250.0 1750.0 -0.68323
5350.0 1750.0 -0.63570
5450.0 1750.0 -0.53728
5550.0 1750.0 -0.38622
5650.0 1750.0 -0.20197
5750.0 1750.0 -0.01347
5850.0 1750.0 0.15010
5950.0 1750.0 0.26612
6050.0 1750.0 0.32276
6150.0 1750.0 0.32079
6250.0 1750.0 0.27285
6350.0 1750.0 0.20022
50.0 1850.0 -0.37018
150.0 1850.0 -0.24913
250.0 1850.0 -0.12194
350.0 1850.0 0.00205
450.0 1850.0 0.11392
550.0 1850.0 0.20753
650.0 1850.0 0.28236
750.0 1850.0 0.34639
850.0 1850.0 0.40108
950.0 1850.0 0.43276
1050.0 1850.0 0.43520
1150.0 1850.0 0.41017
1250.0 1850.0 0.36555
1350.0 1850.0 0.31329
1450.0 1850.0 0.26703
1550.0 1850.0 0.23939
1650.0 1850.0 0.23905
1750.0 1850.0 0.26746
1850.0 1850.0 0.31537
1950.0 1850.0 0.35585
2050.0 1850.0 0.35322
2150.0 1850.0 0.29355
2250.0 1850.0 0.18260
2350.0 1850.0 0.03903
2450.0 1850.0 -0.11177
2550.0 1850.0 -0.24337
2650.0 1850.0 -0.33343
2750.0 1850.0 -0.36823
2850.0 1850.0 -0.34678
2950.0 1850.0 -0.28427
3050.0 1850.0 -0.21124
3150.0 1850.0 -0.14787
3250.0 1850.0 -0.10525
3350.0 1850.0 -0.09084
3450.0 1850.0 -0.10648
3550.0 1850.0 -0.14773
3650.0 1850.0 -0.20440
3750.0 1850.0 -0.26241
3850.0 1850.0 -0.30693
3950.0 1850.0 -0.32681
4050.0 1850.0 -0.32024
4150.0 1850.0 -0.30173
4250.0 1850.0 -0.30007
4350.0 1850.0 -0.33190
4450.0 1850.0 -0.39662
4550.0 1850.0 -0.48286
4650.0 1850.0 -0.57405
4750.0 1850.0 -0.65306
4850.0 1850.0 -0.70583
4950.0 1850.0 -0.72399
5050.0 1850.0 -0.70647
5150.0 1850.0 -0.66020
5250.0 1850.0 -0.59939
5350.0 1850.0 -0.51863
5450.0 1850.0 -0.39149
5550.0 1850.0 -0.22300
5650.0 1850.0 -0.03870
5750.0 1850.0 0.12963
5850.0 1850.0 0.25442
5950.0 1850.0 0.31906
6050.0 1850.0 0.32100
6150.0 1850.0 0.27100
6250.0 1850.0 0.18880
6350.0 1850.0 0.09492
50.0 1950.0 -0.14334
150.0 1950.0 -0.05073
250.0 1950.0 0.03243
350.0 1950.0 0.10485
450.0 1950.0 0.16771
550.0 1950.0 0.22411
650.0 1950.0 0.27778
750.0 1950.0 0.33106
850.0 1950.0 0.37620
950.0 1950.0 0.39927
1050.0 1950.0 0.39456
1150.0 1950.0 0.36402
1250.0 1950.0 0.31541
1350.0 1950.0 0.26024
1450.0 1950.0 0.21142
1550.0 1950.0 0.18076
1650.0 1950.0 0.17620
1750.0 1950.0 0.19888
1850.0 1950.0 0.23989
1950.0 1950.0 0.27527
2050.0 1950.0 0.27563
2150.0 1950.0 0.22983
2250.0 1950.0 0.14274
2350.0 1950.0 0.02966
2450.0 1950.0 -0.08875
2550.0 1950.0 -0.19113
2650.0 1950.0 -0.25952
2750.0 1950.0 -0.28305
2850.0 1950.0 -0.26114
2950.0 1950.0 -0.20618
3050.0 1950.0 -0.14288
3150.0 1950.0 -0.08795
3250.0 1950.0 -0.05070
3350.0 1950.0 -0.03716
3450.0 1950.0 -0.04858
3550.0 1950.0 -0.08098
3650.0 1950.0 -0.12569
3750.0 1950.0 -0.17093
3850.0 1950.0 -0.20441
3950.0 1950.0 -0.21702
4050.0 1950.0 -0.20747
4150.0 1950.0 -0.18843
4250.0 1950.0 -0.19119
4350.0 1950.0 -0.23551
4450.0 1950.0 -0.31852
4550.0 1950.0 -0.42377
4650.0 1950.0 -0.52922
4750.0 1950.0 -0.61351
4850.0 1950.0 -0.66054
4950.0 1950.0 -0.66245
5050.0 1950.0 -0.62082
5150.0 1950.0 -0.54632
5250.0 1950.0 -0.45631
5350.0 1950.0 -0.34769
5450.0 1950.0 -0.19936
5550.0 1950.0 -0.02294
5650.0 1950.0 0.15113
5750.0 1950.0 0.28965
5850.0 1950.0 0.36790
5950.0 1950.0 0.37612
6050.0 1950.0 0.32116
6150.0 1950.0 0.22336
6250.0 1950.0 0.10867
6350.0 1950.0 -0.00410
50.0 2050.0 0.05890
150.0 2050.0 0.11060
250.0 2050.0 0.14137
350.0 2050.0 0.15831
450.0 2050.0 0.17199
550.0 2050.0 0.19327
650.0 2050.0 0.22858
750.0 2050.0 0.27375
850.0 2050.0 0.31210
950.0 2050.0 0.32965
1050.0 2050.0 0.32119
1150.0 2050.0 0.28873
1250.0 2050.0 0.23974
1350.0 2050.0 0.18504
1450.0 2050.0 0.13673
1550.0 2050.0 0.10572
1650.0 2050.0 0.09927
1750.0 2050.0 0.11824
1850.0 2050.0 0.15426
1950.0 2050.0 0.18630
2050.0 2050.0 0.19099
2150.0 2050.0 0.15988
2250.0 2050.0 0.09706
2350.0 2050.0 0.01472
2450.0 2050.0 -0.07096
2550.0 2050.0 -0.14343
2650.0 2050.0 -0.18897
2750.0 2050.0 -0.19950
2850.0 2050.0 -0.17491
2950.0 2050.0 -0.12499
3050.0 2050.0 -0.06884
3150.0 2050.0 -0.02017
3250.0 2050.0 0.01298
3350.0 2050.0 0.02565
3450.0 2050.0 0.01703
3550.0 2050.0 -0.00920
3650.0 2050.0 -0.04544
3750.0 2050.0 -0.08156
3850.0 2050.0 -0.10712
3950.0 2050.0 -0.11450
4050.0 2050.0 -0.10279
4150.0 2050.0 -0.08332
4250.0 2050.0 -0.08852
4350.0 2050.0 -0.13962
4450.0 2050.0 -0.23185
4550.0 2050.0 -0.34534
4650.0 2050.0 -0.45466
4750.0 2050.0 -0.53612
4850.0 2050.0 -0.57298
4950.0 2050.0 -0.55840
5050.0 2050.0 -0.49628
5150.0 2050.0 -0.39997
5250.0 2050.0 -0.28840
5350.0 2050.0 -0.15995
5450.0 2050.0 0.00138
5550.0 2050.0 0.17861
5650.0 2050.0 0.33793
5750.0 2050.0 0.44584
5850.0 2050.0 0.48078
5950.0 2050.0 0.43913
6050.0 2050.0 0.33563
6150.0 2050.0 0.19832
6250.0 2050.0 0.05775
6350.0 2050.0 -0.06924
50.0 2150.0 0.20594
150.0 2150.0 0.21253
250.0 2150.0 0.19161
350.0 2150.0 0.15775
450.0 2150.0 0.12902
550.0 2150.0 0.12183
650.0 2150.0 0.14362
750.0 2150.0 0.18394
850.0 2150.0 0.21885
950.0 2150.0 0.23479
1050.0 2150.0 0.22705
1150.0 2150.0 0.19757
1250.0 2150.0 0.15315
1350.0 2150.0 0.10372
1450.0 2150.0 0.06023
1550.0 2150.0 0.03259
1650.0 2150.0 0.02733
1750.0 2150.0 0.04518
1850.0 2150.0 0.07848
1950.0 2150.0 0.10897
2050.0 2150.0 0.11793
2150.0 2150.0 0.09898
2250.0 2150.0 0.05568
2350.0 2150.0 -0.00211
2450.0 2150.0 -0.06158
2550.0 2150.0 -0.10987
2650.0 2150.0 -0.13654
2750.0 2150.0 -0.13568
2850.0 2150.0 -0.10759
2950.0 2150.0 -0.06010
3050.0 2150.0 -0.00806
3150.0 2150.0 0.03679
3250.0 2150.0 0.06701
3350.0 2150.0 0.07822
3450.0 2150.0 0.06997
3550.0 2150.0 0.04589
3650.0 2150.0 0.01314
3750.0 2150.0 -0.01892
3850.0 2150.0 -0.04080
3950.0 2150.0 -0.04565
4050.0 2150.0 -0.03285
4150.0 2150.0 -0.01309
4250.0 2150.0 -0.01871
4350.0 2150.0 -0.07080
4450.0 2150.0 -0.16324
4550.0 2150.0 -0.27457
4650.0 2150.0 -0.37816
4750.0 2150.0 -0.44999
4850.0 2150.0 -0.47390
4950.0 2150.0 -0.44448
5050.0 2150.0 -0.36739
5150.0 2150.0 -0.25735
5250.0 2150.0 -0.13337
5350.0 2150.0 0.00600
5450.0 2150.0 0.17315
5550.0 2150.0 0.34775
5650.0 2150.0 0.49419
5750.0 2150.0 0.57928
5850.0 2150.0 0.58389
5950.0 2150.0 0.50859
6050.0 2150.0 0.37328
6150.0 2150.0 0.21072
6250.0 2150.0 0.05417
6350.0 2150.0 -0.08116
50.0 2250.0 0.28854
150.0 2250.0 0.25269
250.0 2250.0 0.18713
350.0 2250.0 0.11227
450.0 2250.0 0.05139
550.0 2250.0 0.02408
650.0 2250.0 0.03753
750.0 2250.0 0.07597
850.0 2250.0 0.11042
950.0 2250.0 0.12834
1050.0 2250.0 0.12556
1150.0 2250.0 0.10372
1250.0 2250.0 0.06872
1350.0 2250.0 0.02921
1450.0 2250.0 -0.00522
1550.0 2250.0 -0.02589
1650.0 2250.0 -0.02703
1750.0 2250.0 -0.00795
1850.0 2250.0 0.02468
1950.0 2250.0 0.05500
2050.0 2250.0 0.06717
2150.0 2250.0 0.05604
2250.0 2250.0 0.02491
2350.0 2250.0 -0.01771
2450.0 2250.0 -0.06096
2550.0 2250.0 -0.09411
2650.0 2250.0 -0.10868
2750.0 2250.0 -0.10006
2850.0 2250.0 -0.06885
2950.0 2250.0 -0.02172
3050.0 2250.0 0.02889
3150.0 2250.0 0.07200
3250.0 2250.0 0.10010
3350.0 2250.0 0.10900
3450.0 2250.0 0.09850
3550.0 2250.0 0.07251
3650.0 2250.0 0.03835
3750.0 2250.0 0.00545
3850.0 2250.0 -0.01679
3950.0 2250.0 -0.02168
4050.0 2250.0 -0.00878
4150.0 2250.0 0.01113
4250.0 2250.0 0.00665
4350.0 2250.0 -0.04191
4450.0 2250.0 -0.12767
4550.0 2250.0 -0.22908
4650.0 2250.0 -0.32016
4750.0 2250.0 -0.37804
4850.0 2250.0 -0.38810
4950.0 2250.0 -0.34646
5050.0 2250.0 -0.25997
5150.0 2250.0 -0.14366
5250.0 2250.0 -0.01536
5350.0 2250.0 0.12742
5450.0 2250.0 0.29561
5550.0 2250.0 0.46757
5650.0 2250.0 0.60718
5750.0 2250.0 0.68160
5850.0 2250.0 0.67289
5950.0 2250.0 0.58341
6050.0 2250.0 0.43512
6150.0 2250.0 0.26261
6250.0 2250.0 0.10001
6350.0 2250.0 -0.03821
50.0 2350.0 0.33461
150.0 2350.0 0.25988
250.0 2350.0 0.15534
350.0 2350.0 0.04619
450.0 2350.0 -0.04043
550.0 2350.0 -0.08292
650.0 2350.0 -0.07498
750.0 2350.0 -0.03695
850.0 2350.0 -0.00146
950.0 2350.0 0.02024
1050.0 2350.0 0.02456
1150.0 2350.0 0.01273
1250.0 2350.0 -0.01042
1350.0 2350.0 -0.03768
1450.0 2350.0 -0.06099
1550.0 2350.0 -0.07296
1650.0 2350.0 -0.06860
1750.0 2350.0 -0.04721
1850.0 2350.0 -0.01435
1950.0 2350.0 0.01633
2050.0 2350.0 0.03083
2150.0 2350.0 0.02475
2250.0 2350.0 0.00127
2350.0 2350.0 -0.03184
2450.0 2350.0 -0.06486
2550.0 2350.0 -0.08833
2650.0 2350.0 -0.09493
2750.0 2350.0 -0.08087
2850.0 2350.0 -0.04695
2950.0 2350.0 0.00077
3050.0 2350.0 0.05128
3150.0 2350.0 0.09366
3250.0 2350.0 0.12000
3350.0 2350.0 0.12607
3450.0 2350.0 0.11193
3550.0 2350.0 0.08192
3650.0 2350.0 0.04385
3750.0 2350.0 0.00762
3850.0 2350.0 -0.01699
3950.0 2350.0 -0.02317
4050.0 2350.0 -0.01064
4150.0 2350.0 0.00941
4250.0 2350.0 0.00678
4350.0 2350.0 -0.03633
4450.0 2350.0 -0.11255
4550.0 2350.0 -0.20099
4650.0 2350.0 -0.27708
4750.0 2350.0 -0.31976
4850.0 2350.0 -0.31627
4950.0 2350.0 -0.26426
5050.0 2350.0 -0.17144
5150.0 2350.0 -0.05259
5250.0 2350.0 0.07607
5350.0 2350.0 0.21877
5450.0 2350.0 0.38619
5550.0 2350.0 0.55649
5650.0 2350.0 0.69360
5750.0 2350.0 0.76493
5850.0 2350.0 0.75291
5950.0 2350.0 0.66033
6050.0 2350.0 0.50950
6150.0 2350.0 0.33528
6250.0 2350.0 0.17187
6350.0 2350.0 0.03345
50.0 2450.0 0.36246
150.0 2450.0 0.25199
250.0 2450.0 0.11262
350.0 2450.0 -0.02627
450.0 2450.0 -0.13439
550.0 2450.0 -0.18881
650.0 2450.0 -0.18434
750.0 2450.0 -0.14545
850.0 2450.0 -0.10760
950.0 2450.0 -0.08069
1050.0 2450.0 -0.06803
1150.0 2450.0 -0.06915
1250.0 2450.0 -0.08056
1350.0 2450.0 -0.09661
1450.0 2450.0 -0.11062
1550.0 2450.0 -0.11616
1650.0 2450.0 -0.10863
1750.0 2450.0 -0.08694
1850.0 2450.0 -0.05549
1950.0 2450.0 -0.02596
2050.0 2450.0 -0.01032
2150.0 2450.0 -0.01178
2250.0 2450.0 -0.02690
2350.0 2450.0 -0.04848
2450.0 2450.0 -0.06803
2550.0 2450.0 -0.07778
2650.0 2450.0 -0.07216
2750.0 2450.0 -0.04886
2850.0 2450.0 -0.00938
2950.0 2450.0 0.04083
3050.0 2450.0 0.09279
3150.0 2450.0 0.13574
3250.0 2450.0 0.16123
3350.0 2450.0 0.16491
3450.0 2450.0 0.14715
3550.0 2450.0 0.11282
3650.0 2450.0 0.07044
3750.0 2450.0 0.03060
3850.0 2450.0 0.00365
3950.0 2450.0 -0.00334
4050.0 2450.0 0.00975
4150.0 2450.0 0.03102
4250.0 2450.0 0.03109
4350.0 2450.0 -0.00652
4450.0 2450.0 -0.07443
4550.0 2450.0 -0.15268
4650.0 2450.0 -0.21801
4750.0 2450.0 -0.25083
4850.0 2450.0 -0.23958
4950.0 2450.0 -0.18267
5050.0 2450.0 -0.08795
5150.0 2450.0 0.03033
5250.0 2450.0 0.15717
5350.0 2450.0 0.29769
5450.0 2450.0 0.46242
5550.0 2450.0 0.62974
5650.0 2450.0 0.76406
5750.0 2450.0 0.83328
5850.0 2450.0 0.82015
5950.0 2450.0 0.72755
6050.0 2450.0 0.57761
6150.0 2450.0 0.40482
6250.0 2450.0 0.24294
6350.0 2450.0 0.10591
50.0 2550.0 0.35320
150.0 2550.0 0.21541
250.0 2550.0 0.05172
350.0 2550.0 -0.10581
450.0 2550.0 -0.22540
550.0 2550.0 -0.28418
650.0 2550.0 -0.27858
750.0 2550.0 -0.23603
850.0 2550.0 -0.19299
950.0 2550.0 -0.15795
1050.0 2550.0 -0.13460
1150.0 2550.0 -0.12408
1250.0 2550.0 -0.12484
1350.0 2550.0 -0.13289
1450.0 2550.0 -0.14255
1550.0 2550.0 -0.14756
1650.0 2550.0 -0.14267
1750.0 2550.0 -0.12561
1850.0 2550.0 -0.09952
1950.0 2550.0 -0.07485
2050.0 2550.0 -0.06126
2150.0 2550.0 -0.05986
2250.0 2550.0 -0.06605
2350.0 2550.0 -0.07270
2450.0 2550.0 -0.07271
2550.0 2550.0 -0.06072
2650.0 2550.0 -0.03416
2750.0 2550.0 0.00637
2850.0 2550.0 0.05754
2950.0 2550.0 0.11441
3050.0 2550.0 0.17123
3150.0 2550.0 0.21769
3250.0 2550.0 0.24439
3350.0 2550.0 0.24674
3450.0 2550.0 0.22550
3550.0 2550.0 0.18638
3650.0 2550.0 0.13903
3750.0 2550.0 0.09520
3850.0 2550.0 0.06623
3950.0 2550.0 0.05972
4050.0 2550.0 0.07554
4150.0 2550.0 0.10062
4250.0 2550.0 0.10539
4350.0 2550.0 0.07354
4450.0 2550.0 0.01138
4550.0 2550.0 -0.06255
4650.0 2550.0 -0.12626
4750.0 2550.0 -0.16073
4850.0 2550.0 -0.15418
4950.0 2550.0 -0.10408
5050.0 2550.0 -0.01694
5150.0 2550.0 0.09420
5250.0 2550.0 0.21464
5350.0 2550.0 0.34851
5450.0 2550.0 0.50619
5550.0 2550.0 0.66708
5650.0 2550.0 0.79702
5750.0 2550.0 0.86499
5850.0 2550.0 0.85415
5950.0 2550.0 0.76688
6050.0 2550.0 0.62414
6150.0 2550.0 0.45877
6250.0 2550.0 0.30313
6350.0 2550.0 0.17083
50.0 2650.0 0.30088
150.0 2650.0 0.14850
250.0 2650.0 -0.02438
350.0 2650.0 -0.18504
450.0 2650.0 -0.30251
550.0 2650.0 -0.35571
650.0 2650.0 -0.34319
750.0 2650.0 -0.29368
850.0 2650.0 -0.24222
950.0 2650.0 -0.19587
1050.0 2650.0 -0.15958
1150.0 2650.0 -0.13700
1250.0 2650.0 -0.12913
1350.0 2650.0 -0.13372
1450.0 2650.0 -0.14556
1550.0 2650.0 -0.15749
1650.0 2650.0 -0.16240
1750.0 2650.0 -0.15587
1850.0 2650.0 -0.13977
1950.0 2650.0 -0.12447
2050.0 2650.0 -0.11759
2150.0 2650.0 -0.11733
2250.0 2650.0 -0.11684
2350.0 2650.0 -0.10825
2450.0 2650.0 -0.08552
2550.0 2650.0 -0.04610
2650.0 2650.0 0.00854
2750.0 2650.0 0.07355
2850.0 2650.0 0.14258
2950.0 2650.0 0.21073
3050.0 2650.0 0.27638
3150.0 2650.0 0.32976
3250.0 2650.0 0.36002
3350.0 2650.0 0.36221
3450.0 2650.0 0.33758
3550.0 2650.0 0.29303
3650.0 2650.0 0.23983
3750.0 2650.0 0.19148
3850.0 2650.0 0.16079
3950.0 2650.0 0.15622
4050.0 2650.0 0.17732
4150.0 2650.0 0.20922
4250.0 2650.0 0.22125
4350.0 2650.0 0.19609
4450.0 2650.0 0.13784
4550.0 2650.0 0.06286
4650.0 2650.0 -0.00810
4750.0 2650.0 -0.05585
4850.0 2650.0 -0.06696
4950.0 2650.0 -0.03616
5050.0 2650.0 0.03306
5150.0 2650.0 0.12968
5250.0 2650.0 0.23839
5350.0 2650.0 0.36038
5450.0 2650.0 0.50577
5550.0 2650.0 0.65596
5650.0 2650.0 0.77927
5750.0 2650.0 0.84653
5850.0 2650.0 0.84141
5950.0 2650.0 0.76530
6050.0 2650.0 0.63673
6150.0 2650.0 0.48555
6250.0 2650.0 0.34156
6350.0 2650.0 0.21784
50.0 2750.0 0.21189
150.0 2750.0 0.05941
250.0 2750.0 -0.10604
350.0 2750.0 -0.25339
450.0 2750.0 -0.35468
550.0 2750.0 -0.39236
650.0 2750.0 -0.36747
750.0 2750.0 -0.30815
850.0 2750.0 -0.24558
950.0 2750.0 -0.18549
1050.0 2750.0 -0.13487
1150.0 2750.0 -0.10067
1250.0 2750.0 -0.08688
1350.0 2750.0 -0.09293
1450.0 2750.0 -0.11344
1550.0 2750.0 -0.13941
1650.0 2750.0 -0.16071
1750.0 2750.0 -0.16998
1850.0 2750.0 -0.16789
1950.0 2750.0 -0.16605
2050.0 2750.0 -0.17104
2150.0 2750.0 -0.17779
2250.0 2750.0 -0.17622
2350.0 2750.0 -0.15661
2450.0 2750.0 -0.11321
2550.0 2750.0 -0.04604
2650.0 2750.0 0.03907
2750.0 2750.0 0.13225
2850.0 2750.0 0.22315
2950.0 2750.0 0.30627
3050.0 2750.0 0.38418
3150.0 2750.0 0.44737
3250.0 2750.0 0.48317
3350.0 2750.0 0.48611
3450.0 2750.0 0.45804
3550.0 2750.0 0.40739
3650.0 2750.0 0.34747
3750.0 2750.0 0.29402
3850.0 2750.0 0.26181
3950.0 2750.0 0.26038
4050.0 2750.0 0.28893
4150.0 2750.0 0.33026
4250.0 2750.0 0.35201
4350.0 2750.0 0.33513
4450.0 2750.0 0.28061
4550.0 2750.0 0.20186
4650.0 2750.0 0.11819
4750.0 2750.0 0.04937
4850.0 2750.0 0.01143
4950.0 2750.0 0.01371
5050.0 2750.0 0.05702
5150.0 2750.0 0.13313
5250.0 2750.0 0.22556
5350.0 2750.0 0.33111
5450.0 2750.0 0.45955
5550.0 2750.0 0.59504
5650.0 2750.0 0.70930
5750.0 2750.0 0.77573
5850.0 2750.0 0.77871
5950.0 2750.0 0.71816
6050.0 2750.0 0.60934
6150.0 2750.0 0.47788
6250.0 2750.0 0.35003
6350.0 2750.0 0.23820
50.0 2850.0 0.10093
150.0 2850.0 -0.03834
250.0 2850.0 -0.18180
350.0 2850.0 -0.30188
450.0 2850.0 -0.37551
550.0 2850.0 -0.38989
650.0 2850.0 -0.34867
750.0 2850.0 -0.27774
850.0 2850.0 -0.20251
950.0 2850.0 -0.12760
1050.0 2850.0 -0.06253
1150.0 2850.0 -0.01799
1250.0 2850.0 -0.00112
1350.0 2850.0 -0.01284
1450.0 2850.0 -0.04712
1550.0 2850.0 -0.09236
1650.0 2850.0 -0.13465
1750.0 2850.0 -0.16318
1850.0 2850.0 -0.17756
1950.0 2850.0 -0.19198
2050.0 2850.0 -0.21341
2150.0 2850.0 -0.23377
2250.0 2850.0 -0.23906
2350.0 2850.0 -0.21661
2450.0 2850.0 -0.15981
2550.0 2850.0 -0.07036
2650.0 2850.0 0.04203
2750.0 2850.0 0.16246
2850.0 2850.0 0.27610
2950.0 2850.0 0.37608
3050.0 2850.0 0.46832
3150.0 2850.0 0.54307
3250.0 2850.0 0.58555
3350.0 2850.0 0.58968
3450.0 2850.0 0.55801
3550.0 2850.0 0.50067
3650.0 2850.0 0.43334
3750.0 2850.0 0.37433
3850.0 2850.0 0.34062
3950.0 2850.0 0.34303
4050.0 2850.0 0.38033
4150.0 2850.0 0.43269
4250.0 2850.0 0.46598
4350.0 2850.0 0.45936
4450.0 2850.0 0.41016
4550.0 2850.0 0.32834
4650.0 2850.0 0.23136
4750.0 2850.0 0.13945
4850.0 2850.0 0.07153
4950.0 2850.0 0.04151
5050.0 2850.0 0.05517
5150.0 2850.0 0.10753
5250.0 2850.0 0.18097
5350.0 2850.0 0.26725
5450.0 2850.0 0.37568
5550.0 2850.0 0.49358
5650.0 2850.0 0.59672
5750.0 2850.0 0.66153
5850.0 2850.0 0.67329
5950.0 2850.0 0.63032
6050.0 2850.0 0.54408
6150.0 2850.0 0.43535
6250.0 2850.0 0.32623
6350.0 2850.0 0.22827
50.0 2950.0 -0.01291
150.0 2950.0 -0.12977
250.0 2950.0 -0.24183
350.0 2950.0 -0.32620
450.0 2950.0 -0.36567
550.0 2950.0 -0.35277
650.0 2950.0 -0.29359
750.0 2950.0 -0.21071
850.0 2950.0 -0.12275
950.0 2950.0 -0.03345
1050.0 2950.0 0.04495
1150.0 2950.0 0.09804
1250.0 2950.0 0.11563
1350.0 2950.0 0.09560
1450.0 2950.0 0.04494
1550.0 2950.0 -0.02179
1650.0 2950.0 -0.08670
1750.0 2950.0 -0.13543
1850.0 2950.0 -0.16675
1950.0 2950.0 -0.19831
2050.0 2950.0 -0.23919
2150.0 2950.0 -0.27901
2250.0 2950.0 -0.29963
2350.0 2950.0 -0.28453
2450.0 2950.0 -0.22504
2550.0 2950.0 -0.12320
2650.0 2950.0 0.00857
2750.0 2950.0 0.15104
2850.0 2950.0 0.28506
2950.0 2950.0 0.40165
3050.0 2950.0 0.50855
3150.0 2950.0 0.59508
3250.0 2950.0 0.64431
3350.0 2950.0 0.64954
3450.0 2950.0 0.61402
3550.0 2950.0 0.54964
3650.0 2950.0 0.47455
3750.0 2950.0 0.40969
3850.0 2950.0 0.37433
3950.0 2950.0 0.38059
4050.0 2950.0 0.42683
4150.0 2950.0 0.49051
4250.0 2950.0 0.53616
4350.0 2950.0 0.54167
4450.0 2950.0 0.50079
4550.0 2950.0 0.41976
4650.0 2950.0 0.31367
4750.0 2950.0 0.20272
4850.0 2950.0 0.10818
4950.0 2950.0 0.04821
5050.0 2950.0 0.03341
5150.0 2950.0 0.06221
5250.0 2950.0 0.11627
5350.0 2950.0 0.18275
5450.0 2950.0 0.27033
5550.0 2950.0 0.36953
5650.0 2950.0 0.46027
5750.0 2950.0 0.52218
5850.0 2950.0 0.54163
5950.0 2950.0 0.51545
6050.0 2950.0 0.45137
6150.0 2950.0 0.36526
6250.0 2950.0 0.27502
6350.0 2950.0 0.19121
50.0 3050.0 -0.11002
150.0 3050.0 -0.20156
250.0 3050.0 -0.28022
350.0 3050.0 -0.32796
450.0 3050.0 -0.33331
550.0 3050.0 -0.29388
650.0 3050.0 -0.21784
750.0 3050.0 -0.12414
850.0 3050.0 -0.02485
950.0 3050.0 0.07701
1050.0 3050.0 0.16668
1150.0 3050.0 0.22642
1250.0 3050.0 0.24345
1350.0 3050.0 0.21468
1450.0 3050.0 0.14813
1550.0 3050.0 0.06116
1650.0 3050.0 -0.02466
1750.0 3050.0 -0.09181
1850.0 3050.0 -0.13840
1950.0 3050.0 -0.18591
2050.0 3050.0 -0.24696
2150.0 3050.0 -0.30993
2250.0 3050.0 -0.35280
2350.0 3050.0 -0.35479
2450.0 3050.0 -0.30411
2550.0 3050.0 -0.20171
2650.0 3050.0 -0.06123
2750.0 3050.0 0.09514
2850.0 3050.0 0.24455
2950.0 3050.0 0.37540
3050.0 3050.0 0.49548
3150.0 3050.0 0.59247
3250.0 3050.0 0.64746
3350.0 3050.0 0.65315
3450.0 3050.0 0.61350
3550.0 3050.0 0.54206
3650.0 3050.0 0.45927
3750.0 3050.0 0.38852
3850.0 3050.0 0.35124
3950.0 3050.0 0.36072
4050.0 3050.0 0.41492
4150.0 3050.0 0.48882
4250.0 3050.0 0.54645
4350.0 3050.0 0.56543
4450.0 3050.0 0.53654
4550.0 3050.0 0.46231
4650.0 3050.0 0.35508
4750.0 3050.0 0.23413
4850.0 3050.0 0.12200
4950.0 3050.0 0.03992
5050.0 3050.0 0.00244
5150.0 3050.0 0.01116
5250.0 3050.0 0.04791
5350.0 3050.0 0.09644
5450.0 3050.0 0.16477
5550.0 3050.0 0.24614
5650.0 3050.0 0.32428
5750.0 3050.0 0.38186
5850.0 3050.0 0.40642
5950.0 3050.0 0.39366
6050.0 3050.0 0.34818
6150.0 3050.0 0.28156
6250.0 3050.0 0.20790
6350.0 3050.0 0.13675
50.0 3150.0 -0.17409
150.0 3150.0 -0.24463
250.0 3150.0 -0.29603
350.0 3150.0 -0.31418
450.0 3150.0 -0.29221
550.0 3150.0 -0.23171
650.0 3150.0 -0.14242
750.0 3150.0 -0.04036
850.0 3150.0 0.06770
950.0 3150.0 0.17926
1050.0 3150.0 0.27763
1150.0 3150.0 0.34250
1250.0 3150.0 0.35907
1350.0 3150.0 0.32353
1450.0 3150.0 0.24469
1550.0 3150.0 0.14205
1650.0 3150.0 0.04005
1750.0 3150.0 -0.04134
1850.0 3150.0 -0.09974
1950.0 3150.0 -0.16011
2050.0 3150.0 -0.23953
2150.0 3150.0 -0.32622
2250.0 3150.0 -0.39503
2350.0 3150.0 -0.42104
2450.0 3150.0 -0.38875
2550.0 3150.0 -0.29688
2650.0 3150.0 -0.15863
2750.0 3150.0 0.00237
2850.0 3150.0 0.16063
2950.0 3150.0 0.30183
3050.0 3150.0 0.43205
3150.0 3150.0 0.53691
3250.0 3150.0 0.59578
3350.0 3150.0 0.60093
3450.0 3150.0 0.55691
3550.0 3150.0 0.47872
3650.0 3150.0 0.38870
3750.0 3150.0 0.31231
3850.0 3150.0 0.27275
3950.0 3150.0 0.28428
4050.0 3150.0 0.34450
4150.0 3150.0 0.42637
4250.0 3150.0 0.49444
4350.0 3150.0 0.52736
4450.0 3150.0 0.51391
4550.0 3150.0 0.45334
4650.0 3150.0 0.35493
4750.0 3150.0 0.23606
4850.0 3150.0 0.11904
4950.0 3150.0 0.02650
5050.0 3150.0 -0.02450
5150.0 3150.0 -0.02975
5250.0 3150.0 -0.00625
5350.0 3150.0 0.02824
5450.0 3150.0 0.08100
5550.0 3150.0 0.14730
5650.0 3150.0 0.21383
5750.0 3150.0 0.26581
5850.0 3150.0 0.29196
5950.0 3150.0 0.28741
6050.0 3150.0 0.25457
6150.0 3150.0 0.20188
6250.0 3150.0 0.14054
6350.0 3150.0 0.07909
50.0 3250.0 -0.19591
150.0 3250.0 -0.25596
250.0 3250.0 -0.29299
350.0 3250.0 -0.29501
450.0 3250.0 -0.25777
550.0 3250.0 -0.18517
650.0 3250.0 -0.08802
750.0 3250.0 0.01922
850.0 3250.0 0.13283
950.0 3250.0 0.25083
1050.0 3250.0 0.35538
1150.0 3250.0 0.42452
1250.0 3250.0 0.44211
1350.0 3250.0 0.40371
1450.0 3250.0 0.31846
1550.0 3250.0 0.20706
1650.0 3250.0 0.09563
1750.0 3250.0 0.00566
1850.0 3250.0 -0.06003
1950.0 3250.0 -0.12899
2050.0 3250.0 -0.22283
2150.0 3250.0 -0.33063
2250.0 3250.0 -0.42512
2350.0 3250.0 -0.47786
2450.0 3250.0 -0.46968
2550.0 3250.0 -0.39630
2650.0 3250.0 -0.26928
2750.0 3250.0 -0.11212
2850.0 3250.0 0.04832
2950.0 3250.0 0.19518
3050.0 3250.0 0.33167
3150.0 3250.0 0.44106
3250.0 3250.0 0.50148
3350.0 3250.0 0.50489
3450.0 3250.0 0.45637
3550.0 3250.0 0.37198
3650.0 3250.0 0.27551
3750.0 3250.0 0.19396
3850.0 3250.0 0.15177
3950.0 3250.0 0.16391
4050.0 3250.0 0.22766
4150.0 3250.0 0.31455
4250.0 3250.0 0.39070
4350.0 3250.0 0.43707
4450.0 3250.0 0.44161
4550.0 3250.0 0.40095
4650.0 3250.0 0.32120
4750.0 3250.0 0.21697
4850.0 3250.0 0.10877
4950.0 3250.0 0.01876
5050.0 3250.0 -0.03517
5150.0 3250.0 -0.04700
5250.0 3250.0 -0.03152
5350.0 3250.0 -0.00598
5450.0 3250.0 0.03624
5550.0 3250.0 0.09146
5650.0 3250.0 0.14832
5750.0 3250.0 0.19386
5850.0 3250.0 0.21790
5950.0 3250.0 0.21560
6050.0 3250.0 0.18833
6150.0 3250.0 0.14281
6250.0 3250.0 0.08843
6350.0 3250.0 0.03289
50.0 3350.0 -0.17707
150.0 3350.0 -0.23988
250.0 3350.0 -0.27809
350.0 3350.0 -0.27971
450.0 3350.0 -0.24086
550.0 3350.0 -0.16605
650.0 3350.0 -0.06668
750.0 3350.0 0.04260
850.0 3350.0 0.15874
950.0 3350.0 0.28028
1050.0 3350.0 0.38904
1150.0 3350.0 0.46234
1250.0 3350.0 0.48319
1350.0 3350.0 0.44656
1450.0 3350.0 0.36138
1550.0 3350.0 0.24851
1650.0 3350.0 0.13458
1750.0 3350.0 0.04169
1850.0 3350.0 -0.02690
1950.0 3350.0 -0.10009
2050.0 3350.0 -0.20356
2150.0 3350.0 -0.32785
2250.0 3350.0 -0.44464
2350.0 3350.0 -0.52292
2450.0 3350.0 -0.54025
2550.0 3350.0 -0.48922
2650.0 3350.0 -0.37893
2750.0 3350.0 -0.23161
2850.0 3350.0 -0.07440
2950.0 3350.0 0.07386
3050.0 3350.0 0.21283
3150.0 3350.0 0.32354
3250.0 3350.0 0.38329
3350.0 3350.0 0.38390
3450.0 3350.0 0.33082
3550.0 3350.0 0.24089
3650.0 3350.0 0.13885
3750.0 3350.0 0.05266
3850.0 3350.0 0.00758
3950.0 3350.0 0.01896
4050.0 3350.0 0.08384
4150.0 3350.0 0.17289
4250.0 3350.0 0.25461
4350.0 3350.0 0.31329
4450.0 3350.0 0.33709
4550.0 3350.0 0.32078
4650.0 3350.0 0.26737
4750.0 3350.0 0.18805
4850.0 3350.0 0.10028
4950.0 3350.0 0.02411
5050.0 3350.0 -0.02327
5150.0 3350.0 -0.03479
5250.0 3350.0 -0.02231
5350.0 3350.0 -0.00073
5450.0 3350.0 0.03595
5550.0 3350.0 0.08427
5650.0 3350.0 0.13374
5750.0 3350.0 0.17254
5850.0 3350.0 0.19140
5950.0 3350.0 0.18603
6050.0 3350.0 0.15787
6150.0 3350.0 0.11320
6250.0 3350.0 0.06073
6350.0 3350.0 0.00744
50.0 3450.0 -0.13353
150.0 3450.0 -0.20853
250.0 3450.0 -0.25875
350.0 3450.0 -0.27074
450.0 3450.0 -0.23950
550.0 3450.0 -0.16903
650.0 3450.0 -0.07106
750.0 3450.0 0.03835
850.0 3450.0 0.15519
950.0 3450.0 0.27860
1050.0 3450.0 0.39062
1150.0 3450.0 0.46828
1250.0 3450.0 0.49412
1350.0 3450.0 0.46247
1450.0 3450.0 0.38166
1550.0 3450.0 0.27204
1650.0 3450.0 0.15999
1750.0 3450.0 0.06771
1850.0 3450.0 -0.00108
1950.0 3450.0 -0.07577
2050.0 3450.0 -0.18550
2150.0 3450.0 -0.32255
2250.0 3450.0 -0.45820
2350.0 3450.0 -0.55955
2450.0 3450.0 -0.60142
2550.0 3450.0 -0.57336
2650.0 3450.0 -0.48175
2750.0 3450.0 -0.34699
2850.0 3450.0 -0.19581
2950.0 3450.0 -0.04868
3050.0 3450.0 0.09047
3150.0 3450.0 0.20054
3250.0 3450.0 0.25828
3350.0 3450.0 0.25547
3450.0 3450.0 0.19787
3550.0 3450.0 0.10285
3650.0 3450.0 -0.00418
3750.0 3450.0 -0.09461
3850.0 3450.0 -0.14271
3950.0 3450.0 -0.13290
4050.0 3450.0 -0.06834
4150.0 3450.0 0.02113
4250.0 3450.0 0.10679
4350.0 3450.0 0.17677
4450.0 3450.0 0.22010
4550.0 3450.0 0.23011
4650.0 3450.0 0.20689
4750.0 3450.0 0.15791
4850.0 3450.0 0.09690
4950.0 3450.0 0.04090
5050.0 3450.0 0.00551
5150.0 3450.0 -0.00167
5250.0 3450.0 0.01086
5350.0 3450.0 0.03153
5450.0 3450.0 0.06578
5550.0 3450.0 0.10983
5650.0 3450.0 0.15349
5750.0 3450.0 0.18554
5850.0 3450.0 0.19756
5950.0 3450.0 0.18610
6050.0 3450.0 0.15326
6150.0 3450.0 0.10571
6250.0 3450.0 0.05211
6350.0 3450.0 -0.00113
50.0 3550.0 -0.07571
150.0 3550.0 -0.16264
250.0 3550.0 -0.22482
350.0 3550.0 -0.24748
450.0 3550.0 -0.22452
550.0 3550.0 -0.15939
650.0 3550.0 -0.06404
750.0 3550.0 0.04417
850.0 3550.0 0.16022
950.0 3550.0 0.28375
1050.0 3550.0 0.39723
1150.0 3550.0 0.47787
1250.0 3550.0 0.50803
1350.0 3550.0 0.48161
1450.0 3550.0 0.40625
1550.0 3550.0 0.30158
1650.0 3550.0 0.19336
1750.0 3550.0 0.10350
1850.0 3550.0 0.03606
1950.0 3550.0 -0.03846
2050.0 3550.0 -0.15225
2150.0 3550.0 -0.29960
2250.0 3550.0 -0.45202
2350.0 3550.0 -0.57538
2450.0 3550.0 -0.64216
2550.0 3550.0 -0.63894
2650.0 3550.0 -0.56909
2750.0 3550.0 -0.45060
2850.0 3550.0 -0.30920
2950.0 3550.0 -0.16656
3050.0 3550.0 -0.03036
3150.0 3550.0 0.07633
3250.0 3550.0 0.13025
3350.0 3550.0 0.12354
3450.0 3550.0 0.06241
3550.0 3550.0 -0.03535
3650.0 3550.0 -0.14415
3750.0 3550.0 -0.23540
3850.0 3550.0 -0.28362
3950.0 3550.0 -0.27362
4050.0 3550.0 -0.20889
4150.0 3550.0 -0.11914
4250.0 3550.0 -0.02945
4350.0 3550.0 0.05235
4450.0 3550.0 0.11618
4550.0 3550.0 0.15382
4650.0 3550.0 0.16218
4750.0 3550.0 0.14479
4850.0 3550.0 0.11148
4950.0 3550.0 0.07613
5050.0 3550.0 0.05273
5150.0 3550.0 0.04951
5250.0 3550.0 0.06147
5350.0 3550.0 0.08015
5450.0 3550.0 0.10970
5550.0 3550.0 0.14595
5650.0 3550.0 0.17938
5750.0 3550.0 0.20007
5850.0 3550.0 0.20111
5950.0 3550.0 0.18042
6050.0 3550.0 0.14112
6150.0 3550.0 0.09030
6250.0 3550.0 0.03632
6350.0 3550.0 -0.01550
50.0 3650.0 0.01110
150.0 3650.0 -0.08177
250.0 3650.0 -0.15007
350.0 3650.0 -0.17881
450.0 3650.0 -0.16172
550.0 3650.0 -0.10206
650.0 3650.0 -0.01179
750.0 3650.0 0.09157
850.0 3650.0 0.20250
950.0 3650.0 0.32076
1050.0 3650.0 0.42991
1150.0 3650.0 0.50842
1250.0 3650.0 0.53958
1350.0 3650.0 0.51749
1450.0 3650.0 0.44919
1550.0 3650.0 0.35304
1650.0 3650.0 0.25320
1750.0 3650.0 0.17031
1850.0 3650.0 0.10833
1950.0 3650.0 0.03858
2050.0 3650.0 -0.07281
2150.0 3650.0 -0.22282
2250.0 3650.0 -0.38511
2350.0 3650.0 -0.52633
2450.0 3650.0 -0.61803
2550.0 3650.0 -0.64422
2650.0 3650.0 -0.60453
2750.0 3650.0 -0.51300
2850.0 3650.0 -0.39248
2950.0 3650.0 -0.26466
3050.0 3650.0 -0.14121
3150.0 3650.0 -0.04653
3250.0 3650.0 -0.00227
3350.0 3650.0 -0.01460
3450.0 3650.0 -0.07620
3550.0 3650.0 -0.16930
3650.0 3650.0 -0.26946
3750.0 3650.0 -0.35028
3850.0 3650.0 -0.38890
3950.0 3650.0 -0.37244
4050.0 3650.0 -0.30523
4150.0 3650.0 -0.21484
4250.0 3650.0 -0.12033
4350.0 3650.0 -0.02509
4450.0 3650.0 0.06137
4550.0 3650.0 0.12863
4650.0 3650.0 0.16983
4750.0 3650.0 0.18412
4850.0 3650.0 0.17723
4950.0 3650.0 0.16010
5050.0 3650.0 0.14547
5150.0 3650.0 0.14270
5250.0 3650.0 0.15059
5350.0 3650.0 0.16236
5450.0 3650.0 0.17865
5550.0 3650.0 0.19498
5650.0 3650.0 0.20416
5750.0 3650.0 0.19983
5850.0 3650.0 0.17869
5950.0 3650.0 0.14156
6050.0 3650.0 0.09313
6150.0 3650.0 0.04054
6250.0 3650.0 -0.00936
6350.0 3650.0 -0.05389
50.0 3750.0 0.11806
150.0 3750.0 0.02788
250.0 3750.0 -0.03807
350.0 3750.0 -0.06620
450.0 3750.0 -0.05126
550.0 3750.0 0.00305
650.0 3750.0 0.08515
750.0 3750.0 0.17888
850.0 3750.0 0.27898
950.0 3750.0 0.38483
1050.0 3750.0 0.48186
1150.0 3750.0 0.55135
1250.0 3750.0 0.57892
1350.0 3750.0 0.55974
1450.0 3750.0 0.50036
1550.0 3750.0 0.41719
1650.0 3750.0 0.33158
1750.0 3750.0 0.26160
1850.0 3750.0 0.21045
1950.0 3750.0 0.15170
2050.0 3750.0 0.05224
2150.0 3750.0 -0.08821
2250.0 3750.0 -0.24799
2350.0 3750.0 -0.39752
2450.0 3750.0 -0.50975
2550.0 3750.0 -0.56717
2650.0 3750.0 -0.56526
2750.0 3750.0 -0.51237
2850.0 3750.0 -0.42616
2950.0 3750.0 -0.32643
3050.0 3750.0 -0.22857
3150.0 3750.0 -0.15738
3250.0 3750.0 -0.13085
3350.0 3750.0 -0.15164
3450.0 3750.0 -0.21053
3550.0 3750.0 -0.29016
3650.0 3750.0 -0.36895
3750.0 3750.0 -0.42533
3850.0 3750.0 -0.44215
3950.0 3750.0 -0.41130
4050.0 3750.0 -0.33865
4150.0 3750.0 -0.24720
4250.0 3750.0 -0.14731
4350.0 3750.0 -0.03794
4450.0 3750.0 0.07140
4550.0 3750.0 0.16747
4650.0 3750.0 0.23918
4750.0 3750.0 0.28121
4850.0 3750.0 0.29553
4950.0 3750.0 0.29070
5050.0 3750.0 0.27900
5150.0 3750.0 0.27144
5250.0 3750.0 0.27058
5350.0 3750.0 0.26935
5450.0 3750.0 0.26253
5550.0 3750.0 0.24572
5650.0 3750.0 0.21612
5750.0 3750.0 0.17347
5850.0 3750.0 0.12034
5950.0 3750.0 0.06177
6050.0 3750.0 0.00428
6150.0 3750.0 -0.04584
6250.0 3750.0 -0.08476
6350.0 3750.0 -0.11411
50.0 3850.0 0.22070
150.0 3850.0 0.14223
250.0 3850.0 0.08751
350.0 3850.0 0.06712
450.0 3850.0 0.08403
550.0 3850.0 0.13349
650.0 3850.0 0.20470
750.0 3850.0 0.28437
850.0 3850.0 0.36832
950.0 3850.0 0.45502
1050.0 3850.0 0.53256
1150.0 3850.0 0.58635
1250.0 3850.0 0.60572
1350.0 3850.0 0.58780
1450.0 3850.0 0.53876
1550.0 3850.0 0.47247
1650.0 3850.0 0.40636
1750.0 3850.0 0.35473
1850.0 3850.0 0.31938
1950.0 3850.0 0.27767
2050.0 3850.0 0.20034
2150.0 3850.0 0.08363
2250.0 3850.0 -0.05790
2350.0 3850.0 -0.20160
2450.0 3850.0 -0.32462
2550.0 3850.0 -0.40962
2650.0 3850.0 -0.44815
2750.0 3850.0 -0.44174
2850.0 3850.0 -0.40078
2950.0 3850.0 -0.34114
3050.0 3850.0 -0.28079
3150.0 3850.0 -0.24393
3250.0 3850.0 -0.24309
3350.0 3850.0 -0.27581
3450.0 3850.0 -0.33008
3550.0 3850.0 -0.38922
3650.0 3850.0 -0.43595
3750.0 3850.0 -0.45589
3850.0 3850.0 -0.44028
3950.0 3850.0 -0.38809
4050.0 3850.0 -0.30739
4150.0 3850.0 -0.21451
4250.0 3850.0 -0.10935
4350.0 3850.0 0.01293
4450.0 3850.0 0.14212
4550.0 3850.0 0.26183
4650.0 3850.0 0.35678
4750.0 3850.0 0.41775
4850.0 3850.0 0.44383
4950.0 3850.0 0.44232
5050.0 3850.0 0.42600
5150.0 3850.0 0.40798
5250.0 3850.0 0.39397
5350.0 3850.0 0.37454
5450.0 3850.0 0.33725
5550.0 3850.0 0.27849
5650.0 3850.0 0.20158
5750.0 3850.0 0.11423
5850.0 3850.0 0.02622
5950.0 3850.0 -0.05267
6050.0 3850.0 -0.11461
6150.0 3850.0 -0.15530
6250.0 3850.0 -0.17549
6350.0 3850.0 -0.18213
50.0 3950.0 0.29235
150.0 3950.0 0.23303
250.0 3950.0 0.19685
350.0 3950.0 0.19017
450.0 3950.0 0.21267
550.0 3950.0 0.25812
650.0 3950.0 0.31675
750.0 3950.0 0.37936
850.0 3950.0 0.44349
950.0 3950.0 0.50631
1050.0 3950.0 0.55905
1150.0 3950.0 0.59226
1250.0 3950.0 0.59989
1350.0 3950.0 0.58168
1450.0 3950.0 0.54359
1550.0 3950.0 0.49655
1650.0 3950.0 0.45335
1750.0 3950.0 0.42371
1850.0 3950.0 0.40755
1950.0 3950.0 0.38734
2050.0 3950.0 0.34073
2150.0 3950.0 0.26093
2250.0 3950.0 0.15364
2350.0 3950.0 0.03189
2450.0 3950.0 -0.08836
2550.0 3950.0 -0.19193
2650.0 3950.0 -0.26737
2750.0 3950.0 -0.30913
2850.0 3950.0 -0.31911
2950.0 3950.0 -0.30734
3050.0 3950.0 -0.29269
3150.0 3950.0 -0.29783
3250.0 3950.0 -0.32873
3350.0 3950.0 -0.37671
3450.0 3950.0 -0.42633
3550.0 3950.0 -0.46159
3650.0 3950.0 -0.47033
3750.0 3950.0 -0.44679
3850.0 3950.0 -0.39235
3950.0 3950.0 -0.31453
4050.0 3950.0 -0.22415
4150.0 3950.0 -0.12963
4250.0 3950.0 -0.02003
4350.0 3950.0 0.11206
4450.0 3950.0 0.25507
4550.0 3950.0 0.38946
4650.0 3950.0 0.49646
4750.0 3950.0 0.56403
4850.0 3950.0 0.58981
4950.0 3950.0 0.58121
5050.0 3950.0 0.55254
5150.0 3950.0 0.51919
5250.0 3950.0 0.48894
5350.0 3950.0 0.44830
5450.0 3950.0 0.37767
5550.0 3950.0 0.27513
5650.0 3950.0 0.15110
5750.0 3950.0 0.02194
5850.0 3950.0 -0.09532
5950.0 3950.0 -0.18680
6050.0 3950.0 -0.24443
6150.0 3950.0 -0.26732
6250.0 3950.0 -0.26182
6350.0 3950.0 -0.24033
50.0 4050.0 0.31351
150.0 4050.0 0.27760
250.0 4050.0 0.26419
350.0 4050.0 0.27476
450.0 4050.0 0.30525
550.0 4050.0 0.34767
650.0 4050.0 0.39339
750.0 4050.0 0.43796
850.0 4050.0 0.48099
950.0 4050.0 0.51819
1050.0 4050.0 0.54404
1150.0 4050.0 0.55455
1250.0 4050.0 0.54871
1350.0 4050.0 0.52911
1450.0 4050.0 0.50162
1550.0 4050.0 0.47420
1650.0 4050.0 0.45478
1750.0 4050.0 0.44821
1850.0 4050.0 0.45236
1950.0 4050.0 0.45558
2050.0 4050.0 0.44492
2150.0 4050.0 0.41138
2250.0 4050.0 0.35110
2350.0 4050.0 0.26588
2450.0 4050.0 0.16281
2550.0 4050.0 0.05302
2650.0 4050.0 -0.05046
2750.0 4050.0 -0.13573
2850.0 4050.0 -0.19594
2950.0 4050.0 -0.23403
3050.0 4050.0 -0.26784
3150.0 4050.0 -0.31786
3250.0 4050.0 -0.38340
3350.0 4050.0 -0.44916
3450.0 4050.0 -0.49592
3550.0 4050.0 -0.50821
3650.0 4050.0 -0.47898
3750.0 4050.0 -0.41130
3850.0 4050.0 -0.31712
3950.0 4050.0 -0.21293
4050.0 4050.0 -0.11252
4150.0 4050.0 -0.01637
4250.0 4050.0 0.09631
4350.0 4050.0 0.23392
4450.0 4050.0 0.38306
4550.0 4050.0 0.52142
4650.0 4050.0 0.62780
4750.0 4050.0 0.68884
4850.0 4050.0 0.70229
4950.0 4050.0 0.67704
5050.0 4050.0 0.62973
5150.0 4050.0 0.57802
5250.0 4050.0 0.53037
5350.0 4050.0 0.46831
5450.0 4050.0 0.36648
5550.0 4050.0 0.22557
5650.0 4050.0 0.06315
5750.0 4050.0 -0.09648
5850.0 4050.0 -0.23025
5950.0 4050.0 -0.32170
6050.0 4050.0 -0.36412
6150.0 4050.0 -0.36120
6250.0 4050.0 -0.32534
6350.0 4050.0 -0.27352
50.0 4150.0 0.27716
150.0 4150.0 0.26480
250.0 4150.0 0.27436
350.0 4150.0 0.30253
450.0 4150.0 0.34159
550.0 4150.0 0.38185
650.0 4150.0 0.41580
750.0 4150.0 0.44355
850.0 4150.0 0.46688
950.0 4150.0 0.48003
1050.0 4150.0 0.48052
1150.0 4150.0 0.46946
1250.0 4150.0 0.45057
1350.0 4150.0 0.42916
1450.0 4150.0 0.41110
1550.0 4150.0 0.40163
1650.0 4150.0 0.40415
1750.0 4150.0 0.41900
1850.0 4150.0 0.44206
1950.0 4150.0 0.46774
2050.0 4150.0 0.49369
2150.0 4150.0 0.50980
2250.0 4150.0 0.50313
2350.0 4150.0 0.46405
2450.0 4150.0 0.38995
2550.0 4150.0 0.28660
2650.0 4150.0 0.16701
2750.0 4150.0 0.04802
2850.0 4150.0 -0.05562
2950.0 4150.0 -0.13944
3050.0 4150.0 -0.21849
3150.0 4150.0 -0.31096
3250.0 4150.0 -0.41022
3350.0 4150.0 -0.49487
3450.0 4150.0 -0.54195
3550.0 4150.0 -0.53613
3650.0 4150.0 -0.47473
3750.0 4150.0 -0.36869
3850.0 4150.0 -0.23946
3950.0 4150.0 -0.11178
4050.0 4150.0 -0.00238
4150.0 4150.0 0.09521
4250.0 4150.0 0.20942
4350.0 4150.0 0.34814
4450.0 4150.0 0.49592
4550.0 4150.0 0.62837
4650.0 4150.0 0.72308
4750.0 4150.0 0.76680
4850.0 4150.0 0.75876
4950.0 4150.0 0.71039
5050.0 4150.0 0.64111
5150.0 4150.0 0.57051
5250.0 4150.0 0.50649
5350.0 4150.0 0.42557
5450.0 4150.0 0.29909
5550.0 4150.0 0.13100
5650.0 4150.0 -0.05484
5750.0 4150.0 -0.22803
5850.0 4150.0 -0.36162
5950.0 4150.0 -0.43870
6050.0 4150.0 -0.45550
6150.0 4150.0 -0.42106
6250.0 4150.0 -0.35350
6350.0 4150.0 -0.27282
50.0 4250.0 0.19006
150.0 4250.0 0.19714
250.0 4250.0 0.22566
350.0 4250.0 0.26842
450.0 4250.0 0.31467
550.0 4250.0 0.35333
650.0 4250.0 0.37779
750.0 4250.0 0.39195
850.0 4250.0 0.39934
950.0 4250.0 0.39305
1050.0 4250.0 0.37306
1150.0 4250.0 0.34461
1250.0 4250.0 0.31522
1350.0 4250.0 0.29242
1450.0 4250.0 0.28204
1550.0 4250.0 0.28712
1650.0 4250.0 0.30742
1750.0 4250.0 0.33961
1850.0 4250.0 0.37797
1950.0 4250.0 0.42237
2050.0 4250.0 0.48076
2150.0 4250.0 0.54296
2250.0 4250.0 0.58854
2350.0 4250.0 0.59778
2450.0 4250.0 0.55891
2550.0 4250.0 0.47189
2650.0 4250.0 0.34841
2750.0 4250.0 0.20836
2850.0 4250.0 0.07268
2950.0 4250.0 -0.04744
3050.0 4250.0 -0.16318
3150.0 4250.0 -0.29075
3250.0 4250.0 -0.41915
3350.0 4250.0 -0.52207
3450.0 4250.0 -0.57330
3550.0 4250.0 -0.55715
3650.0 4250.0 -0.47393
3750.0 4250.0 -0.34046
3850.0 4250.0 -0.18548
3950.0 4250.0 -0.04025
4050.0 4250.0 0.07600
4150.0 4250.0 0.17468
4250.0 4250.0 0.28903
4350.0 4250.0 0.42539
4450.0 4250.0 0.56636
4550.0 4250.0 0.68626
4650.0 4250.0 0.76258
4750.0 4250.0 0.78321
4850.0 4250.0 0.74974
4950.0 4250.0 0.67653
5050.0 4250.0 0.58577
5150.0 4250.0 0.49845
5250.0 4250.0 0.42106
5350.0 4250.0 0.32609
5450.0 4250.0 0.18443
5550.0 4250.0 0.00357
5650.0 4250.0 -0.18795
5750.0 4250.0 -0.35615
5850.0 4250.0 -0.47291
5950.0 4250.0 -0.52298
6050.0 4250.0 -0.50677
6150.0 4250.0 -0.43883
6250.0 4250.0 -0.34200
6350.0 4250.0 -0.23736
50.0 4350.0 0.07001
150.0 4350.0 0.08899
250.0 4350.0 0.12908
350.0 4350.0 0.18064
450.0 4350.0 0.23099
550.0 4350.0 0.26817
650.0 4350.0 0.28617
750.0 4350.0 0.29126
850.0 4350.0 0.28809
950.0 4350.0 0.26905
1050.0 4350.0 0.23580
1150.0 4350.0 0.19630
1250.0 4350.0 0.16056
1350.0 4350.0 0.13751
1450.0 4350.0 0.13287
1550.0 4350.0 0.14813
1650.0 4350.0 0.18060
1750.0 4350.0 0.22447
1850.0 4350.0 0.27305
1950.0 4350.0 0.33045
2050.0 4350.0 0.41309
2150.0 4350.0 0.51155
2250.0 4350.0 0.60028
2350.0 4350.0 0.65200
2450.0 4350.0 0.64765
2550.0 4350.0 0.58192
2650.0 4350.0 0.46439
2750.0 4350.0 0.31614
2850.0 4350.0 0.16199
2950.0 4350.0 0.01834
3050.0 4350.0 -0.12197
3150.0 4350.0 -0.27391
3250.0 4350.0 -0.42415
3350.0 4350.0 -0.54313
3450.0 4350.0 -0.60214
3550.0 4350.0 -0.58468
3650.0 4350.0 -0.49239
3750.0 4350.0 -0.34529
3850.0 4350.0 -0.17652
3950.0 4350.0 -0.02145
4050.0 4350.0 0.09877
4150.0 4350.0 0.19811
4250.0 4350.0 0.31171
4350.0 4350.0 0.44394
4450.0 4350.0 0.57588
4550.0 4350.0 0.68133
4650.0 4350.0 0.73835
4750.0 4350.0 0.73648
4850.0 4350.0 0.67973
4950.0 4350.0 0.58515
5050.0 4350.0 0.47716
5150.0 4350.0 0.37757
5250.0 4350.0 0.29118
5350.0 4350.0 0.18819
5450.0 4350.0 0.04173
5550.0 4350.0 -0.13731
5650.0 4350.0 -0.31779
5750.0 4350.0 -0.46485
5850.0 4350.0 -0.55171
5950.0 4350.0 -0.56658
6050.0 4350.0 -0.51466
6150.0 4350.0 -0.41544
6250.0 4350.0 -0.29503
6350.0 4350.0 -0.17373
50.0 4450.0 -0.06093
150.0 4450.0 -0.03903
250.0 4450.0 0.00383
350.0 4450.0 0.05717
450.0 4450.0 0.10767
550.0 4450.0 0.14310
650.0 4450.0 0.15765
750.0 4450.0 0.15841
850.0 4450.0 0.15034
950.0 4450.0 0.12569
1050.0 4450.0 0.08697
1150.0 4450.0 0.04337
1250.0 4450.0 0.00599
1350.0 4450.0 -0.01577
1450.0 4450.0 -0.01640
1550.0 4450.0 0.00471
1650.0 4450.0 0.04359
1750.0 4450.0 0.09329
1850.0 4450.0 0.14676
1950.0 4450.0 0.21086
2050.0 4450.0 0.30776
2150.0 4450.0 0.42924
2250.0 4450.0 0.54715
2350.0 4450.0 0.62979
2450.0 4450.0 0.65335
2550.0 4450.0 0.60863
2650.0 4450.0 0.50286
2750.0 4450.0 0.35681
2850.0 4450.0 0.19693
2950.0 4450.0 0.04278
3050.0 4450.0 -0.10934
3150.0 4450.0 -0.27419
3250.0 4450.0 -0.43807
3350.0 4450.0 -0.56997
3450.0 4450.0 -0.63950
3550.0 4450.0 -0.62902
3650.0 4450.0 -0.53984
3750.0 4450.0 -0.39263
3850.0 4450.0 -0.22191
3950.0 4450.0 -0.06471
4050.0 4450.0 0.05662
4150.0 4450.0 0.15620
4250.0 4450.0 0.26874
4350.0 4450.0 0.39689
4450.0 4450.0 0.52085
4550.0 4450.0 0.61440
4650.0 4450.0 0.65644
4750.0 4450.0 0.63801
4850.0 4450.0 0.56498
4950.0 4450.0 0.45628
5050.0 4450.0 0.33771
5150.0 4450.0 0.23137
5250.0 4450.0 0.14064
5350.0 4450.0 0.03550
5450.0 4450.0 -0.10669
5550.0 4450.0 -0.27217
5650.0 4450.0 -0.42913
5750.0 4450.0 -0.54421
5850.0 4450.0 -0.59390
5950.0 4450.0 -0.57086
6050.0 4450.0 -0.48509
6150.0 4450.0 -0.36001
6250.0 4450.0 -0.22341
6350.0 4450.0 -0.09336
50.0 4550.0 -0.18728
150.0 4550.0 -0.16953
250.0 4550.0 -0.13085
350.0 4550.0 -0.08131
450.0 4550.0 -0.03388
550.0 4550.0 -0.00063
650.0 4550.0 0.01258
750.0 4550.0 0.01245
850.0 4550.0 0.00362
950.0 4550.0 -0.02141
1050.0 4550.0 -0.05985
1150.0 4550.0 -0.10234
1250.0 4550.0 -0.13778
1350.0 4550.0 -0.15694
1450.0 4550.0 -0.15465
1550.0 4550.0 -0.13072
1650.0 4550.0 -0.08951
1750.0 4550.0 -0.03820
1850.0 4550.0 0.01630
1950.0 4550.0 0.08240
2050.0 4550.0 0.18557
2150.0 4550.0 0.31888
2250.0 4550.0 0.45351
2350.0 4550.0 0.55579
2450.0 4550.0 0.59939
2550.0 4550.0 0.57253
2650.0 4550.0 0.48037
2750.0 4550.0 0.34245
2850.0 4550.0 0.18526
2950.0 4550.0 0.02992
3050.0 4550.0 -0.12474
3150.0 4550.0 -0.29406
3250.0 4550.0 -0.46537
3350.0 4550.0 -0.60744
3450.0 4550.0 -0.68893
3550.0 4550.0 -0.69082
3650.0 4550.0 -0.61300
3750.0 4550.0 -0.47497
3850.0 4550.0 -0.31051
3950.0 4550.0 -0.15657
4050.0 4550.0 -0.03616
4150.0 4550.0 0.06339
4250.0 4550.0 0.17497
4350.0 4550.0 0.30011
4450.0 4550.0 0.41860
4550.0 4550.0 0.50453
4650.0 4550.0 0.53751
4750.0 4550.0 0.50965
4850.0 4550.0 0.42794
4950.0 4550.0 0.31228
5050.0 4550.0 0.18910
5150.0 4550.0 0.08047
5250.0 4550.0 -0.01118
5350.0 4550.0 -0.11445
5450.0 4550.0 -0.24675
5550.0 4550.0 -0.39201
5650.0 4550.0 -0.51910
5750.0 4550.0 -0.59755
5850.0 4550.0 -0.60816
5950.0 4550.0 -0.54839
6050.0 4550.0 -0.43262
6150.0 4550.0 -0.28722
6250.0 4550.0 -0.14053
6350.0 4550.0 -0.00760
50.0 4650.0 -0.31505
150.0 4650.0 -0.30339
250.0 4650.0 -0.27090
350.0 4650.0 -0.22686
450.0 4650.0 -0.18358
550.0 4650.0 -0.15278
650.0 4650.0 -0.14043
750.0 4650.0 -0.14059
850.0 4650.0 -0.14904
950.0 4650.0 -0.17288
1050.0 4650.0 -0.20923
1150.0 4650.0 -0.24886
1250.0 4650.0 -0.28106
1350.0 4650.0 -0.29702
1450.0 4650.0 -0.29199
1550.0 4650.0 -0.26609
1650.0 4650.0 -0.22386
1750.0 4650.0 -0.17239
1850.0 4650.0 -0.11825
1950.0 4650.0 -0.05175
2050.0 4650.0 0.05539
2150.0 4650.0 0.19761
2250.0 4650.0 0.34593
2350.0 4650.0 0.46537
2450.0 4650.0 0.52755
2550.0 4650.0 0.51837
2650.0 4650.0 0.44083
2750.0 4650.0 0.31295
2850.0 4650.0 0.16079
2950.0 4650.0 0.00661
3050.0 4650.0 -0.14831
3150.0 4650.0 -0.32006
3250.0 4650.0 -0.49741
3350.0 4650.0 -0.64930
3450.0 4650.0 -0.74358
3550.0 4650.0 -0.75981
3650.0 4650.0 -0.69615
3750.0 4650.0 -0.57036
3850.0 4650.0 -0.41492
3950.0 4650.0 -0.26617
4050.0 4650.0 -0.14761
4150.0 4650.0 -0.04853
4250.0 4650.0 0.06183
4350.0 4650.0 0.18415
4450.0 4650.0 0.29820
4550.0 4650.0 0.37850
4650.0 4650.0 0.40542
4750.0 4650.0 0.37185
4850.0 4650.0 0.28552
4950.0 4650.0 0.16681
5050.0 4650.0 0.04230
5150.0 4650.0 -0.06619
5250.0 4650.0 -0.15691
5350.0 4650.0 -0.25642
5450.0 4650.0 -0.37687
5550.0 4650.0 -0.50026
5650.0 4650.0 -0.59665
5750.0 4650.0 -0.63883
5850.0 4650.0 -0.61200
5950.0 4650.0 -0.51821
6050.0 4650.0 -0.37574
6150.0 4650.0 -0.21334
6250.0 4650.0 -0.05935
6350.0 4650.0 0.07429
50.0 4750.0 -0.46054
150.0 4750.0 -0.45547
250.0 4750.0 -0.43023
350.0 4750.0 -0.39300
450.0 4750.0 -0.35508
550.0 4750.0 -0.32749
650.0 4750.0 -0.31616
750.0 4750.0 -0.31608
850.0 4750.0 -0.32347
950.0 4750.0 -0.34456
1050.0 4750.0 -0.37648
1150.0 4750.0 -0.41071
1250.0 4750.0 -0.43749
1350.0 4750.0 -0.44895
1450.0 4750.0 -0.44103
1550.0 4750.0 -0.41421
1650.0 4750.0 -0.37292
1750.0 4750.0 -0.32382
1850.0 4750.0 -0.27277
1950.0 4750.0 -0.20843
2050.0 4750.0 -0.09910
2150.0 4750.0 0.05165
2250.0 4750.0 0.21499
2350.0 4750.0 0.35459
2450.0 4750.0 0.43964
2550.0 4750.0 0.45305
2650.0 4750.0 0.39480
2750.0 4750.0 0.28058
2850.0 4750.0 0.13550
2950.0 4750.0 -0.01687
3050.0 4750.0 -0.17187
3150.0 4750.0 -0.34607
3250.0 4750.0 -0.52996
3350.0 4750.0 -0.69298
3450.0 4750.0 -0.80236
3550.0 4750.0 -0.83620
3650.0 4750.0 -0.79067
3750.0 4750.0 -0.68140
3850.0 4750.0 -0.53903
3950.0 4750.0 -0.39887
4050.0 4750.0 -0.28480
4150.0 4750.0 -0.18840
4250.0 4750.0 -0.08145
4350.0 4750.0 0.03651
4450.0 4750.0 0.14623
4550.0 4750.0 0.22357
4650.0 4750.0 0.25004
4750.0 4750.0 0.21908
4850.0 4750.0 0.13819
4950.0 4750.0 0.02688
5050.0 4750.0 -0.08954
5150.0 4750.0 -0.19039
5250.0 4750.0 -0.27414
5350.0 4750.0 -0.36431
5450.0 4750.0 -0.46865
5550.0 4750.0 -0.56865
5650.0 4750.0 -0.63659
5750.0 4750.0 -0.64888
5850.0 4750.0 -0.59452
5950.0 4750.0 -0.47876
6050.0 4750.0 -0.32182
6150.0 4750.0 -0.15280
6250.0 4750.0 0.00127
6350.0 4750.0 0.13123
50.0 4850.0 -0.61016
150.0 4850.0 -0.61182
250.0 4850.0 -0.59481
350.0 4850.0 -0.56587
450.0 4850.0 -0.53473
550.0 4850.0 -0.51124
650.0 4850.0 -0.50107
750.0 4850.0 -0.50038
850.0 4850.0 -0.50569
950.0 4850.0 -0.52177
1050.0 4850.0 -0.54602
1150.0 4850.0 -0.57138
1250.0 4850.0 -0.58990
1350.0 4850.0 -0.59538
1450.0 4850.0 -0.58483
1550.0 4850.0 -0.55902
1650.0 4850.0 -0.52194
1750.0 4850.0 -0.47920
1850.0 4850.0 -0.43542
1950.0 4850.0 -0.37733
2050.0 4850.0 -0.26930
2150.0 4850.0 -0.11225
2250.0 4850.0 0.06568
2350.0 4850.0 0.22701
2450.0 4850.0 0.33826
2550.0 4850.0 0.37869
2650.0 4850.0 0.34436
2750.0 4850.0 0.24761
2850.0 4850.0 0.11192
2950.0 4850.0 -0.03787
3050.0 4850.0 -0.19263
3150.0 4850.0 -0.36871
3250.0 4850.0 -0.55853
3350.0 4850.0 -0.73247
3450.0 4850.0 -0.85759
3550.0 4850.0 -0.91083
3650.0 4850.0 -0.88639
3750.0 4850.0 -0.79749
3850.0 4850.0 -0.67245
3950.0 4850.0 -0.54503
4050.0 4850.0 -0.43913
4150.0 4850.0 -0.34884
4250.0 4850.0 -0.24893
4350.0 4850.0 -0.13857
4450.0 4850.0 -0.03455
4550.0 4850.0 0.04186
4650.0 4850.0 0.07412
4750.0 4850.0 0.05609
4850.0 4850.0 -0.00608
4950.0 4850.0 -0.09562
5050.0 4850.0 -0.19053
5150.0 4850.0 -0.27263
5250.0 4850.0 -0.34020
5350.0 4850.0 -0.41254
5450.0 4850.0 -0.49465
5550.0 4850.0 -0.56968
5650.0 4850.0 -0.61373
5750.0 4850.0 -0.60718
5850.0 4850.0 -0.54187
5950.0 4850.0 -0.42389
6050.0 4850.0 -0.27222
6150.0 4850.0 -0.11315
6250.0 4850.0 0.02965
6350.0 4850.0 0.14916
50.0 4950.0 -0.73239
150.0 4950.0 -0.74003
250.0 4950.0 -0.73138
350.0 4950.0 -0.71141
450.0 4950.0 -0.68791
550.0 4950.0 -0.66910
650.0 4950.0 -0.66011
750.0 4950.0 -0.65841
850.0 4950.0 -0.66070
950.0 4950.0 -0.66972
1050.0 4950.0 -0.68346
1150.0 4950.0 -0.69703
1250.0 4950.0 -0.70514
1350.0 4950.0 -0.70386
1450.0 4950.0 -0.69156
1550.0 4950.0 -0.66924
1650.0 4950.0 -0.63997
1750.0 4950.0 -0.60772
1850.0 4950.0 -0.57542
1950.0 4950.0 -0.52789
2050.0 4950.0 -0.42574
2150.0 4950.0 -0.26686
2250.0 4950.0 -0.07814
2350.0 4950.0 0.10231
2450.0 4950.0 0.23862
2550.0 4950.0 0.30630
2650.0 4950.0 0.29705
2750.0 4950.0 0.21925
2850.0 4950.0 0.09408
2950.0 4950.0 -0.05260
3050.0 4950.0 -0.20671
3150.0 4950.0 -0.38335
3250.0 4950.0 -0.57658
3350.0 4950.0 -0.75815
3450.0 4950.0 -0.89570
3550.0 4950.0 -0.96574
3650.0 4950.0 -0.96106
3750.0 4950.0 -0.89272
3850.0 4950.0 -0.78664
3950.0 4950.0 -0.67464
4050.0 4950.0 -0.58015
4150.0 4950.0 -0.49938
4250.0 4950.0 -0.41056
4350.0 4950.0 -0.31226
4450.0 4950.0 -0.21737
4550.0 4950.0 -0.14271
4650.0 4950.0 -0.10168
4750.0 4950.0 -0.09975
4850.0 4950.0 -0.13283
4950.0 4950.0 -0.18842
5050.0 4950.0 -0.24970
5150.0 4950.0 -0.30242
5250.0 4950.0 -0.34463
5350.0 4950.0 -0.39079
5450.0 4950.0 -0.44507
5550.0 4950.0 -0.49458
5650.0 4950.0 -0.52077
5750.0 4950.0 -0.50830
5850.0 4950.0 -0.45053
5950.0 4950.0 -0.35184
6050.0 4950.0 -0.22662
6150.0 4950.0 -0.09501
6250.0 4950.0 0.02471
6350.0 4950.0 0.12691
50.0 5050.0 -0.79579
150.0 5050.0 -0.80780
250.0 5050.0 -0.80653
350.0 5050.0 -0.79514
450.0 5050.0 -0.77922
550.0 5050.0 -0.76512
650.0 5050.0 -0.75717
750.0 5050.0 -0.75416
850.0 5050.0 -0.75278
950.0 5050.0 -0.75349
1050.0 5050.0 -0.75507
1150.0 5050.0 -0.75536
1250.0 5050.0 -0.75227
1350.0 5050.0 -0.74451
1450.0 5050.0 -0.73193
1550.0 5050.0 -0.71556
1650.0 5050.0 -0.69718
1750.0 5050.0 -0.67871
1850.0 5050.0 -0.66107
1950.0 5050.0 -0.62759
2050.0 5050.0 -0.53605
2150.0 5050.0 -0.38144
2250.0 5050.0 -0.18888
2350.0 5050.0 0.00368
2450.0 5050.0 0.15877
2550.0 5050.0 0.24876
2650.0 5050.0 0.26128
2750.0 5050.0 0.20065
2850.0 5050.0 0.08543
2950.0 5050.0 -0.05807
3050.0 5050.0 -0.21110
3150.0 5050.0 -0.38635
3250.0 5050.0 -0.57882
3350.0 5050.0 -0.76184
3450.0 5050.0 -0.90453
3550.0 5050.0 -0.98408
3650.0 5050.0 -0.99294
3750.0 5050.0 -0.94084
3850.0 5050.0 -0.85171
3950.0 5050.0 -0.75537
4050.0 5050.0 -0.67418
4150.0 5050.0 -0.60550
4250.0 5050.0 -0.53130
4350.0 5050.0 -0.44983
4450.0 5050.0 -0.36918
4550.0 5050.0 -0.30031
4650.0 5050.0 -0.25224
4750.0 5050.0 -0.22910
4850.0 5050.0 -0.22886
4950.0 5050.0 -0.24407
5050.0 5050.0 -0.26427
5150.0 5050.0 -0.28027
5250.0 5050.0 -0.29029
5350.0 5050.0 -0.30416
5450.0 5050.0 -0.32703
5550.0 5050.0 -0.35186
5650.0 5050.0 -0.36657
5750.0 5050.0 -0.36002
5850.0 5050.0 -0.32595
5950.0 5050.0 -0.26482
6050.0 5050.0 -0.18365
6150.0 5050.0 -0.09374
6250.0 5050.0 -0.00645
6350.0 5050.0 0.07321
50.0 5150.0 -0.78127
150.0 5150.0 -0.79550
250.0 5150.0 -0.79976
350.0 5150.0 -0.79551
450.0 5150.0 -0.78622
550.0 5150.0 -0.77629
650.0 5150.0 -0.76912
750.0 5150.0 -0.76465
850.0 5150.0 -0.75941
950.0 5150.0 -0.75157
1050.0 5150.0 -0.74092
1150.0 5150.0 -0.72819
1250.0 5150.0 -0.71465
1350.0 5150.0 -0.70168
1450.0 5150.0 -0.69054
1550.0 5150.0 -0.68206
1650.0 5150.0 -0.67652
1750.0 5150.0 -0.67355
1850.0 5150.0 -0.67205
1950.0 5150.0 -0.65456
2050.0 5150.0 -0.57750
2150.0 5150.0 -0.43359
2250.0 5150.0 -0.24582
2350.0 5150.0 -0.05109
2450.0 5150.0 0.11267
2550.0 5150.0 0.21587
2650.0 5150.0 0.24301
2750.0 5150.0 0.19493
2850.0 5150.0 0.08751
2950.0 5150.0 -0.05321
3050.0 5150.0 -0.20483
3150.0 5150.0 -0.37656
3250.0 5150.0 -0.56326
3350.0 5150.0 -0.73997
3450.0 5150.0 -0.87806
3550.0 5150.0 -0.95667
3650.0 5150.0 -0.96926
3750.0 5150.0 -0.92548
3850.0 5150.0 -0.84808
3950.0 5150.0 -0.76513
4050.0 5150.0 -0.69736
4150.0 5150.0 -0.64195
4250.0 5150.0 -0.58462
4350.0 5150.0 -0.52410
4450.0 5150.0 -0.46340
4550.0 5150.0 -0.40675
4650.0 5150.0 -0.35774
4750.0 5150.0 -0.31815
4850.0 5150.0 -0.28744
4950.0 5150.0 -0.26297
5050.0 5150.0 -0.24087
5150.0 5150.0 -0.21764
5250.0 5150.0 -0.19244
5350.0 5150.0 -0.17144
5450.0 5150.0 -0.16215
5550.0 5150.0 -0.16437
5650.0 5150.0 -0.17290
5750.0 5150.0 -0.18060
5850.0 5150.0 -0.18065
5950.0 5150.0 -0.16822
6050.0 5150.0 -0.14134
6150.0 5150.0 -0.10110
6250.0 5150.0 -0.05117
6350.0 5150.0 0.00345
50.0 5250.0 -0.68843
150.0 5250.0 -0.70270
250.0 5250.0 -0.71021
350.0 5250.0 -0.71102
450.0 5250.0 -0.70676
550.0 5250.0 -0.70003
650.0 5250.0 -0.69333
750.0 5250.0 -0.68743
850.0 5250.0 -0.67861
950.0 5250.0 -0.66307
1050.0 5250.0 -0.64162
1150.0 5250.0 -0.61776
1250.0 5250.0 -0.59583
1350.0 5250.0 -0.57961
1450.0 5250.0 -0.57146
1550.0 5250.0 -0.57187
1650.0 5250.0 -0.57953
1750.0 5250.0 -0.59187
1850.0 5250.0 -0.60602
1950.0 5250.0 -0.60448
2050.0 5250.0 -0.54408
2150.0 5250.0 -0.41611
2250.0 5250.0 -0.24139
2350.0 5250.0 -0.05500
2450.0 5250.0 0.10597
2550.0 5250.0 0.21139
2650.0 5250.0 0.24399
2750.0 5250.0 0.20212
2850.0 5250.0 0.09929
2950.0 5250.0 -0.03940
3050.0 5250.0 -0.18943
3150.0 5250.0 -0.35579
3250.0 5250.0 -0.53212
3350.0 5250.0 -0.69501
3450.0 5250.0 -0.81866
3550.0 5250.0 -0.88524
3650.0 5250.0 -0.89057
3750.0 5250.0 -0.84551
3850.0 5250.0 -0.77272
3950.0 5250.0 -0.69898
4050.0 5250.0 -0.64302
4150.0 5250.0 -0.60044
4250.0 5250.0 -0.56048
4350.0 5250.0 -0.52341
4450.0 5250.0 -0.48762
4550.0 5250.0 -0.45045
4650.0 5250.0 -0.40940
4750.0 5250.0 -0.36290
4850.0 5250.0 -0.31074
4950.0 5250.0 -0.25402
5050.0 5250.0 -0.19475
5150.0 5250.0 -0.13505
5250.0 5250.0 -0.07597
5350.0 5250.0 -0.02156
5450.0 5250.0 0.01776
5550.0 5250.0 0.03538
5650.0 5250.0 0.02994
5750.0 5250.0 0.00505
5850.0 5250.0 -0.03156
5950.0 5250.0 -0.06947
6050.0 5250.0 -0.09767
6150.0 5250.0 -0.10712
6250.0 5250.0 -0.09405
6350.0 5250.0 -0.06375
50.0 5350.0 -0.53607
150.0 5350.0 -0.54874
250.0 5350.0 -0.55733
350.0 5350.0 -0.56096
450.0 5350.0 -0.55985
550.0 5350.0 -0.55518
650.0 5350.0 -0.54864
750.0 5350.0 -0.54153
850.0 5350.0 -0.52983
950.0 5350.0 -0.50830
1050.0 5350.0 -0.47869
1150.0 5350.0 -0.44678
1250.0 5350.0 -0.41936
1350.0 5350.0 -0.40203
1450.0 5350.0 -0.39790
1550.0 5350.0 -0.40698
1650.0 5350.0 -0.42653
1750.0 5350.0 -0.45211
1850.0 5350.0 -0.47950
1950.0 5350.0 -0.49191
2050.0 5350.0 -0.44806
2150.0 5350.0 -0.33880
2250.0 5350.0 -0.18299
2350.0 5350.0 -0.01338
2450.0 5350.0 0.13475
2550.0 5350.0 0.23214
2650.0 5350.0 0.26124
2750.0 5350.0 0.21907
2850.0 5350.0 0.11737
2950.0 5350.0 -0.02023
3050.0 5350.0 -0.16870
3150.0 5350.0 -0.32861
3250.0 5350.0 -0.49150
3350.0 5350.0 -0.63514
3450.0 5350.0 -0.73681
3550.0 5350.0 -0.78234
3650.0 5350.0 -0.77090
3750.0 5350.0 -0.71566
3850.0 5350.0 -0.64018
3950.0 5350.0 -0.57055
4050.0 5350.0 -0.52343
4150.0 5350.0 -0.49171
4250.0 5350.0 -0.46771
4350.0 5350.0 -0.45435
4450.0 5350.0 -0.44646
4550.0 5350.0 -0.43509
4650.0 5350.0 -0.41155
4750.0 5350.0 -0.37016
4850.0 5350.0 -0.30962
4950.0 5350.0 -0.23308
5050.0 5350.0 -0.14694
5150.0 5350.0 -0.05821
5250.0 5350.0 0.02929
5350.0 5350.0 0.11192
5450.0 5350.0 0.17673
5550.0 5350.0 0.21139
5650.0 5350.0 0.20899
5750.0 5350.0 0.17012
5850.0 5350.0 0.10323
5950.0 5350.0 0.02335
6050.0 5350.0 -0.05090
6150.0 5350.0 -0.10200
6250.0 5350.0 -0.11990
6350.0 5350.0 -0.11009
50.0 5450.0 -0.35691
150.0 5450.0 -0.36721
250.0 5450.0 -0.37535
350.0 5450.0 -0.37989
450.0 5450.0 -0.38021
550.0 5450.0 -0.37653
650.0 5450.0 -0.36994
750.0 5450.0 -0.36195
850.0 5450.0 -0.34835
950.0 5450.0 -0.32304
1050.0 5450.0 -0.28855
1150.0 5450.0 -0.25220
1250.0 5450.0 -0.22238
1350.0 5450.0 -0.20583
1450.0 5450.0 -0.20595
1550.0 5450.0 -0.22229
1650.0 5450.0 -0.25097
1750.0 5450.0 -0.28624
1850.0 5450.0 -0.32306
1950.0 5450.0 -0.34582
2050.0 5450.0 -0.31610
2150.0 5450.0 -0.22515
2250.0 5450.0 -0.09032
2350.0 5450.0 0.05802
2450.0 5450.0 0.18701
2550.0 5450.0 0.26923
2650.0 5450.0 0.28805
2750.0 5450.0 0.24037
2850.0 5450.0 0.13683
2950.0 5450.0 -0.00059
3050.0 5450.0 -0.14773
3150.0 5450.0 -0.30114
3250.0 5450.0 -0.44975
3350.0 5450.0 -0.57212
3450.0 5450.0 -0.64834
3550.0 5450.0 -0.66797
3650.0 5450.0 -0.63391
3750.0 5450.0 -0.56227
3850.0 5450.0 -0.47823
3950.0 5450.0 -0.40786
4050.0 5450.0 -0.36586
4150.0 5450.0 -0.34188
4250.0 5450.0 -0.33079
4350.0 5450.0 -0.33904
4450.0 5450.0 -0.35933
4550.0 5450.0 -0.37767
4650.0 5450.0 -0.37975
4750.0 5450.0 -0.35534
4850.0 5450.0 -0.30073
4950.0 5450.0 -0.21919
5050.0 5450.0 -0.11947
5150.0 5450.0 -0.01227
5250.0 5450.0 0.09517
5350.0 5450.0 0.19816
5450.0 5450.0 0.28245
5550.0 5450.0 0.33194
5650.0 5450.0 0.33567
5750.0 5450.0 0.29166
5850.0 5450.0 0.20830
5950.0 5450.0 0.10328
6050.0 5450.0 0.00006
6150.0 5450.0 -0.07816
6250.0 5450.0 -0.11693
6350.0 5450.0 -0.12145
50.0 5550.0 -0.18639
150.0 5550.0 -0.19454
250.0 5550.0 -0.20155
350.0 5550.0 -0.20582
450.0 5550.0 -0.20631
550.0 5550.0 -0.20282
650.0 5550.0 -0.19607
750.0 5550.0 -0.18762
850.0 5550.0 -0.17313
950.0 5550.0 -0.14631
1050.0 5550.0 -0.11013
1150.0 5550.0 -0.07271
1250.0 5550.0 -0.04317
1350.0 5550.0 -0.02863
1450.0 5550.0 -0.03249
1550.0 5550.0 -0.05386
1650.0 5550.0 -0.08815
1750.0 5550.0 -0.12890
1850.0 5550.0 -0.17081
1950.0 5550.0 -0.19959
2050.0 5550.0 -0.17993
2150.0 5550.0 -0.10405
2250.0 5550.0 0.01162
2350.0 5550.0 0.13878
2450.0 5550.0 0.24701
2550.0 5550.0 0.31119
2650.0 5550.0 0.31634
2750.0 5550.0 0.26015
2850.0 5550.0 0.15286
2950.0 5550.0 0.01492
3050.0 5550.0 -0.13126
3150.0 5550.0 -0.27906
3250.0 5550.0 -0.41482
3350.0 5550.0 -0.51739
3450.0 5550.0 -0.56911
3550.0 5550.0 -0.56279
3650.0 5550.0 -0.50479
3750.0 5550.0 -0.41426
3850.0 5550.0 -0.31833
3950.0 5550.0 -0.24350
4050.0 5550.0 -0.20300
4150.0 5550.0 -0.18321
4250.0 5550.0 -0.18109
4350.0 5550.0 -0.20708
4450.0 5550.0 -0.25329
4550.0 5550.0 -0.30229
4650.0 5550.0 -0.33512
4750.0 5550.0 -0.33703
4850.0 5550.0 -0.30094
4950.0 5550.0 -0.22841
5050.0 5550.0 -0.12850
5150.0 5550.0 -0.01415
5250.0 5550.0 0.10369
5350.0 5550.0 0.21829
5450.0 5550.0 0.31592
5550.0 5550.0 0.37902
5650.0 5550.0 0.39421
5750.0 5550.0 0.35729
5850.0 5550.0 0.27543
5950.0 5550.0 0.16649
6050.0 5550.0 0.05537
6150.0 5550.0 -0.03240
6250.0 5550.0 -0.08007
6350.0 5550.0 -0.09186
50.0 5650.0 -0.04567
150.0 5650.0 -0.05248
250.0 5650.0 -0.05844
350.0 5650.0 -0.06198
450.0 5650.0 -0.06204
550.0 5650.0 -0.05831
650.0 5650.0 -0.05142
750.0 5650.0 -0.04283
850.0 5650.0 -0.02827
950.0 5650.0 -0.00163
1050.0 5650.0 0.03389
1150.0 5650.0 0.07000
1250.0 5650.0 0.09756
1350.0 5650.0 0.10957
1450.0 5650.0 0.10287
1550.0 5650.0 0.07868
1650.0 5650.0 0.04193
1750.0 5650.0 -0.00075
1850.0 5650.0 -0.04414
1950.0 5650.0 -0.07522
2050.0 5650.0 -0.06149
2150.0 5650.0 0.00359
2250.0 5650.0 0.10404
2350.0 5650.0 0.21308
2450.0 5650.0 0.30244
2550.0 5650.0 0.34922
2650.0 5650.0 0.34043
2750.0 5650.0 0.27494
2850.0 5650.0 0.16318
2950.0 5650.0 0.02431
3050.0 5650.0 -0.12128
3150.0 5650.0 -0.26476
3250.0 5650.0 -0.39019
3350.0 5650.0 -0.47640
3450.0 5650.0 -0.50725
3550.0 5650.0 -0.47809
3650.0 5650.0 -0.39817
3750.0 5650.0 -0.28933
3850.0 5650.0 -0.18066
3950.0 5650.0 -0.09938
4050.0 5650.0 -0.05768
4150.0 5650.0 -0.03917
4250.0 5650.0 -0.04248
4350.0 5650.0 -0.08217
4450.0 5650.0 -0.15094
4550.0 5650.0 -0.22933
4650.0 5650.0 -0.29478
4750.0 5650.0 -0.32838
4850.0 5650.0 -0.31905
4950.0 5650.0 -0.26549
5050.0 5650.0 -0.17547
5150.0 5650.0 -0.06295
5250.0 5650.0 0.05745
5350.0 5650.0 0.17655
5450.0 5650.0 0.28283
5550.0 5650.0 0.35930
5650.0 5650.0 0.39142
5750.0 5650.0 0.37297
5850.0 5650.0 0.30880
5950.0 5650.0 0.21467
6050.0 5650.0 0.11404
6150.0 5650.0 0.03187
6250.0 5650.0 -0.01453
6350.0 5650.0 -0.02773
50.0 5750.0 0.07735
150.0 5750.0 0.07209
250.0 5750.0 0.06765
350.0 5750.0 0.06541
450.0 5750.0 0.06629
550.0 5750.0 0.07054
650.0 5750.0 0.07759
750.0 5750.0 0.08614
850.0 5750.0 0.10040
950.0 5750.0 0.12609
1050.0 5750.0 0.15990
1150.0 5750.0 0.19367
1250.0 5750.0 0.21852
1350.0 5750.0 0.22780
1450.0 5750.0 0.21868
1550.0 5750.0 0.19267
1650.0 5750.0 0.15485
1750.0 5750.0 0.11181
1850.0 5750.0 0.06853
1950.0 5750.0 0.03679
2050.0 5750.0 0.04646
2150.0 5750.0 0.10278
2250.0 5750.0 0.19000
2350.0 5750.0 0.28262
2450.0 5750.0 0.35434
2550.0 5750.0 0.38446
2650.0 5750.0 0.36200
2750.0 5750.0 0.28722
2850.0 5750.0 0.17092
2950.0 5750.0 0.03112
3050.0 5750.0 -0.11393
3150.0 5750.0 -0.25366
3250.0 5750.0 -0.37007
3350.0 5750.0 -0.44184
3450.0 5750.0 -0.45407
3550.0 5750.0 -0.40423
3650.0 5750.0 -0.30411
3750.0 5750.0 -0.17800
3850.0 5750.0 -0.05685
3950.0 5750.0 0.03138
4050.0 5750.0 0.07525
4150.0 5750.0 0.09370
4250.0 5750.0 0.08651
4350.0 5750.0 0.03508
4450.0 5750.0 -0.05435
4550.0 5750.0 -0.16090
4650.0 5750.0 -0.25895
4750.0 5750.0 -0.32560
4850.0 5750.0 -0.34574
4950.0 5750.0 -0.31469
5050.0 5750.0 -0.23840
5150.0 5750.0 -0.13128
5250.0 5750.0 -0.01153
5350.0 5750.0 0.10913
5450.0 5750.0 0.22216
5550.0 5750.0 0.31189
5650.0 5750.0 0.36318
5750.0 5750.0 0.36781
5850.0 5750.0 0.32784
5950.0 5750.0 0.25601
6050.0 5750.0 0.17314
6150.0 5750.0 0.10251
6250.0 5750.0 0.06126
6350.0 5750.0 0.04882
50.0 5850.0 0.19239
150.0 5850.0 0.19644
250.0 5850.0 0.20084
350.0 5850.0 0.20594
450.0 5850.0 0.21192
550.0 5850.0 0.21876
650.0 5850.0 0.22627
750.0 5850.0 0.23421
850.0 5850.0 0.24709
950.0 5850.0 0.26984
1050.0 5850.0 0.29922
1150.0 5850.0 0.32770
1250.0 5850.0 0.34735
1350.0 5850.0 0.35235
1450.0 5850.0 0.34051
1550.0 5850.0 0.31363
1650.0 5850.0 0.27664
1750.0 5850.0 0.23571
1850.0 5850.0 0.19515
1950.0 5850.0 0.16518
2050.0 5850.0 0.17230
2150.0 5850.0 0.22000
2250.0 5850.0 0.29268
2350.0 5850.0 0.36637
2450.0 5850.0 0.41723
2550.0 5850.0 0.42743
2650.0 5850.0 0.38864
2750.0 5850.0 0.30312
2850.0 5850.0 0.18223
2950.0 5850.0 0.04266
3050.0 5850.0 -0.10040
3150.0 5850.0 -0.23548
3250.0 5850.0 -0.34292
3350.0 5850.0 -0.40131
3450.0 5850.0 -0.39682
3550.0 5850.0 -0.32868
3650.0 5850.0 -0.21079
3750.0 5850.0 -0.06940
3850.0 5850.0 0.06308
3950.0 5850.0 0.15808
4050.0 5850.0 0.20489
4150.0 5850.0 0.22445
4250.0 5850.0 0.21522
4350.0 5850.0 0.15490
4450.0 5850.0 0.04829
4550.0 5850.0 -0.08305
4650.0 5850.0 -0.21118
4750.0 5850.0 -0.30977
4850.0 5850.0 -0.35985
4950.0 5850.0 -0.35319
5050.0 5850.0 -0.29347
5150.0 5850.0 -0.19499
5250.0 5850.0 -0.07915
5350.0 5850.0 0.03987
5450.0 5850.0 0.15664
5550.0 5850.0 0.25709
5650.0 5850.0 0.32570
5750.0 5850.0 0.35234
5850.0 5850.0 0.33622
5950.0 5850.0 0.28681
6050.0 5850.0 0.22193
6150.0 5850.0 0.16278
6250.0 5850.0 0.12608
6350.0 5850.0 0.11326
50.0 5950.0 0.28582
150.0 5950.0 0.31089
250.0 5950.0 0.33507
350.0 5950.0 0.35635
450.0 5950.0 0.37333
550.0 5950.0 0.38553
650.0 5950.0 0.39365
750.0 5950.0 0.39985
850.0 5950.0 0.40937
950.0 5950.0 0.42561
1050.0 5950.0 0.44572
1150.0 5950.0 0.46386
1250.0 5950.0 0.47413
1350.0 5950.0 0.47252
1450.0 5950.0 0.45793
1550.0 5950.0 0.43235
1650.0 5950.0 0.40007
1750.0 5950.0 0.36602
1850.0 5950.0 0.33316
1950.0 5950.0 0.30962
2050.0 5950.0 0.31752
2150.0 5950.0 0.35791
2250.0 5950.0 0.41512
2350.0 5950.0 0.46706
2450.0 5950.0 0.49306
2550.0 5950.0 0.47910
2650.0 5950.0 0.42063
2750.0 5950.0 0.32271
2850.0 5950.0 0.19777
2950.0 5950.0 0.06076
3050.0 5950.0 -0.07757
3150.0 5950.0 -0.20652
3250.0 5950.0 -0.30564
3350.0 5950.0 -0.35360
3450.0 5950.0 -0.33722
3550.0 5950.0 -0.25671
3650.0 5950.0 -0.12702
3750.0 5950.0 0.02470
3850.0 5950.0 0.16539
3950.0 5950.0 0.26637
4050.0 5950.0 0.31733
4150.0 5950.0 0.34023
4250.0 5950.0 0.33273
4350.0 5950.0 0.26989
4450.0 5950.0 0.15443
4550.0 5950.0 0.00708
4650.0 5950.0 -0.14358
4750.0 5950.0 -0.26914
4850.0 5950.0 -0.34747
4950.0 5950.0 -0.36680
5050.0 5950.0 -0.32778
5150.0 5950.0 -0.24355
5250.0 5950.0 -0.13765
5350.0 5950.0 -0.02638
5450.0 5950.0 0.08807
5550.0 5950.0 0.19365
5650.0 5950.0 0.27489
5750.0 5950.0 0.32007
5850.0 5950.0 0.32553
5950.0 5950.0 0.29726
6050.0 5950.0 0.24953
6150.0 5950.0 0.20087
6250.0 5950.0 0.16709
6350.0 5950.0 0.15157
50.0 6050.0 0.34462
150.0 6050.0 0.39886
250.0 6050.0 0.45008
350.0 6050.0 0.49309
450.0 6050.0 0.52445
550.0 6050.0 0.54320
650.0 6050.0 0.55145
750.0 6050.0 0.55463
850.0 6050.0 0.55872
950.0 6050.0 0.56482
1050.0 6050.0 0.57092
1150.0 6050.0 0.57393
1250.0 6050.0 0.57120
1350.0 6050.0 0.56137
1450.0 6050.0 0.54484
1550.0 6050.0 0.52362
1650.0 6050.0 0.50071
1750.0 6050.0 0.47892
1850.0 6050.0 0.45921
1950.0 6050.0 0.44736
2050.0 6050.0 0.46049
2150.0 6050.0 0.49668
2250.0 6050.0 0.53997
2350.0 6050.0 0.57023
2450.0 6050.0 0.57036
2550.0 6050.0 0.53085
2650.0 6050.0 0.45162
2750.0 6050.0 0.34130
2850.0 6050.0 0.21376
2950.0 6050.0 0.08208
3050.0 6050.0 -0.04858
3150.0 6050.0 -0.17018
3250.0 6050.0 -0.26266
3350.0 6050.0 -0.30496
3450.0 6050.0 -0.28399
3550.0 6050.0 -0.19981
3650.0 6050.0 -0.06701
3750.0 6050.0 0.08774
3850.0 6050.0 0.23193
3950.0 6050.0 0.33724
4050.0 6050.0 0.39347
4150.0 6050.0 0.42215
4250.0 6050.0 0.42103
4350.0 6050.0 0.36413
4450.0 6050.0 0.25159
4550.0 6050.0 0.10144
4650.0 6050.0 -0.05931
4750.0 6050.0 -0.20217
4850.0 6050.0 -0.30318
4950.0 6050.0 -0.34738
5050.0 6050.0 -0.33186
5150.0 6050.0 -0.26732
5250.0 6050.0 -0.17790
5350.0 6050.0 -0.08118
5450.0 6050.0 0.02378
5550.0 6050.0 0.12728
5650.0 6050.0 0.21446
5750.0 6050.0 0.27247
5850.0 6050.0 0.29508
5950.0 6050.0 0.28470
6050.0 6050.0 0.25175
6150.0 6050.0 0.21154
6250.0 6050.0 0.17847
6350.0 6050.0 0.15768
50.0 6150.0 0.36172
150.0 6150.0 0.44605
250.0 6150.0 0.52450
350.0 6150.0 0.58875
450.0 6150.0 0.63349
550.0 6150.0 0.65757
650.0 6150.0 0.66475
750.0 6150.0 0.66381
850.0 6150.0 0.66086
950.0 6150.0 0.65422
1050.0 6150.0 0.64311
1150.0 6150.0 0.62803
1250.0 6150.0 0.61041
1350.0 6150.0 0.59219
1450.0 6150.0 0.57543
1550.0 6150.0 0.56189
1650.0 6150.0 0.55267
1750.0 6150.0 0.54777
1850.0 6150.0 0.54569
1950.0 6150.0 0.55000
2050.0 6150.0 0.57299
2150.0 6150.0 0.60959
2250.0 6150.0 0.64334
2350.0 6150.0 0.65583
2450.0 6150.0 0.63342
2550.0 6150.0 0.57108
2650.0 6150.0 0.47343
2750.0 6150.0 0.35288
2850.0 6150.0 0.22503
2950.0 6150.0 0.10117
3050.0 6150.0 -0.01947
3150.0 6150.0 -0.13319
3250.0 6150.0 -0.22158
3350.0 6150.0 -0.26402
3450.0 6150.0 -0.24685
3550.0 6150.0 -0.16882
3650.0 6150.0 -0.04267
3750.0 6150.0 0.10689
3850.0 6150.0 0.24905
3950.0 6150.0 0.35646
4050.0 6150.0 0.41859
4150.0 6150.0 0.45507
4250.0 6150.0 0.46472
4350.0 6150.0 0.42254
4450.0 6150.0 0.32576
4550.0 6150.0 0.18802
4650.0 6150.0 0.03242
4750.0 6150.0 -0.11470
4850.0 6150.0 -0.22922
4950.0 6150.0 -0.29386
5050.0 6150.0 -0.30202
5150.0 6150.0 -0.26080
5250.0 6150.0 -0.19311
5350.0 6150.0 -0.11669
5450.0 6150.0 -0.02776
5550.0 6150.0 0.06646
5650.0 6150.0 0.15219
5750.0 6150.0 0.21608
5850.0 6150.0 0.24980
5950.0 6150.0 0.25245
6050.0 6150.0 0.23057
6150.0 6150.0 0.19600
6250.0 6150.0 0.16131
6350.0 6150.0 0.13303
50.0 6250.0 0.33859
150.0 6250.0 0.44625
250.0 6250.0 0.54478
350.0 6250.0 0.62361
450.0 6250.0 0.67638
550.0 6250.0 0.70230
650.0 6250.0 0.70673
750.0 6250.0 0.70099
850.0 6250.0 0.69023
950.0 6250.0 0.66986
1050.0 6250.0 0.64060
1150.0 6250.0 0.60697
1250.0 6250.0 0.57485
1350.0 6250.0 0.54960
1450.0 6250.0 0.53487
1550.0 6250.0 0.53189
1650.0 6250.0 0.53942
1750.0 6250.0 0.55424
1850.0 6250.0 0.57232
1950.0 6250.0 0.59553
2050.0 6250.0 0.63218
2150.0 6250.0 0.67440
2250.0 6250.0 0.70499
2350.0 6250.0 0.70677
2450.0 6250.0 0.66891
2550.0 6250.0 0.59024
2650.0 6250.0 0.47954
2750.0 6250.0 0.35274
2850.0 6250.0 0.22721
2950.0 6250.0 0.11286
3050.0 6250.0 0.00347
3150.0 6250.0 -0.10270
3250.0 6250.0 -0.18990
3350.0 6250.0 -0.23809
3450.0 6250.0 -0.23251
3550.0 6250.0 -0.16953
3650.0 6250.0 -0.05883
3750.0 6250.0 0.07809
3850.0 6250.0 0.21308
3950.0 6250.0 0.32019
4050.0 6250.0 0.38820
4150.0 6250.0 0.43362
4250.0 6250.0 0.45727
4350.0 6250.0 0.43704
4450.0 6250.0 0.36727
4550.0 6250.0 0.25599
4650.0 6250.0 0.12050
4750.0 6250.0 -0.01707
4850.0 6250.0 -0.13420
4950.0 6250.0 -0.21239
5050.0 6250.0 -0.24161
5150.0 6250.0 -0.22470
5250.0 6250.0 -0.18154
5350.0 6250.0 -0.12881
5450.0 6250.0 -0.06041
5550.0 6250.0 0.01882
5650.0 6250.0 0.09658
5750.0 6250.0 0.15956
5850.0 6250.0 0.19797
5950.0 6250.0 0.20810
6050.0 6250.0 0.19298
6150.0 6250.0 0.16101
6250.0 6250.0 0.12274
6350.0 6250.0 0.08563
50.0 6350.0 0.28573
150.0 6350.0 0.40405
250.0 6350.0 0.50999
350.0 6350.0 0.59227
450.0 6350.0 0.64476
550.0 6350.0 0.66761
650.0 6350.0 0.66752
750.0 6350.0 0.65685
850.0 6350.0 0.63853
950.0 6350.0 0.60520
1050.0 6350.0 0.55927
1150.0 6350.0 0.50916
1250.0 6350.0 0.46497
1350.0 6350.0 0.43523
1450.0 6350.0 0.42484
1550.0 6350.0 0.43422
1650.0 6350.0 0.45964
1750.0 6350.0 0.49469
1850.0 6350.0 0.53299
1950.0 6350.0 0.57551
2050.0 6350.0 0.62800
2150.0 6350.0 0.68042
2250.0 6350.0 0.71475
2350.0 6350.0 0.71434
2450.0 6350.0 0.67018
2550.0 6350.0 0.58381
2650.0 6350.0 0.46714
2750.0 6350.0 0.33894
2850.0 6350.0 0.21811
2950.0 6350.0 0.11381
3050.0 6350.0 0.01555
3150.0 6350.0 -0.08414
3250.0 6350.0 -0.17275
3350.0 6350.0 -0.23088
3450.0 6350.0 -0.24229
3550.0 6350.0 -0.20038
3650.0 6350.0 -0.11102
3750.0 6350.0 0.00822
3850.0 6350.0 0.13241
3950.0 6350.0 0.23721
4050.0 6350.0 0.31047
4150.0 6350.0 0.36489
4250.0 6350.0 0.40390
4350.0 6350.0 0.40972
4450.0 6350.0 0.37414
4550.0 6350.0 0.29910
4650.0 6350.0 0.19500
4750.0 6350.0 0.07840
4850.0 6350.0 -0.03117
4950.0 6350.0 -0.11518
5050.0 6350.0 -0.16078
5150.0 6350.0 -0.16635
5250.0 6350.0 -0.14756
5350.0 6350.0 -0.11890
5450.0 6350.0 -0.07254
5550.0 6350.0 -0.01123
5650.0 6350.0 0.05431
5750.0 6350.0 0.11128
5850.0 6350.0 0.14903
5950.0 6350.0 0.16173
6050.0 6350.0 0.14943
6150.0 6350.0 0.11750
6250.0 6350.0 0.07449
6350.0 6350.0 0.02837
