50.0 50.0 0.00000
150.0 50.0 0.66430
250.0 50.0 1.20480
350.0 50.0 1.48420
450.0 50.0 1.43061
550.0 50.0 1.08288
650.0 50.0 0.58920
750.0 50.0 0.15875
850.0 50.0 -0.03331
950.0 50.0 0.01245
1050.0 50.0 0.08632
1150.0 50.0 0.10812
1250.0 50.0 0.07161
1350.0 50.0 -0.00331
1450.0 50.0 -0.08348
1550.0 50.0 -0.13449
1650.0 50.0 -0.13154
1750.0 50.0 -0.06950
1850.0 50.0 0.02670
1950.0 50.0 0.00375
2050.0 50.0 -0.29109
2150.0 50.0 -0.76750
2250.0 50.0 -1.22355
2350.0 50.0 -1.46655
2450.0 50.0 -1.38838
2550.0 50.0 -0.99505
2650.0 50.0 -0.39074
2750.0 50.0 0.28667
2850.0 50.0 0.99844
2950.0 50.0 1.66112
3050.0 50.0 2.08356
3150.0 50.0 2.12108
3250.0 50.0 1.76644
3350.0 50.0 1.16505
3450.0 50.0 0.55462
3550.0 50.0 0.12899
3650.0 50.0 -0.16402
3750.0 50.0 -0.55462
3850.0 50.0 -1.03851
3950.0 50.0 -1.45687
4050.0 50.0 -1.64628
4150.0 50.0 -1.52970
4250.0 50.0 -1.14883
4350.0 50.0 -0.63804
4450.0 50.0 -0.13967
4550.0 50.0 0.30928
4650.0 50.0 0.61843
4750.0 50.0 0.68305
4850.0 50.0 0.50693
4950.0 50.0 0.17970
5050.0 50.0 -0.15772
5150.0 50.0 -0.35756
5250.0 50.0 -0.31936
5350.0 50.0 -0.05407
5450.0 50.0 0.23891
5550.0 50.0 0.26030
5650.0 50.0 -0.04728
5750.0 50.0 -0.54216
5850.0 50.0 -1.00726
5950.0 50.0 -1.24404
6050.0 50.0 -1.13662
6150.0 50.0 -0.68611
6250.0 50.0 -0.01512
6350.0 50.0 0.68449
50.0 150.0 -0.26189
150.0 150.0 0.39323
250.0 150.0 0.93044
350.0 150.0 1.21690
450.0 150.0 1.18192
550.0 150.0 0.86168
650.0 150.0 0.39840
750.0 150.0 -0.00598
850.0 150.0 -0.18169
950.0 150.0 -0.12838
1050.0 150.0 -0.05545
1150.0 150.0 -0.05984
1250.0 150.0 -0.15426
1350.0 150.0 -0.31251
1450.0 150.0 -0.48646
1550.0 150.0 -0.62304
1650.0 150.0 -0.68119
1750.0 150.0 -0.64892
1850.0 150.0 -0.56128
1950.0 150.0 -0.56373
2050.0 150.0 -0.76453
2150.0 150.0 -1.06662
2250.0 150.0 -1.29416
2350.0 150.0 -1.29885
2450.0 150.0 -1.02020
2550.0 150.0 -0.49964
2650.0 150.0 0.15147
2750.0 150.0 0.83068
2850.0 150.0 1.52109
2950.0 150.0 2.11896
3050.0 150.0 2.43533
3150.0 150.0 2.34470
3250.0 150.0 1.86619
3350.0 150.0 1.16993
3450.0 150.0 0.50860
3550.0 150.0 0.07417
3650.0 150.0 -0.20991
3750.0 150.0 -0.60899
3850.0 150.0 -1.13866
3950.0 150.0 -1.64267
4050.0 150.0 -1.94585
4150.0 150.0 -1.94982
4250.0 150.0 -1.67211
4350.0 150.0 -1.22861
4450.0 150.0 -0.75942
4550.0 150.0 -0.31950
4650.0 150.0 0.02718
4750.0 150.0 0.20472
4850.0 150.0 0.20778
4950.0 150.0 0.09224
5050.0 150.0 -0.04528
5150.0 150.0 -0.09756
5250.0 150.0 0.01318
5350.0 150.0 0.28563
5450.0 150.0 0.56433
5550.0 150.0 0.55942
5650.0 150.0 0.20850
5750.0 150.0 -0.34356
5850.0 150.0 -0.87146
5950.0 150.0 -1.16666
6050.0 150.0 -1.10469
6150.0 150.0 -0.68259
6250.0 150.0 -0.02652
6350.0 150.0 0.66356
50.0 250.0 -0.75493
150.0 250.0 -0.15510
250.0 250.0 0.34226
350.0 250.0 0.62441
450.0 250.0 0.63278
550.0 250.0 0.39987
650.0 250.0 0.04783
750.0 250.0 -0.25133
850.0 250.0 -0.35387
950.0 250.0 -0.26069
1050.0 250.0 -0.15654
1150.0 250.0 -0.14503
1250.0 250.0 -0.25440
1350.0 250.0 -0.46600
1450.0 250.0 -0.72627
1550.0 250.0 -0.96424
1650.0 250.0 -1.11462
1750.0 250.0 -1.14662
1850.0 250.0 -1.09863
1950.0 250.0 -1.11470
2050.0 250.0 -1.26272
2150.0 250.0 -1.43408
2250.0 250.0 -1.47148
2350.0 250.0 -1.26536
2450.0 250.0 -0.80145
2550.0 250.0 -0.15966
2650.0 250.0 0.53595
2750.0 250.0 1.21449
2850.0 250.0 1.87981
2950.0 250.0 2.41292
3050.0 250.0 2.63735
3150.0 250.0 2.45414
3250.0 250.0 1.90851
3350.0 250.0 1.18675
3450.0 250.0 0.54325
3550.0 250.0 0.15764
3650.0 250.0 -0.06672
3750.0 250.0 -0.40739
3850.0 250.0 -0.90036
3950.0 250.0 -1.41592
4050.0 250.0 -1.79234
4150.0 250.0 -1.92242
4250.0 250.0 -1.79412
4350.0 250.0 -1.48524
4450.0 250.0 -1.11216
4550.0 250.0 -0.74240
4650.0 250.0 -0.40941
4750.0 250.0 -0.15364
4850.0 250.0 0.00925
4950.0 250.0 0.09464
5050.0 250.0 0.14529
5150.0 250.0 0.21840
5250.0 250.0 0.36328
5350.0 250.0 0.58966
5450.0 250.0 0.80139
5550.0 250.0 0.75187
5650.0 250.0 0.38922
5750.0 250.0 -0.14675
5850.0 250.0 -0.64577
5950.0 250.0 -0.91847
6050.0 250.0 -0.85769
6150.0 250.0 -0.46942
6250.0 250.0 0.12626
6350.0 250.0 0.75421
50.0 350.0 -1.38140
150.0 350.0 -0.89710
250.0 350.0 -0.49486
350.0 350.0 -0.24935
450.0 350.0 -0.19097
550.0 350.0 -0.28750
650.0 350.0 -0.44951
750.0 350.0 -0.55937
850.0 350.0 -0.52393
950.0 350.0 -0.35074
1050.0 350.0 -0.17305
1150.0 350.0 -0.08578
1250.0 350.0 -0.14343
1350.0 350.0 -0.35419
1450.0 350.0 -0.67427
1550.0 350.0 -1.01910
1650.0 350.0 -1.29166
1750.0 350.0 -1.42783
1850.0 350.0 -1.45871
1950.0 350.0 -1.53590
2050.0 350.0 -1.69879
2150.0 350.0 -1.82189
2250.0 350.0 -1.75281
2350.0 350.0 -1.40676
2450.0 350.0 -0.80691
2550.0 350.0 -0.07041
2650.0 350.0 0.65985
2750.0 350.0 1.33413
2850.0 350.0 1.96972
2950.0 350.0 2.43847
3050.0 350.0 2.58956
3150.0 350.0 2.35979
3250.0 350.0 1.81999
3350.0 350.0 1.16161
3450.0 350.0 0.62374
3550.0 350.0 0.36040
3650.0 350.0 0.26065
3750.0 350.0 0.06728
3850.0 350.0 -0.27357
3950.0 350.0 -0.68964
4050.0 350.0 -1.06756
4150.0 350.0 -1.31119
4250.0 350.0 -1.37584
4350.0 350.0 -1.27859
4450.0 350.0 -1.08440
4550.0 350.0 -0.86295
4650.0 350.0 -0.61363
4750.0 350.0 -0.33569
4850.0 350.0 -0.05568
4950.0 350.0 0.19587
5050.0 350.0 0.39978
5150.0 350.0 0.55507
5250.0 350.0 0.67722
5350.0 350.0 0.78796
5450.0 350.0 0.86560
5550.0 350.0 0.74781
5650.0 350.0 0.41277
5750.0 350.0 -0.01512
5850.0 350.0 -0.36997
5950.0 350.0 -0.51850
6050.0 350.0 -0.40353
6150.0 350.0 -0.05645
6250.0 350.0 0.42088
6350.0 350.0 0.91919
50.0 450.0 -1.90061
150.0 450.0 -1.57967
250.0 450.0 -1.32591
350.0 450.0 -1.16483
450.0 450.0 -1.08357
550.0 450.0 -1.04164
650.0 450.0 -0.98499
750.0 450.0 -0.86325
850.0 450.0 -0.65028
950.0 450.0 -0.36790
1050.0 450.0 -0.08262
1150.0 450.0 0.13410
1250.0 450.0 0.19444
1350.0 450.0 0.04654
1450.0 450.0 -0.29108
1550.0 450.0 -0.72790
1650.0 450.0 -1.13282
1750.0 450.0 -1.39835
1850.0 450.0 -1.53747
1950.0 450.0 -1.71725
2050.0 450.0 -1.96607
2150.0 450.0 -2.13870
2250.0 450.0 -2.07192
2350.0 450.0 -1.68645
2450.0 450.0 -1.02703
2550.0 450.0 -0.24051
2650.0 450.0 0.50789
2750.0 450.0 1.17461
2850.0 450.0 1.77708
2950.0 450.0 2.18226
3050.0 450.0 2.27490
3150.0 450.0 2.03453
3250.0 450.0 1.55698
3350.0 450.0 1.03033
3450.0 450.0 0.66535
3550.0 450.0 0.58026
3650.0 450.0 0.65472
3750.0 450.0 0.68118
3850.0 450.0 0.59382
3950.0 450.0 0.38339
4050.0 450.0 0.08469
4150.0 450.0 -0.23742
4250.0 450.0 -0.50825
4350.0 450.0 -0.66993
4450.0 450.0 -0.71442
4550.0 450.0 -0.70126
4650.0 450.0 -0.59504
4750.0 450.0 -0.35297
4850.0 450.0 -0.01180
4950.0 450.0 0.35207
5050.0 450.0 0.65677
5150.0 450.0 0.84187
5250.0 450.0 0.88771
5350.0 450.0 0.82751
5450.0 450.0 0.71997
5550.0 450.0 0.51540
5650.0 450.0 0.23680
5750.0 450.0 -0.01469
5850.0 450.0 -0.13955
5950.0 450.0 -0.08829
6050.0 450.0 0.12177
6150.0 450.0 0.42145
6250.0 450.0 0.73626
6350.0 450.0 1.05281
50.0 550.0 -2.09992
150.0 550.0 -1.96104
250.0 550.0 -1.88899
350.0 550.0 -1.85986
450.0 550.0 -1.80863
550.0 550.0 -1.67550
650.0 550.0 -1.43319
750.0 550.0 -1.09516
850.0 550.0 -0.70474
950.0 550.0 -0.30521
1050.0 550.0 0.10148
1150.0 550.0 0.47672
1250.0 550.0 0.69837
1350.0 550.0 0.66235
1450.0 550.0 0.35138
1550.0 550.0 -0.14657
1650.0 550.0 -0.67009
1750.0 550.0 -1.06634
1850.0 550.0 -1.32292
1950.0 550.0 -1.62635
2050.0 550.0 -2.01158
2150.0 550.0 -2.31408
2250.0 550.0 -2.34740
2350.0 550.0 -2.01950
2450.0 550.0 -1.37892
2550.0 550.0 -0.59066
2650.0 550.0 0.15807
2750.0 550.0 0.81536
2850.0 550.0 1.38379
2950.0 550.0 1.72627
3050.0 550.0 1.76649
3150.0 550.0 1.52883
3250.0 550.0 1.13366
3350.0 550.0 0.76262
3450.0 550.0 0.59357
3550.0 550.0 0.70562
3650.0 550.0 0.97125
3750.0 550.0 1.24840
3850.0 550.0 1.46685
3950.0 550.0 1.52707
4050.0 550.0 1.37015
4150.0 550.0 1.01596
4250.0 550.0 0.56164
4350.0 550.0 0.14055
4450.0 550.0 -0.15830
4550.0 550.0 -0.37413
4650.0 550.0 -0.43932
4750.0 550.0 -0.27348
4850.0 550.0 0.07822
4950.0 550.0 0.49913
5050.0 550.0 0.85184
5150.0 550.0 1.02271
5250.0 550.0 0.96027
5350.0 550.0 0.70743
5450.0 550.0 0.39757
5550.0 550.0 0.09939
5650.0 550.0 -0.11468
5750.0 550.0 -0.16918
5850.0 550.0 -0.03792
5950.0 550.0 0.23607
6050.0 550.0 0.55320
6150.0 550.0 0.80259
6250.0 550.0 0.94000
6350.0 550.0 1.05633
50.0 650.0 -1.89305
150.0 650.0 -1.91963
250.0 650.0 -2.03053
350.0 650.0 -2.16276
450.0 650.0 -2.19960
550.0 650.0 -2.05266
650.0 650.0 -1.70517
750.0 650.0 -1.21634
850.0 650.0 -0.68695
950.0 650.0 -0.18594
1050.0 650.0 0.33124
1150.0 650.0 0.85922
1250.0 650.0 1.24693
1350.0 650.0 1.34081
1450.0 650.0 1.08596
1550.0 650.0 0.56169
1650.0 650.0 -0.04863
1750.0 650.0 -0.55334
1850.0 650.0 -0.91354
1950.0 650.0 -1.33402
2050.0 650.0 -1.86715
2150.0 650.0 -2.33279
2250.0 650.0 -2.51663
2350.0 650.0 -2.30343
2450.0 650.0 -1.73263
2550.0 650.0 -0.97630
2650.0 650.0 -0.23957
2750.0 650.0 0.40850
2850.0 650.0 0.94468
2950.0 650.0 1.22513
3050.0 650.0 1.20808
3150.0 650.0 0.95944
3250.0 650.0 0.62401
3350.0 650.0 0.38027
3450.0 650.0 0.37868
3550.0 650.0 0.66363
3650.0 650.0 1.09930
3750.0 650.0 1.60601
3850.0 650.0 2.11537
3950.0 650.0 2.44687
4050.0 650.0 2.45319
4150.0 650.0 2.10691
4250.0 650.0 1.51808
4350.0 650.0 0.88278
4450.0 650.0 0.36259
4550.0 650.0 -0.05707
4650.0 650.0 -0.28113
4750.0 650.0 -0.19956
4850.0 650.0 0.13622
4950.0 650.0 0.57828
5050.0 650.0 0.94570
5150.0 650.0 1.08296
5250.0 650.0 0.91324
5350.0 650.0 0.48681
5450.0 650.0 -0.00312
5550.0 650.0 -0.38787
5650.0 650.0 -0.55246
5750.0 650.0 -0.44344
5850.0 650.0 -0.09767
5950.0 650.0 0.36223
6050.0 650.0 0.76583
6150.0 650.0 0.96635
6250.0 650.0 0.94550
6350.0 650.0 0.88278
50.0 750.0 -1.34575
150.0 750.0 -1.49102
250.0 750.0 -1.75245
350.0 750.0 -2.04549
450.0 750.0 -2.21161
550.0 750.0 -2.12991
650.0 750.0 -1.77609
750.0 750.0 -1.22891
850.0 750.0 -0.62412
950.0 750.0 -0.05578
1050.0 750.0 0.53946
1150.0 750.0 1.18053
1250.0 750.0 1.69734
1350.0 750.0 1.90012
1450.0 750.0 1.70435
1550.0 750.0 1.17936
1650.0 750.0 0.52059
1750.0 750.0 -0.05435
1850.0 750.0 -0.48577
1950.0 750.0 -0.99051
2050.0 750.0 -1.63831
2150.0 750.0 -2.23888
2250.0 750.0 -2.55534
2350.0 750.0 -2.45088
2450.0 750.0 -1.95289
2550.0 750.0 -1.23413
2650.0 750.0 -0.51141
2750.0 750.0 0.12975
2850.0 750.0 0.63762
2950.0 750.0 0.85621
3050.0 750.0 0.76761
3150.0 750.0 0.47160
3250.0 750.0 0.13759
3350.0 750.0 -0.05034
3450.0 750.0 0.04455
3550.0 750.0 0.44278
3650.0 750.0 0.99600
3750.0 750.0 1.66535
3850.0 750.0 2.38675
3950.0 750.0 2.92326
4050.0 750.0 3.06349
4150.0 750.0 2.74321
4250.0 750.0 2.07742
4350.0 750.0 1.30310
4450.0 750.0 0.63242
4550.0 750.0 0.07200
4650.0 750.0 -0.26088
4750.0 750.0 -0.23507
4850.0 750.0 0.09348
4950.0 750.0 0.55457
5050.0 750.0 0.93633
5150.0 750.0 1.05348
5250.0 750.0 0.81128
5350.0 750.0 0.26525
5450.0 750.0 -0.35018
5550.0 750.0 -0.80278
5650.0 750.0 -0.95116
5750.0 750.0 -0.75532
5850.0 750.0 -0.29093
5950.0 750.0 0.27023
6050.0 750.0 0.71387
6150.0 750.0 0.87085
6250.0 750.0 0.73880
6350.0 750.0 0.55112
50.0 850.0 -0.62892
150.0 850.0 -0.83288
250.0 850.0 -1.19145
350.0 850.0 -1.61688
450.0 850.0 -1.92451
550.0 850.0 -1.96323
650.0 850.0 -1.68737
750.0 850.0 -1.16977
850.0 850.0 -0.55619
950.0 850.0 0.03907
1050.0 850.0 0.67028
1150.0 850.0 1.36591
1250.0 850.0 1.94772
1350.0 850.0 2.20870
1450.0 850.0 2.04926
1550.0 850.0 1.53230
1650.0 850.0 0.85724
1750.0 850.0 0.25292
1850.0 850.0 -0.21035
1950.0 850.0 -0.75268
2050.0 850.0 -1.45077
2150.0 850.0 -2.10970
2250.0 850.0 -2.48277
2350.0 850.0 -2.42408
2450.0 850.0 -1.95619
2550.0 850.0 -1.25266
2650.0 850.0 -0.53562
2750.0 850.0 0.10211
2850.0 850.0 0.58635
2950.0 850.0 0.74275
3050.0 850.0 0.56413
3150.0 850.0 0.17482
3250.0 850.0 -0.23067
3350.0 850.0 -0.45168
3450.0 850.0 -0.34819
3550.0 850.0 0.08978
3650.0 850.0 0.69563
3750.0 850.0 1.43942
3850.0 850.0 2.25958
3950.0 850.0 2.89363
4050.0 850.0 3.10043
4150.0 850.0 2.79793
4250.0 850.0 2.10221
4350.0 850.0 1.26795
4450.0 850.0 0.53023
4550.0 850.0 -0.09275
4650.0 850.0 -0.46542
4750.0 850.0 -0.44189
4850.0 850.0 -0.08184
4950.0 850.0 0.42840
5050.0 850.0 0.85501
5150.0 850.0 0.99199
5250.0 850.0 0.73247
5350.0 850.0 0.13611
5450.0 850.0 -0.53762
5550.0 850.0 -1.03442
5650.0 850.0 -1.20621
5750.0 850.0 -1.01597
5850.0 850.0 -0.54874
5950.0 850.0 0.01155
6050.0 850.0 0.43956
6150.0 850.0 0.56027
6250.0 850.0 0.37503
6350.0 850.0 0.12990
50.0 950.0 0.10082
150.0 950.0 -0.11829
250.0 950.0 -0.53030
350.0 950.0 -1.05610
450.0 950.0 -1.49737
550.0 950.0 -1.67756
650.0 950.0 -1.52338
750.0 950.0 -1.08660
850.0 950.0 -0.50643
950.0 950.0 0.08778
1050.0 950.0 0.72418
1150.0 950.0 1.42863
1250.0 950.0 2.02200
1350.0 950.0 2.29457
1450.0 950.0 2.14400
1550.0 950.0 1.63154
1650.0 950.0 0.95654
1750.0 950.0 0.34920
1850.0 950.0 -0.11822
1950.0 950.0 -0.66230
2050.0 950.0 -1.35493
2150.0 950.0 -1.99991
2250.0 950.0 -2.35249
2350.0 950.0 -2.27097
2450.0 950.0 -1.78295
2550.0 950.0 -1.06623
2650.0 950.0 -0.34434
2750.0 950.0 0.29273
2850.0 950.0 0.75658
2950.0 950.0 0.85031
3050.0 950.0 0.56814
3150.0 950.0 0.05244
3250.0 950.0 -0.47674
3350.0 950.0 -0.79428
3450.0 950.0 -0.74475
3550.0 950.0 -0.31926
3650.0 950.0 0.29301
3750.0 950.0 1.04619
3850.0 950.0 1.87785
3950.0 950.0 2.52213
4050.0 950.0 2.73437
4150.0 950.0 2.43081
4250.0 950.0 1.72834
4350.0 950.0 0.88444
4450.0 950.0 0.13721
4550.0 950.0 -0.49262
4650.0 950.0 -0.85296
4750.0 950.0 -0.78588
4850.0 950.0 -0.35478
4950.0 950.0 0.24003
5050.0 950.0 0.74643
5150.0 950.0 0.94158
5250.0 950.0 0.70917
5350.0 950.0 0.11281
5450.0 950.0 -0.57154
5550.0 950.0 -1.09554
5650.0 950.0 -1.31823
5750.0 950.0 -1.19825
5850.0 950.0 -0.80931
5950.0 950.0 -0.32143
6050.0 950.0 0.05207
6150.0 950.0 0.14194
6250.0 950.0 -0.05533
6350.0 950.0 -0.30971
50.0 1050.0 0.72399
150.0 1050.0 0.50532
250.0 1050.0 0.05779
350.0 1050.0 -0.55197
450.0 1050.0 -1.11750
550.0 1050.0 -1.44015
650.0 1050.0 -1.41832
750.0 1050.0 -1.07832
850.0 1050.0 -0.54703
950.0 1050.0 0.03403
1050.0 1050.0 0.66116
1150.0 1050.0 1.35212
1250.0 1050.0 1.93165
1350.0 1050.0 2.19593
1450.0 1050.0 2.04669
1550.0 1050.0 1.54550
1650.0 1050.0 0.88831
1750.0 1050.0 0.30018
1850.0 1050.0 -0.14942
1950.0 1050.0 -0.66894
2050.0 1050.0 -1.31962
2150.0 1050.0 -1.90708
2250.0 1050.0 -2.19588
2350.0 1050.0 -2.05568
2450.0 1050.0 -1.52332
2550.0 1050.0 -0.78090
2650.0 1050.0 -0.04978
2750.0 1050.0 0.58818
2850.0 1050.0 1.03303
2950.0 1050.0 1.06227
3050.0 1050.0 0.66645
3150.0 1050.0 0.00291
3250.0 1050.0 -0.68182
3350.0 1050.0 -1.13318
3450.0 1050.0 -1.17326
3550.0 1050.0 -0.78908
3650.0 1050.0 -0.19493
3750.0 1050.0 0.53937
3850.0 1050.0 1.35288
3950.0 1050.0 1.98541
4050.0 1050.0 2.19663
4150.0 1050.0 1.90317
4250.0 1050.0 1.21796
4350.0 1050.0 0.39198
4450.0 1050.0 -0.34173
4550.0 1050.0 -0.95893
4650.0 1050.0 -1.28718
4750.0 1050.0 -1.15631
4850.0 1050.0 -0.63364
4950.0 1050.0 0.06630
5050.0 1050.0 0.67275
5150.0 1050.0 0.94585
5250.0 1050.0 0.75984
5350.0 1050.0 0.18242
5450.0 1050.0 -0.49453
5550.0 1050.0 -1.03445
5650.0 1050.0 -1.30915
5750.0 1050.0 -1.27445
5850.0 1050.0 -0.98949
5950.0 1050.0 -0.60339
6050.0 1050.0 -0.30881
6150.0 1050.0 -0.26249
6250.0 1050.0 -0.47278
6350.0 1050.0 -0.73425
50.0 1150.0 0.99531
150.0 1150.0 0.80788
250.0 1150.0 0.36612
350.0 1150.0 -0.28221
450.0 1150.0 -0.93560
550.0 1150.0 -1.38372
650.0 1150.0 -1.49949
750.0 1150.0 -1.27826
850.0 1150.0 -0.82398
950.0 1150.0 -0.28239
1050.0 1150.0 0.30238
1150.0 1150.0 0.92852
1250.0 1150.0 1.43742
1350.0 1150.0 1.65287
1450.0 1150.0 1.49698
1550.0 1150.0 1.03521
1650.0 1150.0 0.45021
1750.0 1150.0 -0.05520
1850.0 1150.0 -0.42586
1950.0 1150.0 -0.85311
2050.0 1150.0 -1.38022
2150.0 1150.0 -1.82451
2250.0 1150.0 -1.97495
2350.0 1150.0 -1.72367
2450.0 1150.0 -1.11920
2550.0 1150.0 -0.34143
2650.0 1150.0 0.40173
2750.0 1150.0 1.04417
2850.0 1150.0 1.47806
2950.0 1150.0 1.45257
3050.0 1150.0 0.94208
3150.0 1150.0 0.10747
3250.0 1150.0 -0.78169
3350.0 1150.0 -1.43480
3450.0 1150.0 -1.63791
3550.0 1150.0 -1.36132
3650.0 1150.0 -0.84508
3750.0 1150.0 -0.19214
3850.0 1150.0 0.54823
3950.0 1150.0 1.14083
4050.0 1150.0 1.36248
4150.0 1150.0 1.12861
4250.0 1150.0 0.53173
4350.0 1150.0 -0.20791
4450.0 1150.0 -0.87959
4550.0 1150.0 -1.44756
4650.0 1150.0 -1.71051
4750.0 1150.0 -1.48772
4850.0 1150.0 -0.84975
4950.0 1150.0 -0.02306
5050.0 1150.0 0.70597
5150.0 1150.0 1.08315
5250.0 1150.0 0.97476
5350.0 1150.0 0.45188
5450.0 1150.0 -0.18059
5550.0 1150.0 -0.70177
5650.0 1150.0 -1.00661
5750.0 1150.0 -1.05828
5850.0 1150.0 -0.90446
5950.0 1150.0 -0.66673
6050.0 1150.0 -0.50272
6150.0 1150.0 -0.54109
6250.0 1150.0 -0.78918
6350.0 1150.0 -1.07716
50.0 1250.0 0.84089
150.0 1250.0 0.72217
250.0 1250.0 0.34338
350.0 1250.0 -0.27206
450.0 1250.0 -0.94502
550.0 1250.0 -1.47048
650.0 1250.0 -1.70486
750.0 1250.0 -1.61059
850.0 1250.0 -1.25823
950.0 1250.0 -0.78570
1050.0 1250.0 -0.28187
1150.0 1250.0 0.21946
1250.0 1250.0 0.59122
1350.0 1250.0 0.71006
1450.0 1250.0 0.53761
1550.0 1250.0 0.14747
1650.0 1250.0 -0.30236
1750.0 1250.0 -0.65128
1850.0 1250.0 -0.87196
1950.0 1250.0 -1.13415
2050.0 1250.0 -1.46508
2150.0 1250.0 -1.70642
2250.0 1250.0 -1.68312
2350.0 1250.0 -1.31284
2450.0 1250.0 -0.64823
2550.0 1250.0 0.14821
2650.0 1250.0 0.89640
2750.0 1250.0 1.54716
2850.0 1250.0 1.98919
2950.0 1250.0 1.95101
3050.0 1250.0 1.37633
3150.0 1250.0 0.40791
3250.0 1250.0 -0.67808
3350.0 1250.0 -1.55997
3450.0 1250.0 -1.98043
3550.0 1250.0 -1.87851
3650.0 1250.0 -1.50950
3750.0 1250.0 -1.01197
3850.0 1250.0 -0.41234
3950.0 1250.0 0.10172
4050.0 1250.0 0.34018
4150.0 1250.0 0.21674
4250.0 1250.0 -0.21437
4350.0 1250.0 -0.79101
4450.0 1250.0 -1.34503
4550.0 1250.0 -1.82224
4650.0 1250.0 -1.99273
4750.0 1250.0 -1.67382
4850.0 1250.0 -0.93640
4950.0 1250.0 -0.00850
5050.0 1250.0 0.82136
5150.0 1250.0 1.29697
5250.0 1250.0 1.28337
5350.0 1250.0 0.85205
5450.0 1250.0 0.30845
5550.0 1250.0 -0.14418
5650.0 1250.0 -0.43235
5750.0 1250.0 -0.54060
5850.0 1250.0 -0.51435
5950.0 1250.0 -0.44688
6050.0 1250.0 -0.45019
6150.0 1250.0 -0.60957
6250.0 1250.0 -0.92213
6350.0 1250.0 -1.26023
50.0 1350.0 0.36418
150.0 1350.0 0.34279
250.0 1350.0 0.07911
350.0 1350.0 -0.42906
450.0 1350.0 -1.04024
550.0 1350.0 -1.57293
650.0 1350.0 -1.88043
750.0 1350.0 -1.89684
850.0 1350.0 -1.65410
950.0 1350.0 -1.27025
1050.0 1350.0 -0.87475
1150.0 1350.0 -0.54103
1250.0 1350.0 -0.35411
1350.0 1350.0 -0.36649
1450.0 1350.0 -0.56330
1550.0 1350.0 -0.85966
1650.0 1350.0 -1.13015
1750.0 1350.0 -1.27048
1850.0 1350.0 -1.29094
1950.0 1350.0 -1.34421
2050.0 1350.0 -1.45595
2150.0 1350.0 -1.50278
2250.0 1350.0 -1.34612
2350.0 1350.0 -0.91875
2450.0 1350.0 -0.25878
2550.0 1350.0 0.50898
2650.0 1350.0 1.24415
2750.0 1350.0 1.90552
2850.0 1350.0 2.38159
2950.0 1350.0 2.39956
3050.0 1350.0 1.86217
3150.0 1350.0 0.86820
3250.0 1350.0 -0.32727
3350.0 1350.0 -1.39090
3450.0 1350.0 -2.02755
3550.0 1350.0 -2.13501
3650.0 1350.0 -1.96198
3750.0 1350.0 -1.67399
3850.0 1350.0 -1.26764
3950.0 1350.0 -0.86682
4050.0 1350.0 -0.61589
4150.0 1350.0 -0.60148
4250.0 1350.0 -0.81866
4350.0 1350.0 -1.18180
4450.0 1350.0 -1.57977
4550.0 1350.0 -1.93815
4650.0 1350.0 -2.01161
4750.0 1350.0 -1.62990
4850.0 1350.0 -0.85953
4950.0 1350.0 0.08698
5050.0 1350.0 0.94126
5150.0 1350.0 1.46534
5250.0 1350.0 1.53434
5350.0 1350.0 1.21516
5450.0 1350.0 0.79343
5550.0 1350.0 0.45673
5650.0 1350.0 0.24556
5750.0 1350.0 0.14138
5850.0 1350.0 0.08733
5950.0 1350.0 0.01012
6050.0 1350.0 -0.15674
6150.0 1350.0 -0.44815
6250.0 1350.0 -0.84138
6350.0 1350.0 -1.24755
50.0 1450.0 -0.22086
150.0 1450.0 -0.13495
250.0 1450.0 -0.25422
350.0 1450.0 -0.60311
450.0 1450.0 -1.08566
550.0 1450.0 -1.55711
650.0 1450.0 -1.88109
750.0 1450.0 -1.97271
850.0 1450.0 -1.82732
950.0 1450.0 -1.53503
1050.0 1450.0 -1.25469
1150.0 1450.0 -1.09949
1250.0 1450.0 -1.10990
1350.0 1450.0 -1.26303
1450.0 1450.0 -1.48725
1550.0 1450.0 -1.68536
1650.0 1450.0 -1.76631
1750.0 1450.0 -1.68552
1850.0 1450.0 -1.49359
1950.0 1450.0 -1.33817
2050.0 1450.0 -1.26559
2150.0 1450.0 -1.19224
2250.0 1450.0 -1.00527
2350.0 1450.0 -0.63205
2450.0 1450.0 -0.07275
2550.0 1450.0 0.60416
2650.0 1450.0 1.30331
2750.0 1450.0 1.97523
2850.0 1450.0 2.50928
2950.0 1450.0 2.65583
3050.0 1450.0 2.27414
3150.0 1450.0 1.39759
3250.0 1450.0 0.23077
3350.0 1450.0 -0.90887
3450.0 1450.0 -1.70503
3550.0 1450.0 -2.01212
3650.0 1450.0 -2.04653
3750.0 1450.0 -1.98372
3850.0 1450.0 -1.79008
3950.0 1450.0 -1.52146
4050.0 1450.0 -1.27173
4150.0 1450.0 -1.12501
4250.0 1450.0 -1.12603
4350.0 1450.0 -1.26867
4450.0 1450.0 -1.50269
4550.0 1450.0 -1.73730
4650.0 1450.0 -1.73346
4750.0 1450.0 -1.34880
4850.0 1450.0 -0.64043
4950.0 1450.0 0.21266
5050.0 1450.0 0.98578
5150.0 1450.0 1.48076
5250.0 1450.0 1.59466
5350.0 1450.0 1.38465
5450.0 1450.0 1.09510
5550.0 1450.0 0.90313
5650.0 1450.0 0.82240
5750.0 1450.0 0.79342
5850.0 1450.0 0.73433
5950.0 1450.0 0.57720
6050.0 1450.0 0.29009
6150.0 1450.0 -0.11510
6250.0 1450.0 -0.58907
6350.0 1450.0 -1.06950
50.0 1550.0 -0.66357
150.0 1550.0 -0.48245
250.0 1550.0 -0.46154
350.0 1550.0 -0.64084
450.0 1550.0 -0.96762
550.0 1550.0 -1.33710
650.0 1550.0 -1.63155
750.0 1550.0 -1.75770
850.0 1550.0 -1.68250
950.0 1550.0 -1.46720
1050.0 1550.0 -1.28609
1150.0 1550.0 -1.28496
1250.0 1550.0 -1.46598
1350.0 1550.0 -1.74125
1450.0 1550.0 -1.99008
1550.0 1550.0 -2.10447
1650.0 1550.0 -2.02282
1750.0 1550.0 -1.75190
1850.0 1550.0 -1.37732
1950.0 1550.0 -1.05646
2050.0 1550.0 -0.87773
2150.0 1550.0 -0.79469
2250.0 1550.0 -0.70245
2350.0 1550.0 -0.50049
2450.0 1550.0 -0.13182
2550.0 1550.0 0.40131
2650.0 1550.0 1.04531
2750.0 1550.0 1.72546
2850.0 1550.0 2.33041
2950.0 1550.0 2.65384
3050.0 1550.0 2.51766
3150.0 1550.0 1.88095
3250.0 1550.0 0.87786
3350.0 1550.0 -0.21495
3450.0 1550.0 -1.08122
3550.0 1550.0 -1.53842
3650.0 1550.0 -1.75084
3750.0 1550.0 -1.88524
3850.0 1550.0 -1.88395
3950.0 1550.0 -1.74387
4050.0 1550.0 -1.51292
4150.0 1550.0 -1.26957
4250.0 1550.0 -1.09795
4350.0 1550.0 -1.05838
4450.0 1550.0 -1.15336
4550.0 1550.0 -1.28375
4650.0 1550.0 -1.23863
4750.0 1550.0 -0.91395
4850.0 1550.0 -0.35417
4950.0 1550.0 0.30740
5050.0 1550.0 0.90554
5150.0 1550.0 1.29636
5250.0 1550.0 1.40694
5350.0 1550.0 1.28120
5450.0 1550.0 1.10797
5550.0 1550.0 1.06037
5650.0 1550.0 1.13638
5750.0 1550.0 1.23687
5850.0 1550.0 1.24669
5950.0 1550.0 1.08804
6050.0 1550.0 0.74615
6150.0 1550.0 0.26711
6250.0 1550.0 -0.27192
6350.0 1550.0 -0.81890
50.0 1650.0 -0.75731
150.0 1650.0 -0.51141
250.0 1650.0 -0.38773
350.0 1650.0 -0.43432
450.0 1650.0 -0.62952
550.0 1650.0 -0.90036
650.0 1650.0 -1.14758
750.0 1650.0 -1.27745
850.0 1650.0 -1.24006
950.0 1650.0 -1.07452
1050.0 1650.0 -0.95908
1150.0 1650.0 -1.06007
1250.0 1650.0 -1.35433
1350.0 1650.0 -1.71090
1450.0 1650.0 -1.97654
1550.0 1650.0 -2.03601
1650.0 1650.0 -1.84710
1750.0 1650.0 -1.45055
1850.0 1650.0 -0.95536
1950.0 1650.0 -0.54074
2050.0 1650.0 -0.34965
2150.0 1650.0 -0.36340
2250.0 1650.0 -0.46685
2350.0 1650.0 -0.51537
2450.0 1650.0 -0.38725
2550.0 1650.0 -0.02142
2650.0 1650.0 0.55955
2750.0 1650.0 1.24412
2850.0 1650.0 1.91658
2950.0 1650.0 2.42206
3050.0 1650.0 2.55780
3150.0 1650.0 2.21613
3250.0 1650.0 1.45800
3350.0 1650.0 0.50649
3450.0 1650.0 -0.34009
3550.0 1650.0 -0.87520
3650.0 1650.0 -1.20485
3750.0 1650.0 -1.47371
3850.0 1650.0 -1.61077
3950.0 1650.0 -1.57348
4050.0 1650.0 -1.37634
4150.0 1650.0 -1.08989
4250.0 1650.0 -0.82033
4350.0 1650.0 -0.66942
4450.0 1650.0 -0.67499
4550.0 1650.0 -0.73881
4650.0 1650.0 -0.69177
4750.0 1650.0 -0.46963
4850.0 1650.0 -0.10384
4950.0 1650.0 0.31936
5050.0 1650.0 0.69610
5150.0 1650.0 0.93853
5250.0 1650.0 1.00469
5350.0 1650.0 0.92493
5450.0 1650.0 0.83100
5550.0 1650.0 0.89728
5650.0 1650.0 1.11834
5750.0 1650.0 1.36469
5850.0 1650.0 1.48823
5950.0 1650.0 1.39119
6050.0 1650.0 1.05842
6150.0 1650.0 0.55297
6250.0 1650.0 -0.02495
6350.0 1650.0 -0.61924
50.0 1750.0 -0.42718
150.0 1750.0 -0.15377
250.0 1750.0 0.01735
350.0 1750.0 0.03599
450.0 1750.0 -0.09024
550.0 1750.0 -0.30422
650.0 1750.0 -0.51752
750.0 1750.0 -0.63884
850.0 1750.0 -0.61243
950.0 1750.0 -0.46668
1050.0 1750.0 -0.37819
1150.0 1750.0 -0.52111
1250.0 1750.0 -0.86189
1350.0 1750.0 -1.25190
1450.0 1750.0 -1.52456
1550.0 1750.0 -1.56159
1650.0 1750.0 -1.32875
1750.0 1750.0 -0.88069
1850.0 1750.0 -0.33627
1950.0 1750.0 0.09762
2050.0 1750.0 0.22297
2150.0 1750.0 0.04316
2250.0 1750.0 -0.30337
2350.0 1750.0 -0.62257
2450.0 1750.0 -0.73321
2550.0 1750.0 -0.52436
2650.0 1750.0 -0.00176
2750.0 1750.0 0.68329
2850.0 1750.0 1.40634
2950.0 1750.0 2.05871
3050.0 1750.0 2.42762
3150.0 1750.0 2.35837
3250.0 1750.0 1.85246
3350.0 1750.0 1.08141
3450.0 1750.0 0.31627
3550.0 1750.0 -0.22704
3650.0 1750.0 -0.60424
3750.0 1750.0 -0.93350
3850.0 1750.0 -1.14183
3950.0 1750.0 -1.16990
4050.0 1750.0 -1.01457
4150.0 1750.0 -0.73767
4250.0 1750.0 -0.44916
4350.0 1750.0 -0.26459
4450.0 1750.0 -0.23682
4550.0 1750.0 -0.27602
4650.0 1750.0 -0.25699
4750.0 1750.0 -0.14821
4850.0 1750.0 0.02949
4950.0 1750.0 0.22826
5050.0 1750.0 0.39438
5150.0 1750.0 0.48576
5250.0 1750.0 0.48585
5350.0 1750.0 0.41387
5450.0 1750.0 0.35494
5550.0 1750.0 0.48724
5650.0 1750.0 0.81125
5750.0 1750.0 1.18072
5850.0 1750.0 1.42252
5950.0 1750.0 1.41655
6050.0 1750.0 1.13518
6150.0 1750.0 0.64247
6250.0 1750.0 0.05298
6350.0 1750.0 -0.56516
50.0 1850.0 0.17888
150.0 1850.0 0.45546
250.0 1850.0 0.63450
350.0 1850.0 0.66636
450.0 1850.0 0.55639
550.0 1850.0 0.35836
650.0 1850.0 0.15753
750.0 1850.0 0.04328
850.0 1850.0 0.07129
950.0 1850.0 0.21526
1050.0 1850.0 0.30095
1150.0 1850.0 0.15401
1250.0 1850.0 -0.19098
1350.0 1850.0 -0.58381
1450.0 1850.0 -0.85671
1550.0 1850.0 -0.89129
1650.0 1850.0 -0.65415
1750.0 1850.0 -0.20130
1850.0 1850.0 0.34719
1950.0 1850.0 0.75637
2050.0 1850.0 0.77830
2150.0 1850.0 0.40959
2250.0 1850.0 -0.18297
2350.0 1850.0 -0.75772
2450.0 1850.0 -1.08271
2550.0 1850.0 -1.00963
2650.0 1850.0 -0.53705
2750.0 1850.0 0.14616
2850.0 1850.0 0.90397
2950.0 1850.0 1.66489
3050.0 1850.0 2.21529
3150.0 1850.0 2.37038
3250.0 1850.0 2.08740
3350.0 1850.0 1.49420
3450.0 1850.0 0.83311
3550.0 1850.0 0.32032
3650.0 1850.0 -0.06056
3750.0 1850.0 -0.40287
3850.0 1850.0 -0.63844
3950.0 1850.0 -0.70551
4050.0 1850.0 -0.59363
4150.0 1850.0 -0.35603
4250.0 1850.0 -0.09560
4350.0 1850.0 0.07539
4450.0 1850.0 0.10186
4550.0 1850.0 0.06168
4650.0 1850.0 0.04016
4750.0 1850.0 0.04398
4850.0 1850.0 0.06028
4950.0 1850.0 0.07018
5050.0 1850.0 0.05779
5150.0 1850.0 0.01560
5250.0 1850.0 -0.05379
5350.0 1850.0 -0.13946
5450.0 1850.0 -0.19170
5550.0 1850.0 -0.02836
5650.0 1850.0 0.36082
5750.0 1850.0 0.82243
5850.0 1850.0 1.16640
5950.0 1850.0 1.25253
6050.0 1850.0 1.03645
6150.0 1850.0 0.57478
6250.0 1850.0 -0.01029
6350.0 1850.0 -0.63700
50.0 1950.0 0.89343
150.0 1950.0 1.16259
250.0 1950.0 1.34356
350.0 1950.0 1.38746
450.0 1950.0 1.29491
550.0 1950.0 1.11295
650.0 1950.0 0.92082
750.0 1950.0 0.80447
850.0 1950.0 0.81987
950.0 1950.0 0.94496
1050.0 1950.0 1.01540
1150.0 1950.0 0.86790
1250.0 1950.0 0.53754
1350.0 1950.0 0.16770
1450.0 1950.0 -0.08359
1550.0 1950.0 -0.10693
1650.0 1950.0 0.12561
1750.0 1950.0 0.55817
1850.0 1950.0 1.07715
1950.0 1950.0 1.42928
2050.0 1950.0 1.32455
2150.0 1950.0 0.75954
2250.0 1950.0 -0.06844
2350.0 1950.0 -0.87414
2450.0 1950.0 -1.38426
2550.0 1950.0 -1.42453
2650.0 1950.0 -0.99391
2750.0 1950.0 -0.31508
2850.0 1950.0 0.46456
2950.0 1950.0 1.30321
3050.0 1950.0 1.99194
3150.0 1950.0 2.32775
3250.0 1950.0 2.23540
3350.0 1950.0 1.80640
3450.0 1950.0 1.25525
3550.0 1950.0 0.79291
3650.0 1950.0 0.43282
3750.0 1950.0 0.09677
3850.0 1950.0 -0.15852
3950.0 1950.0 -0.27066
4050.0 1950.0 -0.21909
4150.0 1950.0 -0.04184
4250.0 1950.0 0.17357
4350.0 1950.0 0.32511
4450.0 1950.0 0.35709
4550.0 1950.0 0.32867
4650.0 1950.0 0.28481
4750.0 1950.0 0.21039
4850.0 1950.0 0.09910
4950.0 1950.0 -0.04306
5050.0 1950.0 -0.19917
5150.0 1950.0 -0.34654
5250.0 1950.0 -0.46553
5350.0 1950.0 -0.55221
5450.0 1950.0 -0.58898
5550.0 1950.0 -0.39857
5650.0 1950.0 0.03237
5750.0 1950.0 0.54523
5850.0 1950.0 0.94106
5950.0 1950.0 1.07089
6050.0 1950.0 0.88446
6150.0 1950.0 0.43733
6250.0 1950.0 -0.14362
6350.0 1950.0 -0.77506
50.0 2050.0 1.69167
150.0 2050.0 1.93200
250.0 2050.0 2.11182
350.0 2050.0 2.18326
450.0 2050.0 2.13152
550.0 2050.0 1.98322
650.0 2050.0 1.80042
750.0 2050.0 1.66061
850.0 2050.0 1.62235
950.0 2050.0 1.67680
1050.0 2050.0 1.69089
1150.0 2050.0 1.54086
1250.0 2050.0 1.26363
1350.0 2050.0 0.97748
1450.0 2050.0 0.80471
1550.0 2050.0 0.82175
1650.0 2050.0 1.03664
1750.0 2050.0 1.39402
1850.0 2050.0 1.80509
1950.0 2050.0 2.02773
2050.0 2050.0 1.75470
2150.0 2050.0 0.99904
2250.0 2050.0 -0.00988
2350.0 2050.0 -0.95839
2450.0 2050.0 -1.55987
2550.0 2050.0 -1.64514
2650.0 2050.0 -1.23208
2750.0 2050.0 -0.56361
2850.0 2050.0 0.20617
2950.0 2050.0 1.04627
3050.0 2050.0 1.76491
3150.0 2050.0 2.16934
3250.0 2050.0 2.18085
3350.0 2050.0 1.87375
3450.0 2050.0 1.43845
3550.0 2050.0 1.06842
3650.0 2050.0 0.78311
3750.0 2050.0 0.49334
3850.0 2050.0 0.22948
3950.0 2050.0 0.05351
4050.0 2050.0 0.00603
4150.0 2050.0 0.08085
4250.0 2050.0 0.22394
4350.0 2050.0 0.35675
4450.0 2050.0 0.42383
4550.0 2050.0 0.44927
4650.0 2050.0 0.43469
4750.0 2050.0 0.34816
4850.0 2050.0 0.18717
4950.0 2050.0 -0.02466
5050.0 2050.0 -0.24626
5150.0 2050.0 -0.43188
5250.0 2050.0 -0.54820
5350.0 2050.0 -0.59559
5450.0 2050.0 -0.58412
5550.0 2050.0 -0.36295
5650.0 2050.0 0.06656
5750.0 2050.0 0.54208
5850.0 2050.0 0.87304
5950.0 2050.0 0.92867
6050.0 2050.0 0.68108
6150.0 2050.0 0.20321
6250.0 2050.0 -0.37814
6350.0 2050.0 -1.00706
50.0 2150.0 2.35134
150.0 2150.0 2.54008
250.0 2150.0 2.71705
350.0 2150.0 2.83595
450.0 2150.0 2.85474
550.0 2150.0 2.76396
650.0 2150.0 2.59557
750.0 2150.0 2.41233
850.0 2150.0 2.27764
950.0 2150.0 2.20595
1050.0 2150.0 2.11935
1150.0 2150.0 1.96421
1250.0 2150.0 1.78066
1350.0 2150.0 1.64232
1450.0 2150.0 1.60807
1550.0 2150.0 1.69579
1650.0 2150.0 1.87828
1750.0 2150.0 2.10115
1850.0 2150.0 2.31999
1950.0 2150.0 2.34124
2050.0 2150.0 1.87734
2150.0 2150.0 0.97672
2250.0 2150.0 -0.10341
2350.0 2150.0 -1.04724
2450.0 2150.0 -1.59526
2550.0 2150.0 -1.62429
2650.0 2150.0 -1.19232
2750.0 2150.0 -0.54010
2850.0 2150.0 0.18234
2950.0 2150.0 0.93116
3050.0 2150.0 1.54513
3150.0 2150.0 1.87524
3250.0 2150.0 1.87486
3350.0 2150.0 1.62609
3450.0 2150.0 1.30216
3550.0 2150.0 1.06600
3650.0 2150.0 0.91354
3750.0 2150.0 0.71554
3850.0 2150.0 0.46182
3950.0 2150.0 0.21257
4050.0 2150.0 0.03729
4150.0 2150.0 -0.02300
4250.0 2150.0 0.02823
4350.0 2150.0 0.14863
4450.0 2150.0 0.28420
4550.0 2150.0 0.40868
4650.0 2150.0 0.47760
4750.0 2150.0 0.44682
4850.0 2150.0 0.31493
4950.0 2150.0 0.11619
5050.0 2150.0 -0.09225
5150.0 2150.0 -0.24828
5250.0 2150.0 -0.30788
5350.0 2150.0 -0.27316
5450.0 2150.0 -0.17739
5550.0 2150.0 0.08457
5650.0 2150.0 0.47980
5750.0 2150.0 0.84251
5850.0 2150.0 1.00545
5950.0 2150.0 0.88069
6050.0 2150.0 0.48918
6150.0 2150.0 -0.06072
6250.0 2150.0 -0.64599
6350.0 2150.0 -1.26230
50.0 2250.0 2.63230
150.0 2250.0 2.75487
250.0 2250.0 2.92987
350.0 2250.0 3.11342
450.0 2250.0 3.22794
550.0 2250.0 3.21659
650.0 2250.0 3.07149
750.0 2250.0 2.83554
850.0 2250.0 2.57803
950.0 2250.0 2.34400
1050.0 2250.0 2.12745
1150.0 2250.0 1.96493
1250.0 2250.0 1.90059
1350.0 2250.0 1.95072
1450.0 2250.0 2.09282
1550.0 2250.0 2.26977
1650.0 2250.0 2.40927
1750.0 2250.0 2.45830
1850.0 2250.0 2.42962
1950.0 2250.0 2.20982
2050.0 2250.0 1.56817
2150.0 2250.0 0.60252
2250.0 2250.0 -0.41251
2350.0 2250.0 -1.18846
2450.0 2250.0 -1.53259
2550.0 2250.0 -1.40399
2650.0 2250.0 -0.91633
2750.0 2250.0 -0.28356
2850.0 2250.0 0.36268
2950.0 2250.0 0.94591
3050.0 2250.0 1.34423
3150.0 2250.0 1.47801
3250.0 2250.0 1.36156
3350.0 2250.0 1.10660
3450.0 2250.0 0.87747
3550.0 2250.0 0.79805
3650.0 2250.0 0.81663
3750.0 2250.0 0.74332
3850.0 2250.0 0.52048
3950.0 2250.0 0.20527
4050.0 2250.0 -0.10042
4150.0 2250.0 -0.30144
4250.0 2250.0 -0.34253
4350.0 2250.0 -0.22339
4450.0 2250.0 0.00453
4550.0 2250.0 0.25761
4650.0 2250.0 0.44396
4750.0 2250.0 0.50936
4850.0 2250.0 0.45199
4950.0 2250.0 0.31336
5050.0 2250.0 0.16278
5150.0 2250.0 0.07564
5250.0 2250.0 0.10548
5350.0 2250.0 0.24979
5450.0 2250.0 0.45453
5550.0 2250.0 0.77147
5650.0 2250.0 1.12802
5750.0 2250.0 1.35332
5850.0 2250.0 1.30877
5950.0 2250.0 0.95982
6050.0 2250.0 0.38886
6150.0 2250.0 -0.25091
6250.0 2250.0 -0.84067
6350.0 2250.0 -1.43487
50.0 2350.0 2.42701
150.0 2350.0 2.48190
250.0 2350.0 2.65808
350.0 2350.0 2.91488
450.0 2350.0 3.13724
550.0 2350.0 3.21778
650.0 2350.0 3.10552
750.0 2350.0 2.82131
850.0 2350.0 2.43989
950.0 2350.0 2.03878
1050.0 2350.0 1.68800
1150.0 2350.0 1.51690
1250.0 2350.0 1.57369
1350.0 2350.0 1.81578
1450.0 2350.0 2.13718
1550.0 2350.0 2.40395
1650.0 2350.0 2.49764
1750.0 2350.0 2.36676
1850.0 2350.0 2.08289
1950.0 2350.0 1.62789
2050.0 2350.0 0.85243
2150.0 2350.0 -0.09195
2250.0 2350.0 -0.92596
2350.0 2350.0 -1.41132
2450.0 2350.0 -1.44718
2550.0 2350.0 -1.09422
2650.0 2350.0 -0.52638
2750.0 2350.0 0.08751
2850.0 2350.0 0.64710
2950.0 2350.0 1.03412
3050.0 2350.0 1.16723
3150.0 2350.0 1.04523
3250.0 2350.0 0.75565
3350.0 2350.0 0.45120
3450.0 2350.0 0.29405
3550.0 2350.0 0.36793
3650.0 2350.0 0.56293
3750.0 2350.0 0.62353
3850.0 2350.0 0.44722
3950.0 2350.0 0.08742
4050.0 2350.0 -0.32455
4150.0 2350.0 -0.64323
4250.0 2350.0 -0.75810
4350.0 2350.0 -0.62812
4450.0 2350.0 -0.30157
4550.0 2350.0 0.08407
4650.0 2350.0 0.39008
4750.0 2350.0 0.55110
4850.0 2350.0 0.56515
4950.0 2350.0 0.48214
5050.0 2350.0 0.38520
5150.0 2350.0 0.36459
5250.0 2350.0 0.48428
5350.0 2350.0 0.74107
5450.0 2350.0 1.05971
5550.0 2350.0 1.44512
5650.0 2350.0 1.78818
5750.0 2350.0 1.91021
5850.0 2350.0 1.69516
5950.0 2350.0 1.15497
6050.0 2350.0 0.42789
6150.0 2350.0 -0.29025
6250.0 2350.0 -0.88198
6350.0 2350.0 -1.44839
50.0 2450.0 1.81696
150.0 2450.0 1.81618
250.0 2450.0 1.99769
350.0 2450.0 2.32450
450.0 2450.0 2.64921
550.0 2450.0 2.81994
650.0 2450.0 2.74711
750.0 2450.0 2.43095
850.0 2450.0 1.94990
950.0 2450.0 1.40992
1050.0 2450.0 0.94692
1150.0 2450.0 0.76759
1250.0 2450.0 0.92337
1350.0 2450.0 1.32283
1450.0 2450.0 1.79089
1550.0 2450.0 2.13007
1650.0 2450.0 2.18388
1750.0 2450.0 1.90224
1850.0 2450.0 1.40555
1950.0 2450.0 0.76389
2050.0 2450.0 -0.08797
2150.0 2450.0 -0.95177
2250.0 2450.0 -1.55380
2350.0 2450.0 -1.71322
2450.0 2450.0 -1.42225
2550.0 2450.0 -0.83818
2650.0 2450.0 -0.18730
2750.0 2450.0 0.41180
2850.0 2450.0 0.89652
2950.0 2450.0 1.11171
3050.0 2450.0 1.00985
3150.0 2450.0 0.65738
3250.0 2450.0 0.20626
3350.0 2450.0 -0.15330
3450.0 2450.0 -0.25870
3550.0 2450.0 -0.05961
3650.0 2450.0 0.28273
3750.0 2450.0 0.45948
3850.0 2450.0 0.33424
3950.0 2450.0 -0.04315
4050.0 2450.0 -0.52015
4150.0 2450.0 -0.91397
4250.0 2450.0 -1.07245
4350.0 2450.0 -0.92328
4450.0 2450.0 -0.51163
4550.0 2450.0 -0.01630
4650.0 2450.0 0.37945
4750.0 2450.0 0.59523
4850.0 2450.0 0.63080
4950.0 2450.0 0.54979
5050.0 2450.0 0.45559
5150.0 2450.0 0.45886
5250.0 2450.0 0.63670
5350.0 2450.0 0.98344
5450.0 2450.0 1.39954
5550.0 2450.0 1.86095
5650.0 2450.0 2.23525
5750.0 2450.0 2.33303
5850.0 2450.0 2.04578
5950.0 2450.0 1.41038
6050.0 2450.0 0.59968
6150.0 2450.0 -0.16079
6250.0 2450.0 -0.74989
6350.0 2450.0 -1.28882
50.0 2550.0 1.03507
150.0 2550.0 1.00017
250.0 2550.0 1.19072
350.0 2550.0 1.57328
450.0 2550.0 1.97862
550.0 2550.0 2.22383
650.0 2550.0 2.19147
750.0 2550.0 1.86595
850.0 2550.0 1.32693
950.0 2550.0 0.70002
1050.0 2550.0 0.16595
1150.0 2550.0 -0.01980
1250.0 2550.0 0.19605
1350.0 2550.0 0.69161
1450.0 2550.0 1.24882
1550.0 2550.0 1.63078
1650.0 2550.0 1.65752
1750.0 2550.0 1.28001
1850.0 2550.0 0.64908
1950.0 2550.0 -0.10432
2050.0 2550.0 -0.98232
2150.0 2550.0 -1.75594
2250.0 2550.0 -2.16092
2350.0 2550.0 -2.06246
2450.0 2550.0 -1.52171
2550.0 2550.0 -0.76434
2650.0 2550.0 -0.05095
2750.0 2550.0 0.53955
2850.0 2550.0 0.97986
2950.0 2550.0 1.09557
3050.0 2550.0 0.86047
3150.0 2550.0 0.38128
3250.0 2550.0 -0.15306
3350.0 2550.0 -0.53230
3450.0 2550.0 -0.59602
3550.0 2550.0 -0.31504
3650.0 2550.0 0.12056
3750.0 2550.0 0.37427
3850.0 2550.0 0.29154
3950.0 2550.0 -0.08051
4050.0 2550.0 -0.57874
4150.0 2550.0 -1.00069
4250.0 2550.0 -1.17164
4350.0 2550.0 -1.00186
4450.0 2550.0 -0.53418
4550.0 2550.0 0.02863
4650.0 2550.0 0.46186
4750.0 2550.0 0.66486
4850.0 2550.0 0.64197
4950.0 2550.0 0.47815
5050.0 2550.0 0.30615
5150.0 2550.0 0.26464
5250.0 2550.0 0.44739
5350.0 2550.0 0.84352
5450.0 2550.0 1.32451
5550.0 2550.0 1.86056
5650.0 2550.0 2.31464
5750.0 2550.0 2.48457
5850.0 2550.0 2.25075
5950.0 2550.0 1.64624
6050.0 2550.0 0.84866
6150.0 2550.0 0.09408
6250.0 2550.0 -0.48733
6350.0 2550.0 -1.00517
50.0 2650.0 0.33404
150.0 2650.0 0.28799
250.0 2650.0 0.48970
350.0 2650.0 0.90880
450.0 2650.0 1.36607
550.0 2650.0 1.66300
650.0 2650.0 1.66714
750.0 2650.0 1.35311
850.0 2650.0 0.79949
950.0 2650.0 0.14151
1050.0 2650.0 -0.41906
1150.0 2650.0 -0.60877
1250.0 2650.0 -0.37385
1350.0 2650.0 0.15302
1450.0 2650.0 0.73873
1550.0 2650.0 1.13273
1650.0 2650.0 1.14707
1750.0 2650.0 0.73328
1850.0 2650.0 0.05291
1950.0 2650.0 -0.73839
2050.0 2650.0 -1.61413
2150.0 2650.0 -2.33339
2250.0 2650.0 -2.63859
2350.0 2650.0 -2.41710
2450.0 2650.0 -1.76097
2550.0 2650.0 -0.92504
2650.0 2650.0 -0.18320
2750.0 2650.0 0.40475
2850.0 2650.0 0.83749
2950.0 2650.0 0.94424
3050.0 2650.0 0.70667
3150.0 2650.0 0.23880
3250.0 2650.0 -0.26809
3350.0 2650.0 -0.60769
3450.0 2650.0 -0.62801
3550.0 2650.0 -0.30781
3650.0 2650.0 0.16262
3750.0 2650.0 0.44819
3850.0 2650.0 0.39087
3950.0 2650.0 0.03639
4050.0 2650.0 -0.45085
4150.0 2650.0 -0.86483
4250.0 2650.0 -1.02608
4350.0 2650.0 -0.84064
4450.0 2650.0 -0.35010
4550.0 2650.0 0.23470
4650.0 2650.0 0.65056
4750.0 2650.0 0.77170
4850.0 2650.0 0.60983
4950.0 2650.0 0.27846
5050.0 2650.0 -0.05184
5150.0 2650.0 -0.20743
5250.0 2650.0 -0.07469
5350.0 2650.0 0.32762
5450.0 2650.0 0.83746
5550.0 2650.0 1.43961
5650.0 2650.0 2.00997
5750.0 2650.0 2.33303
5850.0 2650.0 2.26212
5950.0 2650.0 1.80058
6050.0 2650.0 1.10318
6150.0 2650.0 0.39792
6250.0 2650.0 -0.17193
6350.0 2650.0 -0.67822
50.0 2750.0 -0.23741
150.0 2750.0 -0.28244
250.0 2750.0 -0.06964
350.0 2750.0 0.37339
450.0 2750.0 0.86437
550.0 2750.0 1.19828
650.0 2750.0 1.23514
750.0 2750.0 0.94339
850.0 2750.0 0.39918
950.0 2750.0 -0.25849
1050.0 2750.0 -0.82008
1150.0 2750.0 -1.01061
1250.0 2750.0 -0.77663
1350.0 2750.0 -0.25124
1450.0 2750.0 0.33220
1550.0 2750.0 0.72322
1650.0 2750.0 0.73420
1750.0 2750.0 0.31708
1850.0 2750.0 -0.36636
1950.0 2750.0 -1.15744
2050.0 2750.0 -2.02387
2150.0 2750.0 -2.72360
2250.0 2750.0 -3.00205
2350.0 2750.0 -2.75200
2450.0 2750.0 -2.07158
2550.0 2750.0 -1.22031
2650.0 2750.0 -0.47330
2750.0 2750.0 0.11457
2850.0 2750.0 0.56049
2950.0 2750.0 0.71119
3050.0 2750.0 0.54893
3150.0 2750.0 0.17600
3250.0 2750.0 -0.23458
3350.0 2750.0 -0.49530
3450.0 2750.0 -0.46720
3550.0 2750.0 -0.12992
3650.0 2750.0 0.34319
3750.0 2750.0 0.63454
3850.0 2750.0 0.58983
3950.0 2750.0 0.25425
4050.0 2750.0 -0.21073
4150.0 2750.0 -0.60316
4250.0 2750.0 -0.74736
4350.0 2750.0 -0.55166
4450.0 2750.0 -0.05719
4550.0 2750.0 0.52480
4650.0 2750.0 0.89445
4750.0 2750.0 0.89882
4850.0 2750.0 0.55816
4950.0 2750.0 0.01759
5050.0 2750.0 -0.51092
5150.0 2750.0 -0.81570
5250.0 2750.0 -0.76196
5350.0 2750.0 -0.37745
5450.0 2750.0 0.14044
5550.0 2750.0 0.80069
5650.0 2750.0 1.50091
5750.0 2750.0 2.01271
5850.0 2750.0 2.15525
5950.0 2750.0 1.88978
6050.0 2750.0 1.33454
6150.0 2750.0 0.69980
6250.0 2750.0 0.14342
6350.0 2750.0 -0.35713
50.0 2850.0 -0.91243
150.0 2850.0 -0.96296
250.0 2850.0 -0.75730
350.0 2850.0 -0.31727
450.0 2850.0 0.18196
550.0 2850.0 0.53890
650.0 2850.0 0.61142
750.0 2850.0 0.36096
850.0 2850.0 -0.14473
950.0 2850.0 -0.76999
1050.0 2850.0 -1.29685
1150.0 2850.0 -1.44259
1250.0 2850.0 -1.15693
1350.0 2850.0 -0.58117
1450.0 2850.0 0.04354
1550.0 2850.0 0.46257
1650.0 2850.0 0.48894
1750.0 2850.0 0.07919
1850.0 2850.0 -0.59932
1950.0 2850.0 -1.38045
2050.0 2850.0 -2.22558
2150.0 2850.0 -2.89649
2250.0 2850.0 -3.14709
2350.0 2850.0 -2.87820
2450.0 2850.0 -2.19244
2550.0 2850.0 -1.34901
2650.0 2850.0 -0.61859
2750.0 2850.0 -0.04978
2850.0 2850.0 0.39106
2950.0 2850.0 0.56933
3050.0 2850.0 0.46939
3150.0 2850.0 0.18233
3250.0 2850.0 -0.13797
3350.0 2850.0 -0.32480
3450.0 2850.0 -0.25474
3550.0 2850.0 0.09022
3650.0 2850.0 0.55451
3750.0 2850.0 0.83568
3850.0 2850.0 0.78011
3950.0 2850.0 0.43414
4050.0 2850.0 -0.03959
4150.0 2850.0 -0.43858
4250.0 2850.0 -0.58744
4350.0 2850.0 -0.39547
4450.0 2850.0 0.09519
4550.0 2850.0 0.67070
4650.0 2850.0 1.00903
4750.0 2850.0 0.93845
4850.0 2850.0 0.48008
4950.0 2850.0 -0.20488
5050.0 2850.0 -0.87929
5150.0 2850.0 -1.30524
5250.0 2850.0 -1.33018
5350.0 2850.0 -0.98394
5450.0 2850.0 -0.48502
5550.0 2850.0 0.20250
5650.0 2850.0 1.00191
5750.0 2850.0 1.67945
5850.0 2850.0 2.02556
5950.0 2850.0 1.95987
6050.0 2850.0 1.55923
6150.0 2850.0 1.00869
6250.0 2850.0 0.47555
6350.0 2850.0 -0.01041
50.0 2950.0 -1.69826
150.0 2950.0 -1.77088
250.0 2950.0 -1.61421
350.0 2950.0 -1.23775
450.0 2950.0 -0.78763
550.0 2950.0 -0.44021
650.0 2950.0 -0.32808
750.0 2950.0 -0.49871
850.0 2950.0 -0.90557
950.0 2950.0 -1.43160
1050.0 2950.0 -1.85069
1150.0 2950.0 -1.86301
1250.0 2950.0 -1.42942
1350.0 2950.0 -0.71491
1450.0 2950.0 0.01856
1550.0 2950.0 0.50747
1650.0 2950.0 0.57020
1750.0 2950.0 0.17870
1850.0 2950.0 -0.48483
1950.0 2950.0 -1.23988
2050.0 2950.0 -2.03742
2150.0 2950.0 -2.65241
2250.0 2950.0 -2.86023
2350.0 2950.0 -2.57844
2450.0 2950.0 -1.91464
2550.0 2950.0 -1.12041
2650.0 2950.0 -0.45137
2750.0 2950.0 0.05567
2850.0 2950.0 0.44718
2950.0 2950.0 0.60748
3050.0 2950.0 0.52742
3150.0 2950.0 0.29121
3250.0 2950.0 0.03523
3350.0 2950.0 -0.09654
3450.0 2950.0 -0.00068
3550.0 2950.0 0.33396
3650.0 2950.0 0.76881
3750.0 2950.0 1.01132
3850.0 2950.0 0.90341
3950.0 2950.0 0.49578
4050.0 2950.0 -0.04036
4150.0 2950.0 -0.49392
4250.0 2950.0 -0.68393
4350.0 2950.0 -0.51868
4450.0 2950.0 -0.04421
4550.0 2950.0 0.52050
4650.0 2950.0 0.86540
4750.0 2950.0 0.81941
4850.0 2950.0 0.38699
4950.0 2950.0 -0.28979
5050.0 2950.0 -0.98586
5150.0 2950.0 -1.46397
5250.0 2950.0 -1.56190
5350.0 2950.0 -1.29587
5450.0 2950.0 -0.87379
5550.0 2950.0 -0.23224
5650.0 2950.0 0.58309
5750.0 2950.0 1.35108
5850.0 2950.0 1.85008
5950.0 2950.0 1.96509
6050.0 2950.0 1.72652
6150.0 2950.0 1.28053
6250.0 2950.0 0.79089
6350.0 2950.0 0.33900
50.0 3050.0 -2.35695
150.0 3050.0 -2.46860
250.0 3050.0 -2.40480
350.0 3050.0 -2.15657
450.0 3050.0 -1.81858
550.0 3050.0 -1.51935
650.0 3050.0 -1.36909
750.0 3050.0 -1.42502
850.0 3050.0 -1.67435
950.0 3050.0 -2.03454
1050.0 3050.0 -2.27731
1150.0 3050.0 -2.08799
1250.0 3050.0 -1.44907
1350.0 3050.0 -0.55942
1450.0 3050.0 0.29511
1550.0 3050.0 0.84823
1650.0 3050.0 0.93682
1750.0 3050.0 0.56151
1850.0 3050.0 -0.07819
1950.0 3050.0 -0.79106
2050.0 3050.0 -1.51491
2150.0 3050.0 -2.04720
2250.0 3050.0 -2.19776
2350.0 3050.0 -1.90948
2450.0 3050.0 -1.29537
2550.0 3050.0 -0.59202
2650.0 3050.0 -0.02927
2750.0 3050.0 0.37322
2850.0 3050.0 0.67078
2950.0 3050.0 0.76644
3050.0 3050.0 0.66199
3150.0 3050.0 0.43933
3250.0 3050.0 0.21943
3350.0 3050.0 0.12209
3450.0 3050.0 0.22648
3550.0 3050.0 0.53246
3650.0 3050.0 0.91751
3750.0 3050.0 1.09791
3850.0 3050.0 0.91023
3950.0 3050.0 0.41208
4050.0 3050.0 -0.21308
4150.0 3050.0 -0.74291
4250.0 3050.0 -0.98999
4350.0 3050.0 -0.86283
4450.0 3050.0 -0.41372
4550.0 3050.0 0.13595
4650.0 3050.0 0.52605
4750.0 3050.0 0.60590
4850.0 3050.0 0.34575
4950.0 3050.0 -0.16723
5050.0 3050.0 -0.75784
5150.0 3050.0 -1.21696
5250.0 3050.0 -1.38108
5350.0 3050.0 -1.23699
5450.0 3050.0 -0.95092
5550.0 3050.0 -0.43816
5650.0 3050.0 0.28843
5750.0 3050.0 1.04049
5850.0 3050.0 1.60654
5950.0 3050.0 1.85087
6050.0 3050.0 1.75847
6150.0 3050.0 1.42585
6250.0 3050.0 0.99784
6350.0 3050.0 0.59751
50.0 3150.0 -2.63993
150.0 3150.0 -2.80129
250.0 3150.0 -2.85928
350.0 3150.0 -2.78335
450.0 3150.0 -2.60251
550.0 3150.0 -2.38249
650.0 3150.0 -2.20179
750.0 3150.0 -2.12670
850.0 3150.0 -2.18522
950.0 3150.0 -2.33965
1050.0 3150.0 -2.37052
1150.0 3150.0 -1.96411
1250.0 3150.0 -1.13417
1350.0 3150.0 -0.11283
1450.0 3150.0 0.80072
1550.0 3150.0 1.35487
1650.0 3150.0 1.42343
1750.0 3150.0 1.04688
1850.0 3150.0 0.43473
1950.0 3150.0 -0.22631
2050.0 3150.0 -0.86095
2150.0 3150.0 -1.29483
2250.0 3150.0 -1.37997
2350.0 3150.0 -1.08966
2450.0 3150.0 -0.54248
2550.0 3150.0 0.04456
2650.0 3150.0 0.47380
2750.0 3150.0 0.74590
2850.0 3150.0 0.92217
2950.0 3150.0 0.92371
3050.0 3150.0 0.76589
3150.0 3150.0 0.53147
3250.0 3150.0 0.32781
3350.0 3150.0 0.25018
3450.0 3150.0 0.35133
3550.0 3150.0 0.61713
3650.0 3150.0 0.94045
3750.0 3150.0 1.05101
3850.0 3150.0 0.78467
3950.0 3150.0 0.20686
4050.0 3150.0 -0.48936
4150.0 3150.0 -1.07540
4250.0 3150.0 -1.36334
4350.0 3150.0 -1.26651
4450.0 3150.0 -0.84420
4550.0 3150.0 -0.31200
4650.0 3150.0 0.14742
4750.0 3150.0 0.41626
4850.0 3150.0 0.41977
4950.0 3150.0 0.16812
5050.0 3150.0 -0.23689
5150.0 3150.0 -0.63152
5250.0 3150.0 -0.85636
5350.0 3150.0 -0.85906
5450.0 3150.0 -0.74624
5550.0 3150.0 -0.42411
5650.0 3150.0 0.12381
5750.0 3150.0 0.75678
5850.0 3150.0 1.29398
5950.0 3150.0 1.59614
6050.0 3150.0 1.61097
6150.0 3150.0 1.38252
6250.0 3150.0 1.02440
6350.0 3150.0 0.68367
50.0 3250.0 -2.43546
150.0 3250.0 -2.64736
250.0 3250.0 -2.83145
350.0 3250.0 -2.93647
450.0 3250.0 -2.92462
550.0 3250.0 -2.79653
650.0 3250.0 -2.59648
750.0 3250.0 -2.39780
850.0 3250.0 -2.26855
950.0 3250.0 -2.21728
1050.0 3250.0 -2.04518
1150.0 3250.0 -1.46308
1250.0 3250.0 -0.52139
1350.0 3250.0 0.52546
1450.0 3250.0 1.38511
1550.0 3250.0 1.84294
1650.0 3250.0 1.82705
1750.0 3250.0 1.42284
1850.0 3250.0 0.83575
1950.0 3250.0 0.22652
2050.0 3250.0 -0.31914
2150.0 3250.0 -0.65516
2250.0 3250.0 -0.67572
2350.0 3250.0 -0.38438
2450.0 3250.0 0.09488
2550.0 3250.0 0.56482
2650.0 3250.0 0.86006
2750.0 3250.0 1.00147
2850.0 3250.0 1.05545
2950.0 3250.0 0.96037
3050.0 3250.0 0.74523
3150.0 3250.0 0.49426
3250.0 3250.0 0.30207
3350.0 3250.0 0.24032
3450.0 3250.0 0.33589
3550.0 3250.0 0.56068
3650.0 3250.0 0.82274
3750.0 3250.0 0.87369
3850.0 3250.0 0.55728
3950.0 3250.0 -0.05441
4050.0 3250.0 -0.76650
4150.0 3250.0 -1.35496
4250.0 3250.0 -1.64179
4350.0 3250.0 -1.55157
4450.0 3250.0 -1.14952
4550.0 3250.0 -0.63458
4650.0 3250.0 -0.10425
4750.0 3250.0 0.35758
4850.0 3250.0 0.63081
4950.0 3250.0 0.64744
5050.0 3250.0 0.43448
5150.0 3250.0 0.10904
5250.0 3250.0 -0.17424
5350.0 3250.0 -0.32349
5450.0 3250.0 -0.38683
5550.0 3250.0 -0.27524
5650.0 3250.0 0.04976
5750.0 3250.0 0.49951
5850.0 3250.0 0.93552
5950.0 3250.0 1.22921
6050.0 3250.0 1.30339
6150.0 3250.0 1.15555
6250.0 3250.0 0.86307
6350.0 3250.0 0.57796
50.0 3350.0 -1.82166
150.0 3350.0 -2.07477
250.0 3350.0 -2.36299
350.0 3350.0 -2.61886
450.0 3350.0 -2.75005
550.0 3350.0 -2.70343
650.0 3350.0 -2.49419
750.0 3350.0 -2.20016
850.0 3350.0 -1.92134
950.0 3350.0 -1.70430
1050.0 3350.0 -1.37916
1150.0 3350.0 -0.70345
1250.0 3350.0 0.23668
1350.0 3350.0 1.18148
1450.0 3350.0 1.86742
1550.0 3350.0 2.13539
1650.0 3350.0 1.97718
1750.0 3350.0 1.52023
1850.0 3350.0 0.95041
1950.0 3350.0 0.38337
2050.0 3350.0 -0.08919
2150.0 3350.0 -0.34392
2250.0 3350.0 -0.30941
2350.0 3350.0 -0.01421
2450.0 3350.0 0.41276
2550.0 3350.0 0.78975
2650.0 3350.0 0.97741
2750.0 3350.0 1.01341
2850.0 3350.0 0.97084
2950.0 3350.0 0.80461
3050.0 3350.0 0.55471
3150.0 3350.0 0.30471
3250.0 3350.0 0.13617
3350.0 3350.0 0.09885
3450.0 3350.0 0.19687
3550.0 3350.0 0.39080
3650.0 3350.0 0.60422
3750.0 3350.0 0.61979
3850.0 3350.0 0.29822
3950.0 3350.0 -0.28450
4050.0 3350.0 -0.94153
4150.0 3350.0 -1.46588
4250.0 3350.0 -1.70027
4350.0 3350.0 -1.58623
4450.0 3350.0 -1.19243
4550.0 3350.0 -0.69203
4650.0 3350.0 -0.11230
4750.0 3350.0 0.48590
4850.0 3350.0 0.94727
4950.0 3350.0 1.14595
5050.0 3350.0 1.05534
5150.0 3350.0 0.76116
5250.0 3350.0 0.41766
5350.0 3350.0 0.14707
5450.0 3350.0 -0.05988
5550.0 3350.0 -0.12911
5650.0 3350.0 -0.00843
5750.0 3350.0 0.25792
5850.0 3350.0 0.57208
5950.0 3350.0 0.82206
6050.0 3350.0 0.91742
6150.0 3350.0 0.82144
6250.0 3350.0 0.57950
6350.0 3350.0 0.33558
50.0 3450.0 -1.02529
150.0 3450.0 -1.30319
250.0 3450.0 -1.65446
350.0 3450.0 -2.00205
450.0 3450.0 -2.22084
550.0 3450.0 -2.22511
650.0 3450.0 -2.01224
750.0 3450.0 -1.66243
850.0 3450.0 -1.29463
950.0 3450.0 -0.97843
1050.0 3450.0 -0.57441
1150.0 3450.0 0.10042
1250.0 3450.0 0.93130
1350.0 3450.0 1.67024
1450.0 3450.0 2.09846
1550.0 3450.0 2.12043
1650.0 3450.0 1.78945
1750.0 3450.0 1.26502
1850.0 3450.0 0.70207
1950.0 3450.0 0.16113
2050.0 3450.0 -0.26457
2150.0 3450.0 -0.46513
2250.0 3450.0 -0.39054
2350.0 3450.0 -0.08572
2450.0 3450.0 0.31604
2550.0 3450.0 0.64123
2650.0 3450.0 0.76588
2750.0 3450.0 0.73901
2850.0 3450.0 0.64386
2950.0 3450.0 0.45153
3050.0 3450.0 0.20860
3150.0 3450.0 -0.00621
3250.0 3450.0 -0.12591
3350.0 3450.0 -0.12062
3450.0 3450.0 -0.00437
3550.0 3450.0 0.17651
3650.0 3450.0 0.36192
3750.0 3450.0 0.37203
3850.0 3450.0 0.09089
3950.0 3450.0 -0.40495
4050.0 3450.0 -0.94527
4150.0 3450.0 -1.34968
4250.0 3450.0 -1.48905
4350.0 3450.0 -1.32476
4450.0 3450.0 -0.92590
4550.0 3450.0 -0.43568
4650.0 3450.0 0.15589
4750.0 3450.0 0.79180
4850.0 3450.0 1.29894
4950.0 3450.0 1.52858
5050.0 3450.0 1.43740
5150.0 3450.0 1.10637
5250.0 3450.0 0.69730
5350.0 3450.0 0.34722
5450.0 3450.0 0.05393
5550.0 3450.0 -0.12600
5650.0 3450.0 -0.13318
5750.0 3450.0 0.01535
5850.0 3450.0 0.24751
5950.0 3450.0 0.46299
6050.0 3450.0 0.56501
6150.0 3450.0 0.49712
6250.0 3450.0 0.28488
6350.0 3450.0 0.06216
50.0 3550.0 -0.28623
150.0 3550.0 -0.57202
250.0 3550.0 -0.94285
350.0 3550.0 -1.31840
450.0 3550.0 -1.56314
550.0 3550.0 -1.58127
650.0 3550.0 -1.36490
750.0 3550.0 -0.99541
850.0 3550.0 -0.59808
950.0 3550.0 -0.24971
1050.0 3550.0 0.16298
1150.0 3550.0 0.76235
1250.0 3550.0 1.41480
1350.0 3550.0 1.89593
1450.0 3550.0 2.03776
1550.0 3550.0 1.80534
1650.0 3550.0 1.30285
1750.0 3550.0 0.70915
1850.0 3550.0 0.14384
1950.0 3550.0 -0.38719
2050.0 3550.0 -0.79232
2150.0 3550.0 -0.96570
2250.0 3550.0 -0.86571
2350.0 3550.0 -0.54497
2450.0 3550.0 -0.14068
2550.0 3550.0 0.17447
2650.0 3550.0 0.28120
2750.0 3550.0 0.23444
2850.0 3550.0 0.13142
2950.0 3550.0 -0.04046
3050.0 3550.0 -0.23247
3150.0 3550.0 -0.37529
3250.0 3550.0 -0.41847
3350.0 3550.0 -0.35036
3450.0 3550.0 -0.19885
3550.0 3550.0 -0.01270
3650.0 3550.0 0.16524
3750.0 3550.0 0.19493
3850.0 3550.0 -0.01405
3950.0 3550.0 -0.38741
4050.0 3550.0 -0.77627
4150.0 3550.0 -1.03115
4250.0 3550.0 -1.05340
4350.0 3550.0 -0.82400
4450.0 3550.0 -0.40992
4550.0 3550.0 0.07440
4650.0 3550.0 0.63922
4750.0 3550.0 1.21162
4850.0 3550.0 1.61831
4950.0 3550.0 1.72345
5050.0 3550.0 1.50483
5150.0 3550.0 1.06610
5250.0 3550.0 0.58496
5350.0 3550.0 0.19739
5450.0 3550.0 -0.12318
5550.0 3550.0 -0.33346
5650.0 3550.0 -0.36965
5750.0 3550.0 -0.24125
5850.0 3550.0 -0.01526
5950.0 3550.0 0.20777
6050.0 3550.0 0.32552
6150.0 3550.0 0.27342
6250.0 3550.0 0.07204
6350.0 3550.0 -0.14764
50.0 3650.0 0.34903
150.0 3650.0 0.06575
250.0 3650.0 -0.30065
350.0 3650.0 -0.66990
450.0 3650.0 -0.90764
550.0 3650.0 -0.91952
650.0 3650.0 -0.69878
750.0 3650.0 -0.32728
850.0 3650.0 0.07007
950.0 3650.0 0.41734
1050.0 3650.0 0.80528
1150.0 3650.0 1.29847
1250.0 3650.0 1.75011
1350.0 3650.0 1.96358
1450.0 3650.0 1.82166
1550.0 3650.0 1.34519
1650.0 3650.0 0.68135
1750.0 3650.0 0.02138
1850.0 3650.0 -0.55056
1950.0 3650.0 -1.07900
2050.0 3650.0 -1.47391
2150.0 3650.0 -1.62902
2250.0 3650.0 -1.50561
2350.0 3650.0 -1.16093
2450.0 3650.0 -0.73700
2550.0 3650.0 -0.40987
2650.0 3650.0 -0.29931
2750.0 3650.0 -0.34622
2850.0 3650.0 -0.43683
2950.0 3650.0 -0.56771
3050.0 3650.0 -0.69009
3150.0 3650.0 -0.74604
3250.0 3650.0 -0.70216
3350.0 3650.0 -0.56394
3450.0 3650.0 -0.37082
3550.0 3650.0 -0.17181
3650.0 3650.0 0.00750
3750.0 3650.0 0.06652
3850.0 3650.0 -0.05975
3950.0 3650.0 -0.30051
4050.0 3650.0 -0.52956
4150.0 3650.0 -0.62897
4250.0 3650.0 -0.53025
4350.0 3650.0 -0.23299
4450.0 3650.0 0.19910
4550.0 3650.0 0.67839
4650.0 3650.0 1.19689
4750.0 3650.0 1.65661
4850.0 3650.0 1.89277
4950.0 3650.0 1.79961
5050.0 3650.0 1.39395
5150.0 3650.0 0.81486
5250.0 3650.0 0.25949
5350.0 3650.0 -0.14502
5450.0 3650.0 -0.46411
5550.0 3650.0 -0.66424
5650.0 3650.0 -0.67781
5750.0 3650.0 -0.51637
5850.0 3650.0 -0.25274
5950.0 3650.0 0.00523
6050.0 3650.0 0.14874
6150.0 3650.0 0.10997
6250.0 3650.0 -0.08809
6350.0 3650.0 -0.31171
50.0 3750.0 0.84148
150.0 3750.0 0.60033
250.0 3750.0 0.29163
350.0 3750.0 -0.01354
450.0 3750.0 -0.19983
550.0 3750.0 -0.18828
650.0 3750.0 0.02346
750.0 3750.0 0.36138
850.0 3750.0 0.71575
950.0 3750.0 1.02230
1050.0 3750.0 1.34809
1150.0 3750.0 1.70387
1250.0 3750.0 1.93640
1350.0 3750.0 1.88041
1450.0 3750.0 1.46739
1550.0 3750.0 0.76650
1650.0 3750.0 -0.04251
1750.0 3750.0 -0.76423
1850.0 3750.0 -1.34849
1950.0 3750.0 -1.87360
2050.0 3750.0 -2.23596
2150.0 3750.0 -2.32609
2250.0 3750.0 -2.11519
2350.0 3750.0 -1.67805
2450.0 3750.0 -1.17592
2550.0 3750.0 -0.79952
2650.0 3750.0 -0.67205
2750.0 3750.0 -0.71979
2850.0 3750.0 -0.80440
2950.0 3750.0 -0.91221
3050.0 3750.0 -0.99582
3150.0 3750.0 -1.00530
3250.0 3750.0 -0.91770
3350.0 3750.0 -0.74792
3450.0 3750.0 -0.54066
3550.0 3750.0 -0.34369
3650.0 3750.0 -0.17154
3750.0 3750.0 -0.08914
3850.0 3750.0 -0.13535
3950.0 3750.0 -0.24469
4050.0 3750.0 -0.31636
4150.0 3750.0 -0.26616
4250.0 3750.0 -0.05665
4350.0 3750.0 0.29462
4450.0 3750.0 0.72882
4550.0 3750.0 1.18596
4650.0 3750.0 1.63512
4750.0 3750.0 1.95500
4850.0 3750.0 1.99764
4950.0 3750.0 1.69522
5050.0 3750.0 1.10679
5150.0 3750.0 0.40419
5250.0 3750.0 -0.20291
5350.0 3750.0 -0.60281
5450.0 3750.0 -0.90127
5550.0 3750.0 -1.07990
5650.0 3750.0 -1.07214
5750.0 3750.0 -0.89138
5850.0 3750.0 -0.61173
5950.0 3750.0 -0.34106
6050.0 3750.0 -0.18691
6150.0 3750.0 -0.21520
6250.0 3750.0 -0.40172
6350.0 3750.0 -0.61604
50.0 3850.0 1.03890
150.0 3850.0 0.91315
250.0 3850.0 0.75747
350.0 3850.0 0.61594
450.0 3850.0 0.55299
550.0 3850.0 0.60856
650.0 3850.0 0.77695
750.0 3850.0 1.00913
850.0 3850.0 1.23881
950.0 3850.0 1.43200
1050.0 3850.0 1.63191
1150.0 3850.0 1.81298
1250.0 3850.0 1.83037
1350.0 3850.0 1.55143
1450.0 3850.0 0.94323
1550.0 3850.0 0.09913
1650.0 3850.0 -0.79550
1750.0 3850.0 -1.55845
1850.0 3850.0 -2.16433
1950.0 3850.0 -2.68845
2050.0 3850.0 -2.99095
2150.0 3850.0 -2.95524
2250.0 3850.0 -2.57182
2350.0 3850.0 -1.95056
2450.0 3850.0 -1.29187
2550.0 3850.0 -0.81687
2650.0 3850.0 -0.65647
2750.0 3850.0 -0.70811
2850.0 3850.0 -0.79881
2950.0 3850.0 -0.91431
3050.0 3850.0 -1.01112
3150.0 3850.0 -1.04198
3250.0 3850.0 -0.98373
3350.0 3850.0 -0.84794
3450.0 3850.0 -0.67424
3550.0 3850.0 -0.50644
3650.0 3850.0 -0.35828
3750.0 3850.0 -0.26803
3850.0 3850.0 -0.24993
3950.0 3850.0 -0.24684
4050.0 3850.0 -0.18562
4150.0 3850.0 -0.01610
4250.0 3850.0 0.27008
4350.0 3850.0 0.64077
4450.0 3850.0 1.04468
4550.0 3850.0 1.44810
4650.0 3850.0 1.79406
4750.0 3850.0 1.94662
4850.0 3850.0 1.78814
4950.0 3850.0 1.29686
5050.0 3850.0 0.57179
5150.0 3850.0 -0.19479
5250.0 3850.0 -0.79751
5350.0 3850.0 -1.15052
5450.0 3850.0 -1.39440
5550.0 3850.0 -1.53342
5650.0 3850.0 -1.51140
5750.0 3850.0 -1.34238
5850.0 3850.0 -1.09218
5950.0 3850.0 -0.85416
6050.0 3850.0 -0.71969
6150.0 3850.0 -0.74327
6250.0 3850.0 -0.90233
6350.0 3850.0 -1.08195
50.0 3950.0 0.90602
150.0 3950.0 0.96333
250.0 3950.0 1.04488
350.0 3950.0 1.14998
450.0 3950.0 1.26353
550.0 3950.0 1.36699
650.0 3950.0 1.44619
750.0 3950.0 1.49569
850.0 3950.0 1.51997
950.0 3950.0 1.53129
1050.0 3950.0 1.55229
1150.0 3950.0 1.55319
1250.0 3950.0 1.41512
1350.0 3950.0 1.03158
1450.0 3950.0 0.37866
1550.0 3950.0 -0.46428
1650.0 3950.0 -1.34360
1750.0 3950.0 -2.11001
1850.0 3950.0 -2.74448
1950.0 3950.0 -3.27609
2050.0 3950.0 -3.51648
2150.0 3950.0 -3.33953
2250.0 3950.0 -2.75755
2350.0 3950.0 -1.92162
2450.0 3950.0 -1.07911
2550.0 3950.0 -0.48839
2650.0 3950.0 -0.29077
2750.0 3950.0 -0.34980
2850.0 3950.0 -0.45577
2950.0 3950.0 -0.60113
3050.0 3950.0 -0.74859
3150.0 3950.0 -0.85041
3250.0 3950.0 -0.87593
3350.0 3950.0 -0.82421
3450.0 3950.0 -0.72194
3550.0 3950.0 -0.60653
3650.0 3950.0 -0.49835
3750.0 3950.0 -0.42030
3850.0 3950.0 -0.36798
3950.0 3950.0 -0.29470
4050.0 3950.0 -0.15302
4150.0 3950.0 0.07872
4250.0 3950.0 0.38724
4350.0 3950.0 0.73232
4450.0 3950.0 1.07208
4550.0 3950.0 1.39334
4650.0 3950.0 1.61668
4750.0 3950.0 1.60651
4850.0 3950.0 1.28594
4950.0 3950.0 0.67873
5050.0 3950.0 -0.08886
5150.0 3950.0 -0.82539
5250.0 3950.0 -1.35088
5350.0 3950.0 -1.61275
5450.0 3950.0 -1.77032
5550.0 3950.0 -1.85332
5650.0 3950.0 -1.82489
5750.0 3950.0 -1.69845
5850.0 3950.0 -1.52224
5950.0 3950.0 -1.36114
6050.0 3950.0 -1.27604
6150.0 3950.0 -1.30098
6250.0 3950.0 -1.41781
6350.0 3950.0 -1.53887
50.0 4050.0 0.52385
150.0 4050.0 0.80012
250.0 4050.0 1.15869
350.0 4050.0 1.54301
450.0 4050.0 1.84433
550.0 4050.0 1.97833
650.0 4050.0 1.92598
750.0 4050.0 1.73876
850.0 4050.0 1.50811
950.0 4050.0 1.29934
1050.0 4050.0 1.12076
1150.0 4050.0 0.97566
1250.0 4050.0 0.78555
1350.0 4050.0 0.45668
1450.0 4050.0 -0.05828
1550.0 4050.0 -0.73465
1650.0 4050.0 -1.48626
1750.0 4050.0 -2.21205
1850.0 4050.0 -2.87674
1950.0 4050.0 -3.42845
2050.0 4050.0 -3.63491
2150.0 4050.0 -3.36075
2250.0 4050.0 -2.63357
2350.0 4050.0 -1.63599
2450.0 4050.0 -0.65293
2550.0 4050.0 0.02616
2650.0 4050.0 0.24984
2750.0 4050.0 0.18076
2850.0 4050.0 0.05713
2950.0 4050.0 -0.12183
3050.0 4050.0 -0.32630
3150.0 4050.0 -0.50866
3250.0 4050.0 -0.63012
3350.0 4050.0 -0.67567
3450.0 4050.0 -0.65704
3550.0 4050.0 -0.60396
3650.0 4050.0 -0.54483
3750.0 4050.0 -0.49694
3850.0 4050.0 -0.44624
3950.0 4050.0 -0.35684
4050.0 4050.0 -0.20068
4150.0 4050.0 0.02576
4250.0 4050.0 0.29857
4350.0 4050.0 0.57737
4450.0 4050.0 0.83002
4550.0 4050.0 1.05489
4650.0 4050.0 1.16045
4750.0 4050.0 1.02837
4850.0 4050.0 0.62537
4950.0 4050.0 0.01018
5050.0 4050.0 -0.68406
5150.0 4050.0 -1.29064
5250.0 4050.0 -1.67336
5350.0 4050.0 -1.81390
5450.0 4050.0 -1.86788
5550.0 4050.0 -1.88658
5650.0 4050.0 -1.85757
5750.0 4050.0 -1.79280
5850.0 4050.0 -1.71750
5950.0 4050.0 -1.65986
6050.0 4050.0 -1.64207
6150.0 4050.0 -1.67250
6250.0 4050.0 -1.73919
6350.0 4050.0 -1.78851
50.0 4150.0 0.05892
150.0 4150.0 0.54663
250.0 4150.0 1.16499
350.0 4150.0 1.80082
450.0 4150.0 2.25671
550.0 4150.0 2.38950
650.0 4150.0 2.18159
750.0 4150.0 1.74487
850.0 4150.0 1.25742
950.0 4150.0 0.83321
1050.0 4150.0 0.47298
1150.0 4150.0 0.24234
1250.0 4150.0 0.10927
1350.0 4150.0 -0.02241
1450.0 4150.0 -0.25019
1550.0 4150.0 -0.63277
1650.0 4150.0 -1.17299
1750.0 4150.0 -1.82351
1850.0 4150.0 -2.51433
1950.0 4150.0 -3.09828
2050.0 4150.0 -3.31843
2150.0 4150.0 -3.03303
2250.0 4150.0 -2.27194
2350.0 4150.0 -1.22783
2450.0 4150.0 -0.20038
2550.0 4150.0 0.50644
2650.0 4150.0 0.73404
2750.0 4150.0 0.65395
2850.0 4150.0 0.51773
2950.0 4150.0 0.32056
3050.0 4150.0 0.08499
3150.0 4150.0 -0.14536
3250.0 4150.0 -0.32977
3350.0 4150.0 -0.44542
3450.0 4150.0 -0.49352
3550.0 4150.0 -0.49636
3650.0 4150.0 -0.48543
3750.0 4150.0 -0.47730
3850.0 4150.0 -0.45694
3950.0 4150.0 -0.39779
4050.0 4150.0 -0.28287
4150.0 4150.0 -0.11549
4250.0 4150.0 0.08050
4350.0 4150.0 0.27098
4450.0 4150.0 0.43218
4550.0 4150.0 0.56525
4650.0 4150.0 0.57964
4750.0 4150.0 0.38705
4850.0 4150.0 -0.00760
4950.0 4150.0 -0.52715
5050.0 4150.0 -1.05214
5150.0 4150.0 -1.45856
5250.0 4150.0 -1.66316
5350.0 4150.0 -1.67652
5450.0 4150.0 -1.62969
5550.0 4150.0 -1.58658
5650.0 4150.0 -1.55880
5750.0 4150.0 -1.55673
5850.0 4150.0 -1.58265
5950.0 4150.0 -1.62849
6050.0 4150.0 -1.67821
6150.0 4150.0 -1.71498
6250.0 4150.0 -1.73302
6350.0 4150.0 -1.71242
50.0 4250.0 -0.28817
150.0 4250.0 0.36252
250.0 4250.0 1.17257
350.0 4250.0 1.98213
450.0 4250.0 2.52737
550.0 4250.0 2.62509
650.0 4250.0 2.26552
750.0 4250.0 1.61321
850.0 4250.0 0.91599
950.0 4250.0 0.32244
1050.0 4250.0 -0.16951
1150.0 4250.0 -0.42234
1250.0 4250.0 -0.42614
1350.0 4250.0 -0.29073
1450.0 4250.0 -0.17421
1550.0 4250.0 -0.22408
1650.0 4250.0 -0.53089
1750.0 4250.0 -1.09460
1850.0 4250.0 -1.80325
1950.0 4250.0 -2.42636
2050.0 4250.0 -2.70889
2150.0 4250.0 -2.50697
2250.0 4250.0 -1.83831
2350.0 4250.0 -0.88051
2450.0 4250.0 0.07929
2550.0 4250.0 0.74323
2650.0 4250.0 0.95016
2750.0 4250.0 0.86022
2850.0 4250.0 0.72200
2950.0 4250.0 0.53533
3050.0 4250.0 0.31710
3150.0 4250.0 0.10109
3250.0 4250.0 -0.08052
3350.0 4250.0 -0.20897
3450.0 4250.0 -0.28402
3550.0 4250.0 -0.32236
3650.0 4250.0 -0.34911
3750.0 4250.0 -0.37814
3850.0 4250.0 -0.39843
3950.0 4250.0 -0.39000
4050.0 4250.0 -0.33992
4150.0 4250.0 -0.25044
4250.0 4250.0 -0.13919
4350.0 4250.0 -0.03166
4450.0 4250.0 0.05431
4550.0 4250.0 0.11736
4650.0 4250.0 0.07876
4750.0 4250.0 -0.11611
4850.0 4250.0 -0.43588
4950.0 4250.0 -0.80102
5050.0 4250.0 -1.11850
5150.0 4250.0 -1.31196
5250.0 4250.0 -1.34744
5350.0 4250.0 -1.25461
5450.0 4250.0 -1.12897
5550.0 4250.0 -1.03645
5650.0 4250.0 -1.00696
5750.0 4250.0 -1.04990
5850.0 4250.0 -1.15039
5950.0 4250.0 -1.27291
6050.0 4250.0 -1.37238
6150.0 4250.0 -1.41264
6250.0 4250.0 -1.39246
6350.0 4250.0 -1.31820
50.0 4350.0 -0.35510
150.0 4350.0 0.38551
250.0 4350.0 1.29126
350.0 4350.0 2.17309
450.0 4350.0 2.73277
550.0 4350.0 2.77118
650.0 4350.0 2.29081
750.0 4350.0 1.49235
850.0 4350.0 0.66556
950.0 4350.0 -0.02522
1050.0 4350.0 -0.58390
1150.0 4350.0 -0.81471
1250.0 4350.0 -0.67957
1350.0 4350.0 -0.30513
1450.0 4350.0 0.09951
1550.0 4350.0 0.31823
1650.0 4350.0 0.19661
1750.0 4350.0 -0.29618
1850.0 4350.0 -1.01300
1950.0 4350.0 -1.67449
2050.0 4350.0 -2.05220
2150.0 4350.0 -2.00436
2250.0 4350.0 -1.52571
2350.0 4350.0 -0.75877
2450.0 4350.0 0.04427
2550.0 4350.0 0.60921
2650.0 4350.0 0.77695
2750.0 4350.0 0.68007
2850.0 4350.0 0.55237
2950.0 4350.0 0.40841
3050.0 4350.0 0.26190
3150.0 4350.0 0.13109
3250.0 4350.0 0.02831
3350.0 4350.0 -0.04500
3450.0 4350.0 -0.09796
3550.0 4350.0 -0.14429
3650.0 4350.0 -0.19203
3750.0 4350.0 -0.24415
3850.0 4350.0 -0.29313
3950.0 4350.0 -0.32250
4050.0 4350.0 -0.32009
4150.0 4350.0 -0.28536
4250.0 4350.0 -0.23039
4350.0 4350.0 -0.17449
4450.0 4350.0 -0.13239
4550.0 4350.0 -0.10771
4650.0 4350.0 -0.16266
4750.0 4350.0 -0.32512
4850.0 4350.0 -0.55122
4950.0 4350.0 -0.76915
5050.0 4350.0 -0.91261
5150.0 4350.0 -0.94299
5250.0 4350.0 -0.86018
5350.0 4350.0 -0.70205
5450.0 4350.0 -0.53138
5550.0 4350.0 -0.40759
5650.0 4350.0 -0.36965
5750.0 4350.0 -0.42714
5850.0 4350.0 -0.55747
5950.0 4350.0 -0.71204
6050.0 4350.0 -0.83142
6150.0 4350.0 -0.86960
6250.0 4350.0 -0.82705
6350.0 4350.0 -0.72438
50.0 4450.0 -0.11087
150.0 4450.0 0.65175
250.0 4450.0 1.56735
350.0 4450.0 2.43500
450.0 4450.0 2.95111
550.0 4450.0 2.92102
650.0 4450.0 2.36087
750.0 4450.0 1.48985
850.0 4450.0 0.61267
950.0 4450.0 -0.10708
1050.0 4450.0 -0.67723
1150.0 4450.0 -0.87032
1250.0 4450.0 -0.63646
1350.0 4450.0 -0.11525
1450.0 4450.0 0.45476
1550.0 4450.0 0.82157
1650.0 4450.0 0.80000
1750.0 4450.0 0.34684
1850.0 4450.0 -0.37059
1950.0 4450.0 -1.06417
2050.0 4450.0 -1.54740
2150.0 4450.0 -1.68346
2250.0 4450.0 -1.43940
2350.0 4450.0 -0.91301
2450.0 4450.0 -0.30996
2550.0 4450.0 0.12880
2650.0 4450.0 0.24935
2750.0 4450.0 0.14881
2850.0 4450.0 0.04155
2950.0 4450.0 -0.03526
3050.0 4450.0 -0.06876
3150.0 4450.0 -0.06001
3250.0 4450.0 -0.02474
3350.0 4450.0 0.01102
3450.0 4450.0 0.02035
3550.0 4450.0 -0.01003
3650.0 4450.0 -0.06288
3750.0 4450.0 -0.11996
3850.0 4450.0 -0.17290
3950.0 4450.0 -0.20638
4050.0 4450.0 -0.20949
4150.0 4450.0 -0.18246
4250.0 4450.0 -0.13726
4350.0 4450.0 -0.09240
4450.0 4450.0 -0.06157
4550.0 4450.0 -0.04645
4650.0 4450.0 -0.09410
4750.0 4450.0 -0.21822
4850.0 4450.0 -0.37363
4950.0 4450.0 -0.49852
5050.0 4450.0 -0.54430
5150.0 4450.0 -0.49224
5250.0 4450.0 -0.35686
5350.0 4450.0 -0.17602
5450.0 4450.0 0.00796
5550.0 4450.0 0.14646
5650.0 4450.0 0.20027
5750.0 4450.0 0.15840
5850.0 4450.0 0.04204
5950.0 4450.0 -0.10097
6050.0 4450.0 -0.21108
6150.0 4450.0 -0.24134
6250.0 4450.0 -0.19122
6350.0 4450.0 -0.08394
50.0 4550.0 0.27694
150.0 4550.0 1.03331
250.0 4550.0 1.92314
350.0 4550.0 2.74103
450.0 4550.0 3.19022
550.0 4550.0 3.08897
650.0 4550.0 2.46755
750.0 4550.0 1.55600
850.0 4550.0 0.66250
950.0 4550.0 -0.05694
1050.0 4550.0 -0.61661
1150.0 4550.0 -0.77284
1250.0 4550.0 -0.47158
1350.0 4550.0 0.13847
1450.0 4550.0 0.80234
1550.0 4550.0 1.25000
1650.0 4550.0 1.28247
1750.0 4550.0 0.85264
1850.0 4550.0 0.13897
1950.0 4550.0 -0.58081
2050.0 4550.0 -1.16633
2150.0 4550.0 -1.48657
2250.0 4550.0 -1.48054
2350.0 4550.0 -1.19981
2450.0 4550.0 -0.80145
2550.0 4550.0 -0.49114
2650.0 4550.0 -0.41671
2750.0 4550.0 -0.51772
2850.0 4550.0 -0.59991
2950.0 4550.0 -0.60162
3050.0 4550.0 -0.51001
3150.0 4550.0 -0.34606
3250.0 4550.0 -0.15540
3350.0 4550.0 0.00600
3450.0 4550.0 0.09110
3550.0 4550.0 0.08624
3650.0 4550.0 0.03594
3750.0 4550.0 -0.01620
3850.0 4550.0 -0.05838
3950.0 4550.0 -0.07613
4050.0 4550.0 -0.06139
4150.0 4550.0 -0.01787
4250.0 4550.0 0.03945
4350.0 4550.0 0.09056
4450.0 4550.0 0.12250
4550.0 4550.0 0.13822
4650.0 4550.0 0.10450
4750.0 4550.0 0.01617
4850.0 4550.0 -0.08412
4950.0 4550.0 -0.14419
5050.0 4550.0 -0.12827
5150.0 4550.0 -0.02949
5250.0 4550.0 0.13092
5350.0 4550.0 0.31776
5450.0 4550.0 0.50266
5550.0 4550.0 0.64678
5650.0 4550.0 0.71341
5750.0 4550.0 0.69086
5850.0 4550.0 0.59732
5950.0 4550.0 0.47644
6050.0 4550.0 0.38375
6150.0 4550.0 0.36381
6250.0 4550.0 0.41825
6350.0 4550.0 0.52389
50.0 4650.0 0.76778
150.0 4650.0 1.49125
250.0 4650.0 2.31665
350.0 4650.0 3.04051
450.0 4650.0 3.38686
550.0 4650.0 3.19845
650.0 4650.0 2.52344
750.0 4650.0 1.59758
850.0 4650.0 0.72177
950.0 4650.0 0.03567
1050.0 4650.0 -0.48963
1150.0 4650.0 -0.61543
1250.0 4650.0 -0.29049
1350.0 4650.0 0.33567
1450.0 4650.0 1.00979
1550.0 4650.0 1.46581
1650.0 4650.0 1.50954
1750.0 4650.0 1.09725
1850.0 4650.0 0.40588
1950.0 4650.0 -0.31729
2050.0 4650.0 -0.97816
2150.0 4650.0 -1.45177
2250.0 4650.0 -1.65106
2350.0 4650.0 -1.58405
2450.0 4650.0 -1.36148
2550.0 4650.0 -1.15506
2650.0 4650.0 -1.10621
2750.0 4650.0 -1.18936
2850.0 4650.0 -1.23480
2950.0 4650.0 -1.16458
3050.0 4650.0 -0.96642
3150.0 4650.0 -0.67582
3250.0 4650.0 -0.35954
3350.0 4650.0 -0.09428
3450.0 4650.0 0.05945
3550.0 4650.0 0.08826
3650.0 4650.0 0.05611
3750.0 4650.0 0.02738
3850.0 4650.0 0.01632
3950.0 4650.0 0.03204
4050.0 4650.0 0.07536
4150.0 4650.0 0.13731
4250.0 4650.0 0.20157
4350.0 4650.0 0.25075
4450.0 4650.0 0.27673
4550.0 4650.0 0.28780
4650.0 4650.0 0.26793
4750.0 4650.0 0.22454
4850.0 4650.0 0.19792
4950.0 4650.0 0.22737
5050.0 4650.0 0.33055
5150.0 4650.0 0.49672
5250.0 4650.0 0.69386
5350.0 4650.0 0.88965
5450.0 4650.0 1.07195
5550.0 4650.0 1.19505
5650.0 4650.0 1.21911
5750.0 4650.0 1.14289
5850.0 4650.0 0.99962
5950.0 4650.0 0.84605
6050.0 4650.0 0.74456
6150.0 4650.0 0.73849
6250.0 4650.0 0.82066
6350.0 4650.0 0.95185
50.0 4750.0 1.29982
150.0 4750.0 1.94888
250.0 4750.0 2.65426
350.0 4750.0 3.22615
450.0 4750.0 3.43008
550.0 4750.0 3.14854
650.0 4750.0 2.44976
750.0 4750.0 1.56376
850.0 4750.0 0.76564
950.0 4750.0 0.16665
1050.0 4750.0 -0.28512
1150.0 4750.0 -0.38702
1250.0 4750.0 -0.10142
1350.0 4750.0 0.43367
1450.0 4750.0 0.99419
1550.0 4750.0 1.35124
1650.0 4750.0 1.34368
1750.0 4750.0 0.94235
1850.0 4750.0 0.30359
1950.0 4750.0 -0.38335
2050.0 4750.0 -1.06618
2150.0 4750.0 -1.62579
2250.0 4750.0 -1.95494
2350.0 4750.0 -2.02665
2450.0 4750.0 -1.91366
2550.0 4750.0 -1.75906
2650.0 4750.0 -1.69798
2750.0 4750.0 -1.73336
2850.0 4750.0 -1.72652
2950.0 4750.0 -1.60034
3050.0 4750.0 -1.34408
3150.0 4750.0 -0.99601
3250.0 4750.0 -0.62539
3350.0 4750.0 -0.31018
3450.0 4750.0 -0.11063
3550.0 4750.0 -0.03860
3650.0 4750.0 -0.02762
3750.0 4750.0 -0.00482
3850.0 4750.0 0.04341
3950.0 4750.0 0.11359
4050.0 4750.0 0.19346
4150.0 4750.0 0.26774
4250.0 4750.0 0.32318
4350.0 4750.0 0.35289
4450.0 4750.0 0.36004
4550.0 4750.0 0.35713
4650.0 4750.0 0.34550
4750.0 4750.0 0.34892
4850.0 4750.0 0.40652
4950.0 4750.0 0.54305
5050.0 4750.0 0.75391
5150.0 4750.0 1.00537
5250.0 4750.0 1.25017
5350.0 4750.0 1.45811
5450.0 4750.0 1.63320
5550.0 4750.0 1.69862
5650.0 4750.0 1.60465
5750.0 4750.0 1.37712
5850.0 4750.0 1.08991
5950.0 4750.0 0.83624
6050.0 4750.0 0.69908
6150.0 4750.0 0.72050
6250.0 4750.0 0.87005
6350.0 4750.0 1.06991
50.0 4850.0 1.69432
150.0 4850.0 2.23423
250.0 4850.0 2.78003
350.0 4850.0 3.16784
450.0 4850.0 3.22064
550.0 4850.0 2.86914
650.0 4850.0 2.19790
750.0 4850.0 1.41663
850.0 4850.0 0.75664
950.0 4850.0 0.29294
1050.0 4850.0 -0.04977
1150.0 4850.0 -0.12820
1250.0 4850.0 0.07299
1350.0 4850.0 0.43667
1450.0 4850.0 0.78946
1550.0 4850.0 0.96586
1650.0 4850.0 0.86040
1750.0 4850.0 0.46764
1850.0 4850.0 -0.09158
1950.0 4850.0 -0.70385
2050.0 4850.0 -1.34812
2150.0 4850.0 -1.91018
2250.0 4850.0 -2.27145
2350.0 4850.0 -2.38357
2450.0 4850.0 -2.29495
2550.0 4850.0 -2.12938
2650.0 4850.0 -2.01664
2750.0 4850.0 -1.97779
2850.0 4850.0 -1.90985
2950.0 4850.0 -1.75683
3050.0 4850.0 -1.51035
3150.0 4850.0 -1.19709
3250.0 4850.0 -0.86629
3350.0 4850.0 -0.57398
3450.0 4850.0 -0.36393
3550.0 4850.0 -0.24529
3650.0 4850.0 -0.16962
3750.0 4850.0 -0.07297
3850.0 4850.0 0.05275
3950.0 4850.0 0.18544
4050.0 4850.0 0.29638
4150.0 4850.0 0.36550
4250.0 4850.0 0.38884
4350.0 4850.0 0.37837
4450.0 4850.0 0.35391
4550.0 4850.0 0.32814
4650.0 4850.0 0.31229
4750.0 4850.0 0.34542
4850.0 4850.0 0.46801
4950.0 4850.0 0.69377
5050.0 4850.0 0.99874
5150.0 4850.0 1.32752
5250.0 4850.0 1.61696
5350.0 4850.0 1.83696
5450.0 4850.0 2.00199
5550.0 4850.0 1.98679
5650.0 4850.0 1.72931
5750.0 4850.0 1.29500
5850.0 4850.0 0.81529
5950.0 4850.0 0.43374
6050.0 4850.0 0.26003
6150.0 4850.0 0.33204
6250.0 4850.0 0.58580
6350.0 4850.0 0.89025
50.0 4950.0 1.79936
150.0 4950.0 2.21530
250.0 4950.0 2.59397
350.0 4950.0 2.80605
450.0 4950.0 2.73674
550.0 4950.0 2.36292
650.0 4950.0 1.77649
750.0 4950.0 1.15385
850.0 4950.0 0.67144
950.0 4950.0 0.36787
1050.0 4950.0 0.15303
1150.0 4950.0 0.10471
1250.0 4950.0 0.21253
1350.0 4950.0 0.38306
1450.0 4950.0 0.50073
1550.0 4950.0 0.47263
1650.0 4950.0 0.25709
1750.0 4950.0 -0.12399
1850.0 4950.0 -0.59007
1950.0 4950.0 -1.10419
2050.0 4950.0 -1.66282
2150.0 4950.0 -2.15523
2250.0 4950.0 -2.46056
2350.0 4950.0 -2.52347
2450.0 4950.0 -2.38290
2550.0 4950.0 -2.15381
2650.0 4950.0 -1.96213
2750.0 4950.0 -1.83585
2850.0 4950.0 -1.70866
2950.0 4950.0 -1.56231
3050.0 4950.0 -1.39123
3150.0 4950.0 -1.19826
3250.0 4950.0 -0.99379
3350.0 4950.0 -0.79267
3450.0 4950.0 -0.60895
3550.0 4950.0 -0.44843
3650.0 4950.0 -0.29795
3750.0 4950.0 -0.11961
3850.0 4950.0 0.08416
3950.0 4950.0 0.27001
4050.0 4950.0 0.39339
4150.0 4950.0 0.43328
4250.0 4950.0 0.40108
4350.0 4950.0 0.33346
4450.0 4950.0 0.26926
4550.0 4950.0 0.21541
4650.0 4950.0 0.17957
4750.0 4950.0 0.21012
4850.0 4950.0 0.35182
4950.0 4950.0 0.61553
5050.0 4950.0 0.96770
5150.0 4950.0 1.33959
5250.0 4950.0 1.65611
5350.0 4950.0 1.88438
5450.0 4950.0 2.03948
5550.0 4950.0 1.94426
5650.0 4950.0 1.52759
5750.0 4950.0 0.89802
5850.0 4950.0 0.24581
5950.0 4950.0 -0.23711
6050.0 4950.0 -0.41879
6150.0 4950.0 -0.27056
6250.0 4950.0 0.10798
6350.0 4950.0 0.53212
50.0 5050.0 1.57285
150.0 5050.0 1.87456
250.0 5050.0 2.11215
350.0 5050.0 2.19281
450.0 5050.0 2.05633
550.0 5050.0 1.71426
650.0 5050.0 1.25499
750.0 5050.0 0.81484
850.0 5050.0 0.51505
950.0 5050.0 0.36494
1050.0 5050.0 0.27391
1150.0 5050.0 0.26672
1250.0 5050.0 0.31030
1350.0 5050.0 0.33027
1450.0 5050.0 0.25967
1550.0 5050.0 0.06751
1650.0 5050.0 -0.23272
1750.0 5050.0 -0.59474
1850.0 5050.0 -0.97187
1950.0 5050.0 -1.38725
2050.0 5050.0 -1.84311
2150.0 5050.0 -2.23082
2250.0 5050.0 -2.43321
2350.0 5050.0 -2.39798
2450.0 5050.0 -2.16522
2550.0 5050.0 -1.84891
2650.0 5050.0 -1.57256
2750.0 5050.0 -1.36320
2850.0 5050.0 -1.18821
2950.0 5050.0 -1.07422
3050.0 5050.0 -1.01833
3150.0 5050.0 -0.99376
3250.0 5050.0 -0.96352
3350.0 5050.0 -0.89283
3450.0 5050.0 -0.76048
3550.0 5050.0 -0.56890
3650.0 5050.0 -0.34822
3750.0 5050.0 -0.09709
3850.0 5050.0 0.16807
3950.0 5050.0 0.38436
4050.0 5050.0 0.49556
4150.0 5050.0 0.48449
4250.0 5050.0 0.38156
4350.0 5050.0 0.24960
4450.0 5050.0 0.14496
4550.0 5050.0 0.06317
4650.0 5050.0 -0.00590
4750.0 5050.0 -0.01324
4850.0 5050.0 0.09258
4950.0 5050.0 0.32919
5050.0 5050.0 0.66643
5150.0 5050.0 1.03426
5250.0 5050.0 1.35261
5350.0 5050.0 1.58319
5450.0 5050.0 1.73130
5550.0 5050.0 1.57913
5650.0 5050.0 1.05407
5750.0 5050.0 0.30121
5850.0 5050.0 -0.44469
5950.0 5050.0 -0.95964
6050.0 5050.0 -1.10258
6150.0 5050.0 -0.85939
6250.0 5050.0 -0.35856
6350.0 5050.0 0.17487
50.0 5150.0 1.10121
150.0 5150.0 1.31967
250.0 5150.0 1.46634
350.0 5150.0 1.47931
450.0 5150.0 1.33563
550.0 5150.0 1.06483
650.0 5150.0 0.74332
750.0 5150.0 0.46960
850.0 5150.0 0.32034
950.0 5150.0 0.28751
1050.0 5150.0 0.29444
1150.0 5150.0 0.33960
1250.0 5150.0 0.37554
1350.0 5150.0 0.33660
1450.0 5150.0 0.18206
1550.0 5150.0 -0.08384
1650.0 5150.0 -0.41491
1750.0 5150.0 -0.74912
1850.0 5150.0 -1.05797
1950.0 5150.0 -1.39760
2050.0 5150.0 -1.77081
2150.0 5150.0 -2.07025
2250.0 5150.0 -2.18295
2350.0 5150.0 -2.06127
2450.0 5150.0 -1.74862
2550.0 5150.0 -1.36004
2650.0 5150.0 -1.01753
2750.0 5150.0 -0.74566
2850.0 5150.0 -0.53966
2950.0 5150.0 -0.46570
3050.0 5150.0 -0.52289
3150.0 5150.0 -0.65792
3250.0 5150.0 -0.79172
3350.0 5150.0 -0.84578
3450.0 5150.0 -0.76801
3550.0 5150.0 -0.55821
3650.0 5150.0 -0.28515
3750.0 5150.0 0.01623
3850.0 5150.0 0.31507
3950.0 5150.0 0.53424
4050.0 5150.0 0.61218
4150.0 5150.0 0.53928
4250.0 5150.0 0.36481
4350.0 5150.0 0.17408
4450.0 5150.0 0.03611
4550.0 5150.0 -0.06800
4650.0 5150.0 -0.17580
4750.0 5150.0 -0.24565
4850.0 5150.0 -0.21859
4950.0 5150.0 -0.06275
5050.0 5150.0 0.20613
5150.0 5150.0 0.52791
5250.0 5150.0 0.82480
5350.0 5150.0 1.05185
5450.0 5150.0 1.19765
5550.0 5150.0 1.02555
5650.0 5150.0 0.47046
5750.0 5150.0 -0.30011
5850.0 5150.0 -1.03156
5950.0 5150.0 -1.49256
6050.0 5150.0 -1.54982
6150.0 5150.0 -1.20719
6250.0 5150.0 -0.60915
6350.0 5150.0 0.00118
50.0 5250.0 0.55344
150.0 5250.0 0.73030
250.0 5250.0 0.84323
350.0 5250.0 0.84998
450.0 5250.0 0.74373
550.0 5250.0 0.55589
650.0 5250.0 0.34756
750.0 5250.0 0.18987
850.0 5250.0 0.13300
950.0 5250.0 0.16414
1050.0 5250.0 0.23029
1150.0 5250.0 0.33540
1250.0 5250.0 0.42847
1350.0 5250.0 0.44002
1450.0 5250.0 0.32774
1550.0 5250.0 0.09743
1650.0 5250.0 -0.20058
1750.0 5250.0 -0.49973
1850.0 5250.0 -0.77041
1950.0 5250.0 -1.07297
2050.0 5250.0 -1.41389
2150.0 5250.0 -1.68715
2250.0 5250.0 -1.77889
2350.0 5250.0 -1.63880
2450.0 5250.0 -1.30667
2550.0 5250.0 -0.89419
2650.0 5250.0 -0.52188
2750.0 5250.0 -0.21721
2850.0 5250.0 0.00337
2950.0 5250.0 0.05016
3050.0 5250.0 -0.07703
3150.0 5250.0 -0.30920
3250.0 5250.0 -0.54253
3350.0 5250.0 -0.67286
3450.0 5250.0 -0.63007
3550.0 5250.0 -0.41254
3650.0 5250.0 -0.11204
3750.0 5250.0 0.21113
3850.0 5250.0 0.51431
3950.0 5250.0 0.71338
4050.0 5250.0 0.74759
4150.0 5250.0 0.61649
4250.0 5250.0 0.38424
4350.0 5250.0 0.15111
4450.0 5250.0 -0.00766
4550.0 5250.0 -0.12497
4650.0 5250.0 -0.26745
4750.0 5250.0 -0.40544
4850.0 5250.0 -0.47340
4950.0 5250.0 -0.42255
5050.0 5250.0 -0.24870
5150.0 5250.0 0.00441
5250.0 5250.0 0.26644
5350.0 5250.0 0.48618
5450.0 5250.0 0.63451
5550.0 5250.0 0.48080
5650.0 5250.0 -0.02502
5750.0 5250.0 -0.71005
5850.0 5250.0 -1.32638
5950.0 5250.0 -1.66003
6050.0 5250.0 -1.60028
6150.0 5250.0 -1.16949
6250.0 5250.0 -0.51329
6350.0 5250.0 0.13066
50.0 5350.0 0.07089
150.0 5350.0 0.24114
250.0 5350.0 0.36315
350.0 5350.0 0.40299
450.0 5350.0 0.35335
550.0 5350.0 0.23713
650.0 5350.0 0.10154
750.0 5350.0 0.00287
850.0 5350.0 -0.01814
950.0 5350.0 0.02980
1050.0 5350.0 0.12057
1150.0 5350.0 0.28820
1250.0 5350.0 0.48707
1350.0 5350.0 0.63402
1450.0 5350.0 0.66287
1550.0 5350.0 0.55388
1650.0 5350.0 0.33834
1750.0 5350.0 0.07797
1850.0 5350.0 -0.18099
1950.0 5350.0 -0.48294
2050.0 5350.0 -0.84578
2150.0 5350.0 -1.16544
2250.0 5350.0 -1.31992
2350.0 5350.0 -1.24529
2450.0 5350.0 -0.96681
2550.0 5350.0 -0.58548
2650.0 5350.0 -0.21977
2750.0 5350.0 0.09165
2850.0 5350.0 0.31615
2950.0 5350.0 0.35839
3050.0 5350.0 0.21791
3150.0 5350.0 -0.03310
3250.0 5350.0 -0.28582
3350.0 5350.0 -0.43086
3450.0 5350.0 -0.39441
3550.0 5350.0 -0.17452
3650.0 5350.0 0.13199
3750.0 5350.0 0.45395
3850.0 5350.0 0.74084
3950.0 5350.0 0.90765
4050.0 5350.0 0.89847
4150.0 5350.0 0.72152
4250.0 5350.0 0.45062
4350.0 5350.0 0.19338
4450.0 5350.0 0.02583
4550.0 5350.0 -0.09619
4650.0 5350.0 -0.26410
4750.0 5350.0 -0.46097
4850.0 5350.0 -0.61655
4950.0 5350.0 -0.66657
5050.0 5350.0 -0.58716
5150.0 5350.0 -0.40445
5250.0 5350.0 -0.17944
5350.0 5350.0 0.03191
5450.0 5350.0 0.18605
5550.0 5350.0 0.07715
5650.0 5350.0 -0.32606
5750.0 5350.0 -0.85849
5850.0 5350.0 -1.29789
5950.0 5350.0 -1.46399
6050.0 5350.0 -1.27714
6150.0 5350.0 -0.77648
6250.0 5350.0 -0.09766
6350.0 5350.0 0.54367
50.0 5450.0 -0.33295
150.0 5450.0 -0.15628
250.0 5450.0 -0.01197
350.0 5450.0 0.06998
450.0 5450.0 0.07699
550.0 5450.0 0.02154
650.0 5450.0 -0.06081
750.0 5450.0 -0.12294
850.0 5450.0 -0.12734
950.0 5450.0 -0.07662
1050.0 5450.0 0.02876
1150.0 5450.0 0.25939
1250.0 5450.0 0.57764
1350.0 5450.0 0.88393
1450.0 5450.0 1.08195
1550.0 5450.0 1.11873
1650.0 5450.0 0.99984
1750.0 5450.0 0.77953
1850.0 5450.0 0.52494
1950.0 5450.0 0.21270
2050.0 5450.0 -0.19014
2150.0 5450.0 -0.58213
2250.0 5450.0 -0.83065
2350.0 5450.0 -0.85379
2450.0 5450.0 -0.65764
2550.0 5450.0 -0.32899
2650.0 5450.0 0.01646
2750.0 5450.0 0.32550
2850.0 5450.0 0.55067
2950.0 5450.0 0.59746
3050.0 5450.0 0.46511
3150.0 5450.0 0.22396
3250.0 5450.0 -0.01955
3350.0 5450.0 -0.15815
3450.0 5450.0 -0.11923
3550.0 5450.0 0.09945
3650.0 5450.0 0.40270
3750.0 5450.0 0.71400
3850.0 5450.0 0.97628
3950.0 5450.0 1.10518
4050.0 5450.0 1.05050
4150.0 5450.0 0.82866
4250.0 5450.0 0.52156
4350.0 5450.0 0.24192
4450.0 5450.0 0.06517
4550.0 5450.0 -0.06277
4650.0 5450.0 -0.25395
4750.0 5450.0 -0.50169
4850.0 5450.0 -0.73129
4950.0 5450.0 -0.86533
5050.0 5450.0 -0.86363
5150.0 5450.0 -0.73812
5250.0 5450.0 -0.54263
5350.0 5450.0 -0.33750
5450.0 5450.0 -0.17602
5550.0 5450.0 -0.23262
5650.0 5450.0 -0.51917
5750.0 5450.0 -0.88232
5850.0 5450.0 -1.13061
5950.0 5450.0 -1.12150
6050.0 5450.0 -0.80802
6150.0 5450.0 -0.24501
6250.0 5450.0 0.44508
6350.0 5450.0 1.07232
50.0 5550.0 -0.50583
150.0 5550.0 -0.30435
250.0 5550.0 -0.12755
350.0 5550.0 -0.00661
450.0 5550.0 0.04014
550.0 5550.0 0.01897
650.0 5550.0 -0.03856
750.0 5550.0 -0.08584
850.0 5550.0 -0.08264
950.0 5550.0 -0.02726
1050.0 5550.0 0.09521
1150.0 5550.0 0.38707
1250.0 5550.0 0.81805
1350.0 5550.0 1.27374
1450.0 5550.0 1.63037
1550.0 5550.0 1.80462
1650.0 5550.0 1.77850
1750.0 5550.0 1.59926
1850.0 5550.0 1.35307
1950.0 5550.0 1.03530
2050.0 5550.0 0.59688
2150.0 5550.0 0.13416
2250.0 5550.0 -0.21173
2350.0 5550.0 -0.34132
2450.0 5550.0 -0.23986
2550.0 5550.0 0.02312
2650.0 5550.0 0.33752
2750.0 5550.0 0.63570
2850.0 5550.0 0.85690
2950.0 5550.0 0.91037
3050.0 5550.0 0.79282
3150.0 5550.0 0.56824
3250.0 5550.0 0.33621
3350.0 5550.0 0.19915
3450.0 5550.0 0.22823
3550.0 5550.0 0.42816
3650.0 5550.0 0.70895
3750.0 5550.0 0.99225
3850.0 5550.0 1.21508
3950.0 5550.0 1.29194
4050.0 5550.0 1.17600
4150.0 5550.0 0.89016
4250.0 5550.0 0.52395
4350.0 5550.0 0.19613
4450.0 5550.0 -0.01687
4550.0 5550.0 -0.17670
4650.0 5550.0 -0.40306
4750.0 5550.0 -0.68600
4850.0 5550.0 -0.94306
4950.0 5550.0 -1.09087
5050.0 5550.0 -1.08843
5150.0 5550.0 -0.95252
5250.0 5550.0 -0.74505
5350.0 5550.0 -0.53243
5450.0 5550.0 -0.35944
5550.0 5550.0 -0.36192
5650.0 5550.0 -0.53444
5750.0 5550.0 -0.73612
5850.0 5550.0 -0.80528
5950.0 5550.0 -0.63463
6050.0 5550.0 -0.20664
6150.0 5550.0 0.41080
6250.0 5550.0 1.10852
6350.0 5550.0 1.71772
50.0 5650.0 -0.36667
150.0 5650.0 -0.11434
250.0 5650.0 0.10756
350.0 5650.0 0.25903
450.0 5650.0 0.31578
550.0 5650.0 0.28487
650.0 5650.0 0.20610
750.0 5650.0 0.13894
850.0 5650.0 0.13525
950.0 5650.0 0.19779
1050.0 5650.0 0.33826
1150.0 5650.0 0.67669
1250.0 5650.0 1.18777
1350.0 5650.0 1.74769
1450.0 5650.0 2.21499
1550.0 5650.0 2.48657
1650.0 5650.0 2.52894
1750.0 5650.0 2.38457
1850.0 5650.0 2.15192
1950.0 5650.0 1.83830
2050.0 5650.0 1.38109
2150.0 5650.0 0.86856
2250.0 5650.0 0.44447
2350.0 5650.0 0.22065
2450.0 5650.0 0.23027
2550.0 5650.0 0.42194
2650.0 5650.0 0.69462
2750.0 5650.0 0.97012
2850.0 5650.0 1.18090
2950.0 5650.0 1.24472
3050.0 5650.0 1.15267
3150.0 5650.0 0.95561
3250.0 5650.0 0.73964
3350.0 5650.0 0.59814
3450.0 5650.0 0.60039
3550.0 5650.0 0.75660
3650.0 5650.0 0.98770
3750.0 5650.0 1.22316
3850.0 5650.0 1.39918
3950.0 5650.0 1.42601
4050.0 5650.0 1.25295
4150.0 5650.0 0.90173
4250.0 5650.0 0.46387
4350.0 5650.0 0.06236
4450.0 5650.0 -0.22256
4550.0 5650.0 -0.45174
4650.0 5650.0 -0.73290
4750.0 5650.0 -1.03469
4850.0 5650.0 -1.26171
4950.0 5650.0 -1.33332
5050.0 5650.0 -1.22785
5150.0 5650.0 -0.99224
5250.0 5650.0 -0.71731
5350.0 5650.0 -0.47847
5450.0 5650.0 -0.28922
5550.0 5650.0 -0.24451
5650.0 5650.0 -0.32825
5750.0 5650.0 -0.41094
5850.0 5650.0 -0.35355
5950.0 5650.0 -0.07343
6050.0 5650.0 0.42821
6150.0 5650.0 1.07709
6250.0 5650.0 1.77513
6350.0 5650.0 2.36506
50.0 5750.0 0.00263
150.0 5750.0 0.32671
250.0 5750.0 0.60148
350.0 5750.0 0.77119
450.0 5750.0 0.80609
550.0 5750.0 0.72123
650.0 5750.0 0.57619
750.0 5750.0 0.45568
850.0 5750.0 0.43094
950.0 5750.0 0.50240
1050.0 5750.0 0.65794
1150.0 5750.0 1.01456
1250.0 5750.0 1.54787
1350.0 5750.0 2.13341
1450.0 5750.0 2.62789
1550.0 5750.0 2.92588
1650.0 5750.0 2.99170
1750.0 5750.0 2.86681
1850.0 5750.0 2.65096
1950.0 5750.0 2.35323
2050.0 5750.0 1.90498
2150.0 5750.0 1.38471
2250.0 5750.0 0.93028
2350.0 5750.0 0.65541
2450.0 5750.0 0.60315
2550.0 5750.0 0.73632
2650.0 5750.0 0.96493
2750.0 5750.0 1.20845
2850.0 5750.0 1.40382
2950.0 5750.0 1.48197
3050.0 5750.0 1.42577
3150.0 5750.0 1.26721
3250.0 5750.0 1.07303
3350.0 5750.0 0.92381
3450.0 5750.0 0.88620
3550.0 5750.0 0.97850
3650.0 5750.0 1.13798
3750.0 5750.0 1.31611
3850.0 5750.0 1.45808
3950.0 5750.0 1.46653
4050.0 5750.0 1.27596
4150.0 5750.0 0.89345
4250.0 5750.0 0.40113
4350.0 5750.0 -0.07947
4450.0 5750.0 -0.46127
4550.0 5750.0 -0.79080
4650.0 5750.0 -1.14618
4750.0 5750.0 -1.46169
4850.0 5750.0 -1.62401
4950.0 5750.0 -1.56024
5050.0 5750.0 -1.28162
5150.0 5750.0 -0.88345
5250.0 5750.0 -0.50106
5350.0 5750.0 -0.22190
5450.0 5750.0 -0.01417
5550.0 5750.0 0.05919
5650.0 5750.0 0.01458
5750.0 5750.0 -0.02609
5850.0 5750.0 0.06706
5950.0 5750.0 0.37013
6050.0 5750.0 0.88014
6150.0 5750.0 1.52592
6250.0 5750.0 2.21536
6350.0 5750.0 2.79093
50.0 5850.0 0.43455
150.0 5850.0 0.83855
250.0 5850.0 1.16603
350.0 5850.0 1.34181
450.0 5850.0 1.33176
550.0 5850.0 1.16372
650.0 5850.0 0.92406
750.0 5850.0 0.72960
850.0 5850.0 0.67494
950.0 5850.0 0.75563
1050.0 5850.0 0.92023
1150.0 5850.0 1.26169
1250.0 5850.0 1.75214
1350.0 5850.0 2.27578
1450.0 5850.0 2.70454
1550.0 5850.0 2.94932
1650.0 5850.0 2.98672
1750.0 5850.0 2.86136
1850.0 5850.0 2.66242
1950.0 5850.0 2.39047
2050.0 5850.0 1.98117
2150.0 5850.0 1.50353
2250.0 5850.0 1.08098
2350.0 5850.0 0.81664
2450.0 5850.0 0.75134
2550.0 5850.0 0.85424
2650.0 5850.0 1.04620
2750.0 5850.0 1.25437
2850.0 5850.0 1.43262
2950.0 5850.0 1.52800
3050.0 5850.0 1.51410
3150.0 5850.0 1.40123
3250.0 5850.0 1.23385
3350.0 5850.0 1.07761
3450.0 5850.0 0.99595
3550.0 5850.0 1.01626
3650.0 5850.0 1.09542
3750.0 5850.0 1.22114
3850.0 5850.0 1.35907
3950.0 5850.0 1.40183
4050.0 5850.0 1.25783
4150.0 5850.0 0.90455
4250.0 5850.0 0.40103
4350.0 5850.0 -0.14056
4450.0 5850.0 -0.62407
4550.0 5850.0 -1.06729
4650.0 5850.0 -1.50944
4750.0 5850.0 -1.84732
4850.0 5850.0 -1.94686
4950.0 5850.0 -1.74204
5050.0 5850.0 -1.27900
5150.0 5850.0 -0.70554
5250.0 5850.0 -0.20614
5350.0 5850.0 0.11757
5450.0 5850.0 0.34254
5550.0 5850.0 0.41990
5650.0 5850.0 0.35564
5750.0 5850.0 0.26945
5850.0 5850.0 0.29772
5950.0 5850.0 0.52999
6050.0 5850.0 0.97937
6150.0 5850.0 1.58696
6250.0 5850.0 2.26025
6350.0 5850.0 2.83127
50.0 5950.0 0.74437
150.0 5950.0 1.22118
250.0 5950.0 1.59362
350.0 5950.0 1.76791
450.0 5950.0 1.70672
550.0 5950.0 1.45152
650.0 5950.0 1.11540
750.0 5950.0 0.84640
850.0 5950.0 0.76128
950.0 5950.0 0.85004
1050.0 5950.0 1.01686
1150.0 5950.0 1.31730
1250.0 5950.0 1.71678
1350.0 5950.0 2.11460
1450.0 5950.0 2.40978
1550.0 5950.0 2.54267
1650.0 5950.0 2.51227
1750.0 5950.0 2.36936
1850.0 5950.0 2.18439
1950.0 5950.0 1.94270
2050.0 5950.0 1.59345
2150.0 5950.0 1.19828
2250.0 5950.0 0.86082
2350.0 5950.0 0.66371
2450.0 5950.0 0.63444
2550.0 5950.0 0.73982
2650.0 5950.0 0.90924
2750.0 5950.0 1.08567
2850.0 5950.0 1.24890
2950.0 5950.0 1.36231
3050.0 5950.0 1.39098
3150.0 5950.0 1.32472
3250.0 5950.0 1.18661
3350.0 5950.0 1.02767
3450.0 5950.0 0.90777
3550.0 5950.0 0.86267
3650.0 5950.0 0.86883
3750.0 5950.0 0.95914
3850.0 5950.0 1.12866
3950.0 5950.0 1.25933
4050.0 5950.0 1.22603
4150.0 5950.0 0.96575
4250.0 5950.0 0.50353
4350.0 5950.0 -0.06491
4450.0 5950.0 -0.63374
4550.0 5950.0 -1.18205
4650.0 5950.0 -1.71225
4750.0 5950.0 -2.09130
4850.0 5950.0 -2.16455
4950.0 5950.0 -1.86679
5050.0 5950.0 -1.26897
5150.0 5950.0 -0.56055
5250.0 5950.0 0.03250
5350.0 5950.0 0.39395
5450.0 5950.0 0.63200
5550.0 5950.0 0.69190
5650.0 5950.0 0.56201
5750.0 5950.0 0.36473
5850.0 5950.0 0.25501
5950.0 5950.0 0.35022
6050.0 5950.0 0.69172
6150.0 5950.0 1.23843
6250.0 5950.0 1.89210
6350.0 5950.0 2.46954
50.0 6050.0 0.78931
150.0 6050.0 1.31884
250.0 6050.0 1.72369
350.0 6050.0 1.89658
450.0 6050.0 1.79790
550.0 6050.0 1.47905
650.0 6050.0 1.07261
750.0 6050.0 0.74931
850.0 6050.0 0.64198
950.0 6050.0 0.73656
1050.0 6050.0 0.90063
1150.0 6050.0 1.15186
1250.0 6050.0 1.44837
1350.0 6050.0 1.70552
1450.0 6050.0 1.85134
1550.0 6050.0 1.85789
1650.0 6050.0 1.74843
1750.0 6050.0 1.58052
1850.0 6050.0 1.40455
1950.0 6050.0 1.19029
2050.0 6050.0 0.90488
2150.0 6050.0 0.60575
2250.0 6050.0 0.37670
2350.0 6050.0 0.27653
2450.0 6050.0 0.31360
2550.0 6050.0 0.44616
2650.0 6050.0 0.60859
2750.0 6050.0 0.76265
2850.0 6050.0 0.91604
2950.0 6050.0 1.04583
3050.0 6050.0 1.11091
3150.0 6050.0 1.08536
3250.0 6050.0 0.97540
3350.0 6050.0 0.82011
3450.0 6050.0 0.67587
3550.0 6050.0 0.58448
3650.0 6050.0 0.53855
3750.0 6050.0 0.61633
3850.0 6050.0 0.84503
3950.0 6050.0 1.09738
4050.0 6050.0 1.21414
4150.0 6050.0 1.08926
4250.0 6050.0 0.71004
4350.0 6050.0 0.15217
4450.0 6050.0 -0.47014
4550.0 6050.0 -1.09570
4650.0 6050.0 -1.70314
4750.0 6050.0 -2.14532
4850.0 6050.0 -2.25022
4950.0 6050.0 -1.94430
5050.0 6050.0 -1.30481
5150.0 6050.0 -0.54073
5250.0 6050.0 0.09780
5350.0 6050.0 0.48142
5450.0 6050.0 0.72702
5550.0 6050.0 0.75956
5650.0 6050.0 0.54907
5750.0 6050.0 0.22316
5850.0 6050.0 -0.04101
5950.0 6050.0 -0.09516
6050.0 6050.0 0.13193
6150.0 6050.0 0.61660
6250.0 6050.0 1.25274
6350.0 6050.0 1.84446
50.0 6150.0 0.51819
150.0 6150.0 1.07439
250.0 6150.0 1.49859
350.0 6150.0 1.67755
450.0 6150.0 1.56975
550.0 6150.0 1.22972
650.0 6150.0 0.79764
750.0 6150.0 0.45380
850.0 6150.0 0.33833
950.0 6150.0 0.43617
1050.0 6150.0 0.59593
1150.0 6150.0 0.80966
1250.0 6150.0 1.03020
1350.0 6150.0 1.18431
1450.0 6150.0 1.22074
1550.0 6150.0 1.13421
1650.0 6150.0 0.96541
1750.0 6150.0 0.77684
1850.0 6150.0 0.60457
1950.0 6150.0 0.40877
2050.0 6150.0 0.17294
2150.0 6150.0 -0.04656
2250.0 6150.0 -0.18058
2350.0 6150.0 -0.19008
2450.0 6150.0 -0.08457
2550.0 6150.0 0.08391
2650.0 6150.0 0.25115
2750.0 6150.0 0.39472
2850.0 6150.0 0.54475
2950.0 6150.0 0.68741
3050.0 6150.0 0.77853
3150.0 6150.0 0.78310
3250.0 6150.0 0.69708
3350.0 6150.0 0.55169
3450.0 6150.0 0.40025
3550.0 6150.0 0.28753
3650.0 6150.0 0.21676
3750.0 6150.0 0.30302
3850.0 6150.0 0.60161
3950.0 6150.0 0.97903
4050.0 6150.0 1.24817
4150.0 6150.0 1.26638
4250.0 6150.0 0.98758
4350.0 6150.0 0.46852
4450.0 6150.0 -0.17089
4550.0 6150.0 -0.83635
4650.0 6150.0 -1.50205
4750.0 6150.0 -2.02514
4850.0 6150.0 -2.22135
4950.0 6150.0 -1.99966
5050.0 6150.0 -1.42308
5150.0 6150.0 -0.69432
5250.0 6150.0 -0.06666
5350.0 6150.0 0.32020
5450.0 6150.0 0.56832
5550.0 6150.0 0.57813
5650.0 6150.0 0.30706
5750.0 6150.0 -0.11263
5850.0 6150.0 -0.48731
5950.0 6150.0 -0.64669
6050.0 6150.0 -0.49890
6150.0 6150.0 -0.05615
6250.0 6150.0 0.56923
6350.0 6150.0 1.17754
50.0 6250.0 0.01181
150.0 6250.0 0.57420
250.0 6250.0 1.00899
350.0 6250.0 1.20343
450.0 6250.0 1.11386
550.0 6250.0 0.79170
650.0 6250.0 0.37420
750.0 6250.0 0.03992
850.0 6250.0 -0.07103
950.0 6250.0 0.02822
1050.0 6250.0 0.18477
1150.0 6250.0 0.38080
1250.0 6250.0 0.56681
1350.0 6250.0 0.67449
1450.0 6250.0 0.66162
1550.0 6250.0 0.53286
1650.0 6250.0 0.33654
1750.0 6250.0 0.13736
1850.0 6250.0 -0.03481
1950.0 6250.0 -0.22176
2050.0 6250.0 -0.42832
2150.0 6250.0 -0.59721
2250.0 6250.0 -0.66744
2350.0 6250.0 -0.61251
2450.0 6250.0 -0.45457
2550.0 6250.0 -0.25437
2650.0 6250.0 -0.07702
2750.0 6250.0 0.06527
2850.0 6250.0 0.21692
2950.0 6250.0 0.36904
3050.0 6250.0 0.47691
3150.0 6250.0 0.50191
3250.0 6250.0 0.43520
3350.0 6250.0 0.30365
3450.0 6250.0 0.15807
3550.0 6250.0 0.04372
3650.0 6250.0 -0.03043
3750.0 6250.0 0.07671
3850.0 6250.0 0.44169
3950.0 6250.0 0.92764
4050.0 6250.0 1.32784
4150.0 6250.0 1.47269
4250.0 6250.0 1.29061
4350.0 6250.0 0.82293
4450.0 6250.0 0.19263
4550.0 6250.0 -0.48281
4650.0 6250.0 -1.18952
4750.0 6250.0 -1.80241
4850.0 6250.0 -2.12941
4950.0 6250.0 -2.05622
5050.0 6250.0 -1.61701
5150.0 6250.0 -0.98940
5250.0 6250.0 -0.41399
5350.0 6250.0 -0.03815
5450.0 6250.0 0.20954
5550.0 6250.0 0.20853
5650.0 6250.0 -0.08864
5750.0 6250.0 -0.54735
5850.0 6250.0 -0.96701
5950.0 6250.0 -1.16840
6050.0 6250.0 -1.05161
6150.0 6250.0 -0.62469
6250.0 6250.0 -0.00279
6350.0 6250.0 0.62013
50.0 6350.0 -0.52452
150.0 6350.0 0.03370
250.0 6350.0 0.46805
350.0 6350.0 0.66856
450.0 6350.0 0.59226
550.0 6350.0 0.28886
650.0 6350.0 -0.10811
750.0 6350.0 -0.42464
850.0 6350.0 -0.52396
950.0 6350.0 -0.41858
1050.0 6350.0 -0.26157
1150.0 6350.0 -0.08085
1250.0 6350.0 0.07240
1350.0 6350.0 0.13614
1450.0 6350.0 0.07824
1550.0 6350.0 -0.08632
1650.0 6350.0 -0.30199
1750.0 6350.0 -0.50277
1850.0 6350.0 -0.66579
1950.0 6350.0 -0.83400
2050.0 6350.0 -1.00091
2150.0 6350.0 -1.11142
2250.0 6350.0 -1.11568
2350.0 6350.0 -1.00083
2450.0 6350.0 -0.80016
2550.0 6350.0 -0.57963
2650.0 6350.0 -0.40175
2750.0 6350.0 -0.26818
2850.0 6350.0 -0.12315
2950.0 6350.0 0.02953
3050.0 6350.0 0.14724
3150.0 6350.0 0.19028
3250.0 6350.0 0.14591
3350.0 6350.0 0.03544
3450.0 6350.0 -0.09560
3550.0 6350.0 -0.20411
3650.0 6350.0 -0.27573
3750.0 6350.0 -0.14492
3850.0 6350.0 0.28366
3950.0 6350.0 0.87040
4050.0 6350.0 1.39155
4150.0 6350.0 1.65388
4250.0 6350.0 1.56333
4350.0 6350.0 1.14743
4450.0 6350.0 0.53171
4550.0 6350.0 -0.14661
4650.0 6350.0 -0.88981
4750.0 6350.0 -1.59347
4850.0 6350.0 -2.05888
4950.0 6350.0 -2.14736
5050.0 6350.0 -1.86119
5150.0 6350.0 -1.34883
5250.0 6350.0 -0.83463
5350.0 6350.0 -0.47297
5450.0 6350.0 -0.22528
5550.0 6350.0 -0.22675
5650.0 6350.0 -0.52692
5750.0 6350.0 -0.99328
5850.0 6350.0 -1.42585
5950.0 6350.0 -1.64406
6050.0 6350.0 -1.54515
6150.0 6350.0 -1.13400
6250.0 6350.0 -0.52457
6350.0 6350.0 0.10098
