50.0 50.0 -0.02751
150.0 50.0 0.27762
250.0 50.0 0.31642
350.0 50.0 0.36292
450.0 50.0 0.50175
550.0 50.0 0.61440
650.0 50.0 0.59153
750.0 50.0 0.42703
850.0 50.0 0.20091
950.0 50.0 -0.01897
1050.0 50.0 -0.16822
1150.0 50.0 -0.19788
1250.0 50.0 -0.13788
1350.0 50.0 -0.08735
1450.0 50.0 -0.12488
1550.0 50.0 -0.19485
1650.0 50.0 -0.21358
1750.0 50.0 -0.09696
1850.0 50.0 0.15812
1950.0 50.0 0.44887
2050.0 50.0 0.65821
2150.0 50.0 0.76780
2250.0 50.0 0.58712
2350.0 50.0 0.12795
2450.0 50.0 -0.36326
2550.0 50.0 -0.62095
2650.0 50.0 -0.54765
2750.0 50.0 -0.31709
2850.0 50.0 -0.00823
2950.0 50.0 0.26493
3050.0 50.0 0.35452
3150.0 50.0 0.25225
3250.0 50.0 0.08509
3350.0 50.0 -0.06019
3450.0 50.0 -0.20315
3550.0 50.0 -0.32782
3650.0 50.0 -0.42079
3750.0 50.0 -0.49194
3850.0 50.0 -0.56726
3950.0 50.0 -0.65013
4050.0 50.0 -0.61719
4150.0 50.0 -0.42256
4250.0 50.0 -0.18990
4350.0 50.0 -0.06883
4450.0 50.0 -0.12904
4550.0 50.0 -0.30039
4650.0 50.0 -0.34905
4750.0 50.0 -0.14676
4850.0 50.0 0.18806
4950.0 50.0 0.44165
5050.0 50.0 0.45702
5150.0 50.0 0.27188
5250.0 50.0 0.22002
5350.0 50.0 0.51272
5450.0 50.0 0.96777
5550.0 50.0 1.27819
5650.0 50.0 1.24320
5750.0 50.0 0.91805
5850.0 50.0 0.58686
5950.0 50.0 0.40602
6050.0 50.0 0.37054
6150.0 50.0 0.37110
6250.0 50.0 0.26982
6350.0 50.0 0.01527
50.0 150.0 -0.11073
150.0 150.0 0.18373
250.0 150.0 0.27241
350.0 150.0 0.38543
450.0 150.0 0.58525
550.0 150.0 0.70615
650.0 150.0 0.62511
750.0 150.0 0.37344
850.0 150.0 0.07757
950.0 150.0 -0.20670
1050.0 150.0 -0.40689
1150.0 150.0 -0.43417
1250.0 150.0 -0.31105
1350.0 150.0 -0.17608
1450.0 150.0 -0.15469
1550.0 150.0 -0.19472
1650.0 150.0 -0.25774
1750.0 150.0 -0.26459
1850.0 150.0 -0.15839
1950.0 150.0 0.03070
2050.0 150.0 0.22144
2150.0 150.0 0.34989
2250.0 150.0 0.23059
2350.0 150.0 -0.09234
2450.0 150.0 -0.38860
2550.0 150.0 -0.45269
2650.0 150.0 -0.24401
2750.0 150.0 0.08036
2850.0 150.0 0.42437
2950.0 150.0 0.62668
3050.0 150.0 0.56144
3150.0 150.0 0.30403
3250.0 150.0 0.06486
3350.0 150.0 -0.08442
3450.0 150.0 -0.16816
3550.0 150.0 -0.16958
3650.0 150.0 -0.14114
3750.0 150.0 -0.15582
3850.0 150.0 -0.25629
3950.0 150.0 -0.40632
4050.0 150.0 -0.45841
4150.0 150.0 -0.34186
4250.0 150.0 -0.13688
4350.0 150.0 0.01397
4450.0 150.0 0.00516
4550.0 150.0 -0.12563
4650.0 150.0 -0.13861
4750.0 150.0 0.06699
4850.0 150.0 0.34519
4950.0 150.0 0.49648
5050.0 150.0 0.41339
5150.0 150.0 0.16365
5250.0 150.0 0.04758
5350.0 150.0 0.26043
5450.0 150.0 0.62398
5550.0 150.0 0.84368
5650.0 150.0 0.73081
5750.0 150.0 0.34203
5850.0 150.0 -0.01025
5950.0 150.0 -0.09162
6050.0 150.0 0.06331
6150.0 150.0 0.24709
6250.0 150.0 0.22869
6350.0 150.0 -0.05883
50.0 250.0 -0.34406
150.0 250.0 -0.14527
250.0 250.0 -0.06245
350.0 250.0 0.07154
450.0 250.0 0.32274
550.0 250.0 0.50976
650.0 250.0 0.48225
750.0 250.0 0.25358
850.0 250.0 -0.04549
950.0 250.0 -0.32554
1050.0 250.0 -0.47701
1150.0 250.0 -0.41444
1250.0 250.0 -0.19388
1350.0 250.0 0.00665
1450.0 250.0 0.04791
1550.0 250.0 -0.00130
1650.0 250.0 -0.14201
1750.0 250.0 -0.29024
1850.0 250.0 -0.33474
1950.0 250.0 -0.24476
2050.0 250.0 -0.07928
2150.0 250.0 0.05944
2250.0 250.0 0.00285
2350.0 250.0 -0.19908
2450.0 250.0 -0.35586
2550.0 250.0 -0.31492
2650.0 250.0 -0.06326
2750.0 250.0 0.27225
2850.0 250.0 0.60402
2950.0 250.0 0.76190
3050.0 250.0 0.63532
3150.0 250.0 0.32708
3250.0 250.0 0.06749
3350.0 250.0 -0.07955
3450.0 250.0 -0.11475
3550.0 250.0 -0.00728
3650.0 250.0 0.15082
3750.0 250.0 0.23280
3850.0 250.0 0.16542
3950.0 250.0 0.00712
4050.0 250.0 -0.08459
4150.0 250.0 -0.05067
4250.0 250.0 0.05674
4350.0 250.0 0.13357
4450.0 250.0 0.09604
4550.0 250.0 -0.03302
4650.0 250.0 -0.06689
4750.0 250.0 0.06449
4850.0 250.0 0.23213
4950.0 250.0 0.27942
5050.0 250.0 0.13782
5150.0 250.0 -0.12605
5250.0 250.0 -0.25835
5350.0 250.0 -0.08215
5450.0 250.0 0.23103
5550.0 250.0 0.40334
5650.0 250.0 0.26077
5750.0 250.0 -0.13949
5850.0 250.0 -0.47207
5950.0 250.0 -0.44946
6050.0 250.0 -0.12665
6150.0 250.0 0.22045
6250.0 250.0 0.29544
6350.0 250.0 0.02024
50.0 350.0 -0.59128
150.0 350.0 -0.50835
250.0 350.0 -0.43192
350.0 350.0 -0.28203
450.0 350.0 0.00041
550.0 350.0 0.23467
650.0 350.0 0.25980
750.0 350.0 0.07427
850.0 350.0 -0.19704
950.0 350.0 -0.43980
1050.0 350.0 -0.51128
1150.0 350.0 -0.33792
1250.0 350.0 -0.01173
1350.0 350.0 0.25726
1450.0 350.0 0.32557
1550.0 350.0 0.28054
1650.0 350.0 0.08776
1750.0 350.0 -0.17263
1850.0 350.0 -0.34868
1950.0 350.0 -0.35452
2050.0 350.0 -0.22188
2150.0 350.0 -0.08327
2250.0 350.0 -0.09216
2350.0 350.0 -0.19620
2450.0 350.0 -0.24293
2550.0 350.0 -0.12619
2650.0 350.0 0.14557
2750.0 350.0 0.47274
2850.0 350.0 0.77428
2950.0 350.0 0.88630
3050.0 350.0 0.72250
3150.0 350.0 0.40294
3250.0 350.0 0.15686
3350.0 350.0 0.03416
3450.0 350.0 0.04392
3550.0 350.0 0.21989
3650.0 350.0 0.44963
3750.0 350.0 0.58411
3850.0 350.0 0.54147
3950.0 350.0 0.39171
4050.0 350.0 0.28637
4150.0 350.0 0.26704
4250.0 350.0 0.29478
4350.0 350.0 0.29741
4450.0 350.0 0.21977
4550.0 350.0 0.07996
4650.0 350.0 0.00812
4750.0 350.0 0.04893
4850.0 350.0 0.10565
4950.0 350.0 0.06877
5050.0 350.0 -0.10242
5150.0 350.0 -0.35509
5250.0 350.0 -0.49382
5350.0 350.0 -0.37764
5450.0 350.0 -0.15820
5550.0 350.0 -0.06857
5650.0 350.0 -0.24575
5750.0 350.0 -0.63346
5850.0 350.0 -0.93021
5950.0 350.0 -0.82453
6050.0 350.0 -0.37738
6150.0 350.0 0.09921
6250.0 350.0 0.26853
6350.0 350.0 0.04070
50.0 450.0 -0.73201
150.0 450.0 -0.75914
250.0 450.0 -0.66457
350.0 450.0 -0.49628
450.0 450.0 -0.24145
550.0 450.0 -0.04807
650.0 450.0 -0.03238
750.0 450.0 -0.17490
850.0 450.0 -0.36583
950.0 450.0 -0.51967
1050.0 450.0 -0.50051
1150.0 450.0 -0.24673
1250.0 450.0 0.14330
1350.0 450.0 0.46595
1450.0 450.0 0.58952
1550.0 450.0 0.60088
1650.0 450.0 0.44354
1750.0 450.0 0.16645
1850.0 450.0 -0.07805
1950.0 450.0 -0.16419
2050.0 450.0 -0.07953
2150.0 450.0 0.03546
2250.0 450.0 0.03551
2350.0 450.0 -0.02294
2450.0 450.0 -0.01183
2550.0 450.0 0.14186
2650.0 450.0 0.41192
2750.0 450.0 0.71312
2850.0 450.0 0.95354
2950.0 450.0 0.99893
3050.0 450.0 0.81575
3150.0 450.0 0.54052
3250.0 450.0 0.37396
3350.0 450.0 0.33115
3450.0 450.0 0.38394
3550.0 450.0 0.53546
3650.0 450.0 0.68994
3750.0 450.0 0.75160
3850.0 450.0 0.69086
3950.0 450.0 0.56986
4050.0 450.0 0.50201
4150.0 450.0 0.51210
4250.0 450.0 0.54041
4350.0 450.0 0.51476
4450.0 450.0 0.40165
4550.0 450.0 0.23452
4650.0 450.0 0.10743
4750.0 450.0 0.05932
4850.0 450.0 0.04393
4950.0 450.0 -0.00882
5050.0 450.0 -0.14220
5150.0 450.0 -0.33680
5250.0 450.0 -0.46903
5350.0 450.0 -0.46884
5450.0 450.0 -0.43984
5550.0 450.0 -0.51186
5650.0 450.0 -0.73911
5750.0 450.0 -1.06980
5850.0 450.0 -1.30919
5950.0 450.0 -1.19389
6050.0 450.0 -0.75364
6150.0 450.0 -0.25371
6250.0 450.0 -0.00712
6350.0 450.0 -0.11717
50.0 550.0 -0.67232
150.0 550.0 -0.75666
250.0 550.0 -0.62025
350.0 550.0 -0.43537
450.0 550.0 -0.26227
550.0 550.0 -0.19091
650.0 550.0 -0.24646
750.0 550.0 -0.35643
850.0 550.0 -0.43197
950.0 550.0 -0.47284
1050.0 550.0 -0.40810
1150.0 550.0 -0.17983
1250.0 550.0 0.16062
1350.0 550.0 0.47532
1450.0 550.0 0.66268
1550.0 550.0 0.77083
1650.0 550.0 0.73102
1750.0 550.0 0.54030
1850.0 550.0 0.30941
1950.0 550.0 0.17861
2050.0 550.0 0.21130
2150.0 550.0 0.28383
2250.0 550.0 0.24905
2350.0 550.0 0.16823
2450.0 550.0 0.16605
2550.0 550.0 0.30536
2650.0 550.0 0.55091
2750.0 550.0 0.81396
2850.0 550.0 0.97435
2950.0 550.0 0.94416
3050.0 550.0 0.76057
3150.0 550.0 0.57341
3250.0 550.0 0.53431
3350.0 550.0 0.61035
3450.0 550.0 0.70528
3550.0 550.0 0.76831
3650.0 550.0 0.74600
3750.0 550.0 0.64812
3850.0 550.0 0.53971
3950.0 550.0 0.46181
4050.0 550.0 0.47070
4150.0 550.0 0.57693
4250.0 550.0 0.67348
4350.0 550.0 0.66128
4450.0 550.0 0.52031
4550.0 550.0 0.31488
4650.0 550.0 0.13052
4750.0 550.0 0.02398
4850.0 550.0 0.00411
4950.0 550.0 0.01879
5050.0 550.0 -0.01179
5150.0 550.0 -0.11321
5250.0 550.0 -0.21358
5350.0 550.0 -0.31335
5450.0 550.0 -0.46135
5550.0 550.0 -0.67530
5650.0 550.0 -0.92234
5750.0 550.0 -1.15837
5850.0 550.0 -1.33571
5950.0 550.0 -1.30403
6050.0 550.0 -1.02824
6150.0 550.0 -0.64330
6250.0 550.0 -0.36929
6350.0 550.0 -0.31996
50.0 650.0 -0.45237
150.0 650.0 -0.52769
250.0 650.0 -0.34334
350.0 650.0 -0.14709
450.0 650.0 -0.06652
550.0 650.0 -0.13347
650.0 650.0 -0.27815
750.0 650.0 -0.36977
850.0 650.0 -0.33862
950.0 650.0 -0.28920
1050.0 650.0 -0.25220
1150.0 650.0 -0.16209
1250.0 650.0 0.01822
1350.0 650.0 0.25633
1450.0 650.0 0.48875
1550.0 650.0 0.69284
1650.0 650.0 0.78886
1750.0 650.0 0.72298
1850.0 650.0 0.55031
1950.0 650.0 0.40702
2050.0 650.0 0.39857
2150.0 650.0 0.42816
2250.0 650.0 0.34028
2350.0 650.0 0.20021
2450.0 650.0 0.14342
2550.0 650.0 0.23982
2650.0 650.0 0.45305
2750.0 650.0 0.68029
2850.0 650.0 0.76799
2950.0 650.0 0.67231
3050.0 650.0 0.49510
3150.0 650.0 0.39604
3250.0 650.0 0.47901
3350.0 650.0 0.66747
3450.0 650.0 0.80539
3550.0 650.0 0.79230
3650.0 650.0 0.61228
3750.0 650.0 0.37100
3850.0 650.0 0.22054
3950.0 650.0 0.18359
4050.0 650.0 0.26796
4150.0 650.0 0.47273
4250.0 650.0 0.64388
4350.0 650.0 0.65285
4450.0 650.0 0.48947
4550.0 650.0 0.24855
4650.0 650.0 0.02279
4750.0 650.0 -0.10213
4850.0 650.0 -0.07552
4950.0 650.0 0.04727
5050.0 650.0 0.13602
5150.0 650.0 0.12541
5250.0 650.0 0.07777
5350.0 650.0 -0.03957
5450.0 650.0 -0.24187
5550.0 650.0 -0.48547
5650.0 650.0 -0.69409
5750.0 650.0 -0.83175
5850.0 650.0 -0.96382
5950.0 650.0 -1.06451
6050.0 650.0 -1.02791
6150.0 650.0 -0.83332
6250.0 650.0 -0.58196
6350.0 650.0 -0.39204
50.0 750.0 -0.23669
150.0 750.0 -0.27432
250.0 750.0 -0.05852
350.0 750.0 0.14448
450.0 750.0 0.17398
550.0 750.0 0.03070
650.0 750.0 -0.16263
750.0 750.0 -0.24294
850.0 750.0 -0.15139
950.0 750.0 -0.06419
1050.0 750.0 -0.10025
1150.0 750.0 -0.18074
1250.0 750.0 -0.18284
1350.0 750.0 -0.04401
1450.0 750.0 0.20158
1550.0 750.0 0.45959
1650.0 750.0 0.63094
1750.0 750.0 0.63318
1850.0 750.0 0.49091
1950.0 750.0 0.33895
2050.0 750.0 0.30684
2150.0 750.0 0.31198
2250.0 750.0 0.19269
2350.0 750.0 0.01649
2450.0 750.0 -0.07410
2550.0 750.0 -0.00398
2650.0 750.0 0.19035
2750.0 750.0 0.39699
2850.0 750.0 0.44031
2950.0 750.0 0.30074
3050.0 750.0 0.11911
3150.0 750.0 0.06385
3250.0 750.0 0.21359
3350.0 750.0 0.46700
3450.0 750.0 0.64987
3550.0 750.0 0.64093
3650.0 750.0 0.42976
3750.0 750.0 0.15304
3850.0 750.0 -0.00255
3950.0 750.0 -0.01571
4050.0 750.0 0.10277
4150.0 750.0 0.34146
4250.0 750.0 0.52647
4350.0 750.0 0.52391
4450.0 750.0 0.33717
4550.0 750.0 0.07538
4650.0 750.0 -0.17004
4750.0 750.0 -0.29451
4850.0 750.0 -0.22672
4950.0 750.0 -0.02979
5050.0 750.0 0.13292
5150.0 750.0 0.17460
5250.0 750.0 0.17988
5350.0 750.0 0.13094
5450.0 750.0 0.01304
5550.0 750.0 -0.14089
5650.0 750.0 -0.26954
5750.0 750.0 -0.34239
5850.0 750.0 -0.45475
5950.0 750.0 -0.65384
6050.0 750.0 -0.78943
6150.0 750.0 -0.73851
6250.0 750.0 -0.52137
6350.0 750.0 -0.25640
50.0 850.0 -0.15039
150.0 850.0 -0.16798
250.0 850.0 0.05516
350.0 850.0 0.26350
450.0 850.0 0.29912
550.0 850.0 0.16515
650.0 850.0 -0.01532
750.0 850.0 -0.08159
850.0 850.0 0.02263
950.0 850.0 0.10337
1050.0 850.0 -0.00222
1150.0 850.0 -0.20407
1250.0 850.0 -0.32904
1350.0 850.0 -0.26301
1450.0 850.0 -0.02726
1550.0 850.0 0.23586
1650.0 850.0 0.39712
1750.0 850.0 0.37088
1850.0 850.0 0.19165
1950.0 850.0 0.01055
2050.0 850.0 -0.03305
2150.0 850.0 -0.03023
2250.0 850.0 -0.14122
2350.0 850.0 -0.29774
2450.0 850.0 -0.36555
2550.0 850.0 -0.28003
2650.0 850.0 -0.08273
2750.0 850.0 0.11945
2850.0 850.0 0.14600
2950.0 850.0 -0.01982
3050.0 850.0 -0.22384
3150.0 850.0 -0.28747
3250.0 850.0 -0.13186
3350.0 850.0 0.13559
3450.0 850.0 0.36505
3550.0 850.0 0.44515
3650.0 850.0 0.33703
3750.0 850.0 0.13938
3850.0 850.0 0.01780
3950.0 850.0 0.00986
4050.0 850.0 0.11474
4150.0 850.0 0.30938
4250.0 850.0 0.43185
4350.0 850.0 0.37328
4450.0 850.0 0.15782
4550.0 850.0 -0.10981
4650.0 850.0 -0.36160
4750.0 850.0 -0.49454
4850.0 850.0 -0.43134
4950.0 850.0 -0.23181
5050.0 850.0 -0.06136
5150.0 850.0 -0.01090
5250.0 850.0 0.03133
5350.0 850.0 0.08810
5450.0 850.0 0.12266
5550.0 850.0 0.11179
5650.0 850.0 0.06688
5750.0 850.0 0.01647
5850.0 850.0 -0.09326
5950.0 850.0 -0.31290
6050.0 850.0 -0.48385
6150.0 850.0 -0.46317
6250.0 850.0 -0.25505
6350.0 850.0 0.02243
50.0 950.0 -0.15546
150.0 950.0 -0.16576
250.0 950.0 0.05107
350.0 950.0 0.25980
450.0 950.0 0.32065
550.0 950.0 0.23189
650.0 950.0 0.09726
750.0 950.0 0.05736
850.0 950.0 0.16452
950.0 950.0 0.23371
1050.0 950.0 0.07950
1150.0 950.0 -0.21134
1250.0 950.0 -0.44032
1350.0 950.0 -0.45635
1450.0 950.0 -0.26285
1550.0 950.0 -0.03206
1650.0 950.0 0.08758
1750.0 950.0 0.01781
1850.0 950.0 -0.19613
1950.0 950.0 -0.39924
2050.0 950.0 -0.45683
2150.0 950.0 -0.46513
2250.0 950.0 -0.57541
2350.0 950.0 -0.71168
2450.0 950.0 -0.74500
2550.0 950.0 -0.62666
2650.0 950.0 -0.41240
2750.0 950.0 -0.20236
2850.0 950.0 -0.16538
2950.0 950.0 -0.32010
3050.0 950.0 -0.51624
3150.0 950.0 -0.57664
3250.0 950.0 -0.42060
3350.0 950.0 -0.15064
3450.0 950.0 0.11174
3550.0 950.0 0.26614
3650.0 950.0 0.24826
3750.0 950.0 0.12032
3850.0 950.0 0.02587
3950.0 950.0 0.01615
4050.0 950.0 0.08911
4150.0 950.0 0.21033
4250.0 950.0 0.24610
4350.0 950.0 0.12499
4450.0 950.0 -0.10859
4550.0 950.0 -0.36456
4650.0 950.0 -0.60536
4750.0 950.0 -0.73677
4850.0 950.0 -0.68213
4950.0 950.0 -0.49474
5050.0 950.0 -0.33066
5150.0 950.0 -0.27775
5250.0 950.0 -0.20504
5350.0 950.0 -0.05087
5450.0 950.0 0.13015
5550.0 950.0 0.26138
5650.0 950.0 0.30323
5750.0 950.0 0.27907
5850.0 950.0 0.18817
5950.0 950.0 -0.00229
6050.0 950.0 -0.14151
6150.0 950.0 -0.09707
6250.0 950.0 0.12239
6350.0 950.0 0.40272
50.0 1050.0 -0.28639
150.0 1050.0 -0.30234
250.0 1050.0 -0.11808
350.0 1050.0 0.07034
450.0 1050.0 0.16150
550.0 1050.0 0.14972
650.0 1050.0 0.10156
750.0 1050.0 0.11257
850.0 1050.0 0.22146
950.0 1050.0 0.29431
1050.0 1050.0 0.16289
1150.0 1050.0 -0.13710
1250.0 1050.0 -0.44290
1350.0 1050.0 -0.58702
1450.0 1050.0 -0.52708
1550.0 1050.0 -0.41656
1650.0 1050.0 -0.36885
1750.0 1050.0 -0.43853
1850.0 1050.0 -0.60520
1950.0 1050.0 -0.77452
2050.0 1050.0 -0.85851
2150.0 1050.0 -0.92386
2250.0 1050.0 -1.09255
2350.0 1050.0 -1.25675
2450.0 1050.0 -1.26803
2550.0 1050.0 -1.09626
2650.0 1050.0 -0.83628
2750.0 1050.0 -0.58993
2850.0 1050.0 -0.48428
2950.0 1050.0 -0.54245
3050.0 1050.0 -0.64820
3150.0 1050.0 -0.65296
3250.0 1050.0 -0.48001
3350.0 1050.0 -0.21007
3450.0 1050.0 0.04189
3550.0 1050.0 0.16923
3650.0 1050.0 0.11354
3750.0 1050.0 -0.04938
3850.0 1050.0 -0.16428
3950.0 1050.0 -0.18547
4050.0 1050.0 -0.16420
4150.0 1050.0 -0.13969
4250.0 1050.0 -0.19154
4350.0 1050.0 -0.34410
4450.0 1050.0 -0.54680
4550.0 1050.0 -0.74242
4650.0 1050.0 -0.92329
4750.0 1050.0 -1.01271
4850.0 1050.0 -0.94645
4950.0 1050.0 -0.76907
5050.0 1050.0 -0.61112
5150.0 1050.0 -0.54609
5250.0 1050.0 -0.45583
5350.0 1050.0 -0.26724
5450.0 1050.0 -0.02093
5550.0 1050.0 0.19951
5650.0 1050.0 0.32900
5750.0 1050.0 0.37288
5850.0 1050.0 0.35815
5950.0 1050.0 0.27150
6050.0 1050.0 0.23414
6150.0 1050.0 0.34670
6250.0 1050.0 0.59463
6350.0 1050.0 0.88314
50.0 1150.0 -0.42900
150.0 1150.0 -0.45751
250.0 1150.0 -0.32629
350.0 1150.0 -0.18190
450.0 1150.0 -0.08251
550.0 1150.0 -0.03133
650.0 1150.0 0.00222
750.0 1150.0 0.06275
850.0 1150.0 0.16871
950.0 1150.0 0.26595
1050.0 1150.0 0.25163
1150.0 1150.0 0.06647
1250.0 1150.0 -0.23446
1350.0 1150.0 -0.50673
1450.0 1150.0 -0.64504
1550.0 1150.0 -0.72208
1650.0 1150.0 -0.75564
1750.0 1150.0 -0.76483
1850.0 1150.0 -0.79211
1950.0 1150.0 -0.86566
2050.0 1150.0 -0.98129
2150.0 1150.0 -1.14031
2250.0 1150.0 -1.41505
2350.0 1150.0 -1.64663
2450.0 1150.0 -1.64700
2550.0 1150.0 -1.40624
2650.0 1150.0 -1.07790
2750.0 1150.0 -0.77535
2850.0 1150.0 -0.58022
2950.0 1150.0 -0.52661
3050.0 1150.0 -0.53766
3150.0 1150.0 -0.49056
3250.0 1150.0 -0.30404
3350.0 1150.0 -0.03619
3450.0 1150.0 0.17709
3550.0 1150.0 0.21096
3650.0 1150.0 0.03307
3750.0 1150.0 -0.23440
3850.0 1150.0 -0.40197
3950.0 1150.0 -0.44147
4050.0 1150.0 -0.47550
4150.0 1150.0 -0.53523
4250.0 1150.0 -0.63516
4350.0 1150.0 -0.76093
4450.0 1150.0 -0.87848
4550.0 1150.0 -0.97377
4650.0 1150.0 -1.06116
4750.0 1150.0 -1.09201
4850.0 1150.0 -1.01969
4950.0 1150.0 -0.86956
5050.0 1150.0 -0.72707
5150.0 1150.0 -0.64349
5250.0 1150.0 -0.56010
5350.0 1150.0 -0.43500
5450.0 1150.0 -0.25821
5550.0 1150.0 -0.05556
5650.0 1150.0 0.12671
5750.0 1150.0 0.26623
5850.0 1150.0 0.36272
5950.0 1150.0 0.39664
6050.0 1150.0 0.44995
6150.0 1150.0 0.60065
6250.0 1150.0 0.85200
6350.0 1150.0 1.14512
50.0 1250.0 -0.44340
150.0 1250.0 -0.47943
250.0 1250.0 -0.40033
350.0 1250.0 -0.31005
450.0 1250.0 -0.23984
550.0 1250.0 -0.18233
650.0 1250.0 -0.12063
750.0 1250.0 -0.04086
850.0 1250.0 0.05698
950.0 1250.0 0.19074
1050.0 1250.0 0.34611
1150.0 1250.0 0.36110
1250.0 1250.0 0.15050
1350.0 1250.0 -0.19702
1450.0 1250.0 -0.52093
1550.0 1250.0 -0.78044
1650.0 1250.0 -0.87377
1750.0 1250.0 -0.78635
1850.0 1250.0 -0.63692
1950.0 1250.0 -0.59036
2050.0 1250.0 -0.73078
2150.0 1250.0 -0.98297
2250.0 1250.0 -1.36382
2350.0 1250.0 -1.66371
2450.0 1250.0 -1.65473
2550.0 1250.0 -1.34644
2650.0 1250.0 -0.95050
2750.0 1250.0 -0.59605
2850.0 1250.0 -0.34879
2950.0 1250.0 -0.25997
3050.0 1250.0 -0.26515
3150.0 1250.0 -0.23195
3250.0 1250.0 -0.05561
3350.0 1250.0 0.21010
3450.0 1250.0 0.39422
3550.0 1250.0 0.35636
3650.0 1250.0 0.08303
3750.0 1250.0 -0.26790
3850.0 1250.0 -0.47946
3950.0 1250.0 -0.53588
4050.0 1250.0 -0.60760
4150.0 1250.0 -0.70696
4250.0 1250.0 -0.79733
4350.0 1250.0 -0.84885
4450.0 1250.0 -0.86003
4550.0 1250.0 -0.85397
4650.0 1250.0 -0.85620
4750.0 1250.0 -0.85141
4850.0 1250.0 -0.80416
4950.0 1250.0 -0.70841
5050.0 1250.0 -0.59501
5150.0 1250.0 -0.49482
5250.0 1250.0 -0.43832
5350.0 1250.0 -0.44418
5450.0 1250.0 -0.43616
5550.0 1250.0 -0.34340
5650.0 1250.0 -0.15917
5750.0 1250.0 0.06731
5850.0 1250.0 0.25915
5950.0 1250.0 0.35166
6050.0 1250.0 0.39893
6150.0 1250.0 0.49384
6250.0 1250.0 0.69308
6350.0 1250.0 0.97959
50.0 1350.0 -0.28838
150.0 1350.0 -0.31884
250.0 1350.0 -0.27017
350.0 1350.0 -0.22265
450.0 1350.0 -0.20551
550.0 1350.0 -0.19730
650.0 1350.0 -0.16860
750.0 1350.0 -0.10541
850.0 1350.0 -0.01748
950.0 1350.0 0.14695
1050.0 1350.0 0.44230
1150.0 1350.0 0.63823
1250.0 1350.0 0.54130
1350.0 1350.0 0.18366
1450.0 1350.0 -0.24549
1550.0 1350.0 -0.61387
1650.0 1350.0 -0.73113
1750.0 1350.0 -0.56317
1850.0 1350.0 -0.28338
1950.0 1350.0 -0.14880
2050.0 1350.0 -0.30039
2150.0 1350.0 -0.60843
2250.0 1350.0 -1.04773
2350.0 1350.0 -1.37756
2450.0 1350.0 -1.35002
2550.0 1350.0 -0.99161
2650.0 1350.0 -0.55167
2750.0 1350.0 -0.17052
2850.0 1350.0 0.06209
2950.0 1350.0 0.07668
3050.0 1350.0 -0.03624
3150.0 1350.0 -0.09404
3250.0 1350.0 0.04624
3350.0 1350.0 0.31180
3450.0 1350.0 0.50677
3550.0 1350.0 0.49044
3650.0 1350.0 0.23913
3750.0 1350.0 -0.09966
3850.0 1350.0 -0.31223
3950.0 1350.0 -0.37701
4050.0 1350.0 -0.46116
4150.0 1350.0 -0.55774
4250.0 1350.0 -0.60728
4350.0 1350.0 -0.58446
4450.0 1350.0 -0.51758
4550.0 1350.0 -0.44888
4650.0 1350.0 -0.40984
4750.0 1350.0 -0.41418
4850.0 1350.0 -0.42478
4950.0 1350.0 -0.39950
5050.0 1350.0 -0.32257
5150.0 1350.0 -0.21464
5250.0 1350.0 -0.18518
5350.0 1350.0 -0.30694
5450.0 1350.0 -0.45479
5550.0 1350.0 -0.47805
5650.0 1350.0 -0.31950
5750.0 1350.0 -0.04434
5850.0 1350.0 0.18821
5950.0 1350.0 0.24628
6050.0 1350.0 0.17972
6150.0 1350.0 0.13332
6250.0 1350.0 0.23722
6350.0 1350.0 0.50687
50.0 1450.0 -0.03395
150.0 1450.0 -0.04701
250.0 1450.0 -0.00288
350.0 1450.0 0.02445
450.0 1450.0 -0.00904
550.0 1450.0 -0.07037
650.0 1450.0 -0.10431
750.0 1450.0 -0.07605
850.0 1450.0 0.00424
950.0 1450.0 0.18180
1050.0 1450.0 0.53568
1150.0 1450.0 0.81620
1250.0 1450.0 0.78886
1350.0 1450.0 0.45623
1450.0 1450.0 0.01000
1550.0 1450.0 -0.38089
1650.0 1450.0 -0.49627
1750.0 1450.0 -0.29832
1850.0 1450.0 0.02294
1950.0 1450.0 0.18523
2050.0 1450.0 0.03344
2150.0 1450.0 -0.28493
2250.0 1450.0 -0.72395
2350.0 1450.0 -1.03568
2450.0 1450.0 -0.97688
2550.0 1450.0 -0.58855
2650.0 1450.0 -0.13303
2750.0 1450.0 0.24745
2850.0 1450.0 0.41499
2950.0 1450.0 0.28579
3050.0 1450.0 0.00094
3150.0 1450.0 -0.18678
3250.0 1450.0 -0.09419
3350.0 1450.0 0.17373
3450.0 1450.0 0.42072
3550.0 1450.0 0.52226
3650.0 1450.0 0.41478
3750.0 1450.0 0.18793
3850.0 1450.0 0.01987
3950.0 1450.0 -0.04392
4050.0 1450.0 -0.12438
4150.0 1450.0 -0.20397
4250.0 1450.0 -0.22328
4350.0 1450.0 -0.16649
4450.0 1450.0 -0.07444
4550.0 1450.0 0.00831
4650.0 1450.0 0.04169
4750.0 1450.0 -0.00742
4850.0 1450.0 -0.08967
4950.0 1450.0 -0.13157
5050.0 1450.0 -0.08862
5150.0 1450.0 0.01784
5250.0 1450.0 0.03709
5350.0 1450.0 -0.12452
5450.0 1450.0 -0.32778
5550.0 1450.0 -0.39611
5650.0 1450.0 -0.25396
5750.0 1450.0 0.03010
5850.0 1450.0 0.24960
5950.0 1450.0 0.21148
6050.0 1450.0 -0.01924
6150.0 1450.0 -0.23224
6250.0 1450.0 -0.22958
6350.0 1450.0 0.02016
50.0 1550.0 0.21372
150.0 1550.0 0.22846
250.0 1550.0 0.27709
350.0 1550.0 0.28962
450.0 1550.0 0.20144
550.0 1550.0 0.05771
650.0 1550.0 -0.05366
750.0 1550.0 -0.06854
850.0 1550.0 0.00511
950.0 1550.0 0.18998
1050.0 1550.0 0.57277
1150.0 1550.0 0.90067
1250.0 1550.0 0.92224
1350.0 1550.0 0.62194
1450.0 1550.0 0.18626
1550.0 1550.0 -0.19750
1650.0 1550.0 -0.29445
1750.0 1550.0 -0.07046
1850.0 1550.0 0.27401
1950.0 1550.0 0.44854
2050.0 1550.0 0.29766
2150.0 1550.0 -0.02049
2250.0 1550.0 -0.44210
2350.0 1550.0 -0.71740
2450.0 1550.0 -0.61628
2550.0 1550.0 -0.19704
2650.0 1550.0 0.26903
2750.0 1550.0 0.64256
2850.0 1550.0 0.73683
2950.0 1550.0 0.45563
3050.0 1550.0 -0.00621
3150.0 1550.0 -0.32501
3250.0 1550.0 -0.27937
3350.0 1550.0 -0.00754
3450.0 1550.0 0.30366
3550.0 1550.0 0.55160
3650.0 1550.0 0.62524
3750.0 1550.0 0.54258
3850.0 1550.0 0.43597
3950.0 1550.0 0.37876
4050.0 1550.0 0.29717
4150.0 1550.0 0.20770
4250.0 1550.0 0.17204
4350.0 1550.0 0.21287
4450.0 1550.0 0.29609
4550.0 1550.0 0.37636
4650.0 1550.0 0.39278
4750.0 1550.0 0.29732
4850.0 1550.0 0.15223
4950.0 1550.0 0.05572
5050.0 1550.0 0.07135
5150.0 1550.0 0.17431
5250.0 1550.0 0.18985
5350.0 1550.0 0.01513
5450.0 1550.0 -0.20922
5550.0 1550.0 -0.29955
5650.0 1550.0 -0.17236
5750.0 1550.0 0.10546
5850.0 1550.0 0.29851
5950.0 1550.0 0.16878
6050.0 1550.0 -0.20001
6150.0 1550.0 -0.54340
6250.0 1550.0 -0.61493
6350.0 1550.0 -0.37750
50.0 1650.0 0.31865
150.0 1650.0 0.39247
250.0 1650.0 0.45346
350.0 1650.0 0.44803
450.0 1650.0 0.28774
550.0 1650.0 0.03509
650.0 1650.0 -0.17728
750.0 1650.0 -0.24608
850.0 1650.0 -0.17704
950.0 1650.0 0.01493
1050.0 1650.0 0.41314
1150.0 1650.0 0.76998
1250.0 1650.0 0.83024
1350.0 1650.0 0.56708
1450.0 1650.0 0.15832
1550.0 1650.0 -0.19446
1650.0 1650.0 -0.23258
1750.0 1650.0 0.06121
1850.0 1650.0 0.45692
1950.0 1650.0 0.64909
2050.0 1650.0 0.49028
2150.0 1650.0 0.16155
2250.0 1650.0 -0.24755
2350.0 1650.0 -0.47964
2450.0 1650.0 -0.31931
2550.0 1650.0 0.14868
2650.0 1650.0 0.63469
2750.0 1650.0 1.00720
2850.0 1650.0 1.05213
2950.0 1650.0 0.66423
3050.0 1650.0 0.07732
3150.0 1650.0 -0.33334
3250.0 1650.0 -0.31839
3350.0 1650.0 -0.04006
3450.0 1650.0 0.32505
3550.0 1650.0 0.69582
3650.0 1650.0 0.92712
3750.0 1650.0 0.97835
3850.0 1650.0 0.93964
3950.0 1650.0 0.90235
4050.0 1650.0 0.79879
4150.0 1650.0 0.61559
4250.0 1650.0 0.43910
4350.0 1650.0 0.35006
4450.0 1650.0 0.36567
4550.0 1650.0 0.43282
4650.0 1650.0 0.43817
4750.0 1650.0 0.32679
4850.0 1650.0 0.16570
4950.0 1650.0 0.05802
5050.0 1650.0 0.06863
5150.0 1650.0 0.17003
5250.0 1650.0 0.18291
5350.0 1650.0 -0.00376
5450.0 1650.0 -0.25566
5550.0 1650.0 -0.38482
5650.0 1650.0 -0.29466
5750.0 1650.0 -0.04341
5850.0 1650.0 0.12349
5950.0 1650.0 -0.03024
6050.0 1650.0 -0.40533
6150.0 1650.0 -0.73254
6250.0 1650.0 -0.77793
6350.0 1650.0 -0.52085
50.0 1750.0 0.19639
150.0 1750.0 0.35353
250.0 1750.0 0.43354
350.0 1750.0 0.41877
450.0 1750.0 0.21207
550.0 1750.0 -0.11102
650.0 1750.0 -0.38684
750.0 1750.0 -0.48605
850.0 1750.0 -0.41395
950.0 1750.0 -0.21883
1050.0 1750.0 0.16629
1150.0 1750.0 0.50909
1250.0 1750.0 0.57266
1350.0 1750.0 0.33508
1450.0 1750.0 -0.03542
1550.0 1750.0 -0.33954
1650.0 1750.0 -0.30318
1750.0 1750.0 0.06370
1850.0 1750.0 0.49800
1950.0 1750.0 0.68787
2050.0 1750.0 0.50651
2150.0 1750.0 0.15525
2250.0 1750.0 -0.26077
2350.0 1750.0 -0.47180
2450.0 1750.0 -0.26818
2550.0 1750.0 0.24299
2650.0 1750.0 0.75060
2750.0 1750.0 1.13053
2850.0 1750.0 1.17740
2950.0 1750.0 0.78497
3050.0 1750.0 0.19109
3150.0 1750.0 -0.22320
3250.0 1750.0 -0.20516
3350.0 1750.0 0.08002
3450.0 1750.0 0.45451
3550.0 1750.0 0.84648
3650.0 1750.0 1.11557
3750.0 1750.0 1.21381
3850.0 1750.0 1.21712
3950.0 1750.0 1.21119
4050.0 1750.0 1.09187
4150.0 1750.0 0.80302
4250.0 1750.0 0.45623
4350.0 1750.0 0.20338
4450.0 1750.0 0.12972
4550.0 1750.0 0.17689
4650.0 1750.0 0.17912
4750.0 1750.0 0.08699
4850.0 1750.0 -0.03719
4950.0 1750.0 -0.10751
5050.0 1750.0 -0.07710
5150.0 1750.0 0.02509
5250.0 1750.0 0.04129
5350.0 1750.0 -0.13924
5450.0 1750.0 -0.39948
5550.0 1750.0 -0.55955
5650.0 1750.0 -0.51371
5750.0 1750.0 -0.30541
5850.0 1750.0 -0.16478
5950.0 1750.0 -0.28293
6050.0 1750.0 -0.54761
6150.0 1750.0 -0.72842
6250.0 1750.0 -0.65834
6350.0 1750.0 -0.35298
50.0 1850.0 -0.08695
150.0 1850.0 0.15056
250.0 1850.0 0.24965
350.0 1850.0 0.24246
450.0 1850.0 0.04978
550.0 1850.0 -0.25280
650.0 1850.0 -0.50613
750.0 1850.0 -0.58696
850.0 1850.0 -0.50289
950.0 1850.0 -0.31025
1050.0 1850.0 0.03600
1150.0 1850.0 0.32352
1250.0 1850.0 0.35019
1350.0 1850.0 0.11482
1450.0 1850.0 -0.22101
1550.0 1850.0 -0.47989
1650.0 1850.0 -0.39639
1750.0 1850.0 -0.00651
1850.0 1850.0 0.41219
1950.0 1850.0 0.56307
2050.0 1850.0 0.34839
2150.0 1850.0 -0.02977
2250.0 1850.0 -0.47567
2350.0 1850.0 -0.70736
2450.0 1850.0 -0.50549
2550.0 1850.0 0.01802
2650.0 1850.0 0.53795
2750.0 1850.0 0.93048
2850.0 1850.0 1.02613
2950.0 1850.0 0.72529
3050.0 1850.0 0.23618
3150.0 1850.0 -0.09881
3250.0 1850.0 -0.04748
3350.0 1850.0 0.24182
3450.0 1850.0 0.57190
3550.0 1850.0 0.86239
3650.0 1850.0 1.01911
3750.0 1850.0 1.04714
3850.0 1850.0 1.04553
3950.0 1850.0 1.07136
4050.0 1850.0 0.97174
4150.0 1850.0 0.66480
4250.0 1850.0 0.26001
4350.0 1850.0 -0.06434
4450.0 1850.0 -0.18584
4550.0 1850.0 -0.15553
4650.0 1850.0 -0.15192
4750.0 1850.0 -0.21036
4850.0 1850.0 -0.27722
4950.0 1850.0 -0.29205
5050.0 1850.0 -0.23267
5150.0 1850.0 -0.12860
5250.0 1850.0 -0.10143
5350.0 1850.0 -0.25015
5450.0 1850.0 -0.48184
5550.0 1850.0 -0.63979
5650.0 1850.0 -0.62146
5750.0 1850.0 -0.45510
5850.0 1850.0 -0.34131
5950.0 1850.0 -0.41958
6050.0 1850.0 -0.56452
6150.0 1850.0 -0.58805
6250.0 1850.0 -0.39470
6350.0 1850.0 -0.03833
50.0 1950.0 -0.34279
150.0 1950.0 -0.05255
250.0 1950.0 0.05912
350.0 1950.0 0.07171
450.0 1950.0 -0.05839
550.0 1950.0 -0.26710
650.0 1950.0 -0.42983
750.0 1950.0 -0.45580
850.0 1950.0 -0.35641
950.0 1950.0 -0.16927
1050.0 1950.0 0.13475
1150.0 1950.0 0.35898
1250.0 1950.0 0.33457
1350.0 1950.0 0.08420
1450.0 1950.0 -0.23258
1550.0 1950.0 -0.46794
1650.0 1950.0 -0.38622
1750.0 1950.0 -0.03794
1850.0 1950.0 0.31129
1950.0 1950.0 0.39797
2050.0 1950.0 0.15122
2150.0 1950.0 -0.24732
2250.0 1950.0 -0.73202
2350.0 1950.0 -1.01353
2450.0 1950.0 -0.85288
2550.0 1950.0 -0.34924
2650.0 1950.0 0.16997
2750.0 1950.0 0.57313
2850.0 1950.0 0.72413
2950.0 1950.0 0.53156
3050.0 1950.0 0.16725
3150.0 1950.0 -0.07416
3250.0 1950.0 0.01403
3350.0 1950.0 0.30375
3450.0 1950.0 0.56758
3550.0 1950.0 0.70689
3650.0 1950.0 0.68590
3750.0 1950.0 0.58610
3850.0 1950.0 0.54774
3950.0 1950.0 0.59447
4050.0 1950.0 0.55186
4150.0 1950.0 0.34585
4250.0 1950.0 0.04976
4350.0 1950.0 -0.19948
4450.0 1950.0 -0.29664
4550.0 1950.0 -0.27262
4650.0 1950.0 -0.26996
4750.0 1950.0 -0.31182
4850.0 1950.0 -0.34870
4950.0 1950.0 -0.33384
5050.0 1950.0 -0.25884
5150.0 1950.0 -0.15385
5250.0 1950.0 -0.11225
5350.0 1950.0 -0.21565
5450.0 1950.0 -0.39260
5550.0 1950.0 -0.51581
5650.0 1950.0 -0.49718
5750.0 1950.0 -0.35533
5850.0 1950.0 -0.26895
5950.0 1950.0 -0.36099
6050.0 1950.0 -0.49027
6150.0 1950.0 -0.47200
6250.0 1950.0 -0.23422
6350.0 1950.0 0.14820
50.0 2050.0 -0.41655
150.0 2050.0 -0.10586
250.0 2050.0 0.01010
350.0 2050.0 0.04244
450.0 2050.0 -0.01878
550.0 2050.0 -0.12389
650.0 2050.0 -0.18833
750.0 2050.0 -0.15782
850.0 2050.0 -0.04703
950.0 2050.0 0.13594
1050.0 2050.0 0.41703
1150.0 2050.0 0.60557
1250.0 2050.0 0.54882
1350.0 2050.0 0.28303
1450.0 2050.0 -0.03119
1550.0 2050.0 -0.26740
1650.0 2050.0 -0.22447
1750.0 2050.0 0.04619
1850.0 2050.0 0.30729
1950.0 2050.0 0.33137
2050.0 2050.0 0.06401
2150.0 2050.0 -0.34270
2250.0 2050.0 -0.85649
2350.0 2050.0 -1.18663
2450.0 2050.0 -1.07597
2550.0 2050.0 -0.60483
2650.0 2050.0 -0.09435
2750.0 2050.0 0.31217
2850.0 2050.0 0.48405
2950.0 2050.0 0.33300
3050.0 2050.0 0.01667
3150.0 2050.0 -0.18888
3250.0 2050.0 -0.08691
3350.0 2050.0 0.20102
3450.0 2050.0 0.42015
3550.0 2050.0 0.45747
3650.0 2050.0 0.31333
3750.0 2050.0 0.11987
3850.0 2050.0 0.04731
3950.0 2050.0 0.10086
4050.0 2050.0 0.13008
4150.0 2050.0 0.09570
4250.0 2050.0 0.01678
4350.0 2050.0 -0.05601
4450.0 2050.0 -0.07531
4550.0 2050.0 -0.04702
4650.0 2050.0 -0.05240
4750.0 2050.0 -0.11253
4850.0 2050.0 -0.17274
4950.0 2050.0 -0.17743
5050.0 2050.0 -0.11207
5150.0 2050.0 -0.00843
5250.0 2050.0 0.04497
5350.0 2050.0 -0.01940
5450.0 2050.0 -0.14220
5550.0 2050.0 -0.21953
5650.0 2050.0 -0.18075
5750.0 2050.0 -0.04226
5850.0 2050.0 0.01651
5950.0 2050.0 -0.16122
6050.0 2050.0 -0.41515
6150.0 2050.0 -0.51130
6250.0 2050.0 -0.33608
6350.0 2050.0 0.03825
50.0 2150.0 -0.40718
150.0 2150.0 -0.09335
250.0 2150.0 0.01395
350.0 2150.0 0.05514
450.0 2150.0 0.05268
550.0 2150.0 0.04101
650.0 2150.0 0.06380
750.0 2150.0 0.13867
850.0 2150.0 0.24815
950.0 2150.0 0.41874
1050.0 2150.0 0.68490
1150.0 2150.0 0.86063
1250.0 2150.0 0.79706
1350.0 2150.0 0.52966
1450.0 2150.0 0.21516
1550.0 2150.0 -0.03145
1650.0 2150.0 -0.04124
1750.0 2150.0 0.14074
1850.0 2150.0 0.31246
1950.0 2150.0 0.28189
2050.0 2150.0 0.00448
2150.0 2150.0 -0.39934
2250.0 2150.0 -0.92802
2350.0 2150.0 -1.29640
2450.0 2150.0 -1.23582
2550.0 2150.0 -0.80641
2650.0 2150.0 -0.31551
2750.0 2150.0 0.08341
2850.0 2150.0 0.25246
2950.0 2150.0 0.10720
3050.0 2150.0 -0.19625
3150.0 2150.0 -0.38860
3250.0 2150.0 -0.28006
3350.0 2150.0 0.00776
3450.0 2150.0 0.20578
3550.0 2150.0 0.19055
3650.0 2150.0 -0.02263
3750.0 2150.0 -0.27506
3850.0 2150.0 -0.37685
3950.0 2150.0 -0.32793
4050.0 2150.0 -0.23021
4150.0 2150.0 -0.07835
4250.0 2150.0 0.08798
4350.0 2150.0 0.21915
4450.0 2150.0 0.29067
4550.0 2150.0 0.32228
4650.0 2150.0 0.30317
4750.0 2150.0 0.21024
4850.0 2150.0 0.10344
4950.0 2150.0 0.05345
5050.0 2150.0 0.08928
5150.0 2150.0 0.17953
5250.0 2150.0 0.23359
5350.0 2150.0 0.20003
5450.0 2150.0 0.13125
5550.0 2150.0 0.10748
5650.0 2150.0 0.17562
5750.0 2150.0 0.31592
5850.0 2150.0 0.34799
5950.0 2150.0 0.07251
6050.0 2150.0 -0.33483
6150.0 2150.0 -0.58304
6250.0 2150.0 -0.50223
6350.0 2150.0 -0.15347
50.0 2250.0 -0.39621
150.0 2250.0 -0.12209
250.0 2250.0 -0.08382
350.0 2250.0 -0.08406
450.0 2250.0 -0.04948
550.0 2250.0 0.02912
650.0 2250.0 0.13061
750.0 2250.0 0.21586
850.0 2250.0 0.26429
950.0 2250.0 0.36501
1050.0 2250.0 0.59775
1150.0 2250.0 0.79786
1250.0 2250.0 0.79938
1350.0 2250.0 0.58922
1450.0 2250.0 0.28764
1550.0 2250.0 0.02290
1650.0 2250.0 -0.06003
1750.0 2250.0 0.01541
1850.0 2250.0 0.09966
1950.0 2250.0 0.03805
2050.0 2250.0 -0.21640
2150.0 2250.0 -0.57984
2250.0 2250.0 -1.07366
2350.0 2250.0 -1.44726
2450.0 2250.0 -1.44745
2550.0 2250.0 -1.10765
2650.0 2250.0 -0.68999
2750.0 2250.0 -0.34448
2850.0 2250.0 -0.20936
2950.0 2250.0 -0.34367
3050.0 2250.0 -0.59177
3150.0 2250.0 -0.71772
3250.0 2250.0 -0.57269
3350.0 2250.0 -0.27318
3450.0 2250.0 -0.04909
3550.0 2250.0 -0.03547
3650.0 2250.0 -0.24448
3750.0 2250.0 -0.52631
3850.0 2250.0 -0.67564
3950.0 2250.0 -0.67066
4050.0 2250.0 -0.53741
4150.0 2250.0 -0.21640
4250.0 2250.0 0.19152
4350.0 2250.0 0.52441
4450.0 2250.0 0.67255
4550.0 2250.0 0.68136
4650.0 2250.0 0.63894
4750.0 2250.0 0.52770
4850.0 2250.0 0.38624
4950.0 2250.0 0.27509
5050.0 2250.0 0.23313
5150.0 2250.0 0.24521
5250.0 2250.0 0.24387
5350.0 2250.0 0.22119
5450.0 2250.0 0.22933
5550.0 2250.0 0.30175
5650.0 2250.0 0.42290
5750.0 2250.0 0.55219
5850.0 2250.0 0.56439
5950.0 2250.0 0.27722
6050.0 2250.0 -0.14784
6150.0 2250.0 -0.43146
6250.0 2250.0 -0.40179
6350.0 2250.0 -0.10869
50.0 2350.0 -0.31983
150.0 2350.0 -0.13815
250.0 2350.0 -0.23243
350.0 2350.0 -0.32825
450.0 2350.0 -0.28694
550.0 2350.0 -0.13316
650.0 2350.0 0.02707
750.0 2350.0 0.08131
850.0 2350.0 0.00581
950.0 2350.0 -0.02426
1050.0 2350.0 0.14931
1150.0 2350.0 0.40156
1250.0 2350.0 0.53186
1350.0 2350.0 0.43333
1450.0 2350.0 0.15690
1550.0 2350.0 -0.12931
1650.0 2350.0 -0.28156
1750.0 2350.0 -0.28787
1850.0 2350.0 -0.24386
1950.0 2350.0 -0.28257
2050.0 2350.0 -0.47209
2150.0 2350.0 -0.75439
2250.0 2350.0 -1.14811
2350.0 2350.0 -1.46671
2450.0 2350.0 -1.50991
2550.0 2350.0 -1.28910
2650.0 2350.0 -0.99383
2750.0 2350.0 -0.74981
2850.0 2350.0 -0.68851
2950.0 2350.0 -0.82253
3050.0 2350.0 -0.99000
3150.0 2350.0 -1.00834
3250.0 2350.0 -0.80090
3350.0 2350.0 -0.47766
3450.0 2350.0 -0.17871
3550.0 2350.0 -0.05209
3650.0 2350.0 -0.18120
3750.0 2350.0 -0.46183
3850.0 2350.0 -0.67758
3950.0 2350.0 -0.75872
4050.0 2350.0 -0.65753
4150.0 2350.0 -0.27071
4250.0 2350.0 0.26357
4350.0 2350.0 0.70322
4450.0 2350.0 0.87105
4550.0 2350.0 0.82674
4650.0 2350.0 0.76351
4750.0 2350.0 0.68508
4850.0 2350.0 0.57120
4950.0 2350.0 0.42632
5050.0 2350.0 0.27867
5150.0 2350.0 0.14824
5250.0 2350.0 0.02858
5350.0 2350.0 -0.02058
5450.0 2350.0 0.06348
5550.0 2350.0 0.25332
5650.0 2350.0 0.43942
5750.0 2350.0 0.54242
5850.0 2350.0 0.54511
5950.0 2350.0 0.34875
6050.0 2350.0 0.06748
6150.0 2350.0 -0.11021
6250.0 2350.0 -0.07466
6350.0 2350.0 0.13420
50.0 2450.0 -0.14169
150.0 2450.0 -0.07559
250.0 2450.0 -0.31791
350.0 2450.0 -0.52417
450.0 2450.0 -0.49352
550.0 2450.0 -0.28408
650.0 2450.0 -0.08478
750.0 2450.0 -0.07926
850.0 2450.0 -0.29398
950.0 2450.0 -0.47025
1050.0 2450.0 -0.37045
1150.0 2450.0 -0.07445
1250.0 2450.0 0.18422
1350.0 2450.0 0.20046
1450.0 2450.0 -0.05004
1550.0 2450.0 -0.35217
1650.0 2450.0 -0.53898
1750.0 2450.0 -0.56266
1850.0 2450.0 -0.48683
1950.0 2450.0 -0.45050
2050.0 2450.0 -0.55519
2150.0 2450.0 -0.74467
2250.0 2450.0 -1.00509
2350.0 2450.0 -1.21987
2450.0 2450.0 -1.26291
2550.0 2450.0 -1.14015
2650.0 2450.0 -0.96943
2750.0 2450.0 -0.83847
2850.0 2450.0 -0.87040
2950.0 2450.0 -1.02850
3050.0 2450.0 -1.13541
3150.0 2450.0 -1.05613
3250.0 2450.0 -0.78746
3350.0 2450.0 -0.43807
3450.0 2450.0 -0.05344
3550.0 2450.0 0.20490
3650.0 2450.0 0.17265
3750.0 2450.0 -0.09980
3850.0 2450.0 -0.38599
3950.0 2450.0 -0.56462
4050.0 2450.0 -0.55598
4150.0 2450.0 -0.24275
4250.0 2450.0 0.24085
4350.0 2450.0 0.64029
4450.0 2450.0 0.75777
4550.0 2450.0 0.64917
4650.0 2450.0 0.58259
4750.0 2450.0 0.59736
4850.0 2450.0 0.59258
4950.0 2450.0 0.47953
5050.0 2450.0 0.25000
5150.0 2450.0 -0.03351
5250.0 2450.0 -0.29204
5350.0 2450.0 -0.39879
5450.0 2450.0 -0.27268
5550.0 2450.0 0.00811
5650.0 2450.0 0.24473
5750.0 2450.0 0.31539
5850.0 2450.0 0.31538
5950.0 2450.0 0.25059
6050.0 2450.0 0.17725
6150.0 2450.0 0.16446
6250.0 2450.0 0.23499
6350.0 2450.0 0.35668
50.0 2550.0 0.09711
150.0 2550.0 0.07094
250.0 2550.0 -0.27620
350.0 2550.0 -0.55806
450.0 2550.0 -0.52972
550.0 2550.0 -0.27376
650.0 2550.0 -0.03993
750.0 2550.0 -0.06428
850.0 2550.0 -0.37537
950.0 2550.0 -0.65707
1050.0 2550.0 -0.62375
1150.0 2550.0 -0.32146
1250.0 2550.0 0.00267
1350.0 2550.0 0.08430
1450.0 2550.0 -0.15134
1550.0 2550.0 -0.45931
1650.0 2550.0 -0.64180
1750.0 2550.0 -0.62821
1850.0 2550.0 -0.47851
1950.0 2550.0 -0.35608
2050.0 2550.0 -0.39264
2150.0 2550.0 -0.51487
2250.0 2550.0 -0.66521
2350.0 2550.0 -0.77533
2450.0 2550.0 -0.78269
2550.0 2550.0 -0.70348
2650.0 2550.0 -0.61185
2750.0 2550.0 -0.56100
2850.0 2550.0 -0.67092
2950.0 2550.0 -0.87252
3050.0 2550.0 -0.96827
3150.0 2550.0 -0.84394
3250.0 2550.0 -0.54090
3350.0 2550.0 -0.17417
3450.0 2550.0 0.26160
3550.0 2550.0 0.59220
3650.0 2550.0 0.60340
3750.0 2550.0 0.31772
3850.0 2550.0 -0.02535
3950.0 2550.0 -0.27409
4050.0 2550.0 -0.36597
4150.0 2550.0 -0.19597
4250.0 2550.0 0.13280
4350.0 2550.0 0.40488
4450.0 2550.0 0.44194
4550.0 2550.0 0.28504
4650.0 2550.0 0.23405
4750.0 2550.0 0.36600
4850.0 2550.0 0.50928
4950.0 2550.0 0.48156
5050.0 2550.0 0.22665
5150.0 2550.0 -0.15985
5250.0 2550.0 -0.52083
5350.0 2550.0 -0.68667
5450.0 2550.0 -0.55906
5550.0 2550.0 -0.24057
5650.0 2550.0 0.01718
5750.0 2550.0 0.06303
5850.0 2550.0 0.05852
5950.0 2550.0 0.07487
6050.0 2550.0 0.12987
6150.0 2550.0 0.21584
6250.0 2550.0 0.30115
6350.0 2550.0 0.36010
50.0 2650.0 0.31599
150.0 2650.0 0.24976
250.0 2650.0 -0.13171
350.0 2650.0 -0.43011
450.0 2650.0 -0.37662
550.0 2650.0 -0.06711
650.0 2650.0 0.21431
750.0 2650.0 0.20135
850.0 2650.0 -0.13635
950.0 2650.0 -0.45622
1050.0 2650.0 -0.46593
1150.0 2650.0 -0.19744
1250.0 2650.0 0.11168
1350.0 2650.0 0.19217
1450.0 2650.0 -0.04354
1550.0 2650.0 -0.34974
1650.0 2650.0 -0.51137
1750.0 2650.0 -0.45222
1850.0 2650.0 -0.24389
1950.0 2650.0 -0.07129
2050.0 2650.0 -0.08031
2150.0 2650.0 -0.17944
2250.0 2650.0 -0.28147
2350.0 2650.0 -0.33279
2450.0 2650.0 -0.30032
2550.0 2650.0 -0.21481
2650.0 2650.0 -0.14172
2750.0 2650.0 -0.11754
2850.0 2650.0 -0.26715
2950.0 2650.0 -0.51378
3050.0 2650.0 -0.64253
3150.0 2650.0 -0.53114
3250.0 2650.0 -0.22711
3350.0 2650.0 0.14328
3450.0 2650.0 0.57542
3550.0 2650.0 0.88382
3650.0 2650.0 0.85352
3750.0 2650.0 0.52035
3850.0 2650.0 0.14171
3950.0 2650.0 -0.13100
4050.0 2650.0 -0.27544
4150.0 2650.0 -0.20411
4250.0 2650.0 0.00623
4350.0 2650.0 0.18028
4450.0 2650.0 0.16562
4550.0 2650.0 -0.00826
4650.0 2650.0 -0.03611
4750.0 2650.0 0.18572
4850.0 2650.0 0.44874
4950.0 2650.0 0.51210
5050.0 2650.0 0.28152
5150.0 2650.0 -0.13343
5250.0 2650.0 -0.53027
5350.0 2650.0 -0.72725
5450.0 2650.0 -0.61767
5550.0 2650.0 -0.30446
5650.0 2650.0 -0.04946
5750.0 2650.0 -0.01289
5850.0 2650.0 -0.03080
5950.0 2650.0 -0.03733
6050.0 2650.0 -0.01798
6150.0 2650.0 0.02501
6250.0 2650.0 0.07113
6350.0 2650.0 0.10156
50.0 2750.0 0.49544
150.0 2750.0 0.41948
250.0 2750.0 0.04128
350.0 2750.0 -0.24155
450.0 2750.0 -0.14552
550.0 2750.0 0.22586
650.0 2750.0 0.56655
750.0 2750.0 0.59008
850.0 2750.0 0.26405
950.0 2750.0 -0.06015
1050.0 2750.0 -0.10956
1150.0 2750.0 0.09186
1250.0 2750.0 0.33552
1350.0 2750.0 0.37992
1450.0 2750.0 0.14293
1550.0 2750.0 -0.15163
1650.0 2750.0 -0.28766
1750.0 2750.0 -0.19107
1850.0 2750.0 0.05489
1950.0 2750.0 0.25363
2050.0 2750.0 0.25601
2150.0 2750.0 0.16532
2250.0 2750.0 0.08347
2350.0 2750.0 0.06214
2450.0 2750.0 0.12354
2550.0 2750.0 0.22709
2650.0 2750.0 0.30521
2750.0 2750.0 0.32786
2850.0 2750.0 0.16359
2950.0 2750.0 -0.11502
3050.0 2750.0 -0.28364
3150.0 2750.0 -0.20498
3250.0 2750.0 0.08338
3350.0 2750.0 0.44595
3450.0 2750.0 0.84208
3550.0 2750.0 1.07610
3650.0 2750.0 0.95733
3750.0 2750.0 0.55559
3850.0 2750.0 0.14825
3950.0 2750.0 -0.12866
4050.0 2750.0 -0.29365
4150.0 2750.0 -0.27042
4250.0 2750.0 -0.11957
4350.0 2750.0 0.00776
4450.0 2750.0 -0.02569
4550.0 2750.0 -0.19775
4650.0 2750.0 -0.20334
4750.0 2750.0 0.07708
4850.0 2750.0 0.41955
4950.0 2750.0 0.55278
5050.0 2750.0 0.35864
5150.0 2750.0 -0.04947
5250.0 2750.0 -0.44709
5350.0 2750.0 -0.65295
5450.0 2750.0 -0.55692
5550.0 2750.0 -0.25497
5650.0 2750.0 -0.00364
5750.0 2750.0 0.03626
5850.0 2750.0 0.00374
5950.0 2750.0 -0.07776
6050.0 2750.0 -0.18270
6150.0 2750.0 -0.26571
6250.0 2750.0 -0.29808
6350.0 2750.0 -0.28709
50.0 2850.0 0.57750
150.0 2850.0 0.51918
250.0 2850.0 0.18961
350.0 2850.0 -0.04138
450.0 2850.0 0.10324
550.0 2850.0 0.52514
650.0 2850.0 0.92249
750.0 2850.0 1.00834
850.0 2850.0 0.74652
950.0 2850.0 0.44844
1050.0 2850.0 0.30072
1150.0 2850.0 0.31046
1250.0 2850.0 0.37218
1350.0 2850.0 0.34016
1450.0 2850.0 0.14838
1550.0 2850.0 -0.07024
1650.0 2850.0 -0.14565
1750.0 2850.0 -0.01086
1850.0 2850.0 0.25894
1950.0 2850.0 0.48614
2050.0 2850.0 0.53595
2150.0 2850.0 0.50216
2250.0 2850.0 0.47280
2350.0 2850.0 0.47947
2450.0 2850.0 0.53639
2550.0 2850.0 0.61963
2650.0 2850.0 0.68836
2750.0 2850.0 0.71653
2850.0 2850.0 0.58014
2950.0 2850.0 0.33789
3050.0 2850.0 0.18397
3150.0 2850.0 0.24233
3250.0 2850.0 0.48677
3350.0 2850.0 0.79743
3450.0 2850.0 1.10550
3550.0 2850.0 1.21297
3650.0 2850.0 0.96789
3750.0 2850.0 0.47774
3850.0 2850.0 0.03055
3950.0 2850.0 -0.26239
4050.0 2850.0 -0.45296
4150.0 2850.0 -0.45885
4250.0 2850.0 -0.31860
4350.0 2850.0 -0.17472
4450.0 2850.0 -0.17598
4550.0 2850.0 -0.31602
4650.0 2850.0 -0.30086
4750.0 2850.0 -0.02092
4850.0 2850.0 0.30854
4950.0 2850.0 0.43390
5050.0 2850.0 0.25121
5150.0 2850.0 -0.12816
5250.0 2850.0 -0.49992
5350.0 2850.0 -0.68907
5450.0 2850.0 -0.57674
5550.0 2850.0 -0.24937
5650.0 2850.0 0.03915
5750.0 2850.0 0.12299
5850.0 2850.0 0.11397
5950.0 2850.0 -0.02695
6050.0 2850.0 -0.28629
6150.0 2850.0 -0.56442
6250.0 2850.0 -0.74657
6350.0 2850.0 -0.79674
50.0 2950.0 0.50046
150.0 2950.0 0.47475
250.0 2950.0 0.24484
350.0 2950.0 0.09810
450.0 2950.0 0.26131
550.0 2950.0 0.66449
650.0 2950.0 1.06273
750.0 2950.0 1.21161
850.0 2950.0 1.07076
950.0 2950.0 0.84590
1050.0 2950.0 0.57966
1150.0 2950.0 0.32992
1250.0 2950.0 0.15141
1350.0 2950.0 0.04399
1450.0 2950.0 -0.03656
1550.0 2950.0 -0.10766
1650.0 2950.0 -0.10694
1750.0 2950.0 0.02171
1850.0 2950.0 0.25183
1950.0 2950.0 0.47966
2050.0 2950.0 0.61181
2150.0 2950.0 0.69198
2250.0 2950.0 0.74773
2350.0 2950.0 0.76852
2450.0 2950.0 0.76811
2550.0 2950.0 0.77596
2650.0 2950.0 0.81481
2750.0 2950.0 0.85608
2850.0 2950.0 0.79478
2950.0 2950.0 0.66376
3050.0 2950.0 0.58234
3150.0 2950.0 0.63013
3250.0 2950.0 0.79531
3350.0 2950.0 1.00400
3450.0 2950.0 1.19394
3550.0 2950.0 1.18511
3650.0 2950.0 0.85724
3750.0 2950.0 0.32448
3850.0 2950.0 -0.14772
3950.0 2950.0 -0.46965
4050.0 2950.0 -0.69529
4150.0 2950.0 -0.71602
4250.0 2950.0 -0.53885
4350.0 2950.0 -0.31199
4450.0 2950.0 -0.22459
4550.0 2950.0 -0.29723
4650.0 2950.0 -0.26170
4750.0 2950.0 -0.04798
4850.0 2950.0 0.16464
4950.0 2950.0 0.19481
5050.0 2950.0 -0.00394
5150.0 2950.0 -0.32888
5250.0 2950.0 -0.65073
5350.0 2950.0 -0.81700
5450.0 2950.0 -0.68806
5550.0 2950.0 -0.32403
5650.0 2950.0 0.03256
5750.0 2950.0 0.20571
5850.0 2950.0 0.28035
5950.0 2950.0 0.15891
6050.0 2950.0 -0.19579
6150.0 2950.0 -0.65895
6250.0 2950.0 -1.02119
6350.0 2950.0 -1.17149
50.0 3050.0 0.31305
150.0 3050.0 0.30140
250.0 3050.0 0.18408
350.0 3050.0 0.11790
450.0 3050.0 0.23988
550.0 3050.0 0.52662
650.0 3050.0 0.83659
750.0 3050.0 1.00837
850.0 3050.0 0.99942
950.0 3050.0 0.87830
1050.0 3050.0 0.55488
1150.0 3050.0 0.13345
1250.0 3050.0 -0.19519
1350.0 3050.0 -0.31152
1450.0 3050.0 -0.24545
1550.0 3050.0 -0.15295
1650.0 3050.0 -0.10692
1750.0 3050.0 -0.06053
1850.0 3050.0 0.04482
1950.0 3050.0 0.22200
2050.0 3050.0 0.43629
2150.0 3050.0 0.64719
2250.0 3050.0 0.78964
2350.0 3050.0 0.80370
2450.0 3050.0 0.71106
2550.0 3050.0 0.61339
2650.0 3050.0 0.61189
2750.0 3050.0 0.66817
2850.0 3050.0 0.69277
2950.0 3050.0 0.68819
3050.0 3050.0 0.68767
3150.0 3050.0 0.72060
3250.0 3050.0 0.79267
3350.0 3050.0 0.88662
3450.0 3050.0 0.99167
3550.0 3050.0 0.96729
3650.0 3050.0 0.69024
3750.0 3050.0 0.22354
3850.0 3050.0 -0.23041
3950.0 3050.0 -0.58346
4050.0 3050.0 -0.85100
4150.0 3050.0 -0.89186
4250.0 3050.0 -0.67547
4350.0 3050.0 -0.35518
4450.0 3050.0 -0.16608
4550.0 3050.0 -0.16048
4650.0 3050.0 -0.10284
4750.0 3050.0 0.02922
4850.0 3050.0 0.09956
4950.0 3050.0 0.01339
5050.0 3050.0 -0.20685
5150.0 3050.0 -0.46891
5250.0 3050.0 -0.74287
5350.0 3050.0 -0.91687
5450.0 3050.0 -0.81910
5550.0 3050.0 -0.45910
5650.0 3050.0 -0.04890
5750.0 3050.0 0.22409
5850.0 3050.0 0.42153
5950.0 3050.0 0.42563
6050.0 3050.0 0.12156
6150.0 3050.0 -0.39939
6250.0 3050.0 -0.87784
6350.0 3050.0 -1.12579
50.0 3150.0 0.14449
150.0 3150.0 0.10939
250.0 3150.0 0.07091
350.0 3150.0 0.04914
450.0 3150.0 0.08526
550.0 3150.0 0.20244
650.0 3150.0 0.36845
750.0 3150.0 0.51287
850.0 3150.0 0.59398
950.0 3150.0 0.56835
1050.0 3150.0 0.28319
1150.0 3150.0 -0.13545
1250.0 3150.0 -0.44614
1350.0 3150.0 -0.49032
1450.0 3150.0 -0.29829
1550.0 3150.0 -0.09215
1650.0 3150.0 -0.05396
1750.0 3150.0 -0.14058
1850.0 3150.0 -0.20313
1950.0 3150.0 -0.11275
2050.0 3150.0 0.14936
2150.0 3150.0 0.45609
2250.0 3150.0 0.65541
2350.0 3150.0 0.65050
2450.0 3150.0 0.47405
2550.0 3150.0 0.28739
2650.0 3150.0 0.25260
2750.0 3150.0 0.31885
2850.0 3150.0 0.39669
2950.0 3150.0 0.46431
3050.0 3150.0 0.49870
3150.0 3150.0 0.50203
3250.0 3150.0 0.49834
3350.0 3150.0 0.51058
3450.0 3150.0 0.60110
3550.0 3150.0 0.67558
3650.0 3150.0 0.57183
3750.0 3150.0 0.26071
3850.0 3150.0 -0.13608
3950.0 3150.0 -0.51020
4050.0 3150.0 -0.81886
4150.0 3150.0 -0.90029
4250.0 3150.0 -0.68817
4350.0 3150.0 -0.32632
4450.0 3150.0 -0.07445
4550.0 3150.0 -0.01172
4650.0 3150.0 0.07054
4750.0 3150.0 0.16599
4850.0 3150.0 0.16385
4950.0 3150.0 0.02039
5050.0 3150.0 -0.20123
5150.0 3150.0 -0.41504
5250.0 3150.0 -0.66702
5350.0 3150.0 -0.89261
5450.0 3150.0 -0.88527
5550.0 3150.0 -0.59053
5650.0 3150.0 -0.17468
5750.0 3150.0 0.16695
5850.0 3150.0 0.47687
5950.0 3150.0 0.66052
6050.0 3150.0 0.52978
6150.0 3150.0 0.09827
6250.0 3150.0 -0.38798
6350.0 3150.0 -0.69252
50.0 3250.0 0.11010
150.0 3250.0 0.02160
250.0 3250.0 0.00552
350.0 3250.0 -0.01484
450.0 3250.0 -0.06260
550.0 3250.0 -0.08630
650.0 3250.0 -0.04742
750.0 3250.0 0.04474
850.0 3250.0 0.15103
950.0 3250.0 0.17986
1050.0 3250.0 -0.00490
1150.0 3250.0 -0.28293
1250.0 3250.0 -0.44839
1350.0 3250.0 -0.38195
1450.0 3250.0 -0.12585
1550.0 3250.0 0.11343
1650.0 3250.0 0.10583
1750.0 3250.0 -0.10353
1850.0 3250.0 -0.30493
1950.0 3250.0 -0.29699
2050.0 3250.0 -0.03115
2150.0 3250.0 0.30965
2250.0 3250.0 0.52576
2350.0 3250.0 0.50685
2450.0 3250.0 0.29221
2550.0 3250.0 0.06787
2650.0 3250.0 0.01932
2750.0 3250.0 0.08712
2850.0 3250.0 0.16528
2950.0 3250.0 0.21996
3050.0 3250.0 0.22156
3150.0 3250.0 0.18050
3250.0 3250.0 0.13721
3350.0 3250.0 0.12310
3450.0 3250.0 0.25682
3550.0 3250.0 0.47755
3650.0 3250.0 0.57223
3750.0 3250.0 0.42409
3850.0 3250.0 0.09164
3950.0 3250.0 -0.28850
4050.0 3250.0 -0.63044
4150.0 3250.0 -0.77358
4250.0 3250.0 -0.62414
4350.0 3250.0 -0.29808
4450.0 3250.0 -0.04668
4550.0 3250.0 0.03514
4650.0 3250.0 0.14353
4750.0 3250.0 0.27587
4850.0 3250.0 0.31668
4950.0 3250.0 0.21319
5050.0 3250.0 0.02155
5150.0 3250.0 -0.17130
5250.0 3250.0 -0.43277
5350.0 3250.0 -0.73602
5450.0 3250.0 -0.84807
5550.0 3250.0 -0.65712
5650.0 3250.0 -0.28314
5750.0 3250.0 0.07637
5850.0 3250.0 0.44650
5950.0 3250.0 0.77383
6050.0 3250.0 0.82946
6150.0 3250.0 0.55081
6250.0 3250.0 0.13314
6350.0 3250.0 -0.17747
50.0 3350.0 0.15873
150.0 3350.0 0.00921
250.0 3350.0 -0.01382
350.0 3350.0 -0.05051
450.0 3350.0 -0.16074
550.0 3350.0 -0.27827
650.0 3350.0 -0.32649
750.0 3350.0 -0.28130
850.0 3350.0 -0.17994
950.0 3350.0 -0.12141
1050.0 3350.0 -0.19112
1150.0 3350.0 -0.28795
1250.0 3350.0 -0.27590
1350.0 3350.0 -0.10277
1450.0 3350.0 0.17599
1550.0 3350.0 0.40410
1650.0 3350.0 0.33922
1750.0 3350.0 0.03151
1850.0 3350.0 -0.27188
1950.0 3350.0 -0.32973
2050.0 3350.0 -0.08052
2150.0 3350.0 0.26067
2250.0 3350.0 0.47308
2350.0 3350.0 0.44437
2450.0 3350.0 0.21616
2550.0 3350.0 -0.02044
2650.0 3350.0 -0.07591
2750.0 3350.0 -0.01445
2850.0 3350.0 0.03731
2950.0 3350.0 0.04192
3050.0 3350.0 -0.01375
3150.0 3350.0 -0.09786
3250.0 3350.0 -0.15871
3350.0 3350.0 -0.17200
3450.0 3350.0 0.01950
3550.0 3350.0 0.37774
3650.0 3350.0 0.64460
3750.0 3350.0 0.63404
3850.0 3350.0 0.35950
3950.0 3350.0 -0.01713
4050.0 3350.0 -0.38505
4150.0 3350.0 -0.59790
4250.0 3350.0 -0.54092
4350.0 3350.0 -0.29303
4450.0 3350.0 -0.07830
4550.0 3350.0 -0.00005
4650.0 3350.0 0.13097
4750.0 3350.0 0.33307
4850.0 3350.0 0.47370
4950.0 3350.0 0.46154
5050.0 3350.0 0.31976
5150.0 3350.0 0.13765
5250.0 3350.0 -0.14184
5350.0 3350.0 -0.52120
5450.0 3350.0 -0.75140
5550.0 3350.0 -0.67403
5650.0 3350.0 -0.36521
5750.0 3350.0 -0.01842
5850.0 3350.0 0.37409
5950.0 3350.0 0.80003
6050.0 3350.0 1.01274
6150.0 3350.0 0.88806
6250.0 3350.0 0.56168
6350.0 3350.0 0.26887
50.0 3450.0 0.09700
150.0 3450.0 -0.09708
250.0 3450.0 -0.12070
350.0 3450.0 -0.16115
450.0 3450.0 -0.29515
550.0 3450.0 -0.43899
650.0 3450.0 -0.49546
750.0 3450.0 -0.43350
850.0 3450.0 -0.29993
950.0 3450.0 -0.17906
1050.0 3450.0 -0.10706
1150.0 3450.0 -0.02481
1250.0 3450.0 0.12834
1350.0 3450.0 0.35846
1450.0 3450.0 0.62294
1550.0 3450.0 0.81039
1650.0 3450.0 0.66515
1750.0 3450.0 0.25206
1850.0 3450.0 -0.14426
1950.0 3450.0 -0.25507
2050.0 3450.0 -0.01957
2150.0 3450.0 0.31932
2250.0 3450.0 0.51944
2350.0 3450.0 0.44936
2450.0 3450.0 0.14786
2550.0 3450.0 -0.17261
2650.0 3450.0 -0.29491
2750.0 3450.0 -0.28325
2850.0 3450.0 -0.25093
2950.0 3450.0 -0.22185
3050.0 3450.0 -0.22811
3150.0 3450.0 -0.27484
3250.0 3450.0 -0.33863
3350.0 3450.0 -0.37773
3450.0 3450.0 -0.16961
3550.0 3450.0 0.28342
3650.0 3450.0 0.70211
3750.0 3450.0 0.83840
3850.0 3450.0 0.64630
3950.0 3450.0 0.29767
4050.0 3450.0 -0.06964
4150.0 3450.0 -0.33567
4250.0 3450.0 -0.37983
4350.0 3450.0 -0.24107
4450.0 3450.0 -0.09644
4550.0 3450.0 -0.04605
4650.0 3450.0 0.05921
4750.0 3450.0 0.25576
4850.0 3450.0 0.44038
4950.0 3450.0 0.51663
5050.0 3450.0 0.46848
5150.0 3450.0 0.35654
5250.0 3450.0 0.13027
5350.0 3450.0 -0.25360
5450.0 3450.0 -0.57356
5550.0 3450.0 -0.64030
5650.0 3450.0 -0.45656
5750.0 3450.0 -0.17248
5850.0 3450.0 0.20608
5950.0 3450.0 0.72954
6050.0 3450.0 1.14260
6150.0 3450.0 1.23799
6250.0 3450.0 1.05254
6350.0 3450.0 0.78836
50.0 3550.0 -0.06397
150.0 3550.0 -0.26663
250.0 3550.0 -0.27898
350.0 3550.0 -0.30880
450.0 3550.0 -0.42773
550.0 3550.0 -0.52728
650.0 3550.0 -0.50415
750.0 3550.0 -0.34839
850.0 3550.0 -0.13168
950.0 3550.0 0.08812
1050.0 3550.0 0.29549
1150.0 3550.0 0.48324
1250.0 3550.0 0.65723
1350.0 3550.0 0.83395
1450.0 3550.0 1.02576
1550.0 3550.0 1.13915
1650.0 3550.0 0.91137
1750.0 3550.0 0.43300
1850.0 3550.0 0.00793
1950.0 3550.0 -0.10397
2050.0 3550.0 0.13209
2150.0 3550.0 0.47060
2250.0 3550.0 0.67574
2350.0 3550.0 0.57354
2450.0 3550.0 0.17361
2550.0 3550.0 -0.29025
2650.0 3550.0 -0.54991
2750.0 3550.0 -0.64890
2850.0 3550.0 -0.63557
2950.0 3550.0 -0.49847
3050.0 3550.0 -0.33133
3150.0 3550.0 -0.24776
3250.0 3550.0 -0.30196
3350.0 3550.0 -0.40687
3450.0 3550.0 -0.26181
3550.0 3550.0 0.17709
3650.0 3550.0 0.65917
3750.0 3550.0 0.90799
3850.0 3550.0 0.81289
3950.0 3550.0 0.52530
4050.0 3550.0 0.20994
4150.0 3550.0 -0.04822
4250.0 3550.0 -0.15515
4350.0 3550.0 -0.12566
4450.0 3550.0 -0.07723
4550.0 3550.0 -0.08587
4650.0 3550.0 -0.07941
4750.0 3550.0 -0.01214
4850.0 3550.0 0.11190
4950.0 3550.0 0.24858
5050.0 3550.0 0.34300
5150.0 3550.0 0.38293
5250.0 3550.0 0.31768
5350.0 3550.0 0.05777
5450.0 3550.0 -0.26965
5550.0 3550.0 -0.48256
5650.0 3550.0 -0.48411
5750.0 3550.0 -0.32720
5850.0 3550.0 -0.02656
5950.0 3550.0 0.53332
6050.0 3550.0 1.11114
6150.0 3550.0 1.42371
6250.0 3550.0 1.39098
6350.0 3550.0 1.15807
50.0 3650.0 -0.18459
150.0 3650.0 -0.36321
250.0 3650.0 -0.35705
350.0 3650.0 -0.37556
450.0 3650.0 -0.48227
550.0 3650.0 -0.53689
650.0 3650.0 -0.42492
750.0 3650.0 -0.15899
850.0 3650.0 0.15896
950.0 3650.0 0.47879
1050.0 3650.0 0.75897
1150.0 3650.0 0.92552
1250.0 3650.0 0.97524
1350.0 3650.0 0.99506
1450.0 3650.0 1.07760
1550.0 3650.0 1.11096
1650.0 3650.0 0.84091
1750.0 3650.0 0.38508
1850.0 3650.0 0.03222
1950.0 3650.0 -0.01076
2050.0 3650.0 0.24465
2150.0 3650.0 0.58930
2250.0 3650.0 0.84584
2350.0 3650.0 0.78949
2450.0 3650.0 0.36270
2550.0 3650.0 -0.21171
2650.0 3650.0 -0.61954
2750.0 3650.0 -0.85522
2850.0 3650.0 -0.87516
2950.0 3650.0 -0.62585
3050.0 3650.0 -0.26950
3150.0 3650.0 -0.04351
3250.0 3650.0 -0.09232
3350.0 3650.0 -0.28194
3450.0 3650.0 -0.26334
3550.0 3650.0 0.04649
3650.0 3650.0 0.46918
3750.0 3650.0 0.74835
3850.0 3650.0 0.72825
3950.0 3650.0 0.51454
4050.0 3650.0 0.29260
4150.0 3650.0 0.11972
4250.0 3650.0 0.03401
4350.0 3650.0 0.01096
4450.0 3650.0 -0.02151
4550.0 3650.0 -0.09985
4650.0 3650.0 -0.23044
4750.0 3650.0 -0.36760
4850.0 3650.0 -0.38090
4950.0 3650.0 -0.22520
5050.0 3650.0 0.01667
5150.0 3650.0 0.24000
5250.0 3650.0 0.39180
5350.0 3650.0 0.34921
5450.0 3650.0 0.10814
5550.0 3650.0 -0.19602
5650.0 3650.0 -0.37684
5750.0 3650.0 -0.36849
5850.0 3650.0 -0.19329
5950.0 3650.0 0.29145
6050.0 3650.0 0.88341
6150.0 3650.0 1.27936
6250.0 3650.0 1.32558
6350.0 3650.0 1.10913
50.0 3750.0 -0.15772
150.0 3750.0 -0.30659
250.0 3750.0 -0.28449
350.0 3750.0 -0.30491
450.0 3750.0 -0.44094
550.0 3750.0 -0.51888
650.0 3750.0 -0.39239
750.0 3750.0 -0.07109
850.0 3750.0 0.32097
950.0 3750.0 0.70641
1050.0 3750.0 0.98730
1150.0 3750.0 1.04602
1250.0 3750.0 0.90749
1350.0 3750.0 0.74880
1450.0 3750.0 0.73338
1550.0 3750.0 0.71188
1650.0 3750.0 0.45207
1750.0 3750.0 0.08948
1850.0 3750.0 -0.12759
1950.0 3750.0 -0.06474
2050.0 3750.0 0.21961
2150.0 3750.0 0.57664
2250.0 3750.0 0.92576
2350.0 3750.0 1.00374
2450.0 3750.0 0.66425
2550.0 3750.0 0.07858
2650.0 3750.0 -0.42200
2750.0 3750.0 -0.76750
2850.0 3750.0 -0.83900
2950.0 3750.0 -0.55390
3050.0 3750.0 -0.10980
3150.0 3750.0 0.18293
3250.0 3750.0 0.12200
3350.0 3750.0 -0.13683
3450.0 3750.0 -0.24615
3550.0 3750.0 -0.10278
3650.0 3750.0 0.19336
3750.0 3750.0 0.43361
3850.0 3750.0 0.44677
3950.0 3750.0 0.29069
4050.0 3750.0 0.16388
4150.0 3750.0 0.11348
4250.0 3750.0 0.11652
4350.0 3750.0 0.11209
4450.0 3750.0 0.04337
4550.0 3750.0 -0.08754
4650.0 3750.0 -0.33164
4750.0 3750.0 -0.64630
4850.0 3750.0 -0.79077
4950.0 3750.0 -0.64047
5050.0 3750.0 -0.29294
5150.0 3750.0 0.07342
5250.0 3750.0 0.40696
5350.0 3750.0 0.57289
5450.0 3750.0 0.45509
5550.0 3750.0 0.13046
5650.0 3750.0 -0.16320
5750.0 3750.0 -0.26719
5850.0 3750.0 -0.21437
5950.0 3750.0 0.11539
6050.0 3750.0 0.56781
6150.0 3750.0 0.88250
6250.0 3750.0 0.90381
6350.0 3750.0 0.68276
50.0 3850.0 0.01790
150.0 3850.0 -0.12705
250.0 3850.0 -0.09965
350.0 3850.0 -0.13967
450.0 3850.0 -0.35558
550.0 3850.0 -0.54526
650.0 3850.0 -0.50923
750.0 3850.0 -0.21971
850.0 3850.0 0.19318
950.0 3850.0 0.59885
1050.0 3850.0 0.85127
1150.0 3850.0 0.81946
1250.0 3850.0 0.55777
1350.0 3850.0 0.29792
1450.0 3850.0 0.23625
1550.0 3850.0 0.19836
1650.0 3850.0 -0.02457
1750.0 3850.0 -0.29221
1850.0 3850.0 -0.39424
1950.0 3850.0 -0.24924
2050.0 3850.0 0.05728
2150.0 3850.0 0.42813
2250.0 3850.0 0.87562
2350.0 3850.0 1.12258
2450.0 3850.0 0.94454
2550.0 3850.0 0.44192
2650.0 3850.0 -0.06911
2750.0 3850.0 -0.46339
2850.0 3850.0 -0.59549
2950.0 3850.0 -0.37717
3050.0 3850.0 0.00813
3150.0 3850.0 0.25793
3250.0 3850.0 0.16663
3350.0 3850.0 -0.12231
3450.0 3850.0 -0.29699
3550.0 3850.0 -0.25138
3650.0 3850.0 -0.04345
3750.0 3850.0 0.15226
3850.0 3850.0 0.16732
3950.0 3850.0 0.03493
4050.0 3850.0 -0.03669
4150.0 3850.0 0.00458
4250.0 3850.0 0.09796
4350.0 3850.0 0.14604
4450.0 3850.0 0.08295
4550.0 3850.0 -0.06767
4650.0 3850.0 -0.35611
4750.0 3850.0 -0.73730
4850.0 3850.0 -0.92700
4950.0 3850.0 -0.77149
5050.0 3850.0 -0.37698
5150.0 3850.0 0.04841
5250.0 3850.0 0.46138
5350.0 3850.0 0.72968
5450.0 3850.0 0.68734
5550.0 3850.0 0.37745
5650.0 3850.0 0.05027
5750.0 3850.0 -0.09773
5850.0 3850.0 -0.11504
5950.0 3850.0 0.07036
6050.0 3850.0 0.33858
6150.0 3850.0 0.49617
6250.0 3850.0 0.43392
6350.0 3850.0 0.19618
50.0 3950.0 0.24223
150.0 3950.0 0.07771
250.0 3950.0 0.10375
350.0 3950.0 0.03773
450.0 3950.0 -0.27663
550.0 3950.0 -0.61662
650.0 3950.0 -0.72390
750.0 3950.0 -0.51644
850.0 3950.0 -0.11896
950.0 3950.0 0.28097
1050.0 3950.0 0.51215
1150.0 3950.0 0.44643
1250.0 3950.0 0.15054
1350.0 3950.0 -0.13116
1450.0 3950.0 -0.19924
1550.0 3950.0 -0.23243
1650.0 3950.0 -0.42078
1750.0 3950.0 -0.62623
1850.0 3950.0 -0.66230
1950.0 3950.0 -0.47398
2050.0 3950.0 -0.15632
2150.0 3950.0 0.22601
2250.0 3950.0 0.75628
2350.0 3950.0 1.15918
2450.0 3950.0 1.15226
2550.0 3950.0 0.76776
2650.0 3950.0 0.29208
2750.0 3950.0 -0.11005
2850.0 3950.0 -0.30127
2950.0 3950.0 -0.20159
3050.0 3950.0 0.04732
3150.0 3950.0 0.19686
3250.0 3950.0 0.06960
3350.0 3950.0 -0.22129
3450.0 3950.0 -0.40701
3550.0 3950.0 -0.38554
3650.0 3950.0 -0.20552
3750.0 3950.0 -0.02967
3850.0 3950.0 -0.02027
3950.0 3950.0 -0.14892
4050.0 3950.0 -0.19984
4150.0 3950.0 -0.11190
4250.0 3950.0 0.03974
4350.0 3950.0 0.13515
4450.0 3950.0 0.09355
4550.0 3950.0 -0.05451
4650.0 3950.0 -0.33645
4750.0 3950.0 -0.69949
4850.0 3950.0 -0.86361
4950.0 3950.0 -0.68461
5050.0 3950.0 -0.27687
5150.0 3950.0 0.15218
5250.0 3950.0 0.57178
5350.0 3950.0 0.85554
5450.0 3950.0 0.83201
5550.0 3950.0 0.53614
5650.0 3950.0 0.21358
5750.0 3950.0 0.06291
5850.0 3950.0 0.01778
5950.0 3950.0 0.10347
6050.0 3950.0 0.21918
6150.0 3950.0 0.23050
6250.0 3950.0 0.08285
6350.0 3950.0 -0.17159
50.0 4050.0 0.23205
150.0 4050.0 0.08256
250.0 4050.0 0.13511
350.0 4050.0 0.10039
450.0 4050.0 -0.19245
550.0 4050.0 -0.55444
650.0 4050.0 -0.73296
750.0 4050.0 -0.61370
850.0 4050.0 -0.28621
950.0 4050.0 0.05448
1050.0 4050.0 0.24928
1150.0 4050.0 0.18621
1250.0 4050.0 -0.07758
1350.0 4050.0 -0.33001
1450.0 4050.0 -0.39741
1550.0 4050.0 -0.43688
1650.0 4050.0 -0.61336
1750.0 4050.0 -0.79079
1850.0 4050.0 -0.79742
1950.0 4050.0 -0.59394
2050.0 4050.0 -0.28045
2150.0 4050.0 0.09827
2250.0 4050.0 0.67262
2350.0 4050.0 1.17628
2450.0 4050.0 1.29258
2550.0 4050.0 1.00329
2650.0 4050.0 0.56525
2750.0 4050.0 0.16673
2850.0 4050.0 -0.06528
2950.0 4050.0 -0.04987
3050.0 4050.0 0.11296
3150.0 4050.0 0.21660
3250.0 4050.0 0.09707
3350.0 4050.0 -0.16442
3450.0 4050.0 -0.36548
3550.0 4050.0 -0.41831
3650.0 4050.0 -0.33110
3750.0 4050.0 -0.21359
3850.0 4050.0 -0.19936
3950.0 4050.0 -0.28479
4050.0 4050.0 -0.29993
4150.0 4050.0 -0.19404
4250.0 4050.0 -0.03626
4350.0 4050.0 0.06789
4450.0 4050.0 0.05048
4550.0 4050.0 -0.05953
4650.0 4050.0 -0.29518
4750.0 4050.0 -0.61590
4850.0 4050.0 -0.76646
4950.0 4050.0 -0.60751
5050.0 4050.0 -0.23276
5150.0 4050.0 0.17155
5250.0 4050.0 0.58409
5350.0 4050.0 0.89576
5450.0 4050.0 0.92027
5550.0 4050.0 0.66270
5650.0 4050.0 0.34584
5750.0 4050.0 0.17052
5850.0 4050.0 0.07192
5950.0 4050.0 0.04290
6050.0 4050.0 0.01440
6150.0 4050.0 -0.09131
6250.0 4050.0 -0.29281
6350.0 4050.0 -0.54686
50.0 4150.0 -0.12952
150.0 4150.0 -0.19081
250.0 4150.0 -0.06355
350.0 4150.0 0.02505
450.0 4150.0 -0.05637
550.0 4150.0 -0.23907
650.0 4150.0 -0.37740
750.0 4150.0 -0.35803
850.0 4150.0 -0.18742
950.0 4150.0 0.00840
1050.0 4150.0 0.13844
1150.0 4150.0 0.12758
1250.0 4150.0 -0.00901
1350.0 4150.0 -0.15913
1450.0 4150.0 -0.21879
1550.0 4150.0 -0.28383
1650.0 4150.0 -0.48151
1750.0 4150.0 -0.67685
1850.0 4150.0 -0.70197
1950.0 4150.0 -0.52094
2050.0 4150.0 -0.23439
2150.0 4150.0 0.11423
2250.0 4150.0 0.65678
2350.0 4150.0 1.14566
2450.0 4150.0 1.27657
2550.0 4150.0 1.02119
2650.0 4150.0 0.61362
2750.0 4150.0 0.23354
2850.0 4150.0 -0.00768
2950.0 4150.0 -0.01170
3050.0 4150.0 0.15906
3150.0 4150.0 0.31436
3250.0 4150.0 0.27574
3350.0 4150.0 0.09310
3450.0 4150.0 -0.12283
3550.0 4150.0 -0.31002
3650.0 4150.0 -0.39180
3750.0 4150.0 -0.36976
3850.0 4150.0 -0.32127
3950.0 4150.0 -0.29650
4050.0 4150.0 -0.25084
4150.0 4150.0 -0.17738
4250.0 4150.0 -0.10569
4350.0 4150.0 -0.06376
4450.0 4150.0 -0.05799
4550.0 4150.0 -0.07439
4650.0 4150.0 -0.20365
4750.0 4150.0 -0.45094
4850.0 4150.0 -0.61466
4950.0 4150.0 -0.54892
5050.0 4150.0 -0.27953
5150.0 4150.0 0.05897
5250.0 4150.0 0.44650
5350.0 4150.0 0.80584
5450.0 4150.0 0.91834
5550.0 4150.0 0.72650
5650.0 4150.0 0.40660
5750.0 4150.0 0.16556
5850.0 4150.0 -0.02438
5950.0 4150.0 -0.16391
6050.0 4150.0 -0.27407
6150.0 4150.0 -0.39938
6250.0 4150.0 -0.57296
6350.0 4150.0 -0.79260
50.0 4250.0 -0.61380
150.0 4250.0 -0.53078
250.0 4250.0 -0.30235
350.0 4250.0 -0.04814
450.0 4250.0 0.16434
550.0 4250.0 0.24339
650.0 4250.0 0.18431
750.0 4250.0 0.08905
850.0 4250.0 0.05836
950.0 4250.0 0.06654
1050.0 4250.0 0.11552
1150.0 4250.0 0.17759
1250.0 4250.0 0.21142
1350.0 4250.0 0.19739
1450.0 4250.0 0.14847
1550.0 4250.0 0.04912
1650.0 4250.0 -0.18178
1750.0 4250.0 -0.41026
1850.0 4250.0 -0.46972
1950.0 4250.0 -0.32461
2050.0 4250.0 -0.07488
2150.0 4250.0 0.22749
2250.0 4250.0 0.67926
2350.0 4250.0 1.05583
2450.0 4250.0 1.10301
2550.0 4250.0 0.82009
2650.0 4250.0 0.42966
2750.0 4250.0 0.07550
2850.0 4250.0 -0.15640
2950.0 4250.0 -0.14180
3050.0 4250.0 0.09031
3150.0 4250.0 0.35064
3250.0 4250.0 0.43090
3350.0 4250.0 0.35300
3450.0 4250.0 0.14184
3550.0 4250.0 -0.16514
3650.0 4250.0 -0.39916
3750.0 4250.0 -0.44823
3850.0 4250.0 -0.33349
3950.0 4250.0 -0.16471
4050.0 4250.0 -0.05093
4150.0 4250.0 -0.04759
4250.0 4250.0 -0.12416
4350.0 4250.0 -0.19335
4450.0 4250.0 -0.17122
4550.0 4250.0 -0.06713
4650.0 4250.0 -0.06016
4750.0 4250.0 -0.21807
4850.0 4250.0 -0.40729
4950.0 4250.0 -0.47008
5050.0 4250.0 -0.34137
5150.0 4250.0 -0.08895
5250.0 4250.0 0.26046
5350.0 4250.0 0.66281
5450.0 4250.0 0.86188
5550.0 4250.0 0.72975
5650.0 4250.0 0.39179
5750.0 4250.0 0.06309
5850.0 4250.0 -0.22439
5950.0 4250.0 -0.42197
6050.0 4250.0 -0.50381
6150.0 4250.0 -0.52357
6250.0 4250.0 -0.58320
6350.0 4250.0 -0.74242
50.0 4350.0 -0.90672
150.0 4350.0 -0.68019
250.0 4350.0 -0.36457
350.0 4350.0 0.01810
450.0 4350.0 0.44170
550.0 4350.0 0.68837
650.0 4350.0 0.64807
750.0 4350.0 0.43094
850.0 4350.0 0.22829
950.0 4350.0 0.07904
1050.0 4350.0 0.05425
1150.0 4350.0 0.16664
1250.0 4350.0 0.33186
1350.0 4350.0 0.42469
1450.0 4350.0 0.38334
1550.0 4350.0 0.25766
1650.0 4350.0 0.01091
1750.0 4350.0 -0.22462
1850.0 4350.0 -0.29120
1950.0 4350.0 -0.16195
2050.0 4350.0 0.06090
2150.0 4350.0 0.32262
2250.0 4350.0 0.68351
2350.0 4350.0 0.93763
2450.0 4350.0 0.88314
2550.0 4350.0 0.55495
2650.0 4350.0 0.17177
2750.0 4350.0 -0.16160
2850.0 4350.0 -0.39183
2950.0 4350.0 -0.37427
3050.0 4350.0 -0.10572
3150.0 4350.0 0.23112
3250.0 4350.0 0.40628
3350.0 4350.0 0.41721
3450.0 4350.0 0.23539
3550.0 4350.0 -0.11325
3650.0 4350.0 -0.40270
3750.0 4350.0 -0.45496
3850.0 4350.0 -0.26227
3950.0 4350.0 0.02730
4050.0 4350.0 0.19377
4150.0 4350.0 0.12876
4250.0 4350.0 -0.08412
4350.0 4350.0 -0.25652
4450.0 4350.0 -0.22575
4550.0 4350.0 -0.02191
4650.0 4350.0 0.09988
4750.0 4350.0 0.02093
4850.0 4350.0 -0.18308
4950.0 4350.0 -0.34707
5050.0 4350.0 -0.33246
5150.0 4350.0 -0.15129
5250.0 4350.0 0.16105
5350.0 4350.0 0.58092
5450.0 4350.0 0.82515
5550.0 4350.0 0.71788
5650.0 4350.0 0.35134
5750.0 4350.0 -0.05235
5850.0 4350.0 -0.40778
5950.0 4350.0 -0.60061
6050.0 4350.0 -0.57567
6150.0 4350.0 -0.42658
6250.0 4350.0 -0.34345
6350.0 4350.0 -0.44277
50.0 4450.0 -0.82984
150.0 4450.0 -0.51835
250.0 4450.0 -0.16045
350.0 4450.0 0.25993
450.0 4450.0 0.70454
550.0 4450.0 0.91432
650.0 4450.0 0.77562
750.0 4450.0 0.44250
850.0 4450.0 0.15083
950.0 4450.0 -0.07348
1050.0 4450.0 -0.14603
1150.0 4450.0 -0.03342
1250.0 4450.0 0.16914
1350.0 4450.0 0.29696
1450.0 4450.0 0.25604
1550.0 4450.0 0.12314
1650.0 4450.0 -0.10492
1750.0 4450.0 -0.29868
1850.0 4450.0 -0.32141
1950.0 4450.0 -0.16862
2050.0 4450.0 0.05015
2150.0 4450.0 0.29492
2250.0 4450.0 0.62522
2350.0 4450.0 0.84397
2450.0 4450.0 0.76571
2550.0 4450.0 0.43264
2650.0 4450.0 0.05770
2750.0 4450.0 -0.26908
2850.0 4450.0 -0.52636
2950.0 4450.0 -0.56478
3050.0 4450.0 -0.34631
3150.0 4450.0 -0.02403
3250.0 4450.0 0.17654
3350.0 4450.0 0.22943
3450.0 4450.0 0.08818
3550.0 4450.0 -0.21746
3650.0 4450.0 -0.45601
3750.0 4450.0 -0.44986
3850.0 4450.0 -0.19711
3950.0 4450.0 0.14902
4050.0 4450.0 0.34099
4150.0 4450.0 0.24854
4250.0 4450.0 -0.02166
4350.0 4450.0 -0.23712
4450.0 4450.0 -0.20056
4550.0 4450.0 0.04906
4650.0 4450.0 0.22779
4750.0 4450.0 0.19811
4850.0 4450.0 0.00563
4950.0 4450.0 -0.18848
5050.0 4450.0 -0.21787
5150.0 4450.0 -0.06829
5250.0 4450.0 0.22176
5350.0 4450.0 0.63140
5450.0 4450.0 0.86946
5550.0 4450.0 0.74877
5650.0 4450.0 0.35563
5750.0 4450.0 -0.08442
5850.0 4450.0 -0.46368
5950.0 4450.0 -0.62543
6050.0 4450.0 -0.50639
6150.0 4450.0 -0.23604
6250.0 4450.0 -0.06158
6350.0 4450.0 -0.12828
50.0 4550.0 -0.49761
150.0 4550.0 -0.15845
250.0 4550.0 0.20526
350.0 4550.0 0.59503
450.0 4550.0 0.92073
550.0 4550.0 0.94615
650.0 4550.0 0.62853
750.0 4550.0 0.18957
850.0 4550.0 -0.12614
950.0 4550.0 -0.36177
1050.0 4550.0 -0.46098
1150.0 4550.0 -0.38502
1250.0 4550.0 -0.21570
1350.0 4550.0 -0.10697
1450.0 4550.0 -0.15240
1550.0 4550.0 -0.27797
1650.0 4550.0 -0.46321
1750.0 4550.0 -0.58220
1850.0 4550.0 -0.52691
1950.0 4550.0 -0.32372
2050.0 4550.0 -0.09253
2150.0 4550.0 0.15511
2250.0 4550.0 0.51302
2350.0 4550.0 0.78610
2450.0 4550.0 0.76957
2550.0 4550.0 0.48110
2650.0 4550.0 0.12165
2750.0 4550.0 -0.20878
2850.0 4550.0 -0.51670
2950.0 4550.0 -0.66053
3050.0 4550.0 -0.56360
3150.0 4550.0 -0.32939
3250.0 4550.0 -0.15764
3350.0 4550.0 -0.09888
3450.0 4550.0 -0.20077
3550.0 4550.0 -0.42227
3650.0 4550.0 -0.55850
3750.0 4550.0 -0.47107
3850.0 4550.0 -0.18257
3950.0 4550.0 0.16967
4050.0 4550.0 0.36850
4150.0 4550.0 0.28687
4250.0 4550.0 0.02922
4350.0 4550.0 -0.17540
4450.0 4550.0 -0.13196
4550.0 4550.0 0.12186
4650.0 4550.0 0.31271
4750.0 4550.0 0.30933
4850.0 4550.0 0.14848
4950.0 4550.0 -0.02143
5050.0 4550.0 -0.04141
5150.0 4550.0 0.10651
5250.0 4550.0 0.38751
5350.0 4550.0 0.77383
5450.0 4550.0 0.97932
5550.0 4550.0 0.82861
5650.0 4550.0 0.41808
5750.0 4550.0 -0.02672
5850.0 4550.0 -0.40257
5950.0 4550.0 -0.54252
6050.0 4550.0 -0.38622
6150.0 4550.0 -0.07754
6250.0 4550.0 0.12106
6350.0 4550.0 0.06039
50.0 4650.0 -0.11768
150.0 4650.0 0.21745
250.0 4650.0 0.56466
350.0 4650.0 0.89841
450.0 4650.0 1.07554
550.0 4650.0 0.90182
650.0 4650.0 0.41542
750.0 4650.0 -0.10336
850.0 4650.0 -0.41772
950.0 4650.0 -0.64666
1050.0 4650.0 -0.77498
1150.0 4650.0 -0.75763
1250.0 4650.0 -0.64791
1350.0 4650.0 -0.57043
1450.0 4650.0 -0.61136
1550.0 4650.0 -0.71514
1650.0 4650.0 -0.85047
1750.0 4650.0 -0.90071
1850.0 4650.0 -0.78378
1950.0 4650.0 -0.54628
2050.0 4650.0 -0.30890
2150.0 4650.0 -0.06345
2250.0 4650.0 0.29979
2350.0 4650.0 0.59945
2450.0 4650.0 0.63245
2550.0 4650.0 0.40084
2650.0 4650.0 0.08559
2750.0 4650.0 -0.21872
2850.0 4650.0 -0.56848
2950.0 4650.0 -0.83725
3050.0 4650.0 -0.89500
3150.0 4650.0 -0.77120
3250.0 4650.0 -0.62307
3350.0 4650.0 -0.53389
3450.0 4650.0 -0.54436
3550.0 4650.0 -0.61137
3650.0 4650.0 -0.59381
3750.0 4650.0 -0.41514
3850.0 4650.0 -0.11515
3950.0 4650.0 0.20873
4050.0 4650.0 0.38544
4150.0 4650.0 0.29815
4250.0 4650.0 0.04706
4350.0 4650.0 -0.15164
4450.0 4650.0 -0.11566
4550.0 4650.0 0.11845
4650.0 4650.0 0.30494
4750.0 4650.0 0.32970
4850.0 4650.0 0.21557
4950.0 4650.0 0.08374
5050.0 4650.0 0.07190
5150.0 4650.0 0.20140
5250.0 4650.0 0.45180
5350.0 4650.0 0.80161
5450.0 4650.0 0.99048
5550.0 4650.0 0.85635
5650.0 4650.0 0.48351
5750.0 4650.0 0.07602
5850.0 4650.0 -0.26503
5950.0 4650.0 -0.38033
6050.0 4650.0 -0.22205
6150.0 4650.0 0.06814
6250.0 4650.0 0.24580
6350.0 4650.0 0.17808
50.0 4750.0 0.19332
150.0 4750.0 0.46690
250.0 4750.0 0.75986
350.0 4750.0 1.01264
450.0 4750.0 1.05333
550.0 4750.0 0.74557
650.0 4750.0 0.18831
750.0 4750.0 -0.32542
850.0 4750.0 -0.59434
950.0 4750.0 -0.79009
1050.0 4750.0 -0.94342
1150.0 4750.0 -1.00039
1250.0 4750.0 -0.96845
1350.0 4750.0 -0.92362
1450.0 4750.0 -0.93870
1550.0 4750.0 -0.99703
1650.0 4750.0 -1.08427
1750.0 4750.0 -1.10326
1850.0 4750.0 -0.98361
1950.0 4750.0 -0.76168
2050.0 4750.0 -0.53697
2150.0 4750.0 -0.30847
2250.0 4750.0 -0.00222
2350.0 4750.0 0.23813
2450.0 4750.0 0.26455
2550.0 4750.0 0.09330
2650.0 4750.0 -0.12629
2750.0 4750.0 -0.34206
2850.0 4750.0 -0.69196
2950.0 4750.0 -1.07357
3050.0 4750.0 -1.28983
3150.0 4750.0 -1.27103
3250.0 4750.0 -1.11341
3350.0 4750.0 -0.94052
3450.0 4750.0 -0.78389
3550.0 4750.0 -0.62695
3650.0 4750.0 -0.43907
3750.0 4750.0 -0.21278
3850.0 4750.0 0.03147
3950.0 4750.0 0.26752
4050.0 4750.0 0.37469
4150.0 4750.0 0.25759
4250.0 4750.0 0.00833
4350.0 4750.0 -0.18752
4450.0 4750.0 -0.17980
4550.0 4750.0 -0.00407
4650.0 4750.0 0.15184
4750.0 4750.0 0.20635
4850.0 4750.0 0.15631
4950.0 4750.0 0.07222
5050.0 4750.0 0.05236
5150.0 4750.0 0.12454
5250.0 4750.0 0.29633
5350.0 4750.0 0.57520
5450.0 4750.0 0.76760
5550.0 4750.0 0.72969
5650.0 4750.0 0.49280
5750.0 4750.0 0.19808
5850.0 4750.0 -0.04946
5950.0 4750.0 -0.12454
6050.0 4750.0 -0.00994
6150.0 4750.0 0.17828
6250.0 4750.0 0.26644
6350.0 4750.0 0.17247
50.0 4850.0 0.28569
150.0 4850.0 0.45409
250.0 4850.0 0.66968
350.0 4850.0 0.84597
450.0 4850.0 0.82539
550.0 4850.0 0.52393
650.0 4850.0 0.04928
750.0 4850.0 -0.35561
850.0 4850.0 -0.54403
950.0 4850.0 -0.68674
1050.0 4850.0 -0.84317
1150.0 4850.0 -0.95200
1250.0 4850.0 -0.97701
1350.0 4850.0 -0.94656
1450.0 4850.0 -0.91926
1550.0 4850.0 -0.92168
1650.0 4850.0 -0.97926
1750.0 4850.0 -1.01885
1850.0 4850.0 -0.96213
1950.0 4850.0 -0.80528
2050.0 4850.0 -0.60962
2150.0 4850.0 -0.40811
2250.0 4850.0 -0.20513
2350.0 4850.0 -0.09307
2450.0 4850.0 -0.12695
2550.0 4850.0 -0.25067
2650.0 4850.0 -0.34948
2750.0 4850.0 -0.43745
2850.0 4850.0 -0.73325
2950.0 4850.0 -1.15859
3050.0 4850.0 -1.46330
3150.0 4850.0 -1.49280
3250.0 4850.0 -1.28715
3350.0 4850.0 -1.00223
3450.0 4850.0 -0.67681
3550.0 4850.0 -0.35165
3650.0 4850.0 -0.10172
3750.0 4850.0 0.05433
3850.0 4850.0 0.16604
3950.0 4850.0 0.27817
4050.0 4850.0 0.29784
4150.0 4850.0 0.16118
4250.0 4850.0 -0.05753
4350.0 4850.0 -0.22614
4450.0 4850.0 -0.24677
4550.0 4850.0 -0.15084
4650.0 4850.0 -0.04396
4750.0 4850.0 0.03178
4850.0 4850.0 0.04276
4950.0 4850.0 0.00053
5050.0 4850.0 -0.04246
5150.0 4850.0 -0.05083
5250.0 4850.0 0.01000
5350.0 4850.0 0.18255
5450.0 4850.0 0.36744
5550.0 4850.0 0.45083
5650.0 4850.0 0.39523
5750.0 4850.0 0.25509
5850.0 4850.0 0.13716
5950.0 4850.0 0.11998
6050.0 4850.0 0.17811
6150.0 4850.0 0.22931
6250.0 4850.0 0.19618
6350.0 4850.0 0.06642
50.0 4950.0 0.16155
150.0 4950.0 0.22600
250.0 4950.0 0.37226
350.0 4950.0 0.50328
450.0 4950.0 0.50768
550.0 4950.0 0.33029
650.0 4950.0 0.03994
750.0 4950.0 -0.20631
850.0 4950.0 -0.31306
950.0 4950.0 -0.40369
1050.0 4950.0 -0.53863
1150.0 4950.0 -0.65393
1250.0 4950.0 -0.69012
1350.0 4950.0 -0.64867
1450.0 4950.0 -0.57900
1550.0 4950.0 -0.53583
1650.0 4950.0 -0.58605
1750.0 4950.0 -0.67612
1850.0 4950.0 -0.70856
1950.0 4950.0 -0.63096
2050.0 4950.0 -0.46669
2150.0 4950.0 -0.29031
2250.0 4950.0 -0.18794
2350.0 4950.0 -0.20731
2450.0 4950.0 -0.31492
2550.0 4950.0 -0.41145
2650.0 4950.0 -0.40886
2750.0 4950.0 -0.38099
2850.0 4950.0 -0.59396
2950.0 4950.0 -0.98472
3050.0 4950.0 -1.28220
3150.0 4950.0 -1.29118
3250.0 4950.0 -1.02063
3350.0 4950.0 -0.64070
3450.0 4950.0 -0.22113
3550.0 4950.0 0.12861
3650.0 4950.0 0.28187
3750.0 4950.0 0.25753
3850.0 4950.0 0.20435
3950.0 4950.0 0.20567
4050.0 4950.0 0.16248
4150.0 4950.0 0.04421
4250.0 4950.0 -0.10147
4350.0 4950.0 -0.20777
4450.0 4950.0 -0.23575
4550.0 4950.0 -0.20841
4650.0 4950.0 -0.14806
4750.0 4950.0 -0.06395
4850.0 4950.0 -0.01355
4950.0 4950.0 -0.03147
5050.0 4950.0 -0.10098
5150.0 4950.0 -0.18084
5250.0 4950.0 -0.22458
5350.0 4950.0 -0.16971
5450.0 4950.0 -0.02729
5550.0 4950.0 0.12935
5650.0 4950.0 0.21463
5750.0 4950.0 0.20722
5850.0 4950.0 0.20658
5950.0 4950.0 0.25463
6050.0 4950.0 0.28590
6150.0 4950.0 0.23900
6250.0 4950.0 0.11255
6350.0 4950.0 -0.04596
50.0 5050.0 -0.01154
150.0 5050.0 -0.00477
250.0 5050.0 0.10600
350.0 5050.0 0.22651
450.0 5050.0 0.28757
550.0 5050.0 0.23893
650.0 5050.0 0.10384
750.0 5050.0 -0.02735
850.0 5050.0 -0.08688
950.0 5050.0 -0.14692
1050.0 5050.0 -0.25186
1150.0 5050.0 -0.33942
1250.0 5050.0 -0.35043
1350.0 5050.0 -0.28469
1450.0 5050.0 -0.18964
1550.0 5050.0 -0.12460
1650.0 5050.0 -0.17668
1750.0 5050.0 -0.30179
1850.0 5050.0 -0.38913
1950.0 5050.0 -0.35795
2050.0 5050.0 -0.21120
2150.0 5050.0 -0.04735
2250.0 5050.0 0.00517
2350.0 5050.0 -0.07891
2450.0 5050.0 -0.22210
2550.0 5050.0 -0.30396
2650.0 5050.0 -0.25012
2750.0 5050.0 -0.16172
2850.0 5050.0 -0.31122
2950.0 5050.0 -0.63952
3050.0 5050.0 -0.88092
3150.0 5050.0 -0.84070
3250.0 5050.0 -0.52348
3350.0 5050.0 -0.09900
3450.0 5050.0 0.31886
3550.0 5050.0 0.56922
3650.0 5050.0 0.53666
3750.0 5050.0 0.31382
3850.0 5050.0 0.13364
3950.0 5050.0 0.07766
4050.0 5050.0 0.02110
4150.0 5050.0 -0.04144
4250.0 5050.0 -0.08999
4350.0 5050.0 -0.11474
4450.0 5050.0 -0.12350
4550.0 5050.0 -0.12867
4650.0 5050.0 -0.09281
4750.0 5050.0 -0.00778
4850.0 5050.0 0.05790
4950.0 5050.0 0.04823
5050.0 5050.0 -0.03660
5150.0 5050.0 -0.15271
5250.0 5050.0 -0.25981
5350.0 5050.0 -0.30073
5450.0 5050.0 -0.23352
5550.0 5050.0 -0.08992
5650.0 5050.0 0.03884
5750.0 5050.0 0.09377
5850.0 5050.0 0.15789
5950.0 5050.0 0.26232
6050.0 5050.0 0.31717
6150.0 5050.0 0.25712
6250.0 5050.0 0.10519
6350.0 5050.0 -0.06345
50.0 5150.0 -0.09588
150.0 5150.0 -0.09805
250.0 5150.0 0.00823
350.0 5150.0 0.13510
450.0 5150.0 0.23040
550.0 5150.0 0.23846
650.0 5150.0 0.16081
750.0 5150.0 0.06525
850.0 5150.0 0.01505
950.0 5150.0 -0.03699
1050.0 5150.0 -0.11898
1150.0 5150.0 -0.17182
1250.0 5150.0 -0.14854
1350.0 5150.0 -0.06079
1450.0 5150.0 0.04149
1550.0 5150.0 0.10985
1650.0 5150.0 0.06118
1750.0 5150.0 -0.06194
1850.0 5150.0 -0.14956
1950.0 5150.0 -0.12004
2050.0 5150.0 0.02539
2150.0 5150.0 0.18868
2250.0 5150.0 0.24365
2350.0 5150.0 0.16806
2450.0 5150.0 0.03867
2550.0 5150.0 -0.02878
2650.0 5150.0 0.03513
2750.0 5150.0 0.13250
2850.0 5150.0 0.00691
2950.0 5150.0 -0.28017
3050.0 5150.0 -0.47556
3150.0 5150.0 -0.40029
3250.0 5150.0 -0.06695
3350.0 5150.0 0.35908
3450.0 5150.0 0.72143
3550.0 5150.0 0.83376
3650.0 5150.0 0.62388
3750.0 5150.0 0.25525
3850.0 5150.0 0.00975
3950.0 5150.0 -0.05499
4050.0 5150.0 -0.08821
4150.0 5150.0 -0.07990
4250.0 5150.0 -0.03314
4350.0 5150.0 0.02156
4450.0 5150.0 0.04698
4550.0 5150.0 0.04072
4650.0 5150.0 0.07393
4750.0 5150.0 0.15983
4850.0 5150.0 0.22833
4950.0 5150.0 0.22052
5050.0 5150.0 0.13431
5150.0 5150.0 0.01380
5250.0 5150.0 -0.11662
5350.0 5150.0 -0.22232
5450.0 5150.0 -0.24243
5550.0 5150.0 -0.17281
5650.0 5150.0 -0.07847
5750.0 5150.0 -0.02231
5850.0 5150.0 0.05839
5950.0 5150.0 0.20502
6050.0 5150.0 0.31844
6150.0 5150.0 0.31126
6250.0 5150.0 0.18872
6350.0 5150.0 0.02566
50.0 5250.0 -0.17348
150.0 5250.0 -0.17623
250.0 5250.0 -0.06826
350.0 5250.0 0.06725
450.0 5250.0 0.18564
550.0 5250.0 0.21873
650.0 5250.0 0.15320
750.0 5250.0 0.05175
850.0 5250.0 -0.01549
950.0 5250.0 -0.08129
1050.0 5250.0 -0.15694
1150.0 5250.0 -0.18062
1250.0 5250.0 -0.11867
1350.0 5250.0 -0.00341
1450.0 5250.0 0.10452
1550.0 5250.0 0.18416
1650.0 5250.0 0.19693
1750.0 5250.0 0.16838
1850.0 5250.0 0.16193
1950.0 5250.0 0.22345
2050.0 5250.0 0.35084
2150.0 5250.0 0.48165
2250.0 5250.0 0.51235
2350.0 5250.0 0.42833
2450.0 5250.0 0.30390
2550.0 5250.0 0.24231
2650.0 5250.0 0.30037
2750.0 5250.0 0.38645
2850.0 5250.0 0.26898
2950.0 5250.0 0.01585
3050.0 5250.0 -0.13383
3150.0 5250.0 -0.02356
3250.0 5250.0 0.31930
3350.0 5250.0 0.73702
3450.0 5250.0 1.05594
3550.0 5250.0 1.07186
3650.0 5250.0 0.73692
3750.0 5250.0 0.25916
3850.0 5250.0 -0.04588
3950.0 5250.0 -0.13340
4050.0 5250.0 -0.16160
4150.0 5250.0 -0.09709
4250.0 5250.0 0.04466
4350.0 5250.0 0.19319
4450.0 5250.0 0.27119
4550.0 5250.0 0.27754
4650.0 5250.0 0.30275
4750.0 5250.0 0.34772
4850.0 5250.0 0.35545
4950.0 5250.0 0.29432
5050.0 5250.0 0.18451
5150.0 5250.0 0.06721
5250.0 5250.0 -0.07104
5350.0 5250.0 -0.22138
5450.0 5250.0 -0.31261
5550.0 5250.0 -0.31105
5650.0 5250.0 -0.25399
5750.0 5250.0 -0.20195
5850.0 5250.0 -0.11038
5950.0 5250.0 0.07977
6050.0 5250.0 0.27320
6150.0 5250.0 0.36076
6250.0 5250.0 0.31443
6350.0 5250.0 0.19294
50.0 5350.0 -0.27159
150.0 5350.0 -0.25589
250.0 5350.0 -0.13953
350.0 5350.0 0.00882
450.0 5350.0 0.14622
550.0 5350.0 0.17500
650.0 5350.0 0.06652
750.0 5350.0 -0.10224
850.0 5350.0 -0.23545
950.0 5350.0 -0.36003
1050.0 5350.0 -0.46736
1150.0 5350.0 -0.47802
1250.0 5350.0 -0.37032
1350.0 5350.0 -0.21385
1450.0 5350.0 -0.09817
1550.0 5350.0 0.01141
1650.0 5350.0 0.18753
1750.0 5350.0 0.40156
1850.0 5350.0 0.58878
1950.0 5350.0 0.70563
2050.0 5350.0 0.75788
2150.0 5350.0 0.77705
2250.0 5350.0 0.71409
2350.0 5350.0 0.57973
2450.0 5350.0 0.44802
2550.0 5350.0 0.38950
2650.0 5350.0 0.42249
2750.0 5350.0 0.46550
2850.0 5350.0 0.33065
2950.0 5350.0 0.09998
3050.0 5350.0 -0.00260
3150.0 5350.0 0.14638
3250.0 5350.0 0.49258
3350.0 5350.0 0.89274
3450.0 5350.0 1.21900
3550.0 5350.0 1.26058
3650.0 5350.0 0.93474
3750.0 5350.0 0.42745
3850.0 5350.0 0.06003
3950.0 5350.0 -0.10029
4050.0 5350.0 -0.18706
4150.0 5350.0 -0.12551
4250.0 5350.0 0.08656
4350.0 5350.0 0.34388
4450.0 5350.0 0.50463
4550.0 5350.0 0.54575
4650.0 5350.0 0.55484
4750.0 5350.0 0.49325
4850.0 5350.0 0.33942
4950.0 5350.0 0.13650
5050.0 5350.0 -0.03379
5150.0 5350.0 -0.13744
5250.0 5350.0 -0.25777
5350.0 5350.0 -0.40885
5450.0 5350.0 -0.51998
5550.0 5350.0 -0.54450
5650.0 5350.0 -0.50177
5750.0 5350.0 -0.44590
5850.0 5350.0 -0.34957
5950.0 5350.0 -0.14133
6050.0 5350.0 0.11992
6150.0 5350.0 0.33037
6250.0 5350.0 0.42480
6350.0 5350.0 0.42035
50.0 5450.0 -0.36261
150.0 5450.0 -0.28963
250.0 5450.0 -0.15690
350.0 5450.0 0.01053
450.0 5450.0 0.17666
550.0 5450.0 0.20034
650.0 5450.0 0.02988
750.0 5450.0 -0.23709
850.0 5450.0 -0.46711
950.0 5450.0 -0.68136
1050.0 5450.0 -0.84974
1150.0 5450.0 -0.86466
1250.0 5450.0 -0.71303
1350.0 5450.0 -0.51019
1450.0 5450.0 -0.38620
1550.0 5450.0 -0.24455
1650.0 5450.0 0.10733
1750.0 5450.0 0.56618
1850.0 5450.0 0.92114
1950.0 5450.0 1.04301
2050.0 5450.0 0.96462
2150.0 5450.0 0.82251
2250.0 5450.0 0.64136
2350.0 5450.0 0.46961
2450.0 5450.0 0.36753
2550.0 5450.0 0.34161
2650.0 5450.0 0.34661
2750.0 5450.0 0.32485
2850.0 5450.0 0.14934
2950.0 5450.0 -0.07957
3050.0 5450.0 -0.14928
3150.0 5450.0 0.02962
3250.0 5450.0 0.37097
3350.0 5450.0 0.74832
3450.0 5450.0 1.12983
3550.0 5450.0 1.31047
3650.0 5450.0 1.12255
3750.0 5450.0 0.66978
3850.0 5450.0 0.25080
3950.0 5450.0 -0.01553
4050.0 5450.0 -0.21690
4150.0 5450.0 -0.23265
4250.0 5450.0 -0.01215
4350.0 5450.0 0.32614
4450.0 5450.0 0.57246
4550.0 5450.0 0.66209
4650.0 5450.0 0.66977
4750.0 5450.0 0.51645
4850.0 5450.0 0.21468
4950.0 5450.0 -0.11808
5050.0 5450.0 -0.33781
5150.0 5450.0 -0.41655
5250.0 5450.0 -0.49832
5350.0 5450.0 -0.60904
5450.0 5450.0 -0.68849
5550.0 5450.0 -0.69501
5650.0 5450.0 -0.64247
5750.0 5450.0 -0.57611
5850.0 5450.0 -0.49283
5950.0 5450.0 -0.33898
6050.0 5450.0 -0.10522
6150.0 5450.0 0.16188
6250.0 5450.0 0.38970
6350.0 5450.0 0.54235
50.0 5550.0 -0.42233
150.0 5550.0 -0.25967
250.0 5550.0 -0.10683
350.0 5550.0 0.08370
450.0 5550.0 0.29602
550.0 5550.0 0.34452
650.0 5550.0 0.14463
750.0 5550.0 -0.19746
850.0 5550.0 -0.51426
950.0 5550.0 -0.81241
1050.0 5550.0 -1.04136
1150.0 5550.0 -1.06689
1250.0 5550.0 -0.88123
1350.0 5550.0 -0.63953
1450.0 5550.0 -0.50876
1550.0 5550.0 -0.35184
1650.0 5550.0 0.08481
1750.0 5550.0 0.63495
1850.0 5550.0 1.00360
1950.0 5550.0 1.03768
2050.0 5550.0 0.81391
2150.0 5550.0 0.52705
2250.0 5550.0 0.26790
2350.0 5550.0 0.12061
2450.0 5550.0 0.11104
2550.0 5550.0 0.16070
2650.0 5550.0 0.15405
2750.0 5550.0 0.07177
2850.0 5550.0 -0.14898
2950.0 5550.0 -0.39199
3050.0 5550.0 -0.44959
3150.0 5550.0 -0.25657
3250.0 5550.0 0.07540
3350.0 5550.0 0.43262
3450.0 5550.0 0.88052
3550.0 5550.0 1.22466
3650.0 5550.0 1.20714
3750.0 5550.0 0.83849
3850.0 5550.0 0.38559
3950.0 5550.0 0.02120
4050.0 5550.0 -0.30334
4150.0 5550.0 -0.43449
4250.0 5550.0 -0.26324
4350.0 5550.0 0.10251
4450.0 5550.0 0.40634
4550.0 5550.0 0.53969
4650.0 5550.0 0.57444
4750.0 5550.0 0.41886
4850.0 5550.0 0.09421
4950.0 5550.0 -0.25868
5050.0 5550.0 -0.47392
5150.0 5550.0 -0.52353
5250.0 5550.0 -0.56602
5350.0 5550.0 -0.62715
5450.0 5550.0 -0.65931
5550.0 5550.0 -0.63254
5650.0 5550.0 -0.56181
5750.0 5550.0 -0.48432
5850.0 5550.0 -0.43178
5950.0 5550.0 -0.40350
6050.0 5550.0 -0.31339
6150.0 5550.0 -0.10910
6250.0 5550.0 0.17385
6350.0 5550.0 0.45804
50.0 5650.0 -0.45026
150.0 5650.0 -0.19703
250.0 5650.0 -0.02755
350.0 5650.0 0.18471
450.0 5650.0 0.45511
550.0 5650.0 0.56654
650.0 5650.0 0.39707
750.0 5650.0 0.04013
850.0 5650.0 -0.31960
950.0 5650.0 -0.66299
1050.0 5650.0 -0.92210
1150.0 5650.0 -0.94853
1250.0 5650.0 -0.73937
1350.0 5650.0 -0.47342
1450.0 5650.0 -0.33828
1550.0 5650.0 -0.18923
1650.0 5650.0 0.20619
1750.0 5650.0 0.65406
1850.0 5650.0 0.87082
1950.0 5650.0 0.75267
2050.0 5650.0 0.42159
2150.0 5650.0 0.06109
2250.0 5650.0 -0.20101
2350.0 5650.0 -0.25995
2450.0 5650.0 -0.13619
2550.0 5650.0 0.01251
2650.0 5650.0 0.01756
2750.0 5650.0 -0.09787
2850.0 5650.0 -0.34585
2950.0 5650.0 -0.60166
3050.0 5650.0 -0.65853
3150.0 5650.0 -0.46215
3250.0 5650.0 -0.13691
3350.0 5650.0 0.20888
3450.0 5650.0 0.68832
3550.0 5650.0 1.11101
3650.0 5650.0 1.17332
3750.0 5650.0 0.84012
3850.0 5650.0 0.36430
3950.0 5650.0 -0.05448
4050.0 5650.0 -0.45587
4150.0 5650.0 -0.67421
4250.0 5650.0 -0.56115
4350.0 5650.0 -0.20628
4450.0 5650.0 0.11722
4550.0 5650.0 0.27429
4650.0 5650.0 0.35664
4750.0 5650.0 0.29522
4850.0 5650.0 0.08965
4950.0 5650.0 -0.15880
5050.0 5650.0 -0.31359
5150.0 5650.0 -0.34028
5250.0 5650.0 -0.36359
5350.0 5650.0 -0.40547
5450.0 5650.0 -0.42334
5550.0 5650.0 -0.38908
5650.0 5650.0 -0.31426
5750.0 5650.0 -0.23165
5850.0 5650.0 -0.21372
5950.0 5650.0 -0.32600
6050.0 5650.0 -0.42729
6150.0 5650.0 -0.36724
6250.0 5650.0 -0.11918
6350.0 5650.0 0.22392
50.0 5750.0 -0.46473
150.0 5750.0 -0.14407
250.0 5750.0 0.03524
350.0 5750.0 0.26465
450.0 5750.0 0.59374
550.0 5750.0 0.78969
650.0 5750.0 0.69537
750.0 5750.0 0.37580
850.0 5750.0 0.01620
950.0 5750.0 -0.33220
1050.0 5750.0 -0.58668
1150.0 5750.0 -0.59809
1250.0 5750.0 -0.37012
1350.0 5750.0 -0.09114
1450.0 5750.0 0.04672
1550.0 5750.0 0.17374
1650.0 5750.0 0.45046
1750.0 5750.0 0.68720
1850.0 5750.0 0.67589
1950.0 5750.0 0.40032
2050.0 5750.0 0.01680
2150.0 5750.0 -0.34771
2250.0 5750.0 -0.55619
2350.0 5750.0 -0.49917
2450.0 5750.0 -0.24185
2550.0 5750.0 0.00094
2650.0 5750.0 0.03242
2750.0 5750.0 -0.08780
2850.0 5750.0 -0.33890
2950.0 5750.0 -0.59424
3050.0 5750.0 -0.64809
3150.0 5750.0 -0.44905
3250.0 5750.0 -0.12414
3350.0 5750.0 0.21820
3450.0 5750.0 0.68074
3550.0 5750.0 1.06601
3650.0 5750.0 1.07973
3750.0 5750.0 0.70401
3850.0 5750.0 0.20486
3950.0 5750.0 -0.22390
4050.0 5750.0 -0.64238
4150.0 5750.0 -0.88706
4250.0 5750.0 -0.79948
4350.0 5750.0 -0.45987
4450.0 5750.0 -0.13943
4550.0 5750.0 0.02191
4650.0 5750.0 0.15431
4750.0 5750.0 0.23155
4850.0 5750.0 0.21557
4950.0 5750.0 0.13345
5050.0 5750.0 0.06347
5150.0 5750.0 0.04938
5250.0 5750.0 0.02153
5350.0 5750.0 -0.04293
5450.0 5750.0 -0.09618
5550.0 5750.0 -0.09554
5650.0 5750.0 -0.03917
5750.0 5750.0 0.04117
5850.0 5750.0 0.03312
5950.0 5750.0 -0.18399
6050.0 5750.0 -0.44522
6150.0 5750.0 -0.53428
6250.0 5750.0 -0.36651
6350.0 5750.0 -0.02913
50.0 5850.0 -0.39776
150.0 5850.0 -0.05315
250.0 5850.0 0.11107
350.0 5850.0 0.32838
450.0 5850.0 0.67536
550.0 5850.0 0.92468
650.0 5850.0 0.90012
750.0 5850.0 0.63463
850.0 5850.0 0.29798
950.0 5850.0 -0.02986
1050.0 5850.0 -0.24735
1150.0 5850.0 -0.21282
1250.0 5850.0 0.05499
1350.0 5850.0 0.35736
1450.0 5850.0 0.50350
1550.0 5850.0 0.60465
1650.0 5850.0 0.72636
1750.0 5850.0 0.70193
1850.0 5850.0 0.43261
1950.0 5850.0 0.00794
2050.0 5850.0 -0.38959
2150.0 5850.0 -0.71291
2250.0 5850.0 -0.83271
2350.0 5850.0 -0.65096
2450.0 5850.0 -0.27846
2550.0 5850.0 0.03245
2650.0 5850.0 0.08076
2750.0 5850.0 -0.04101
2850.0 5850.0 -0.29215
2950.0 5850.0 -0.55251
3050.0 5850.0 -0.62254
3150.0 5850.0 -0.44863
3250.0 5850.0 -0.14927
3350.0 5850.0 0.16879
3450.0 5850.0 0.58993
3550.0 5850.0 0.92147
3650.0 5850.0 0.89249
3750.0 5850.0 0.49993
3850.0 5850.0 0.00598
3950.0 5850.0 -0.40981
4050.0 5850.0 -0.80596
4150.0 5850.0 -1.02314
4250.0 5850.0 -0.91956
4350.0 5850.0 -0.58370
4450.0 5850.0 -0.28047
4550.0 5850.0 -0.13699
4650.0 5850.0 0.03397
4750.0 5850.0 0.25963
4850.0 5850.0 0.45522
4950.0 5850.0 0.55578
5050.0 5850.0 0.56738
5150.0 5850.0 0.54535
5250.0 5850.0 0.48856
5350.0 5850.0 0.37396
5450.0 5850.0 0.25626
5550.0 5850.0 0.19554
5650.0 5850.0 0.20894
5750.0 5850.0 0.26515
5850.0 5850.0 0.22242
5950.0 5850.0 -0.06956
6050.0 5850.0 -0.43119
6150.0 5850.0 -0.61150
6250.0 5850.0 -0.49803
6350.0 5850.0 -0.17765
50.0 5950.0 -0.11932
150.0 5950.0 0.13092
250.0 5950.0 0.20821
350.0 5950.0 0.32871
450.0 5950.0 0.57487
550.0 5950.0 0.77908
650.0 5950.0 0.79017
750.0 5950.0 0.60414
850.0 5950.0 0.33585
950.0 5950.0 0.07766
1050.0 5950.0 -0.04857
1150.0 5950.0 0.07785
1250.0 5950.0 0.41353
1350.0 5950.0 0.75364
1450.0 5950.0 0.92084
1550.0 5950.0 0.99833
1650.0 5950.0 0.93068
1750.0 5950.0 0.61000
1850.0 5950.0 0.09255
1950.0 5950.0 -0.41558
2050.0 5950.0 -0.73200
2150.0 5950.0 -0.91868
2250.0 5950.0 -0.88961
2350.0 5950.0 -0.59826
2450.0 5950.0 -0.19527
2550.0 5950.0 0.08766
2650.0 5950.0 0.10887
2750.0 5950.0 -0.01989
2850.0 5950.0 -0.26540
2950.0 5950.0 -0.53399
3050.0 5950.0 -0.65536
3150.0 5950.0 -0.57249
3250.0 5950.0 -0.37253
3350.0 5950.0 -0.14640
3450.0 5950.0 0.18751
3550.0 5950.0 0.48425
3650.0 5950.0 0.50656
3750.0 5950.0 0.22175
3850.0 5950.0 -0.17927
3950.0 5950.0 -0.53834
4050.0 5950.0 -0.83696
4150.0 5950.0 -0.92423
4250.0 5950.0 -0.73137
4350.0 5950.0 -0.39017
4450.0 5950.0 -0.14698
4550.0 5950.0 -0.07876
4650.0 5950.0 0.08576
4750.0 5950.0 0.43893
4850.0 5950.0 0.83778
4950.0 5950.0 1.10488
5050.0 5950.0 1.15905
5150.0 5950.0 1.07082
5250.0 5950.0 0.93504
5350.0 5950.0 0.74591
5450.0 5950.0 0.55596
5550.0 5950.0 0.42131
5650.0 5950.0 0.35640
5750.0 5950.0 0.33053
5850.0 5950.0 0.21870
5950.0 5950.0 -0.08955
6050.0 5950.0 -0.40733
6150.0 5950.0 -0.51841
6250.0 5950.0 -0.36489
6350.0 5950.0 -0.06082
50.0 6050.0 0.26069
150.0 6050.0 0.31677
250.0 6050.0 0.25131
350.0 6050.0 0.21208
450.0 6050.0 0.27219
550.0 6050.0 0.36382
650.0 6050.0 0.39158
750.0 6050.0 0.30812
850.0 6050.0 0.14328
950.0 6050.0 -0.01741
1050.0 6050.0 -0.05198
1150.0 6050.0 0.13540
1250.0 6050.0 0.49488
1350.0 6050.0 0.84378
1450.0 6050.0 1.03302
1550.0 6050.0 1.10312
1650.0 6050.0 0.89870
1750.0 6050.0 0.39186
1850.0 6050.0 -0.22318
1950.0 6050.0 -0.67153
2050.0 6050.0 -0.80984
2150.0 6050.0 -0.79219
2250.0 6050.0 -0.60203
2350.0 6050.0 -0.27557
2450.0 6050.0 0.02421
2550.0 6050.0 0.15780
2650.0 6050.0 0.10340
2750.0 6050.0 -0.03449
2850.0 6050.0 -0.24938
2950.0 6050.0 -0.48597
3050.0 6050.0 -0.63572
3150.0 6050.0 -0.65711
3250.0 6050.0 -0.59924
3350.0 6050.0 -0.51625
3450.0 6050.0 -0.30894
3550.0 6050.0 -0.04311
3650.0 6050.0 0.08892
3750.0 6050.0 -0.00373
3850.0 6050.0 -0.24943
3950.0 6050.0 -0.51939
4050.0 6050.0 -0.67576
4150.0 6050.0 -0.58696
4250.0 6050.0 -0.29021
4350.0 6050.0 0.02917
4450.0 6050.0 0.16428
4550.0 6050.0 0.11178
4650.0 6050.0 0.21216
4750.0 6050.0 0.60822
4850.0 6050.0 1.10925
4950.0 6050.0 1.44746
5050.0 6050.0 1.47284
5150.0 6050.0 1.26933
5250.0 6050.0 1.03355
5350.0 6050.0 0.80877
5450.0 6050.0 0.62488
5550.0 6050.0 0.48469
5650.0 6050.0 0.35737
5750.0 6050.0 0.21225
5850.0 6050.0 0.00580
5950.0 6050.0 -0.27189
6050.0 6050.0 -0.43265
6150.0 6050.0 -0.34911
6250.0 6050.0 -0.08181
6350.0 6050.0 0.20692
50.0 6150.0 0.54665
150.0 6150.0 0.40075
250.0 6150.0 0.19450
350.0 6150.0 0.00195
450.0 6150.0 -0.11086
550.0 6150.0 -0.11633
650.0 6150.0 -0.06046
750.0 6150.0 -0.03727
850.0 6150.0 -0.10013
950.0 6150.0 -0.17915
1050.0 6150.0 -0.18233
1150.0 6150.0 -0.02896
1250.0 6150.0 0.26086
1350.0 6150.0 0.56180
1450.0 6150.0 0.76013
1550.0 6150.0 0.84321
1650.0 6150.0 0.61452
1750.0 6150.0 0.11565
1850.0 6150.0 -0.39625
1950.0 6150.0 -0.65684
2050.0 6150.0 -0.58719
2150.0 6150.0 -0.37696
2250.0 6150.0 -0.07594
2350.0 6150.0 0.19781
2450.0 6150.0 0.30118
2550.0 6150.0 0.22239
2650.0 6150.0 0.07334
2750.0 6150.0 -0.07058
2850.0 6150.0 -0.22604
2950.0 6150.0 -0.37046
3050.0 6150.0 -0.47690
3150.0 6150.0 -0.54725
3250.0 6150.0 -0.60879
3350.0 6150.0 -0.66520
3450.0 6150.0 -0.58850
3550.0 6150.0 -0.36932
3650.0 6150.0 -0.15070
3750.0 6150.0 -0.07207
3850.0 6150.0 -0.17296
3950.0 6150.0 -0.35729
4050.0 6150.0 -0.39278
4150.0 6150.0 -0.17769
4250.0 6150.0 0.16139
4350.0 6150.0 0.41057
4450.0 6150.0 0.41804
4550.0 6150.0 0.24519
4650.0 6150.0 0.25060
4750.0 6150.0 0.59402
4850.0 6150.0 1.06431
4950.0 6150.0 1.35749
5050.0 6150.0 1.29737
5150.0 6150.0 0.97485
5250.0 6150.0 0.66560
5350.0 6150.0 0.48715
5450.0 6150.0 0.42825
5550.0 6150.0 0.39282
5650.0 6150.0 0.26502
5750.0 6150.0 0.01330
5850.0 6150.0 -0.28510
5950.0 6150.0 -0.53199
6050.0 6150.0 -0.53817
6150.0 6150.0 -0.26344
6250.0 6150.0 0.11564
6350.0 6150.0 0.38961
50.0 6250.0 0.61434
150.0 6250.0 0.35727
250.0 6250.0 0.06879
350.0 6250.0 -0.20585
450.0 6250.0 -0.38963
550.0 6250.0 -0.40523
650.0 6250.0 -0.28799
750.0 6250.0 -0.17637
850.0 6250.0 -0.17441
950.0 6250.0 -0.21930
1050.0 6250.0 -0.26583
1150.0 6250.0 -0.23255
1250.0 6250.0 -0.08328
1350.0 6250.0 0.12874
1450.0 6250.0 0.31921
1550.0 6250.0 0.42405
1650.0 6250.0 0.25697
1750.0 6250.0 -0.10516
1850.0 6250.0 -0.41780
1950.0 6250.0 -0.47688
2050.0 6250.0 -0.26003
2150.0 6250.0 0.06018
2250.0 6250.0 0.39776
2350.0 6250.0 0.58542
2450.0 6250.0 0.51191
2550.0 6250.0 0.26511
2650.0 6250.0 0.04675
2750.0 6250.0 -0.09723
2850.0 6250.0 -0.18289
2950.0 6250.0 -0.20134
3050.0 6250.0 -0.19913
3150.0 6250.0 -0.23693
3250.0 6250.0 -0.34696
3350.0 6250.0 -0.48662
3450.0 6250.0 -0.50586
3550.0 6250.0 -0.35666
3650.0 6250.0 -0.13876
3750.0 6250.0 0.00045
3850.0 6250.0 -0.03138
3950.0 6250.0 -0.16695
4050.0 6250.0 -0.15292
4150.0 6250.0 0.08054
4250.0 6250.0 0.37132
4350.0 6250.0 0.51793
4450.0 6250.0 0.42196
4550.0 6250.0 0.17495
4650.0 6250.0 0.10548
4750.0 6250.0 0.36349
4850.0 6250.0 0.74077
4950.0 6250.0 0.94164
5050.0 6250.0 0.79792
5150.0 6250.0 0.40115
5250.0 6250.0 0.07227
5350.0 6250.0 0.00221
5450.0 6250.0 0.13623
5550.0 6250.0 0.27281
5650.0 6250.0 0.20494
5750.0 6250.0 -0.10035
5850.0 6250.0 -0.46173
5950.0 6250.0 -0.72468
6050.0 6250.0 -0.69314
6150.0 6250.0 -0.35764
6250.0 6250.0 0.05656
6350.0 6250.0 0.31552
50.0 6350.0 0.49479
150.0 6350.0 0.24315
250.0 6350.0 -0.05808
350.0 6350.0 -0.33369
450.0 6350.0 -0.47556
550.0 6350.0 -0.40852
650.0 6350.0 -0.19901
750.0 6350.0 -0.02443
850.0 6350.0 -0.00151
950.0 6350.0 -0.05691
1050.0 6350.0 -0.18779
1150.0 6350.0 -0.30067
1250.0 6350.0 -0.30093
1350.0 6350.0 -0.18066
1450.0 6350.0 -0.00794
1550.0 6350.0 0.11251
1650.0 6350.0 0.01842
1750.0 6350.0 -0.21088
1850.0 6350.0 -0.37317
1950.0 6350.0 -0.31962
2050.0 6350.0 -0.05394
2150.0 6350.0 0.28573
2250.0 6350.0 0.61117
2350.0 6350.0 0.74466
2450.0 6350.0 0.59488
2550.0 6350.0 0.28587
2650.0 6350.0 0.04464
2750.0 6350.0 -0.09472
2850.0 6350.0 -0.12172
2950.0 6350.0 -0.02286
3050.0 6350.0 0.10816
3150.0 6350.0 0.15618
3250.0 6350.0 0.06504
3350.0 6350.0 -0.09282
3450.0 6350.0 -0.16264
3550.0 6350.0 -0.09875
3650.0 6350.0 0.03156
3750.0 6350.0 0.11426
3850.0 6350.0 0.06824
3950.0 6350.0 -0.06045
4050.0 6350.0 -0.06586
4150.0 6350.0 0.09613
4250.0 6350.0 0.27941
4350.0 6350.0 0.32407
4450.0 6350.0 0.17015
4550.0 6350.0 -0.09525
4650.0 6350.0 -0.18984
4750.0 6350.0 0.02184
4850.0 6350.0 0.34018
4950.0 6350.0 0.48720
5050.0 6350.0 0.30891
5150.0 6350.0 -0.10471
5250.0 6350.0 -0.40972
5350.0 6350.0 -0.36376
5450.0 6350.0 -0.05250
5550.0 6350.0 0.24672
5650.0 6350.0 0.26100
5750.0 6350.0 -0.04398
5850.0 6350.0 -0.43538
5950.0 6350.0 -0.77142
6050.0 6350.0 -0.84198
6150.0 6350.0 -0.60110
6250.0 6350.0 -0.24314
6350.0 6350.0 0.00000
