50.0 50.0 0.48264
150.0 50.0 0.36367
250.0 50.0 0.19047
350.0 50.0 0.04520
450.0 50.0 -0.00860
550.0 50.0 0.00812
650.0 50.0 -0.02067
750.0 50.0 -0.13688
850.0 50.0 -0.29339
950.0 50.0 -0.41587
1050.0 50.0 -0.44612
1150.0 50.0 -0.36516
1250.0 50.0 -0.19618
1350.0 50.0 0.01275
1450.0 50.0 0.18382
1550.0 50.0 0.19651
1650.0 50.0 0.04504
1750.0 50.0 -0.18812
1850.0 50.0 -0.38936
1950.0 50.0 -0.46000
2050.0 50.0 -0.35138
2150.0 50.0 -0.08901
2250.0 50.0 0.22282
2350.0 50.0 0.48432
2450.0 50.0 0.62194
2550.0 50.0 0.59700
2650.0 50.0 0.43090
2750.0 50.0 0.20334
2850.0 50.0 0.02320
2950.0 50.0 -0.02804
3050.0 50.0 0.02347
3150.0 50.0 0.12300
3250.0 50.0 0.27813
3350.0 50.0 0.43221
3450.0 50.0 0.51591
3550.0 50.0 0.49018
3650.0 50.0 0.36323
3750.0 50.0 0.18147
3850.0 50.0 -0.00548
3950.0 50.0 -0.18732
4050.0 50.0 -0.34324
4150.0 50.0 -0.42866
4250.0 50.0 -0.41549
4350.0 50.0 -0.31347
4450.0 50.0 -0.17066
4550.0 50.0 -0.05318
4650.0 50.0 -0.00418
4750.0 50.0 0.00931
4850.0 50.0 0.03649
4950.0 50.0 0.07640
5050.0 50.0 0.11240
5150.0 50.0 0.12792
5250.0 50.0 0.11547
5350.0 50.0 0.07933
5450.0 50.0 0.03181
5550.0 50.0 -0.01669
5650.0 50.0 -0.07074
5750.0 50.0 -0.12733
5850.0 50.0 -0.16749
5950.0 50.0 -0.17471
6050.0 50.0 -0.14608
6150.0 50.0 -0.09432
6250.0 50.0 -0.04088
6350.0 50.0 0.00000
50.0 150.0 0.49333
150.0 150.0 0.38869
250.0 150.0 0.22815
350.0 150.0 0.08986
450.0 150.0 0.03574
550.0 150.0 0.04789
650.0 150.0 0.01896
750.0 150.0 -0.08608
850.0 150.0 -0.21935
950.0 150.0 -0.31075
1050.0 150.0 -0.30928
1150.0 150.0 -0.20360
1250.0 150.0 -0.02176
1350.0 150.0 0.18986
1450.0 150.0 0.36091
1550.0 150.0 0.37042
1650.0 150.0 0.21101
1750.0 150.0 -0.03465
1850.0 150.0 -0.25101
1950.0 150.0 -0.33631
2050.0 150.0 -0.23892
2150.0 150.0 0.01676
2250.0 150.0 0.32292
2350.0 150.0 0.57038
2450.0 150.0 0.68176
2550.0 150.0 0.62185
2650.0 150.0 0.41915
2750.0 150.0 0.16091
2850.0 150.0 -0.03867
2950.0 150.0 -0.09734
3050.0 150.0 -0.04680
3150.0 150.0 0.04430
3250.0 150.0 0.17230
3350.0 150.0 0.28071
3450.0 150.0 0.30843
3550.0 150.0 0.22845
3650.0 150.0 0.06047
3750.0 150.0 -0.14273
3850.0 150.0 -0.33512
3950.0 150.0 -0.51119
4050.0 150.0 -0.62786
4150.0 150.0 -0.63339
4250.0 150.0 -0.51204
4350.0 150.0 -0.29679
4450.0 150.0 -0.06084
4550.0 150.0 0.11196
4650.0 150.0 0.17778
4750.0 150.0 0.19205
4850.0 150.0 0.21354
4950.0 150.0 0.23788
5050.0 150.0 0.25020
5150.0 150.0 0.23902
5250.0 150.0 0.20304
5350.0 150.0 0.15154
5450.0 150.0 0.09853
5550.0 150.0 0.05043
5650.0 150.0 -0.00908
5750.0 150.0 -0.08671
5850.0 150.0 -0.16360
5950.0 150.0 -0.21646
6050.0 150.0 -0.23226
6150.0 150.0 -0.21401
6250.0 150.0 -0.17767
6350.0 150.0 -0.14020
50.0 250.0 0.50181
150.0 250.0 0.41566
250.0 250.0 0.27216
350.0 250.0 0.13783
450.0 250.0 0.06888
550.0 250.0 0.05424
650.0 250.0 -0.00007
750.0 250.0 -0.12089
850.0 250.0 -0.25371
950.0 250.0 -0.32726
1050.0 250.0 -0.29638
1150.0 250.0 -0.16074
1250.0 250.0 0.04060
1350.0 250.0 0.25870
1450.0 250.0 0.43459
1550.0 250.0 0.45159
1650.0 250.0 0.29671
1750.0 250.0 0.04587
1850.0 250.0 -0.18837
1950.0 250.0 -0.30172
2050.0 250.0 -0.23582
2150.0 250.0 -0.00866
2250.0 250.0 0.27126
2350.0 250.0 0.49152
2450.0 250.0 0.57850
2550.0 250.0 0.50244
2650.0 250.0 0.29454
2750.0 250.0 0.04007
2850.0 250.0 -0.15265
2950.0 250.0 -0.20780
3050.0 250.0 -0.15822
3150.0 250.0 -0.07299
3250.0 250.0 0.03747
3350.0 250.0 0.11477
3450.0 250.0 0.10127
3550.0 250.0 -0.02262
3650.0 250.0 -0.22850
3750.0 250.0 -0.45727
3850.0 250.0 -0.66372
3950.0 250.0 -0.84297
4050.0 250.0 -0.92599
4150.0 250.0 -0.85030
4250.0 250.0 -0.61097
4350.0 250.0 -0.26591
4450.0 250.0 0.08193
4550.0 250.0 0.32531
4650.0 250.0 0.41654
4750.0 250.0 0.43652
4850.0 250.0 0.45470
4950.0 250.0 0.46186
5050.0 250.0 0.44556
5150.0 250.0 0.40142
5250.0 250.0 0.33680
5350.0 250.0 0.26812
5450.0 250.0 0.21178
5550.0 250.0 0.16866
5650.0 250.0 0.10715
5750.0 250.0 0.00771
5850.0 250.0 -0.11222
5950.0 250.0 -0.22185
6050.0 250.0 -0.29544
6150.0 250.0 -0.32266
6250.0 250.0 -0.31090
6350.0 250.0 -0.27959
50.0 350.0 0.48922
150.0 350.0 0.43333
250.0 350.0 0.31799
350.0 350.0 0.18775
450.0 350.0 0.08768
550.0 350.0 0.01926
650.0 350.0 -0.09116
750.0 350.0 -0.26054
850.0 350.0 -0.42055
950.0 350.0 -0.49222
1050.0 350.0 -0.43460
1150.0 350.0 -0.26250
1250.0 350.0 -0.03352
1350.0 350.0 0.19570
1450.0 350.0 0.38294
1550.0 350.0 0.42318
1650.0 350.0 0.29339
1750.0 350.0 0.05337
1850.0 350.0 -0.19488
1950.0 350.0 -0.34678
2050.0 350.0 -0.33373
2150.0 350.0 -0.16075
2250.0 350.0 0.06787
2350.0 350.0 0.24517
2450.0 350.0 0.31059
2550.0 350.0 0.24225
2650.0 350.0 0.06844
2750.0 350.0 -0.13937
2850.0 350.0 -0.29258
2950.0 350.0 -0.33060
3050.0 350.0 -0.28193
3150.0 350.0 -0.19769
3250.0 350.0 -0.08732
3350.0 350.0 -0.01384
3450.0 350.0 -0.03895
3550.0 350.0 -0.18307
3650.0 350.0 -0.41488
3750.0 350.0 -0.67025
3850.0 350.0 -0.90056
3950.0 350.0 -1.09649
4050.0 350.0 -1.16628
4150.0 350.0 -1.03443
4250.0 350.0 -0.70069
4350.0 350.0 -0.24231
4450.0 350.0 0.21044
4550.0 350.0 0.52561
4650.0 350.0 0.64770
4750.0 350.0 0.67948
4850.0 350.0 0.69923
4950.0 350.0 0.69206
5050.0 350.0 0.64827
5150.0 350.0 0.57156
5250.0 350.0 0.47922
5350.0 350.0 0.39585
5450.0 350.0 0.34070
5550.0 350.0 0.30839
5650.0 350.0 0.25156
5750.0 350.0 0.13783
5850.0 350.0 -0.01856
5950.0 350.0 -0.18113
6050.0 350.0 -0.31206
6150.0 350.0 -0.38685
6250.0 350.0 -0.40254
6350.0 350.0 -0.37960
50.0 450.0 0.43841
150.0 450.0 0.42945
250.0 450.0 0.35745
350.0 450.0 0.23628
450.0 450.0 0.09577
550.0 450.0 -0.04487
650.0 450.0 -0.23250
750.0 450.0 -0.47287
850.0 450.0 -0.67888
950.0 450.0 -0.75945
1050.0 450.0 -0.67671
1150.0 450.0 -0.46353
1250.0 450.0 -0.20124
1350.0 450.0 0.04229
1450.0 450.0 0.24606
1550.0 450.0 0.32395
1650.0 450.0 0.24031
1750.0 450.0 0.03125
1850.0 450.0 -0.21898
1950.0 450.0 -0.40908
2050.0 450.0 -0.45921
2150.0 450.0 -0.35686
2250.0 450.0 -0.19670
2350.0 450.0 -0.07289
2450.0 450.0 -0.02626
2550.0 450.0 -0.06930
2650.0 450.0 -0.18069
2750.0 450.0 -0.31122
2850.0 450.0 -0.40170
2950.0 450.0 -0.41295
3050.0 450.0 -0.36506
3150.0 450.0 -0.27617
3250.0 450.0 -0.14650
3350.0 450.0 -0.04567
3450.0 450.0 -0.04702
3550.0 450.0 -0.18077
3650.0 450.0 -0.41973
3750.0 450.0 -0.69718
3850.0 450.0 -0.95723
3950.0 450.0 -1.18247
4050.0 450.0 -1.27062
4150.0 450.0 -1.13437
4250.0 450.0 -0.76841
4350.0 450.0 -0.25559
4450.0 450.0 0.25867
4550.0 450.0 0.62395
4650.0 450.0 0.77417
4750.0 450.0 0.82208
4850.0 450.0 0.84928
4950.0 450.0 0.83600
5050.0 450.0 0.77476
5150.0 450.0 0.67612
5250.0 450.0 0.56587
5350.0 450.0 0.47568
5450.0 450.0 0.42727
5550.0 450.0 0.41002
5650.0 450.0 0.36573
5750.0 450.0 0.25381
5850.0 450.0 0.08393
5950.0 450.0 -0.10637
6050.0 450.0 -0.27265
6150.0 450.0 -0.38034
6250.0 450.0 -0.41739
6350.0 450.0 -0.40287
50.0 550.0 0.34674
150.0 550.0 0.39998
250.0 550.0 0.38472
350.0 550.0 0.28060
450.0 550.0 0.10090
550.0 550.0 -0.11470
650.0 550.0 -0.38285
750.0 550.0 -0.69762
850.0 550.0 -0.95238
950.0 550.0 -1.04324
1050.0 550.0 -0.93535
1150.0 550.0 -0.68014
1250.0 550.0 -0.38354
1350.0 550.0 -0.12518
1450.0 550.0 0.09702
1550.0 550.0 0.22009
1650.0 550.0 0.19607
1750.0 550.0 0.03455
1850.0 550.0 -0.20201
1950.0 550.0 -0.41921
2050.0 550.0 -0.52778
2150.0 550.0 -0.49691
2250.0 550.0 -0.40788
2350.0 550.0 -0.33873
2450.0 550.0 -0.30929
2550.0 550.0 -0.32252
2650.0 550.0 -0.36506
2750.0 550.0 -0.41174
2850.0 550.0 -0.43470
2950.0 550.0 -0.41721
3050.0 550.0 -0.36997
3150.0 550.0 -0.27220
3250.0 550.0 -0.10927
3350.0 550.0 0.04199
3450.0 550.0 0.09201
3550.0 550.0 -0.00553
3650.0 550.0 -0.23316
3750.0 550.0 -0.52437
3850.0 550.0 -0.81379
3950.0 550.0 -1.07527
4050.0 550.0 -1.21251
4150.0 550.0 -1.13067
4250.0 550.0 -0.80970
4350.0 550.0 -0.32138
4450.0 550.0 0.19098
4550.0 550.0 0.56992
4650.0 550.0 0.73837
4750.0 550.0 0.80327
4850.0 550.0 0.84261
4950.0 550.0 0.83364
5050.0 550.0 0.77011
5150.0 550.0 0.66645
5250.0 550.0 0.55331
5350.0 550.0 0.46652
5450.0 550.0 0.42933
5550.0 550.0 0.42822
5650.0 550.0 0.40247
5750.0 550.0 0.31088
5850.0 550.0 0.15821
5950.0 550.0 -0.02280
6050.0 550.0 -0.18921
6150.0 550.0 -0.30383
6250.0 550.0 -0.34944
6350.0 550.0 -0.34122
50.0 650.0 0.22927
150.0 650.0 0.35195
250.0 650.0 0.39933
350.0 650.0 0.31974
450.0 650.0 0.11199
550.0 650.0 -0.16468
650.0 650.0 -0.49770
750.0 650.0 -0.87006
850.0 650.0 -1.15926
950.0 650.0 -1.25199
1050.0 650.0 -1.11729
1150.0 650.0 -0.82312
1250.0 650.0 -0.49623
1350.0 650.0 -0.22536
1450.0 650.0 0.01306
1550.0 650.0 0.17881
1650.0 650.0 0.21461
1750.0 650.0 0.10655
1850.0 650.0 -0.10390
1950.0 650.0 -0.33125
2050.0 650.0 -0.48074
2150.0 650.0 -0.50647
2250.0 650.0 -0.47578
2350.0 650.0 -0.45277
2450.0 650.0 -0.44074
2550.0 650.0 -0.43445
2650.0 650.0 -0.42609
2750.0 650.0 -0.40892
2850.0 650.0 -0.37976
2950.0 650.0 -0.33998
3050.0 650.0 -0.29331
3150.0 650.0 -0.18562
3250.0 650.0 0.01310
3350.0 650.0 0.21996
3450.0 650.0 0.32939
3550.0 650.0 0.27805
3650.0 650.0 0.07191
3750.0 650.0 -0.22455
3850.0 650.0 -0.53697
3950.0 650.0 -0.83300
4050.0 650.0 -1.03598
4150.0 650.0 -1.04887
4250.0 650.0 -0.83160
4350.0 650.0 -0.43243
4450.0 650.0 0.02227
4550.0 650.0 0.37964
4650.0 650.0 0.55360
4750.0 650.0 0.63257
4850.0 650.0 0.68548
4950.0 650.0 0.68898
5050.0 650.0 0.63682
5150.0 650.0 0.54388
5250.0 650.0 0.44153
5350.0 650.0 0.36629
5450.0 650.0 0.34179
5550.0 650.0 0.35428
5650.0 650.0 0.34866
5750.0 650.0 0.29037
5850.0 650.0 0.17994
5950.0 650.0 0.04093
6050.0 650.0 -0.09253
6150.0 650.0 -0.18823
6250.0 650.0 -0.22854
6350.0 650.0 -0.22324
50.0 750.0 0.11208
150.0 750.0 0.30026
250.0 750.0 0.40600
350.0 750.0 0.35483
450.0 750.0 0.13579
550.0 750.0 -0.17655
650.0 750.0 -0.54561
750.0 750.0 -0.94477
850.0 750.0 -1.24238
950.0 750.0 -1.32183
1050.0 750.0 -1.15766
1150.0 750.0 -0.83050
1250.0 750.0 -0.48088
1350.0 750.0 -0.20184
1450.0 750.0 0.04730
1550.0 750.0 0.24390
1650.0 750.0 0.32593
1750.0 750.0 0.26381
1850.0 750.0 0.08353
1950.0 750.0 -0.13796
2050.0 750.0 -0.30481
2150.0 750.0 -0.36209
2250.0 750.0 -0.36624
2350.0 750.0 -0.37433
2450.0 750.0 -0.38171
2550.0 750.0 -0.37731
2650.0 750.0 -0.35379
2750.0 750.0 -0.31201
2850.0 750.0 -0.26070
2950.0 750.0 -0.21113
3050.0 750.0 -0.16500
3150.0 750.0 -0.05011
3250.0 750.0 0.17413
3350.0 750.0 0.42116
3450.0 750.0 0.57455
3550.0 750.0 0.55895
3650.0 750.0 0.37174
3750.0 750.0 0.07524
3850.0 750.0 -0.25026
3950.0 750.0 -0.57094
4050.0 750.0 -0.83492
4150.0 750.0 -0.94732
4250.0 750.0 -0.84930
4350.0 750.0 -0.56271
4450.0 750.0 -0.19076
4550.0 750.0 0.12548
4650.0 750.0 0.29453
4750.0 750.0 0.38196
4850.0 750.0 0.44598
4950.0 750.0 0.46437
5050.0 750.0 0.43010
5150.0 750.0 0.35602
5250.0 750.0 0.27114
5350.0 750.0 0.21013
5450.0 750.0 0.19608
5550.0 750.0 0.21694
5650.0 750.0 0.22784
5750.0 750.0 0.20473
5850.0 750.0 0.14550
5950.0 750.0 0.06335
6050.0 750.0 -0.01984
6150.0 750.0 -0.08144
6250.0 750.0 -0.10715
6350.0 750.0 -0.10150
50.0 850.0 0.01595
150.0 850.0 0.25808
250.0 850.0 0.41126
350.0 850.0 0.38819
450.0 850.0 0.17327
550.0 850.0 -0.14906
650.0 850.0 -0.52492
750.0 850.0 -0.91970
850.0 850.0 -1.19943
950.0 850.0 -1.25042
1050.0 850.0 -1.05424
1150.0 850.0 -0.70028
1250.0 850.0 -0.33569
1350.0 850.0 -0.05289
1450.0 850.0 0.20075
1550.0 850.0 0.41306
1650.0 850.0 0.52146
1750.0 850.0 0.48968
1850.0 850.0 0.33546
1950.0 850.0 0.12950
2050.0 850.0 -0.03457
2150.0 850.0 -0.09904
2250.0 850.0 -0.11419
2350.0 850.0 -0.13837
2450.0 850.0 -0.16793
2550.0 850.0 -0.18817
2650.0 850.0 -0.18693
2750.0 850.0 -0.16139
2850.0 850.0 -0.11904
2950.0 850.0 -0.07262
3050.0 850.0 -0.02710
3150.0 850.0 0.09025
3250.0 850.0 0.32310
3350.0 850.0 0.58377
3450.0 850.0 0.75231
3550.0 850.0 0.74932
3650.0 850.0 0.56919
3750.0 850.0 0.27339
3850.0 850.0 -0.05587
3950.0 850.0 -0.38822
4050.0 850.0 -0.69303
4150.0 850.0 -0.87961
4250.0 850.0 -0.87643
4350.0 850.0 -0.68469
4450.0 850.0 -0.38719
4550.0 850.0 -0.11227
4650.0 850.0 0.04696
4750.0 850.0 0.13705
4850.0 850.0 0.20742
4950.0 850.0 0.23772
5050.0 850.0 0.21987
5150.0 850.0 0.16384
5250.0 850.0 0.09517
5350.0 850.0 0.04574
5450.0 850.0 0.03773
5550.0 850.0 0.06143
5650.0 850.0 0.08233
5750.0 850.0 0.08678
5850.0 850.0 0.07171
5950.0 850.0 0.04180
6050.0 850.0 0.00750
6150.0 850.0 -0.01868
6250.0 850.0 -0.02741
6350.0 850.0 -0.01936
50.0 950.0 -0.05960
150.0 950.0 0.23106
250.0 950.0 0.42614
350.0 950.0 0.43015
450.0 950.0 0.22549
550.0 950.0 -0.09593
650.0 950.0 -0.46624
750.0 950.0 -0.84384
850.0 950.0 -1.09556
950.0 950.0 -1.11328
1050.0 950.0 -0.88609
1150.0 950.0 -0.51000
1250.0 950.0 -0.13537
1350.0 950.0 0.14816
1450.0 950.0 0.40244
1550.0 950.0 0.62217
1650.0 950.0 0.74599
1750.0 950.0 0.73497
1850.0 950.0 0.60219
1950.0 950.0 0.41339
2050.0 950.0 0.25887
2150.0 950.0 0.19645
2250.0 950.0 0.17970
2350.0 950.0 0.14645
2450.0 950.0 0.09628
2550.0 950.0 0.04594
2650.0 950.0 0.01353
2750.0 950.0 0.00907
2850.0 950.0 0.03099
2950.0 950.0 0.06849
3050.0 950.0 0.11195
3150.0 950.0 0.22750
3250.0 950.0 0.45827
3350.0 950.0 0.71726
3450.0 950.0 0.88515
3550.0 950.0 0.88276
3650.0 950.0 0.70415
3750.0 950.0 0.41013
3850.0 950.0 0.08238
3950.0 950.0 -0.25434
4050.0 950.0 -0.58797
4150.0 950.0 -0.83272
4250.0 950.0 -0.90765
4350.0 950.0 -0.79695
4450.0 950.0 -0.56529
4550.0 950.0 -0.32855
4650.0 950.0 -0.17973
4750.0 950.0 -0.08858
4850.0 950.0 -0.01257
4950.0 950.0 0.02999
5050.0 950.0 0.02936
5150.0 950.0 -0.00824
5250.0 950.0 -0.06139
5350.0 950.0 -0.10125
5450.0 950.0 -0.10625
5550.0 950.0 -0.08320
5650.0 950.0 -0.05674
5750.0 950.0 -0.03095
5850.0 950.0 -0.00919
5950.0 950.0 0.00606
6050.0 950.0 0.01501
6150.0 950.0 0.02062
6250.0 950.0 0.02710
6350.0 950.0 0.03681
50.0 1050.0 -0.05998
150.0 1050.0 0.28610
250.0 1050.0 0.52359
350.0 1050.0 0.55293
450.0 1050.0 0.35888
550.0 1050.0 0.04159
650.0 1050.0 -0.32016
750.0 1050.0 -0.68085
850.0 1050.0 -0.91152
950.0 1050.0 -0.91093
1050.0 1050.0 -0.67369
1150.0 1050.0 -0.29787
1250.0 1050.0 0.06806
1350.0 1050.0 0.33887
1450.0 1050.0 0.58132
1550.0 1050.0 0.79532
1650.0 1050.0 0.92168
1750.0 1050.0 0.92015
1850.0 1050.0 0.79980
1950.0 1050.0 0.62115
2050.0 1050.0 0.47004
2150.0 1050.0 0.40319
2250.0 1050.0 0.37961
2350.0 1050.0 0.34643
2450.0 1050.0 0.30521
2550.0 1050.0 0.26847
2650.0 1050.0 0.24792
2750.0 1050.0 0.24816
2850.0 1050.0 0.26503
2950.0 1050.0 0.28887
3050.0 1050.0 0.31447
3150.0 1050.0 0.40820
3250.0 1050.0 0.61370
3350.0 1050.0 0.85224
3450.0 1050.0 1.01263
3550.0 1050.0 1.01841
3650.0 1050.0 0.85952
3750.0 1050.0 0.58835
3850.0 1050.0 0.28018
3950.0 1050.0 -0.04674
4050.0 1050.0 -0.40707
4150.0 1050.0 -0.72391
4250.0 1050.0 -0.90397
4350.0 1050.0 -0.90633
4450.0 1050.0 -0.76745
4550.0 1050.0 -0.58239
4650.0 1050.0 -0.44220
4750.0 1050.0 -0.34067
4850.0 1050.0 -0.24050
4950.0 1050.0 -0.15642
5050.0 1050.0 -0.10706
5150.0 1050.0 -0.09910
5250.0 1050.0 -0.12178
5350.0 1050.0 -0.15082
5450.0 1050.0 -0.16177
5550.0 1050.0 -0.15231
5650.0 1050.0 -0.13197
5750.0 1050.0 -0.09315
5850.0 1050.0 -0.03994
5950.0 1050.0 0.01623
6050.0 1050.0 0.06312
6150.0 1050.0 0.09237
6250.0 1050.0 0.10240
6350.0 1050.0 0.09946
50.0 1150.0 0.06102
150.0 1150.0 0.45415
250.0 1150.0 0.71781
350.0 1150.0 0.75830
450.0 1150.0 0.57096
550.0 1150.0 0.26243
650.0 1150.0 -0.08568
750.0 1150.0 -0.42856
850.0 1150.0 -0.64699
950.0 1150.0 -0.64919
1050.0 1150.0 -0.43292
1150.0 1150.0 -0.09148
1250.0 1150.0 0.23637
1350.0 1150.0 0.47267
1450.0 1150.0 0.68330
1550.0 1150.0 0.87207
1650.0 1150.0 0.98372
1750.0 1150.0 0.97813
1850.0 1150.0 0.86038
1950.0 1150.0 0.68414
2050.0 1150.0 0.52830
2150.0 1150.0 0.44671
2250.0 1150.0 0.40714
2350.0 1150.0 0.38591
2450.0 1150.0 0.39537
2550.0 1150.0 0.43419
2650.0 1150.0 0.48956
2750.0 1150.0 0.54218
2850.0 1150.0 0.57320
2950.0 1150.0 0.57330
3050.0 1150.0 0.55498
3150.0 1150.0 0.59437
3250.0 1150.0 0.73749
3350.0 1150.0 0.92635
3450.0 1150.0 1.06982
3550.0 1150.0 1.09781
3650.0 1150.0 0.98960
3750.0 1150.0 0.77627
3850.0 1150.0 0.51723
3950.0 1150.0 0.22509
4050.0 1150.0 -0.14859
4150.0 1150.0 -0.54083
4250.0 1150.0 -0.84409
4350.0 1150.0 -0.98484
4450.0 1150.0 -0.96074
4550.0 1150.0 -0.83648
4650.0 1150.0 -0.69817
4750.0 1150.0 -0.57121
4850.0 1150.0 -0.42062
4950.0 1150.0 -0.25726
5050.0 1150.0 -0.11929
5150.0 1150.0 -0.03826
5250.0 1150.0 -0.02099
5350.0 1150.0 -0.04714
5450.0 1150.0 -0.08268
5550.0 1150.0 -0.10823
5650.0 1150.0 -0.11320
5750.0 1150.0 -0.07533
5850.0 1150.0 -0.00014
5950.0 1150.0 0.08913
6050.0 1150.0 0.16436
6150.0 1150.0 0.20319
6250.0 1150.0 0.19725
6350.0 1150.0 0.15817
50.0 1250.0 0.28124
150.0 1250.0 0.68623
250.0 1250.0 0.93788
350.0 1250.0 0.96163
450.0 1250.0 0.77161
550.0 1250.0 0.47528
650.0 1250.0 0.14585
750.0 1250.0 -0.17588
850.0 1250.0 -0.38517
950.0 1250.0 -0.40264
1050.0 1250.0 -0.22831
1150.0 1250.0 0.05388
1250.0 1250.0 0.32092
1350.0 1250.0 0.50486
1450.0 1250.0 0.66758
1550.0 1250.0 0.81743
1650.0 1250.0 0.90499
1750.0 1250.0 0.89061
1850.0 1250.0 0.77397
1950.0 1250.0 0.59911
2050.0 1250.0 0.43489
2150.0 1250.0 0.33085
2250.0 1250.0 0.26727
2350.0 1250.0 0.26387
2450.0 1250.0 0.34908
2550.0 1250.0 0.50084
2650.0 1250.0 0.66964
2750.0 1250.0 0.80044
2850.0 1250.0 0.85245
2950.0 1250.0 0.81686
3050.0 1250.0 0.73267
3150.0 1250.0 0.69093
3250.0 1250.0 0.74165
3350.0 1250.0 0.85791
3450.0 1250.0 0.97832
3550.0 1250.0 1.04183
3650.0 1250.0 1.01126
3750.0 1250.0 0.88548
3850.0 1250.0 0.70024
3950.0 1250.0 0.46645
4050.0 1250.0 0.10521
4150.0 1250.0 -0.33629
4250.0 1250.0 -0.73932
4350.0 1250.0 -0.99978
4450.0 1250.0 -1.07649
4550.0 1250.0 -1.00178
4650.0 1250.0 -0.85433
4750.0 1250.0 -0.68988
4850.0 1250.0 -0.47298
4950.0 1250.0 -0.21348
5050.0 1250.0 0.02357
5150.0 1250.0 0.17628
5250.0 1250.0 0.21992
5350.0 1250.0 0.17572
5450.0 1250.0 0.09438
5550.0 1250.0 0.01551
5650.0 1250.0 -0.03098
5750.0 1250.0 -0.00653
5850.0 1250.0 0.08135
5950.0 1250.0 0.19548
6050.0 1250.0 0.28942
6150.0 1250.0 0.32490
6250.0 1250.0 0.28615
6350.0 1250.0 0.19125
50.0 1350.0 0.53758
150.0 1350.0 0.90357
250.0 1350.0 1.09591
350.0 1350.0 1.07092
450.0 1350.0 0.86651
550.0 1350.0 0.58320
650.0 1350.0 0.27548
750.0 1350.0 -0.02046
850.0 1350.0 -0.21621
950.0 1350.0 -0.24709
1050.0 1350.0 -0.11647
1150.0 1350.0 0.10151
1250.0 1350.0 0.30117
1350.0 1350.0 0.42622
1450.0 1350.0 0.53546
1550.0 1350.0 0.64448
1650.0 1350.0 0.71083
1750.0 1350.0 0.69444
1850.0 1350.0 0.58718
1950.0 1350.0 0.42043
2050.0 1350.0 0.25052
2150.0 1350.0 0.12216
2250.0 1350.0 0.03098
2350.0 1350.0 0.04238
2450.0 1350.0 0.20033
2550.0 1350.0 0.46084
2650.0 1350.0 0.73683
2750.0 1350.0 0.93754
2850.0 1350.0 1.00113
2950.0 1350.0 0.92051
3050.0 1350.0 0.76163
3150.0 1350.0 0.62872
3250.0 1350.0 0.57651
3350.0 1350.0 0.61316
3450.0 1350.0 0.71038
3550.0 1350.0 0.81670
3650.0 1350.0 0.87579
3750.0 1350.0 0.84984
3850.0 1350.0 0.74809
3950.0 1350.0 0.58548
4050.0 1350.0 0.26602
4150.0 1350.0 -0.17656
4250.0 1350.0 -0.61964
4350.0 1350.0 -0.94022
4450.0 1350.0 -1.06977
4550.0 1350.0 -1.01544
4650.0 1350.0 -0.84744
4750.0 1350.0 -0.64142
4850.0 1350.0 -0.35991
4950.0 1350.0 -0.01697
5050.0 1350.0 0.29469
5150.0 1350.0 0.48659
5250.0 1350.0 0.52303
5350.0 1350.0 0.43378
5450.0 1350.0 0.29088
5550.0 1350.0 0.15099
5650.0 1350.0 0.05637
5750.0 1350.0 0.06148
5850.0 1350.0 0.15659
5950.0 1350.0 0.29012
6050.0 1350.0 0.39685
6150.0 1350.0 0.42233
6250.0 1350.0 0.34345
6350.0 1350.0 0.18497
50.0 1450.0 0.75412
150.0 1450.0 1.03619
250.0 1450.0 1.13277
350.0 1450.0 1.03629
450.0 1450.0 0.80838
550.0 1450.0 0.53603
650.0 1450.0 0.24984
750.0 1450.0 -0.01627
850.0 1450.0 -0.18871
950.0 1450.0 -0.21802
1050.0 1450.0 -0.11360
1150.0 1450.0 0.05646
1250.0 1450.0 0.20054
1350.0 1450.0 0.27378
1450.0 1450.0 0.33647
1550.0 1450.0 0.41489
1650.0 1450.0 0.47359
1750.0 1450.0 0.47027
1850.0 1450.0 0.38665
1950.0 1450.0 0.23943
2050.0 1450.0 0.07153
2150.0 1450.0 -0.07654
2250.0 1450.0 -0.19319
2350.0 1450.0 -0.17738
2450.0 1450.0 0.02445
2550.0 1450.0 0.35110
2650.0 1450.0 0.68835
2750.0 1450.0 0.92120
2850.0 1450.0 0.97518
2950.0 1450.0 0.84661
3050.0 1450.0 0.62051
3150.0 1450.0 0.40674
3250.0 1450.0 0.26431
3350.0 1450.0 0.23259
3450.0 1450.0 0.31235
3550.0 1450.0 0.45994
3650.0 1450.0 0.60128
3750.0 1450.0 0.66552
3850.0 1450.0 0.63845
3950.0 1450.0 0.54415
4050.0 1450.0 0.28708
4150.0 1450.0 -0.10711
4250.0 1450.0 -0.52018
4350.0 1450.0 -0.82644
4450.0 1450.0 -0.94796
4550.0 1450.0 -0.87960
4650.0 1450.0 -0.68402
4750.0 1450.0 -0.44174
4850.0 1450.0 -0.11360
4950.0 1450.0 0.27681
5050.0 1450.0 0.61501
5150.0 1450.0 0.79700
5250.0 1450.0 0.78727
5350.0 1450.0 0.63134
5450.0 1450.0 0.42293
5550.0 1450.0 0.22772
5650.0 1450.0 0.09040
5750.0 1450.0 0.07901
5850.0 1450.0 0.18186
5950.0 1450.0 0.33427
6050.0 1450.0 0.45391
6150.0 1450.0 0.47160
6250.0 1450.0 0.35747
6350.0 1450.0 0.14237
50.0 1550.0 0.86946
150.0 1550.0 1.04821
250.0 1550.0 1.03943
350.0 1550.0 0.86813
450.0 1550.0 0.61425
550.0 1550.0 0.34870
650.0 1550.0 0.08062
750.0 1550.0 -0.15402
850.0 1550.0 -0.29200
950.0 1550.0 -0.29769
1050.0 1550.0 -0.18953
1150.0 1550.0 -0.03614
1250.0 1550.0 0.07806
1350.0 1550.0 0.11762
1450.0 1550.0 0.15064
1550.0 1550.0 0.21684
1650.0 1550.0 0.28663
1750.0 1550.0 0.31358
1850.0 1550.0 0.26791
1950.0 1550.0 0.15159
2050.0 1550.0 -0.00473
2150.0 1550.0 -0.16326
2250.0 1550.0 -0.29820
2350.0 1550.0 -0.29148
2450.0 1550.0 -0.08897
2550.0 1550.0 0.23981
2650.0 1550.0 0.57112
2750.0 1550.0 0.78412
2850.0 1550.0 0.80423
2950.0 1550.0 0.63266
3050.0 1550.0 0.36048
3150.0 1550.0 0.09279
3250.0 1550.0 -0.10865
3350.0 1550.0 -0.18345
3450.0 1550.0 -0.11183
3550.0 1550.0 0.06702
3650.0 1550.0 0.26633
3750.0 1550.0 0.39258
3850.0 1550.0 0.41605
3950.0 1550.0 0.37217
4050.0 1550.0 0.18019
4150.0 1550.0 -0.13607
4250.0 1550.0 -0.46855
4350.0 1550.0 -0.70280
4450.0 1550.0 -0.76825
4550.0 1550.0 -0.66087
4650.0 1550.0 -0.43821
4750.0 1550.0 -0.17242
4850.0 1550.0 0.17526
4950.0 1550.0 0.56860
5050.0 1550.0 0.88155
5150.0 1550.0 1.00852
5250.0 1550.0 0.92486
5350.0 1550.0 0.69546
5450.0 1550.0 0.43151
5550.0 1550.0 0.19812
5650.0 1550.0 0.03361
5750.0 1550.0 0.01640
5850.0 1550.0 0.13345
5950.0 1550.0 0.30955
6050.0 1550.0 0.44844
6150.0 1550.0 0.46874
6250.0 1550.0 0.33478
6350.0 1550.0 0.08225
50.0 1650.0 0.86334
150.0 1650.0 0.94982
250.0 1650.0 0.85427
350.0 1650.0 0.62388
450.0 1650.0 0.34852
550.0 1650.0 0.08518
650.0 1650.0 -0.16995
750.0 1650.0 -0.37428
850.0 1650.0 -0.46937
950.0 1650.0 -0.43077
1050.0 1650.0 -0.28825
1150.0 1650.0 -0.11766
1250.0 1650.0 -0.00407
1350.0 1650.0 0.02361
1450.0 1650.0 0.04694
1550.0 1650.0 0.12023
1650.0 1650.0 0.21792
1750.0 1650.0 0.28810
1850.0 1650.0 0.28960
1950.0 1650.0 0.21144
2050.0 1650.0 0.07454
2150.0 1650.0 -0.08419
2250.0 1650.0 -0.22820
2350.0 1650.0 -0.24211
2450.0 1650.0 -0.07981
2550.0 1650.0 0.19034
2650.0 1650.0 0.45302
2750.0 1650.0 0.59969
2850.0 1650.0 0.56754
2950.0 1650.0 0.36342
3050.0 1650.0 0.07130
3150.0 1650.0 -0.21774
3250.0 1650.0 -0.44109
3350.0 1650.0 -0.52980
3450.0 1650.0 -0.45705
3550.0 1650.0 -0.26116
3650.0 1650.0 -0.03503
3750.0 1650.0 0.11812
3850.0 1650.0 0.16250
3950.0 1650.0 0.14377
4050.0 1650.0 0.00212
4150.0 1650.0 -0.23565
4250.0 1650.0 -0.47307
4350.0 1650.0 -0.61368
4450.0 1650.0 -0.60406
4550.0 1650.0 -0.45030
4650.0 1650.0 -0.20783
4750.0 1650.0 0.06644
4850.0 1650.0 0.40790
4950.0 1650.0 0.76769
5050.0 1650.0 1.01875
5150.0 1650.0 1.06544
5250.0 1650.0 0.90037
5350.0 1650.0 0.60679
5450.0 1650.0 0.30651
5550.0 1650.0 0.05647
5650.0 1650.0 -0.11599
5750.0 1650.0 -0.12491
5850.0 1650.0 0.01596
5950.0 1650.0 0.22375
6050.0 1650.0 0.39166
6150.0 1650.0 0.42877
6250.0 1650.0 0.29459
6350.0 1650.0 0.02819
50.0 1750.0 0.78168
150.0 1750.0 0.79540
250.0 1750.0 0.63593
350.0 1750.0 0.36370
450.0 1750.0 0.07263
550.0 1750.0 -0.19107
650.0 1750.0 -0.43679
750.0 1750.0 -0.61272
850.0 1750.0 -0.66173
950.0 1750.0 -0.56841
1050.0 1750.0 -0.37475
1150.0 1750.0 -0.16748
1250.0 1750.0 -0.03692
1350.0 1750.0 -0.00749
1450.0 1750.0 0.01855
1550.0 1750.0 0.10998
1650.0 1750.0 0.24400
1750.0 1750.0 0.36274
1850.0 1750.0 0.41438
1950.0 1750.0 0.37670
2050.0 1750.0 0.26300
2150.0 1750.0 0.11034
2250.0 1750.0 -0.03658
2350.0 1750.0 -0.07642
2450.0 1750.0 0.02436
2550.0 1750.0 0.20407
2650.0 1750.0 0.36575
2750.0 1750.0 0.42307
2850.0 1750.0 0.33124
2950.0 1750.0 0.10281
3050.0 1750.0 -0.19255
3150.0 1750.0 -0.48248
3250.0 1750.0 -0.70476
3350.0 1750.0 -0.78981
3450.0 1750.0 -0.71113
3550.0 1750.0 -0.50827
3650.0 1750.0 -0.27582
3750.0 1750.0 -0.11845
3850.0 1750.0 -0.07201
3950.0 1750.0 -0.08292
4050.0 1750.0 -0.19027
4150.0 1750.0 -0.36229
4250.0 1750.0 -0.51295
4350.0 1750.0 -0.56429
4450.0 1750.0 -0.48226
4550.0 1750.0 -0.28604
4650.0 1750.0 -0.03088
4750.0 1750.0 0.24251
4850.0 1750.0 0.56419
4950.0 1750.0 0.87414
5050.0 1750.0 1.05025
5150.0 1750.0 1.01203
5250.0 1750.0 0.77089
5350.0 1750.0 0.42575
5450.0 1750.0 0.10395
5550.0 1750.0 -0.14895
5650.0 1750.0 -0.31712
5750.0 1750.0 -0.30858
5850.0 1750.0 -0.13731
5950.0 1750.0 0.10784
6050.0 1750.0 0.31153
6150.0 1750.0 0.37487
6250.0 1750.0 0.25309
6350.0 1750.0 -0.01225
50.0 1850.0 0.69354
150.0 1850.0 0.63146
250.0 1850.0 0.41439
350.0 1850.0 0.11180
450.0 1850.0 -0.18395
550.0 1850.0 -0.43950
650.0 1850.0 -0.67092
750.0 1850.0 -0.82150
850.0 1850.0 -0.83566
950.0 1850.0 -0.70395
1050.0 1850.0 -0.47553
1150.0 1850.0 -0.24284
1250.0 1850.0 -0.09830
1350.0 1850.0 -0.06315
1450.0 1850.0 -0.02958
1550.0 1850.0 0.08339
1650.0 1850.0 0.25678
1750.0 1850.0 0.42860
1850.0 1850.0 0.53763
1950.0 1850.0 0.55049
2050.0 1850.0 0.47175
2150.0 1850.0 0.33722
2250.0 1850.0 0.19897
2350.0 1850.0 0.14213
2450.0 1850.0 0.18576
2550.0 1850.0 0.27509
2650.0 1850.0 0.33344
2750.0 1850.0 0.29957
2850.0 1850.0 0.14944
2950.0 1850.0 -0.09729
3050.0 1850.0 -0.38694
3150.0 1850.0 -0.66906
3250.0 1850.0 -0.88557
3350.0 1850.0 -0.97062
3450.0 1850.0 -0.89980
3550.0 1850.0 -0.71158
3650.0 1850.0 -0.49645
3750.0 1850.0 -0.35404
3850.0 1850.0 -0.31799
3950.0 1850.0 -0.33169
4050.0 1850.0 -0.41482
4150.0 1850.0 -0.52997
4250.0 1850.0 -0.60116
4350.0 1850.0 -0.56919
4450.0 1850.0 -0.42020
4550.0 1850.0 -0.18754
4650.0 1850.0 0.07315
4750.0 1850.0 0.33815
4850.0 1850.0 0.63620
4950.0 1850.0 0.90032
5050.0 1850.0 1.01476
5150.0 1850.0 0.91213
5250.0 1850.0 0.61765
5350.0 1850.0 0.23976
5450.0 1850.0 -0.09285
5550.0 1850.0 -0.34410
5650.0 1850.0 -0.50610
5750.0 1850.0 -0.48283
5850.0 1850.0 -0.28799
5950.0 1850.0 -0.01397
6050.0 1850.0 0.21834
6150.0 1850.0 0.30456
6250.0 1850.0 0.19662
6350.0 1850.0 -0.06257
50.0 1950.0 0.59262
150.0 1950.0 0.45659
250.0 1950.0 0.20476
350.0 1950.0 -0.09531
450.0 1950.0 -0.36616
550.0 1950.0 -0.59119
650.0 1950.0 -0.79521
750.0 1950.0 -0.92787
850.0 1950.0 -0.93681
950.0 1950.0 -0.81108
1050.0 1950.0 -0.59395
1150.0 1950.0 -0.36948
1250.0 1950.0 -0.22305
1350.0 1950.0 -0.17560
1450.0 1950.0 -0.12654
1550.0 1950.0 0.00795
1650.0 1950.0 0.21504
1750.0 1950.0 0.43517
1850.0 1950.0 0.60394
1950.0 1950.0 0.67986
2050.0 1950.0 0.65780
2150.0 1950.0 0.56834
2250.0 1950.0 0.46672
2350.0 1950.0 0.41925
2450.0 1950.0 0.42809
2550.0 1950.0 0.44390
2650.0 1950.0 0.41092
2750.0 1950.0 0.29555
2850.0 1950.0 0.09823
2950.0 1950.0 -0.15152
3050.0 1950.0 -0.41674
3150.0 1950.0 -0.67271
3250.0 1950.0 -0.87243
3350.0 1950.0 -0.96291
3450.0 1950.0 -0.92606
3550.0 1950.0 -0.79506
3650.0 1950.0 -0.64485
3750.0 1950.0 -0.55679
3850.0 1950.0 -0.55728
3950.0 1950.0 -0.59657
4050.0 1950.0 -0.67845
4150.0 1950.0 -0.75885
4250.0 1950.0 -0.77077
4350.0 1950.0 -0.67344
4450.0 1950.0 -0.47383
4550.0 1950.0 -0.22077
4650.0 1950.0 0.02854
4750.0 1950.0 0.26852
4850.0 1950.0 0.53661
4950.0 1950.0 0.76908
5050.0 1950.0 0.85870
5150.0 1950.0 0.74466
5250.0 1950.0 0.45293
5350.0 1950.0 0.08669
5450.0 1950.0 -0.23336
5550.0 1950.0 -0.47503
5650.0 1950.0 -0.62950
5750.0 1950.0 -0.60175
5850.0 1950.0 -0.40405
5950.0 1950.0 -0.12630
6050.0 1950.0 0.11269
6150.0 1950.0 0.20933
6250.0 1950.0 0.11495
6350.0 1950.0 -0.12912
50.0 2050.0 0.45326
150.0 2050.0 0.27248
250.0 2050.0 0.03262
350.0 2050.0 -0.21643
450.0 2050.0 -0.42685
550.0 2050.0 -0.59858
650.0 2050.0 -0.76230
750.0 2050.0 -0.88518
850.0 2050.0 -0.91972
950.0 2050.0 -0.84582
1050.0 2050.0 -0.68740
1150.0 2050.0 -0.50582
1250.0 2050.0 -0.37009
1350.0 2050.0 -0.30382
1450.0 2050.0 -0.23335
1550.0 2050.0 -0.08745
1650.0 2050.0 0.12808
1750.0 2050.0 0.36591
1850.0 2050.0 0.57024
1950.0 2050.0 0.70037
2050.0 2050.0 0.74445
2150.0 2050.0 0.72361
2250.0 2050.0 0.68700
2350.0 2050.0 0.68000
2450.0 2050.0 0.68759
2550.0 2050.0 0.66322
2650.0 2050.0 0.56919
2750.0 2050.0 0.39810
2850.0 2050.0 0.17528
2950.0 2050.0 -0.05802
3050.0 2050.0 -0.27973
3150.0 2050.0 -0.48866
3250.0 2050.0 -0.65230
3350.0 2050.0 -0.73996
3450.0 2050.0 -0.74659
3550.0 2050.0 -0.69957
3650.0 2050.0 -0.65024
3750.0 2050.0 -0.65020
3850.0 2050.0 -0.71243
3950.0 2050.0 -0.80090
4050.0 2050.0 -0.90854
4150.0 2050.0 -0.98423
4250.0 2050.0 -0.96763
4350.0 2050.0 -0.83380
4450.0 2050.0 -0.60879
4550.0 2050.0 -0.35656
4650.0 2050.0 -0.13703
4750.0 2050.0 0.06132
4850.0 2050.0 0.29373
4950.0 2050.0 0.51033
5050.0 2050.0 0.61434
5150.0 2050.0 0.54452
5250.0 2050.0 0.31402
5350.0 2050.0 0.00542
5450.0 2050.0 -0.27806
5550.0 2050.0 -0.50218
5650.0 2050.0 -0.64828
5750.0 2050.0 -0.62807
5850.0 2050.0 -0.45124
5950.0 2050.0 -0.19856
6050.0 2050.0 0.02161
6150.0 2050.0 0.11362
6250.0 2050.0 0.03120
6350.0 2050.0 -0.18902
50.0 2150.0 0.26003
150.0 2150.0 0.08538
250.0 2150.0 -0.08628
350.0 2150.0 -0.23763
450.0 2150.0 -0.36037
550.0 2150.0 -0.46564
650.0 2150.0 -0.58218
750.0 2150.0 -0.70071
850.0 2150.0 -0.77945
950.0 2150.0 -0.78460
1050.0 2150.0 -0.71291
1150.0 2150.0 -0.59470
1250.0 2150.0 -0.47725
1350.0 2150.0 -0.38864
1450.0 2150.0 -0.29606
1550.0 2150.0 -0.15721
1650.0 2150.0 0.02791
1750.0 2150.0 0.23364
1850.0 2150.0 0.42646
1950.0 2150.0 0.57878
2050.0 2150.0 0.67860
2150.0 2150.0 0.73514
2250.0 2150.0 0.77984
2350.0 2150.0 0.83647
2450.0 2150.0 0.87563
2550.0 2150.0 0.85041
2650.0 2150.0 0.73532
2750.0 2150.0 0.54322
2850.0 2150.0 0.32040
2950.0 2150.0 0.11958
3050.0 2150.0 -0.04753
3150.0 2150.0 -0.19460
3250.0 2150.0 -0.30107
3350.0 2150.0 -0.36390
3450.0 2150.0 -0.39818
3550.0 2150.0 -0.42988
3650.0 2150.0 -0.48653
3750.0 2150.0 -0.58590
3850.0 2150.0 -0.72260
3950.0 2150.0 -0.87431
4050.0 2150.0 -1.02781
4150.0 2150.0 -1.12550
4250.0 2150.0 -1.11082
4350.0 2150.0 -0.97031
4450.0 2150.0 -0.74510
4550.0 2150.0 -0.51203
4650.0 2150.0 -0.33438
4750.0 2150.0 -0.18684
4850.0 2150.0 0.00754
4950.0 2150.0 0.21899
5050.0 2150.0 0.36209
5150.0 2150.0 0.37067
5250.0 2150.0 0.23676
5350.0 2150.0 0.01328
5450.0 2150.0 -0.21953
5550.0 2150.0 -0.42162
5650.0 2150.0 -0.55954
5750.0 2150.0 -0.55580
5850.0 2150.0 -0.41679
5950.0 2150.0 -0.20981
6050.0 2150.0 -0.02703
6150.0 2150.0 0.04865
6250.0 2150.0 -0.02433
6350.0 2150.0 -0.21615
50.0 2250.0 0.01923
150.0 2250.0 -0.09745
250.0 2250.0 -0.15769
350.0 2250.0 -0.18483
450.0 2250.0 -0.21144
550.0 2250.0 -0.25166
650.0 2250.0 -0.32270
750.0 2250.0 -0.43752
850.0 2250.0 -0.55984
950.0 2250.0 -0.64245
1050.0 2250.0 -0.65561
1150.0 2250.0 -0.59940
1250.0 2250.0 -0.49997
1350.0 2250.0 -0.38980
1450.0 2250.0 -0.27973
1550.0 2250.0 -0.16720
1650.0 2250.0 -0.04920
1750.0 2250.0 0.07571
1850.0 2250.0 0.20631
1950.0 2250.0 0.33893
2050.0 2250.0 0.46899
2150.0 2250.0 0.59382
2250.0 2250.0 0.71792
2350.0 2250.0 0.84455
2450.0 2250.0 0.93440
2550.0 2250.0 0.93797
2650.0 2250.0 0.83544
2750.0 2250.0 0.65199
2850.0 2250.0 0.44829
2950.0 2250.0 0.28636
3050.0 2250.0 0.17276
3150.0 2250.0 0.09059
3250.0 2250.0 0.05587
3350.0 2250.0 0.04451
3450.0 2250.0 0.01673
3550.0 2250.0 -0.05940
3650.0 2250.0 -0.19518
3750.0 2250.0 -0.37921
3850.0 2250.0 -0.58599
3950.0 2250.0 -0.80023
4050.0 2250.0 -1.00504
4150.0 2250.0 -1.13765
4250.0 2250.0 -1.14299
4350.0 2250.0 -1.01479
4450.0 2250.0 -0.80461
4550.0 2250.0 -0.59899
4650.0 2250.0 -0.46441
4750.0 2250.0 -0.36603
4850.0 2250.0 -0.20787
4950.0 2250.0 0.00005
5050.0 2250.0 0.18310
5150.0 2250.0 0.26992
5250.0 2250.0 0.23160
5350.0 2250.0 0.09190
5450.0 2250.0 -0.09132
5550.0 2250.0 -0.27206
5650.0 2250.0 -0.40294
5750.0 2250.0 -0.41804
5850.0 2250.0 -0.32054
5950.0 2250.0 -0.16380
6050.0 2250.0 -0.02298
6150.0 2250.0 0.03262
6250.0 2250.0 -0.03340
6350.0 2250.0 -0.19812
50.0 2350.0 -0.24193
150.0 2350.0 -0.27052
250.0 2350.0 -0.20821
350.0 2350.0 -0.11670
450.0 2350.0 -0.06145
550.0 2350.0 -0.05211
650.0 2350.0 -0.08727
750.0 2350.0 -0.19388
850.0 2350.0 -0.33999
950.0 2350.0 -0.47003
1050.0 2350.0 -0.53672
1150.0 2350.0 -0.51962
1250.0 2350.0 -0.43012
1350.0 2350.0 -0.30317
1450.0 2350.0 -0.18363
1550.0 2350.0 -0.10904
1650.0 2350.0 -0.07663
1750.0 2350.0 -0.05887
1850.0 2350.0 -0.02267
1950.0 2350.0 0.05675
2050.0 2350.0 0.18738
2150.0 2350.0 0.35736
2250.0 2350.0 0.54139
2350.0 2350.0 0.72457
2450.0 2350.0 0.86202
2550.0 2350.0 0.90121
2650.0 2350.0 0.82372
2750.0 2350.0 0.66045
2850.0 2350.0 0.48016
2950.0 2350.0 0.35097
3050.0 2350.0 0.27796
3150.0 2350.0 0.25050
3250.0 2350.0 0.28911
3350.0 2350.0 0.34888
3450.0 2350.0 0.36535
3550.0 2350.0 0.29343
3650.0 2350.0 0.12595
3750.0 2350.0 -0.10802
3850.0 2350.0 -0.36508
3950.0 2350.0 -0.62647
4050.0 2350.0 -0.87083
4150.0 2350.0 -1.03167
4250.0 2350.0 -1.05472
4350.0 2350.0 -0.93852
4450.0 2350.0 -0.74189
4550.0 2350.0 -0.55818
4650.0 2350.0 -0.45632
4750.0 2350.0 -0.39519
4850.0 2350.0 -0.26800
4950.0 2350.0 -0.07196
5050.0 2350.0 0.12741
5150.0 2350.0 0.25766
5250.0 2350.0 0.27753
5350.0 2350.0 0.19168
5450.0 2350.0 0.04209
5550.0 2350.0 -0.12292
5650.0 2350.0 -0.24833
5750.0 2350.0 -0.27699
5850.0 2350.0 -0.20966
5950.0 2350.0 -0.08941
6050.0 2350.0 0.02108
6150.0 2350.0 0.06247
6250.0 2350.0 0.00214
6350.0 2350.0 -0.14216
50.0 2450.0 -0.48847
150.0 2450.0 -0.43212
250.0 2450.0 -0.27242
350.0 2450.0 -0.09767
450.0 2450.0 0.00792
550.0 2450.0 0.04318
650.0 2450.0 0.03006
750.0 2450.0 -0.06047
850.0 2450.0 -0.19901
950.0 2450.0 -0.32952
1050.0 2450.0 -0.40104
1150.0 2450.0 -0.38744
1250.0 2450.0 -0.29507
1350.0 2450.0 -0.15830
1450.0 2450.0 -0.03760
1550.0 2450.0 -0.00051
1650.0 2450.0 -0.04686
1750.0 2450.0 -0.13009
1850.0 2450.0 -0.18962
1950.0 2450.0 -0.17571
2050.0 2450.0 -0.06693
2150.0 2450.0 0.11988
2250.0 2450.0 0.33428
2350.0 2450.0 0.54593
2450.0 2450.0 0.70688
2550.0 2450.0 0.76316
2650.0 2450.0 0.69723
2750.0 2450.0 0.54322
2850.0 2450.0 0.37416
2950.0 2450.0 0.26135
3050.0 2450.0 0.20916
3150.0 2450.0 0.21691
3250.0 2450.0 0.31683
3350.0 2450.0 0.45289
3450.0 2450.0 0.54049
3550.0 2450.0 0.51710
3650.0 2450.0 0.36771
3750.0 2450.0 0.12518
3850.0 2450.0 -0.15457
3950.0 2450.0 -0.43899
4050.0 2450.0 -0.69846
4150.0 2450.0 -0.86383
4250.0 2450.0 -0.88277
4350.0 2450.0 -0.75914
4450.0 2450.0 -0.55840
4550.0 2450.0 -0.37942
4650.0 2450.0 -0.29236
4750.0 2450.0 -0.25092
4850.0 2450.0 -0.14802
4950.0 2450.0 0.02108
5050.0 2450.0 0.19773
5150.0 2450.0 0.31531
5250.0 2450.0 0.33399
5350.0 2450.0 0.25500
5450.0 2450.0 0.11431
5550.0 2450.0 -0.04335
5650.0 2450.0 -0.16471
5750.0 2450.0 -0.19601
5850.0 2450.0 -0.13684
5950.0 2450.0 -0.02635
6050.0 2450.0 0.07715
6150.0 2450.0 0.11760
6250.0 2450.0 0.06330
6350.0 2450.0 -0.07004
50.0 2550.0 -0.70312
150.0 2550.0 -0.58539
250.0 2550.0 -0.36769
350.0 2550.0 -0.15131
450.0 2550.0 -0.02631
550.0 2550.0 0.01477
650.0 2550.0 0.01226
750.0 2550.0 -0.05502
850.0 2550.0 -0.15885
950.0 2550.0 -0.24944
1050.0 2550.0 -0.28395
1150.0 2550.0 -0.24330
1250.0 2550.0 -0.13697
1350.0 2550.0 0.00386
1450.0 2550.0 0.12030
1550.0 2550.0 0.12802
1650.0 2550.0 0.02365
1750.0 2550.0 -0.13561
1850.0 2550.0 -0.27165
1950.0 2550.0 -0.31719
2050.0 2550.0 -0.23961
2150.0 2550.0 -0.05707
2250.0 2550.0 0.16264
2350.0 2550.0 0.37566
2450.0 2550.0 0.53137
2550.0 2550.0 0.57660
2650.0 2550.0 0.49696
2750.0 2550.0 0.33072
2850.0 2550.0 0.15456
2950.0 2550.0 0.04128
3050.0 2550.0 -0.00694
3150.0 2550.0 0.01776
3250.0 2550.0 0.16264
3350.0 2550.0 0.36879
3450.0 2550.0 0.53727
3550.0 2550.0 0.58736
3650.0 2550.0 0.48880
3750.0 2550.0 0.26795
3850.0 2550.0 -0.01213
3950.0 2550.0 -0.29879
4050.0 2550.0 -0.54983
4150.0 2550.0 -0.69380
4250.0 2550.0 -0.68232
4350.0 2550.0 -0.52663
4450.0 2550.0 -0.30022
4550.0 2550.0 -0.10762
4650.0 2550.0 -0.01921
4750.0 2550.0 0.01722
4850.0 2550.0 0.10093
4950.0 2550.0 0.22928
5050.0 2550.0 0.34875
5150.0 2550.0 0.40468
5250.0 2550.0 0.37067
5350.0 2550.0 0.25800
5450.0 2550.0 0.10505
5550.0 2550.0 -0.05230
5650.0 2550.0 -0.17041
5750.0 2550.0 -0.19386
5850.0 2550.0 -0.12211
5950.0 2550.0 0.00377
6050.0 2550.0 0.12253
6150.0 2550.0 0.17515
6250.0 2550.0 0.12818
6350.0 2550.0 -0.00194
50.0 2650.0 -0.88303
150.0 2650.0 -0.71480
250.0 2650.0 -0.45168
350.0 2650.0 -0.20418
450.0 2650.0 -0.06551
550.0 2650.0 -0.02082
650.0 2650.0 -0.01344
750.0 2650.0 -0.05567
850.0 2650.0 -0.12067
950.0 2650.0 -0.16619
1050.0 2650.0 -0.15918
1150.0 2650.0 -0.08897
1250.0 2650.0 0.03119
1350.0 2650.0 0.17395
1450.0 2650.0 0.28493
1550.0 2650.0 0.26674
1650.0 2650.0 0.11262
1750.0 2650.0 -0.11212
1850.0 2650.0 -0.31522
1950.0 2650.0 -0.41469
2050.0 2650.0 -0.36814
2150.0 2650.0 -0.19420
2250.0 2650.0 0.02483
2350.0 2650.0 0.23215
2450.0 2650.0 0.37481
2550.0 2650.0 0.40182
2650.0 2650.0 0.30314
2750.0 2650.0 0.12160
2850.0 2650.0 -0.06298
2950.0 2650.0 -0.17746
3050.0 2650.0 -0.22261
3150.0 2650.0 -0.18346
3250.0 2650.0 0.00101
3350.0 2650.0 0.27050
3450.0 2650.0 0.51402
3550.0 2650.0 0.63460
3650.0 2650.0 0.58742
3750.0 2650.0 0.39167
3850.0 2650.0 0.11607
3950.0 2650.0 -0.16771
4050.0 2650.0 -0.40500
4150.0 2650.0 -0.52262
4250.0 2650.0 -0.47679
4350.0 2650.0 -0.28642
4450.0 2650.0 -0.03272
4550.0 2650.0 0.17482
4650.0 2650.0 0.26625
4750.0 2650.0 0.29944
4850.0 2650.0 0.36333
4950.0 2650.0 0.44704
5050.0 2650.0 0.50345
5150.0 2650.0 0.49205
5250.0 2650.0 0.40188
5350.0 2650.0 0.25543
5450.0 2650.0 0.09329
5550.0 2650.0 -0.05899
5650.0 2650.0 -0.16852
5750.0 2650.0 -0.17886
5850.0 2650.0 -0.09109
5950.0 2650.0 0.05038
6050.0 2650.0 0.18125
6150.0 2650.0 0.24092
6250.0 2650.0 0.19632
6350.0 2650.0 0.06587
50.0 2750.0 -0.95158
150.0 2750.0 -0.74875
250.0 2750.0 -0.44769
350.0 2750.0 -0.16684
450.0 2750.0 -0.00488
550.0 2750.0 0.05588
650.0 2750.0 0.08234
750.0 2750.0 0.06472
850.0 2750.0 0.02570
950.0 2750.0 0.00189
1050.0 2750.0 0.02257
1150.0 2750.0 0.09815
1250.0 2750.0 0.21817
1350.0 2750.0 0.35913
1450.0 2750.0 0.46429
1550.0 2750.0 0.42462
1650.0 2750.0 0.23111
1750.0 2750.0 -0.04443
1850.0 2750.0 -0.29884
1950.0 2750.0 -0.43913
2050.0 2750.0 -0.41583
2150.0 2750.0 -0.24826
2250.0 2750.0 -0.03011
2350.0 2750.0 0.17031
2450.0 2750.0 0.29978
2550.0 2750.0 0.31294
2650.0 2750.0 0.20607
2750.0 2750.0 0.02572
2850.0 2750.0 -0.14842
2950.0 2750.0 -0.24660
3050.0 2750.0 -0.27364
3150.0 2750.0 -0.21055
3250.0 2750.0 0.00885
3350.0 2750.0 0.32018
3450.0 2750.0 0.60447
3550.0 2750.0 0.75742
3650.0 2750.0 0.73044
3750.0 2750.0 0.54363
3850.0 2750.0 0.27055
3950.0 2750.0 -0.00977
4050.0 2750.0 -0.23638
4150.0 2750.0 -0.33700
4250.0 2750.0 -0.27282
4350.0 2750.0 -0.06826
4450.0 2750.0 0.19180
4550.0 2750.0 0.39732
4650.0 2750.0 0.48085
4750.0 2750.0 0.50245
4850.0 2750.0 0.53804
4950.0 2750.0 0.57483
5050.0 2750.0 0.58027
5150.0 2750.0 0.53122
5250.0 2750.0 0.42799
5350.0 2750.0 0.29416
5450.0 2750.0 0.16215
5550.0 2750.0 0.04592
5650.0 2750.0 -0.02844
5750.0 2750.0 -0.01198
5850.0 2750.0 0.08518
5950.0 2750.0 0.21498
6050.0 2750.0 0.31791
6150.0 2750.0 0.34538
6250.0 2750.0 0.27785
6350.0 2750.0 0.13884
50.0 2850.0 -0.89726
150.0 2850.0 -0.68833
250.0 2850.0 -0.36624
350.0 2850.0 -0.05423
450.0 2850.0 0.14113
550.0 2850.0 0.23336
650.0 2850.0 0.28985
750.0 2850.0 0.29474
850.0 2850.0 0.26312
950.0 2850.0 0.22881
1050.0 2850.0 0.22558
1150.0 2850.0 0.27422
1250.0 2850.0 0.37567
1350.0 2850.0 0.51000
1450.0 2850.0 0.60978
1550.0 2850.0 0.55854
1650.0 2850.0 0.34696
1750.0 2850.0 0.05005
1850.0 2850.0 -0.22463
1950.0 2850.0 -0.38016
2050.0 2850.0 -0.36508
2150.0 2850.0 -0.19968
2250.0 2850.0 0.01732
2350.0 2850.0 0.20856
2450.0 2850.0 0.32287
2550.0 2850.0 0.32500
2650.0 2850.0 0.22051
2750.0 2850.0 0.05933
2850.0 2850.0 -0.08253
2950.0 2850.0 -0.14331
3050.0 2850.0 -0.13354
3150.0 2850.0 -0.03581
3250.0 2850.0 0.20914
3350.0 2850.0 0.52959
3450.0 2850.0 0.80471
3550.0 2850.0 0.93562
3650.0 2850.0 0.88493
3750.0 2850.0 0.68440
3850.0 2850.0 0.41099
3950.0 2850.0 0.13491
4050.0 2850.0 -0.08462
4150.0 2850.0 -0.17938
4250.0 2850.0 -0.11613
4350.0 2850.0 0.07775
4450.0 2850.0 0.31867
4550.0 2850.0 0.50137
4650.0 2850.0 0.56345
4750.0 2850.0 0.56310
4850.0 2850.0 0.55977
4950.0 2850.0 0.54676
5050.0 2850.0 0.51623
5150.0 2850.0 0.46646
5250.0 2850.0 0.40379
5350.0 2850.0 0.34035
5450.0 2850.0 0.28745
5550.0 2850.0 0.24592
5650.0 2850.0 0.24061
5750.0 2850.0 0.30339
5850.0 2850.0 0.40587
5950.0 2850.0 0.49512
6050.0 2850.0 0.52512
6150.0 2850.0 0.47513
6250.0 2850.0 0.35499
6350.0 2850.0 0.19748
50.0 2950.0 -0.77765
150.0 2950.0 -0.59386
250.0 2950.0 -0.27241
350.0 2950.0 0.06280
450.0 2950.0 0.29619
550.0 2950.0 0.43046
650.0 2950.0 0.52400
750.0 2950.0 0.54791
850.0 2950.0 0.50735
950.0 2950.0 0.43602
1050.0 2950.0 0.37873
1150.0 2950.0 0.37506
1250.0 2950.0 0.44370
1350.0 2950.0 0.56781
1450.0 2950.0 0.66365
1550.0 2950.0 0.61342
1650.0 2950.0 0.40969
1750.0 2950.0 0.12649
1850.0 2950.0 -0.13184
1950.0 2950.0 -0.27272
2050.0 2950.0 -0.24848
2150.0 2950.0 -0.08036
2250.0 2950.0 0.13521
2350.0 2950.0 0.31471
2450.0 2950.0 0.41015
2550.0 2950.0 0.39978
2650.0 2950.0 0.30125
2750.0 2950.0 0.16847
2850.0 2950.0 0.07195
2950.0 2950.0 0.06248
3050.0 2950.0 0.12202
3150.0 2950.0 0.26049
3250.0 2950.0 0.51976
3350.0 2950.0 0.81870
3450.0 2950.0 1.04029
3550.0 2950.0 1.10215
3650.0 2950.0 0.99040
3750.0 2950.0 0.75704
3850.0 2950.0 0.48072
3950.0 2950.0 0.20949
4050.0 2950.0 -0.00513
4150.0 2950.0 -0.10118
4250.0 2950.0 -0.05149
4350.0 2950.0 0.11519
4450.0 2950.0 0.31985
4550.0 2950.0 0.46559
4650.0 2950.0 0.49686
4750.0 2950.0 0.46730
4850.0 2950.0 0.41760
4950.0 2950.0 0.35274
5050.0 2950.0 0.29665
5150.0 2950.0 0.27189
5250.0 2950.0 0.28724
5350.0 2950.0 0.33457
5450.0 2950.0 0.39504
5550.0 2950.0 0.45526
5650.0 2950.0 0.54366
5750.0 2950.0 0.66964
5850.0 2950.0 0.78002
5950.0 2950.0 0.81518
6050.0 2950.0 0.74715
6150.0 2950.0 0.59276
6250.0 2950.0 0.40164
6350.0 2950.0 0.21910
50.0 3050.0 -0.67601
150.0 3050.0 -0.53940
250.0 3050.0 -0.23682
350.0 3050.0 0.11083
450.0 3050.0 0.37956
550.0 3050.0 0.55753
650.0 3050.0 0.68849
750.0 3050.0 0.72785
850.0 3050.0 0.67055
950.0 3050.0 0.55152
1050.0 3050.0 0.42918
1150.0 3050.0 0.36454
1250.0 3050.0 0.39581
1350.0 3050.0 0.50873
1450.0 3050.0 0.60254
1550.0 3050.0 0.56384
1650.0 3050.0 0.38858
1750.0 3050.0 0.14645
1850.0 3050.0 -0.06733
1950.0 3050.0 -0.17077
2050.0 3050.0 -0.12418
2150.0 3050.0 0.05031
2250.0 3050.0 0.26430
2350.0 3050.0 0.43018
2450.0 3050.0 0.50268
2550.0 3050.0 0.47459
2650.0 3050.0 0.37715
2750.0 3050.0 0.26958
2850.0 3050.0 0.21759
2950.0 3050.0 0.26073
3050.0 3050.0 0.37227
3150.0 3050.0 0.55053
3250.0 3050.0 0.81536
3350.0 3050.0 1.07597
3450.0 3050.0 1.22236
3550.0 3050.0 1.19360
3650.0 3050.0 1.00440
3750.0 3050.0 0.73002
3850.0 3050.0 0.44951
3950.0 3050.0 0.18334
4050.0 3050.0 -0.02630
4150.0 3050.0 -0.12402
4250.0 3050.0 -0.08897
4350.0 3050.0 0.04879
4450.0 3050.0 0.21509
4550.0 3050.0 0.32190
4650.0 3050.0 0.32083
4750.0 3050.0 0.26073
4850.0 3050.0 0.16327
4950.0 3050.0 0.04609
5050.0 3050.0 -0.03377
5150.0 3050.0 -0.02893
5250.0 3050.0 0.07117
5350.0 3050.0 0.23657
5450.0 3050.0 0.41664
5550.0 3050.0 0.58359
5650.0 3050.0 0.77159
5750.0 3050.0 0.96850
5850.0 3050.0 1.09514
5950.0 3050.0 1.08333
6050.0 3050.0 0.92191
6150.0 3050.0 0.66508
6250.0 3050.0 0.40303
6350.0 3050.0 0.19490
50.0 3150.0 -0.66648
150.0 3150.0 -0.58056
250.0 3150.0 -0.30382
350.0 3150.0 0.04740
450.0 3150.0 0.34272
550.0 3150.0 0.55659
650.0 3150.0 0.71860
750.0 3150.0 0.77132
850.0 3150.0 0.70121
950.0 3150.0 0.54404
1050.0 3150.0 0.36918
1150.0 3150.0 0.25506
1250.0 3150.0 0.25591
1350.0 3150.0 0.35966
1450.0 3150.0 0.45300
1550.0 3150.0 0.42976
1650.0 3150.0 0.28948
1750.0 3150.0 0.09645
1850.0 3150.0 -0.06499
1950.0 3150.0 -0.12497
2050.0 3150.0 -0.05271
2150.0 3150.0 0.12903
2250.0 3150.0 0.34149
2350.0 3150.0 0.49335
2450.0 3150.0 0.54026
2550.0 3150.0 0.48776
2650.0 3150.0 0.38033
2750.0 3150.0 0.28400
2850.0 3150.0 0.26241
2950.0 3150.0 0.34650
3050.0 3150.0 0.50074
3150.0 3150.0 0.71133
3250.0 3150.0 0.97916
3350.0 3150.0 1.20548
3450.0 3150.0 1.28657
3550.0 3150.0 1.17995
3650.0 3150.0 0.92457
3750.0 3150.0 0.61523
3850.0 3150.0 0.33107
3950.0 3150.0 0.06967
4050.0 3150.0 -0.13272
4150.0 3150.0 -0.22566
4250.0 3150.0 -0.19447
4350.0 3150.0 -0.07210
4450.0 3150.0 0.06944
4550.0 3150.0 0.14815
4650.0 3150.0 0.12154
4750.0 3150.0 0.03599
4850.0 3150.0 -0.10408
4950.0 3150.0 -0.27226
5050.0 3150.0 -0.38336
5150.0 3150.0 -0.36713
5250.0 3150.0 -0.20865
5350.0 3150.0 0.04648
5450.0 3150.0 0.32215
5550.0 3150.0 0.57694
5650.0 3150.0 0.84946
5750.0 3150.0 1.11272
5850.0 3150.0 1.26601
5950.0 3150.0 1.23163
6050.0 3150.0 1.00871
6150.0 3150.0 0.67893
6250.0 3150.0 0.36417
6350.0 3150.0 0.13597
50.0 3250.0 -0.78779
150.0 3250.0 -0.73548
250.0 3250.0 -0.47704
350.0 3250.0 -0.12555
450.0 3250.0 0.18498
550.0 3250.0 0.42034
650.0 3250.0 0.60274
750.0 3250.0 0.66910
850.0 3250.0 0.60064
950.0 3250.0 0.43184
1050.0 3250.0 0.23614
1150.0 3250.0 0.10017
1250.0 3250.0 0.08657
1350.0 3250.0 0.18544
1450.0 3250.0 0.27884
1550.0 3250.0 0.26657
1650.0 3250.0 0.15057
1750.0 3250.0 -0.00869
1850.0 3250.0 -0.13428
1950.0 3250.0 -0.16461
2050.0 3250.0 -0.07489
2150.0 3250.0 0.11178
2250.0 3250.0 0.32290
2350.0 3250.0 0.46203
2450.0 3250.0 0.48326
2550.0 3250.0 0.40091
2650.0 3250.0 0.27055
2750.0 3250.0 0.16603
2850.0 3250.0 0.15282
2950.0 3250.0 0.25758
3050.0 3250.0 0.43715
3150.0 3250.0 0.66896
3250.0 3250.0 0.94466
3350.0 3250.0 1.16059
3450.0 3250.0 1.21492
3550.0 3250.0 1.07343
3650.0 3250.0 0.78710
3750.0 3250.0 0.46109
3850.0 3250.0 0.17548
3950.0 3250.0 -0.08182
4050.0 3250.0 -0.27338
4150.0 3250.0 -0.35068
4250.0 3250.0 -0.30480
4350.0 3250.0 -0.17405
4450.0 3250.0 -0.03305
4550.0 3250.0 0.03717
4650.0 3250.0 -0.00232
4750.0 3250.0 -0.10374
4850.0 3250.0 -0.27660
4950.0 3250.0 -0.49315
5050.0 3250.0 -0.64945
5150.0 3250.0 -0.65610
5250.0 3250.0 -0.48898
5350.0 3250.0 -0.19769
5450.0 3250.0 0.12820
5550.0 3250.0 0.43508
5650.0 3250.0 0.76152
5750.0 3250.0 1.07570
5850.0 3250.0 1.26391
5950.0 3250.0 1.23917
6050.0 3250.0 1.00167
6150.0 3250.0 0.64479
6250.0 3250.0 0.30676
6350.0 3250.0 0.06806
50.0 3350.0 -1.02556
150.0 3350.0 -0.97902
250.0 3350.0 -0.72223
350.0 3350.0 -0.36806
450.0 3350.0 -0.05185
550.0 3350.0 0.19029
650.0 3350.0 0.38263
750.0 3350.0 0.46475
850.0 3350.0 0.41586
950.0 3350.0 0.26643
1050.0 3350.0 0.08607
1150.0 3350.0 -0.04072
1250.0 3350.0 -0.05108
1350.0 3350.0 0.04753
1450.0 3350.0 0.14052
1550.0 3350.0 0.12948
1650.0 3350.0 0.01678
1750.0 3350.0 -0.13758
1850.0 3350.0 -0.25778
1950.0 3350.0 -0.28354
2050.0 3350.0 -0.19106
2150.0 3350.0 -0.00360
2250.0 3350.0 0.20646
2350.0 3350.0 0.33509
2450.0 3350.0 0.33263
2550.0 3350.0 0.21792
2650.0 3350.0 0.05471
2750.0 3350.0 -0.07501
2850.0 3350.0 -0.10062
2950.0 3350.0 0.00465
3050.0 3350.0 0.19168
3150.0 3350.0 0.43453
3250.0 3350.0 0.72732
3350.0 3350.0 0.96457
3450.0 3350.0 1.04036
3550.0 3350.0 0.91650
3650.0 3350.0 0.64155
3750.0 3350.0 0.32070
3850.0 3350.0 0.03642
3950.0 3350.0 -0.21754
4050.0 3350.0 -0.39484
4150.0 3350.0 -0.44589
4250.0 3350.0 -0.36690
4350.0 3350.0 -0.20405
4450.0 3350.0 -0.03923
4550.0 3350.0 0.04238
4650.0 3350.0 0.00294
4750.0 3350.0 -0.10441
4850.0 3350.0 -0.29992
4950.0 3350.0 -0.56210
5050.0 3350.0 -0.77793
5150.0 3350.0 -0.84277
5250.0 3350.0 -0.71830
5350.0 3350.0 -0.44610
5450.0 3350.0 -0.11682
5550.0 3350.0 0.20517
5650.0 3350.0 0.55308
5750.0 3350.0 0.89936
5850.0 3350.0 1.12609
5950.0 3350.0 1.13827
6050.0 3350.0 0.92891
6150.0 3350.0 0.58798
6250.0 3350.0 0.25494
6350.0 3350.0 0.01521
50.0 3450.0 -1.29929
150.0 3450.0 -1.24691
250.0 3450.0 -0.98602
350.0 3450.0 -0.63003
450.0 3450.0 -0.31397
550.0 3450.0 -0.07269
650.0 3450.0 0.12453
750.0 3450.0 0.22440
850.0 3450.0 0.20554
950.0 3450.0 0.09246
1050.0 3450.0 -0.05349
1150.0 3450.0 -0.15539
1250.0 3450.0 -0.15426
1350.0 3450.0 -0.05466
1450.0 3450.0 0.03655
1550.0 3450.0 0.02084
1650.0 3450.0 -0.09986
1750.0 3450.0 -0.26440
1850.0 3450.0 -0.39495
1950.0 3450.0 -0.42918
2050.0 3450.0 -0.34195
2150.0 3450.0 -0.15658
2250.0 3450.0 0.05162
2350.0 3450.0 0.16991
2450.0 3450.0 0.14416
2550.0 3450.0 -0.00400
2650.0 3450.0 -0.20387
2750.0 3450.0 -0.36540
2850.0 3450.0 -0.41169
2950.0 3450.0 -0.31426
3050.0 3450.0 -0.12742
3150.0 3450.0 0.12212
3250.0 3450.0 0.43610
3350.0 3450.0 0.70863
3450.0 3450.0 0.82716
3550.0 3450.0 0.74413
3650.0 3450.0 0.49943
3750.0 3450.0 0.19366
3850.0 3450.0 -0.08775
3950.0 3450.0 -0.33823
4050.0 3450.0 -0.49882
4150.0 3450.0 -0.51734
4250.0 3450.0 -0.39513
4350.0 3450.0 -0.18760
4450.0 3450.0 0.01361
4550.0 3450.0 0.11663
4650.0 3450.0 0.08364
4750.0 3450.0 -0.02486
4850.0 3450.0 -0.23843
4950.0 3450.0 -0.54559
5050.0 3450.0 -0.82876
5150.0 3450.0 -0.96960
5250.0 3450.0 -0.91296
5350.0 3450.0 -0.68649
5450.0 3450.0 -0.37606
5550.0 3450.0 -0.05621
5650.0 3450.0 0.29779
5750.0 3450.0 0.66662
5850.0 3450.0 0.93241
5950.0 3450.0 0.99296
6050.0 3450.0 0.83064
6150.0 3450.0 0.52516
6250.0 3450.0 0.21028
6350.0 3450.0 -0.02572
50.0 3550.0 -1.44581
150.0 3550.0 -1.42008
250.0 3550.0 -1.19683
350.0 3550.0 -0.87815
450.0 3550.0 -0.58907
550.0 3550.0 -0.36511
650.0 3550.0 -0.17232
750.0 3550.0 -0.04964
850.0 3550.0 -0.01906
950.0 3550.0 -0.06807
1050.0 3550.0 -0.15281
1150.0 3550.0 -0.21291
1250.0 3550.0 -0.19834
1350.0 3550.0 -0.10805
1450.0 3550.0 -0.02968
1550.0 3550.0 -0.05435
1650.0 3550.0 -0.17913
1750.0 3550.0 -0.34404
1850.0 3550.0 -0.47387
1950.0 3550.0 -0.50934
2050.0 3550.0 -0.42766
2150.0 3550.0 -0.25246
2250.0 3550.0 -0.05730
2350.0 3550.0 0.03893
2450.0 3550.0 -0.02051
2550.0 3550.0 -0.20863
2650.0 3550.0 -0.44655
2750.0 3550.0 -0.63708
2850.0 3550.0 -0.69979
2950.0 3550.0 -0.60751
3050.0 3550.0 -0.42034
3150.0 3550.0 -0.16753
3250.0 3550.0 0.15614
3350.0 3550.0 0.44542
3450.0 3550.0 0.58551
3550.0 3550.0 0.52478
3650.0 3550.0 0.29861
3750.0 3550.0 0.00461
3850.0 3550.0 -0.27105
3950.0 3550.0 -0.51283
4050.0 3550.0 -0.64641
4150.0 3550.0 -0.61557
4250.0 3550.0 -0.42830
4350.0 3550.0 -0.15267
4450.0 3550.0 0.10583
4550.0 3550.0 0.24548
4650.0 3550.0 0.22795
4750.0 3550.0 0.12473
4850.0 3550.0 -0.10201
4950.0 3550.0 -0.45537
5050.0 3550.0 -0.81731
5150.0 3550.0 -1.05634
5250.0 3550.0 -1.09649
5350.0 3550.0 -0.94447
5450.0 3550.0 -0.67499
5550.0 3550.0 -0.37317
5650.0 3550.0 -0.02776
5750.0 3550.0 0.35316
5850.0 3550.0 0.65666
5950.0 3550.0 0.77550
6050.0 3550.0 0.67897
6150.0 3550.0 0.43027
6250.0 3550.0 0.15013
6350.0 3550.0 -0.07305
50.0 3650.0 -1.34785
150.0 3650.0 -1.38944
250.0 3650.0 -1.26183
350.0 3650.0 -1.03824
450.0 3650.0 -0.81810
550.0 3650.0 -0.63890
650.0 3650.0 -0.46861
750.0 3650.0 -0.32265
850.0 3650.0 -0.22333
950.0 3650.0 -0.17791
1050.0 3650.0 -0.17186
1150.0 3650.0 -0.17314
1250.0 3650.0 -0.14752
1350.0 3650.0 -0.08490
1450.0 3650.0 -0.03790
1550.0 3650.0 -0.07789
1650.0 3650.0 -0.19827
1750.0 3650.0 -0.34455
1850.0 3650.0 -0.45242
1950.0 3650.0 -0.47486
2050.0 3650.0 -0.39808
2150.0 3650.0 -0.24635
2250.0 3650.0 -0.08291
2350.0 3650.0 -0.02577
2450.0 3650.0 -0.12981
2550.0 3650.0 -0.35904
2650.0 3650.0 -0.62621
2750.0 3650.0 -0.83103
2850.0 3650.0 -0.89623
2950.0 3650.0 -0.80169
3050.0 3650.0 -0.61277
3150.0 3650.0 -0.36214
3250.0 3650.0 -0.04800
3350.0 3650.0 0.22682
3450.0 3650.0 0.35262
3550.0 3650.0 0.28264
3650.0 3650.0 0.05501
3750.0 3650.0 -0.23292
3850.0 3650.0 -0.49798
3950.0 3650.0 -0.72390
4050.0 3650.0 -0.82192
4150.0 3650.0 -0.73078
4250.0 3650.0 -0.46490
4350.0 3650.0 -0.10584
4450.0 3650.0 0.22551
4550.0 3650.0 0.41586
4650.0 3650.0 0.42556
4750.0 3650.0 0.33889
4850.0 3650.0 0.11431
4950.0 3650.0 -0.26962
5050.0 3650.0 -0.70311
5150.0 3650.0 -1.04770
5250.0 3650.0 -1.20651
5350.0 3650.0 -1.15899
5450.0 3650.0 -0.96004
5550.0 3650.0 -0.70186
5650.0 3650.0 -0.39147
5750.0 3650.0 -0.02312
5850.0 3650.0 0.30337
5950.0 3650.0 0.48160
6050.0 3650.0 0.46724
6150.0 3650.0 0.29968
6250.0 3650.0 0.07641
6350.0 3650.0 -0.11976
50.0 3750.0 -1.00361
150.0 3750.0 -1.12543
250.0 3750.0 -1.12374
350.0 3750.0 -1.03184
450.0 3750.0 -0.91146
550.0 3750.0 -0.79997
650.0 3750.0 -0.67112
750.0 3750.0 -0.51292
850.0 3750.0 -0.34749
950.0 3750.0 -0.20471
1050.0 3750.0 -0.10444
1150.0 3750.0 -0.04829
1250.0 3750.0 -0.02126
1350.0 3750.0 -0.00306
1450.0 3750.0 -0.00291
1550.0 3750.0 -0.06264
1650.0 3750.0 -0.16968
1750.0 3750.0 -0.27887
1850.0 3750.0 -0.34438
1950.0 3750.0 -0.33976
2050.0 3750.0 -0.26619
2150.0 3750.0 -0.14886
2250.0 3750.0 -0.03253
2350.0 3750.0 -0.02484
2450.0 3750.0 -0.17302
2550.0 3750.0 -0.43007
2650.0 3750.0 -0.70324
2750.0 3750.0 -0.89599
2850.0 3750.0 -0.94271
2950.0 3750.0 -0.83608
3050.0 3750.0 -0.64393
3150.0 3750.0 -0.39988
3250.0 3750.0 -0.11080
3350.0 3750.0 0.12436
3450.0 3750.0 0.20700
3550.0 3750.0 0.10247
3650.0 3750.0 -0.14253
3750.0 3750.0 -0.42869
3850.0 3750.0 -0.67898
3950.0 3750.0 -0.88539
4050.0 3750.0 -0.95329
4150.0 3750.0 -0.81747
4250.0 3750.0 -0.49467
4350.0 3750.0 -0.07346
4450.0 3750.0 0.31609
4550.0 3750.0 0.55280
4650.0 3750.0 0.59501
4750.0 3750.0 0.53526
4850.0 3750.0 0.33620
4950.0 3750.0 -0.03959
5050.0 3750.0 -0.50069
5150.0 3750.0 -0.91467
5250.0 3750.0 -1.17308
5350.0 3750.0 -1.23043
5450.0 3750.0 -1.11699
5550.0 3750.0 -0.92334
5650.0 3750.0 -0.67344
5750.0 3750.0 -0.34913
5850.0 3750.0 -0.03004
5950.0 3750.0 0.18658
6050.0 3750.0 0.24715
6150.0 3750.0 0.16565
6250.0 3750.0 0.01006
6350.0 3750.0 -0.14850
50.0 3850.0 -0.50804
150.0 3850.0 -0.68719
250.0 3850.0 -0.79907
350.0 3850.0 -0.83761
450.0 3850.0 -0.82332
550.0 3850.0 -0.78852
650.0 3850.0 -0.71351
750.0 3850.0 -0.56256
850.0 3850.0 -0.35686
950.0 3850.0 -0.14537
1050.0 3850.0 0.02226
1150.0 3850.0 0.11463
1250.0 3850.0 0.12918
1350.0 3850.0 0.09459
1450.0 3850.0 0.04190
1550.0 3850.0 -0.03815
1650.0 3850.0 -0.12585
1750.0 3850.0 -0.18739
1850.0 3850.0 -0.19910
1950.0 3850.0 -0.15919
2050.0 3850.0 -0.08666
2150.0 3850.0 -0.00773
2250.0 3850.0 0.05581
2350.0 3850.0 0.01519
2450.0 3850.0 -0.16426
2550.0 3850.0 -0.42514
2650.0 3850.0 -0.67416
2750.0 3850.0 -0.82597
2850.0 3850.0 -0.83373
2950.0 3850.0 -0.70633
3050.0 3850.0 -0.51000
3150.0 3850.0 -0.27401
3250.0 3850.0 -0.01534
3350.0 3850.0 0.17153
3450.0 3850.0 0.20122
3550.0 3850.0 0.05373
3650.0 3850.0 -0.21374
3750.0 3850.0 -0.49923
3850.0 3850.0 -0.73295
3950.0 3850.0 -0.92156
4050.0 3850.0 -0.97811
4150.0 3850.0 -0.83651
4250.0 3850.0 -0.50893
4350.0 3850.0 -0.07901
4450.0 3850.0 0.32638
4550.0 3850.0 0.58644
4650.0 3850.0 0.65717
4750.0 3850.0 0.62965
4850.0 3850.0 0.47918
4950.0 3850.0 0.16054
5050.0 3850.0 -0.26089
5150.0 3850.0 -0.67411
5250.0 3850.0 -0.97522
5350.0 3850.0 -1.10478
5450.0 3850.0 -1.06978
5550.0 3850.0 -0.94811
5650.0 3850.0 -0.77311
5750.0 3850.0 -0.51944
5850.0 3850.0 -0.24355
5950.0 3850.0 -0.02573
6050.0 3850.0 0.07925
6150.0 3850.0 0.06522
6250.0 3850.0 -0.02858
6350.0 3850.0 -0.14715
50.0 3950.0 -0.01527
150.0 3950.0 -0.20370
250.0 3950.0 -0.38080
350.0 3950.0 -0.51248
450.0 3950.0 -0.58437
550.0 3950.0 -0.61806
650.0 3950.0 -0.59789
750.0 3950.0 -0.47376
850.0 3950.0 -0.26537
950.0 3950.0 -0.03244
1050.0 3950.0 0.15753
1150.0 3950.0 0.25452
1250.0 3950.0 0.24437
1350.0 3950.0 0.16014
1450.0 3950.0 0.06023
1550.0 3950.0 -0.03673
1650.0 3950.0 -0.10446
1750.0 3950.0 -0.11974
1850.0 3950.0 -0.07960
1950.0 3950.0 -0.00512
2050.0 3950.0 0.06810
2150.0 3950.0 0.11298
2250.0 3950.0 0.12976
2350.0 3950.0 0.05255
2450.0 3950.0 -0.13862
2550.0 3950.0 -0.37889
2650.0 3950.0 -0.57945
2750.0 3950.0 -0.67094
2850.0 3950.0 -0.62814
2950.0 3950.0 -0.47602
3050.0 3950.0 -0.27545
3150.0 3950.0 -0.04560
3250.0 3950.0 0.18935
3350.0 3950.0 0.33888
3450.0 3950.0 0.32832
3550.0 3950.0 0.14920
3650.0 3950.0 -0.13331
3750.0 3950.0 -0.41567
3850.0 3950.0 -0.63405
3950.0 3950.0 -0.81102
4050.0 3950.0 -0.88012
4150.0 3950.0 -0.77803
4250.0 3950.0 -0.50572
4350.0 3950.0 -0.12951
4450.0 3950.0 0.24012
4550.0 3950.0 0.49199
4650.0 3950.0 0.57997
4750.0 3950.0 0.58291
4850.0 3950.0 0.49429
4950.0 3950.0 0.27151
5050.0 3950.0 -0.04820
5150.0 3950.0 -0.38668
5250.0 3950.0 -0.66057
5350.0 3950.0 -0.81128
5450.0 3950.0 -0.82931
5550.0 3950.0 -0.77100
5650.0 3950.0 -0.66868
5750.0 3950.0 -0.49657
5850.0 3950.0 -0.29008
5950.0 3950.0 -0.10856
6050.0 3950.0 0.00041
6150.0 3950.0 0.02030
6250.0 3950.0 -0.03136
6350.0 3950.0 -0.11642
50.0 4050.0 0.31669
150.0 4050.0 0.17221
250.0 4050.0 -0.00538
350.0 4050.0 -0.17181
450.0 4050.0 -0.29145
550.0 4050.0 -0.37120
650.0 4050.0 -0.39464
750.0 4050.0 -0.30854
850.0 4050.0 -0.13096
950.0 4050.0 0.07731
1050.0 4050.0 0.24529
1150.0 4050.0 0.31824
1250.0 4050.0 0.27811
1350.0 4050.0 0.15796
1450.0 4050.0 0.02603
1550.0 4050.0 -0.08180
1650.0 4050.0 -0.13472
1750.0 4050.0 -0.11691
1850.0 4050.0 -0.03982
1950.0 4050.0 0.05951
2050.0 4050.0 0.13397
2150.0 4050.0 0.15588
2250.0 4050.0 0.14141
2350.0 4050.0 0.04526
2450.0 4050.0 -0.13965
2550.0 4050.0 -0.34496
2650.0 4050.0 -0.48924
2750.0 4050.0 -0.51919
2850.0 4050.0 -0.42847
2950.0 4050.0 -0.25426
3050.0 4050.0 -0.05034
3150.0 4050.0 0.17800
3250.0 4050.0 0.40549
3350.0 4050.0 0.54408
3450.0 4050.0 0.52368
3550.0 4050.0 0.33979
3650.0 4050.0 0.05942
3750.0 4050.0 -0.21472
3850.0 4050.0 -0.42163
3950.0 4050.0 -0.59504
4050.0 4050.0 -0.69556
4150.0 4050.0 -0.66535
4250.0 4050.0 -0.49055
4350.0 4050.0 -0.21280
4450.0 4050.0 0.08221
4550.0 4050.0 0.29917
4650.0 4050.0 0.39046
4750.0 4050.0 0.41553
4850.0 4050.0 0.38616
4950.0 4050.0 0.27063
5050.0 4050.0 0.08248
5150.0 4050.0 -0.13529
5250.0 4050.0 -0.32879
5350.0 4050.0 -0.45263
5450.0 4050.0 -0.49028
5550.0 4050.0 -0.47383
5650.0 4050.0 -0.42577
5750.0 4050.0 -0.32523
5850.0 4050.0 -0.19315
5950.0 4050.0 -0.06951
6050.0 4050.0 0.01029
6150.0 4050.0 0.02953
6250.0 4050.0 -0.00531
6350.0 4050.0 -0.06972
50.0 4150.0 0.39889
150.0 4150.0 0.33728
250.0 4150.0 0.21577
350.0 4150.0 0.07158
450.0 4150.0 -0.05402
550.0 4150.0 -0.15227
650.0 4150.0 -0.20076
750.0 4150.0 -0.15210
850.0 4150.0 -0.02296
950.0 4150.0 0.13225
1050.0 4150.0 0.25052
1150.0 4150.0 0.28378
1250.0 4150.0 0.21680
1350.0 4150.0 0.07932
1450.0 4150.0 -0.06598
1550.0 4150.0 -0.17840
1650.0 4150.0 -0.22520
1750.0 4150.0 -0.19365
1850.0 4150.0 -0.10121
1950.0 4150.0 0.00843
2050.0 4150.0 0.08337
2150.0 4150.0 0.09567
2250.0 4150.0 0.06871
2350.0 4150.0 -0.02963
2450.0 4150.0 -0.19821
2550.0 4150.0 -0.36876
2650.0 4150.0 -0.46712
2750.0 4150.0 -0.45164
2850.0 4150.0 -0.32789
2950.0 4150.0 -0.13937
3050.0 4150.0 0.06643
3150.0 4150.0 0.29873
3250.0 4150.0 0.53803
3350.0 4150.0 0.69698
3450.0 4150.0 0.70269
3550.0 4150.0 0.54564
3650.0 4150.0 0.28743
3750.0 4150.0 0.02719
3850.0 4150.0 -0.17312
3950.0 4150.0 -0.34996
4050.0 4150.0 -0.48931
4150.0 4150.0 -0.53964
4250.0 4150.0 -0.47285
4350.0 4150.0 -0.30576
4450.0 4150.0 -0.09838
4550.0 4150.0 0.07103
4650.0 4150.0 0.15423
4750.0 4150.0 0.19001
4850.0 4150.0 0.20351
4950.0 4150.0 0.17707
5050.0 4150.0 0.10963
5150.0 4150.0 0.01598
5250.0 4150.0 -0.07866
5350.0 4150.0 -0.14775
5450.0 4150.0 -0.17622
5550.0 4150.0 -0.17593
5650.0 4150.0 -0.15524
5750.0 4150.0 -0.10045
5850.0 4150.0 -0.02626
5950.0 4150.0 0.04045
6050.0 4150.0 0.07660
6150.0 4150.0 0.07216
6250.0 4150.0 0.03261
6350.0 4150.0 -0.02528
50.0 4250.0 0.30045
150.0 4250.0 0.33679
250.0 4250.0 0.29926
350.0 4250.0 0.20853
450.0 4250.0 0.10191
550.0 4250.0 0.00298
650.0 4250.0 -0.05676
750.0 4250.0 -0.03964
850.0 4250.0 0.03873
950.0 4250.0 0.13334
1050.0 4250.0 0.19423
1150.0 4250.0 0.18522
1250.0 4250.0 0.09705
1350.0 4250.0 -0.04512
1450.0 4250.0 -0.19184
1550.0 4250.0 -0.30533
1650.0 4250.0 -0.35272
1750.0 4250.0 -0.32139
1850.0 4250.0 -0.22902
1950.0 4250.0 -0.11959
2050.0 4250.0 -0.04525
2150.0 4250.0 -0.03399
2250.0 4250.0 -0.06139
2350.0 4250.0 -0.15290
2450.0 4250.0 -0.30320
2550.0 4250.0 -0.44595
2650.0 4250.0 -0.51274
2750.0 4250.0 -0.46908
2850.0 4250.0 -0.32649
2950.0 4250.0 -0.13053
3050.0 4250.0 0.07603
3150.0 4250.0 0.31569
3250.0 4250.0 0.57897
3350.0 4250.0 0.77810
3450.0 4250.0 0.83265
3550.0 4250.0 0.72242
3650.0 4250.0 0.49896
3750.0 4250.0 0.25609
3850.0 4250.0 0.05913
3950.0 4250.0 -0.12454
4050.0 4250.0 -0.30147
4150.0 4250.0 -0.42603
4250.0 4250.0 -0.45813
4350.0 4250.0 -0.39312
4450.0 4250.0 -0.26843
4550.0 4250.0 -0.14691
4650.0 4250.0 -0.07692
4750.0 4250.0 -0.03823
4850.0 4250.0 0.00252
4950.0 4250.0 0.04125
5050.0 4250.0 0.06941
5150.0 4250.0 0.08183
5250.0 4250.0 0.08006
5350.0 4250.0 0.07182
5450.0 4250.0 0.06642
5550.0 4250.0 0.06685
5650.0 4250.0 0.07903
5750.0 4250.0 0.10971
5850.0 4250.0 0.14502
5950.0 4250.0 0.16560
6050.0 4250.0 0.15851
6150.0 4250.0 0.12276
6250.0 4250.0 0.06827
6350.0 4250.0 0.00842
50.0 4350.0 0.17989
150.0 4350.0 0.31950
250.0 4350.0 0.37503
350.0 4350.0 0.34791
450.0 4350.0 0.26868
550.0 4350.0 0.17547
650.0 4350.0 0.11101
750.0 4350.0 0.10342
850.0 4350.0 0.13737
950.0 4350.0 0.17660
1050.0 4350.0 0.18396
1150.0 4350.0 0.13554
1250.0 4350.0 0.02882
1350.0 4350.0 -0.11510
1450.0 4350.0 -0.26251
1550.0 4350.0 -0.38496
1650.0 4350.0 -0.44973
1750.0 4350.0 -0.43969
1850.0 4350.0 -0.36655
1950.0 4350.0 -0.26927
2050.0 4350.0 -0.19769
2150.0 4350.0 -0.18133
2250.0 4350.0 -0.20027
2350.0 4350.0 -0.27767
2450.0 4350.0 -0.40739
2550.0 4350.0 -0.52746
2650.0 4350.0 -0.57491
2750.0 4350.0 -0.51917
2850.0 4350.0 -0.37270
2950.0 4350.0 -0.17900
3050.0 4350.0 0.02316
3150.0 4350.0 0.26768
3250.0 4350.0 0.55767
3350.0 4350.0 0.80488
3450.0 4350.0 0.91913
3550.0 4350.0 0.86611
3650.0 4350.0 0.68413
3750.0 4350.0 0.45990
3850.0 4350.0 0.26307
3950.0 4350.0 0.06965
4050.0 4350.0 -0.14212
4150.0 4350.0 -0.33068
4250.0 4350.0 -0.44545
4350.0 4350.0 -0.46409
4450.0 4350.0 -0.40613
4550.0 4350.0 -0.32289
4650.0 4350.0 -0.26361
4750.0 4350.0 -0.22290
4850.0 4350.0 -0.15949
4950.0 4350.0 -0.06549
5050.0 4350.0 0.04483
5150.0 4350.0 0.14959
5250.0 4350.0 0.22996
5350.0 4350.0 0.27693
5450.0 4350.0 0.29418
5550.0 4350.0 0.29710
5650.0 4350.0 0.30105
5750.0 4350.0 0.30230
5850.0 4350.0 0.28791
5950.0 4350.0 0.24857
6050.0 4350.0 0.18512
6150.0 4350.0 0.10901
6250.0 4350.0 0.03641
6350.0 4350.0 -0.02375
50.0 4450.0 0.06547
150.0 4450.0 0.30150
250.0 4450.0 0.45175
350.0 4450.0 0.49677
450.0 4450.0 0.45645
550.0 4450.0 0.38058
650.0 4450.0 0.32518
750.0 4450.0 0.31053
850.0 4450.0 0.31972
950.0 4450.0 0.32210
1050.0 4450.0 0.29079
1150.0 4450.0 0.21311
1250.0 4450.0 0.09406
1350.0 4450.0 -0.04731
1450.0 4450.0 -0.19614
1550.0 4450.0 -0.34567
1650.0 4450.0 -0.46288
1750.0 4450.0 -0.51614
1850.0 4450.0 -0.49852
1950.0 4450.0 -0.43390
2050.0 4450.0 -0.36586
2150.0 4450.0 -0.32932
2250.0 4450.0 -0.31960
2350.0 4450.0 -0.36559
2450.0 4450.0 -0.46779
2550.0 4450.0 -0.57456
2650.0 4450.0 -0.62855
2750.0 4450.0 -0.59634
2850.0 4450.0 -0.48014
2950.0 4450.0 -0.31183
3050.0 4450.0 -0.12738
3150.0 4450.0 0.11274
3250.0 4450.0 0.42773
3350.0 4450.0 0.72930
3450.0 4450.0 0.91449
3550.0 4450.0 0.93005
3650.0 4450.0 0.79609
3750.0 4450.0 0.58906
3850.0 4450.0 0.38411
3950.0 4450.0 0.17444
4050.0 4450.0 -0.06410
4150.0 4450.0 -0.28911
4250.0 4450.0 -0.44316
4350.0 4450.0 -0.49597
4450.0 4450.0 -0.46143
4550.0 4450.0 -0.38940
4650.0 4450.0 -0.33231
4750.0 4450.0 -0.28980
4850.0 4450.0 -0.21291
4950.0 4450.0 -0.08646
5050.0 4450.0 0.07243
5150.0 4450.0 0.23256
5250.0 4450.0 0.36323
5350.0 4450.0 0.44532
5450.0 4450.0 0.47872
5550.0 4450.0 0.48565
5650.0 4450.0 0.47868
5750.0 4450.0 0.43690
5850.0 4450.0 0.35003
5950.0 4450.0 0.22500
6050.0 4450.0 0.08363
6150.0 4450.0 -0.04477
6250.0 4450.0 -0.13602
6350.0 4450.0 -0.18884
50.0 4550.0 -0.02530
150.0 4550.0 0.26885
250.0 4550.0 0.48816
350.0 4550.0 0.59615
450.0 4550.0 0.59968
550.0 4550.0 0.55255
650.0 4550.0 0.52144
750.0 4550.0 0.52144
850.0 4550.0 0.53205
950.0 4550.0 0.52388
1050.0 4550.0 0.47603
1150.0 4550.0 0.38456
1250.0 4550.0 0.26202
1350.0 4550.0 0.12797
1450.0 4550.0 -0.02174
1550.0 4550.0 -0.21030
1650.0 4550.0 -0.40314
1750.0 4550.0 -0.54594
1850.0 4550.0 -0.60383
1950.0 4550.0 -0.57908
2050.0 4550.0 -0.50748
2150.0 4550.0 -0.43322
2250.0 4550.0 -0.37420
2350.0 4550.0 -0.37064
2450.0 4550.0 -0.43697
2550.0 4550.0 -0.53815
2650.0 4550.0 -0.62298
2750.0 4550.0 -0.64872
2850.0 4550.0 -0.59638
2950.0 4550.0 -0.47656
3050.0 4550.0 -0.32341
3150.0 4550.0 -0.10003
3250.0 4550.0 0.22884
3350.0 4550.0 0.57539
3450.0 4550.0 0.82389
3550.0 4550.0 0.90143
3650.0 4550.0 0.80869
3750.0 4550.0 0.61081
3850.0 4550.0 0.38820
3950.0 4550.0 0.15635
4050.0 4550.0 -0.09708
4150.0 4550.0 -0.32331
4250.0 4550.0 -0.46288
4350.0 4550.0 -0.48957
4450.0 4550.0 -0.42627
4550.0 4550.0 -0.33322
4650.0 4550.0 -0.26828
4750.0 4550.0 -0.22453
4850.0 4550.0 -0.14730
4950.0 4550.0 -0.02100
5050.0 4550.0 0.13843
5150.0 4550.0 0.30075
5250.0 4550.0 0.43555
5350.0 4550.0 0.52314
5450.0 4550.0 0.56242
5550.0 4550.0 0.57468
5650.0 4550.0 0.55788
5750.0 4550.0 0.47209
5850.0 4550.0 0.31134
5950.0 4550.0 0.10099
6050.0 4550.0 -0.11469
6150.0 4550.0 -0.28848
6250.0 4550.0 -0.38941
6350.0 4550.0 -0.42538
50.0 4650.0 -0.08058
150.0 4650.0 0.21021
250.0 4650.0 0.44930
350.0 4650.0 0.59242
450.0 4650.0 0.63398
550.0 4650.0 0.62154
650.0 4650.0 0.62485
750.0 4650.0 0.65658
850.0 4650.0 0.69131
950.0 4650.0 0.69693
1050.0 4650.0 0.65403
1150.0 4650.0 0.56408
1250.0 4650.0 0.44621
1350.0 4650.0 0.32271
1450.0 4650.0 0.17410
1550.0 4650.0 -0.05209
1650.0 4650.0 -0.31784
1750.0 4650.0 -0.54412
1850.0 4650.0 -0.66735
1950.0 4650.0 -0.66922
2050.0 4650.0 -0.58004
2150.0 4650.0 -0.45532
2250.0 4650.0 -0.33516
2350.0 4650.0 -0.27107
2450.0 4650.0 -0.29518
2550.0 4650.0 -0.39280
2650.0 4650.0 -0.51963
2750.0 4650.0 -0.62059
2850.0 4650.0 -0.64967
2950.0 4650.0 -0.59088
3050.0 4650.0 -0.47680
3150.0 4650.0 -0.28083
3250.0 4650.0 0.04361
3350.0 4650.0 0.40986
3450.0 4650.0 0.69316
3550.0 4650.0 0.80583
3650.0 4650.0 0.73342
3750.0 4650.0 0.53171
3850.0 4650.0 0.28458
3950.0 4650.0 0.02808
4050.0 4650.0 -0.22886
4150.0 4650.0 -0.42715
4250.0 4650.0 -0.50957
4350.0 4650.0 -0.46332
4450.0 4650.0 -0.33143
4550.0 4650.0 -0.19309
4650.0 4650.0 -0.11290
4750.0 4650.0 -0.06862
4850.0 4650.0 -0.00336
4950.0 4650.0 0.09245
5050.0 4650.0 0.20755
5150.0 4650.0 0.32217
5250.0 4650.0 0.41742
5350.0 4650.0 0.48206
5450.0 4650.0 0.51674
5550.0 4650.0 0.53479
5650.0 4650.0 0.51364
5750.0 4650.0 0.39964
5850.0 4650.0 0.19183
5950.0 4650.0 -0.06986
6050.0 4650.0 -0.32537
6150.0 4650.0 -0.51649
6250.0 4650.0 -0.60990
6350.0 4650.0 -0.62141
50.0 4750.0 -0.10280
150.0 4750.0 0.12475
250.0 4750.0 0.33080
350.0 4750.0 0.47398
450.0 4750.0 0.53960
550.0 4750.0 0.56013
650.0 4750.0 0.59911
750.0 4750.0 0.66842
850.0 4750.0 0.73764
950.0 4750.0 0.76991
1050.0 4750.0 0.74436
1150.0 4750.0 0.66505
1250.0 4750.0 0.55615
1350.0 4750.0 0.44366
1450.0 4750.0 0.29871
1550.0 4750.0 0.04876
1650.0 4750.0 -0.26307
1750.0 4750.0 -0.53774
1850.0 4750.0 -0.69081
1950.0 4750.0 -0.69137
2050.0 4750.0 -0.56936
2150.0 4750.0 -0.39112
2250.0 4750.0 -0.21122
2350.0 4750.0 -0.08690
2450.0 4750.0 -0.06688
2550.0 4750.0 -0.15664
2650.0 4750.0 -0.31951
2750.0 4750.0 -0.48947
2850.0 4750.0 -0.59504
2950.0 4750.0 -0.59459
3050.0 4750.0 -0.51865
3150.0 4750.0 -0.35497
3250.0 4750.0 -0.05297
3350.0 4750.0 0.30217
3450.0 4750.0 0.58261
3550.0 4750.0 0.69446
3650.0 4750.0 0.61600
3750.0 4750.0 0.39783
3850.0 4750.0 0.12463
3950.0 4750.0 -0.15468
4050.0 4750.0 -0.40871
4150.0 4750.0 -0.56731
4250.0 4750.0 -0.57744
4350.0 4750.0 -0.44298
4450.0 4750.0 -0.23033
4550.0 4750.0 -0.03973
4650.0 4750.0 0.05767
4750.0 4750.0 0.10187
4850.0 4750.0 0.14851
4950.0 4750.0 0.19760
5050.0 4750.0 0.24425
5150.0 4750.0 0.28409
5250.0 4750.0 0.31574
5350.0 4750.0 0.34129
5450.0 4750.0 0.36481
5550.0 4750.0 0.38812
5650.0 4750.0 0.37021
5750.0 4750.0 0.25386
5850.0 4750.0 0.04273
5950.0 4750.0 -0.21702
6050.0 4750.0 -0.46142
6150.0 4750.0 -0.63226
6250.0 4750.0 -0.69975
6350.0 4750.0 -0.68405
50.0 4850.0 -0.10891
150.0 4850.0 0.02342
250.0 4850.0 0.16311
350.0 4850.0 0.27937
450.0 4850.0 0.35294
550.0 4850.0 0.39775
650.0 4850.0 0.46408
750.0 4850.0 0.56292
850.0 4850.0 0.66002
950.0 4850.0 0.71459
1050.0 4850.0 0.70420
1150.0 4850.0 0.63441
1250.0 4850.0 0.53302
1350.0 4850.0 0.42898
1450.0 4850.0 0.28973
1550.0 4850.0 0.03640
1650.0 4850.0 -0.28209
1750.0 4850.0 -0.55611
1850.0 4850.0 -0.69350
1950.0 4850.0 -0.66222
2050.0 4850.0 -0.49757
2150.0 4850.0 -0.27388
2250.0 4850.0 -0.04836
2350.0 4850.0 0.12463
2450.0 4850.0 0.18536
2550.0 4850.0 0.11227
2650.0 4850.0 -0.06598
2750.0 4850.0 -0.27771
2850.0 4850.0 -0.43431
2950.0 4850.0 -0.47536
3050.0 4850.0 -0.42821
3150.0 4850.0 -0.29371
3250.0 4850.0 -0.02404
3350.0 4850.0 0.29707
3450.0 4850.0 0.54433
3550.0 4850.0 0.62593
3650.0 4850.0 0.52105
3750.0 4850.0 0.27966
3850.0 4850.0 -0.01514
3950.0 4850.0 -0.31186
4050.0 4850.0 -0.56435
4150.0 4850.0 -0.69423
4250.0 4850.0 -0.65139
4350.0 4850.0 -0.45195
4450.0 4850.0 -0.17962
4550.0 4850.0 0.04969
4650.0 4850.0 0.15987
4750.0 4850.0 0.20377
4850.0 4850.0 0.23378
4950.0 4850.0 0.24128
5050.0 4850.0 0.22686
5150.0 4850.0 0.19973
5250.0 4850.0 0.17405
5350.0 4850.0 0.16389
5450.0 4850.0 0.17652
5550.0 4850.0 0.20375
5650.0 4850.0 0.19549
5750.0 4850.0 0.10152
5850.0 4850.0 -0.07127
5950.0 4850.0 -0.27965
6050.0 4850.0 -0.46767
6150.0 4850.0 -0.58745
6250.0 4850.0 -0.61744
6350.0 4850.0 -0.57790
50.0 4950.0 -0.12212
150.0 4950.0 -0.07672
250.0 4950.0 -0.00423
350.0 4950.0 0.07661
450.0 4950.0 0.14612
550.0 4950.0 0.20289
650.0 4950.0 0.28189
750.0 4950.0 0.39137
850.0 4950.0 0.49526
950.0 4950.0 0.55219
1050.0 4950.0 0.54094
1150.0 4950.0 0.46972
1250.0 4950.0 0.36914
1350.0 4950.0 0.26897
1450.0 4950.0 0.13617
1550.0 4950.0 -0.10153
1650.0 4950.0 -0.38982
1750.0 4950.0 -0.61909
1850.0 4950.0 -0.70279
1950.0 4950.0 -0.61832
2050.0 4950.0 -0.41047
2150.0 4950.0 -0.15741
2250.0 4950.0 0.09226
2350.0 4950.0 0.29552
2450.0 4950.0 0.38953
2550.0 4950.0 0.34304
2650.0 4950.0 0.17684
2750.0 4950.0 -0.03890
2850.0 4950.0 -0.21026
2950.0 4950.0 -0.26824
3050.0 4950.0 -0.23575
3150.0 4950.0 -0.12048
3250.0 4950.0 0.11897
3350.0 4950.0 0.39993
3450.0 4950.0 0.60267
3550.0 4950.0 0.64253
3650.0 4950.0 0.50472
3750.0 4950.0 0.24186
3850.0 4950.0 -0.06573
3950.0 4950.0 -0.37297
4050.0 4950.0 -0.63263
4150.0 4950.0 -0.76330
4250.0 4950.0 -0.71391
4350.0 4950.0 -0.50241
4450.0 4950.0 -0.21671
4550.0 4950.0 0.02241
4650.0 4950.0 0.13626
4750.0 4950.0 0.18013
4850.0 4950.0 0.20337
4950.0 4950.0 0.19384
5050.0 4950.0 0.15450
5150.0 4950.0 0.10019
5250.0 4950.0 0.05148
5350.0 4950.0 0.02726
5450.0 4950.0 0.03602
5550.0 4950.0 0.06558
5650.0 4950.0 0.06969
5750.0 4950.0 0.01212
5850.0 4950.0 -0.09882
5950.0 4950.0 -0.22932
6050.0 4950.0 -0.33887
6150.0 4950.0 -0.39556
6250.0 4950.0 -0.38779
6350.0 4950.0 -0.33259
50.0 5050.0 -0.15526
150.0 5050.0 -0.16472
250.0 5050.0 -0.13837
350.0 5050.0 -0.08595
450.0 5050.0 -0.02537
550.0 5050.0 0.03316
650.0 5050.0 0.11133
750.0 5050.0 0.21233
850.0 5050.0 0.30007
950.0 5050.0 0.33640
1050.0 5050.0 0.30501
1150.0 5050.0 0.21890
1250.0 5050.0 0.11142
1350.0 5050.0 0.01088
1450.0 5050.0 -0.11587
1550.0 5050.0 -0.32683
1650.0 5050.0 -0.56340
1750.0 5050.0 -0.72341
1850.0 5050.0 -0.73446
1950.0 5050.0 -0.58945
2050.0 5050.0 -0.34421
2150.0 5050.0 -0.07729
2250.0 5050.0 0.17813
2350.0 5050.0 0.39551
2450.0 5050.0 0.51544
2550.0 5050.0 0.50254
2650.0 5050.0 0.37019
2750.0 5050.0 0.18129
2850.0 5050.0 0.02519
2950.0 5050.0 -0.02907
3050.0 5050.0 0.00090
3150.0 5050.0 0.10774
3250.0 5050.0 0.32628
3350.0 5050.0 0.57437
3450.0 5050.0 0.73813
3550.0 5050.0 0.74094
3650.0 5050.0 0.57536
3750.0 5050.0 0.29778
3850.0 5050.0 -0.01417
3950.0 5050.0 -0.32660
4050.0 5050.0 -0.60377
4150.0 5050.0 -0.76620
4250.0 5050.0 -0.75756
4350.0 5050.0 -0.58712
4450.0 5050.0 -0.33405
4550.0 5050.0 -0.11357
4650.0 5050.0 -0.00491
4750.0 5050.0 0.03940
4850.0 5050.0 0.06734
4950.0 5050.0 0.06922
5050.0 5050.0 0.04690
5150.0 5050.0 0.01182
5250.0 5050.0 -0.01966
5350.0 5050.0 -0.03213
5450.0 5050.0 -0.01832
5550.0 5050.0 0.01237
5650.0 5050.0 0.02814
5750.0 5050.0 0.00870
5850.0 5050.0 -0.03769
5950.0 5050.0 -0.08886
6050.0 5050.0 -0.12146
6150.0 5050.0 -0.11992
6250.0 5050.0 -0.08178
6350.0 5050.0 -0.01930
50.0 5150.0 -0.19231
150.0 5150.0 -0.24375
250.0 5150.0 -0.25631
350.0 5150.0 -0.23151
450.0 5150.0 -0.18396
550.0 5150.0 -0.12971
650.0 5150.0 -0.05838
750.0 5150.0 0.02899
850.0 5150.0 0.09730
950.0 5150.0 0.11206
1050.0 5150.0 0.06133
1150.0 5150.0 -0.03839
1250.0 5150.0 -0.15246
1350.0 5150.0 -0.25454
1450.0 5150.0 -0.37627
1550.0 5150.0 -0.55976
1650.0 5150.0 -0.74251
1750.0 5150.0 -0.83111
1850.0 5150.0 -0.76867
1950.0 5150.0 -0.56434
2050.0 5150.0 -0.28494
2150.0 5150.0 -0.00864
2250.0 5150.0 0.24788
2350.0 5150.0 0.47652
2450.0 5150.0 0.62305
2550.0 5150.0 0.64827
2650.0 5150.0 0.55702
2750.0 5150.0 0.40268
2850.0 5150.0 0.26753
2950.0 5150.0 0.21907
3050.0 5150.0 0.24606
3150.0 5150.0 0.34373
3250.0 5150.0 0.54136
3350.0 5150.0 0.75874
3450.0 5150.0 0.88860
3550.0 5150.0 0.86200
3650.0 5150.0 0.67735
3750.0 5150.0 0.39288
3850.0 5150.0 0.08271
3950.0 5150.0 -0.23033
4050.0 5150.0 -0.52585
4150.0 5150.0 -0.72898
4250.0 5150.0 -0.77764
4350.0 5150.0 -0.66897
4450.0 5150.0 -0.46821
4550.0 5150.0 -0.28010
4650.0 5150.0 -0.18260
4750.0 5150.0 -0.13997
4850.0 5150.0 -0.10536
4950.0 5150.0 -0.08279
5050.0 5150.0 -0.07154
5150.0 5150.0 -0.06643
5250.0 5150.0 -0.05990
5350.0 5150.0 -0.04471
5450.0 5150.0 -0.01738
5550.0 5150.0 0.01784
5650.0 5150.0 0.04753
5750.0 5150.0 0.06642
5850.0 5150.0 0.08187
5950.0 5150.0 0.10461
6050.0 5150.0 0.14214
6150.0 5150.0 0.19559
6250.0 5150.0 0.26003
6350.0 5150.0 0.32816
50.0 5250.0 -0.20226
150.0 5250.0 -0.28585
250.0 5250.0 -0.34035
350.0 5250.0 -0.35669
450.0 5250.0 -0.34029
550.0 5250.0 -0.30837
650.0 5250.0 -0.25703
750.0 5250.0 -0.18359
850.0 5250.0 -0.11938
950.0 5250.0 -0.09852
1050.0 5250.0 -0.13663
1150.0 5250.0 -0.22383
1250.0 5250.0 -0.33195
1350.0 5250.0 -0.43598
1450.0 5250.0 -0.55702
1550.0 5250.0 -0.72177
1650.0 5250.0 -0.86411
1750.0 5250.0 -0.89721
1850.0 5250.0 -0.77653
1950.0 5250.0 -0.52465
2050.0 5250.0 -0.21789
2150.0 5250.0 0.06535
2250.0 5250.0 0.32282
2350.0 5250.0 0.56826
2450.0 5250.0 0.75258
2550.0 5250.0 0.82747
2650.0 5250.0 0.78336
2750.0 5250.0 0.66071
2850.0 5250.0 0.53507
2950.0 5250.0 0.47570
3050.0 5250.0 0.48154
3150.0 5250.0 0.55066
3250.0 5250.0 0.71024
3350.0 5250.0 0.89007
3450.0 5250.0 0.99497
3550.0 5250.0 0.96269
3650.0 5250.0 0.78997
3750.0 5250.0 0.52677
3850.0 5250.0 0.23853
3950.0 5250.0 -0.05731
4050.0 5250.0 -0.35617
4150.0 5250.0 -0.59441
4250.0 5250.0 -0.70891
4350.0 5250.0 -0.68400
4450.0 5250.0 -0.56450
4550.0 5250.0 -0.43511
4650.0 5250.0 -0.36596
4750.0 5250.0 -0.33698
4850.0 5250.0 -0.30541
4950.0 5250.0 -0.26329
5050.0 5250.0 -0.20537
5150.0 5250.0 -0.13211
5250.0 5250.0 -0.05035
5350.0 5250.0 0.02919
5450.0 5250.0 0.09753
5550.0 5250.0 0.15597
5650.0 5250.0 0.21359
5750.0 5250.0 0.27414
5850.0 5250.0 0.34158
5950.0 5250.0 0.41783
6050.0 5250.0 0.50128
6150.0 5250.0 0.58711
6250.0 5250.0 0.66966
6350.0 5250.0 0.74656
50.0 5350.0 -0.15239
150.0 5350.0 -0.24748
250.0 5350.0 -0.34075
350.0 5350.0 -0.41085
450.0 5350.0 -0.44693
550.0 5350.0 -0.46026
650.0 5350.0 -0.44616
750.0 5350.0 -0.38873
850.0 5350.0 -0.31192
950.0 5350.0 -0.25306
1050.0 5350.0 -0.24101
1150.0 5350.0 -0.28474
1250.0 5350.0 -0.37206
1350.0 5350.0 -0.47875
1450.0 5350.0 -0.60549
1550.0 5350.0 -0.76700
1650.0 5350.0 -0.89446
1750.0 5350.0 -0.90346
1850.0 5350.0 -0.75542
1950.0 5350.0 -0.48024
2050.0 5350.0 -0.16010
2150.0 5350.0 0.12553
2250.0 5350.0 0.38349
2350.0 5350.0 0.65028
2450.0 5350.0 0.88072
2550.0 5350.0 1.01128
2650.0 5350.0 1.01226
2750.0 5350.0 0.90912
2850.0 5350.0 0.77275
2950.0 5350.0 0.67900
3050.0 5350.0 0.64038
3150.0 5350.0 0.65663
3250.0 5350.0 0.75758
3350.0 5350.0 0.89325
3450.0 5350.0 0.98711
3550.0 5350.0 0.98177
3650.0 5350.0 0.86230
3750.0 5350.0 0.65713
3850.0 5350.0 0.41662
3950.0 5350.0 0.16234
4050.0 5350.0 -0.11227
4150.0 5350.0 -0.36178
4250.0 5350.0 -0.53079
4350.0 5350.0 -0.59469
4450.0 5350.0 -0.57467
4550.0 5350.0 -0.52670
4650.0 5350.0 -0.50468
4750.0 5350.0 -0.50509
4850.0 5350.0 -0.49503
4950.0 5350.0 -0.44974
5050.0 5350.0 -0.35062
5150.0 5350.0 -0.19845
5250.0 5350.0 -0.01607
5350.0 5350.0 0.15993
5450.0 5350.0 0.29842
5550.0 5350.0 0.40337
5650.0 5350.0 0.50469
5750.0 5350.0 0.60418
5850.0 5350.0 0.69925
5950.0 5350.0 0.78860
6050.0 5350.0 0.87324
6150.0 5350.0 0.95626
6250.0 5350.0 1.04133
6350.0 5350.0 1.13002
50.0 5450.0 -0.02681
150.0 5450.0 -0.10814
250.0 5450.0 -0.22866
350.0 5450.0 -0.35548
450.0 5450.0 -0.45694
550.0 5450.0 -0.53169
650.0 5450.0 -0.56784
750.0 5450.0 -0.53013
850.0 5450.0 -0.43249
950.0 5450.0 -0.31733
1050.0 5450.0 -0.23260
1150.0 5450.0 -0.21387
1250.0 5450.0 -0.27129
1350.0 5450.0 -0.38138
1450.0 5450.0 -0.51954
1550.0 5450.0 -0.69455
1650.0 5450.0 -0.83636
1750.0 5450.0 -0.85820
1850.0 5450.0 -0.71974
1950.0 5450.0 -0.45056
2050.0 5450.0 -0.13394
2150.0 5450.0 0.14890
2250.0 5450.0 0.40669
2350.0 5450.0 0.69481
2450.0 5450.0 0.96954
2550.0 5450.0 1.14859
2650.0 5450.0 1.18052
2750.0 5450.0 1.07703
2850.0 5450.0 0.90816
2950.0 5450.0 0.76041
3050.0 5450.0 0.66053
3150.0 5450.0 0.60709
3250.0 5450.0 0.63640
3350.0 5450.0 0.72594
3450.0 5450.0 0.82199
3550.0 5450.0 0.87000
3650.0 5450.0 0.83551
3750.0 5450.0 0.71572
3850.0 5450.0 0.54153
3950.0 5450.0 0.34823
4050.0 5450.0 0.12866
4150.0 5450.0 -0.09334
4250.0 5450.0 -0.27970
4350.0 5450.0 -0.40596
4450.0 5450.0 -0.47399
4550.0 5450.0 -0.50937
4650.0 5450.0 -0.54375
4750.0 5450.0 -0.58541
4850.0 5450.0 -0.61800
4950.0 5450.0 -0.60075
5050.0 5450.0 -0.49334
5150.0 5450.0 -0.28710
5250.0 5450.0 -0.01479
5350.0 5450.0 0.26131
5450.0 5450.0 0.48305
5550.0 5450.0 0.65042
5650.0 5450.0 0.80395
5750.0 5450.0 0.93131
5850.0 5450.0 1.02122
5950.0 5450.0 1.07602
6050.0 5450.0 1.11188
6150.0 5450.0 1.15351
6250.0 5450.0 1.22327
6350.0 5450.0 1.32468
50.0 5550.0 0.16165
150.0 5550.0 0.11442
250.0 5550.0 -0.01780
350.0 5550.0 -0.19331
450.0 5550.0 -0.35953
550.0 5550.0 -0.49884
650.0 5550.0 -0.58893
750.0 5550.0 -0.57487
850.0 5550.0 -0.45997
950.0 5550.0 -0.29105
1050.0 5550.0 -0.13498
1150.0 5550.0 -0.05428
1250.0 5550.0 -0.08204
1350.0 5550.0 -0.19603
1450.0 5550.0 -0.34841
1550.0 5550.0 -0.54853
1650.0 5550.0 -0.72647
1750.0 5550.0 -0.78960
1850.0 5550.0 -0.68971
1950.0 5550.0 -0.44979
2050.0 5550.0 -0.15010
2150.0 5550.0 0.12614
2250.0 5550.0 0.38314
2350.0 5550.0 0.68795
2450.0 5550.0 0.99547
2550.0 5550.0 1.20522
2650.0 5550.0 1.24701
2750.0 5550.0 1.12310
2850.0 5550.0 0.90670
2950.0 5550.0 0.69682
3050.0 5550.0 0.53193
3150.0 5550.0 0.40606
3250.0 5550.0 0.36339
3350.0 5550.0 0.41030
3450.0 5550.0 0.51600
3550.0 5550.0 0.62732
3650.0 5550.0 0.68770
3750.0 5550.0 0.66055
3850.0 5550.0 0.55677
3950.0 5550.0 0.43151
4050.0 5550.0 0.28917
4150.0 5550.0 0.13387
4250.0 5550.0 -0.02065
4350.0 5550.0 -0.16090
4450.0 5550.0 -0.27974
4550.0 5550.0 -0.37852
4650.0 5550.0 -0.46535
4750.0 5550.0 -0.55163
4850.0 5550.0 -0.64263
4950.0 5550.0 -0.68776
5050.0 5550.0 -0.62027
5150.0 5550.0 -0.41152
5250.0 5550.0 -0.09264
5350.0 5550.0 0.25688
5450.0 5550.0 0.55360
5550.0 5550.0 0.78567
5650.0 5550.0 0.98929
5750.0 5550.0 1.12919
5850.0 5550.0 1.18512
5950.0 5550.0 1.16860
6050.0 5550.0 1.11949
6150.0 5550.0 1.09252
6250.0 5550.0 1.13363
6350.0 5550.0 1.24620
50.0 5650.0 0.37342
150.0 5650.0 0.36703
250.0 5650.0 0.23600
350.0 5650.0 0.02712
450.0 5650.0 -0.19022
550.0 5650.0 -0.38309
650.0 5650.0 -0.52008
750.0 5650.0 -0.53217
850.0 5650.0 -0.41358
950.0 5650.0 -0.21283
1050.0 5650.0 -0.00962
1150.0 5650.0 0.11371
1250.0 5650.0 0.10630
1350.0 5650.0 -0.01162
1450.0 5650.0 -0.17700
1550.0 5650.0 -0.40380
1650.0 5650.0 -0.62304
1750.0 5650.0 -0.73533
1850.0 5650.0 -0.68275
1950.0 5650.0 -0.47943
2050.0 5650.0 -0.20089
2150.0 5650.0 0.06790
2250.0 5650.0 0.32379
2350.0 5650.0 0.63809
2450.0 5650.0 0.96237
2550.0 5650.0 1.18223
2650.0 5650.0 1.21506
2750.0 5650.0 1.05908
2850.0 5650.0 0.79321
2950.0 5650.0 0.52778
3050.0 5650.0 0.30856
3150.0 5650.0 0.12250
3250.0 5650.0 0.02010
3350.0 5650.0 0.03175
3450.0 5650.0 0.14572
3550.0 5650.0 0.30989
3650.0 5650.0 0.44930
3750.0 5650.0 0.49925
3850.0 5650.0 0.45404
3950.0 5650.0 0.38864
4050.0 5650.0 0.32781
4150.0 5650.0 0.26194
4250.0 5650.0 0.17916
4350.0 5650.0 0.07407
4450.0 5650.0 -0.04902
4550.0 5650.0 -0.17833
4650.0 5650.0 -0.30241
4750.0 5650.0 -0.42689
4850.0 5650.0 -0.58003
4950.0 5650.0 -0.71023
5050.0 5650.0 -0.72521
5150.0 5650.0 -0.56961
5250.0 5650.0 -0.26093
5350.0 5650.0 0.11702
5450.0 5650.0 0.46305
5550.0 5650.0 0.74778
5650.0 5650.0 0.98982
5750.0 5650.0 1.12935
5850.0 5650.0 1.13875
5950.0 5650.0 1.04060
6050.0 5650.0 0.89938
6150.0 5650.0 0.79940
6250.0 5650.0 0.80870
6350.0 5650.0 0.92910
50.0 5750.0 0.55790
150.0 5750.0 0.58225
250.0 5750.0 0.45717
350.0 5750.0 0.23149
450.0 5750.0 -0.01554
550.0 5750.0 -0.24087
650.0 5750.0 -0.40954
750.0 5750.0 -0.44772
850.0 5750.0 -0.34381
950.0 5750.0 -0.14409
1050.0 5750.0 0.06841
1150.0 5750.0 0.20348
1250.0 5750.0 0.20160
1350.0 5750.0 0.08019
1450.0 5750.0 -0.09328
1550.0 5750.0 -0.33732
1650.0 5750.0 -0.58364
1750.0 5750.0 -0.72845
1850.0 5750.0 -0.70733
1950.0 5750.0 -0.52844
2050.0 5750.0 -0.26402
2150.0 5750.0 -0.00010
2250.0 5750.0 0.25481
2350.0 5750.0 0.57174
2450.0 5750.0 0.89869
2550.0 5750.0 1.11369
2650.0 5750.0 1.12886
2750.0 5750.0 0.94269
2850.0 5750.0 0.63974
2950.0 5750.0 0.33788
3050.0 5750.0 0.08549
3150.0 5750.0 -0.13806
3250.0 5750.0 -0.27999
3350.0 5750.0 -0.29526
3450.0 5750.0 -0.18303
3550.0 5750.0 0.00674
3650.0 5750.0 0.18931
3750.0 5750.0 0.28365
3850.0 5750.0 0.27353
3950.0 5750.0 0.24748
4050.0 5750.0 0.25210
4150.0 5750.0 0.27199
4250.0 5750.0 0.27471
4350.0 5750.0 0.23435
4450.0 5750.0 0.14396
4550.0 5750.0 0.01674
4650.0 5750.0 -0.12399
4750.0 5750.0 -0.27281
4850.0 5750.0 -0.47779
4950.0 5750.0 -0.69429
5050.0 5750.0 -0.81081
5150.0 5750.0 -0.74521
5250.0 5750.0 -0.49390
5350.0 5750.0 -0.13287
5450.0 5750.0 0.22940
5550.0 5750.0 0.54490
5650.0 5750.0 0.80867
5750.0 5750.0 0.94273
5850.0 5750.0 0.91507
5950.0 5750.0 0.75663
6050.0 5750.0 0.54919
6150.0 5750.0 0.39723
6250.0 5750.0 0.38337
6350.0 5750.0 0.50782
50.0 5850.0 0.68295
150.0 5850.0 0.71759
250.0 5850.0 0.59487
350.0 5850.0 0.36416
450.0 5850.0 0.10782
550.0 5850.0 -0.12796
650.0 5850.0 -0.31166
750.0 5850.0 -0.37381
850.0 5850.0 -0.30043
950.0 5850.0 -0.13215
1050.0 5850.0 0.05382
1150.0 5850.0 0.17107
1250.0 5850.0 0.16051
1350.0 5850.0 0.03630
1450.0 5850.0 -0.13905
1550.0 5850.0 -0.38510
1650.0 5850.0 -0.63332
1750.0 5850.0 -0.77960
1850.0 5850.0 -0.75940
1950.0 5850.0 -0.58096
2050.0 5850.0 -0.31680
2150.0 5850.0 -0.05326
2250.0 5850.0 0.20112
2350.0 5850.0 0.51649
2450.0 5850.0 0.83857
2550.0 5850.0 1.04360
2650.0 5850.0 1.04380
2750.0 5850.0 0.83981
2850.0 5850.0 0.51966
2950.0 5850.0 0.20411
3050.0 5850.0 -0.05902
3150.0 5850.0 -0.29672
3250.0 5850.0 -0.45850
3350.0 5850.0 -0.49449
3450.0 5850.0 -0.39757
3550.0 5850.0 -0.21375
3650.0 5850.0 -0.02787
3750.0 5850.0 0.07545
3850.0 5850.0 0.07559
3950.0 5850.0 0.06538
4050.0 5850.0 0.10826
4150.0 5850.0 0.18975
4250.0 5850.0 0.26538
4350.0 5850.0 0.29288
4450.0 5850.0 0.25129
4550.0 5850.0 0.14715
4650.0 5850.0 0.00757
4750.0 5850.0 -0.15040
4850.0 5850.0 -0.38901
4950.0 5850.0 -0.67492
5050.0 5850.0 -0.88604
5150.0 5850.0 -0.91891
5250.0 5850.0 -0.74773
5350.0 5850.0 -0.43334
5450.0 5850.0 -0.08240
5550.0 5850.0 0.24150
5650.0 5850.0 0.51200
5750.0 5850.0 0.64374
5850.0 5850.0 0.60334
5950.0 5850.0 0.42455
6050.0 5850.0 0.19494
6150.0 5850.0 0.02561
6250.0 5850.0 0.00397
6350.0 5850.0 0.12962
50.0 5950.0 0.77446
150.0 5950.0 0.80859
250.0 5950.0 0.68559
350.0 5950.0 0.45473
450.0 5950.0 0.19827
550.0 5950.0 -0.03789
650.0 5950.0 -0.22916
750.0 5950.0 -0.31464
850.0 5950.0 -0.27940
950.0 5950.0 -0.15661
1050.0 5950.0 -0.01333
1150.0 5950.0 0.07315
1250.0 5950.0 0.04821
1350.0 5950.0 -0.07768
1450.0 5950.0 -0.25109
1550.0 5950.0 -0.49065
1650.0 5950.0 -0.72717
1750.0 5950.0 -0.85845
1850.0 5950.0 -0.82311
1950.0 5950.0 -0.63261
2050.0 5950.0 -0.36150
2150.0 5950.0 -0.09591
2250.0 5950.0 0.15840
2350.0 5950.0 0.47097
2450.0 5950.0 0.78616
2550.0 5950.0 0.98112
2650.0 5950.0 0.97030
2750.0 5950.0 0.75687
2850.0 5950.0 0.43081
2950.0 5950.0 0.11342
3050.0 5950.0 -0.14930
3150.0 5950.0 -0.39008
3250.0 5950.0 -0.56342
3350.0 5950.0 -0.61917
3450.0 5950.0 -0.54629
3550.0 5950.0 -0.38532
3650.0 5950.0 -0.21606
3750.0 5950.0 -0.12049
3850.0 5950.0 -0.12100
3950.0 5950.0 -0.12601
4050.0 5950.0 -0.05951
4150.0 5950.0 0.06738
4250.0 5950.0 0.20287
4350.0 5950.0 0.29178
4450.0 5950.0 0.29975
4550.0 5950.0 0.22431
4650.0 5950.0 0.09283
4750.0 5950.0 -0.06721
4850.0 5950.0 -0.32878
4950.0 5950.0 -0.67072
5050.0 5950.0 -0.96506
5150.0 5950.0 -1.09142
5250.0 5950.0 -1.00330
5350.0 5950.0 -0.74464
5450.0 5950.0 -0.41641
5550.0 5950.0 -0.09500
5650.0 5950.0 0.17556
5750.0 5950.0 0.30920
5850.0 5950.0 0.27261
5950.0 5950.0 0.09879
6050.0 5950.0 -0.12589
6150.0 5950.0 -0.29151
6250.0 5950.0 -0.31138
6350.0 5950.0 -0.18563
50.0 6050.0 0.87361
150.0 6050.0 0.92007
250.0 6050.0 0.81305
350.0 6050.0 0.59612
450.0 6050.0 0.34713
550.0 6050.0 0.11304
650.0 6050.0 -0.08790
750.0 6050.0 -0.20666
850.0 6050.0 -0.22489
950.0 6050.0 -0.16300
1050.0 6050.0 -0.07277
1150.0 6050.0 -0.01935
1250.0 6050.0 -0.05293
1350.0 6050.0 -0.16987
1450.0 6050.0 -0.33137
1550.0 6050.0 -0.56102
1650.0 6050.0 -0.79182
1750.0 6050.0 -0.92253
1850.0 6050.0 -0.89076
1950.0 6050.0 -0.70515
2050.0 6050.0 -0.43684
2150.0 6050.0 -0.17006
2250.0 6050.0 0.08654
2350.0 6050.0 0.39419
2450.0 6050.0 0.69533
2550.0 6050.0 0.87170
2650.0 6050.0 0.84443
2750.0 6050.0 0.62231
2850.0 6050.0 0.29778
2950.0 6050.0 -0.00926
3050.0 6050.0 -0.25775
3150.0 6050.0 -0.49184
3250.0 6050.0 -0.67750
3350.0 6050.0 -0.76559
3450.0 6050.0 -0.73766
3550.0 6050.0 -0.62207
3650.0 6050.0 -0.48602
3750.0 6050.0 -0.40367
3850.0 6050.0 -0.40023
3950.0 6050.0 -0.39373
4050.0 6050.0 -0.29995
4150.0 6050.0 -0.12841
4250.0 6050.0 0.06158
4350.0 6050.0 0.20354
4450.0 6050.0 0.25256
4550.0 6050.0 0.20020
4650.0 6050.0 0.07543
4750.0 6050.0 -0.08534
4850.0 6050.0 -0.36208
4950.0 6050.0 -0.74460
5050.0 6050.0 -1.10401
5150.0 6050.0 -1.30938
5250.0 6050.0 -1.29823
5350.0 6050.0 -1.09882
5450.0 6050.0 -0.80412
5550.0 6050.0 -0.49888
5650.0 6050.0 -0.23689
5750.0 6050.0 -0.09619
5850.0 6050.0 -0.10829
5950.0 6050.0 -0.24555
6050.0 6050.0 -0.43160
6150.0 6050.0 -0.56757
6250.0 6050.0 -0.57431
6350.0 6050.0 -0.45051
50.0 6150.0 0.94870
150.0 6150.0 1.02629
250.0 6150.0 0.96016
350.0 6150.0 0.77908
450.0 6150.0 0.54947
550.0 6150.0 0.32122
650.0 6150.0 0.10874
750.0 6150.0 -0.05383
850.0 6150.0 -0.14050
950.0 6150.0 -0.15200
1050.0 6150.0 -0.11906
1150.0 6150.0 -0.09247
1250.0 6150.0 -0.11973
1350.0 6150.0 -0.20846
1450.0 6150.0 -0.34058
1550.0 6150.0 -0.55367
1650.0 6150.0 -0.78778
1750.0 6150.0 -0.94121
1850.0 6150.0 -0.94365
1950.0 6150.0 -0.79093
2050.0 6150.0 -0.54154
2150.0 6150.0 -0.27481
2250.0 6150.0 -0.01179
2350.0 6150.0 0.28766
2450.0 6150.0 0.56313
2550.0 6150.0 0.70716
2650.0 6150.0 0.65510
2750.0 6150.0 0.42630
2850.0 6150.0 0.11645
2950.0 6150.0 -0.15925
3050.0 6150.0 -0.36985
3150.0 6150.0 -0.57893
3250.0 6150.0 -0.77289
3350.0 6150.0 -0.90574
3450.0 6150.0 -0.94716
3550.0 6150.0 -0.90425
3650.0 6150.0 -0.82113
3750.0 6150.0 -0.75664
3850.0 6150.0 -0.73994
3950.0 6150.0 -0.71100
4050.0 6150.0 -0.58656
4150.0 6150.0 -0.37834
4250.0 6150.0 -0.15253
4350.0 6150.0 0.01784
4450.0 6150.0 0.08460
4550.0 6150.0 0.04028
4650.0 6150.0 -0.08198
4750.0 6150.0 -0.24122
4850.0 6150.0 -0.51654
4950.0 6150.0 -0.90467
5050.0 6150.0 -1.28513
5150.0 6150.0 -1.53007
5250.0 6150.0 -1.57232
5350.0 6150.0 -1.42932
5450.0 6150.0 -1.18310
5550.0 6150.0 -0.91712
5650.0 6150.0 -0.68048
5750.0 6150.0 -0.53078
5850.0 6150.0 -0.49464
5950.0 6150.0 -0.55554
6050.0 6150.0 -0.65902
6150.0 6150.0 -0.73117
6250.0 6150.0 -0.71048
6350.0 6150.0 -0.59308
50.0 6250.0 0.94560
150.0 6250.0 1.06417
250.0 6250.0 1.05483
350.0 6250.0 0.92485
450.0 6250.0 0.72347
550.0 6250.0 0.50428
650.0 6250.0 0.28187
750.0 6250.0 0.07660
850.0 6250.0 -0.07469
950.0 6250.0 -0.15020
1050.0 6250.0 -0.15918
1150.0 6250.0 -0.14015
1250.0 6250.0 -0.14151
1350.0 6250.0 -0.18439
1450.0 6250.0 -0.27180
1550.0 6250.0 -0.46094
1650.0 6250.0 -0.70283
1750.0 6250.0 -0.89468
1850.0 6250.0 -0.95323
1950.0 6250.0 -0.85388
2050.0 6250.0 -0.63517
2150.0 6250.0 -0.36900
2250.0 6250.0 -0.09594
2350.0 6250.0 0.19299
2450.0 6250.0 0.43408
2550.0 6250.0 0.53585
2650.0 6250.0 0.45387
2750.0 6250.0 0.22196
2850.0 6250.0 -0.06073
2950.0 6250.0 -0.28659
3050.0 6250.0 -0.43888
3150.0 6250.0 -0.60465
3250.0 6250.0 -0.79505
3350.0 6250.0 -0.96923
3450.0 6250.0 -1.08390
3550.0 6250.0 -1.12085
3650.0 6250.0 -1.09560
3750.0 6250.0 -1.04703
3850.0 6250.0 -1.00806
3950.0 6250.0 -0.94841
4050.0 6250.0 -0.79608
4150.0 6250.0 -0.56921
4250.0 6250.0 -0.33851
4350.0 6250.0 -0.17627
4450.0 6250.0 -0.12429
4550.0 6250.0 -0.18078
4650.0 6250.0 -0.30621
4750.0 6250.0 -0.46155
4850.0 6250.0 -0.71596
4950.0 6250.0 -1.06685
5050.0 6250.0 -1.41152
5150.0 6250.0 -1.64084
5250.0 6250.0 -1.69734
5350.0 6250.0 -1.59570
5450.0 6250.0 -1.40576
5550.0 6250.0 -1.19852
5650.0 6250.0 -1.00458
5750.0 6250.0 -0.85406
5850.0 6250.0 -0.76597
5950.0 6250.0 -0.73672
6050.0 6250.0 -0.73949
6150.0 6250.0 -0.73305
6250.0 6250.0 -0.67995
6350.0 6250.0 -0.57409
50.0 6350.0 0.83475
150.0 6350.0 0.99023
250.0 6350.0 1.03717
350.0 6350.0 0.96001
450.0 6350.0 0.78881
550.0 6350.0 0.58004
650.0 6350.0 0.35256
750.0 6350.0 0.11822
850.0 6350.0 -0.07431
950.0 6350.0 -0.18373
1050.0 6350.0 -0.20336
1150.0 6350.0 -0.16568
1250.0 6350.0 -0.12416
1350.0 6350.0 -0.11237
1450.0 6350.0 -0.14818
1550.0 6350.0 -0.30807
1650.0 6350.0 -0.55539
1750.0 6350.0 -0.78661
1850.0 6350.0 -0.90470
1950.0 6350.0 -0.86265
2050.0 6350.0 -0.67688
2150.0 6350.0 -0.41074
2250.0 6350.0 -0.12605
2350.0 6350.0 0.15209
2450.0 6350.0 0.35679
2550.0 6350.0 0.41454
2650.0 6350.0 0.30320
2750.0 6350.0 0.07203
2850.0 6350.0 -0.17670
2950.0 6350.0 -0.34435
3050.0 6350.0 -0.42966
3150.0 6350.0 -0.54106
3250.0 6350.0 -0.71194
3350.0 6350.0 -0.90771
3450.0 6350.0 -1.07503
3550.0 6350.0 -1.17365
3650.0 6350.0 -1.19269
3750.0 6350.0 -1.15154
3850.0 6350.0 -1.08519
3950.0 6350.0 -0.99277
4050.0 6350.0 -0.82115
4150.0 6350.0 -0.59775
4250.0 6350.0 -0.39453
4350.0 6350.0 -0.27579
4450.0 6350.0 -0.26852
4550.0 6350.0 -0.35516
4650.0 6350.0 -0.48890
4750.0 6350.0 -0.63876
4850.0 6350.0 -0.85726
4950.0 6350.0 -1.13623
5050.0 6350.0 -1.39644
5150.0 6350.0 -1.55917
5250.0 6350.0 -1.58888
5350.0 6350.0 -1.50587
5450.0 6350.0 -1.36891
5550.0 6350.0 -1.22811
5650.0 6350.0 -1.08797
5750.0 6350.0 -0.95292
5850.0 6350.0 -0.83308
5950.0 6350.0 -0.73445
6050.0 6350.0 -0.65442
6150.0 6350.0 -0.58220
6250.0 6350.0 -0.50410
6350.0 6350.0 -0.41366
