50.0 50.0 -0.45053
150.0 50.0 -0.26328
250.0 50.0 -0.09549
350.0 50.0 0.04764
450.0 50.0 0.13218
550.0 50.0 0.14729
650.0 50.0 0.10452
750.0 50.0 0.03071
850.0 50.0 -0.03965
950.0 50.0 -0.07256
1050.0 50.0 -0.04324
1150.0 50.0 0.05459
1250.0 50.0 0.19894
1350.0 50.0 0.33569
1450.0 50.0 0.41669
1550.0 50.0 0.42631
1650.0 50.0 0.37467
1750.0 50.0 0.28890
1850.0 50.0 0.20439
1950.0 50.0 0.15619
2050.0 50.0 0.17047
2150.0 50.0 0.25607
2250.0 50.0 0.39614
2350.0 50.0 0.55274
2450.0 50.0 0.71179
2550.0 50.0 0.84115
2650.0 50.0 0.89771
2750.0 50.0 0.85207
2850.0 50.0 0.70238
2950.0 50.0 0.47726
3050.0 50.0 0.22793
3150.0 50.0 0.00945
3250.0 50.0 -0.14887
3350.0 50.0 -0.27737
3450.0 50.0 -0.40789
3550.0 50.0 -0.52039
3650.0 50.0 -0.58136
3750.0 50.0 -0.56499
3850.0 50.0 -0.46557
3950.0 50.0 -0.30138
4050.0 50.0 -0.11021
4150.0 50.0 0.06362
4250.0 50.0 0.19054
4350.0 50.0 0.28457
4450.0 50.0 0.39008
4550.0 50.0 0.51190
4650.0 50.0 0.62727
4750.0 50.0 0.70739
4850.0 50.0 0.73187
4950.0 50.0 0.69656
5050.0 50.0 0.61493
5150.0 50.0 0.51288
5250.0 50.0 0.41698
5350.0 50.0 0.33637
5450.0 50.0 0.26093
5550.0 50.0 0.19265
5650.0 50.0 0.13193
5750.0 50.0 0.07597
5850.0 50.0 0.02059
5950.0 50.0 -0.03840
6050.0 50.0 -0.10417
6150.0 50.0 -0.17812
6250.0 50.0 -0.25952
6350.0 50.0 -0.34552
50.0 150.0 -0.39683
150.0 150.0 -0.20102
250.0 150.0 -0.02861
350.0 150.0 0.11622
450.0 150.0 0.19537
550.0 150.0 0.19616
650.0 150.0 0.13095
750.0 150.0 0.02951
850.0 150.0 -0.06937
950.0 150.0 -0.12711
1050.0 150.0 -0.11520
1150.0 150.0 -0.02595
1250.0 150.0 0.11611
1350.0 150.0 0.24960
1450.0 150.0 0.32003
1550.0 150.0 0.30989
1650.0 150.0 0.23087
1750.0 150.0 0.11378
1850.0 150.0 -0.00137
1950.0 150.0 -0.07509
2050.0 150.0 -0.07807
2150.0 150.0 -0.00057
2250.0 150.0 0.13826
2350.0 150.0 0.29776
2450.0 150.0 0.47385
2550.0 150.0 0.64035
2650.0 150.0 0.75172
2750.0 150.0 0.77082
2850.0 150.0 0.68563
2950.0 150.0 0.51483
3050.0 150.0 0.30226
3150.0 150.0 0.10020
3250.0 150.0 -0.05835
3350.0 150.0 -0.19372
3450.0 150.0 -0.33809
3550.0 150.0 -0.47567
3650.0 150.0 -0.57167
3750.0 150.0 -0.59562
3850.0 150.0 -0.53582
3950.0 150.0 -0.40492
4050.0 150.0 -0.23673
4150.0 150.0 -0.07429
4250.0 150.0 0.05092
4350.0 150.0 0.14751
4450.0 150.0 0.25390
4550.0 150.0 0.37227
4650.0 150.0 0.47951
4750.0 150.0 0.54801
4850.0 150.0 0.55947
4950.0 150.0 0.51218
5050.0 150.0 0.42179
5150.0 150.0 0.31553
5250.0 150.0 0.22000
5350.0 150.0 0.14259
5450.0 150.0 0.07630
5550.0 150.0 0.03454
5650.0 150.0 0.02113
5750.0 150.0 0.02931
5850.0 150.0 0.04631
5950.0 150.0 0.05742
6050.0 150.0 0.04953
6150.0 150.0 0.01437
6250.0 150.0 -0.04891
6350.0 150.0 -0.13143
50.0 250.0 -0.26561
150.0 250.0 -0.06418
250.0 250.0 0.10887
350.0 250.0 0.24869
450.0 250.0 0.30929
550.0 250.0 0.27586
650.0 250.0 0.16386
750.0 250.0 0.00949
850.0 250.0 -0.14056
950.0 250.0 -0.24020
1050.0 250.0 -0.25572
1150.0 250.0 -0.17844
1250.0 250.0 -0.03808
1350.0 250.0 0.09442
1450.0 250.0 0.16046
1550.0 250.0 0.14158
1650.0 250.0 0.05010
1750.0 250.0 -0.08153
1850.0 250.0 -0.21115
1950.0 250.0 -0.29714
2050.0 250.0 -0.30857
2150.0 250.0 -0.23519
2250.0 250.0 -0.09715
2350.0 250.0 0.06477
2450.0 250.0 0.25756
2550.0 250.0 0.46182
2650.0 250.0 0.63052
2750.0 250.0 0.71937
2850.0 250.0 0.70611
2950.0 250.0 0.59868
3050.0 250.0 0.43224
3150.0 250.0 0.25500
3250.0 250.0 0.10302
3350.0 250.0 -0.03343
3450.0 250.0 -0.18831
3550.0 250.0 -0.35291
3650.0 250.0 -0.49252
3750.0 250.0 -0.57166
3850.0 250.0 -0.57071
3950.0 250.0 -0.49351
4050.0 250.0 -0.36632
4150.0 250.0 -0.22789
4250.0 250.0 -0.11075
4350.0 250.0 -0.01444
4450.0 250.0 0.09021
4550.0 250.0 0.20252
4650.0 250.0 0.29895
4750.0 250.0 0.35301
4850.0 250.0 0.34849
4950.0 250.0 0.28611
5050.0 250.0 0.18373
5150.0 250.0 0.07004
5250.0 250.0 -0.02826
5350.0 250.0 -0.10556
5450.0 250.0 -0.16508
5550.0 250.0 -0.18038
5650.0 250.0 -0.14336
5750.0 250.0 -0.06481
5850.0 250.0 0.03301
5950.0 250.0 0.12340
6050.0 250.0 0.18163
6150.0 250.0 0.19103
6250.0 250.0 0.14850
6350.0 250.0 0.06954
50.0 350.0 -0.17465
150.0 350.0 0.02841
250.0 350.0 0.20180
350.0 350.0 0.33644
450.0 350.0 0.37778
550.0 350.0 0.30896
650.0 350.0 0.14878
750.0 350.0 -0.05980
850.0 350.0 -0.26191
950.0 350.0 -0.40379
1050.0 350.0 -0.44651
1150.0 350.0 -0.38053
1250.0 350.0 -0.24094
1350.0 350.0 -0.10811
1450.0 350.0 -0.04376
1550.0 350.0 -0.06697
1650.0 350.0 -0.16514
1750.0 350.0 -0.30489
1850.0 350.0 -0.44274
1950.0 350.0 -0.53577
2050.0 350.0 -0.55202
2150.0 350.0 -0.48078
2250.0 350.0 -0.34283
2350.0 350.0 -0.17821
2450.0 350.0 0.03101
2550.0 350.0 0.27275
2650.0 350.0 0.49952
2750.0 350.0 0.66080
2850.0 350.0 0.72448
2950.0 350.0 0.68747
3050.0 350.0 0.57533
3150.0 350.0 0.43108
3250.0 350.0 0.29306
3350.0 350.0 0.16232
3450.0 350.0 0.00231
3550.0 350.0 -0.18704
3650.0 350.0 -0.37200
3750.0 350.0 -0.51203
3850.0 350.0 -0.57842
3950.0 350.0 -0.56434
4050.0 350.0 -0.48628
4150.0 350.0 -0.37682
4250.0 350.0 -0.26893
4350.0 350.0 -0.17199
4450.0 350.0 -0.06999
4550.0 350.0 0.03140
4650.0 350.0 0.10858
4750.0 350.0 0.13797
4850.0 350.0 0.10772
4950.0 350.0 0.02306
5050.0 350.0 -0.09456
5150.0 350.0 -0.21467
5250.0 350.0 -0.31121
5350.0 350.0 -0.38208
5450.0 350.0 -0.42800
5550.0 350.0 -0.40964
5650.0 350.0 -0.31580
5750.0 350.0 -0.16275
5850.0 350.0 0.01680
5950.0 350.0 0.18412
6050.0 350.0 0.30378
6150.0 350.0 0.35233
6250.0 350.0 0.32595
6350.0 350.0 0.24739
50.0 450.0 -0.19374
150.0 450.0 0.00183
250.0 450.0 0.17571
350.0 450.0 0.30659
450.0 450.0 0.33138
550.0 450.0 0.23152
650.0 450.0 0.02903
750.0 450.0 -0.22689
850.0 450.0 -0.47396
950.0 450.0 -0.65159
1050.0 450.0 -0.71635
1150.0 450.0 -0.65811
1250.0 450.0 -0.51691
1350.0 450.0 -0.38094
1450.0 450.0 -0.31324
1550.0 450.0 -0.33303
1650.0 450.0 -0.42795
1750.0 450.0 -0.56486
1850.0 450.0 -0.70041
1950.0 450.0 -0.79160
2050.0 450.0 -0.80631
2150.0 450.0 -0.73362
2250.0 450.0 -0.59411
2350.0 450.0 -0.42632
2450.0 450.0 -0.20356
2550.0 450.0 0.06961
2650.0 450.0 0.34796
2750.0 450.0 0.57793
2850.0 450.0 0.72000
2950.0 450.0 0.76089
3050.0 450.0 0.71577
3150.0 450.0 0.62036
3250.0 450.0 0.51301
3350.0 450.0 0.40443
3450.0 450.0 0.25377
3550.0 450.0 0.04931
3650.0 450.0 -0.17824
3750.0 450.0 -0.38369
3850.0 450.0 -0.52784
3950.0 450.0 -0.59008
4050.0 450.0 -0.57308
4150.0 450.0 -0.49966
4250.0 450.0 -0.40160
4350.0 450.0 -0.30099
4450.0 450.0 -0.20289
4550.0 450.0 -0.12274
4650.0 450.0 -0.08309
4750.0 450.0 -0.10026
4850.0 450.0 -0.17638
4950.0 450.0 -0.29700
5050.0 450.0 -0.43422
5150.0 450.0 -0.55529
5250.0 450.0 -0.63682
5350.0 450.0 -0.68414
5450.0 450.0 -0.69884
5550.0 450.0 -0.63063
5650.0 450.0 -0.46878
5750.0 450.0 -0.23847
5850.0 450.0 0.01581
5950.0 450.0 0.24458
6050.0 450.0 0.40557
6150.0 450.0 0.47375
6250.0 450.0 0.44914
6350.0 450.0 0.36251
50.0 550.0 -0.31888
150.0 550.0 -0.14040
250.0 550.0 0.03425
350.0 550.0 0.16380
450.0 550.0 0.17787
550.0 550.0 0.05694
650.0 550.0 -0.17435
750.0 550.0 -0.46207
850.0 550.0 -0.73856
950.0 550.0 -0.93846
1050.0 550.0 -1.01538
1150.0 550.0 -0.95908
1250.0 550.0 -0.81330
1350.0 550.0 -0.67111
1450.0 550.0 -0.59502
1550.0 550.0 -0.60397
1650.0 550.0 -0.68640
1750.0 550.0 -0.81044
1850.0 550.0 -0.93407
1950.0 550.0 -1.01538
2050.0 550.0 -1.02277
2150.0 550.0 -0.94517
2250.0 550.0 -0.80237
2350.0 550.0 -0.63147
2450.0 550.0 -0.40260
2550.0 550.0 -0.11426
2650.0 550.0 0.19402
2750.0 550.0 0.47113
2850.0 550.0 0.67542
2950.0 550.0 0.78710
3050.0 550.0 0.81213
3150.0 550.0 0.77759
3250.0 550.0 0.71842
3350.0 550.0 0.65107
3450.0 550.0 0.52863
3550.0 550.0 0.32600
3650.0 550.0 0.06849
3750.0 550.0 -0.19561
3850.0 550.0 -0.41665
3950.0 550.0 -0.55858
4050.0 550.0 -0.60738
4150.0 550.0 -0.57276
4250.0 550.0 -0.48339
4350.0 550.0 -0.37547
4450.0 550.0 -0.28180
4550.0 550.0 -0.23181
4650.0 550.0 -0.24554
4750.0 550.0 -0.32756
4850.0 550.0 -0.46507
4950.0 550.0 -0.63016
5050.0 550.0 -0.78616
5150.0 550.0 -0.89822
5250.0 550.0 -0.94796
5350.0 550.0 -0.95189
5450.0 550.0 -0.91619
5550.0 550.0 -0.78394
5650.0 550.0 -0.54989
5750.0 550.0 -0.25121
5850.0 550.0 0.05578
5950.0 550.0 0.31449
6050.0 550.0 0.48222
6150.0 550.0 0.53985
6250.0 550.0 0.49685
6350.0 550.0 0.39175
50.0 650.0 -0.50295
150.0 650.0 -0.34801
250.0 650.0 -0.17227
350.0 650.0 -0.04116
450.0 650.0 -0.02973
550.0 650.0 -0.15757
650.0 650.0 -0.39842
750.0 650.0 -0.69602
850.0 650.0 -0.98034
950.0 650.0 -1.18425
1050.0 650.0 -1.26056
1150.0 650.0 -1.19947
1250.0 650.0 -1.04643
1350.0 650.0 -0.89577
1450.0 650.0 -0.80821
1550.0 650.0 -0.80231
1650.0 650.0 -0.86758
1750.0 650.0 -0.97391
1850.0 650.0 -1.08115
1950.0 650.0 -1.14886
2050.0 650.0 -1.14618
2150.0 650.0 -1.06187
2250.0 650.0 -0.91457
2350.0 650.0 -0.74132
2450.0 650.0 -0.51741
2550.0 650.0 -0.23849
2650.0 650.0 0.06477
2750.0 650.0 0.35028
2850.0 650.0 0.58163
2950.0 650.0 0.73876
3050.0 650.0 0.82209
3150.0 650.0 0.85023
3250.0 650.0 0.85108
3350.0 650.0 0.84037
3450.0 650.0 0.76398
3550.0 650.0 0.58393
3650.0 650.0 0.31835
3750.0 650.0 0.01602
3850.0 650.0 -0.26514
3950.0 650.0 -0.47477
4050.0 650.0 -0.58184
4150.0 650.0 -0.58160
4250.0 650.0 -0.49770
4350.0 650.0 -0.37941
4450.0 650.0 -0.28942
4550.0 650.0 -0.27304
4650.0 650.0 -0.34633
4750.0 650.0 -0.49918
4850.0 650.0 -0.70092
4950.0 650.0 -0.90818
5050.0 650.0 -1.07505
5150.0 650.0 -1.16553
5250.0 650.0 -1.16821
5350.0 650.0 -1.11271
5450.0 650.0 -1.01265
5550.0 650.0 -0.81069
5650.0 650.0 -0.51185
5750.0 650.0 -0.16703
5850.0 650.0 0.15771
5950.0 650.0 0.40410
6050.0 650.0 0.53669
6150.0 650.0 0.55004
6250.0 650.0 0.46805
6350.0 650.0 0.33540
50.0 750.0 -0.68187
150.0 750.0 -0.55205
250.0 750.0 -0.37492
350.0 750.0 -0.23960
450.0 750.0 -0.22252
550.0 750.0 -0.34238
650.0 750.0 -0.57254
750.0 750.0 -0.85707
850.0 750.0 -1.12690
950.0 750.0 -1.31629
1050.0 750.0 -1.37949
1150.0 750.0 -1.30759
1250.0 750.0 -1.14564
1350.0 750.0 -0.98568
1450.0 750.0 -0.88640
1550.0 750.0 -0.86618
1650.0 750.0 -0.91559
1750.0 750.0 -1.00604
1850.0 750.0 -1.09889
1950.0 750.0 -1.15473
2050.0 750.0 -1.14309
2150.0 750.0 -1.05239
2250.0 750.0 -0.90026
2350.0 750.0 -0.72599
2450.0 750.0 -0.51902
2550.0 750.0 -0.27647
2650.0 750.0 -0.01801
2750.0 750.0 0.22924
2850.0 750.0 0.44179
2950.0 750.0 0.60662
3050.0 750.0 0.72387
3150.0 750.0 0.80542
3250.0 750.0 0.86920
3350.0 750.0 0.92280
3450.0 750.0 0.90461
3550.0 750.0 0.76656
3650.0 750.0 0.51879
3750.0 750.0 0.20758
3850.0 750.0 -0.10476
3950.0 750.0 -0.35717
4050.0 750.0 -0.50422
4150.0 750.0 -0.52757
4250.0 750.0 -0.44463
4350.0 750.0 -0.31427
4450.0 750.0 -0.22611
4550.0 750.0 -0.24018
4650.0 750.0 -0.36759
4750.0 750.0 -0.58295
4850.0 750.0 -0.83784
4950.0 750.0 -1.07436
5050.0 750.0 -1.23883
5150.0 750.0 -1.29570
5250.0 750.0 -1.24152
5350.0 750.0 -1.11862
5450.0 750.0 -0.94928
5550.0 750.0 -0.68217
5650.0 750.0 -0.33615
5750.0 750.0 0.02447
5850.0 750.0 0.32750
5950.0 750.0 0.51901
6050.0 750.0 0.57773
6150.0 750.0 0.51803
6250.0 750.0 0.38130
6350.0 750.0 0.21573
50.0 850.0 -0.79523
150.0 850.0 -0.68694
250.0 850.0 -0.50823
350.0 850.0 -0.36701
450.0 850.0 -0.33804
550.0 850.0 -0.43845
650.0 850.0 -0.64233
750.0 850.0 -0.89624
850.0 850.0 -1.13471
950.0 850.0 -1.29591
1050.0 850.0 -1.33719
1150.0 850.0 -1.25085
1250.0 850.0 -1.07978
1350.0 850.0 -0.91131
1450.0 850.0 -0.80284
1550.0 850.0 -0.77310
1650.0 850.0 -0.81334
1750.0 850.0 -0.89567
1850.0 850.0 -0.98180
1950.0 850.0 -1.03229
2050.0 850.0 -1.01623
2150.0 850.0 -0.92144
2250.0 850.0 -0.76507
2350.0 850.0 -0.59127
2450.0 850.0 -0.41080
2550.0 850.0 -0.22636
2650.0 850.0 -0.04618
2750.0 850.0 0.12144
2850.0 850.0 0.27170
2950.0 850.0 0.40493
3050.0 850.0 0.52638
3150.0 850.0 0.64396
3250.0 850.0 0.76415
3350.0 850.0 0.88010
3450.0 850.0 0.92345
3550.0 850.0 0.84016
3650.0 850.0 0.63276
3750.0 850.0 0.34251
3850.0 850.0 0.03170
3950.0 850.0 -0.23302
4050.0 850.0 -0.39642
4150.0 850.0 -0.42943
4250.0 850.0 -0.34290
4350.0 850.0 -0.20057
4450.0 850.0 -0.11181
4550.0 850.0 -0.14772
4650.0 850.0 -0.31408
4750.0 850.0 -0.57210
4850.0 850.0 -0.85872
4950.0 850.0 -1.10492
5050.0 850.0 -1.25223
5150.0 850.0 -1.26727
5250.0 850.0 -1.15446
5350.0 850.0 -0.96620
5450.0 850.0 -0.73272
5550.0 850.0 -0.41365
5650.0 850.0 -0.04302
5750.0 850.0 0.30360
5850.0 850.0 0.55209
5950.0 850.0 0.65763
6050.0 850.0 0.61752
6150.0 850.0 0.46875
6250.0 850.0 0.27056
6350.0 850.0 0.07175
50.0 950.0 -0.80114
150.0 950.0 -0.70662
250.0 950.0 -0.52629
350.0 950.0 -0.37900
450.0 950.0 -0.33585
550.0 950.0 -0.41223
650.0 950.0 -0.58354
750.0 950.0 -0.79992
850.0 950.0 -1.00073
950.0 950.0 -1.12905
1050.0 950.0 -1.14602
1150.0 950.0 -1.04510
1250.0 950.0 -0.86619
1350.0 950.0 -0.69139
1450.0 950.0 -0.57838
1550.0 950.0 -0.54679
1650.0 950.0 -0.58806
1750.0 950.0 -0.67372
1850.0 950.0 -0.76431
1950.0 950.0 -0.81888
2050.0 950.0 -0.80507
2150.0 950.0 -0.70981
2250.0 950.0 -0.55057
2350.0 950.0 -0.37846
2450.0 950.0 -0.22874
2550.0 950.0 -0.11244
2650.0 950.0 -0.02764
2750.0 950.0 0.03660
2850.0 950.0 0.09636
2950.0 950.0 0.16881
3050.0 950.0 0.26812
3150.0 950.0 0.40125
3250.0 950.0 0.56369
3350.0 950.0 0.73089
3450.0 950.0 0.82915
3550.0 950.0 0.80282
3650.0 950.0 0.64830
3750.0 950.0 0.40049
3850.0 950.0 0.11804
3950.0 950.0 -0.13190
4050.0 950.0 -0.28962
4150.0 950.0 -0.31928
4250.0 950.0 -0.22598
4350.0 950.0 -0.07357
4450.0 950.0 0.01808
4550.0 950.0 -0.02805
4650.0 950.0 -0.21283
4750.0 950.0 -0.48786
4850.0 950.0 -0.78060
4950.0 950.0 -1.01594
5050.0 950.0 -1.13419
5150.0 950.0 -1.10555
5250.0 950.0 -0.94096
5350.0 950.0 -0.69892
5450.0 950.0 -0.41514
5550.0 950.0 -0.06216
5650.0 950.0 0.31218
5750.0 950.0 0.62442
5850.0 950.0 0.80192
5950.0 950.0 0.81129
6050.0 950.0 0.66878
6150.0 950.0 0.43263
6250.0 950.0 0.17741
6350.0 950.0 -0.04971
50.0 1050.0 -0.68550
150.0 1050.0 -0.59479
250.0 1050.0 -0.41300
350.0 1050.0 -0.26102
450.0 1050.0 -0.20606
550.0 1050.0 -0.26208
650.0 1050.0 -0.40578
750.0 1050.0 -0.59050
850.0 1050.0 -0.75982
950.0 1050.0 -0.86105
1050.0 1050.0 -0.85847
1150.0 1050.0 -0.74643
1250.0 1050.0 -0.56219
1350.0 1050.0 -0.38410
1450.0 1050.0 -0.27206
1550.0 1050.0 -0.24722
1650.0 1050.0 -0.30055
1750.0 1050.0 -0.40173
1850.0 1050.0 -0.50854
1950.0 1050.0 -0.57710
2050.0 1050.0 -0.57260
2150.0 1050.0 -0.48088
2250.0 1050.0 -0.32055
2350.0 1050.0 -0.15074
2450.0 1050.0 -0.02948
2550.0 1050.0 0.02335
2650.0 1050.0 0.01698
2750.0 1050.0 -0.02149
2850.0 1050.0 -0.05720
2950.0 1050.0 -0.05659
3050.0 1050.0 0.00477
3150.0 1050.0 0.13531
3250.0 1050.0 0.32181
3350.0 1050.0 0.52273
3450.0 1050.0 0.66084
3550.0 1050.0 0.68229
3650.0 1050.0 0.57952
3750.0 1050.0 0.38133
3850.0 1050.0 0.14086
3950.0 1050.0 -0.07795
4050.0 1050.0 -0.21548
4150.0 1050.0 -0.23323
4250.0 1050.0 -0.13215
4350.0 1050.0 0.02711
4450.0 1050.0 0.12316
4550.0 1050.0 0.07841
4650.0 1050.0 -0.10427
4750.0 1050.0 -0.37159
4850.0 1050.0 -0.64746
4950.0 1050.0 -0.85591
5050.0 1050.0 -0.93932
5150.0 1050.0 -0.87210
5250.0 1050.0 -0.66963
5350.0 1050.0 -0.39206
5450.0 1050.0 -0.07701
5550.0 1050.0 0.29169
5650.0 1050.0 0.65614
5750.0 1050.0 0.92870
5850.0 1050.0 1.04002
5950.0 1050.0 0.96711
6050.0 1050.0 0.74147
6150.0 1050.0 0.43729
6250.0 1050.0 0.13973
6350.0 1050.0 -0.10676
50.0 1150.0 -0.46554
150.0 1150.0 -0.36923
250.0 1150.0 -0.18623
350.0 1150.0 -0.03197
450.0 1150.0 0.02900
550.0 1150.0 -0.01657
650.0 1150.0 -0.14610
750.0 1150.0 -0.31461
850.0 1150.0 -0.46788
950.0 1150.0 -0.55540
1050.0 1150.0 -0.54307
1150.0 1150.0 -0.42566
1250.0 1150.0 -0.23903
1350.0 1150.0 -0.06068
1450.0 1150.0 0.04542
1550.0 1150.0 0.05625
1650.0 1150.0 -0.01825
1750.0 1150.0 -0.14481
1850.0 1150.0 -0.27728
1950.0 1150.0 -0.36772
2050.0 1150.0 -0.37823
2150.0 1150.0 -0.29342
2250.0 1150.0 -0.13372
2350.0 1150.0 0.03385
2450.0 1150.0 0.13406
2550.0 1150.0 0.13959
2650.0 1150.0 0.06362
2750.0 1150.0 -0.05603
2850.0 1150.0 -0.17101
2950.0 1150.0 -0.23496
3050.0 1150.0 -0.21447
3150.0 1150.0 -0.09828
3250.0 1150.0 0.09503
3350.0 1150.0 0.31085
3450.0 1150.0 0.47017
3550.0 1150.0 0.52260
3650.0 1150.0 0.45898
3750.0 1150.0 0.30354
3850.0 1150.0 0.10398
3950.0 1150.0 -0.08053
4050.0 1150.0 -0.19335
4150.0 1150.0 -0.19653
4250.0 1150.0 -0.08885
4350.0 1150.0 0.07367
4450.0 1150.0 0.17463
4550.0 1150.0 0.14001
4650.0 1150.0 -0.02501
4750.0 1150.0 -0.26667
4850.0 1150.0 -0.51048
4950.0 1150.0 -0.68376
5050.0 1150.0 -0.73323
5150.0 1150.0 -0.63733
5250.0 1150.0 -0.41353
5350.0 1150.0 -0.12002
5450.0 1150.0 0.20739
5550.0 1150.0 0.57791
5650.0 1150.0 0.92844
5750.0 1150.0 1.17028
5850.0 1150.0 1.23735
5950.0 1150.0 1.11346
6050.0 1150.0 0.83898
6150.0 1150.0 0.49666
6250.0 1150.0 0.17670
6350.0 1150.0 -0.07889
50.0 1250.0 -0.18773
150.0 1250.0 -0.08006
250.0 1250.0 0.10392
350.0 1250.0 0.25845
450.0 1250.0 0.32007
550.0 1250.0 0.27563
650.0 1250.0 0.14761
750.0 1250.0 -0.01916
850.0 1250.0 -0.17070
950.0 1250.0 -0.25672
1050.0 1250.0 -0.24331
1150.0 1250.0 -0.12527
1250.0 1250.0 0.06165
1350.0 1250.0 0.23834
1450.0 1250.0 0.33563
1550.0 1250.0 0.32844
1650.0 1250.0 0.22796
1750.0 1250.0 0.07090
1850.0 1250.0 -0.09206
1950.0 1250.0 -0.20844
2050.0 1250.0 -0.23688
2150.0 1250.0 -0.16083
2250.0 1250.0 -0.00280
2350.0 1250.0 0.16287
2450.0 1250.0 0.24919
2550.0 1250.0 0.22331
2650.0 1250.0 0.09985
2750.0 1250.0 -0.07716
2850.0 1250.0 -0.25079
2950.0 1250.0 -0.36580
3050.0 1250.0 -0.38175
3150.0 1250.0 -0.28426
3250.0 1250.0 -0.09464
3350.0 1250.0 0.12351
3450.0 1250.0 0.29043
3550.0 1250.0 0.35952
3650.0 1250.0 0.32145
3750.0 1250.0 0.19755
3850.0 1250.0 0.03109
3950.0 1250.0 -0.12352
4050.0 1250.0 -0.21365
4150.0 1250.0 -0.20344
4250.0 1250.0 -0.09094
4350.0 1250.0 0.07238
4450.0 1250.0 0.17807
4550.0 1250.0 0.15775
4650.0 1250.0 0.01785
4750.0 1250.0 -0.19007
4850.0 1250.0 -0.39596
4950.0 1250.0 -0.53262
5050.0 1250.0 -0.55194
5150.0 1250.0 -0.43597
5250.0 1250.0 -0.20269
5350.0 1250.0 0.09369
5450.0 1250.0 0.42150
5550.0 1250.0 0.78710
5650.0 1250.0 1.12580
5750.0 1250.0 1.34957
5850.0 1250.0 1.39463
5950.0 1250.0 1.24811
6050.0 1250.0 0.95387
6150.0 1250.0 0.59752
6250.0 1250.0 0.27039
6350.0 1250.0 0.01287
50.0 1350.0 0.11770
150.0 1350.0 0.24067
250.0 1350.0 0.42695
350.0 1350.0 0.58251
450.0 1350.0 0.64432
550.0 1350.0 0.59839
650.0 1350.0 0.46672
750.0 1350.0 0.29412
850.0 1350.0 0.13520
950.0 1350.0 0.04134
1050.0 1350.0 0.04768
1150.0 1350.0 0.16029
1250.0 1350.0 0.34326
1350.0 1350.0 0.51519
1450.0 1350.0 0.60363
1550.0 1350.0 0.58212
1650.0 1350.0 0.46237
1750.0 1350.0 0.28290
1850.0 1350.0 0.09704
1950.0 1350.0 -0.03996
2050.0 1350.0 -0.08453
2150.0 1350.0 -0.01913
2250.0 1350.0 0.13258
2350.0 1350.0 0.29144
2450.0 1350.0 0.36138
2550.0 1350.0 0.30552
2650.0 1350.0 0.14011
2750.0 1350.0 -0.08561
2850.0 1350.0 -0.30784
2950.0 1350.0 -0.46461
3050.0 1350.0 -0.51046
3150.0 1350.0 -0.42910
3250.0 1350.0 -0.24434
3350.0 1350.0 -0.02652
3450.0 1350.0 0.14498
3550.0 1350.0 0.22699
3650.0 1350.0 0.20987
3750.0 1350.0 0.11209
3850.0 1350.0 -0.02724
3950.0 1350.0 -0.15807
4050.0 1350.0 -0.23126
4150.0 1350.0 -0.21271
4250.0 1350.0 -0.09962
4350.0 1350.0 0.06078
4450.0 1350.0 0.16818
4550.0 1350.0 0.16042
4650.0 1350.0 0.04481
4750.0 1350.0 -0.13011
4850.0 1350.0 -0.29956
4950.0 1350.0 -0.40243
5050.0 1350.0 -0.39604
5150.0 1350.0 -0.26580
5250.0 1350.0 -0.02975
5350.0 1350.0 0.26245
5450.0 1350.0 0.58371
5550.0 1350.0 0.93871
5650.0 1350.0 1.26335
5750.0 1350.0 1.47207
5850.0 1350.0 1.50394
5950.0 1350.0 1.34836
6050.0 1350.0 1.05024
6150.0 1350.0 0.69485
6250.0 1350.0 0.37207
6350.0 1350.0 0.12035
50.0 1450.0 0.46101
150.0 1450.0 0.60967
250.0 1450.0 0.80326
350.0 1450.0 0.96442
450.0 1450.0 1.02976
550.0 1450.0 0.98174
650.0 1450.0 0.83943
750.0 1450.0 0.64683
850.0 1450.0 0.46032
950.0 1450.0 0.33534
1050.0 1450.0 0.31216
1150.0 1450.0 0.40085
1250.0 1450.0 0.56541
1350.0 1450.0 0.72209
1450.0 1450.0 0.80281
1550.0 1450.0 0.78234
1650.0 1450.0 0.66999
1750.0 1450.0 0.50003
1850.0 1450.0 0.32109
1950.0 1450.0 0.18448
2050.0 1450.0 0.13154
2150.0 1450.0 0.17987
2250.0 1450.0 0.30852
2350.0 1450.0 0.44196
2450.0 1450.0 0.48178
2550.0 1450.0 0.39134
2650.0 1450.0 0.19060
2750.0 1450.0 -0.06676
2850.0 1450.0 -0.31353
2950.0 1450.0 -0.48649
3050.0 1450.0 -0.54126
3150.0 1450.0 -0.46439
3250.0 1450.0 -0.28282
3350.0 1450.0 -0.06787
3450.0 1450.0 0.10554
3550.0 1450.0 0.19667
3650.0 1450.0 0.19409
3750.0 1450.0 0.11235
3850.0 1450.0 -0.01372
3950.0 1450.0 -0.13741
4050.0 1450.0 -0.21128
4150.0 1450.0 -0.20091
4250.0 1450.0 -0.10133
4350.0 1450.0 0.04372
4450.0 1450.0 0.14199
4550.0 1450.0 0.13871
4650.0 1450.0 0.04142
4750.0 1450.0 -0.10591
4850.0 1450.0 -0.24559
4950.0 1450.0 -0.32396
5050.0 1450.0 -0.30437
5150.0 1450.0 -0.17542
5250.0 1450.0 0.04576
5350.0 1450.0 0.31527
5450.0 1450.0 0.61058
5550.0 1450.0 0.93600
5650.0 1450.0 1.23365
5750.0 1450.0 1.42640
5850.0 1450.0 1.45946
5950.0 1450.0 1.32344
6050.0 1450.0 1.05906
6150.0 1450.0 0.74336
6250.0 1450.0 0.45747
6350.0 1450.0 0.23597
50.0 1550.0 0.78127
150.0 1550.0 0.96670
250.0 1550.0 1.17387
350.0 1550.0 1.34736
450.0 1550.0 1.42353
550.0 1550.0 1.37808
650.0 1550.0 1.22360
750.0 1550.0 1.00114
850.0 1550.0 0.76913
950.0 1550.0 0.58973
1050.0 1550.0 0.51246
1150.0 1550.0 0.55531
1250.0 1550.0 0.68312
1350.0 1550.0 0.81098
1450.0 1550.0 0.88496
1550.0 1550.0 0.88429
1650.0 1550.0 0.81225
1750.0 1550.0 0.69117
1850.0 1550.0 0.55583
1950.0 1550.0 0.44526
2050.0 1550.0 0.39296
2150.0 1550.0 0.41548
2250.0 1550.0 0.49947
2350.0 1550.0 0.58371
2450.0 1550.0 0.57671
2550.0 1550.0 0.44801
2650.0 1550.0 0.22381
2750.0 1550.0 -0.03912
2850.0 1550.0 -0.27526
2950.0 1550.0 -0.42781
3050.0 1550.0 -0.46181
3150.0 1550.0 -0.37295
3250.0 1550.0 -0.19203
3350.0 1550.0 0.01685
3450.0 1550.0 0.18921
3550.0 1550.0 0.28587
3650.0 1550.0 0.29165
3750.0 1550.0 0.21561
3850.0 1550.0 0.08780
3950.0 1550.0 -0.04759
4050.0 1550.0 -0.14281
4150.0 1550.0 -0.16068
4250.0 1550.0 -0.09237
4350.0 1550.0 0.02142
4450.0 1550.0 0.09682
4550.0 1550.0 0.08824
4650.0 1550.0 0.00273
4750.0 1550.0 -0.12252
4850.0 1550.0 -0.23937
4950.0 1550.0 -0.30362
5050.0 1550.0 -0.28570
5150.0 1550.0 -0.17723
5250.0 1550.0 0.00671
5350.0 1550.0 0.22974
5450.0 1550.0 0.47371
5550.0 1550.0 0.74330
5650.0 1550.0 0.99372
5750.0 1550.0 1.16430
5850.0 1550.0 1.21122
5950.0 1550.0 1.12586
6050.0 1550.0 0.93883
6150.0 1550.0 0.70940
6250.0 1550.0 0.50075
6350.0 1550.0 0.34058
50.0 1650.0 0.98942
150.0 1650.0 1.21820
250.0 1650.0 1.44416
350.0 1650.0 1.63687
450.0 1650.0 1.73401
550.0 1650.0 1.70219
650.0 1650.0 1.54378
750.0 1650.0 1.29372
850.0 1650.0 1.01114
950.0 1650.0 0.76566
1050.0 1650.0 0.61865
1150.0 1650.0 0.59915
1250.0 1650.0 0.67469
1350.0 1650.0 0.76188
1450.0 1650.0 0.82935
1550.0 1650.0 0.86342
1650.0 1650.0 0.85829
1750.0 1650.0 0.81797
1850.0 1650.0 0.75582
1950.0 1650.0 0.69165
2050.0 1650.0 0.64652
2150.0 1650.0 0.63510
2250.0 1650.0 0.65565
2350.0 1650.0 0.67035
2450.0 1650.0 0.60337
2550.0 1650.0 0.43606
2650.0 1650.0 0.20299
2750.0 1650.0 -0.03774
2850.0 1650.0 -0.22743
2950.0 1650.0 -0.32314
3050.0 1650.0 -0.30722
3150.0 1650.0 -0.19026
3250.0 1650.0 -0.00727
3350.0 1650.0 0.19283
3450.0 1650.0 0.36221
3550.0 1650.0 0.46292
3650.0 1650.0 0.47439
3750.0 1650.0 0.39851
3850.0 1650.0 0.25964
3950.0 1650.0 0.09961
4050.0 1650.0 -0.03227
4150.0 1650.0 -0.09420
4250.0 1650.0 -0.07197
4350.0 1650.0 -0.00314
4450.0 1650.0 0.03778
4550.0 1650.0 0.01628
4650.0 1650.0 -0.06168
4750.0 1650.0 -0.16770
4850.0 1650.0 -0.26562
4950.0 1650.0 -0.32273
5050.0 1650.0 -0.31772
5150.0 1650.0 -0.24529
5250.0 1650.0 -0.11747
5350.0 1650.0 0.03860
5450.0 1650.0 0.20873
5550.0 1650.0 0.39740
5650.0 1650.0 0.57852
5750.0 1650.0 0.71510
5850.0 1650.0 0.77935
5950.0 1650.0 0.76418
6050.0 1650.0 0.68599
6150.0 1650.0 0.57892
6250.0 1650.0 0.48039
6350.0 1650.0 0.40808
50.0 1750.0 1.01814
150.0 1750.0 1.29027
250.0 1750.0 1.53770
350.0 1750.0 1.75491
450.0 1750.0 1.88360
550.0 1750.0 1.88048
650.0 1750.0 1.73480
750.0 1750.0 1.47200
850.0 1750.0 1.14904
950.0 1750.0 0.84158
1050.0 1750.0 0.62294
1150.0 1750.0 0.53479
1250.0 1750.0 0.54972
1350.0 1750.0 0.58938
1450.0 1750.0 0.64968
1550.0 1750.0 0.72536
1650.0 1750.0 0.79991
1750.0 1750.0 0.85572
1850.0 1750.0 0.88081
1950.0 1750.0 0.87228
2050.0 1750.0 0.83647
2150.0 1750.0 0.78575
2250.0 1750.0 0.73210
2350.0 1750.0 0.66600
2450.0 1750.0 0.53318
2550.0 1750.0 0.33066
2650.0 1750.0 0.10241
2750.0 1750.0 -0.09378
2850.0 1750.0 -0.20994
2950.0 1750.0 -0.22217
3050.0 1750.0 -0.13543
3150.0 1750.0 0.02115
3250.0 1750.0 0.20841
3350.0 1750.0 0.39826
3450.0 1750.0 0.56437
3550.0 1750.0 0.67034
3650.0 1750.0 0.68935
3750.0 1750.0 0.61476
3850.0 1750.0 0.46410
3950.0 1750.0 0.27629
4050.0 1750.0 0.10232
4150.0 1750.0 -0.01073
4250.0 1750.0 -0.04228
4350.0 1750.0 -0.02612
4450.0 1750.0 -0.02591
4550.0 1750.0 -0.06363
4650.0 1750.0 -0.13463
4750.0 1750.0 -0.22066
4850.0 1750.0 -0.29922
4950.0 1750.0 -0.35063
5050.0 1750.0 -0.36285
5150.0 1750.0 -0.33398
5250.0 1750.0 -0.27244
5350.0 1750.0 -0.19484
5450.0 1750.0 -0.11200
5550.0 1750.0 -0.02143
5650.0 1750.0 0.07208
5750.0 1750.0 0.15982
5850.0 1750.0 0.23399
5950.0 1750.0 0.29081
6050.0 1750.0 0.33157
6150.0 1750.0 0.36202
6250.0 1750.0 0.38977
6350.0 1750.0 0.41988
50.0 1850.0 0.85070
150.0 1850.0 1.15980
250.0 1850.0 1.42822
350.0 1850.0 1.67220
450.0 1850.0 1.84058
550.0 1850.0 1.88107
650.0 1850.0 1.76848
750.0 1850.0 1.51593
850.0 1850.0 1.17481
950.0 1850.0 0.82358
1050.0 1850.0 0.54526
1150.0 1850.0 0.39371
1250.0 1850.0 0.34885
1350.0 1850.0 0.34078
1450.0 1850.0 0.39259
1550.0 1850.0 0.50708
1650.0 1850.0 0.65728
1750.0 1850.0 0.80448
1850.0 1850.0 0.91211
1950.0 1850.0 0.95526
2050.0 1850.0 0.92606
2150.0 1850.0 0.83481
2250.0 1850.0 0.70685
2350.0 1850.0 0.56047
2450.0 1850.0 0.36460
2550.0 1850.0 0.13296
2650.0 1850.0 -0.08133
2750.0 1850.0 -0.22191
2850.0 1850.0 -0.25315
2950.0 1850.0 -0.17190
3050.0 1850.0 -0.00705
3150.0 1850.0 0.19311
3250.0 1850.0 0.38574
3350.0 1850.0 0.56550
3450.0 1850.0 0.72967
3550.0 1850.0 0.84442
3650.0 1850.0 0.87665
3750.0 1850.0 0.81063
3850.0 1850.0 0.65598
3950.0 1850.0 0.44757
4050.0 1850.0 0.23705
4150.0 1850.0 0.07621
4250.0 1850.0 -0.00792
4350.0 1850.0 -0.04424
4450.0 1850.0 -0.08410
4550.0 1850.0 -0.13625
4650.0 1850.0 -0.19724
4750.0 1850.0 -0.25922
4850.0 1850.0 -0.31389
4950.0 1850.0 -0.35529
5050.0 1850.0 -0.38126
5150.0 1850.0 -0.39367
5250.0 1850.0 -0.39738
5350.0 1850.0 -0.39801
5450.0 1850.0 -0.40354
5550.0 1850.0 -0.41601
5650.0 1850.0 -0.41981
5750.0 1850.0 -0.39467
5850.0 1850.0 -0.32652
5950.0 1850.0 -0.21353
6050.0 1850.0 -0.06714
6150.0 1850.0 0.09172
6250.0 1850.0 0.24138
6350.0 1850.0 0.37301
50.0 1950.0 0.52840
150.0 1950.0 0.86361
250.0 1950.0 1.14952
350.0 1950.0 1.41888
450.0 1950.0 1.63025
550.0 1950.0 1.72468
650.0 1950.0 1.66318
750.0 1950.0 1.44522
850.0 1950.0 1.11363
950.0 1950.0 0.74556
1050.0 1950.0 0.42979
1150.0 1950.0 0.23012
1250.0 1950.0 0.13522
1350.0 1950.0 0.08596
1450.0 1950.0 0.12767
1550.0 1950.0 0.26935
1650.0 1950.0 0.47552
1750.0 1950.0 0.69067
1850.0 1950.0 0.85873
1950.0 1950.0 0.93753
2050.0 1950.0 0.90823
2150.0 1950.0 0.77971
2250.0 1950.0 0.58800
2350.0 1950.0 0.37355
2450.0 1950.0 0.12523
2550.0 1950.0 -0.12855
2650.0 1950.0 -0.32700
2750.0 1950.0 -0.41547
2850.0 1950.0 -0.36951
2950.0 1950.0 -0.20436
3050.0 1950.0 0.03012
3150.0 1950.0 0.26907
3250.0 1950.0 0.46675
3350.0 1950.0 0.63814
3450.0 1950.0 0.80296
3550.0 1950.0 0.93123
3650.0 1950.0 0.98458
3750.0 1950.0 0.93837
3850.0 1950.0 0.79375
3950.0 1950.0 0.58012
4050.0 1950.0 0.34796
4150.0 1950.0 0.15205
4250.0 1950.0 0.02514
4350.0 1950.0 -0.05564
4450.0 1950.0 -0.12826
4550.0 1950.0 -0.18850
4650.0 1950.0 -0.23365
4750.0 1950.0 -0.26542
4850.0 1950.0 -0.28896
4950.0 1950.0 -0.31158
5050.0 1950.0 -0.34100
5150.0 1950.0 -0.38327
5250.0 1950.0 -0.44031
5350.0 1950.0 -0.50723
5450.0 1950.0 -0.58951
5550.0 1950.0 -0.69625
5650.0 1950.0 -0.79560
5750.0 1950.0 -0.84163
5850.0 1950.0 -0.79929
5950.0 1950.0 -0.65887
6050.0 1950.0 -0.43967
6150.0 1950.0 -0.18310
6250.0 1950.0 0.06485
6350.0 1950.0 0.28185
50.0 2050.0 0.13693
150.0 2050.0 0.48576
250.0 2050.0 0.78351
350.0 2050.0 1.07345
450.0 2050.0 1.32516
550.0 2050.0 1.47628
650.0 2050.0 1.47643
750.0 2050.0 1.31207
850.0 2050.0 1.01562
950.0 2050.0 0.65922
1050.0 2050.0 0.33272
1150.0 2050.0 0.10634
1250.0 2050.0 -0.02234
1350.0 2050.0 -0.10109
1450.0 2050.0 -0.07094
1550.0 2050.0 0.08040
1650.0 2050.0 0.31217
1750.0 2050.0 0.55896
1850.0 2050.0 0.75348
1950.0 2050.0 0.84390
2050.0 2050.0 0.80546
2150.0 2050.0 0.64669
2250.0 2050.0 0.40991
2350.0 2050.0 0.14825
2450.0 2050.0 -0.13676
2550.0 2050.0 -0.40673
2650.0 2050.0 -0.59548
2750.0 2050.0 -0.64940
2850.0 2050.0 -0.55158
2950.0 2050.0 -0.32973
3050.0 2050.0 -0.04805
3150.0 2050.0 0.21721
3250.0 2050.0 0.41823
3350.0 2050.0 0.58409
3450.0 2050.0 0.75274
3550.0 2050.0 0.89925
3650.0 2050.0 0.98165
3750.0 2050.0 0.96751
3850.0 2050.0 0.84949
3950.0 2050.0 0.65024
4050.0 2050.0 0.41688
4150.0 2050.0 0.20481
4250.0 2050.0 0.05107
4350.0 2050.0 -0.06028
4450.0 2050.0 -0.15346
4550.0 2050.0 -0.21251
4650.0 2050.0 -0.23474
4750.0 2050.0 -0.22968
4850.0 2050.0 -0.21402
4950.0 2050.0 -0.20689
5050.0 2050.0 -0.22528
5150.0 2050.0 -0.27973
5250.0 2050.0 -0.37026
5350.0 2050.0 -0.48273
5450.0 2050.0 -0.62023
5550.0 2050.0 -0.80071
5650.0 2050.0 -0.98248
5750.0 2050.0 -1.10054
5850.0 2050.0 -1.10226
5950.0 2050.0 -0.96856
6050.0 2050.0 -0.72041
6150.0 2050.0 -0.41067
6250.0 2050.0 -0.10140
6350.0 2050.0 0.17357
50.0 2150.0 -0.22857
150.0 2150.0 0.12291
250.0 2150.0 0.42623
350.0 2150.0 0.72999
450.0 2150.0 1.01464
550.0 2150.0 1.21755
650.0 2150.0 1.28059
750.0 2150.0 1.17932
850.0 2150.0 0.93559
950.0 2150.0 0.61388
1050.0 2150.0 0.30103
1150.0 2150.0 0.06974
1250.0 2150.0 -0.07439
1350.0 2150.0 -0.16906
1450.0 2150.0 -0.15144
1550.0 2150.0 -0.00915
1650.0 2150.0 0.21541
1750.0 2150.0 0.45455
1850.0 2150.0 0.63895
1950.0 2150.0 0.71540
2050.0 2150.0 0.65887
2150.0 2150.0 0.47858
2250.0 2150.0 0.21833
2350.0 2150.0 -0.06677
2450.0 2150.0 -0.37185
2550.0 2150.0 -0.65439
2650.0 2150.0 -0.84545
2750.0 2150.0 -0.89104
2850.0 2150.0 -0.77667
2950.0 2150.0 -0.53487
3050.0 2150.0 -0.23577
3150.0 2150.0 0.03928
3250.0 2150.0 0.24108
3350.0 2150.0 0.40463
3450.0 2150.0 0.58003
3550.0 2150.0 0.74833
3650.0 2150.0 0.86587
3750.0 2150.0 0.89403
3850.0 2150.0 0.81747
3950.0 2150.0 0.65131
4050.0 2150.0 0.43733
4150.0 2150.0 0.22911
4250.0 2150.0 0.06626
4350.0 2150.0 -0.05974
4450.0 2150.0 -0.15976
4550.0 2150.0 -0.20788
4650.0 2150.0 -0.20071
4750.0 2150.0 -0.15338
4850.0 2150.0 -0.09165
4950.0 2150.0 -0.04445
5050.0 2150.0 -0.03701
5150.0 2150.0 -0.08449
5250.0 2150.0 -0.18616
5350.0 2150.0 -0.32043
5450.0 2150.0 -0.48776
5550.0 2150.0 -0.71565
5650.0 2150.0 -0.95949
5750.0 2150.0 -1.14317
5850.0 2150.0 -1.20137
5950.0 2150.0 -1.10524
6050.0 2150.0 -0.87151
6150.0 2150.0 -0.55503
6250.0 2150.0 -0.22469
6350.0 2150.0 0.07717
50.0 2250.0 -0.51971
150.0 2250.0 -0.17223
250.0 2250.0 0.13199
350.0 2250.0 0.44373
450.0 2250.0 0.75337
550.0 2250.0 1.00017
650.0 2250.0 1.12141
750.0 2250.0 1.08415
850.0 2250.0 0.90049
950.0 2250.0 0.62611
1050.0 2250.0 0.34233
1150.0 2250.0 0.12145
1250.0 2250.0 -0.02428
1350.0 2250.0 -0.12439
1450.0 2250.0 -0.11966
1550.0 2250.0 -0.00003
1650.0 2250.0 0.19320
1750.0 2250.0 0.39582
1850.0 2250.0 0.54326
1950.0 2250.0 0.58721
2050.0 2250.0 0.50644
2150.0 2250.0 0.31168
2250.0 2250.0 0.04460
2350.0 2250.0 -0.24585
2450.0 2250.0 -0.55895
2550.0 2250.0 -0.85299
2650.0 2250.0 -1.05813
2750.0 2250.0 -1.11860
2850.0 2250.0 -1.01799
2950.0 2250.0 -0.78725
3050.0 2250.0 -0.49566
3150.0 2250.0 -0.22461
3250.0 2250.0 -0.02429
3350.0 2250.0 0.13936
3450.0 2250.0 0.32340
3550.0 2250.0 0.51525
3650.0 2250.0 0.67101
3750.0 2250.0 0.74731
3850.0 2250.0 0.72150
3950.0 2250.0 0.60082
4050.0 2250.0 0.42048
4150.0 2250.0 0.23058
4250.0 2250.0 0.07189
4350.0 2250.0 -0.05658
4450.0 2250.0 -0.15307
4550.0 2250.0 -0.18327
4650.0 2250.0 -0.14254
4750.0 2250.0 -0.04990
4850.0 2250.0 0.06193
4950.0 2250.0 0.15594
5050.0 2250.0 0.19962
5150.0 2250.0 0.17320
5250.0 2250.0 0.07726
5350.0 2250.0 -0.06061
5450.0 2250.0 -0.23794
5550.0 2250.0 -0.49166
5650.0 2250.0 -0.77921
5750.0 2250.0 -1.01977
5850.0 2250.0 -1.13958
5950.0 2250.0 -1.10034
6050.0 2250.0 -0.91069
6150.0 2250.0 -0.62061
6250.0 2250.0 -0.29893
6350.0 2250.0 0.00617
50.0 2350.0 -0.76302
150.0 2350.0 -0.42246
250.0 2350.0 -0.11976
350.0 2350.0 0.19675
450.0 2350.0 0.52632
550.0 2350.0 0.81073
650.0 2350.0 0.98399
750.0 2350.0 1.00605
850.0 2350.0 0.88012
950.0 2350.0 0.65335
1050.0 2350.0 0.40101
1150.0 2350.0 0.19414
1250.0 2350.0 0.05069
1350.0 2350.0 -0.05218
1450.0 2350.0 -0.06197
1550.0 2350.0 0.02838
1650.0 2350.0 0.18006
1750.0 2350.0 0.33480
1850.0 2350.0 0.43544
1950.0 2350.0 0.44082
2050.0 2350.0 0.33477
2150.0 2350.0 0.12945
2250.0 2350.0 -0.13716
2350.0 2350.0 -0.42485
2450.0 2350.0 -0.73836
2550.0 2350.0 -1.03821
2650.0 2350.0 -1.25515
2750.0 2350.0 -1.33245
2850.0 2350.0 -1.25143
2950.0 2350.0 -1.03998
3050.0 2350.0 -0.76432
3150.0 2350.0 -0.50372
3250.0 2350.0 -0.30843
3350.0 2350.0 -0.14686
3450.0 2350.0 0.04344
3550.0 2350.0 0.25647
3650.0 2350.0 0.44879
3750.0 2350.0 0.57285
3850.0 2350.0 0.59895
3950.0 2350.0 0.52631
4050.0 2350.0 0.38297
4150.0 2350.0 0.21471
4250.0 2350.0 0.06292
4350.0 2350.0 -0.06584
4450.0 2350.0 -0.15744
4550.0 2350.0 -0.16987
4650.0 2350.0 -0.09684
4750.0 2350.0 0.03967
4850.0 2350.0 0.20098
4950.0 2350.0 0.34271
5050.0 2350.0 0.42538
5150.0 2350.0 0.42441
5250.0 2350.0 0.33969
5350.0 2350.0 0.20412
5450.0 2350.0 0.02380
5550.0 2350.0 -0.24634
5650.0 2350.0 -0.56735
5750.0 2350.0 -0.85633
5850.0 2350.0 -1.03346
5950.0 2350.0 -1.05219
6050.0 2350.0 -0.91260
6150.0 2350.0 -0.65805
6250.0 2350.0 -0.35497
6350.0 2350.0 -0.05583
50.0 2450.0 -0.88722
150.0 2450.0 -0.56234
250.0 2450.0 -0.26844
350.0 2450.0 0.04305
450.0 2450.0 0.37669
550.0 2450.0 0.67726
650.0 2450.0 0.87830
750.0 2450.0 0.93636
850.0 2450.0 0.84903
950.0 2450.0 0.65703
1050.0 2450.0 0.43005
1150.0 2450.0 0.23660
1250.0 2450.0 0.09776
1350.0 2450.0 -0.00774
1450.0 2450.0 -0.04041
1550.0 2450.0 0.00358
1650.0 2450.0 0.09190
1750.0 2450.0 0.17782
1850.0 2450.0 0.21678
1950.0 2450.0 0.17812
2050.0 2450.0 0.05164
2150.0 2450.0 -0.15074
2250.0 2450.0 -0.39844
2350.0 2450.0 -0.66252
2450.0 2450.0 -0.94884
2550.0 2450.0 -1.22123
2650.0 2450.0 -1.41721
2750.0 2450.0 -1.48607
2850.0 2450.0 -1.41168
2950.0 2450.0 -1.22009
3050.0 2450.0 -0.97176
3150.0 2450.0 -0.73866
3250.0 2450.0 -0.56596
3350.0 2450.0 -0.42320
3450.0 2450.0 -0.24360
3550.0 2450.0 -0.02559
3650.0 2450.0 0.18956
3750.0 2450.0 0.35146
3850.0 2450.0 0.42377
3950.0 2450.0 0.39682
4050.0 2450.0 0.28963
4150.0 2450.0 0.14145
4250.0 2450.0 -0.00723
4350.0 2450.0 -0.14179
4450.0 2450.0 -0.23637
4550.0 2450.0 -0.24278
4650.0 2450.0 -0.15162
4750.0 2450.0 0.01508
4850.0 2450.0 0.21547
4950.0 2450.0 0.39965
5050.0 2450.0 0.52147
5150.0 2450.0 0.55048
5250.0 2450.0 0.48388
5350.0 2450.0 0.35812
5450.0 2450.0 0.18630
5550.0 2450.0 -0.07834
5650.0 2450.0 -0.40178
5750.0 2450.0 -0.70522
5850.0 2450.0 -0.91008
5950.0 2450.0 -0.96736
6050.0 2450.0 -0.87153
6150.0 2450.0 -0.65868
6250.0 2450.0 -0.38926
6350.0 2450.0 -0.11515
50.0 2550.0 -0.83894
150.0 2550.0 -0.54206
250.0 2550.0 -0.26772
350.0 2550.0 0.02433
450.0 2550.0 0.33877
550.0 2550.0 0.62406
650.0 2550.0 0.81749
750.0 2550.0 0.87752
850.0 2550.0 0.80097
950.0 2550.0 0.62513
1050.0 2550.0 0.41474
1150.0 2550.0 0.23396
1250.0 2550.0 0.10317
1350.0 2550.0 -0.00411
1450.0 2550.0 -0.06898
1550.0 2550.0 -0.09050
1650.0 2550.0 -0.08898
1750.0 2550.0 -0.09255
1850.0 2550.0 -0.12701
1950.0 2550.0 -0.20905
2050.0 2550.0 -0.34272
2150.0 2550.0 -0.51925
2250.0 2550.0 -0.72015
2350.0 2550.0 -0.92990
2450.0 2550.0 -1.14917
2550.0 2550.0 -1.34702
2650.0 2550.0 -1.47683
2750.0 2550.0 -1.50380
2850.0 2550.0 -1.42097
2950.0 2550.0 -1.25364
3050.0 2550.0 -1.05215
3150.0 2550.0 -0.87319
3250.0 2550.0 -0.74945
3350.0 2550.0 -0.65032
3450.0 2550.0 -0.50675
3550.0 2550.0 -0.30841
3650.0 2550.0 -0.09190
3750.0 2550.0 0.09174
3850.0 2550.0 0.20027
3950.0 2550.0 0.21410
4050.0 2550.0 0.14071
4150.0 2550.0 0.00966
4250.0 2550.0 -0.14175
4350.0 2550.0 -0.29031
4450.0 2550.0 -0.39997
4550.0 2550.0 -0.41933
4650.0 2550.0 -0.33375
4750.0 2550.0 -0.16080
4850.0 2550.0 0.05923
4950.0 2550.0 0.27417
5050.0 2550.0 0.43230
5150.0 2550.0 0.49601
5250.0 2550.0 0.45694
5350.0 2550.0 0.35202
5450.0 2550.0 0.20573
5550.0 2550.0 -0.02072
5650.0 2550.0 -0.30020
5750.0 2550.0 -0.56715
5850.0 2550.0 -0.75511
5950.0 2550.0 -0.82146
6050.0 2550.0 -0.75935
6150.0 2550.0 -0.59684
6250.0 2550.0 -0.38315
6350.0 2550.0 -0.16222
50.0 2650.0 -0.63477
150.0 2650.0 -0.37658
250.0 2650.0 -0.13175
350.0 2650.0 0.12747
450.0 2650.0 0.40125
550.0 2650.0 0.64238
650.0 2650.0 0.79576
750.0 2650.0 0.82671
850.0 2650.0 0.73561
950.0 2650.0 0.55908
1050.0 2650.0 0.35745
1150.0 2650.0 0.18879
1250.0 2650.0 0.06928
1350.0 2650.0 -0.03813
1450.0 2650.0 -0.13976
1550.0 2650.0 -0.23632
1650.0 2650.0 -0.33158
1750.0 2650.0 -0.42996
1850.0 2650.0 -0.53488
1950.0 2650.0 -0.64785
2050.0 2650.0 -0.76818
2150.0 2650.0 -0.89346
2250.0 2650.0 -1.02075
2350.0 2650.0 -1.14770
2450.0 2650.0 -1.26401
2550.0 2650.0 -1.34632
2650.0 2650.0 -1.37218
2750.0 2650.0 -1.33143
2850.0 2650.0 -1.23165
2950.0 2650.0 -1.09759
3050.0 2650.0 -0.96469
3150.0 2650.0 -0.86665
3250.0 2650.0 -0.81700
3350.0 2650.0 -0.78465
3450.0 2650.0 -0.70111
3550.0 2650.0 -0.54638
3650.0 2650.0 -0.35007
3750.0 2650.0 -0.16168
3850.0 2650.0 -0.02836
3950.0 2650.0 0.01976
4050.0 2650.0 -0.02349
4150.0 2650.0 -0.14104
4250.0 2650.0 -0.30091
4350.0 2650.0 -0.47114
4450.0 2650.0 -0.60787
4550.0 2650.0 -0.65997
4650.0 2650.0 -0.60582
4750.0 2650.0 -0.45391
4850.0 2650.0 -0.23791
4950.0 2650.0 -0.00832
5050.0 2650.0 0.17926
5150.0 2650.0 0.27942
5250.0 2650.0 0.27556
5350.0 2650.0 0.20163
5450.0 2650.0 0.09686
5550.0 2650.0 -0.06055
5650.0 2650.0 -0.25213
5750.0 2650.0 -0.43411
5850.0 2650.0 -0.56245
5950.0 2650.0 -0.60926
6050.0 2650.0 -0.57062
6150.0 2650.0 -0.46587
6250.0 2650.0 -0.32820
6350.0 2650.0 -0.18668
50.0 2750.0 -0.33719
150.0 2750.0 -0.12350
250.0 2750.0 0.08553
350.0 2750.0 0.30346
450.0 2750.0 0.52315
550.0 2750.0 0.70221
650.0 2750.0 0.79556
750.0 2750.0 0.77841
850.0 2750.0 0.65738
950.0 2750.0 0.47004
1050.0 2750.0 0.27258
1150.0 2750.0 0.11587
1250.0 2750.0 0.00972
1350.0 2750.0 -0.09568
1450.0 2750.0 -0.23188
1550.0 2750.0 -0.39933
1650.0 2750.0 -0.58302
1750.0 2750.0 -0.76237
1850.0 2750.0 -0.91867
1950.0 2750.0 -1.04000
2050.0 2750.0 -1.12376
2150.0 2750.0 -1.17663
2250.0 2750.0 -1.21215
2350.0 2750.0 -1.23836
2450.0 2750.0 -1.23037
2550.0 2750.0 -1.17452
2650.0 2750.0 -1.07775
2750.0 2750.0 -0.95942
2850.0 2750.0 -0.84408
2950.0 2750.0 -0.75508
3050.0 2750.0 -0.70907
3150.0 2750.0 -0.71144
3250.0 2750.0 -0.75258
3350.0 2750.0 -0.80186
3450.0 2750.0 -0.79410
3550.0 2750.0 -0.69945
3650.0 2750.0 -0.53900
3750.0 2750.0 -0.35912
3850.0 2750.0 -0.21090
3950.0 2750.0 -0.13502
4050.0 2750.0 -0.15229
4150.0 2750.0 -0.25972
4250.0 2750.0 -0.43209
4350.0 2750.0 -0.62895
4450.0 2750.0 -0.80121
4550.0 2750.0 -0.90133
4650.0 2750.0 -0.89974
4750.0 2750.0 -0.79243
4850.0 2750.0 -0.60236
4950.0 2750.0 -0.37489
5050.0 2750.0 -0.16742
5150.0 2750.0 -0.03299
5250.0 2750.0 0.00194
5350.0 2750.0 -0.03466
5450.0 2750.0 -0.08762
5550.0 2750.0 -0.15585
5650.0 2750.0 -0.23062
5750.0 2750.0 -0.29548
5850.0 2750.0 -0.33555
5950.0 2750.0 -0.34319
6050.0 2750.0 -0.32035
6150.0 2750.0 -0.27736
6250.0 2750.0 -0.22828
6350.0 2750.0 -0.18286
50.0 2850.0 -0.03166
150.0 2850.0 0.13799
250.0 2850.0 0.31018
350.0 2850.0 0.48539
450.0 2850.0 0.64895
550.0 2850.0 0.76342
650.0 2850.0 0.79413
750.0 2850.0 0.72658
850.0 2850.0 0.57397
950.0 2850.0 0.37493
1050.0 2850.0 0.18142
1150.0 2850.0 0.03690
1250.0 2850.0 -0.05546
1350.0 2850.0 -0.15680
1450.0 2850.0 -0.31939
1550.0 2850.0 -0.54128
1650.0 2850.0 -0.78939
1750.0 2850.0 -1.02084
1850.0 2850.0 -1.19871
1950.0 2850.0 -1.30190
2050.0 2850.0 -1.32931
2150.0 2850.0 -1.29825
2250.0 2850.0 -1.23711
2350.0 2850.0 -1.15960
2450.0 2850.0 -1.02576
2550.0 2850.0 -0.83301
2650.0 2850.0 -0.61844
2750.0 2850.0 -0.43080
2850.0 2850.0 -0.31061
2950.0 2850.0 -0.27808
3050.0 2850.0 -0.32910
3150.0 2850.0 -0.43915
3250.0 2850.0 -0.57518
3350.0 2850.0 -0.70891
3450.0 2850.0 -0.78054
3550.0 2850.0 -0.75081
3650.0 2850.0 -0.63203
3750.0 2850.0 -0.46684
3850.0 2850.0 -0.30950
3950.0 2850.0 -0.21070
4050.0 2850.0 -0.20556
4150.0 2850.0 -0.30514
4250.0 2850.0 -0.49131
4350.0 2850.0 -0.71581
4450.0 2850.0 -0.92643
4550.0 2850.0 -1.08140
4650.0 2850.0 -1.14333
4750.0 2850.0 -1.09438
4850.0 2850.0 -0.94472
4950.0 2850.0 -0.73236
5050.0 2850.0 -0.51470
5150.0 2850.0 -0.35142
5250.0 2850.0 -0.27909
5350.0 2850.0 -0.27741
5450.0 2850.0 -0.27647
5550.0 2850.0 -0.25112
5650.0 2850.0 -0.20240
5750.0 2850.0 -0.14237
5850.0 2850.0 -0.08675
5950.0 2850.0 -0.04953
6050.0 2850.0 -0.03933
6150.0 2850.0 -0.05766
6250.0 2850.0 -0.09898
6350.0 2850.0 -0.15264
50.0 2950.0 0.19520
150.0 2950.0 0.32733
250.0 2950.0 0.46711
350.0 2950.0 0.60549
450.0 2950.0 0.72270
550.0 2950.0 0.78600
650.0 2950.0 0.76938
750.0 2950.0 0.66633
850.0 2950.0 0.49450
950.0 2950.0 0.29220
1050.0 2950.0 0.10682
1150.0 2950.0 -0.02494
1250.0 2950.0 -0.10483
1350.0 2950.0 -0.20076
1450.0 2950.0 -0.37803
1550.0 2950.0 -0.63064
1650.0 2950.0 -0.91070
1750.0 2950.0 -1.15898
1850.0 2950.0 -1.32678
1950.0 2950.0 -1.38919
2050.0 2950.0 -1.34969
2150.0 2950.0 -1.23609
2250.0 2950.0 -1.08787
2350.0 2950.0 -0.91929
2450.0 2950.0 -0.67803
2550.0 2950.0 -0.37284
2650.0 2950.0 -0.06709
2750.0 2950.0 0.16608
2850.0 2950.0 0.27437
2950.0 2950.0 0.24273
3050.0 2950.0 0.09558
3150.0 2950.0 -0.11523
3250.0 2950.0 -0.33662
3350.0 2950.0 -0.54494
3450.0 2950.0 -0.68651
3550.0 2950.0 -0.71366
3650.0 2950.0 -0.63095
3750.0 2950.0 -0.47778
3850.0 2950.0 -0.31140
3950.0 2950.0 -0.19144
4050.0 2950.0 -0.16579
4150.0 2950.0 -0.25803
4250.0 2950.0 -0.45625
4350.0 2950.0 -0.70518
4450.0 2950.0 -0.95059
4550.0 2950.0 -1.15695
4650.0 2950.0 -1.28013
4750.0 2950.0 -1.28959
4850.0 2950.0 -1.18323
4950.0 2950.0 -0.99145
5050.0 2950.0 -0.77058
5150.0 2950.0 -0.58550
5250.0 2950.0 -0.48164
5350.0 2950.0 -0.44631
5450.0 2950.0 -0.39813
5550.0 2950.0 -0.29159
5650.0 2950.0 -0.13664
5750.0 2950.0 0.02976
5850.0 2950.0 0.16535
5950.0 2950.0 0.23774
6050.0 2950.0 0.23306
6150.0 2950.0 0.15806
6250.0 2950.0 0.03574
6350.0 2950.0 -0.10563
50.0 3050.0 0.27610
150.0 3050.0 0.38165
250.0 3050.0 0.49786
350.0 3050.0 0.61124
450.0 3050.0 0.70132
550.0 3050.0 0.73953
650.0 3050.0 0.70506
750.0 3050.0 0.59495
850.0 3050.0 0.42727
950.0 3050.0 0.23745
1050.0 3050.0 0.06769
1150.0 3050.0 -0.05052
1250.0 3050.0 -0.12074
1350.0 3050.0 -0.21101
1450.0 3050.0 -0.39093
1550.0 3050.0 -0.64973
1650.0 3050.0 -0.92985
1750.0 3050.0 -1.16314
1850.0 3050.0 -1.29635
1950.0 3050.0 -1.30581
2050.0 3050.0 -1.20139
2150.0 3050.0 -1.01963
2250.0 3050.0 -0.80618
2350.0 3050.0 -0.57178
2450.0 3050.0 -0.25696
2550.0 3050.0 0.11919
2650.0 3050.0 0.47453
2750.0 3050.0 0.72021
2850.0 3050.0 0.79836
2950.0 3050.0 0.70090
3050.0 3050.0 0.46968
3150.0 3050.0 0.17776
3250.0 3050.0 -0.10805
3350.0 3050.0 -0.37080
3450.0 3050.0 -0.56203
3550.0 3050.0 -0.62697
3650.0 3050.0 -0.56449
3750.0 3050.0 -0.41232
3850.0 3050.0 -0.23101
3950.0 3050.0 -0.08795
4050.0 3050.0 -0.04147
4150.0 3050.0 -0.12489
4250.0 3050.0 -0.33073
4350.0 3050.0 -0.59744
4450.0 3050.0 -0.86849
4550.0 3050.0 -1.11306
4650.0 3050.0 -1.28216
4750.0 3050.0 -1.33586
4850.0 3050.0 -1.26287
4950.0 3050.0 -1.08777
5050.0 3050.0 -0.86587
5150.0 3050.0 -0.66570
5250.0 3050.0 -0.53915
5350.0 3050.0 -0.47929
5450.0 3050.0 -0.39766
5550.0 3050.0 -0.23620
5650.0 3050.0 -0.01210
5750.0 3050.0 0.22017
5850.0 3050.0 0.40055
5950.0 3050.0 0.48523
6050.0 3050.0 0.45848
6150.0 3050.0 0.33452
6250.0 3050.0 0.14950
6350.0 3050.0 -0.05656
50.0 3150.0 0.18252
150.0 3150.0 0.27394
250.0 3150.0 0.37746
350.0 3150.0 0.48044
450.0 3150.0 0.56695
550.0 3150.0 0.61188
650.0 3150.0 0.59538
750.0 3150.0 0.51262
850.0 3150.0 0.37725
950.0 3150.0 0.21874
1050.0 3150.0 0.07347
1150.0 3150.0 -0.03044
1250.0 3150.0 -0.09448
1350.0 3150.0 -0.17995
1450.0 3150.0 -0.35316
1550.0 3150.0 -0.59894
1650.0 3150.0 -0.85558
1750.0 3150.0 -1.05321
1850.0 3150.0 -1.14019
1950.0 3150.0 -1.09759
2050.0 3150.0 -0.94179
2150.0 3150.0 -0.71513
2250.0 3150.0 -0.46470
2350.0 3150.0 -0.19555
2450.0 3150.0 0.15248
2550.0 3150.0 0.55200
2650.0 3150.0 0.91123
2750.0 3150.0 1.13568
2850.0 3150.0 1.16853
2950.0 3150.0 1.00981
3050.0 3150.0 0.71432
3150.0 3150.0 0.36829
3250.0 3150.0 0.04475
3350.0 3150.0 -0.24731
3450.0 3150.0 -0.46255
3550.0 3150.0 -0.54031
3650.0 3150.0 -0.47632
3750.0 3150.0 -0.30881
3850.0 3150.0 -0.10240
3950.0 3150.0 0.06874
4050.0 3150.0 0.13846
4150.0 3150.0 0.06686
4250.0 3150.0 -0.14069
4350.0 3150.0 -0.41689
4450.0 3150.0 -0.70130
4550.0 3150.0 -0.96485
4650.0 3150.0 -1.15580
4750.0 3150.0 -1.22943
4850.0 3150.0 -1.17003
4950.0 3150.0 -0.99970
5050.0 3150.0 -0.77382
5150.0 3150.0 -0.56330
5250.0 3150.0 -0.42355
5350.0 3150.0 -0.35030
5450.0 3150.0 -0.25248
5550.0 3150.0 -0.06920
5650.0 3150.0 0.17710
5750.0 3150.0 0.42365
5850.0 3150.0 0.60364
5950.0 3150.0 0.67074
6050.0 3150.0 0.61176
6150.0 3150.0 0.44757
6250.0 3150.0 0.22216
6350.0 3150.0 -0.02007
50.0 3250.0 -0.05720
150.0 3250.0 0.03021
250.0 3250.0 0.13032
350.0 3250.0 0.23538
450.0 3250.0 0.33837
550.0 3250.0 0.41701
650.0 3250.0 0.44881
750.0 3250.0 0.42246
850.0 3250.0 0.34309
950.0 3250.0 0.23168
1050.0 3250.0 0.11826
1150.0 3250.0 0.02919
1250.0 3250.0 -0.03166
1350.0 3250.0 -0.11373
1450.0 3250.0 -0.27529
1550.0 3250.0 -0.49773
1650.0 3250.0 -0.71957
1750.0 3250.0 -0.87421
1850.0 3250.0 -0.91536
1950.0 3250.0 -0.83028
2050.0 3250.0 -0.64084
2150.0 3250.0 -0.39225
2250.0 3250.0 -0.12970
2350.0 3250.0 0.14764
2450.0 3250.0 0.49521
2550.0 3250.0 0.87938
2650.0 3250.0 1.20656
2750.0 3250.0 1.38479
2850.0 3250.0 1.36346
2950.0 3250.0 1.15104
3050.0 3250.0 0.81095
3150.0 3250.0 0.43542
3250.0 3250.0 0.09749
3350.0 3250.0 -0.20230
3450.0 3250.0 -0.41926
3550.0 3250.0 -0.48768
3650.0 3250.0 -0.40235
3750.0 3250.0 -0.20401
3850.0 3250.0 0.03778
3950.0 3250.0 0.24274
4050.0 3250.0 0.33885
4150.0 3250.0 0.28231
4250.0 3250.0 0.07834
4350.0 3250.0 -0.20020
4450.0 3250.0 -0.48692
4550.0 3250.0 -0.75136
4650.0 3250.0 -0.94071
4750.0 3250.0 -1.00968
4850.0 3250.0 -0.94277
4950.0 3250.0 -0.76307
5050.0 3250.0 -0.52754
5150.0 3250.0 -0.30874
5250.0 3250.0 -0.16315
5350.0 3250.0 -0.08600
5450.0 3250.0 0.01314
5550.0 3250.0 0.18956
5650.0 3250.0 0.41722
5750.0 3250.0 0.63304
5850.0 3250.0 0.77302
5950.0 3250.0 0.79605
6050.0 3250.0 0.69543
6150.0 3250.0 0.49805
6250.0 3250.0 0.25121
6350.0 3250.0 -0.00276
50.0 3350.0 -0.34369
150.0 3350.0 -0.25629
250.0 3350.0 -0.15563
350.0 3350.0 -0.04372
450.0 3350.0 0.08235
550.0 3350.0 0.20280
650.0 3350.0 0.29139
750.0 3350.0 0.32907
850.0 3350.0 0.31154
950.0 3350.0 0.25080
1050.0 3350.0 0.17070
1150.0 3350.0 0.09649
1250.0 3350.0 0.03824
1350.0 3350.0 -0.04033
1450.0 3350.0 -0.18791
1550.0 3350.0 -0.38302
1650.0 3350.0 -0.56617
1750.0 3350.0 -0.67589
1850.0 3350.0 -0.67253
1950.0 3350.0 -0.54988
2050.0 3350.0 -0.33464
2150.0 3350.0 -0.07359
2250.0 3350.0 0.19130
2350.0 3350.0 0.46652
2450.0 3350.0 0.80072
2550.0 3350.0 1.15494
2650.0 3350.0 1.43673
2750.0 3350.0 1.55976
2850.0 3350.0 1.48149
2950.0 3350.0 1.21885
3050.0 3350.0 0.84212
3150.0 3350.0 0.44674
3250.0 3350.0 0.10334
3350.0 3350.0 -0.19603
3450.0 3350.0 -0.40680
3550.0 3350.0 -0.45877
3650.0 3350.0 -0.34639
3750.0 3350.0 -0.11327
3850.0 3350.0 0.16622
3950.0 3350.0 0.40627
4050.0 3350.0 0.52991
4150.0 3350.0 0.49035
4250.0 3350.0 0.29321
4350.0 3350.0 0.01648
4450.0 3350.0 -0.26666
4550.0 3350.0 -0.52299
4650.0 3350.0 -0.69947
4750.0 3350.0 -0.75222
4850.0 3350.0 -0.66804
4950.0 3350.0 -0.47252
5050.0 3350.0 -0.22476
5150.0 3350.0 0.00146
5250.0 3350.0 0.14980
5350.0 3350.0 0.22694
5450.0 3350.0 0.32126
5550.0 3350.0 0.47899
5650.0 3350.0 0.67119
5750.0 3350.0 0.83780
5850.0 3350.0 0.92159
5950.0 3350.0 0.88989
6050.0 3350.0 0.74406
6150.0 3350.0 0.51670
6250.0 3350.0 0.25653
6350.0 3350.0 0.00115
50.0 3450.0 -0.55540
150.0 3450.0 -0.46369
250.0 3450.0 -0.35708
350.0 3450.0 -0.23674
450.0 3450.0 -0.09612
550.0 3450.0 0.04617
650.0 3450.0 0.16274
750.0 3450.0 0.23173
850.0 3450.0 0.24521
950.0 3450.0 0.21162
1050.0 3450.0 0.15217
1150.0 3450.0 0.09140
1250.0 3450.0 0.04169
1350.0 3450.0 -0.02500
1450.0 3450.0 -0.14616
1550.0 3450.0 -0.29783
1650.0 3450.0 -0.42497
1750.0 3450.0 -0.47427
1850.0 3450.0 -0.41515
1950.0 3450.0 -0.24910
2050.0 3450.0 -0.00734
2150.0 3450.0 0.26329
2250.0 3450.0 0.52602
2350.0 3450.0 0.79420
2450.0 3450.0 1.10921
2550.0 3450.0 1.42704
2650.0 3450.0 1.65748
2750.0 3450.0 1.72091
2850.0 3450.0 1.58351
2950.0 3450.0 1.27068
3050.0 3450.0 0.85892
3150.0 3450.0 0.44589
3250.0 3450.0 0.09898
3350.0 3450.0 -0.19892
3450.0 3450.0 -0.40852
3550.0 3450.0 -0.45835
3650.0 3450.0 -0.34041
3750.0 3450.0 -0.09626
3850.0 3450.0 0.20031
3950.0 3450.0 0.46233
4050.0 3450.0 0.61021
4150.0 3450.0 0.59398
4250.0 3450.0 0.41706
4350.0 3450.0 0.15841
4450.0 3450.0 -0.10316
4550.0 3450.0 -0.33159
4650.0 3450.0 -0.47642
4750.0 3450.0 -0.49860
4850.0 3450.0 -0.38961
4950.0 3450.0 -0.17797
5050.0 3450.0 0.07686
5150.0 3450.0 0.30306
5250.0 3450.0 0.44767
5350.0 3450.0 0.52027
5450.0 3450.0 0.60364
5550.0 3450.0 0.73166
5650.0 3450.0 0.87386
5750.0 3450.0 0.97684
5850.0 3450.0 0.99395
5950.0 3450.0 0.90360
6050.0 3450.0 0.71591
6150.0 3450.0 0.46791
6250.0 3450.0 0.20719
6350.0 3450.0 -0.03596
50.0 3550.0 -0.63067
150.0 3550.0 -0.52752
250.0 3550.0 -0.40545
350.0 3550.0 -0.27371
450.0 3550.0 -0.13277
550.0 3550.0 -0.00228
650.0 3550.0 0.09359
750.0 3550.0 0.13863
850.0 3550.0 0.13125
950.0 3550.0 0.08541
1050.0 3550.0 0.02566
1150.0 3550.0 -0.02345
1250.0 3550.0 -0.05391
1350.0 3550.0 -0.09453
1450.0 3550.0 -0.17067
1550.0 3550.0 -0.25730
1650.0 3550.0 -0.30776
1750.0 3550.0 -0.28086
1850.0 3550.0 -0.15763
1950.0 3550.0 0.05241
2050.0 3550.0 0.31532
2150.0 3550.0 0.58728
2250.0 3550.0 0.83947
2350.0 3550.0 1.09248
2450.0 3550.0 1.38038
2550.0 3550.0 1.65550
2650.0 3550.0 1.83147
2750.0 3550.0 1.83640
2850.0 3550.0 1.64500
2950.0 3550.0 1.28984
3050.0 3550.0 0.85145
3150.0 3550.0 0.42753
3250.0 3550.0 0.08115
3350.0 3550.0 -0.21360
3450.0 3550.0 -0.43112
3550.0 3550.0 -0.50423
3650.0 3550.0 -0.41860
3750.0 3550.0 -0.20519
3850.0 3550.0 0.07237
3950.0 3550.0 0.33362
4050.0 3550.0 0.50038
4150.0 3550.0 0.51904
4250.0 3550.0 0.38622
4350.0 3550.0 0.17446
4450.0 3550.0 -0.03451
4550.0 3550.0 -0.20282
4650.0 3550.0 -0.28767
4750.0 3550.0 -0.26046
4850.0 3550.0 -0.12064
4950.0 3550.0 0.10079
5050.0 3550.0 0.34802
5150.0 3550.0 0.55755
5250.0 3550.0 0.68558
5350.0 3550.0 0.74556
5450.0 3550.0 0.80789
5550.0 3550.0 0.88978
5650.0 3550.0 0.96203
5750.0 3550.0 0.98381
5850.0 3550.0 0.92478
5950.0 3550.0 0.77769
6050.0 3550.0 0.56136
6150.0 3550.0 0.31410
6250.0 3550.0 0.07757
6350.0 3550.0 -0.12897
50.0 3650.0 -0.56551
150.0 3650.0 -0.44438
250.0 3650.0 -0.29729
350.0 3650.0 -0.15065
450.0 3650.0 -0.02203
550.0 3650.0 0.06583
650.0 3650.0 0.09615
750.0 3650.0 0.06628
850.0 3650.0 -0.00968
950.0 3650.0 -0.10376
1050.0 3650.0 -0.18245
1150.0 3650.0 -0.22062
1250.0 3650.0 -0.22088
1350.0 3650.0 -0.22218
1450.0 3650.0 -0.23961
1550.0 3650.0 -0.24971
1650.0 3650.0 -0.21739
1750.0 3650.0 -0.11568
1850.0 3650.0 0.06280
1950.0 3650.0 0.30272
2050.0 3650.0 0.57117
2150.0 3650.0 0.83114
2250.0 3650.0 1.06330
2350.0 3650.0 1.29334
2450.0 3650.0 1.54915
2550.0 3650.0 1.78204
2650.0 3650.0 1.91087
2750.0 3650.0 1.87112
2850.0 3650.0 1.64408
2950.0 3650.0 1.26613
3050.0 3650.0 0.81809
3150.0 3650.0 0.39471
3250.0 3650.0 0.05422
3350.0 3650.0 -0.23567
3450.0 3650.0 -0.47009
3550.0 3650.0 -0.59164
3650.0 3650.0 -0.57580
3750.0 3650.0 -0.43429
3850.0 3650.0 -0.21110
3950.0 3650.0 0.02743
4050.0 3650.0 0.20841
4150.0 3650.0 0.27412
4250.0 3650.0 0.20966
4350.0 3650.0 0.07389
4450.0 3650.0 -0.05242
4550.0 3650.0 -0.13202
4650.0 3650.0 -0.13529
4750.0 3650.0 -0.04901
4850.0 3650.0 0.11738
4950.0 3650.0 0.33234
5050.0 3650.0 0.54928
5150.0 3650.0 0.72033
5250.0 3650.0 0.81677
5350.0 3650.0 0.85574
5450.0 3650.0 0.88787
5550.0 3650.0 0.91114
5650.0 3650.0 0.90118
5750.0 3650.0 0.83510
5850.0 3650.0 0.70314
5950.0 3650.0 0.51379
6050.0 3650.0 0.29268
6150.0 3650.0 0.07485
6250.0 3650.0 -0.10918
6350.0 3650.0 -0.25390
50.0 3750.0 -0.39811
150.0 3750.0 -0.25518
250.0 3750.0 -0.07637
350.0 3750.0 0.08824
450.0 3750.0 0.19777
550.0 3750.0 0.22514
650.0 3750.0 0.16357
750.0 3750.0 0.02881
850.0 3750.0 -0.14365
950.0 3750.0 -0.30664
1050.0 3750.0 -0.41436
1150.0 3750.0 -0.44077
1250.0 3750.0 -0.40290
1350.0 3750.0 -0.35687
1450.0 3750.0 -0.31224
1550.0 3750.0 -0.25037
1650.0 3750.0 -0.14916
1750.0 3750.0 0.00509
1850.0 3750.0 0.21132
1950.0 3750.0 0.45308
2050.0 3750.0 0.70353
2150.0 3750.0 0.93597
2250.0 3750.0 1.14016
2350.0 3750.0 1.34226
2450.0 3750.0 1.56619
2550.0 3750.0 1.76563
2650.0 3750.0 1.86531
2750.0 3750.0 1.80629
2850.0 3750.0 1.57272
2950.0 3750.0 1.20005
3050.0 3750.0 0.76478
3150.0 3750.0 0.35566
3250.0 3750.0 0.02640
3350.0 3750.0 -0.25736
3450.0 3750.0 -0.51478
3550.0 3750.0 -0.70194
3650.0 3750.0 -0.78133
3750.0 3750.0 -0.73950
3850.0 3750.0 -0.59426
3950.0 3750.0 -0.39271
4050.0 3750.0 -0.19984
4150.0 3750.0 -0.07795
4250.0 3750.0 -0.05672
4350.0 3750.0 -0.09602
4450.0 3750.0 -0.11997
4550.0 3750.0 -0.09562
4650.0 3750.0 -0.01067
4750.0 3750.0 0.13004
4850.0 3750.0 0.30727
4950.0 3750.0 0.49220
5050.0 3750.0 0.65315
5150.0 3750.0 0.76420
5250.0 3750.0 0.81593
5350.0 3750.0 0.82773
5450.0 3750.0 0.82441
5550.0 3750.0 0.78532
5650.0 3750.0 0.69423
5750.0 3750.0 0.54924
5850.0 3750.0 0.36229
5950.0 3750.0 0.15634
6050.0 3750.0 -0.03985
6150.0 3750.0 -0.19931
6250.0 3750.0 -0.30680
6350.0 3750.0 -0.37123
50.0 3850.0 -0.19270
150.0 3850.0 -0.02785
250.0 3850.0 0.18482
350.0 3850.0 0.36927
450.0 3850.0 0.46047
550.0 3850.0 0.42698
650.0 3850.0 0.27234
750.0 3850.0 0.03127
850.0 3850.0 -0.23874
950.0 3850.0 -0.47080
1050.0 3850.0 -0.60655
1150.0 3850.0 -0.61905
1250.0 3850.0 -0.54020
1350.0 3850.0 -0.44608
1450.0 3850.0 -0.34714
1550.0 3850.0 -0.23266
1650.0 3850.0 -0.09270
1750.0 3850.0 0.07679
1850.0 3850.0 0.27182
1950.0 3850.0 0.48080
2050.0 3850.0 0.68789
2150.0 3850.0 0.87906
2250.0 3850.0 1.05090
2350.0 3850.0 1.22419
2450.0 3850.0 1.42154
2550.0 3850.0 1.60228
2650.0 3850.0 1.69679
2750.0 3850.0 1.64888
2850.0 3850.0 1.44110
2950.0 3850.0 1.10302
3050.0 3850.0 0.70256
3150.0 3850.0 0.32017
3250.0 3850.0 0.00608
3350.0 3850.0 -0.27107
3450.0 3850.0 -0.55318
3550.0 3850.0 -0.81070
3650.0 3850.0 -0.99228
3750.0 3850.0 -1.05746
3850.0 3850.0 -0.99602
3950.0 3850.0 -0.83438
4050.0 3850.0 -0.62904
4150.0 3850.0 -0.44718
4250.0 3850.0 -0.33429
4350.0 3850.0 -0.27046
4450.0 3850.0 -0.18774
4550.0 3850.0 -0.06133
4650.0 3850.0 0.10189
4750.0 3850.0 0.27935
4850.0 3850.0 0.44433
4950.0 3850.0 0.57451
5050.0 3850.0 0.65740
5150.0 3850.0 0.69274
5250.0 3850.0 0.69194
5350.0 3850.0 0.67417
5450.0 3850.0 0.63541
5550.0 3850.0 0.53985
5650.0 3850.0 0.38169
5750.0 3850.0 0.17990
5850.0 3850.0 -0.03405
5950.0 3850.0 -0.22648
6050.0 3850.0 -0.36985
6150.0 3850.0 -0.44919
6250.0 3850.0 -0.46655
6350.0 3850.0 -0.44361
50.0 3950.0 -0.02283
150.0 3950.0 0.16045
250.0 3950.0 0.40403
350.0 3950.0 0.60847
450.0 3950.0 0.68927
550.0 3950.0 0.61170
650.0 3950.0 0.38766
750.0 3950.0 0.06711
850.0 3950.0 -0.27502
950.0 3950.0 -0.55625
1050.0 3950.0 -0.70849
1150.0 3950.0 -0.70425
1250.0 3950.0 -0.58733
1350.0 3950.0 -0.45166
1450.0 3950.0 -0.31479
1550.0 3950.0 -0.17588
1650.0 3950.0 -0.03454
1750.0 3950.0 0.10899
1850.0 3950.0 0.25390
1950.0 3950.0 0.39896
2050.0 3950.0 0.54288
2150.0 3950.0 0.68472
2250.0 3950.0 0.82460
2350.0 3950.0 0.97242
2450.0 3950.0 1.15195
2550.0 3950.0 1.33034
2650.0 3950.0 1.44261
2750.0 3950.0 1.43228
2850.0 3950.0 1.27643
2950.0 3950.0 0.99506
3050.0 3950.0 0.64476
3150.0 3950.0 0.29675
3250.0 3950.0 -0.00071
3350.0 3950.0 -0.27168
3450.0 3950.0 -0.57534
3550.0 3950.0 -0.89457
3650.0 3950.0 -1.16526
3750.0 3950.0 -1.32275
3850.0 3950.0 -1.33196
3950.0 3950.0 -1.20128
4050.0 3950.0 -0.98022
4150.0 3950.0 -0.74090
4250.0 3950.0 -0.54318
4350.0 3950.0 -0.38495
4450.0 3950.0 -0.20751
4550.0 3950.0 0.00291
4650.0 3950.0 0.22114
4750.0 3950.0 0.41005
4850.0 3950.0 0.53918
4950.0 3950.0 0.59582
5050.0 3950.0 0.58846
5150.0 3950.0 0.54256
5250.0 3950.0 0.48880
5350.0 3950.0 0.44343
5450.0 3950.0 0.37438
5550.0 3950.0 0.23593
5650.0 3950.0 0.03337
5750.0 3950.0 -0.19660
5850.0 3950.0 -0.40783
5950.0 3950.0 -0.56090
6050.0 3950.0 -0.63335
6150.0 3950.0 -0.62407
6250.0 3950.0 -0.55177
6350.0 3950.0 -0.44759
50.0 4050.0 0.04607
150.0 4050.0 0.24155
250.0 4050.0 0.50875
350.0 4050.0 0.73150
450.0 4050.0 0.81489
550.0 4050.0 0.72278
650.0 4050.0 0.47176
750.0 4050.0 0.11982
850.0 4050.0 -0.24909
950.0 4050.0 -0.54477
1050.0 4050.0 -0.69446
1150.0 4050.0 -0.67079
1250.0 4050.0 -0.52379
1350.0 4050.0 -0.35873
1450.0 4050.0 -0.20439
1550.0 4050.0 -0.07012
1650.0 4050.0 0.03874
1750.0 4050.0 0.12309
1850.0 4050.0 0.19037
1950.0 4050.0 0.25311
2050.0 4050.0 0.32550
2150.0 4050.0 0.41821
2250.0 4050.0 0.53126
2350.0 4050.0 0.66035
2450.0 4050.0 0.83180
2550.0 4050.0 1.02106
2650.0 4050.0 1.16622
2750.0 4050.0 1.20819
2850.0 4050.0 1.11644
2950.0 4050.0 0.89998
3050.0 4050.0 0.60380
3150.0 4050.0 0.29066
3250.0 4050.0 0.00828
3350.0 4050.0 -0.25772
3450.0 4050.0 -0.57579
3550.0 4050.0 -0.93672
3650.0 4050.0 -1.26662
3750.0 4050.0 -1.48332
3850.0 4050.0 -1.53429
3950.0 4050.0 -1.41598
4050.0 4050.0 -1.17416
4150.0 4050.0 -0.88564
4250.0 4050.0 -0.62111
4350.0 4050.0 -0.39051
4450.0 4050.0 -0.14354
4550.0 4050.0 0.12140
4650.0 4050.0 0.36448
4750.0 4050.0 0.53908
4850.0 4050.0 0.61509
4950.0 4050.0 0.59103
5050.0 4050.0 0.49497
5150.0 4050.0 0.37443
5250.0 4050.0 0.27502
5350.0 4050.0 0.20796
5450.0 4050.0 0.11752
5550.0 4050.0 -0.04624
5650.0 4050.0 -0.26830
5750.0 4050.0 -0.49950
5850.0 4050.0 -0.68518
5950.0 4050.0 -0.78500
6050.0 4050.0 -0.78381
6150.0 4050.0 -0.69357
6250.0 4050.0 -0.54646
6350.0 4050.0 -0.37894
50.0 4150.0 -0.02529
150.0 4150.0 0.17504
250.0 4150.0 0.45608
350.0 4150.0 0.69410
450.0 4150.0 0.79478
550.0 4150.0 0.72286
650.0 4150.0 0.49506
750.0 4150.0 0.16875
850.0 4150.0 -0.17343
950.0 4150.0 -0.44289
1050.0 4150.0 -0.56840
1150.0 4150.0 -0.52343
1250.0 4150.0 -0.35735
1350.0 4150.0 -0.17752
1450.0 4150.0 -0.02504
1550.0 4150.0 0.08200
1650.0 4150.0 0.13660
1750.0 4150.0 0.14492
1850.0 4150.0 0.12538
1950.0 4150.0 0.10467
2050.0 4150.0 0.11071
2150.0 4150.0 0.16257
2250.0 4150.0 0.25739
2350.0 4150.0 0.37613
2450.0 4150.0 0.54775
2550.0 4150.0 0.75464
2650.0 4150.0 0.93625
2750.0 4150.0 1.02985
2850.0 4150.0 0.99738
2950.0 4150.0 0.83817
3050.0 4150.0 0.58777
3150.0 4150.0 0.30270
3250.0 4150.0 0.03129
3350.0 4150.0 -0.23147
3450.0 4150.0 -0.55459
3550.0 4150.0 -0.93107
3650.0 4150.0 -1.28119
3750.0 4150.0 -1.51409
3850.0 4150.0 -1.56968
3950.0 4150.0 -1.44032
4050.0 4150.0 -1.17219
4150.0 4150.0 -0.84635
4250.0 4150.0 -0.53956
4350.0 4150.0 -0.26623
4450.0 4150.0 0.01832
4550.0 4150.0 0.30450
4650.0 4150.0 0.54304
4750.0 4150.0 0.68364
4850.0 4150.0 0.69997
4950.0 4150.0 0.60139
5050.0 4150.0 0.43145
5150.0 4150.0 0.25320
5250.0 4150.0 0.12129
5350.0 4150.0 0.04084
5450.0 4150.0 -0.06060
5550.0 4150.0 -0.23262
5650.0 4150.0 -0.45336
5750.0 4150.0 -0.66733
5850.0 4150.0 -0.81727
5950.0 4150.0 -0.86537
6050.0 4150.0 -0.80377
6150.0 4150.0 -0.65433
6250.0 4150.0 -0.45774
6350.0 4150.0 -0.25194
50.0 4250.0 -0.23134
150.0 4250.0 -0.03251
250.0 4250.0 0.25319
350.0 4250.0 0.50315
450.0 4250.0 0.63340
550.0 4250.0 0.61153
650.0 4250.0 0.45038
750.0 4250.0 0.19903
850.0 4250.0 -0.07020
950.0 4250.0 -0.27858
1050.0 4250.0 -0.36180
1150.0 4250.0 -0.29474
1250.0 4250.0 -0.12011
1350.0 4250.0 0.06166
1450.0 4250.0 0.19875
1550.0 4250.0 0.26672
1650.0 4250.0 0.26004
1750.0 4250.0 0.19230
1850.0 4250.0 0.09310
1950.0 4250.0 0.00135
2050.0 4250.0 -0.04476
2150.0 4250.0 -0.02133
2250.0 4250.0 0.06429
2350.0 4250.0 0.18020
2450.0 4250.0 0.35702
2550.0 4250.0 0.58161
2650.0 4250.0 0.79345
2750.0 4250.0 0.92639
2850.0 4250.0 0.93661
2950.0 4250.0 0.81677
3050.0 4250.0 0.59650
3150.0 4250.0 0.32889
3250.0 4250.0 0.06339
3350.0 4250.0 -0.19777
3450.0 4250.0 -0.51730
3550.0 4250.0 -0.88511
3650.0 4250.0 -1.21939
3750.0 4250.0 -1.42887
3850.0 4250.0 -1.45501
3950.0 4250.0 -1.29344
4050.0 4250.0 -0.99447
4150.0 4250.0 -0.64294
4250.0 4250.0 -0.31719
4350.0 4250.0 -0.02909
4450.0 4250.0 0.26405
4550.0 4250.0 0.54371
4650.0 4250.0 0.75640
4750.0 4250.0 0.85297
4850.0 4250.0 0.81291
4950.0 4250.0 0.65466
5050.0 4250.0 0.43202
5150.0 4250.0 0.21662
5250.0 4250.0 0.06648
5350.0 4250.0 -0.01932
5450.0 4250.0 -0.12286
5550.0 4250.0 -0.29083
5650.0 4250.0 -0.49787
5750.0 4250.0 -0.68736
5850.0 4250.0 -0.80364
5950.0 4250.0 -0.81295
6050.0 4250.0 -0.71303
6150.0 4250.0 -0.53138
6250.0 4250.0 -0.31226
6350.0 4250.0 -0.09234
50.0 4350.0 -0.50295
150.0 4350.0 -0.30871
250.0 4350.0 -0.02318
350.0 4350.0 0.23659
450.0 4350.0 0.40154
550.0 4350.0 0.44308
650.0 4350.0 0.36832
750.0 4350.0 0.21450
850.0 4350.0 0.03942
950.0 4350.0 -0.09191
1050.0 4350.0 -0.12467
1150.0 4350.0 -0.03548
1250.0 4350.0 0.14246
1350.0 4350.0 0.32024
1450.0 4350.0 0.43703
1550.0 4350.0 0.46366
1650.0 4350.0 0.39731
1750.0 4350.0 0.25940
1850.0 4350.0 0.08985
1950.0 4350.0 -0.06198
2050.0 4350.0 -0.14998
2150.0 4350.0 -0.14741
2250.0 4350.0 -0.06642
2350.0 4350.0 0.05001
2450.0 4350.0 0.23332
2550.0 4350.0 0.47327
2650.0 4350.0 0.70886
2750.0 4350.0 0.87099
2850.0 4350.0 0.91155
2950.0 4350.0 0.81868
3050.0 4350.0 0.61821
3150.0 4350.0 0.36141
3250.0 4350.0 0.09894
3350.0 4350.0 -0.16147
3450.0 4350.0 -0.47322
3550.0 4350.0 -0.82055
3650.0 4350.0 -1.12142
3750.0 4350.0 -1.28821
3850.0 4350.0 -1.26843
3950.0 4350.0 -1.06450
4050.0 4350.0 -0.73271
4150.0 4350.0 -0.36142
4250.0 4350.0 -0.02833
4350.0 4350.0 0.26072
4450.0 4350.0 0.54848
4550.0 4350.0 0.80921
4650.0 4350.0 0.98788
4750.0 4350.0 1.03866
4850.0 4350.0 0.94743
4950.0 4350.0 0.74033
5050.0 4350.0 0.47832
5150.0 4350.0 0.23782
5250.0 4350.0 0.07735
5350.0 4350.0 -0.00964
5450.0 4350.0 -0.11108
5550.0 4350.0 -0.27015
5650.0 4350.0 -0.45987
5750.0 4350.0 -0.62487
5850.0 4350.0 -0.71271
5950.0 4350.0 -0.69378
6050.0 4350.0 -0.56996
6150.0 4350.0 -0.37182
6250.0 4350.0 -0.14458
6350.0 4350.0 0.07734
50.0 4450.0 -0.72455
150.0 4450.0 -0.53971
250.0 4450.0 -0.26218
350.0 4450.0 -0.00164
450.0 4450.0 0.18715
550.0 4450.0 0.28026
650.0 4450.0 0.28070
750.0 4450.0 0.21534
850.0 4450.0 0.12835
950.0 4450.0 0.07099
1050.0 4450.0 0.08777
1150.0 4450.0 0.19913
1250.0 4450.0 0.38043
1350.0 4450.0 0.55551
1450.0 4450.0 0.65785
1550.0 4450.0 0.65401
1650.0 4450.0 0.54219
1750.0 4450.0 0.34882
1850.0 4450.0 0.12143
1950.0 4450.0 -0.08239
2050.0 4450.0 -0.20958
2150.0 4450.0 -0.23013
2250.0 4450.0 -0.15928
2350.0 4450.0 -0.04866
2450.0 4450.0 0.13441
2550.0 4450.0 0.38309
2650.0 4450.0 0.63673
2750.0 4450.0 0.82409
2850.0 4450.0 0.89306
2950.0 4450.0 0.82689
3050.0 4450.0 0.64686
3150.0 4450.0 0.40142
3250.0 4450.0 0.14177
3350.0 4450.0 -0.11853
3450.0 4450.0 -0.42310
3550.0 4450.0 -0.75054
3650.0 4450.0 -1.01863
3750.0 4450.0 -1.14353
3850.0 4450.0 -1.07881
3950.0 4450.0 -0.83368
4050.0 4450.0 -0.47037
4150.0 4450.0 -0.08063
4250.0 4450.0 0.25855
4350.0 4450.0 0.54734
4450.0 4450.0 0.82935
4550.0 4450.0 1.07299
4650.0 4450.0 1.22261
4750.0 4450.0 1.23581
4850.0 4450.0 1.10416
4950.0 4450.0 0.86008
5050.0 4450.0 0.56995
5150.0 4450.0 0.31334
5250.0 4450.0 0.14849
5350.0 4450.0 0.06407
5450.0 4450.0 -0.03235
5550.0 4450.0 -0.18147
5650.0 4450.0 -0.35554
5750.0 4450.0 -0.50055
5850.0 4450.0 -0.56662
5950.0 4450.0 -0.52712
6050.0 4450.0 -0.38654
6150.0 4450.0 -0.17714
6250.0 4450.0 0.05572
6350.0 4450.0 0.27939
50.0 4550.0 -0.81503
150.0 4550.0 -0.65078
250.0 4550.0 -0.39851
350.0 4550.0 -0.15785
450.0 4550.0 0.02797
550.0 4550.0 0.14135
650.0 4550.0 0.18530
750.0 4550.0 0.18077
850.0 4550.0 0.16137
950.0 4550.0 0.16565
1050.0 4550.0 0.22674
1150.0 4550.0 0.35943
1250.0 4550.0 0.54472
1350.0 4550.0 0.72097
1450.0 4550.0 0.82334
1550.0 4550.0 0.81514
1650.0 4550.0 0.69140
1750.0 4550.0 0.47713
1850.0 4550.0 0.22085
1950.0 4550.0 -0.01645
2050.0 4550.0 -0.17694
2150.0 4550.0 -0.22629
2250.0 4550.0 -0.17855
2350.0 4550.0 -0.08859
2450.0 4550.0 0.07867
2550.0 4550.0 0.32102
2650.0 4550.0 0.58028
2750.0 4550.0 0.78473
2850.0 4550.0 0.87880
2950.0 4550.0 0.83996
3050.0 4550.0 0.68288
3150.0 4550.0 0.45074
3250.0 4550.0 0.19379
3350.0 4550.0 -0.06779
3450.0 4550.0 -0.36775
3550.0 4550.0 -0.67986
3650.0 4550.0 -0.92170
3750.0 4550.0 -1.01253
3850.0 4550.0 -0.91101
3950.0 4550.0 -0.63210
4050.0 4550.0 -0.24305
4150.0 4550.0 0.16140
4250.0 4550.0 0.50480
4350.0 4550.0 0.79247
4450.0 4550.0 1.06963
4550.0 4550.0 1.30178
4650.0 4550.0 1.43433
4750.0 4550.0 1.42831
4850.0 4550.0 1.27936
4950.0 4550.0 1.02330
5050.0 4550.0 0.72841
5150.0 4550.0 0.47427
5250.0 4550.0 0.31737
5350.0 4550.0 0.24346
5450.0 4550.0 0.15812
5550.0 4550.0 0.02060
5650.0 4550.0 -0.14231
5750.0 4550.0 -0.27782
5850.0 4550.0 -0.33695
5950.0 4550.0 -0.29322
6050.0 4550.0 -0.15047
6150.0 4550.0 0.06027
6250.0 4550.0 0.29491
6350.0 4550.0 0.52139
50.0 4650.0 -0.74652
150.0 4650.0 -0.61637
250.0 4650.0 -0.40848
350.0 4650.0 -0.21118
450.0 4650.0 -0.06036
550.0 4650.0 0.03429
650.0 4650.0 0.08076
750.0 4650.0 0.09969
850.0 4650.0 0.11866
950.0 4650.0 0.16562
1050.0 4650.0 0.26171
1150.0 4650.0 0.41326
1250.0 4650.0 0.60306
1350.0 4650.0 0.78497
1450.0 4650.0 0.90443
1550.0 4650.0 0.92285
1650.0 4650.0 0.82738
1750.0 4650.0 0.63397
1850.0 4650.0 0.38443
1950.0 4650.0 0.13718
2050.0 4650.0 -0.04795
2150.0 4650.0 -0.13128
2250.0 4650.0 -0.12077
2350.0 4650.0 -0.06787
2450.0 4650.0 0.06611
2550.0 4650.0 0.28482
2650.0 4650.0 0.53492
2750.0 4650.0 0.74619
2850.0 4650.0 0.86037
2950.0 4650.0 0.84837
3050.0 4650.0 0.71613
3150.0 4650.0 0.49898
3250.0 4650.0 0.24447
3350.0 4650.0 -0.02004
3450.0 4650.0 -0.31927
3550.0 4650.0 -0.62385
3650.0 4650.0 -0.85114
3750.0 4650.0 -0.92224
3850.0 4650.0 -0.79902
3950.0 4650.0 -0.50009
4050.0 4650.0 -0.09601
4150.0 4650.0 0.31649
4250.0 4650.0 0.66120
4350.0 4650.0 0.94670
4450.0 4650.0 1.21997
4550.0 4650.0 1.44660
4650.0 4650.0 1.57491
4750.0 4650.0 1.56943
4850.0 4650.0 1.42814
4950.0 4650.0 1.18716
5050.0 4650.0 0.91284
5150.0 4650.0 0.68139
5250.0 4650.0 0.54595
5350.0 4650.0 0.49128
5450.0 4650.0 0.42365
5550.0 4650.0 0.29919
5650.0 4650.0 0.14187
5750.0 4650.0 0.00339
5850.0 4650.0 -0.06616
5950.0 4650.0 -0.03722
6050.0 4650.0 0.09076
6150.0 4650.0 0.29129
6250.0 4650.0 0.52322
6350.0 4650.0 0.75362
50.0 4750.0 -0.53783
150.0 4750.0 -0.45359
250.0 4750.0 -0.30492
350.0 4750.0 -0.16993
450.0 4750.0 -0.08178
550.0 4750.0 -0.04142
650.0 4750.0 -0.03156
750.0 4750.0 -0.02640
850.0 4750.0 0.00025
950.0 4750.0 0.06859
1050.0 4750.0 0.18817
1150.0 4750.0 0.35479
1250.0 4750.0 0.54924
1350.0 4750.0 0.74055
1450.0 4750.0 0.89157
1550.0 4750.0 0.96321
1650.0 4750.0 0.93082
1750.0 4750.0 0.79501
1850.0 4750.0 0.58419
1950.0 4750.0 0.34899
2050.0 4750.0 0.14856
2150.0 4750.0 0.02859
2250.0 4750.0 -0.00872
2350.0 4750.0 -0.00560
2450.0 4750.0 0.08127
2550.0 4750.0 0.26217
2650.0 4750.0 0.49039
2750.0 4750.0 0.69899
2850.0 4750.0 0.82778
2950.0 4750.0 0.84078
3050.0 4750.0 0.73378
3150.0 4750.0 0.53232
3250.0 4750.0 0.27988
3350.0 4750.0 0.01109
3450.0 4750.0 -0.29170
3550.0 4750.0 -0.59820
3650.0 4750.0 -0.82550
3750.0 4750.0 -0.89502
3850.0 4750.0 -0.76930
3950.0 4750.0 -0.46791
4050.0 4750.0 -0.06236
4150.0 4750.0 0.34992
4250.0 4750.0 0.69261
4350.0 4750.0 0.97510
4450.0 4750.0 1.24511
4550.0 4750.0 1.47056
4650.0 4750.0 1.60405
4750.0 4750.0 1.61371
4850.0 4750.0 1.49863
4950.0 4750.0 1.29291
5050.0 4750.0 1.05816
5150.0 4750.0 0.86463
5250.0 4750.0 0.76091
5350.0 4750.0 0.73221
5450.0 4750.0 0.68729
5550.0 4750.0 0.57661
5650.0 4750.0 0.41978
5750.0 4750.0 0.26763
5850.0 4750.0 0.17302
5950.0 4750.0 0.17126
6050.0 4750.0 0.27039
6150.0 4750.0 0.45112
6250.0 4750.0 0.67656
6350.0 4750.0 0.91167
50.0 4850.0 -0.24401
150.0 4850.0 -0.21275
250.0 4850.0 -0.13000
350.0 4850.0 -0.06677
450.0 4850.0 -0.05747
550.0 4850.0 -0.09435
650.0 4850.0 -0.14824
750.0 4850.0 -0.18447
850.0 4850.0 -0.17447
950.0 4850.0 -0.10296
1050.0 4850.0 0.02926
1150.0 4850.0 0.20678
1250.0 4850.0 0.40559
1350.0 4850.0 0.60833
1450.0 4850.0 0.79907
1550.0 4850.0 0.93918
1650.0 4850.0 0.99034
1750.0 4850.0 0.93431
1850.0 4850.0 0.78229
1950.0 4850.0 0.57394
2050.0 4850.0 0.36586
2150.0 4850.0 0.20982
2250.0 4850.0 0.12039
2350.0 4850.0 0.06811
2450.0 4850.0 0.10128
2550.0 4850.0 0.23698
2650.0 4850.0 0.43603
2750.0 4850.0 0.63564
2850.0 4850.0 0.77444
2950.0 4850.0 0.80969
3050.0 4850.0 0.72668
3150.0 4850.0 0.54047
3250.0 4850.0 0.28972
3350.0 4850.0 0.01591
3450.0 4850.0 -0.29406
3550.0 4850.0 -0.61116
3650.0 4850.0 -0.85227
3750.0 4850.0 -0.93757
3850.0 4850.0 -0.82785
3950.0 4850.0 -0.54092
4050.0 4850.0 -0.14692
4150.0 4850.0 0.25734
4250.0 4850.0 0.59511
4350.0 4850.0 0.87413
4450.0 4850.0 1.14105
4550.0 4850.0 1.36688
4650.0 4850.0 1.50909
4750.0 4850.0 1.53948
4850.0 4850.0 1.45785
4950.0 4850.0 1.29539
5050.0 4850.0 1.10785
5150.0 4850.0 0.95850
5250.0 4850.0 0.89082
5350.0 4850.0 0.89103
5450.0 4850.0 0.87086
5550.0 4850.0 0.77375
5650.0 4850.0 0.61413
5750.0 4850.0 0.44216
5850.0 4850.0 0.31436
5950.0 4850.0 0.27327
6050.0 4850.0 0.33598
6150.0 4850.0 0.49177
6250.0 4850.0 0.70860
6350.0 4850.0 0.94871
50.0 4950.0 0.05783
150.0 4950.0 0.03561
250.0 4950.0 0.05553
350.0 4950.0 0.04937
450.0 4950.0 -0.02070
550.0 4950.0 -0.13915
650.0 4950.0 -0.26478
750.0 4950.0 -0.35296
850.0 4950.0 -0.37097
950.0 4950.0 -0.30642
1050.0 4950.0 -0.16872
1150.0 4950.0 0.01633
1250.0 4950.0 0.21890
1350.0 4950.0 0.43286
1450.0 4950.0 0.66304
1550.0 4950.0 0.87169
1650.0 4950.0 1.00724
1750.0 4950.0 1.03287
1850.0 4950.0 0.94261
1950.0 4950.0 0.76477
2050.0 4950.0 0.55294
2150.0 4950.0 0.36438
2250.0 4950.0 0.22583
2350.0 4950.0 0.12090
2450.0 4950.0 0.10265
2550.0 4950.0 0.19445
2650.0 4950.0 0.36424
2750.0 4950.0 0.55344
2850.0 4950.0 0.69980
2950.0 4950.0 0.75444
3050.0 4950.0 0.69294
3150.0 4950.0 0.52051
3250.0 4950.0 0.27119
3350.0 4950.0 -0.00759
3450.0 4950.0 -0.32668
3550.0 4950.0 -0.65990
3650.0 4950.0 -0.92400
3750.0 4950.0 -1.03683
3850.0 4950.0 -0.95574
3950.0 4950.0 -0.69484
4050.0 4950.0 -0.32125
4150.0 4950.0 0.06983
4250.0 4950.0 0.40102
4350.0 4950.0 0.67662
4450.0 4950.0 0.94013
4550.0 4950.0 1.16477
4650.0 4950.0 1.31252
4750.0 4950.0 1.35896
4850.0 4950.0 1.30506
4950.0 4950.0 1.17984
5050.0 4950.0 1.03407
5150.0 4950.0 0.92471
5250.0 4950.0 0.89045
5350.0 4950.0 0.91800
5450.0 4950.0 0.92124
5550.0 4950.0 0.83661
5650.0 4950.0 0.67358
5750.0 4950.0 0.48173
5850.0 4950.0 0.32123
5950.0 4950.0 0.24160
6050.0 4950.0 0.26876
6150.0 4950.0 0.40019
6250.0 4950.0 0.60855
6350.0 4950.0 0.85335
50.0 5050.0 0.28663
150.0 5050.0 0.21727
250.0 5050.0 0.18649
350.0 5050.0 0.12468
450.0 5050.0 -0.00912
550.0 5050.0 -0.19317
650.0 5050.0 -0.37661
750.0 5050.0 -0.50677
850.0 5050.0 -0.54756
950.0 5050.0 -0.48886
1050.0 5050.0 -0.34693
1150.0 5050.0 -0.15593
1250.0 5050.0 0.04964
1350.0 5050.0 0.27240
1450.0 5050.0 0.53326
1550.0 5050.0 0.79496
1650.0 5050.0 0.99543
1750.0 5050.0 1.08336
1850.0 5050.0 1.03943
1950.0 5050.0 0.88337
2050.0 5050.0 0.66667
2150.0 5050.0 0.45112
2250.0 5050.0 0.27302
2350.0 5050.0 0.12595
2450.0 5050.0 0.06694
2550.0 5050.0 0.12456
2650.0 5050.0 0.27247
2750.0 5050.0 0.45522
2850.0 5050.0 0.60958
2950.0 5050.0 0.68149
3050.0 5050.0 0.63851
3150.0 5050.0 0.47781
3250.0 5050.0 0.22982
3350.0 5050.0 -0.05306
3450.0 5050.0 -0.38094
3550.0 5050.0 -0.73096
3650.0 5050.0 -1.01978
3750.0 5050.0 -1.16270
3850.0 5050.0 -1.11312
3950.0 5050.0 -0.88095
4050.0 5050.0 -0.52973
4150.0 5050.0 -0.15278
4250.0 5050.0 0.17191
4350.0 5050.0 0.44466
4450.0 5050.0 0.70401
4550.0 5050.0 0.92316
4650.0 5050.0 1.06740
4750.0 5050.0 1.11612
4850.0 5050.0 1.07268
4950.0 5050.0 0.96616
5050.0 5050.0 0.84491
5150.0 5050.0 0.76194
5250.0 5050.0 0.75215
5350.0 5050.0 0.80138
5450.0 5050.0 0.82357
5550.0 5050.0 0.74979
5650.0 5050.0 0.58565
5750.0 5050.0 0.38014
5850.0 5050.0 0.19602
5950.0 5050.0 0.08808
6050.0 5050.0 0.08886
6150.0 5050.0 0.20223
6250.0 5050.0 0.40447
6350.0 5050.0 0.65313
50.0 5150.0 0.37922
150.0 5150.0 0.27438
250.0 5150.0 0.21106
350.0 5150.0 0.11526
450.0 5150.0 -0.05436
550.0 5150.0 -0.27164
650.0 5150.0 -0.48034
750.0 5150.0 -0.62427
850.0 5150.0 -0.66712
950.0 5150.0 -0.60201
1050.0 5150.0 -0.45081
1150.0 5150.0 -0.25318
1250.0 5150.0 -0.04531
1350.0 5150.0 0.18220
1450.0 5150.0 0.45865
1550.0 5150.0 0.74619
1650.0 5150.0 0.97665
1750.0 5150.0 1.09098
1850.0 5150.0 1.06337
1950.0 5150.0 0.91001
2050.0 5150.0 0.68254
2150.0 5150.0 0.44611
2250.0 5150.0 0.24216
2350.0 5150.0 0.06857
2450.0 5150.0 -0.01484
2550.0 5150.0 0.02437
2650.0 5150.0 0.16335
2750.0 5150.0 0.34804
2850.0 5150.0 0.51372
2950.0 5150.0 0.60210
3050.0 5150.0 0.57486
3150.0 5150.0 0.42379
3250.0 5150.0 0.17724
3350.0 5150.0 -0.10828
3450.0 5150.0 -0.44237
3550.0 5150.0 -0.80476
3650.0 5150.0 -1.11204
3750.0 5150.0 -1.27755
3850.0 5150.0 -1.25175
3950.0 5150.0 -1.04125
4050.0 5150.0 -0.70688
4150.0 5150.0 -0.34044
4250.0 5150.0 -0.02041
4350.0 5150.0 0.25041
4450.0 5150.0 0.50463
4550.0 5150.0 0.71236
4650.0 5150.0 0.84043
4750.0 5150.0 0.87201
4850.0 5150.0 0.81460
4950.0 5150.0 0.70038
5050.0 5150.0 0.57901
5150.0 5150.0 0.50284
5250.0 5150.0 0.50452
5350.0 5150.0 0.56704
5450.0 5150.0 0.60180
5550.0 5150.0 0.53709
5650.0 5150.0 0.37648
5750.0 5150.0 0.16823
5850.0 5150.0 -0.02403
5950.0 5150.0 -0.14323
6050.0 5150.0 -0.15355
6150.0 5150.0 -0.04786
6250.0 5150.0 0.15226
6350.0 5150.0 0.40369
50.0 5250.0 0.31614
150.0 5250.0 0.18903
250.0 5250.0 0.11190
350.0 5250.0 0.00512
450.0 5250.0 -0.16897
550.0 5250.0 -0.38128
650.0 5250.0 -0.57510
750.0 5250.0 -0.69626
850.0 5250.0 -0.71259
950.0 5250.0 -0.62252
1050.0 5250.0 -0.45295
1150.0 5250.0 -0.24628
1250.0 5250.0 -0.03662
1350.0 5250.0 0.19124
1450.0 5250.0 0.46658
1550.0 5250.0 0.74961
1650.0 5250.0 0.97072
1750.0 5250.0 1.07055
1850.0 5250.0 1.02437
1950.0 5250.0 0.85068
2050.0 5250.0 0.60396
2150.0 5250.0 0.35173
2250.0 5250.0 0.13577
2350.0 5250.0 -0.04825
2450.0 5250.0 -0.13895
2550.0 5250.0 -0.10121
2650.0 5250.0 0.04333
2750.0 5250.0 0.24002
2850.0 5250.0 0.42189
2950.0 5250.0 0.52719
3050.0 5250.0 0.51385
3150.0 5250.0 0.37075
3250.0 5250.0 0.12590
3350.0 5250.0 -0.16067
3450.0 5250.0 -0.49718
3550.0 5250.0 -0.86430
3650.0 5250.0 -1.17860
3750.0 5250.0 -1.35271
3850.0 5250.0 -1.33592
3950.0 5250.0 -1.13364
4050.0 5250.0 -0.80566
4150.0 5250.0 -0.44323
4250.0 5250.0 -0.12500
4350.0 5250.0 0.14489
4450.0 5250.0 0.39306
4550.0 5250.0 0.58352
4650.0 5250.0 0.68283
4750.0 5250.0 0.67792
4850.0 5250.0 0.58208
4950.0 5250.0 0.43365
5050.0 5250.0 0.28733
5150.0 5250.0 0.19813
5250.0 5250.0 0.19804
5350.0 5250.0 0.26530
5450.0 5250.0 0.30614
5550.0 5250.0 0.24906
5650.0 5250.0 0.09745
5750.0 5250.0 -0.10134
5850.0 5250.0 -0.28473
5950.0 5250.0 -0.39654
6050.0 5250.0 -0.40139
6150.0 5250.0 -0.29207
6250.0 5250.0 -0.08966
6350.0 5250.0 0.16344
50.0 5350.0 0.15052
150.0 5350.0 0.00983
250.0 5350.0 -0.06953
350.0 5350.0 -0.17282
450.0 5350.0 -0.33093
550.0 5350.0 -0.51271
650.0 5350.0 -0.66411
750.0 5350.0 -0.73680
850.0 5350.0 -0.70593
950.0 5350.0 -0.57697
1050.0 5350.0 -0.38180
1150.0 5350.0 -0.16390
1250.0 5350.0 0.04733
1350.0 5350.0 0.27274
1450.0 5350.0 0.53619
1550.0 5350.0 0.79506
1650.0 5350.0 0.98120
1750.0 5350.0 1.03968
1850.0 5350.0 0.95181
1950.0 5350.0 0.74217
2050.0 5350.0 0.46999
2150.0 5350.0 0.20458
2250.0 5350.0 -0.01503
2350.0 5350.0 -0.19959
2450.0 5350.0 -0.28694
2550.0 5350.0 -0.23996
2650.0 5350.0 -0.08051
2750.0 5350.0 0.13495
2850.0 5350.0 0.33665
2950.0 5350.0 0.45977
3050.0 5350.0 0.45965
3150.0 5350.0 0.32379
3250.0 5350.0 0.08093
3350.0 5350.0 -0.20561
3450.0 5350.0 -0.54166
3550.0 5350.0 -0.90751
3650.0 5350.0 -1.21973
3750.0 5350.0 -1.39118
3850.0 5350.0 -1.37155
3950.0 5350.0 -1.16669
4050.0 5350.0 -0.83676
4150.0 5350.0 -0.47321
4250.0 5350.0 -0.15465
4350.0 5350.0 0.11495
4450.0 5350.0 0.35653
4550.0 5350.0 0.52622
4650.0 5350.0 0.58924
4750.0 5350.0 0.53619
4850.0 5350.0 0.38719
4950.0 5350.0 0.18856
5050.0 5350.0 0.00227
5150.0 5350.0 -0.11196
5250.0 5350.0 -0.12185
5350.0 5350.0 -0.05510
5450.0 5350.0 -0.01211
5550.0 5350.0 -0.06228
5650.0 5350.0 -0.20124
5750.0 5350.0 -0.38268
5850.0 5350.0 -0.54632
5950.0 5350.0 -0.63888
6050.0 5350.0 -0.62773
6150.0 5350.0 -0.50763
6250.0 5350.0 -0.30015
6350.0 5350.0 -0.04605
50.0 5450.0 -0.05612
150.0 5450.0 -0.20515
250.0 5450.0 -0.28125
350.0 5450.0 -0.37474
450.0 5450.0 -0.50900
550.0 5450.0 -0.65141
650.0 5450.0 -0.75189
750.0 5450.0 -0.76921
850.0 5450.0 -0.68656
950.0 5450.0 -0.51656
1050.0 5450.0 -0.29550
1150.0 5450.0 -0.06699
1250.0 5450.0 0.14507
1350.0 5450.0 0.36713
1450.0 5450.0 0.61724
1550.0 5450.0 0.84991
1650.0 5450.0 0.99870
1750.0 5450.0 1.01350
1850.0 5450.0 0.88194
1950.0 5450.0 0.63498
2050.0 5450.0 0.33664
2150.0 5450.0 0.05792
2250.0 5450.0 -0.16511
2350.0 5450.0 -0.35024
2450.0 5450.0 -0.43568
2550.0 5450.0 -0.38206
2650.0 5450.0 -0.21006
2750.0 5450.0 0.02357
2850.0 5450.0 0.24729
2950.0 5450.0 0.39344
3050.0 5450.0 0.41407
3150.0 5450.0 0.29415
3250.0 5450.0 0.06198
3350.0 5450.0 -0.21615
3450.0 5450.0 -0.54449
3550.0 5450.0 -0.90477
3650.0 5450.0 -1.21497
3750.0 5450.0 -1.38862
3850.0 5450.0 -1.37500
3950.0 5450.0 -1.17844
4050.0 5450.0 -0.85688
4150.0 5450.0 -0.49956
4250.0 5450.0 -0.18392
4350.0 5450.0 0.08458
4450.0 5450.0 0.31889
4550.0 5450.0 0.46729
4650.0 5450.0 0.49399
4750.0 5450.0 0.39362
4850.0 5450.0 0.19318
4950.0 5450.0 -0.05315
5050.0 5450.0 -0.27651
5150.0 5450.0 -0.41298
5250.0 5450.0 -0.43039
5350.0 5450.0 -0.36231
5450.0 5450.0 -0.31548
5550.0 5450.0 -0.35757
5650.0 5450.0 -0.48397
5750.0 5450.0 -0.64994
5850.0 5450.0 -0.79771
5950.0 5450.0 -0.87643
6050.0 5450.0 -0.85540
6150.0 5450.0 -0.73024
6250.0 5450.0 -0.52213
6350.0 5450.0 -0.27017
50.0 5550.0 -0.32389
150.0 5550.0 -0.46744
250.0 5550.0 -0.52744
350.0 5550.0 -0.59764
450.0 5550.0 -0.69383
550.0 5550.0 -0.78387
650.0 5550.0 -0.82401
750.0 5550.0 -0.78160
850.0 5550.0 -0.64799
950.0 5550.0 -0.44143
1050.0 5550.0 -0.20016
1150.0 5550.0 0.03451
1250.0 5550.0 0.24491
1350.0 5550.0 0.46214
1450.0 5550.0 0.69960
1550.0 5550.0 0.90944
1650.0 5550.0 1.02647
1750.0 5550.0 1.00425
1850.0 5550.0 0.83541
1950.0 5550.0 0.55598
2050.0 5550.0 0.23387
2150.0 5550.0 -0.05843
2250.0 5550.0 -0.28716
2350.0 5550.0 -0.47676
2450.0 5550.0 -0.56980
2550.0 5550.0 -0.52384
2650.0 5550.0 -0.35344
2750.0 5550.0 -0.10999
2850.0 5550.0 0.13724
2950.0 5550.0 0.31878
3050.0 5550.0 0.38145
3150.0 5550.0 0.30354
3250.0 5550.0 0.10877
3350.0 5550.0 -0.13507
3450.0 5550.0 -0.43359
3550.0 5550.0 -0.77579
3650.0 5550.0 -1.08547
3750.0 5550.0 -1.27805
3850.0 5550.0 -1.29965
3950.0 5550.0 -1.14685
4050.0 5550.0 -0.86709
4150.0 5550.0 -0.53972
4250.0 5550.0 -0.23758
4350.0 5550.0 0.02710
4450.0 5550.0 0.25248
4550.0 5550.0 0.38001
4650.0 5550.0 0.37451
4750.0 5550.0 0.23548
4850.0 5550.0 -0.00344
4950.0 5550.0 -0.28171
5050.0 5550.0 -0.52592
5150.0 5550.0 -0.67042
5250.0 5550.0 -0.68474
5350.0 5550.0 -0.60761
5450.0 5550.0 -0.55001
5550.0 5550.0 -0.57957
5650.0 5550.0 -0.69403
5750.0 5550.0 -0.85211
5850.0 5550.0 -0.99862
5950.0 5550.0 -1.08341
6050.0 5550.0 -1.07432
6150.0 5550.0 -0.96383
6250.0 5550.0 -0.76970
6350.0 5550.0 -0.52936
50.0 5650.0 -0.61570
150.0 5650.0 -0.73526
250.0 5650.0 -0.76337
350.0 5650.0 -0.79516
450.0 5650.0 -0.84051
550.0 5650.0 -0.87070
650.0 5650.0 -0.85038
750.0 5650.0 -0.75581
850.0 5650.0 -0.58461
950.0 5650.0 -0.35710
1050.0 5650.0 -0.10916
1150.0 5650.0 0.12335
1250.0 5650.0 0.32867
1350.0 5650.0 0.53969
1450.0 5650.0 0.76726
1550.0 5650.0 0.96226
1650.0 5650.0 1.05987
1750.0 5650.0 1.01530
1850.0 5650.0 0.82350
1950.0 5650.0 0.52304
2050.0 5650.0 0.18392
2150.0 5650.0 -0.12044
2250.0 5650.0 -0.35724
2350.0 5650.0 -0.55636
2450.0 5650.0 -0.67026
2550.0 5650.0 -0.65326
2650.0 5650.0 -0.50759
2750.0 5650.0 -0.27159
2850.0 5650.0 -0.00638
2950.0 5650.0 0.21920
3050.0 5650.0 0.34515
3150.0 5650.0 0.33850
3250.0 5650.0 0.21305
3350.0 5650.0 0.03515
3450.0 5650.0 -0.20540
3550.0 5650.0 -0.51115
3650.0 5650.0 -0.81717
3750.0 5650.0 -1.04276
3850.0 5650.0 -1.12845
3950.0 5650.0 -1.05646
4050.0 5650.0 -0.85455
4150.0 5650.0 -0.58326
4250.0 5650.0 -0.30657
4350.0 5650.0 -0.04896
4450.0 5650.0 0.16589
4550.0 5650.0 0.27452
4650.0 5650.0 0.24438
4750.0 5650.0 0.08067
4850.0 5650.0 -0.17716
4950.0 5650.0 -0.46458
5050.0 5650.0 -0.70695
5150.0 5650.0 -0.84031
5250.0 5650.0 -0.83787
5350.0 5650.0 -0.74216
5450.0 5650.0 -0.66511
5550.0 5650.0 -0.67563
5650.0 5650.0 -0.77695
5750.0 5650.0 -0.93359
5850.0 5650.0 -1.09348
5950.0 5650.0 -1.20549
6050.0 5650.0 -1.23233
6150.0 5650.0 -1.15883
6250.0 5650.0 -0.99566
6350.0 5650.0 -0.77836
50.0 5750.0 -0.86348
150.0 5750.0 -0.94154
250.0 5750.0 -0.92450
350.0 5750.0 -0.90688
450.0 5750.0 -0.89656
550.0 5750.0 -0.87128
650.0 5750.0 -0.80487
750.0 5750.0 -0.68073
850.0 5750.0 -0.49881
950.0 5750.0 -0.27620
1050.0 5750.0 -0.04127
1150.0 5750.0 0.17854
1250.0 5750.0 0.37544
1350.0 5750.0 0.57958
1450.0 5750.0 0.80200
1550.0 5750.0 0.99373
1650.0 5750.0 1.08928
1750.0 5750.0 1.04281
1850.0 5750.0 0.84821
1950.0 5750.0 0.54326
2050.0 5750.0 0.19761
2150.0 5750.0 -0.11515
2250.0 5750.0 -0.36155
2350.0 5750.0 -0.57468
2450.0 5750.0 -0.72266
2550.0 5750.0 -0.75723
2650.0 5750.0 -0.66293
2750.0 5750.0 -0.45780
2850.0 5750.0 -0.18852
2950.0 5750.0 0.08010
3050.0 5750.0 0.28105
3150.0 5750.0 0.36682
3250.0 5750.0 0.33642
3350.0 5750.0 0.25097
3450.0 5750.0 0.09336
3550.0 5750.0 -0.15676
3650.0 5750.0 -0.45017
3750.0 5750.0 -0.71246
3850.0 5750.0 -0.87772
3950.0 5750.0 -0.90959
4050.0 5750.0 -0.80955
4150.0 5750.0 -0.61257
4250.0 5750.0 -0.37009
4350.0 5750.0 -0.12217
4450.0 5750.0 0.08141
4550.0 5750.0 0.17461
4650.0 5750.0 0.12937
4750.0 5750.0 -0.04307
4850.0 5750.0 -0.29874
4950.0 5750.0 -0.57175
5050.0 5750.0 -0.78976
5150.0 5750.0 -0.89371
5250.0 5750.0 -0.86215
5350.0 5750.0 -0.73980
5450.0 5750.0 -0.63573
5550.0 5750.0 -0.62051
5650.0 5750.0 -0.70516
5750.0 5750.0 -0.86219
5850.0 5750.0 -1.04361
5950.0 5750.0 -1.19648
6050.0 5750.0 -1.27593
6150.0 5750.0 -1.25578
6250.0 5750.0 -1.13669
6350.0 5750.0 -0.95179
50.0 5850.0 -1.00627
150.0 5850.0 -1.03097
250.0 5850.0 -0.96158
350.0 5850.0 -0.89084
450.0 5850.0 -0.82972
550.0 5850.0 -0.76481
650.0 5850.0 -0.67833
750.0 5850.0 -0.55736
850.0 5850.0 -0.39896
950.0 5850.0 -0.21126
1050.0 5850.0 -0.01042
1150.0 5850.0 0.18645
1250.0 5850.0 0.37253
1350.0 5850.0 0.57012
1450.0 5850.0 0.79300
1550.0 5850.0 0.99384
1650.0 5850.0 1.10548
1750.0 5850.0 1.07843
1850.0 5850.0 0.90219
1950.0 5850.0 0.61041
2050.0 5850.0 0.26994
2150.0 5850.0 -0.04626
2250.0 5850.0 -0.30243
2350.0 5850.0 -0.53235
2450.0 5850.0 -0.72412
2550.0 5850.0 -0.82841
2650.0 5850.0 -0.80899
2750.0 5850.0 -0.65859
2850.0 5850.0 -0.40443
2950.0 5850.0 -0.10378
3050.0 5850.0 0.17075
3150.0 5850.0 0.35598
3250.0 5850.0 0.43311
3350.0 5850.0 0.45427
3450.0 5850.0 0.39471
3550.0 5850.0 0.21533
3650.0 5850.0 -0.05268
3750.0 5850.0 -0.34339
3850.0 5850.0 -0.58546
3950.0 5850.0 -0.72334
4050.0 5850.0 -0.73017
4150.0 5850.0 -0.61262
4250.0 5850.0 -0.40740
4350.0 5850.0 -0.17046
4450.0 5850.0 0.02220
4550.0 5850.0 0.10414
4650.0 5850.0 0.05296
4750.0 5850.0 -0.11431
4850.0 5850.0 -0.35059
4950.0 5850.0 -0.59099
5050.0 5850.0 -0.76809
5150.0 5850.0 -0.83003
5250.0 5850.0 -0.76161
5350.0 5850.0 -0.60825
5450.0 5850.0 -0.47274
5550.0 5850.0 -0.42655
5650.0 5850.0 -0.48944
5750.0 5850.0 -0.64333
5850.0 5850.0 -0.84542
5950.0 5850.0 -1.04127
6050.0 5850.0 -1.17790
6150.0 5850.0 -1.21689
6250.0 5850.0 -1.14747
6350.0 5850.0 -0.99969
50.0 5950.0 -1.01386
150.0 5950.0 -0.98196
250.0 5950.0 -0.86088
350.0 5950.0 -0.74134
450.0 5950.0 -0.64230
550.0 5950.0 -0.56037
650.0 5950.0 -0.48401
750.0 5950.0 -0.39980
850.0 5950.0 -0.29695
950.0 5950.0 -0.17005
1050.0 5950.0 -0.01999
1150.0 5950.0 0.14685
1250.0 5950.0 0.32127
1350.0 5950.0 0.51346
1450.0 5950.0 0.74173
1550.0 5950.0 0.96146
1650.0 5950.0 1.10317
1750.0 5950.0 1.11191
1850.0 5950.0 0.97036
1950.0 5950.0 0.70568
2050.0 5950.0 0.38012
2150.0 5950.0 0.06535
2250.0 5950.0 -0.19943
2350.0 5950.0 -0.44649
2450.0 5950.0 -0.68576
2550.0 5950.0 -0.86866
2650.0 5950.0 -0.93821
2750.0 5950.0 -0.86030
2850.0 5950.0 -0.64036
2950.0 5950.0 -0.32530
3050.0 5950.0 0.00905
3150.0 5950.0 0.28527
3250.0 5950.0 0.46622
3350.0 5950.0 0.59239
3450.0 5950.0 0.63233
3550.0 5950.0 0.53074
3650.0 5950.0 0.30114
3750.0 5950.0 -0.00039
3850.0 5950.0 -0.29964
3950.0 5950.0 -0.52492
4050.0 5950.0 -0.62394
4150.0 5950.0 -0.57687
4250.0 5950.0 -0.40566
4350.0 5950.0 -0.17932
4450.0 5950.0 0.00370
4550.0 5950.0 0.07810
4650.0 5950.0 0.02726
4750.0 5950.0 -0.12668
4850.0 5950.0 -0.33475
4950.0 5950.0 -0.53442
5050.0 5950.0 -0.66436
5150.0 5950.0 -0.68060
5250.0 5950.0 -0.57417
5350.0 5950.0 -0.39011
5450.0 5950.0 -0.22300
5550.0 5950.0 -0.14348
5650.0 5950.0 -0.17941
5750.0 5950.0 -0.32241
5850.0 5950.0 -0.53584
5950.0 5950.0 -0.76511
6050.0 5950.0 -0.95056
6150.0 5950.0 -1.04268
6250.0 5950.0 -1.01977
6350.0 5950.0 -0.90807
50.0 6050.0 -0.89591
150.0 6050.0 -0.81387
250.0 6050.0 -0.64945
350.0 6050.0 -0.49223
450.0 6050.0 -0.37242
550.0 6050.0 -0.29619
650.0 6050.0 -0.25536
750.0 6050.0 -0.23239
850.0 6050.0 -0.20539
950.0 6050.0 -0.15332
1050.0 6050.0 -0.06138
1150.0 6050.0 0.07355
1250.0 6050.0 0.23733
1350.0 6050.0 0.42578
1450.0 6050.0 0.66222
1550.0 6050.0 0.90510
1650.0 6050.0 1.08250
1750.0 6050.0 1.13353
1850.0 6050.0 1.03333
1950.0 6050.0 0.80181
2050.0 6050.0 0.49598
2150.0 6050.0 0.18598
2250.0 6050.0 -0.08528
2350.0 6050.0 -0.34728
2450.0 6050.0 -0.63059
2550.0 6050.0 -0.88904
2650.0 6050.0 -1.04794
2750.0 6050.0 -1.04892
2850.0 6050.0 -0.87649
2950.0 6050.0 -0.56613
3050.0 6050.0 -0.19401
3150.0 6050.0 0.15159
3250.0 6050.0 0.41743
3350.0 6050.0 0.63161
3450.0 6050.0 0.75833
3550.0 6050.0 0.73139
3650.0 6050.0 0.54958
3750.0 6050.0 0.25899
3850.0 6050.0 -0.06666
3950.0 6050.0 -0.34539
4050.0 6050.0 -0.50640
4150.0 6050.0 -0.50935
4250.0 6050.0 -0.36351
4350.0 6050.0 -0.14585
4450.0 6050.0 0.02941
4550.0 6050.0 0.09842
4650.0 6050.0 0.04947
4750.0 6050.0 -0.09120
4850.0 6050.0 -0.27335
4950.0 6050.0 -0.43676
5050.0 6050.0 -0.52550
5150.0 6050.0 -0.50242
5250.0 6050.0 -0.36378
5350.0 6050.0 -0.15402
5450.0 6050.0 0.04053
5550.0 6050.0 0.15217
5650.0 6050.0 0.14696
5750.0 6050.0 0.02454
5850.0 6050.0 -0.18512
5950.0 6050.0 -0.42930
6050.0 6050.0 -0.64468
6150.0 6050.0 -0.77385
6250.0 6050.0 -0.78637
6350.0 6050.0 -0.70422
50.0 6150.0 -0.69671
150.0 6150.0 -0.57918
250.0 6150.0 -0.38543
350.0 6150.0 -0.20563
450.0 6150.0 -0.08191
550.0 6150.0 -0.02797
650.0 6150.0 -0.03625
750.0 6150.0 -0.08294
850.0 6150.0 -0.13444
950.0 6150.0 -0.15518
1050.0 6150.0 -0.11702
1150.0 6150.0 -0.00995
1250.0 6150.0 0.14577
1350.0 6150.0 0.33223
1450.0 6150.0 0.57663
1550.0 6150.0 0.84008
1650.0 6150.0 1.04867
1750.0 6150.0 1.13654
1850.0 6150.0 1.07254
1950.0 6150.0 0.87044
2050.0 6150.0 0.58280
2150.0 6150.0 0.27841
2250.0 6150.0 0.00326
2350.0 6150.0 -0.26945
2450.0 6150.0 -0.58690
2550.0 6150.0 -0.90636
2650.0 6150.0 -1.14080
2750.0 6150.0 -1.21357
2850.0 6150.0 -1.09237
2950.0 6150.0 -0.80207
3050.0 6150.0 -0.41682
3150.0 6150.0 -0.03105
3250.0 6150.0 0.29027
3350.0 6150.0 0.56420
3450.0 6150.0 0.75386
3550.0 6150.0 0.78876
3650.0 6150.0 0.65782
3750.0 6150.0 0.39824
3850.0 6150.0 0.08008
3950.0 6150.0 -0.21156
4050.0 6150.0 -0.39667
4150.0 6150.0 -0.42291
4250.0 6150.0 -0.29059
4350.0 6150.0 -0.07861
4450.0 6150.0 0.09085
4550.0 6150.0 0.15441
4650.0 6150.0 0.10359
4750.0 6150.0 -0.03234
4850.0 6150.0 -0.20166
4950.0 6150.0 -0.34500
5050.0 6150.0 -0.40948
5150.0 6150.0 -0.36210
5250.0 6150.0 -0.20262
5350.0 6150.0 0.02439
5450.0 6150.0 0.23890
5550.0 6150.0 0.37807
5650.0 6150.0 0.40485
5750.0 6150.0 0.31207
5850.0 6150.0 0.12309
5950.0 6150.0 -0.11334
6050.0 6150.0 -0.33404
6150.0 6150.0 -0.47818
6250.0 6150.0 -0.50994
6350.0 6150.0 -0.44694
50.0 6250.0 -0.47535
150.0 6250.0 -0.34079
250.0 6250.0 -0.13339
350.0 6250.0 0.05398
450.0 6250.0 0.16909
550.0 6250.0 0.19359
650.0 6250.0 0.13649
750.0 6250.0 0.02808
850.0 6250.0 -0.08819
950.0 6250.0 -0.16589
1050.0 6250.0 -0.16782
1150.0 6250.0 -0.08026
1250.0 6250.0 0.07082
1350.0 6250.0 0.25666
1450.0 6250.0 0.50622
1550.0 6250.0 0.78216
1650.0 6250.0 1.00946
1750.0 6250.0 1.11939
1850.0 6250.0 1.07713
1950.0 6250.0 0.89289
2050.0 6250.0 0.61661
2150.0 6250.0 0.31624
2250.0 6250.0 0.03956
2350.0 6250.0 -0.23885
2450.0 6250.0 -0.57719
2550.0 6250.0 -0.93637
2650.0 6250.0 -1.22317
2750.0 6250.0 -1.35033
2850.0 6250.0 -1.27460
2950.0 6250.0 -1.01273
3050.0 6250.0 -0.63528
3150.0 6250.0 -0.23835
3250.0 6250.0 0.10676
3350.0 6250.0 0.40898
3450.0 6250.0 0.63356
3550.0 6250.0 0.71195
3650.0 6250.0 0.62857
3750.0 6250.0 0.41379
3850.0 6250.0 0.13157
3950.0 6250.0 -0.13636
4050.0 6250.0 -0.30990
4150.0 6250.0 -0.33356
4250.0 6250.0 -0.20292
4350.0 6250.0 0.00660
4450.0 6250.0 0.17182
4550.0 6250.0 0.22795
4650.0 6250.0 0.16762
4750.0 6250.0 0.02244
4850.0 6250.0 -0.15361
4950.0 6250.0 -0.29969
5050.0 6250.0 -0.36253
5150.0 6250.0 -0.30996
5250.0 6250.0 -0.14327
5350.0 6250.0 0.09154
5450.0 6250.0 0.31736
5550.0 6250.0 0.47757
5650.0 6250.0 0.53507
5750.0 6250.0 0.47825
5850.0 6250.0 0.32438
5950.0 6250.0 0.11661
6050.0 6250.0 -0.08565
6150.0 6250.0 -0.22265
6250.0 6250.0 -0.25679
6350.0 6250.0 -0.20158
50.0 6350.0 -0.27156
150.0 6350.0 -0.13438
250.0 6350.0 0.07528
350.0 6350.0 0.26023
450.0 6350.0 0.36072
550.0 6350.0 0.35617
650.0 6350.0 0.25803
750.0 6350.0 0.10220
850.0 6350.0 -0.06069
950.0 6350.0 -0.17717
1050.0 6350.0 -0.20491
1150.0 6350.0 -0.12892
1250.0 6350.0 0.02025
1350.0 6350.0 0.20618
1450.0 6350.0 0.45759
1550.0 6350.0 0.73762
1650.0 6350.0 0.97092
1750.0 6350.0 1.08791
1850.0 6350.0 1.05265
1950.0 6350.0 0.87424
2050.0 6350.0 0.60183
2150.0 6350.0 0.30309
2250.0 6350.0 0.02635
2350.0 6350.0 -0.25400
2450.0 6350.0 -0.60252
2550.0 6350.0 -0.98350
2650.0 6350.0 -1.30205
2750.0 6350.0 -1.46628
2850.0 6350.0 -1.42701
2950.0 6350.0 -1.19531
3050.0 6350.0 -0.83766
3150.0 6350.0 -0.44882
3250.0 6350.0 -0.10235
3350.0 6350.0 0.20535
3450.0 6350.0 0.44383
3550.0 6350.0 0.55042
3650.0 6350.0 0.50890
3750.0 6350.0 0.34465
3850.0 6350.0 0.11444
3950.0 6350.0 -0.10744
4050.0 6350.0 -0.24681
4150.0 6350.0 -0.25105
4250.0 6350.0 -0.11417
4350.0 6350.0 0.09519
4450.0 6350.0 0.25698
4550.0 6350.0 0.30327
4650.0 6350.0 0.22626
4750.0 6350.0 0.05945
4850.0 6350.0 -0.13998
4950.0 6350.0 -0.30762
5050.0 6350.0 -0.38708
5150.0 6350.0 -0.34434
5250.0 6350.0 -0.18076
5350.0 6350.0 0.05494
5450.0 6350.0 0.28564
5550.0 6350.0 0.46154
5650.0 6350.0 0.54751
5750.0 6350.0 0.52935
5850.0 6350.0 0.41891
5950.0 6350.0 0.25280
6050.0 6350.0 0.08441
6150.0 6350.0 -0.03064
6250.0 6350.0 -0.05554
6350.0 6350.0 0.00000
