50.0 50.0 0.83475
150.0 50.0 0.94560
250.0 50.0 0.94870
350.0 50.0 0.87361
450.0 50.0 0.77446
550.0 50.0 0.68295
650.0 50.0 0.55790
750.0 50.0 0.37342
850.0 50.0 0.16165
950.0 50.0 -0.02681
1050.0 50.0 -0.15239
1150.0 50.0 -0.20226
1250.0 50.0 -0.19231
1350.0 50.0 -0.15526
1450.0 50.0 -0.12212
1550.0 50.0 -0.10891
1650.0 50.0 -0.10280
1750.0 50.0 -0.08058
1850.0 50.0 -0.02530
1950.0 50.0 0.06547
2050.0 50.0 0.17989
2150.0 50.0 0.30045
2250.0 50.0 0.39889
2350.0 50.0 0.31669
2450.0 50.0 -0.01527
2550.0 50.0 -0.50804
2650.0 50.0 -1.00361
2750.0 50.0 -1.34785
2850.0 50.0 -1.44581
2950.0 50.0 -1.29929
3050.0 50.0 -1.02556
3150.0 50.0 -0.78779
3250.0 50.0 -0.66648
3350.0 50.0 -0.67601
3450.0 50.0 -0.77765
3550.0 50.0 -0.89726
3650.0 50.0 -0.95158
3750.0 50.0 -0.88303
3850.0 50.0 -0.70312
3950.0 50.0 -0.48847
4050.0 50.0 -0.24193
4150.0 50.0 0.01923
4250.0 50.0 0.26003
4350.0 50.0 0.45326
4450.0 50.0 0.59262
4550.0 50.0 0.69354
4650.0 50.0 0.78168
4750.0 50.0 0.86334
4850.0 50.0 0.86946
4950.0 50.0 0.75412
5050.0 50.0 0.53758
5150.0 50.0 0.28124
5250.0 50.0 0.06102
5350.0 50.0 -0.05998
5450.0 50.0 -0.05960
5550.0 50.0 0.01595
5650.0 50.0 0.11208
5750.0 50.0 0.22927
5850.0 50.0 0.34674
5950.0 50.0 0.43841
6050.0 50.0 0.48922
6150.0 50.0 0.50181
6250.0 50.0 0.49333
6350.0 50.0 0.48264
50.0 150.0 0.99023
150.0 150.0 1.06417
250.0 150.0 1.02629
350.0 150.0 0.92007
450.0 150.0 0.80859
550.0 150.0 0.71759
650.0 150.0 0.58225
750.0 150.0 0.36703
850.0 150.0 0.11442
950.0 150.0 -0.10814
1050.0 150.0 -0.24748
1150.0 150.0 -0.28585
1250.0 150.0 -0.24375
1350.0 150.0 -0.16472
1450.0 150.0 -0.07672
1550.0 150.0 0.02342
1650.0 150.0 0.12475
1750.0 150.0 0.21021
1850.0 150.0 0.26885
1950.0 150.0 0.30150
2050.0 150.0 0.31950
2150.0 150.0 0.33679
2250.0 150.0 0.33728
2350.0 150.0 0.17221
2450.0 150.0 -0.20370
2550.0 150.0 -0.68719
2650.0 150.0 -1.12543
2750.0 150.0 -1.38944
2850.0 150.0 -1.42008
2950.0 150.0 -1.24691
3050.0 150.0 -0.97902
3150.0 150.0 -0.73548
3250.0 150.0 -0.58056
3350.0 150.0 -0.53940
3450.0 150.0 -0.59386
3550.0 150.0 -0.68833
3650.0 150.0 -0.74875
3750.0 150.0 -0.71480
3850.0 150.0 -0.58539
3950.0 150.0 -0.43212
4050.0 150.0 -0.27052
4150.0 150.0 -0.09745
4250.0 150.0 0.08538
4350.0 150.0 0.27248
4450.0 150.0 0.45659
4550.0 150.0 0.63146
4650.0 150.0 0.79540
4750.0 150.0 0.94982
4850.0 150.0 1.04821
4950.0 150.0 1.03619
5050.0 150.0 0.90357
5150.0 150.0 0.68623
5250.0 150.0 0.45415
5350.0 150.0 0.28610
5450.0 150.0 0.23106
5550.0 150.0 0.25808
5650.0 150.0 0.30026
5750.0 150.0 0.35195
5850.0 150.0 0.39998
5950.0 150.0 0.42945
6050.0 150.0 0.43333
6150.0 150.0 0.41566
6250.0 150.0 0.38869
6350.0 150.0 0.36367
50.0 250.0 1.03717
150.0 250.0 1.05483
250.0 250.0 0.96016
350.0 250.0 0.81305
450.0 250.0 0.68559
550.0 250.0 0.59487
650.0 250.0 0.45717
750.0 250.0 0.23600
850.0 250.0 -0.01780
950.0 250.0 -0.22866
1050.0 250.0 -0.34075
1150.0 250.0 -0.34035
1250.0 250.0 -0.25631
1350.0 250.0 -0.13837
1450.0 250.0 -0.00423
1550.0 250.0 0.16311
1650.0 250.0 0.33080
1750.0 250.0 0.44930
1850.0 250.0 0.48816
1950.0 250.0 0.45175
2050.0 250.0 0.37503
2150.0 250.0 0.29926
2250.0 250.0 0.21577
2350.0 250.0 -0.00538
2450.0 250.0 -0.38080
2550.0 250.0 -0.79907
2650.0 250.0 -1.12374
2750.0 250.0 -1.26183
2850.0 250.0 -1.19683
2950.0 250.0 -0.98602
3050.0 250.0 -0.72223
3150.0 250.0 -0.47704
3250.0 250.0 -0.30382
3350.0 250.0 -0.23682
3450.0 250.0 -0.27241
3550.0 250.0 -0.36624
3650.0 250.0 -0.44769
3750.0 250.0 -0.45168
3850.0 250.0 -0.36769
3950.0 250.0 -0.27242
4050.0 250.0 -0.20821
4150.0 250.0 -0.15769
4250.0 250.0 -0.08628
4350.0 250.0 0.03262
4450.0 250.0 0.20476
4550.0 250.0 0.41439
4650.0 250.0 0.63593
4750.0 250.0 0.85427
4850.0 250.0 1.03943
4950.0 250.0 1.13277
5050.0 250.0 1.09591
5150.0 250.0 0.93788
5250.0 250.0 0.71781
5350.0 250.0 0.52359
5450.0 250.0 0.42614
5550.0 250.0 0.41126
5650.0 250.0 0.40600
5750.0 250.0 0.39933
5850.0 250.0 0.38472
5950.0 250.0 0.35745
6050.0 250.0 0.31799
6150.0 250.0 0.27216
6250.0 250.0 0.22815
6350.0 250.0 0.19047
50.0 350.0 0.96001
150.0 350.0 0.92485
250.0 350.0 0.77908
350.0 350.0 0.59612
450.0 350.0 0.45473
550.0 350.0 0.36416
650.0 350.0 0.23149
750.0 350.0 0.02712
850.0 350.0 -0.19331
950.0 350.0 -0.35548
1050.0 350.0 -0.41085
1150.0 350.0 -0.35669
1250.0 350.0 -0.23151
1350.0 350.0 -0.08595
1450.0 350.0 0.07661
1550.0 350.0 0.27937
1650.0 350.0 0.47398
1750.0 350.0 0.59242
1850.0 350.0 0.59615
1950.0 350.0 0.49677
2050.0 350.0 0.34791
2150.0 350.0 0.20853
2250.0 350.0 0.07158
2350.0 350.0 -0.17181
2450.0 350.0 -0.51248
2550.0 350.0 -0.83761
2650.0 350.0 -1.03184
2750.0 350.0 -1.03824
2850.0 350.0 -0.87815
2950.0 350.0 -0.63003
3050.0 350.0 -0.36806
3150.0 350.0 -0.12555
3250.0 350.0 0.04740
3350.0 350.0 0.11083
3450.0 350.0 0.06280
3550.0 350.0 -0.05423
3650.0 350.0 -0.16684
3750.0 350.0 -0.20418
3850.0 350.0 -0.15131
3950.0 350.0 -0.09767
4050.0 350.0 -0.11670
4150.0 350.0 -0.18483
4250.0 350.0 -0.23763
4350.0 350.0 -0.21643
4450.0 350.0 -0.09531
4550.0 350.0 0.11180
4650.0 350.0 0.36370
4750.0 350.0 0.62388
4850.0 350.0 0.86813
4950.0 350.0 1.03629
5050.0 350.0 1.07092
5150.0 350.0 0.96163
5250.0 350.0 0.75830
5350.0 350.0 0.55293
5450.0 350.0 0.43015
5550.0 350.0 0.38819
5650.0 350.0 0.35483
5750.0 350.0 0.31974
5850.0 350.0 0.28060
5950.0 350.0 0.23628
6050.0 350.0 0.18775
6150.0 350.0 0.13783
6250.0 350.0 0.08986
6350.0 350.0 0.04520
50.0 450.0 0.78881
150.0 450.0 0.72347
250.0 450.0 0.54947
350.0 450.0 0.34713
450.0 450.0 0.19827
550.0 450.0 0.10782
650.0 450.0 -0.01554
750.0 450.0 -0.19022
850.0 450.0 -0.35953
950.0 450.0 -0.45694
1050.0 450.0 -0.44693
1150.0 450.0 -0.34029
1250.0 450.0 -0.18396
1350.0 450.0 -0.02537
1450.0 450.0 0.14612
1550.0 450.0 0.35294
1650.0 450.0 0.53960
1750.0 450.0 0.63398
1850.0 450.0 0.59968
1950.0 450.0 0.45645
2050.0 450.0 0.26868
2150.0 450.0 0.10191
2250.0 450.0 -0.05402
2350.0 450.0 -0.29145
2450.0 450.0 -0.58437
2550.0 450.0 -0.82332
2650.0 450.0 -0.91146
2750.0 450.0 -0.81810
2850.0 450.0 -0.58907
2950.0 450.0 -0.31397
3050.0 450.0 -0.05185
3150.0 450.0 0.18498
3250.0 450.0 0.34272
3350.0 450.0 0.37956
3450.0 450.0 0.29619
3550.0 450.0 0.14113
3650.0 450.0 -0.00488
3750.0 450.0 -0.06551
3850.0 450.0 -0.02631
3950.0 450.0 0.00792
4050.0 450.0 -0.06145
4150.0 450.0 -0.21144
4250.0 450.0 -0.36037
4350.0 450.0 -0.42685
4450.0 450.0 -0.36616
4550.0 450.0 -0.18395
4650.0 450.0 0.07263
4750.0 450.0 0.34852
4850.0 450.0 0.61425
4950.0 450.0 0.80838
5050.0 450.0 0.86651
5150.0 450.0 0.77161
5250.0 450.0 0.57096
5350.0 450.0 0.35888
5450.0 450.0 0.22549
5550.0 450.0 0.17327
5650.0 450.0 0.13579
5750.0 450.0 0.11199
5850.0 450.0 0.10090
5950.0 450.0 0.09577
6050.0 450.0 0.08768
6150.0 450.0 0.06888
6250.0 450.0 0.03574
6350.0 450.0 -0.00860
50.0 550.0 0.58004
150.0 550.0 0.50428
250.0 550.0 0.32122
350.0 550.0 0.11304
450.0 550.0 -0.03789
550.0 550.0 -0.12796
650.0 550.0 -0.24087
750.0 550.0 -0.38309
850.0 550.0 -0.49884
950.0 550.0 -0.53169
1050.0 550.0 -0.46026
1150.0 550.0 -0.30837
1250.0 550.0 -0.12971
1350.0 550.0 0.03316
1450.0 550.0 0.20289
1550.0 550.0 0.39775
1650.0 550.0 0.56013
1750.0 550.0 0.62154
1850.0 550.0 0.55255
1950.0 550.0 0.38058
2050.0 550.0 0.17547
2150.0 550.0 0.00298
2250.0 550.0 -0.15227
2350.0 550.0 -0.37120
2450.0 550.0 -0.61806
2550.0 550.0 -0.78852
2650.0 550.0 -0.79997
2750.0 550.0 -0.63890
2850.0 550.0 -0.36511
2950.0 550.0 -0.07269
3050.0 550.0 0.19029
3150.0 550.0 0.42034
3250.0 550.0 0.55659
3350.0 550.0 0.55753
3450.0 550.0 0.43046
3550.0 550.0 0.23336
3650.0 550.0 0.05588
3750.0 550.0 -0.02082
3850.0 550.0 0.01477
3950.0 550.0 0.04318
4050.0 550.0 -0.05211
4150.0 550.0 -0.25166
4250.0 550.0 -0.46564
4350.0 550.0 -0.59858
4450.0 550.0 -0.59119
4550.0 550.0 -0.43950
4650.0 550.0 -0.19107
4750.0 550.0 0.08518
4850.0 550.0 0.34870
4950.0 550.0 0.53603
5050.0 550.0 0.58320
5150.0 550.0 0.47528
5250.0 550.0 0.26243
5350.0 550.0 0.04159
5450.0 550.0 -0.09593
5550.0 550.0 -0.14906
5650.0 550.0 -0.17655
5750.0 550.0 -0.16468
5850.0 550.0 -0.11470
5950.0 550.0 -0.04487
6050.0 550.0 0.01926
6150.0 550.0 0.05424
6250.0 550.0 0.04789
6350.0 550.0 0.00812
50.0 650.0 0.35256
150.0 650.0 0.28187
250.0 650.0 0.10874
350.0 650.0 -0.08790
450.0 650.0 -0.22916
550.0 650.0 -0.31166
650.0 650.0 -0.40954
750.0 650.0 -0.52008
850.0 650.0 -0.58893
950.0 650.0 -0.56784
1050.0 650.0 -0.44616
1150.0 650.0 -0.25703
1250.0 650.0 -0.05838
1350.0 650.0 0.11133
1450.0 650.0 0.28189
1550.0 650.0 0.46408
1650.0 650.0 0.59911
1750.0 650.0 0.62485
1850.0 650.0 0.52144
1950.0 650.0 0.32518
2050.0 650.0 0.11101
2150.0 650.0 -0.05676
2250.0 650.0 -0.20076
2350.0 650.0 -0.39464
2450.0 650.0 -0.59789
2550.0 650.0 -0.71351
2650.0 650.0 -0.67112
2750.0 650.0 -0.46861
2850.0 650.0 -0.17232
2950.0 650.0 0.12453
3050.0 650.0 0.38263
3150.0 650.0 0.60274
3250.0 650.0 0.71860
3350.0 650.0 0.68849
3450.0 650.0 0.52400
3550.0 650.0 0.28985
3650.0 650.0 0.08234
3750.0 650.0 -0.01344
3850.0 650.0 0.01226
3950.0 650.0 0.03006
4050.0 650.0 -0.08727
4150.0 650.0 -0.32270
4250.0 650.0 -0.58218
4350.0 650.0 -0.76230
4450.0 650.0 -0.79521
4550.0 650.0 -0.67092
4650.0 650.0 -0.43679
4750.0 650.0 -0.16995
4850.0 650.0 0.08062
4950.0 650.0 0.24984
5050.0 650.0 0.27548
5150.0 650.0 0.14585
5250.0 650.0 -0.08568
5350.0 650.0 -0.32016
5450.0 650.0 -0.46624
5550.0 650.0 -0.52492
5650.0 650.0 -0.54561
5750.0 650.0 -0.49770
5850.0 650.0 -0.38285
5950.0 650.0 -0.23250
6050.0 650.0 -0.09116
6150.0 650.0 -0.00007
6250.0 650.0 0.01896
6350.0 650.0 -0.02067
50.0 750.0 0.11822
150.0 750.0 0.07660
250.0 750.0 -0.05383
350.0 750.0 -0.20666
450.0 750.0 -0.31464
550.0 750.0 -0.37381
650.0 750.0 -0.44772
750.0 750.0 -0.53217
850.0 750.0 -0.57487
950.0 750.0 -0.53013
1050.0 750.0 -0.38873
1150.0 750.0 -0.18359
1250.0 750.0 0.02899
1350.0 750.0 0.21233
1450.0 750.0 0.39137
1550.0 750.0 0.56292
1650.0 750.0 0.66842
1750.0 750.0 0.65658
1850.0 750.0 0.52144
1950.0 750.0 0.31053
2050.0 750.0 0.10342
2150.0 750.0 -0.03964
2250.0 750.0 -0.15210
2350.0 750.0 -0.30854
2450.0 750.0 -0.47376
2550.0 750.0 -0.56256
2650.0 750.0 -0.51292
2750.0 750.0 -0.32265
2850.0 750.0 -0.04964
2950.0 750.0 0.22440
3050.0 750.0 0.46475
3150.0 750.0 0.66910
3250.0 750.0 0.77132
3350.0 750.0 0.72785
3450.0 750.0 0.54791
3550.0 750.0 0.29474
3650.0 750.0 0.06472
3750.0 750.0 -0.05567
3850.0 750.0 -0.05502
3950.0 750.0 -0.06047
4050.0 750.0 -0.19388
4150.0 750.0 -0.43752
4250.0 750.0 -0.70071
4350.0 750.0 -0.88518
4450.0 750.0 -0.92787
4550.0 750.0 -0.82150
4650.0 750.0 -0.61272
4750.0 750.0 -0.37428
4850.0 750.0 -0.15402
4950.0 750.0 -0.01627
5050.0 750.0 -0.02046
5150.0 750.0 -0.17588
5250.0 750.0 -0.42856
5350.0 750.0 -0.68085
5450.0 750.0 -0.84384
5550.0 750.0 -0.91970
5650.0 750.0 -0.94477
5750.0 750.0 -0.87006
5850.0 750.0 -0.69762
5950.0 750.0 -0.47287
6050.0 750.0 -0.26054
6150.0 750.0 -0.12089
6250.0 750.0 -0.08608
6350.0 750.0 -0.13688
50.0 850.0 -0.07431
150.0 850.0 -0.07469
250.0 850.0 -0.14050
350.0 850.0 -0.22489
450.0 850.0 -0.27940
550.0 850.0 -0.30043
650.0 850.0 -0.34381
750.0 850.0 -0.41358
850.0 850.0 -0.45997
950.0 850.0 -0.43249
1050.0 850.0 -0.31192
1150.0 850.0 -0.11938
1250.0 850.0 0.09730
1350.0 850.0 0.30007
1450.0 850.0 0.49526
1550.0 850.0 0.66002
1650.0 850.0 0.73764
1750.0 850.0 0.69131
1850.0 850.0 0.53205
1950.0 850.0 0.31972
2050.0 850.0 0.13737
2150.0 850.0 0.03873
2250.0 850.0 -0.02296
2350.0 850.0 -0.13096
2450.0 850.0 -0.26537
2550.0 850.0 -0.35686
2650.0 850.0 -0.34749
2750.0 850.0 -0.22333
2850.0 850.0 -0.01906
2950.0 850.0 0.20554
3050.0 850.0 0.41586
3150.0 850.0 0.60064
3250.0 850.0 0.70121
3350.0 850.0 0.67055
3450.0 850.0 0.50735
3550.0 850.0 0.26312
3650.0 850.0 0.02570
3750.0 850.0 -0.12067
3850.0 850.0 -0.15885
3950.0 850.0 -0.19901
4050.0 850.0 -0.33999
4150.0 850.0 -0.55984
4250.0 850.0 -0.77945
4350.0 850.0 -0.91972
4450.0 850.0 -0.93681
4550.0 850.0 -0.83566
4650.0 850.0 -0.66173
4750.0 850.0 -0.46937
4850.0 850.0 -0.29200
4950.0 850.0 -0.18871
5050.0 850.0 -0.21621
5150.0 850.0 -0.38517
5250.0 850.0 -0.64699
5350.0 850.0 -0.91152
5450.0 850.0 -1.09556
5550.0 850.0 -1.19943
5650.0 850.0 -1.24238
5750.0 850.0 -1.15926
5850.0 850.0 -0.95238
5950.0 850.0 -0.67888
6050.0 850.0 -0.42055
6150.0 850.0 -0.25371
6250.0 850.0 -0.21935
6350.0 850.0 -0.29339
50.0 950.0 -0.18373
150.0 950.0 -0.15020
250.0 950.0 -0.15200
350.0 950.0 -0.16300
450.0 950.0 -0.15661
550.0 950.0 -0.13215
650.0 950.0 -0.14409
750.0 950.0 -0.21283
850.0 950.0 -0.29105
950.0 950.0 -0.31733
1050.0 950.0 -0.25306
1150.0 950.0 -0.09852
1250.0 950.0 0.11206
1350.0 950.0 0.33640
1450.0 950.0 0.55219
1550.0 950.0 0.71459
1650.0 950.0 0.76991
1750.0 950.0 0.69693
1850.0 950.0 0.52388
1950.0 950.0 0.32210
2050.0 950.0 0.17660
2150.0 950.0 0.13334
2250.0 950.0 0.13225
2350.0 950.0 0.07731
2450.0 950.0 -0.03244
2550.0 950.0 -0.14537
2650.0 950.0 -0.20471
2750.0 950.0 -0.17791
2850.0 950.0 -0.06807
2950.0 950.0 0.09246
3050.0 950.0 0.26643
3150.0 950.0 0.43184
3250.0 950.0 0.54404
3350.0 950.0 0.55152
3450.0 950.0 0.43602
3550.0 950.0 0.22881
3650.0 950.0 0.00189
3750.0 950.0 -0.16619
3850.0 950.0 -0.24944
3950.0 950.0 -0.32952
4050.0 950.0 -0.47003
4150.0 950.0 -0.64245
4250.0 950.0 -0.78460
4350.0 950.0 -0.84582
4450.0 950.0 -0.81108
4550.0 950.0 -0.70395
4650.0 950.0 -0.56841
4750.0 950.0 -0.43077
4850.0 950.0 -0.29769
4950.0 950.0 -0.21802
5050.0 950.0 -0.24709
5150.0 950.0 -0.40264
5250.0 950.0 -0.64919
5350.0 950.0 -0.91093
5450.0 950.0 -1.11328
5550.0 950.0 -1.25042
5650.0 950.0 -1.32183
5750.0 950.0 -1.25199
5850.0 950.0 -1.04324
5950.0 950.0 -0.75945
6050.0 950.0 -0.49222
6150.0 950.0 -0.32726
6250.0 950.0 -0.31075
6350.0 950.0 -0.41587
50.0 1050.0 -0.20336
150.0 1050.0 -0.15918
250.0 1050.0 -0.11906
350.0 1050.0 -0.07277
450.0 1050.0 -0.01333
550.0 1050.0 0.05382
650.0 1050.0 0.06841
750.0 1050.0 -0.00962
850.0 1050.0 -0.13498
950.0 1050.0 -0.23260
1050.0 1050.0 -0.24101
1150.0 1050.0 -0.13663
1250.0 1050.0 0.06133
1350.0 1050.0 0.30501
1450.0 1050.0 0.54094
1550.0 1050.0 0.70420
1650.0 1050.0 0.74436
1750.0 1050.0 0.65403
1850.0 1050.0 0.47603
1950.0 1050.0 0.29079
2050.0 1050.0 0.18396
2150.0 1050.0 0.19423
2250.0 1050.0 0.25052
2350.0 1050.0 0.24529
2450.0 1050.0 0.15753
2550.0 1050.0 0.02226
2650.0 1050.0 -0.10444
2750.0 1050.0 -0.17186
2850.0 1050.0 -0.15281
2950.0 1050.0 -0.05349
3050.0 1050.0 0.08607
3150.0 1050.0 0.23614
3250.0 1050.0 0.36918
3350.0 1050.0 0.42918
3450.0 1050.0 0.37873
3550.0 1050.0 0.22558
3650.0 1050.0 0.02257
3750.0 1050.0 -0.15918
3850.0 1050.0 -0.28395
3950.0 1050.0 -0.40104
4050.0 1050.0 -0.53672
4150.0 1050.0 -0.65561
4250.0 1050.0 -0.71291
4350.0 1050.0 -0.68740
4450.0 1050.0 -0.59395
4550.0 1050.0 -0.47553
4650.0 1050.0 -0.37475
4750.0 1050.0 -0.28825
4850.0 1050.0 -0.18953
4950.0 1050.0 -0.11360
5050.0 1050.0 -0.11647
5150.0 1050.0 -0.22831
5250.0 1050.0 -0.43292
5350.0 1050.0 -0.67369
5450.0 1050.0 -0.88609
5550.0 1050.0 -1.05424
5650.0 1050.0 -1.15766
5750.0 1050.0 -1.11729
5850.0 1050.0 -0.93535
5950.0 1050.0 -0.67671
6050.0 1050.0 -0.43460
6150.0 1050.0 -0.29638
6250.0 1050.0 -0.30928
6350.0 1050.0 -0.44612
50.0 1150.0 -0.16568
150.0 1150.0 -0.14015
250.0 1150.0 -0.09247
350.0 1150.0 -0.01935
450.0 1150.0 0.07315
550.0 1150.0 0.17107
650.0 1150.0 0.20348
750.0 1150.0 0.11371
850.0 1150.0 -0.05428
950.0 1150.0 -0.21387
1050.0 1150.0 -0.28474
1150.0 1150.0 -0.22383
1250.0 1150.0 -0.03839
1350.0 1150.0 0.21890
1450.0 1150.0 0.46972
1550.0 1150.0 0.63441
1650.0 1150.0 0.66505
1750.0 1150.0 0.56408
1850.0 1150.0 0.38456
1950.0 1150.0 0.21311
2050.0 1150.0 0.13554
2150.0 1150.0 0.18522
2250.0 1150.0 0.28378
2350.0 1150.0 0.31824
2450.0 1150.0 0.25452
2550.0 1150.0 0.11463
2650.0 1150.0 -0.04829
2750.0 1150.0 -0.17314
2850.0 1150.0 -0.21291
2950.0 1150.0 -0.15539
3050.0 1150.0 -0.04072
3150.0 1150.0 0.10017
3250.0 1150.0 0.25506
3350.0 1150.0 0.36454
3450.0 1150.0 0.37506
3550.0 1150.0 0.27422
3650.0 1150.0 0.09815
3750.0 1150.0 -0.08897
3850.0 1150.0 -0.24330
3950.0 1150.0 -0.38744
4050.0 1150.0 -0.51962
4150.0 1150.0 -0.59940
4250.0 1150.0 -0.59470
4350.0 1150.0 -0.50582
4450.0 1150.0 -0.36948
4550.0 1150.0 -0.24284
4650.0 1150.0 -0.16748
4750.0 1150.0 -0.11766
4850.0 1150.0 -0.03614
4950.0 1150.0 0.05646
5050.0 1150.0 0.10151
5150.0 1150.0 0.05388
5250.0 1150.0 -0.09148
5350.0 1150.0 -0.29787
5450.0 1150.0 -0.51000
5550.0 1150.0 -0.70028
5650.0 1150.0 -0.83050
5750.0 1150.0 -0.82312
5850.0 1150.0 -0.68014
5950.0 1150.0 -0.46353
6050.0 1150.0 -0.26250
6150.0 1150.0 -0.16074
6250.0 1150.0 -0.20360
6350.0 1150.0 -0.36516
50.0 1250.0 -0.12416
150.0 1250.0 -0.14151
250.0 1250.0 -0.11973
350.0 1250.0 -0.05293
450.0 1250.0 0.04821
550.0 1250.0 0.16051
650.0 1250.0 0.20160
750.0 1250.0 0.10630
850.0 1250.0 -0.08204
950.0 1250.0 -0.27129
1050.0 1250.0 -0.37206
1150.0 1250.0 -0.33195
1250.0 1250.0 -0.15246
1350.0 1250.0 0.11142
1450.0 1250.0 0.36914
1550.0 1250.0 0.53302
1650.0 1250.0 0.55615
1750.0 1250.0 0.44621
1850.0 1250.0 0.26202
1950.0 1250.0 0.09406
2050.0 1250.0 0.02882
2150.0 1250.0 0.09705
2250.0 1250.0 0.21680
2350.0 1250.0 0.27811
2450.0 1250.0 0.24437
2550.0 1250.0 0.12918
2650.0 1250.0 -0.02126
2750.0 1250.0 -0.14752
2850.0 1250.0 -0.19834
2950.0 1250.0 -0.15426
3050.0 1250.0 -0.05108
3150.0 1250.0 0.08657
3250.0 1250.0 0.25591
3350.0 1250.0 0.39581
3450.0 1250.0 0.44370
3550.0 1250.0 0.37567
3650.0 1250.0 0.21817
3750.0 1250.0 0.03119
3850.0 1250.0 -0.13697
3950.0 1250.0 -0.29507
4050.0 1250.0 -0.43012
4150.0 1250.0 -0.49997
4250.0 1250.0 -0.47725
4350.0 1250.0 -0.37009
4450.0 1250.0 -0.22305
4550.0 1250.0 -0.09830
4650.0 1250.0 -0.03692
4750.0 1250.0 -0.00407
4850.0 1250.0 0.07806
4950.0 1250.0 0.20054
5050.0 1250.0 0.30117
5150.0 1250.0 0.32092
5250.0 1250.0 0.23637
5350.0 1250.0 0.06806
5450.0 1250.0 -0.13537
5550.0 1250.0 -0.33569
5650.0 1250.0 -0.48088
5750.0 1250.0 -0.49623
5850.0 1250.0 -0.38354
5950.0 1250.0 -0.20124
6050.0 1250.0 -0.03352
6150.0 1250.0 0.04060
6250.0 1250.0 -0.02176
6350.0 1250.0 -0.19618
50.0 1350.0 -0.11237
150.0 1350.0 -0.18439
250.0 1350.0 -0.20846
350.0 1350.0 -0.16987
450.0 1350.0 -0.07768
550.0 1350.0 0.03630
650.0 1350.0 0.08019
750.0 1350.0 -0.01162
850.0 1350.0 -0.19603
950.0 1350.0 -0.38138
1050.0 1350.0 -0.47875
1150.0 1350.0 -0.43598
1250.0 1350.0 -0.25454
1350.0 1350.0 0.01088
1450.0 1350.0 0.26897
1550.0 1350.0 0.42898
1650.0 1350.0 0.44366
1750.0 1350.0 0.32271
1850.0 1350.0 0.12797
1950.0 1350.0 -0.04731
2050.0 1350.0 -0.11510
2150.0 1350.0 -0.04512
2250.0 1350.0 0.07932
2350.0 1350.0 0.15796
2450.0 1350.0 0.16014
2550.0 1350.0 0.09459
2650.0 1350.0 -0.00306
2750.0 1350.0 -0.08490
2850.0 1350.0 -0.10805
2950.0 1350.0 -0.05466
3050.0 1350.0 0.04753
3150.0 1350.0 0.18544
3250.0 1350.0 0.35966
3350.0 1350.0 0.50873
3450.0 1350.0 0.56781
3550.0 1350.0 0.51000
3650.0 1350.0 0.35913
3750.0 1350.0 0.17395
3850.0 1350.0 0.00386
3950.0 1350.0 -0.15830
4050.0 1350.0 -0.30317
4150.0 1350.0 -0.38980
4250.0 1350.0 -0.38864
4350.0 1350.0 -0.30382
4450.0 1350.0 -0.17560
4550.0 1350.0 -0.06315
4650.0 1350.0 -0.00749
4750.0 1350.0 0.02361
4850.0 1350.0 0.11762
4950.0 1350.0 0.27378
5050.0 1350.0 0.42622
5150.0 1350.0 0.50486
5250.0 1350.0 0.47267
5350.0 1350.0 0.33887
5450.0 1350.0 0.14816
5550.0 1350.0 -0.05289
5650.0 1350.0 -0.20184
5750.0 1350.0 -0.22536
5850.0 1350.0 -0.12518
5950.0 1350.0 0.04229
6050.0 1350.0 0.19570
6150.0 1350.0 0.25870
6250.0 1350.0 0.18986
6350.0 1350.0 0.01275
50.0 1450.0 -0.14818
150.0 1450.0 -0.27180
250.0 1450.0 -0.34058
350.0 1450.0 -0.33137
450.0 1450.0 -0.25109
550.0 1450.0 -0.13905
650.0 1450.0 -0.09328
750.0 1450.0 -0.17700
850.0 1450.0 -0.34841
950.0 1450.0 -0.51954
1050.0 1450.0 -0.60549
1150.0 1450.0 -0.55702
1250.0 1450.0 -0.37627
1350.0 1450.0 -0.11587
1450.0 1450.0 0.13617
1550.0 1450.0 0.28973
1650.0 1450.0 0.29871
1750.0 1450.0 0.17410
1850.0 1450.0 -0.02174
1950.0 1450.0 -0.19614
2050.0 1450.0 -0.26251
2150.0 1450.0 -0.19184
2250.0 1450.0 -0.06598
2350.0 1450.0 0.02603
2450.0 1450.0 0.06023
2550.0 1450.0 0.04190
2650.0 1450.0 -0.00291
2750.0 1450.0 -0.03790
2850.0 1450.0 -0.02968
2950.0 1450.0 0.03655
3050.0 1450.0 0.14052
3150.0 1450.0 0.27884
3250.0 1450.0 0.45300
3350.0 1450.0 0.60254
3450.0 1450.0 0.66365
3550.0 1450.0 0.60978
3650.0 1450.0 0.46429
3750.0 1450.0 0.28493
3850.0 1450.0 0.12030
3950.0 1450.0 -0.03760
4050.0 1450.0 -0.18363
4150.0 1450.0 -0.27973
4250.0 1450.0 -0.29606
4350.0 1450.0 -0.23335
4450.0 1450.0 -0.12654
4550.0 1450.0 -0.02958
4650.0 1450.0 0.01855
4750.0 1450.0 0.04694
4850.0 1450.0 0.15064
4950.0 1450.0 0.33647
5050.0 1450.0 0.53546
5150.0 1450.0 0.66758
5250.0 1450.0 0.68330
5350.0 1450.0 0.58132
5450.0 1450.0 0.40244
5550.0 1450.0 0.20075
5650.0 1450.0 0.04730
5750.0 1450.0 0.01306
5850.0 1450.0 0.09702
5950.0 1450.0 0.24606
6050.0 1450.0 0.38294
6150.0 1450.0 0.43459
6250.0 1450.0 0.36091
6350.0 1450.0 0.18382
50.0 1550.0 -0.30807
150.0 1550.0 -0.46094
250.0 1550.0 -0.55367
350.0 1550.0 -0.56102
450.0 1550.0 -0.49065
550.0 1550.0 -0.38510
650.0 1550.0 -0.33732
750.0 1550.0 -0.40380
850.0 1550.0 -0.54853
950.0 1550.0 -0.69455
1050.0 1550.0 -0.76700
1150.0 1550.0 -0.72177
1250.0 1550.0 -0.55976
1350.0 1550.0 -0.32683
1450.0 1550.0 -0.10153
1550.0 1550.0 0.03640
1650.0 1550.0 0.04876
1750.0 1550.0 -0.05209
1850.0 1550.0 -0.21030
1950.0 1550.0 -0.34567
2050.0 1550.0 -0.38496
2150.0 1550.0 -0.30533
2250.0 1550.0 -0.17840
2350.0 1550.0 -0.08180
2450.0 1550.0 -0.03673
2550.0 1550.0 -0.03815
2650.0 1550.0 -0.06264
2750.0 1550.0 -0.07789
2850.0 1550.0 -0.05435
2950.0 1550.0 0.02084
3050.0 1550.0 0.12948
3150.0 1550.0 0.26657
3250.0 1550.0 0.42976
3350.0 1550.0 0.56384
3450.0 1550.0 0.61342
3550.0 1550.0 0.55854
3650.0 1550.0 0.42462
3750.0 1550.0 0.26674
3850.0 1550.0 0.12802
3950.0 1550.0 -0.00051
4050.0 1550.0 -0.10904
4150.0 1550.0 -0.16720
4250.0 1550.0 -0.15721
4350.0 1550.0 -0.08745
4450.0 1550.0 0.00795
4550.0 1550.0 0.08339
4650.0 1550.0 0.10998
4750.0 1550.0 0.12023
4850.0 1550.0 0.21684
4950.0 1550.0 0.41489
5050.0 1550.0 0.64448
5150.0 1550.0 0.81743
5250.0 1550.0 0.87207
5350.0 1550.0 0.79532
5450.0 1550.0 0.62217
5550.0 1550.0 0.41306
5650.0 1550.0 0.24390
5750.0 1550.0 0.17881
5850.0 1550.0 0.22009
5950.0 1550.0 0.32395
6050.0 1550.0 0.42318
6150.0 1550.0 0.45159
6250.0 1550.0 0.37042
6350.0 1550.0 0.19651
50.0 1650.0 -0.55539
150.0 1650.0 -0.70283
250.0 1650.0 -0.78778
350.0 1650.0 -0.79182
450.0 1650.0 -0.72717
550.0 1650.0 -0.63332
650.0 1650.0 -0.58364
750.0 1650.0 -0.62304
850.0 1650.0 -0.72647
950.0 1650.0 -0.83636
1050.0 1650.0 -0.89446
1150.0 1650.0 -0.86411
1250.0 1650.0 -0.74251
1350.0 1650.0 -0.56340
1450.0 1650.0 -0.38982
1550.0 1650.0 -0.28209
1650.0 1650.0 -0.26307
1750.0 1650.0 -0.31784
1850.0 1650.0 -0.40314
1950.0 1650.0 -0.46288
2050.0 1650.0 -0.44973
2150.0 1650.0 -0.35272
2250.0 1650.0 -0.22520
2350.0 1650.0 -0.13472
2450.0 1650.0 -0.10446
2550.0 1650.0 -0.12585
2650.0 1650.0 -0.16968
2750.0 1650.0 -0.19827
2850.0 1650.0 -0.17913
2950.0 1650.0 -0.09986
3050.0 1650.0 0.01678
3150.0 1650.0 0.15057
3250.0 1650.0 0.28948
3350.0 1650.0 0.38858
3450.0 1650.0 0.40969
3550.0 1650.0 0.34696
3650.0 1650.0 0.23111
3750.0 1650.0 0.11262
3850.0 1650.0 0.02365
3950.0 1650.0 -0.04686
4050.0 1650.0 -0.07663
4150.0 1650.0 -0.04920
4250.0 1650.0 0.02791
4350.0 1650.0 0.12808
4450.0 1650.0 0.21504
4550.0 1650.0 0.25678
4650.0 1650.0 0.24400
4750.0 1650.0 0.21792
4850.0 1650.0 0.28663
4950.0 1650.0 0.47359
5050.0 1650.0 0.71083
5150.0 1650.0 0.90499
5250.0 1650.0 0.98372
5350.0 1650.0 0.92168
5450.0 1650.0 0.74599
5550.0 1650.0 0.52146
5650.0 1650.0 0.32593
5750.0 1650.0 0.21461
5850.0 1650.0 0.19607
5950.0 1650.0 0.24031
6050.0 1650.0 0.29339
6150.0 1650.0 0.29671
6250.0 1650.0 0.21101
6350.0 1650.0 0.04504
50.0 1750.0 -0.78661
150.0 1750.0 -0.89468
250.0 1750.0 -0.94121
350.0 1750.0 -0.92253
450.0 1750.0 -0.85845
550.0 1750.0 -0.77960
650.0 1750.0 -0.72845
750.0 1750.0 -0.73533
850.0 1750.0 -0.78960
950.0 1750.0 -0.85820
1050.0 1750.0 -0.90346
1150.0 1750.0 -0.89721
1250.0 1750.0 -0.83111
1350.0 1750.0 -0.72341
1450.0 1750.0 -0.61909
1550.0 1750.0 -0.55611
1650.0 1750.0 -0.53774
1750.0 1750.0 -0.54412
1850.0 1750.0 -0.54594
1950.0 1750.0 -0.51614
2050.0 1750.0 -0.43969
2150.0 1750.0 -0.32139
2250.0 1750.0 -0.19365
2350.0 1750.0 -0.11691
2450.0 1750.0 -0.11974
2550.0 1750.0 -0.18739
2650.0 1750.0 -0.27887
2750.0 1750.0 -0.34455
2850.0 1750.0 -0.34404
2950.0 1750.0 -0.26440
3050.0 1750.0 -0.13758
3150.0 1750.0 -0.00869
3250.0 1750.0 0.09645
3350.0 1750.0 0.14645
3450.0 1750.0 0.12649
3550.0 1750.0 0.05005
3650.0 1750.0 -0.04443
3750.0 1750.0 -0.11212
3850.0 1750.0 -0.13561
3950.0 1750.0 -0.13009
4050.0 1750.0 -0.05887
4150.0 1750.0 0.07571
4250.0 1750.0 0.23364
4350.0 1750.0 0.36591
4450.0 1750.0 0.43517
4550.0 1750.0 0.42860
4650.0 1750.0 0.36274
4750.0 1750.0 0.28810
4850.0 1750.0 0.31358
4950.0 1750.0 0.47027
5050.0 1750.0 0.69444
5150.0 1750.0 0.89061
5250.0 1750.0 0.97813
5350.0 1750.0 0.92015
5450.0 1750.0 0.73497
5550.0 1750.0 0.48968
5650.0 1750.0 0.26381
5750.0 1750.0 0.10655
5850.0 1750.0 0.03455
5950.0 1750.0 0.03125
6050.0 1750.0 0.05337
6150.0 1750.0 0.04587
6250.0 1750.0 -0.03465
6350.0 1750.0 -0.18812
50.0 1850.0 -0.90470
150.0 1850.0 -0.95323
250.0 1850.0 -0.94365
350.0 1850.0 -0.89076
450.0 1850.0 -0.82311
550.0 1850.0 -0.75940
650.0 1850.0 -0.70733
750.0 1850.0 -0.68275
850.0 1850.0 -0.68971
950.0 1850.0 -0.71974
1050.0 1850.0 -0.75542
1150.0 1850.0 -0.77653
1250.0 1850.0 -0.76867
1350.0 1850.0 -0.73446
1450.0 1850.0 -0.70279
1550.0 1850.0 -0.69350
1650.0 1850.0 -0.69081
1750.0 1850.0 -0.66735
1850.0 1850.0 -0.60383
1950.0 1850.0 -0.49852
2050.0 1850.0 -0.36655
2150.0 1850.0 -0.22902
2250.0 1850.0 -0.10121
2350.0 1850.0 -0.03982
2450.0 1850.0 -0.07960
2550.0 1850.0 -0.19910
2650.0 1850.0 -0.34438
2750.0 1850.0 -0.45242
2850.0 1850.0 -0.47387
2950.0 1850.0 -0.39495
3050.0 1850.0 -0.25778
3150.0 1850.0 -0.13428
3250.0 1850.0 -0.06499
3350.0 1850.0 -0.06733
3450.0 1850.0 -0.13184
3550.0 1850.0 -0.22463
3650.0 1850.0 -0.29884
3750.0 1850.0 -0.31522
3850.0 1850.0 -0.27165
3950.0 1850.0 -0.18962
4050.0 1850.0 -0.02267
4150.0 1850.0 0.20631
4250.0 1850.0 0.42646
4350.0 1850.0 0.57024
4450.0 1850.0 0.60394
4550.0 1850.0 0.53763
4650.0 1850.0 0.41438
4750.0 1850.0 0.28960
4850.0 1850.0 0.26791
4950.0 1850.0 0.38665
5050.0 1850.0 0.58718
5150.0 1850.0 0.77397
5250.0 1850.0 0.86038
5350.0 1850.0 0.79980
5450.0 1850.0 0.60219
5550.0 1850.0 0.33546
5650.0 1850.0 0.08353
5750.0 1850.0 -0.10390
5850.0 1850.0 -0.20201
5950.0 1850.0 -0.21898
6050.0 1850.0 -0.19488
6150.0 1850.0 -0.18837
6250.0 1850.0 -0.25101
6350.0 1850.0 -0.38936
50.0 1950.0 -0.86265
150.0 1950.0 -0.85388
250.0 1950.0 -0.79093
350.0 1950.0 -0.70515
450.0 1950.0 -0.63261
550.0 1950.0 -0.58096
650.0 1950.0 -0.52844
750.0 1950.0 -0.47943
850.0 1950.0 -0.44979
950.0 1950.0 -0.45056
1050.0 1950.0 -0.48024
1150.0 1950.0 -0.52465
1250.0 1950.0 -0.56434
1350.0 1950.0 -0.58945
1450.0 1950.0 -0.61832
1550.0 1950.0 -0.66222
1650.0 1950.0 -0.69137
1750.0 1950.0 -0.66922
1850.0 1950.0 -0.57908
1950.0 1950.0 -0.43390
2050.0 1950.0 -0.26927
2150.0 1950.0 -0.11959
2250.0 1950.0 0.00843
2350.0 1950.0 0.05951
2450.0 1950.0 -0.00512
2550.0 1950.0 -0.15919
2650.0 1950.0 -0.33976
2750.0 1950.0 -0.47486
2850.0 1950.0 -0.50934
2950.0 1950.0 -0.42918
3050.0 1950.0 -0.28354
3150.0 1950.0 -0.16461
3250.0 1950.0 -0.12497
3350.0 1950.0 -0.17077
3450.0 1950.0 -0.27272
3550.0 1950.0 -0.38016
3650.0 1950.0 -0.43913
3750.0 1950.0 -0.41469
3850.0 1950.0 -0.31719
3950.0 1950.0 -0.17571
4050.0 1950.0 0.05675
4150.0 1950.0 0.33893
4250.0 1950.0 0.57878
4350.0 1950.0 0.70037
4450.0 1950.0 0.67986
4550.0 1950.0 0.55049
4650.0 1950.0 0.37670
4750.0 1950.0 0.21144
4850.0 1950.0 0.15159
4950.0 1950.0 0.23943
5050.0 1950.0 0.42043
5150.0 1950.0 0.59911
5250.0 1950.0 0.68414
5350.0 1950.0 0.62115
5450.0 1950.0 0.41339
5550.0 1950.0 0.12950
5650.0 1950.0 -0.13796
5750.0 1950.0 -0.33125
5850.0 1950.0 -0.41921
5950.0 1950.0 -0.40908
6050.0 1950.0 -0.34678
6150.0 1950.0 -0.30172
6250.0 1950.0 -0.33631
6350.0 1950.0 -0.46000
50.0 2050.0 -0.67688
150.0 2050.0 -0.63517
250.0 2050.0 -0.54154
350.0 2050.0 -0.43684
450.0 2050.0 -0.36150
550.0 2050.0 -0.31680
650.0 2050.0 -0.26402
750.0 2050.0 -0.20089
850.0 2050.0 -0.15010
950.0 2050.0 -0.13394
1050.0 2050.0 -0.16010
1150.0 2050.0 -0.21789
1250.0 2050.0 -0.28494
1350.0 2050.0 -0.34421
1450.0 2050.0 -0.41047
1550.0 2050.0 -0.49757
1650.0 2050.0 -0.56936
1750.0 2050.0 -0.58004
1850.0 2050.0 -0.50748
1950.0 2050.0 -0.36586
2050.0 2050.0 -0.19769
2150.0 2050.0 -0.04525
2250.0 2050.0 0.08337
2350.0 2050.0 0.13397
2450.0 2050.0 0.06810
2550.0 2050.0 -0.08666
2650.0 2050.0 -0.26619
2750.0 2050.0 -0.39808
2850.0 2050.0 -0.42766
2950.0 2050.0 -0.34195
3050.0 2050.0 -0.19106
3150.0 2050.0 -0.07489
3250.0 2050.0 -0.05271
3350.0 2050.0 -0.12418
3450.0 2050.0 -0.24848
3550.0 2050.0 -0.36508
3650.0 2050.0 -0.41583
3750.0 2050.0 -0.36814
3850.0 2050.0 -0.23961
3950.0 2050.0 -0.06693
4050.0 2050.0 0.18738
4150.0 2050.0 0.46899
4250.0 2050.0 0.67860
4350.0 2050.0 0.74445
4450.0 2050.0 0.65780
4550.0 2050.0 0.47175
4650.0 2050.0 0.26300
4750.0 2050.0 0.07454
4850.0 2050.0 -0.00473
4950.0 2050.0 0.07153
5050.0 2050.0 0.25052
5150.0 2050.0 0.43489
5250.0 2050.0 0.52830
5350.0 2050.0 0.47004
5450.0 2050.0 0.25887
5550.0 2050.0 -0.03457
5650.0 2050.0 -0.30481
5750.0 2050.0 -0.48074
5850.0 2050.0 -0.52778
5950.0 2050.0 -0.45921
6050.0 2050.0 -0.33373
6150.0 2050.0 -0.23582
6250.0 2050.0 -0.23892
6350.0 2050.0 -0.35138
50.0 2150.0 -0.41074
150.0 2150.0 -0.36900
250.0 2150.0 -0.27481
350.0 2150.0 -0.17006
450.0 2150.0 -0.09591
550.0 2150.0 -0.05326
650.0 2150.0 -0.00010
750.0 2150.0 0.06790
850.0 2150.0 0.12614
950.0 2150.0 0.14890
1050.0 2150.0 0.12553
1150.0 2150.0 0.06535
1250.0 2150.0 -0.00864
1350.0 2150.0 -0.07729
1450.0 2150.0 -0.15741
1550.0 2150.0 -0.27388
1650.0 2150.0 -0.39112
1750.0 2150.0 -0.45532
1850.0 2150.0 -0.43322
1950.0 2150.0 -0.32932
2050.0 2150.0 -0.18133
2150.0 2150.0 -0.03399
2250.0 2150.0 0.09567
2350.0 2150.0 0.15588
2450.0 2150.0 0.11298
2550.0 2150.0 -0.00773
2650.0 2150.0 -0.14886
2750.0 2150.0 -0.24635
2850.0 2150.0 -0.25246
2950.0 2150.0 -0.15658
3050.0 2150.0 -0.00360
3150.0 2150.0 0.11178
3250.0 2150.0 0.12903
3350.0 2150.0 0.05031
3450.0 2150.0 -0.08036
3550.0 2150.0 -0.19968
3650.0 2150.0 -0.24826
3750.0 2150.0 -0.19420
3850.0 2150.0 -0.05707
3950.0 2150.0 0.11988
4050.0 2150.0 0.35736
4150.0 2150.0 0.59382
4250.0 2150.0 0.73514
4350.0 2150.0 0.72361
4450.0 2150.0 0.56834
4550.0 2150.0 0.33722
4650.0 2150.0 0.11034
4750.0 2150.0 -0.08419
4850.0 2150.0 -0.16326
4950.0 2150.0 -0.07654
5050.0 2150.0 0.12216
5150.0 2150.0 0.33085
5250.0 2150.0 0.44671
5350.0 2150.0 0.40319
5450.0 2150.0 0.19645
5550.0 2150.0 -0.09904
5650.0 2150.0 -0.36209
5750.0 2150.0 -0.50647
5850.0 2150.0 -0.49691
5950.0 2150.0 -0.35686
6050.0 2150.0 -0.16075
6150.0 2150.0 -0.00866
6250.0 2150.0 0.01676
6350.0 2150.0 -0.08901
50.0 2250.0 -0.12605
150.0 2250.0 -0.09594
250.0 2250.0 -0.01179
350.0 2250.0 0.08654
450.0 2250.0 0.15840
550.0 2250.0 0.20112
650.0 2250.0 0.25481
750.0 2250.0 0.32379
850.0 2250.0 0.38314
950.0 2250.0 0.40669
1050.0 2250.0 0.38349
1150.0 2250.0 0.32282
1250.0 2250.0 0.24788
1350.0 2250.0 0.17813
1450.0 2250.0 0.09226
1550.0 2250.0 -0.04836
1650.0 2250.0 -0.21122
1750.0 2250.0 -0.33516
1850.0 2250.0 -0.37420
1950.0 2250.0 -0.31960
2050.0 2250.0 -0.20027
2150.0 2250.0 -0.06139
2250.0 2250.0 0.06871
2350.0 2250.0 0.14141
2450.0 2250.0 0.12976
2550.0 2250.0 0.05581
2650.0 2250.0 -0.03253
2750.0 2250.0 -0.08291
2850.0 2250.0 -0.05730
2950.0 2250.0 0.05162
3050.0 2250.0 0.20646
3150.0 2250.0 0.32290
3250.0 2250.0 0.34149
3350.0 2250.0 0.26430
3450.0 2250.0 0.13521
3550.0 2250.0 0.01732
3650.0 2250.0 -0.03011
3750.0 2250.0 0.02483
3850.0 2250.0 0.16264
3950.0 2250.0 0.33428
4050.0 2250.0 0.54139
4150.0 2250.0 0.71792
4250.0 2250.0 0.77984
4350.0 2250.0 0.68700
4450.0 2250.0 0.46672
4550.0 2250.0 0.19897
4650.0 2250.0 -0.03658
4750.0 2250.0 -0.22820
4850.0 2250.0 -0.29820
4950.0 2250.0 -0.19319
5050.0 2250.0 0.03098
5150.0 2250.0 0.26727
5250.0 2250.0 0.40714
5350.0 2250.0 0.37961
5450.0 2250.0 0.17970
5550.0 2250.0 -0.11419
5650.0 2250.0 -0.36624
5750.0 2250.0 -0.47578
5850.0 2250.0 -0.40788
5950.0 2250.0 -0.19670
6050.0 2250.0 0.06787
6150.0 2250.0 0.27126
6250.0 2250.0 0.32292
6350.0 2250.0 0.22282
50.0 2350.0 0.15209
150.0 2350.0 0.19299
250.0 2350.0 0.28766
350.0 2350.0 0.39419
450.0 2350.0 0.47097
550.0 2350.0 0.51649
650.0 2350.0 0.57174
750.0 2350.0 0.63809
850.0 2350.0 0.68795
950.0 2350.0 0.69481
1050.0 2350.0 0.65028
1150.0 2350.0 0.56826
1250.0 2350.0 0.47652
1350.0 2350.0 0.39551
1450.0 2350.0 0.29552
1550.0 2350.0 0.12463
1650.0 2350.0 -0.08690
1750.0 2350.0 -0.27107
1850.0 2350.0 -0.37064
1950.0 2350.0 -0.36559
2050.0 2350.0 -0.27767
2150.0 2350.0 -0.15290
2250.0 2350.0 -0.02963
2350.0 2350.0 0.04526
2450.0 2350.0 0.05255
2550.0 2350.0 0.01519
2650.0 2350.0 -0.02484
2750.0 2350.0 -0.02577
2850.0 2350.0 0.03893
2950.0 2350.0 0.16991
3050.0 2350.0 0.33509
3150.0 2350.0 0.46203
3250.0 2350.0 0.49335
3350.0 2350.0 0.43018
3450.0 2350.0 0.31471
3550.0 2350.0 0.20856
3650.0 2350.0 0.17031
3750.0 2350.0 0.23215
3850.0 2350.0 0.37566
3950.0 2350.0 0.54593
4050.0 2350.0 0.72457
4150.0 2350.0 0.84455
4250.0 2350.0 0.83647
4350.0 2350.0 0.68000
4450.0 2350.0 0.41925
4550.0 2350.0 0.14213
4650.0 2350.0 -0.07642
4750.0 2350.0 -0.24211
4850.0 2350.0 -0.29148
4950.0 2350.0 -0.17738
5050.0 2350.0 0.04238
5150.0 2350.0 0.26387
5250.0 2350.0 0.38591
5350.0 2350.0 0.34643
5450.0 2350.0 0.14645
5550.0 2350.0 -0.13837
5650.0 2350.0 -0.37433
5750.0 2350.0 -0.45277
5850.0 2350.0 -0.33873
5950.0 2350.0 -0.07289
6050.0 2350.0 0.24517
6150.0 2350.0 0.49152
6250.0 2350.0 0.57038
6350.0 2350.0 0.48432
50.0 2450.0 0.35679
150.0 2450.0 0.43408
250.0 2450.0 0.56313
350.0 2450.0 0.69533
450.0 2450.0 0.78616
550.0 2450.0 0.83857
650.0 2450.0 0.89869
750.0 2450.0 0.96237
850.0 2450.0 0.99547
950.0 2450.0 0.96954
1050.0 2450.0 0.88072
1150.0 2450.0 0.75258
1250.0 2450.0 0.62305
1350.0 2450.0 0.51544
1450.0 2450.0 0.38953
1550.0 2450.0 0.18536
1650.0 2450.0 -0.06688
1750.0 2450.0 -0.29518
1850.0 2450.0 -0.43697
1950.0 2450.0 -0.46779
2050.0 2450.0 -0.40739
2150.0 2450.0 -0.30320
2250.0 2450.0 -0.19821
2350.0 2450.0 -0.13965
2450.0 2450.0 -0.13862
2550.0 2450.0 -0.16426
2650.0 2450.0 -0.17302
2750.0 2450.0 -0.12981
2850.0 2450.0 -0.02051
2950.0 2450.0 0.14416
3050.0 2450.0 0.33263
3150.0 2450.0 0.48326
3250.0 2450.0 0.54026
3350.0 2450.0 0.50268
3450.0 2450.0 0.41015
3550.0 2450.0 0.32287
3650.0 2450.0 0.29978
3750.0 2450.0 0.37481
3850.0 2450.0 0.53137
3950.0 2450.0 0.70688
4050.0 2450.0 0.86202
4150.0 2450.0 0.93440
4250.0 2450.0 0.87563
4350.0 2450.0 0.68759
4450.0 2450.0 0.42809
4550.0 2450.0 0.18576
4650.0 2450.0 0.02436
4750.0 2450.0 -0.07981
4850.0 2450.0 -0.08897
4950.0 2450.0 0.02445
5050.0 2450.0 0.20033
5150.0 2450.0 0.34908
5250.0 2450.0 0.39537
5350.0 2450.0 0.30521
5450.0 2450.0 0.09628
5550.0 2450.0 -0.16793
5650.0 2450.0 -0.38171
5750.0 2450.0 -0.44074
5850.0 2450.0 -0.30929
5950.0 2450.0 -0.02626
6050.0 2450.0 0.31059
6150.0 2450.0 0.57850
6250.0 2450.0 0.68176
6350.0 2450.0 0.62194
50.0 2550.0 0.41454
150.0 2550.0 0.53585
250.0 2550.0 0.70716
350.0 2550.0 0.87170
450.0 2550.0 0.98112
550.0 2550.0 1.04360
650.0 2550.0 1.11369
750.0 2550.0 1.18223
850.0 2550.0 1.20522
950.0 2550.0 1.14859
1050.0 2550.0 1.01128
1150.0 2550.0 0.82747
1250.0 2550.0 0.64827
1350.0 2550.0 0.50254
1450.0 2550.0 0.34304
1550.0 2550.0 0.11227
1650.0 2550.0 -0.15664
1750.0 2550.0 -0.39280
1850.0 2550.0 -0.53815
1950.0 2550.0 -0.57456
2050.0 2550.0 -0.52746
2150.0 2550.0 -0.44595
2250.0 2550.0 -0.36876
2350.0 2550.0 -0.34496
2450.0 2550.0 -0.37889
2550.0 2550.0 -0.42514
2650.0 2550.0 -0.43007
2750.0 2550.0 -0.35904
2850.0 2550.0 -0.20863
2950.0 2550.0 -0.00400
3050.0 2550.0 0.21792
3150.0 2550.0 0.40091
3250.0 2550.0 0.48776
3350.0 2550.0 0.47459
3450.0 2550.0 0.39978
3550.0 2550.0 0.32500
3650.0 2550.0 0.31294
3750.0 2550.0 0.40182
3850.0 2550.0 0.57660
3950.0 2550.0 0.76316
4050.0 2550.0 0.90121
4150.0 2550.0 0.93797
4250.0 2550.0 0.85041
4350.0 2550.0 0.66322
4450.0 2550.0 0.44390
4550.0 2550.0 0.27509
4650.0 2550.0 0.20407
4750.0 2550.0 0.19034
4850.0 2550.0 0.23981
4950.0 2550.0 0.35110
5050.0 2550.0 0.46084
5150.0 2550.0 0.50084
5250.0 2550.0 0.43419
5350.0 2550.0 0.26847
5450.0 2550.0 0.04594
5550.0 2550.0 -0.18817
5650.0 2550.0 -0.37731
5750.0 2550.0 -0.43445
5850.0 2550.0 -0.32252
5950.0 2550.0 -0.06930
6050.0 2550.0 0.24225
6150.0 2550.0 0.50244
6250.0 2550.0 0.62185
6350.0 2550.0 0.59700
50.0 2650.0 0.30320
150.0 2650.0 0.45387
250.0 2650.0 0.65510
350.0 2650.0 0.84443
450.0 2650.0 0.97030
550.0 2650.0 1.04380
650.0 2650.0 1.12886
750.0 2650.0 1.21506
850.0 2650.0 1.24701
950.0 2650.0 1.18052
1050.0 2650.0 1.01226
1150.0 2650.0 0.78336
1250.0 2650.0 0.55702
1350.0 2650.0 0.37019
1450.0 2650.0 0.17684
1550.0 2650.0 -0.06598
1650.0 2650.0 -0.31951
1750.0 2650.0 -0.51963
1850.0 2650.0 -0.62298
1950.0 2650.0 -0.62855
2050.0 2650.0 -0.57491
2150.0 2650.0 -0.51274
2250.0 2650.0 -0.46712
2350.0 2650.0 -0.48924
2450.0 2650.0 -0.57945
2550.0 2650.0 -0.67416
2650.0 2650.0 -0.70324
2750.0 2650.0 -0.62621
2850.0 2650.0 -0.44655
2950.0 2650.0 -0.20387
3050.0 2650.0 0.05471
3150.0 2650.0 0.27055
3250.0 2650.0 0.38033
3350.0 2650.0 0.37715
3450.0 2650.0 0.30125
3550.0 2650.0 0.22051
3650.0 2650.0 0.20607
3750.0 2650.0 0.30314
3850.0 2650.0 0.49696
3950.0 2650.0 0.69723
4050.0 2650.0 0.82372
4150.0 2650.0 0.83544
4250.0 2650.0 0.73532
4350.0 2650.0 0.56919
4450.0 2650.0 0.41092
4550.0 2650.0 0.33344
4650.0 2650.0 0.36575
4750.0 2650.0 0.45302
4850.0 2650.0 0.57112
4950.0 2650.0 0.68835
5050.0 2650.0 0.73683
5150.0 2650.0 0.66964
5250.0 2650.0 0.48956
5350.0 2650.0 0.24792
5450.0 2650.0 0.01353
5550.0 2650.0 -0.18693
5650.0 2650.0 -0.35379
5750.0 2650.0 -0.42609
5850.0 2650.0 -0.36506
5950.0 2650.0 -0.18069
6050.0 2650.0 0.06844
6150.0 2650.0 0.29454
6250.0 2650.0 0.41915
6350.0 2650.0 0.43090
50.0 2750.0 0.07203
150.0 2750.0 0.22196
250.0 2750.0 0.42630
350.0 2750.0 0.62231
450.0 2750.0 0.75687
550.0 2750.0 0.83981
650.0 2750.0 0.94269
750.0 2750.0 1.05908
850.0 2750.0 1.12310
950.0 2750.0 1.07703
1050.0 2750.0 0.90912
1150.0 2750.0 0.66071
1250.0 2750.0 0.40268
1350.0 2750.0 0.18129
1450.0 2750.0 -0.03890
1550.0 2750.0 -0.27771
1650.0 2750.0 -0.48947
1750.0 2750.0 -0.62059
1850.0 2750.0 -0.64872
1950.0 2750.0 -0.59634
2050.0 2750.0 -0.51917
2150.0 2750.0 -0.46908
2250.0 2750.0 -0.45164
2350.0 2750.0 -0.51919
2450.0 2750.0 -0.67094
2550.0 2750.0 -0.82597
2650.0 2750.0 -0.89599
2750.0 2750.0 -0.83103
2850.0 2750.0 -0.63708
2950.0 2750.0 -0.36540
3050.0 2750.0 -0.07501
3150.0 2750.0 0.16603
3250.0 2750.0 0.28400
3350.0 2750.0 0.26958
3450.0 2750.0 0.16847
3550.0 2750.0 0.05933
3650.0 2750.0 0.02572
3750.0 2750.0 0.12160
3850.0 2750.0 0.33072
3950.0 2750.0 0.54322
4050.0 2750.0 0.66045
4150.0 2750.0 0.65199
4250.0 2750.0 0.54322
4350.0 2750.0 0.39810
4450.0 2750.0 0.29555
4550.0 2750.0 0.29957
4650.0 2750.0 0.42307
4750.0 2750.0 0.59969
4850.0 2750.0 0.78412
4950.0 2750.0 0.92120
5050.0 2750.0 0.93754
5150.0 2750.0 0.80044
5250.0 2750.0 0.54218
5350.0 2750.0 0.24816
5450.0 2750.0 0.00907
5550.0 2750.0 -0.16139
5650.0 2750.0 -0.31201
5750.0 2750.0 -0.40892
5850.0 2750.0 -0.41174
5950.0 2750.0 -0.31122
6050.0 2750.0 -0.13937
6150.0 2750.0 0.04007
6250.0 2750.0 0.16091
6350.0 2750.0 0.20334
50.0 2850.0 -0.17670
150.0 2850.0 -0.06073
250.0 2850.0 0.11645
350.0 2850.0 0.29778
450.0 2850.0 0.43081
550.0 2850.0 0.51966
650.0 2850.0 0.63974
750.0 2850.0 0.79321
850.0 2850.0 0.90670
950.0 2850.0 0.90816
1050.0 2850.0 0.77275
1150.0 2850.0 0.53507
1250.0 2850.0 0.26753
1350.0 2850.0 0.02519
1450.0 2850.0 -0.21026
1550.0 2850.0 -0.43431
1650.0 2850.0 -0.59504
1750.0 2850.0 -0.64967
1850.0 2850.0 -0.59638
1950.0 2850.0 -0.48014
2050.0 2850.0 -0.37270
2150.0 2850.0 -0.32649
2250.0 2850.0 -0.32789
2350.0 2850.0 -0.42847
2450.0 2850.0 -0.62814
2550.0 2850.0 -0.83373
2650.0 2850.0 -0.94271
2750.0 2850.0 -0.89623
2850.0 2850.0 -0.69979
2950.0 2850.0 -0.41169
3050.0 2850.0 -0.10062
3150.0 2850.0 0.15282
3250.0 2850.0 0.26241
3350.0 2850.0 0.21759
3450.0 2850.0 0.07195
3550.0 2850.0 -0.08253
3650.0 2850.0 -0.14842
3750.0 2850.0 -0.06298
3850.0 2850.0 0.15456
3950.0 2850.0 0.37416
4050.0 2850.0 0.48016
4150.0 2850.0 0.44829
4250.0 2850.0 0.32040
4350.0 2850.0 0.17528
4450.0 2850.0 0.09823
4550.0 2850.0 0.14944
4650.0 2850.0 0.33124
4750.0 2850.0 0.56754
4850.0 2850.0 0.80423
4950.0 2850.0 0.97518
5050.0 2850.0 1.00113
5150.0 2850.0 0.85245
5250.0 2850.0 0.57320
5350.0 2850.0 0.26503
5450.0 2850.0 0.03099
5550.0 2850.0 -0.11904
5650.0 2850.0 -0.26070
5750.0 2850.0 -0.37976
5850.0 2850.0 -0.43470
5950.0 2850.0 -0.40170
6050.0 2850.0 -0.29258
6150.0 2850.0 -0.15265
6250.0 2850.0 -0.03867
6350.0 2850.0 0.02320
50.0 2950.0 -0.34435
150.0 2950.0 -0.28659
250.0 2950.0 -0.15925
350.0 2950.0 -0.00926
450.0 2950.0 0.11342
550.0 2950.0 0.20411
650.0 2950.0 0.33788
750.0 2950.0 0.52778
850.0 2950.0 0.69682
950.0 2950.0 0.76041
1050.0 2950.0 0.67900
1150.0 2950.0 0.47570
1250.0 2950.0 0.21907
1350.0 2950.0 -0.02907
1450.0 2950.0 -0.26824
1550.0 2950.0 -0.47536
1650.0 2950.0 -0.59459
1750.0 2950.0 -0.59088
1850.0 2950.0 -0.47656
1950.0 2950.0 -0.31183
2050.0 2950.0 -0.17900
2150.0 2950.0 -0.13053
2250.0 2950.0 -0.13937
2350.0 2950.0 -0.25426
2450.0 2950.0 -0.47602
2550.0 2950.0 -0.70633
2650.0 2950.0 -0.83608
2750.0 2950.0 -0.80169
2850.0 2950.0 -0.60751
2950.0 2950.0 -0.31426
3050.0 2950.0 0.00465
3150.0 2950.0 0.25758
3250.0 2950.0 0.34650
3350.0 2950.0 0.26073
3450.0 2950.0 0.06248
3550.0 2950.0 -0.14331
3650.0 2950.0 -0.24660
3750.0 2950.0 -0.17746
3850.0 2950.0 0.04128
3950.0 2950.0 0.26135
4050.0 2950.0 0.35097
4150.0 2950.0 0.28636
4250.0 2950.0 0.11958
4350.0 2950.0 -0.05802
4450.0 2950.0 -0.15152
4550.0 2950.0 -0.09729
4650.0 2950.0 0.10281
4750.0 2950.0 0.36342
4850.0 2950.0 0.63266
4950.0 2950.0 0.84661
5050.0 2950.0 0.92051
5150.0 2950.0 0.81686
5250.0 2950.0 0.57330
5350.0 2950.0 0.28887
5450.0 2950.0 0.06849
5550.0 2950.0 -0.07262
5650.0 2950.0 -0.21113
5750.0 2950.0 -0.33998
5850.0 2950.0 -0.41721
5950.0 2950.0 -0.41295
6050.0 2950.0 -0.33060
6150.0 2950.0 -0.20780
6250.0 2950.0 -0.09734
6350.0 2950.0 -0.02804
50.0 3050.0 -0.42966
150.0 3050.0 -0.43888
250.0 3050.0 -0.36985
350.0 3050.0 -0.25775
450.0 3050.0 -0.14930
550.0 3050.0 -0.05902
650.0 3050.0 0.08549
750.0 3050.0 0.30856
850.0 3050.0 0.53193
950.0 3050.0 0.66053
1050.0 3050.0 0.64038
1150.0 3050.0 0.48154
1250.0 3050.0 0.24606
1350.0 3050.0 0.00090
1450.0 3050.0 -0.23575
1550.0 3050.0 -0.42821
1650.0 3050.0 -0.51865
1750.0 3050.0 -0.47680
1850.0 3050.0 -0.32341
1950.0 3050.0 -0.12738
2050.0 3050.0 0.02316
2150.0 3050.0 0.07603
2250.0 3050.0 0.06643
2350.0 3050.0 -0.05034
2450.0 3050.0 -0.27545
2550.0 3050.0 -0.51000
2650.0 3050.0 -0.64393
2750.0 3050.0 -0.61277
2850.0 3050.0 -0.42034
2950.0 3050.0 -0.12742
3050.0 3050.0 0.19168
3150.0 3050.0 0.43715
3250.0 3050.0 0.50074
3350.0 3050.0 0.37227
3450.0 3050.0 0.12202
3550.0 3050.0 -0.13354
3650.0 3050.0 -0.27364
3750.0 3050.0 -0.22261
3850.0 3050.0 -0.00694
3950.0 3050.0 0.20916
4050.0 3050.0 0.27796
4150.0 3050.0 0.17276
4250.0 3050.0 -0.04753
4350.0 3050.0 -0.27973
4450.0 3050.0 -0.41674
4550.0 3050.0 -0.38694
4650.0 3050.0 -0.19255
4750.0 3050.0 0.07130
4850.0 3050.0 0.36048
4950.0 3050.0 0.62051
5050.0 3050.0 0.76163
5150.0 3050.0 0.73267
5250.0 3050.0 0.55498
5350.0 3050.0 0.31447
5450.0 3050.0 0.11195
5550.0 3050.0 -0.02710
5650.0 3050.0 -0.16500
5750.0 3050.0 -0.29331
5850.0 3050.0 -0.36997
5950.0 3050.0 -0.36506
6050.0 3050.0 -0.28193
6150.0 3050.0 -0.15822
6250.0 3050.0 -0.04680
6350.0 3050.0 0.02347
50.0 3150.0 -0.54106
150.0 3150.0 -0.60465
250.0 3150.0 -0.57893
350.0 3150.0 -0.49184
450.0 3150.0 -0.39008
550.0 3150.0 -0.29672
650.0 3150.0 -0.13806
750.0 3150.0 0.12250
850.0 3150.0 0.40606
950.0 3150.0 0.60709
1050.0 3150.0 0.65663
1150.0 3150.0 0.55066
1250.0 3150.0 0.34373
1350.0 3150.0 0.10774
1450.0 3150.0 -0.12048
1550.0 3150.0 -0.29371
1650.0 3150.0 -0.35497
1750.0 3150.0 -0.28083
1850.0 3150.0 -0.10003
1950.0 3150.0 0.11274
2050.0 3150.0 0.26768
2150.0 3150.0 0.31569
2250.0 3150.0 0.29873
2350.0 3150.0 0.17800
2450.0 3150.0 -0.04560
2550.0 3150.0 -0.27401
2650.0 3150.0 -0.39988
2750.0 3150.0 -0.36214
2850.0 3150.0 -0.16753
2950.0 3150.0 0.12212
3050.0 3150.0 0.43453
3150.0 3150.0 0.66896
3250.0 3150.0 0.71133
3350.0 3150.0 0.55053
3450.0 3150.0 0.26049
3550.0 3150.0 -0.03581
3650.0 3150.0 -0.21055
3750.0 3150.0 -0.18346
3850.0 3150.0 0.01776
3950.0 3150.0 0.21691
4050.0 3150.0 0.25050
4150.0 3150.0 0.09059
4250.0 3150.0 -0.19460
4350.0 3150.0 -0.48866
4450.0 3150.0 -0.67271
4550.0 3150.0 -0.66906
4650.0 3150.0 -0.48248
4750.0 3150.0 -0.21774
4850.0 3150.0 0.09279
4950.0 3150.0 0.40674
5050.0 3150.0 0.62872
5150.0 3150.0 0.69093
5250.0 3150.0 0.59437
5350.0 3150.0 0.40820
5450.0 3150.0 0.22750
5550.0 3150.0 0.09025
5650.0 3150.0 -0.05011
5750.0 3150.0 -0.18562
5850.0 3150.0 -0.27220
5950.0 3150.0 -0.27617
6050.0 3150.0 -0.19769
6150.0 3150.0 -0.07299
6250.0 3150.0 0.04430
6350.0 3150.0 0.12300
50.0 3250.0 -0.71194
150.0 3250.0 -0.79505
250.0 3250.0 -0.77289
350.0 3250.0 -0.67750
450.0 3250.0 -0.56342
550.0 3250.0 -0.45850
650.0 3250.0 -0.27999
750.0 3250.0 0.02010
850.0 3250.0 0.36339
950.0 3250.0 0.63640
1050.0 3250.0 0.75758
1150.0 3250.0 0.71024
1250.0 3250.0 0.54136
1350.0 3250.0 0.32628
1450.0 3250.0 0.11897
1550.0 3250.0 -0.02404
1650.0 3250.0 -0.05297
1750.0 3250.0 0.04361
1850.0 3250.0 0.22884
1950.0 3250.0 0.42773
2050.0 3250.0 0.55767
2150.0 3250.0 0.57897
2250.0 3250.0 0.53803
2350.0 3250.0 0.40549
2450.0 3250.0 0.18935
2550.0 3250.0 -0.01534
2650.0 3250.0 -0.11080
2750.0 3250.0 -0.04800
2850.0 3250.0 0.15614
2950.0 3250.0 0.43610
3050.0 3250.0 0.72732
3150.0 3250.0 0.94466
3250.0 3250.0 0.97916
3350.0 3250.0 0.81536
3450.0 3250.0 0.51976
3550.0 3250.0 0.20914
3650.0 3250.0 0.00885
3750.0 3250.0 0.00101
3850.0 3250.0 0.16264
3950.0 3250.0 0.31683
4050.0 3250.0 0.28911
4150.0 3250.0 0.05587
4250.0 3250.0 -0.30107
4350.0 3250.0 -0.65230
4450.0 3250.0 -0.87243
4550.0 3250.0 -0.88557
4650.0 3250.0 -0.70476
4750.0 3250.0 -0.44109
4850.0 3250.0 -0.10865
4950.0 3250.0 0.26431
5050.0 3250.0 0.57651
5150.0 3250.0 0.74165
5250.0 3250.0 0.73749
5350.0 3250.0 0.61370
5450.0 3250.0 0.45827
5550.0 3250.0 0.32310
5650.0 3250.0 0.17413
5750.0 3250.0 0.01310
5850.0 3250.0 -0.10927
5950.0 3250.0 -0.14650
6050.0 3250.0 -0.08732
6150.0 3250.0 0.03747
6250.0 3250.0 0.17230
6350.0 3250.0 0.27813
50.0 3350.0 -0.90771
150.0 3350.0 -0.96923
250.0 3350.0 -0.90574
350.0 3350.0 -0.76559
450.0 3350.0 -0.61917
550.0 3350.0 -0.49449
650.0 3350.0 -0.29526
750.0 3350.0 0.03175
850.0 3350.0 0.41030
950.0 3350.0 0.72594
1050.0 3350.0 0.89325
1150.0 3350.0 0.89007
1250.0 3350.0 0.75874
1350.0 3350.0 0.57437
1450.0 3350.0 0.39993
1550.0 3350.0 0.29707
1650.0 3350.0 0.30217
1750.0 3350.0 0.40986
1850.0 3350.0 0.57539
1950.0 3350.0 0.72930
2050.0 3350.0 0.80488
2150.0 3350.0 0.77810
2250.0 3350.0 0.69698
2350.0 3350.0 0.54408
2450.0 3350.0 0.33888
2550.0 3350.0 0.17153
2650.0 3350.0 0.12436
2750.0 3350.0 0.22682
2850.0 3350.0 0.44542
2950.0 3350.0 0.70863
3050.0 3350.0 0.96457
3150.0 3350.0 1.16059
3250.0 3350.0 1.20548
3350.0 3350.0 1.07597
3450.0 3350.0 0.81870
3550.0 3350.0 0.52959
3650.0 3350.0 0.32018
3750.0 3350.0 0.27050
3850.0 3350.0 0.36879
3950.0 3350.0 0.45289
4050.0 3350.0 0.34888
4150.0 3350.0 0.04451
4250.0 3350.0 -0.36390
4350.0 3350.0 -0.73996
4450.0 3350.0 -0.96291
4550.0 3350.0 -0.97062
4650.0 3350.0 -0.78981
4750.0 3350.0 -0.52980
4850.0 3350.0 -0.18345
4950.0 3350.0 0.23259
5050.0 3350.0 0.61316
5150.0 3350.0 0.85791
5250.0 3350.0 0.92635
5350.0 3350.0 0.85224
5450.0 3350.0 0.71726
5550.0 3350.0 0.58377
5650.0 3350.0 0.42116
5750.0 3350.0 0.21996
5850.0 3350.0 0.04199
5950.0 3350.0 -0.04567
6050.0 3350.0 -0.01384
6150.0 3350.0 0.11477
6250.0 3350.0 0.28071
6350.0 3350.0 0.43221
50.0 3450.0 -1.07503
150.0 3450.0 -1.08390
250.0 3450.0 -0.94716
350.0 3450.0 -0.73766
450.0 3450.0 -0.54629
550.0 3450.0 -0.39757
650.0 3450.0 -0.18303
750.0 3450.0 0.14572
850.0 3450.0 0.51600
950.0 3450.0 0.82199
1050.0 3450.0 0.98711
1150.0 3450.0 0.99497
1250.0 3450.0 0.88860
1350.0 3450.0 0.73813
1450.0 3450.0 0.60267
1550.0 3450.0 0.54433
1650.0 3450.0 0.58261
1750.0 3450.0 0.69316
1850.0 3450.0 0.82389
1950.0 3450.0 0.91449
2050.0 3450.0 0.91913
2150.0 3450.0 0.83265
2250.0 3450.0 0.70269
2350.0 3450.0 0.52368
2450.0 3450.0 0.32832
2550.0 3450.0 0.20122
2650.0 3450.0 0.20700
2750.0 3450.0 0.35262
2850.0 3450.0 0.58551
2950.0 3450.0 0.82716
3050.0 3450.0 1.04036
3150.0 3450.0 1.21492
3250.0 3450.0 1.28657
3350.0 3450.0 1.22236
3450.0 3450.0 1.04029
3550.0 3450.0 0.80471
3650.0 3450.0 0.60447
3750.0 3450.0 0.51402
3850.0 3450.0 0.53727
3950.0 3450.0 0.54049
4050.0 3450.0 0.36535
4150.0 3450.0 0.01673
4250.0 3450.0 -0.39818
4350.0 3450.0 -0.74659
4450.0 3450.0 -0.92606
4550.0 3450.0 -0.89980
4650.0 3450.0 -0.71113
4750.0 3450.0 -0.45705
4850.0 3450.0 -0.11183
4950.0 3450.0 0.31235
5050.0 3450.0 0.71038
5150.0 3450.0 0.97832
5250.0 3450.0 1.06982
5350.0 3450.0 1.01263
5450.0 3450.0 0.88515
5550.0 3450.0 0.75231
5650.0 3450.0 0.57455
5750.0 3450.0 0.32939
5850.0 3450.0 0.09201
5950.0 3450.0 -0.04702
6050.0 3450.0 -0.03895
6150.0 3450.0 0.10127
6250.0 3450.0 0.30843
6350.0 3450.0 0.51591
50.0 3550.0 -1.17365
150.0 3550.0 -1.12085
250.0 3550.0 -0.90425
350.0 3550.0 -0.62207
450.0 3550.0 -0.38532
550.0 3550.0 -0.21375
650.0 3550.0 0.00674
750.0 3550.0 0.30989
850.0 3550.0 0.62732
950.0 3550.0 0.87000
1050.0 3550.0 0.98177
1150.0 3550.0 0.96269
1250.0 3550.0 0.86200
1350.0 3550.0 0.74094
1450.0 3550.0 0.64253
1550.0 3550.0 0.62593
1650.0 3550.0 0.69446
1750.0 3550.0 0.80583
1850.0 3550.0 0.90143
1950.0 3550.0 0.93005
2050.0 3550.0 0.86611
2150.0 3550.0 0.72242
2250.0 3550.0 0.54564
2350.0 3550.0 0.33979
2450.0 3550.0 0.14920
2550.0 3550.0 0.05373
2650.0 3550.0 0.10247
2750.0 3550.0 0.28264
2850.0 3550.0 0.52478
2950.0 3550.0 0.74413
3050.0 3550.0 0.91650
3150.0 3550.0 1.07343
3250.0 3550.0 1.17995
3350.0 3550.0 1.19360
3450.0 3550.0 1.10215
3550.0 3550.0 0.93562
3650.0 3550.0 0.75742
3750.0 3550.0 0.63460
3850.0 3550.0 0.58736
3950.0 3550.0 0.51710
4050.0 3550.0 0.29343
4150.0 3550.0 -0.05940
4250.0 3550.0 -0.42988
4350.0 3550.0 -0.69957
4450.0 3550.0 -0.79506
4550.0 3550.0 -0.71158
4650.0 3550.0 -0.50827
4750.0 3550.0 -0.26116
4850.0 3550.0 0.06702
4950.0 3550.0 0.45994
5050.0 3550.0 0.81670
5150.0 3550.0 1.04183
5250.0 3550.0 1.09781
5350.0 3550.0 1.01841
5450.0 3550.0 0.88276
5550.0 3550.0 0.74932
5650.0 3550.0 0.55895
5750.0 3550.0 0.27805
5850.0 3550.0 -0.00553
5950.0 3550.0 -0.18077
6050.0 3550.0 -0.18307
6150.0 3550.0 -0.02262
6250.0 3550.0 0.22845
6350.0 3550.0 0.49018
50.0 3650.0 -1.19269
150.0 3650.0 -1.09560
250.0 3650.0 -0.82113
350.0 3650.0 -0.48602
450.0 3650.0 -0.21606
550.0 3650.0 -0.02787
650.0 3650.0 0.18931
750.0 3650.0 0.44930
850.0 3650.0 0.68770
950.0 3650.0 0.83551
1050.0 3650.0 0.86230
1150.0 3650.0 0.78997
1250.0 3650.0 0.67735
1350.0 3650.0 0.57536
1450.0 3650.0 0.50472
1550.0 3650.0 0.52105
1650.0 3650.0 0.61600
1750.0 3650.0 0.73342
1850.0 3650.0 0.80869
1950.0 3650.0 0.79609
2050.0 3650.0 0.68413
2150.0 3650.0 0.49896
2250.0 3650.0 0.28743
2350.0 3650.0 0.05942
2450.0 3650.0 -0.13331
2550.0 3650.0 -0.21374
2650.0 3650.0 -0.14253
2750.0 3650.0 0.05501
2850.0 3650.0 0.29861
2950.0 3650.0 0.49943
3050.0 3650.0 0.64155
3150.0 3650.0 0.78710
3250.0 3650.0 0.92457
3350.0 3650.0 1.00440
3450.0 3650.0 0.99040
3550.0 3650.0 0.88493
3650.0 3650.0 0.73044
3750.0 3650.0 0.58742
3850.0 3650.0 0.48880
3950.0 3650.0 0.36771
4050.0 3650.0 0.12595
4150.0 3650.0 -0.19518
4250.0 3650.0 -0.48653
4350.0 3650.0 -0.65024
4450.0 3650.0 -0.64485
4550.0 3650.0 -0.49645
4650.0 3650.0 -0.27582
4750.0 3650.0 -0.03503
4850.0 3650.0 0.26633
4950.0 3650.0 0.60128
5050.0 3650.0 0.87579
5150.0 3650.0 1.01126
5250.0 3650.0 0.98960
5350.0 3650.0 0.85952
5450.0 3650.0 0.70415
5550.0 3650.0 0.56919
5650.0 3650.0 0.37174
5750.0 3650.0 0.07191
5850.0 3650.0 -0.23316
5950.0 3650.0 -0.41973
6050.0 3650.0 -0.41488
6150.0 3650.0 -0.22850
6250.0 3650.0 0.06047
6350.0 3650.0 0.36323
50.0 3750.0 -1.15154
150.0 3750.0 -1.04703
250.0 3750.0 -0.75664
350.0 3750.0 -0.40367
450.0 3750.0 -0.12049
550.0 3750.0 0.07545
650.0 3750.0 0.28365
750.0 3750.0 0.49925
850.0 3750.0 0.66055
950.0 3750.0 0.71572
1050.0 3750.0 0.65713
1150.0 3750.0 0.52677
1250.0 3750.0 0.39288
1350.0 3750.0 0.29778
1450.0 3750.0 0.24186
1550.0 3750.0 0.27966
1650.0 3750.0 0.39783
1750.0 3750.0 0.53171
1850.0 3750.0 0.61081
1950.0 3750.0 0.58906
2050.0 3750.0 0.45990
2150.0 3750.0 0.25609
2250.0 3750.0 0.02719
2350.0 3750.0 -0.21472
2450.0 3750.0 -0.41567
2550.0 3750.0 -0.49923
2650.0 3750.0 -0.42869
2750.0 3750.0 -0.23292
2850.0 3750.0 0.00461
2950.0 3750.0 0.19366
3050.0 3750.0 0.32070
3150.0 3750.0 0.46109
3250.0 3750.0 0.61523
3350.0 3750.0 0.73002
3450.0 3750.0 0.75704
3550.0 3750.0 0.68440
3650.0 3750.0 0.54363
3750.0 3750.0 0.39167
3850.0 3750.0 0.26795
3950.0 3750.0 0.12518
4050.0 3750.0 -0.10802
4150.0 3750.0 -0.37921
4250.0 3750.0 -0.58590
4350.0 3750.0 -0.65020
4450.0 3750.0 -0.55679
4550.0 3750.0 -0.35404
4650.0 3750.0 -0.11845
4750.0 3750.0 0.11812
4850.0 3750.0 0.39258
4950.0 3750.0 0.66552
5050.0 3750.0 0.84984
5150.0 3750.0 0.88548
5250.0 3750.0 0.77627
5350.0 3750.0 0.58835
5450.0 3750.0 0.41013
5550.0 3750.0 0.27339
5650.0 3750.0 0.07524
5750.0 3750.0 -0.22455
5850.0 3750.0 -0.52437
5950.0 3750.0 -0.69718
6050.0 3750.0 -0.67025
6150.0 3750.0 -0.45727
6250.0 3750.0 -0.14273
6350.0 3750.0 0.18147
50.0 3850.0 -1.08519
150.0 3850.0 -1.00806
250.0 3850.0 -0.73994
350.0 3850.0 -0.40023
450.0 3850.0 -0.12100
550.0 3850.0 0.07559
650.0 3850.0 0.27353
750.0 3850.0 0.45404
850.0 3850.0 0.55677
950.0 3850.0 0.54153
1050.0 3850.0 0.41662
1150.0 3850.0 0.23853
1250.0 3850.0 0.08271
1350.0 3850.0 -0.01417
1450.0 3850.0 -0.06573
1550.0 3850.0 -0.01514
1650.0 3850.0 0.12463
1750.0 3850.0 0.28458
1850.0 3850.0 0.38820
1950.0 3850.0 0.38411
2050.0 3850.0 0.26307
2150.0 3850.0 0.05913
2250.0 3850.0 -0.17312
2350.0 3850.0 -0.42163
2450.0 3850.0 -0.63405
2550.0 3850.0 -0.73295
2650.0 3850.0 -0.67898
2750.0 3850.0 -0.49798
2850.0 3850.0 -0.27105
2950.0 3850.0 -0.08775
3050.0 3850.0 0.03642
3150.0 3850.0 0.17548
3250.0 3850.0 0.33107
3350.0 3850.0 0.44951
3450.0 3850.0 0.48072
3550.0 3850.0 0.41099
3650.0 3850.0 0.27055
3750.0 3850.0 0.11607
3850.0 3850.0 -0.01213
3950.0 3850.0 -0.15457
4050.0 3850.0 -0.36508
4150.0 3850.0 -0.58599
4250.0 3850.0 -0.72260
4350.0 3850.0 -0.71243
4450.0 3850.0 -0.55728
4550.0 3850.0 -0.31799
4650.0 3850.0 -0.07201
4750.0 3850.0 0.16250
4850.0 3850.0 0.41605
4950.0 3850.0 0.63845
5050.0 3850.0 0.74809
5150.0 3850.0 0.70024
5250.0 3850.0 0.51723
5350.0 3850.0 0.28018
5450.0 3850.0 0.08238
5550.0 3850.0 -0.05587
5650.0 3850.0 -0.25026
5750.0 3850.0 -0.53697
5850.0 3850.0 -0.81379
5950.0 3850.0 -0.95723
6050.0 3850.0 -0.90056
6150.0 3850.0 -0.66372
6250.0 3850.0 -0.33512
6350.0 3850.0 -0.00548
50.0 3950.0 -0.99277
150.0 3950.0 -0.94841
250.0 3950.0 -0.71100
350.0 3950.0 -0.39373
450.0 3950.0 -0.12601
550.0 3950.0 0.06538
650.0 3950.0 0.24748
750.0 3950.0 0.38864
850.0 3950.0 0.43151
950.0 3950.0 0.34823
1050.0 3950.0 0.16234
1150.0 3950.0 -0.05731
1250.0 3950.0 -0.23033
1350.0 3950.0 -0.32660
1450.0 3950.0 -0.37297
1550.0 3950.0 -0.31186
1650.0 3950.0 -0.15468
1750.0 3950.0 0.02808
1850.0 3950.0 0.15635
1950.0 3950.0 0.17444
2050.0 3950.0 0.06965
2150.0 3950.0 -0.12454
2250.0 3950.0 -0.34996
2350.0 3950.0 -0.59504
2450.0 3950.0 -0.81102
2550.0 3950.0 -0.92156
2650.0 3950.0 -0.88539
2750.0 3950.0 -0.72390
2850.0 3950.0 -0.51283
2950.0 3950.0 -0.33823
3050.0 3950.0 -0.21754
3150.0 3950.0 -0.08182
3250.0 3950.0 0.06967
3350.0 3950.0 0.18334
3450.0 3950.0 0.20949
3550.0 3950.0 0.13491
3650.0 3950.0 -0.00977
3750.0 3950.0 -0.16771
3850.0 3950.0 -0.29879
3950.0 3950.0 -0.43899
4050.0 3950.0 -0.62647
4150.0 3950.0 -0.80023
4250.0 3950.0 -0.87431
4350.0 3950.0 -0.80090
4450.0 3950.0 -0.59657
4550.0 3950.0 -0.33169
4650.0 3950.0 -0.08292
4750.0 3950.0 0.14377
4850.0 3950.0 0.37217
4950.0 3950.0 0.54415
5050.0 3950.0 0.58548
5150.0 3950.0 0.46645
5250.0 3950.0 0.22509
5350.0 3950.0 -0.04674
5450.0 3950.0 -0.25434
5550.0 3950.0 -0.38822
5650.0 3950.0 -0.57094
5750.0 3950.0 -0.83300
5850.0 3950.0 -1.07527
5950.0 3950.0 -1.18247
6050.0 3950.0 -1.09649
6150.0 3950.0 -0.84297
6250.0 3950.0 -0.51119
6350.0 3950.0 -0.18732
50.0 4050.0 -0.82115
150.0 4050.0 -0.79608
250.0 4050.0 -0.58656
350.0 4050.0 -0.29995
450.0 4050.0 -0.05951
550.0 4050.0 0.10826
650.0 4050.0 0.25210
750.0 4050.0 0.32781
850.0 4050.0 0.28917
950.0 4050.0 0.12866
1050.0 4050.0 -0.11227
1150.0 4050.0 -0.35617
1250.0 4050.0 -0.52585
1350.0 4050.0 -0.60377
1450.0 4050.0 -0.63263
1550.0 4050.0 -0.56435
1650.0 4050.0 -0.40871
1750.0 4050.0 -0.22886
1850.0 4050.0 -0.09708
1950.0 4050.0 -0.06410
2050.0 4050.0 -0.14212
2150.0 4050.0 -0.30147
2250.0 4050.0 -0.48931
2350.0 4050.0 -0.69556
2450.0 4050.0 -0.88012
2550.0 4050.0 -0.97811
2650.0 4050.0 -0.95329
2750.0 4050.0 -0.82192
2850.0 4050.0 -0.64641
2950.0 4050.0 -0.49882
3050.0 4050.0 -0.39484
3150.0 4050.0 -0.27338
3250.0 4050.0 -0.13272
3350.0 4050.0 -0.02630
3450.0 4050.0 -0.00513
3550.0 4050.0 -0.08462
3650.0 4050.0 -0.23638
3750.0 4050.0 -0.40500
3850.0 4050.0 -0.54983
3950.0 4050.0 -0.69846
4050.0 4050.0 -0.87083
4150.0 4050.0 -1.00504
4250.0 4050.0 -1.02781
4350.0 4050.0 -0.90854
4450.0 4050.0 -0.67845
4550.0 4050.0 -0.41482
4650.0 4050.0 -0.19027
4750.0 4050.0 0.00212
4850.0 4050.0 0.18019
4950.0 4050.0 0.28708
5050.0 4050.0 0.26602
5150.0 4050.0 0.10521
5250.0 4050.0 -0.14859
5350.0 4050.0 -0.40707
5450.0 4050.0 -0.58797
5550.0 4050.0 -0.69303
5650.0 4050.0 -0.83492
5750.0 4050.0 -1.03598
5850.0 4050.0 -1.21251
5950.0 4050.0 -1.27062
6050.0 4050.0 -1.16628
6150.0 4050.0 -0.92599
6250.0 4050.0 -0.62786
6350.0 4050.0 -0.34324
50.0 4150.0 -0.59775
150.0 4150.0 -0.56921
250.0 4150.0 -0.37834
350.0 4150.0 -0.12841
450.0 4150.0 0.06738
550.0 4150.0 0.18975
650.0 4150.0 0.27199
750.0 4150.0 0.26194
850.0 4150.0 0.13387
950.0 4150.0 -0.09334
1050.0 4150.0 -0.36178
1150.0 4150.0 -0.59441
1250.0 4150.0 -0.72898
1350.0 4150.0 -0.76620
1450.0 4150.0 -0.76330
1550.0 4150.0 -0.69423
1650.0 4150.0 -0.56731
1750.0 4150.0 -0.42715
1850.0 4150.0 -0.32331
1950.0 4150.0 -0.28911
2050.0 4150.0 -0.33068
2150.0 4150.0 -0.42603
2250.0 4150.0 -0.53964
2350.0 4150.0 -0.66535
2450.0 4150.0 -0.77803
2550.0 4150.0 -0.83651
2650.0 4150.0 -0.81747
2750.0 4150.0 -0.73078
2850.0 4150.0 -0.61557
2950.0 4150.0 -0.51734
3050.0 4150.0 -0.44589
3150.0 4150.0 -0.35068
3250.0 4150.0 -0.22566
3350.0 4150.0 -0.12402
3450.0 4150.0 -0.10118
3550.0 4150.0 -0.17938
3650.0 4150.0 -0.33700
3750.0 4150.0 -0.52262
3850.0 4150.0 -0.69380
3950.0 4150.0 -0.86383
4050.0 4150.0 -1.03167
4150.0 4150.0 -1.13765
4250.0 4150.0 -1.12550
4350.0 4150.0 -0.98423
4450.0 4150.0 -0.75885
4550.0 4150.0 -0.52997
4650.0 4150.0 -0.36229
4750.0 4150.0 -0.23565
4850.0 4150.0 -0.13607
4950.0 4150.0 -0.10711
5050.0 4150.0 -0.17656
5150.0 4150.0 -0.33629
5250.0 4150.0 -0.54083
5350.0 4150.0 -0.72391
5450.0 4150.0 -0.83272
5550.0 4150.0 -0.87961
5650.0 4150.0 -0.94732
5750.0 4150.0 -1.04887
5850.0 4150.0 -1.13067
5950.0 4150.0 -1.13437
6050.0 4150.0 -1.03443
6150.0 4150.0 -0.85030
6250.0 4150.0 -0.63339
6350.0 4150.0 -0.42866
50.0 4250.0 -0.39453
150.0 4250.0 -0.33851
250.0 4250.0 -0.15253
350.0 4250.0 0.06158
450.0 4250.0 0.20287
550.0 4250.0 0.26538
650.0 4250.0 0.27471
750.0 4250.0 0.17916
850.0 4250.0 -0.02065
950.0 4250.0 -0.27970
1050.0 4250.0 -0.53079
1150.0 4250.0 -0.70891
1250.0 4250.0 -0.77764
1350.0 4250.0 -0.75756
1450.0 4250.0 -0.71391
1550.0 4250.0 -0.65139
1650.0 4250.0 -0.57744
1750.0 4250.0 -0.50957
1850.0 4250.0 -0.46288
1950.0 4250.0 -0.44316
2050.0 4250.0 -0.44545
2150.0 4250.0 -0.45813
2250.0 4250.0 -0.47285
2350.0 4250.0 -0.49055
2450.0 4250.0 -0.50572
2550.0 4250.0 -0.50893
2650.0 4250.0 -0.49467
2750.0 4250.0 -0.46490
2850.0 4250.0 -0.42830
2950.0 4250.0 -0.39513
3050.0 4250.0 -0.36690
3150.0 4250.0 -0.30480
3250.0 4250.0 -0.19447
3350.0 4250.0 -0.08897
3450.0 4250.0 -0.05149
3550.0 4250.0 -0.11613
3650.0 4250.0 -0.27282
3750.0 4250.0 -0.47679
3850.0 4250.0 -0.68232
3950.0 4250.0 -0.88277
4050.0 4250.0 -1.05472
4150.0 4250.0 -1.14299
4250.0 4250.0 -1.11082
4350.0 4250.0 -0.96763
4450.0 4250.0 -0.77077
4550.0 4250.0 -0.60116
4650.0 4250.0 -0.51295
4750.0 4250.0 -0.47307
4850.0 4250.0 -0.46855
4950.0 4250.0 -0.52018
5050.0 4250.0 -0.61964
5150.0 4250.0 -0.73932
5250.0 4250.0 -0.84409
5350.0 4250.0 -0.90397
5450.0 4250.0 -0.90765
5550.0 4250.0 -0.87643
5650.0 4250.0 -0.84930
5750.0 4250.0 -0.83160
5850.0 4250.0 -0.80970
5950.0 4250.0 -0.76841
6050.0 4250.0 -0.70069
6150.0 4250.0 -0.61097
6250.0 4250.0 -0.51204
6350.0 4250.0 -0.41549
50.0 4350.0 -0.27579
150.0 4350.0 -0.17627
250.0 4350.0 0.01784
350.0 4350.0 0.20354
450.0 4350.0 0.29178
550.0 4350.0 0.29288
650.0 4350.0 0.23435
750.0 4350.0 0.07407
850.0 4350.0 -0.16090
950.0 4350.0 -0.40596
1050.0 4350.0 -0.59469
1150.0 4350.0 -0.68400
1250.0 4350.0 -0.66897
1350.0 4350.0 -0.58712
1450.0 4350.0 -0.50241
1550.0 4350.0 -0.45195
1650.0 4350.0 -0.44298
1750.0 4350.0 -0.46332
1850.0 4350.0 -0.48957
1950.0 4350.0 -0.49597
2050.0 4350.0 -0.46409
2150.0 4350.0 -0.39312
2250.0 4350.0 -0.30576
2350.0 4350.0 -0.21280
2450.0 4350.0 -0.12951
2550.0 4350.0 -0.07901
2650.0 4350.0 -0.07346
2750.0 4350.0 -0.10584
2850.0 4350.0 -0.15267
2950.0 4350.0 -0.18760
3050.0 4350.0 -0.20405
3150.0 4350.0 -0.17405
3250.0 4350.0 -0.07210
3350.0 4350.0 0.04879
3450.0 4350.0 0.11519
3550.0 4350.0 0.07775
3650.0 4350.0 -0.06826
3750.0 4350.0 -0.28642
3850.0 4350.0 -0.52663
3950.0 4350.0 -0.75914
4050.0 4350.0 -0.93852
4150.0 4350.0 -1.01479
4250.0 4350.0 -0.97031
4350.0 4350.0 -0.83380
4450.0 4350.0 -0.67344
4550.0 4350.0 -0.56919
4650.0 4350.0 -0.56429
4750.0 4350.0 -0.61368
4850.0 4350.0 -0.70280
4950.0 4350.0 -0.82644
5050.0 4350.0 -0.94022
5150.0 4350.0 -0.99978
5250.0 4350.0 -0.98484
5350.0 4350.0 -0.90633
5450.0 4350.0 -0.79695
5550.0 4350.0 -0.68469
5650.0 4350.0 -0.56271
5750.0 4350.0 -0.43243
5850.0 4350.0 -0.32138
5950.0 4350.0 -0.25559
6050.0 4350.0 -0.24231
6150.0 4350.0 -0.26591
6250.0 4350.0 -0.29679
6350.0 4350.0 -0.31347
50.0 4450.0 -0.26852
150.0 4450.0 -0.12429
250.0 4450.0 0.08460
350.0 4450.0 0.25256
450.0 4450.0 0.29975
550.0 4450.0 0.25129
650.0 4450.0 0.14396
750.0 4450.0 -0.04902
850.0 4450.0 -0.27974
950.0 4450.0 -0.47399
1050.0 4450.0 -0.57467
1150.0 4450.0 -0.56450
1250.0 4450.0 -0.46821
1350.0 4450.0 -0.33405
1450.0 4450.0 -0.21671
1550.0 4450.0 -0.17962
1650.0 4450.0 -0.23033
1750.0 4450.0 -0.33143
1850.0 4450.0 -0.42627
1950.0 4450.0 -0.46143
2050.0 4450.0 -0.40613
2150.0 4450.0 -0.26843
2250.0 4450.0 -0.09838
2350.0 4450.0 0.08221
2450.0 4450.0 0.24012
2550.0 4450.0 0.32638
2650.0 4450.0 0.31609
2750.0 4450.0 0.22551
2850.0 4450.0 0.10583
2950.0 4450.0 0.01361
3050.0 4450.0 -0.03923
3150.0 4450.0 -0.03305
3250.0 4450.0 0.06944
3350.0 4450.0 0.21509
3450.0 4450.0 0.31985
3550.0 4450.0 0.31867
3650.0 4450.0 0.19180
3750.0 4450.0 -0.03272
3850.0 4450.0 -0.30022
3950.0 4450.0 -0.55840
4050.0 4450.0 -0.74189
4150.0 4450.0 -0.80461
4250.0 4450.0 -0.74510
4350.0 4450.0 -0.60879
4450.0 4450.0 -0.47383
4550.0 4450.0 -0.42020
4650.0 4450.0 -0.48226
4750.0 4450.0 -0.60406
4850.0 4450.0 -0.76825
4950.0 4450.0 -0.94796
5050.0 4450.0 -1.06977
5150.0 4450.0 -1.07649
5250.0 4450.0 -0.96074
5350.0 4450.0 -0.76745
5450.0 4450.0 -0.56529
5550.0 4450.0 -0.38719
5650.0 4450.0 -0.19076
5750.0 4450.0 0.02227
5850.0 4450.0 0.19098
5950.0 4450.0 0.25867
6050.0 4450.0 0.21044
6150.0 4450.0 0.08193
6250.0 4450.0 -0.06084
6350.0 4450.0 -0.17066
50.0 4550.0 -0.35516
150.0 4550.0 -0.18078
250.0 4550.0 0.04028
350.0 4550.0 0.20020
450.0 4550.0 0.22431
550.0 4550.0 0.14715
650.0 4550.0 0.01674
750.0 4550.0 -0.17833
850.0 4550.0 -0.37852
950.0 4550.0 -0.50937
1050.0 4550.0 -0.52670
1150.0 4550.0 -0.43511
1250.0 4550.0 -0.28010
1350.0 4550.0 -0.11357
1450.0 4550.0 0.02241
1550.0 4550.0 0.04969
1650.0 4550.0 -0.03973
1750.0 4550.0 -0.19309
1850.0 4550.0 -0.33322
1950.0 4550.0 -0.38940
2050.0 4550.0 -0.32289
2150.0 4550.0 -0.14691
2250.0 4550.0 0.07103
2350.0 4550.0 0.29917
2450.0 4550.0 0.49199
2550.0 4550.0 0.58644
2650.0 4550.0 0.55280
2750.0 4550.0 0.41586
2850.0 4550.0 0.24548
2950.0 4550.0 0.11663
3050.0 4550.0 0.04238
3150.0 4550.0 0.03717
3250.0 4550.0 0.14815
3350.0 4550.0 0.32190
3450.0 4550.0 0.46559
3550.0 4550.0 0.50137
3650.0 4550.0 0.39732
3750.0 4550.0 0.17482
3850.0 4550.0 -0.10762
3950.0 4550.0 -0.37942
4050.0 4550.0 -0.55818
4150.0 4550.0 -0.59899
4250.0 4550.0 -0.51203
4350.0 4550.0 -0.35656
4450.0 4550.0 -0.22077
4550.0 4550.0 -0.18754
4650.0 4550.0 -0.28604
4750.0 4550.0 -0.45030
4850.0 4550.0 -0.66087
4950.0 4550.0 -0.87960
5050.0 4550.0 -1.01544
5150.0 4550.0 -1.00178
5250.0 4550.0 -0.83648
5350.0 4550.0 -0.58239
5450.0 4550.0 -0.32855
5550.0 4550.0 -0.11227
5650.0 4550.0 0.12548
5750.0 4550.0 0.37964
5850.0 4550.0 0.56992
5950.0 4550.0 0.62395
6050.0 4550.0 0.52561
6150.0 4550.0 0.32531
6250.0 4550.0 0.11196
6350.0 4550.0 -0.05318
50.0 4650.0 -0.48890
150.0 4650.0 -0.30621
250.0 4650.0 -0.08198
350.0 4650.0 0.07543
450.0 4650.0 0.09283
550.0 4650.0 0.00757
650.0 4650.0 -0.12399
750.0 4650.0 -0.30241
850.0 4650.0 -0.46535
950.0 4650.0 -0.54375
1050.0 4650.0 -0.50468
1150.0 4650.0 -0.36596
1250.0 4650.0 -0.18260
1350.0 4650.0 -0.00491
1450.0 4650.0 0.13626
1550.0 4650.0 0.15987
1650.0 4650.0 0.05767
1750.0 4650.0 -0.11290
1850.0 4650.0 -0.26828
1950.0 4650.0 -0.33231
2050.0 4650.0 -0.26361
2150.0 4650.0 -0.07692
2250.0 4650.0 0.15423
2350.0 4650.0 0.39046
2450.0 4650.0 0.57997
2550.0 4650.0 0.65717
2650.0 4650.0 0.59501
2750.0 4650.0 0.42556
2850.0 4650.0 0.22795
2950.0 4650.0 0.08364
3050.0 4650.0 0.00294
3150.0 4650.0 -0.00232
3250.0 4650.0 0.12154
3350.0 4650.0 0.32083
3450.0 4650.0 0.49686
3550.0 4650.0 0.56345
3650.0 4650.0 0.48085
3750.0 4650.0 0.26625
3850.0 4650.0 -0.01921
3950.0 4650.0 -0.29236
4050.0 4650.0 -0.45632
4150.0 4650.0 -0.46441
4250.0 4650.0 -0.33438
4350.0 4650.0 -0.13703
4450.0 4650.0 0.02854
4550.0 4650.0 0.07315
4650.0 4650.0 -0.03088
4750.0 4650.0 -0.20783
4850.0 4650.0 -0.43821
4950.0 4650.0 -0.68402
5050.0 4650.0 -0.84744
5150.0 4650.0 -0.85433
5250.0 4650.0 -0.69817
5350.0 4650.0 -0.44220
5450.0 4650.0 -0.17973
5550.0 4650.0 0.04696
5650.0 4650.0 0.29453
5750.0 4650.0 0.55360
5850.0 4650.0 0.73837
5950.0 4650.0 0.77417
6050.0 4650.0 0.64770
6150.0 4650.0 0.41654
6250.0 4650.0 0.17778
6350.0 4650.0 -0.00418
50.0 4750.0 -0.63876
150.0 4750.0 -0.46155
250.0 4750.0 -0.24122
350.0 4750.0 -0.08534
450.0 4750.0 -0.06721
550.0 4750.0 -0.15040
650.0 4750.0 -0.27281
750.0 4750.0 -0.42689
850.0 4750.0 -0.55163
950.0 4750.0 -0.58541
1050.0 4750.0 -0.50509
1150.0 4750.0 -0.33698
1250.0 4750.0 -0.13997
1350.0 4750.0 0.03940
1450.0 4750.0 0.18013
1550.0 4750.0 0.20377
1650.0 4750.0 0.10187
1750.0 4750.0 -0.06862
1850.0 4750.0 -0.22453
1950.0 4750.0 -0.28980
2050.0 4750.0 -0.22290
2150.0 4750.0 -0.03823
2250.0 4750.0 0.19001
2350.0 4750.0 0.41553
2450.0 4750.0 0.58291
2550.0 4750.0 0.62965
2650.0 4750.0 0.53526
2750.0 4750.0 0.33889
2850.0 4750.0 0.12473
2950.0 4750.0 -0.02486
3050.0 4750.0 -0.10441
3150.0 4750.0 -0.10374
3250.0 4750.0 0.03599
3350.0 4750.0 0.26073
3450.0 4750.0 0.46730
3550.0 4750.0 0.56310
3650.0 4750.0 0.50245
3750.0 4750.0 0.29944
3850.0 4750.0 0.01722
3950.0 4750.0 -0.25092
4050.0 4750.0 -0.39519
4150.0 4750.0 -0.36603
4250.0 4750.0 -0.18684
4350.0 4750.0 0.06132
4450.0 4750.0 0.26852
4550.0 4750.0 0.33815
4650.0 4750.0 0.24251
4750.0 4750.0 0.06644
4850.0 4750.0 -0.17242
4950.0 4750.0 -0.44174
5050.0 4750.0 -0.64142
5150.0 4750.0 -0.68988
5250.0 4750.0 -0.57121
5350.0 4750.0 -0.34067
5450.0 4750.0 -0.08858
5550.0 4750.0 0.13705
5650.0 4750.0 0.38196
5750.0 4750.0 0.63257
5850.0 4750.0 0.80327
5950.0 4750.0 0.82208
6050.0 4750.0 0.67948
6150.0 4750.0 0.43652
6250.0 4750.0 0.19205
6350.0 4750.0 0.00931
50.0 4850.0 -0.85726
150.0 4850.0 -0.71596
250.0 4850.0 -0.51654
350.0 4850.0 -0.36208
450.0 4850.0 -0.32878
550.0 4850.0 -0.38901
650.0 4850.0 -0.47779
750.0 4850.0 -0.58003
850.0 4850.0 -0.64263
950.0 4850.0 -0.61800
1050.0 4850.0 -0.49503
1150.0 4850.0 -0.30541
1250.0 4850.0 -0.10536
1350.0 4850.0 0.06734
1450.0 4850.0 0.20337
1550.0 4850.0 0.23378
1650.0 4850.0 0.14851
1750.0 4850.0 -0.00336
1850.0 4850.0 -0.14730
1950.0 4850.0 -0.21291
2050.0 4850.0 -0.15949
2150.0 4850.0 0.00252
2250.0 4850.0 0.20351
2350.0 4850.0 0.38616
2450.0 4850.0 0.49429
2550.0 4850.0 0.47918
2650.0 4850.0 0.33620
2750.0 4850.0 0.11431
2850.0 4850.0 -0.10201
2950.0 4850.0 -0.23843
3050.0 4850.0 -0.29992
3150.0 4850.0 -0.27660
3250.0 4850.0 -0.10408
3350.0 4850.0 0.16327
3450.0 4850.0 0.41760
3550.0 4850.0 0.55977
3650.0 4850.0 0.53804
3750.0 4850.0 0.36333
3850.0 4850.0 0.10093
3950.0 4850.0 -0.14802
4050.0 4850.0 -0.26800
4150.0 4850.0 -0.20787
4250.0 4850.0 0.00754
4350.0 4850.0 0.29373
4450.0 4850.0 0.53661
4550.0 4850.0 0.63620
4650.0 4850.0 0.56419
4750.0 4850.0 0.40790
4850.0 4850.0 0.17526
4950.0 4850.0 -0.11360
5050.0 4850.0 -0.35991
5150.0 4850.0 -0.47298
5250.0 4850.0 -0.42062
5350.0 4850.0 -0.24050
5450.0 4850.0 -0.01257
5550.0 4850.0 0.20742
5650.0 4850.0 0.44598
5750.0 4850.0 0.68548
5850.0 4850.0 0.84261
5950.0 4850.0 0.84928
6050.0 4850.0 0.69923
6150.0 4850.0 0.45470
6250.0 4850.0 0.21354
6350.0 4850.0 0.03649
50.0 4950.0 -1.13623
150.0 4950.0 -1.06685
250.0 4950.0 -0.90467
350.0 4950.0 -0.74460
450.0 4950.0 -0.67072
550.0 4950.0 -0.67492
650.0 4950.0 -0.69429
750.0 4950.0 -0.71023
850.0 4950.0 -0.68776
950.0 4950.0 -0.60075
1050.0 4950.0 -0.44974
1150.0 4950.0 -0.26329
1250.0 4950.0 -0.08279
1350.0 4950.0 0.06922
1450.0 4950.0 0.19384
1550.0 4950.0 0.24128
1650.0 4950.0 0.19760
1750.0 4950.0 0.09245
1850.0 4950.0 -0.02100
1950.0 4950.0 -0.08646
2050.0 4950.0 -0.06549
2150.0 4950.0 0.04125
2250.0 4950.0 0.17707
2350.0 4950.0 0.27063
2450.0 4950.0 0.27151
2550.0 4950.0 0.16054
2650.0 4950.0 -0.03959
2750.0 4950.0 -0.26962
2850.0 4950.0 -0.45537
2950.0 4950.0 -0.54559
3050.0 4950.0 -0.56210
3150.0 4950.0 -0.49315
3250.0 4950.0 -0.27226
3350.0 4950.0 0.04609
3450.0 4950.0 0.35274
3550.0 4950.0 0.54676
3650.0 4950.0 0.57483
3750.0 4950.0 0.44704
3850.0 4950.0 0.22928
3950.0 4950.0 0.02108
4050.0 4950.0 -0.07196
4150.0 4950.0 0.00005
4250.0 4950.0 0.21899
4350.0 4950.0 0.51033
4450.0 4950.0 0.76908
4550.0 4950.0 0.90032
4650.0 4950.0 0.87414
4750.0 4950.0 0.76769
4850.0 4950.0 0.56860
4950.0 4950.0 0.27681
5050.0 4950.0 -0.01697
5150.0 4950.0 -0.21348
5250.0 4950.0 -0.25726
5350.0 4950.0 -0.15642
5450.0 4950.0 0.02999
5550.0 4950.0 0.23772
5650.0 4950.0 0.46437
5750.0 4950.0 0.68898
5850.0 4950.0 0.83364
5950.0 4950.0 0.83600
6050.0 4950.0 0.69206
6150.0 4950.0 0.46186
6250.0 4950.0 0.23788
6350.0 4950.0 0.07640
50.0 5050.0 -1.39644
150.0 5050.0 -1.41152
250.0 5050.0 -1.28513
350.0 5050.0 -1.10401
450.0 5050.0 -0.96506
550.0 5050.0 -0.88604
650.0 5050.0 -0.81081
750.0 5050.0 -0.72521
850.0 5050.0 -0.62027
950.0 5050.0 -0.49334
1050.0 5050.0 -0.35062
1150.0 5050.0 -0.20537
1250.0 5050.0 -0.07154
1350.0 5050.0 0.04690
1450.0 5050.0 0.15450
1550.0 5050.0 0.22686
1650.0 5050.0 0.24425
1750.0 5050.0 0.20755
1850.0 5050.0 0.13843
1950.0 5050.0 0.07243
2050.0 5050.0 0.04483
2150.0 5050.0 0.06941
2250.0 5050.0 0.10963
2350.0 5050.0 0.08248
2450.0 5050.0 -0.04820
2550.0 5050.0 -0.26089
2650.0 5050.0 -0.50069
2750.0 5050.0 -0.70311
2850.0 5050.0 -0.81731
2950.0 5050.0 -0.82876
3050.0 5050.0 -0.77793
3150.0 5050.0 -0.64945
3250.0 5050.0 -0.38336
3350.0 5050.0 -0.03377
3450.0 5050.0 0.29665
3550.0 5050.0 0.51623
3650.0 5050.0 0.58027
3750.0 5050.0 0.50345
3850.0 5050.0 0.34875
3950.0 5050.0 0.19773
4050.0 5050.0 0.12741
4150.0 5050.0 0.18310
4250.0 5050.0 0.36209
4350.0 5050.0 0.61434
4450.0 5050.0 0.85870
4550.0 5050.0 1.01476
4650.0 5050.0 1.05025
4750.0 5050.0 1.01875
4850.0 5050.0 0.88155
4950.0 5050.0 0.61501
5050.0 5050.0 0.29469
5150.0 5050.0 0.02357
5250.0 5050.0 -0.11929
5350.0 5050.0 -0.10706
5450.0 5050.0 0.02936
5550.0 5050.0 0.21987
5650.0 5050.0 0.43010
5750.0 5050.0 0.63682
5850.0 5050.0 0.77011
5950.0 5050.0 0.77476
6050.0 5050.0 0.64827
6150.0 5050.0 0.44556
6250.0 5050.0 0.25020
6350.0 5050.0 0.11240
50.0 5150.0 -1.55917
150.0 5150.0 -1.64084
250.0 5150.0 -1.53007
350.0 5150.0 -1.30938
450.0 5150.0 -1.09142
550.0 5150.0 -0.91891
650.0 5150.0 -0.74521
750.0 5150.0 -0.56961
850.0 5150.0 -0.41152
950.0 5150.0 -0.28710
1050.0 5150.0 -0.19845
1150.0 5150.0 -0.13211
1250.0 5150.0 -0.06643
1350.0 5150.0 0.01182
1450.0 5150.0 0.10019
1550.0 5150.0 0.19973
1650.0 5150.0 0.28409
1750.0 5150.0 0.32217
1850.0 5150.0 0.30075
1950.0 5150.0 0.23256
2050.0 5150.0 0.14959
2150.0 5150.0 0.08183
2250.0 5150.0 0.01598
2350.0 5150.0 -0.13529
2450.0 5150.0 -0.38668
2550.0 5150.0 -0.67411
2650.0 5150.0 -0.91467
2750.0 5150.0 -1.04770
2850.0 5150.0 -1.05634
2950.0 5150.0 -0.96960
3050.0 5150.0 -0.84277
3150.0 5150.0 -0.65610
3250.0 5150.0 -0.36713
3350.0 5150.0 -0.02893
3450.0 5150.0 0.27189
3550.0 5150.0 0.46646
3650.0 5150.0 0.53122
3750.0 5150.0 0.49205
3850.0 5150.0 0.40468
3950.0 5150.0 0.31531
4050.0 5150.0 0.25766
4150.0 5150.0 0.26992
4250.0 5150.0 0.37067
4350.0 5150.0 0.54452
4450.0 5150.0 0.74466
4550.0 5150.0 0.91213
4650.0 5150.0 1.01203
4750.0 5150.0 1.06544
4850.0 5150.0 1.00852
4950.0 5150.0 0.79700
5050.0 5150.0 0.48659
5150.0 5150.0 0.17628
5250.0 5150.0 -0.03826
5350.0 5150.0 -0.09910
5450.0 5150.0 -0.00824
5550.0 5150.0 0.16384
5650.0 5150.0 0.35602
5750.0 5150.0 0.54388
5850.0 5150.0 0.66645
5950.0 5150.0 0.67612
6050.0 5150.0 0.57156
6150.0 5150.0 0.40142
6250.0 5150.0 0.23902
6350.0 5150.0 0.12792
50.0 5250.0 -1.58888
150.0 5250.0 -1.69734
250.0 5250.0 -1.57232
350.0 5250.0 -1.29823
450.0 5250.0 -1.00330
550.0 5250.0 -0.74773
650.0 5250.0 -0.49390
750.0 5250.0 -0.26093
850.0 5250.0 -0.09264
950.0 5250.0 -0.01479
1050.0 5250.0 -0.01607
1150.0 5250.0 -0.05035
1250.0 5250.0 -0.05990
1350.0 5250.0 -0.01966
1450.0 5250.0 0.05148
1550.0 5250.0 0.17405
1650.0 5250.0 0.31574
1750.0 5250.0 0.41742
1850.0 5250.0 0.43555
1950.0 5250.0 0.36323
2050.0 5250.0 0.22996
2150.0 5250.0 0.08006
2250.0 5250.0 -0.07866
2350.0 5250.0 -0.32879
2450.0 5250.0 -0.66057
2550.0 5250.0 -0.97522
2650.0 5250.0 -1.17308
2750.0 5250.0 -1.20651
2850.0 5250.0 -1.09649
2950.0 5250.0 -0.91296
3050.0 5250.0 -0.71830
3150.0 5250.0 -0.48898
3250.0 5250.0 -0.20865
3350.0 5250.0 0.07117
3450.0 5250.0 0.28724
3550.0 5250.0 0.40379
3650.0 5250.0 0.42799
3750.0 5250.0 0.40188
3850.0 5250.0 0.37067
3950.0 5250.0 0.33399
4050.0 5250.0 0.27753
4150.0 5250.0 0.23160
4250.0 5250.0 0.23676
4350.0 5250.0 0.31402
4450.0 5250.0 0.45293
4550.0 5250.0 0.61765
4650.0 5250.0 0.77089
4750.0 5250.0 0.90037
4850.0 5250.0 0.92486
4950.0 5250.0 0.78727
5050.0 5250.0 0.52303
5150.0 5250.0 0.21992
5250.0 5250.0 -0.02099
5350.0 5250.0 -0.12178
5450.0 5250.0 -0.06139
5550.0 5250.0 0.09517
5650.0 5250.0 0.27114
5750.0 5250.0 0.44153
5850.0 5250.0 0.55331
5950.0 5250.0 0.56587
6050.0 5250.0 0.47922
6150.0 5250.0 0.33680
6250.0 5250.0 0.20304
6350.0 5250.0 0.11547
50.0 5350.0 -1.50587
150.0 5350.0 -1.59570
250.0 5350.0 -1.42932
350.0 5350.0 -1.09882
450.0 5350.0 -0.74464
550.0 5350.0 -0.43334
650.0 5350.0 -0.13287
750.0 5350.0 0.11702
850.0 5350.0 0.25688
950.0 5350.0 0.26131
1050.0 5350.0 0.15993
1150.0 5350.0 0.02919
1250.0 5350.0 -0.04471
1350.0 5350.0 -0.03213
1450.0 5350.0 0.02726
1550.0 5350.0 0.16389
1650.0 5350.0 0.34129
1750.0 5350.0 0.48206
1850.0 5350.0 0.52314
1950.0 5350.0 0.44532
2050.0 5350.0 0.27693
2150.0 5350.0 0.07182
2250.0 5350.0 -0.14775
2350.0 5350.0 -0.45263
2450.0 5350.0 -0.81128
2550.0 5350.0 -1.10478
2650.0 5350.0 -1.23043
2750.0 5350.0 -1.15899
2850.0 5350.0 -0.94447
2950.0 5350.0 -0.68649
3050.0 5350.0 -0.44610
3150.0 5350.0 -0.19769
3250.0 5350.0 0.04648
3350.0 5350.0 0.23657
3450.0 5350.0 0.33457
3550.0 5350.0 0.34035
3650.0 5350.0 0.29416
3750.0 5350.0 0.25543
3850.0 5350.0 0.25800
3950.0 5350.0 0.25500
4050.0 5350.0 0.19168
4150.0 5350.0 0.09190
4250.0 5350.0 0.01328
4350.0 5350.0 0.00542
4450.0 5350.0 0.08669
4550.0 5350.0 0.23976
4650.0 5350.0 0.42575
4750.0 5350.0 0.60679
4850.0 5350.0 0.69546
4950.0 5350.0 0.63134
5050.0 5350.0 0.43378
5150.0 5350.0 0.17572
5250.0 5350.0 -0.04714
5350.0 5350.0 -0.15082
5450.0 5350.0 -0.10125
5550.0 5350.0 0.04574
5650.0 5350.0 0.21013
5750.0 5350.0 0.36629
5850.0 5350.0 0.46652
5950.0 5350.0 0.47568
6050.0 5350.0 0.39585
6150.0 5350.0 0.26812
6250.0 5350.0 0.15154
6350.0 5350.0 0.07933
50.0 5450.0 -1.36891
150.0 5450.0 -1.40576
250.0 5450.0 -1.18310
350.0 5450.0 -0.80412
450.0 5450.0 -0.41641
550.0 5450.0 -0.08240
650.0 5450.0 0.22940
750.0 5450.0 0.46305
850.0 5450.0 0.55360
950.0 5450.0 0.48305
1050.0 5450.0 0.29842
1150.0 5450.0 0.09753
1250.0 5450.0 -0.01738
1350.0 5450.0 -0.01832
1450.0 5450.0 0.03602
1550.0 5450.0 0.17652
1650.0 5450.0 0.36481
1750.0 5450.0 0.51674
1850.0 5450.0 0.56242
1950.0 5450.0 0.47872
2050.0 5450.0 0.29418
2150.0 5450.0 0.06642
2250.0 5450.0 -0.17622
2350.0 5450.0 -0.49028
2450.0 5450.0 -0.82931
2550.0 5450.0 -1.06978
2650.0 5450.0 -1.11699
2750.0 5450.0 -0.96004
2850.0 5450.0 -0.67499
2950.0 5450.0 -0.37606
3050.0 5450.0 -0.11682
3150.0 5450.0 0.12820
3250.0 5450.0 0.32215
3350.0 5450.0 0.41664
3450.0 5450.0 0.39504
3550.0 5450.0 0.28745
3650.0 5450.0 0.16215
3750.0 5450.0 0.09329
3850.0 5450.0 0.10505
3950.0 5450.0 0.11431
4050.0 5450.0 0.04209
4150.0 5450.0 -0.09132
4250.0 5450.0 -0.21953
4350.0 5450.0 -0.27806
4450.0 5450.0 -0.23336
4550.0 5450.0 -0.09285
4650.0 5450.0 0.10395
4750.0 5450.0 0.30651
4850.0 5450.0 0.43151
4950.0 5450.0 0.42293
5050.0 5450.0 0.29088
5150.0 5450.0 0.09438
5250.0 5450.0 -0.08268
5350.0 5450.0 -0.16177
5450.0 5450.0 -0.10625
5550.0 5450.0 0.03773
5650.0 5450.0 0.19608
5750.0 5450.0 0.34179
5850.0 5450.0 0.42933
5950.0 5450.0 0.42727
6050.0 5450.0 0.34070
6150.0 5450.0 0.21178
6250.0 5450.0 0.09853
6350.0 5450.0 0.03181
50.0 5550.0 -1.22811
150.0 5550.0 -1.19852
250.0 5550.0 -0.91712
350.0 5550.0 -0.49888
450.0 5550.0 -0.09500
550.0 5550.0 0.24150
650.0 5550.0 0.54490
750.0 5550.0 0.74778
850.0 5550.0 0.78567
950.0 5550.0 0.65042
1050.0 5550.0 0.40337
1150.0 5550.0 0.15597
1250.0 5550.0 0.01784
1350.0 5550.0 0.01237
1450.0 5550.0 0.06558
1550.0 5550.0 0.20375
1650.0 5550.0 0.38812
1750.0 5550.0 0.53479
1850.0 5550.0 0.57468
1950.0 5550.0 0.48565
2050.0 5550.0 0.29710
2150.0 5550.0 0.06685
2250.0 5550.0 -0.17593
2350.0 5550.0 -0.47383
2450.0 5550.0 -0.77100
2550.0 5550.0 -0.94811
2650.0 5550.0 -0.92334
2750.0 5550.0 -0.70186
2850.0 5550.0 -0.37317
2950.0 5550.0 -0.05621
3050.0 5550.0 0.20517
3150.0 5550.0 0.43508
3250.0 5550.0 0.57694
3350.0 5550.0 0.58359
3450.0 5550.0 0.45526
3550.0 5550.0 0.24592
3650.0 5550.0 0.04592
3750.0 5550.0 -0.05899
3850.0 5550.0 -0.05230
3950.0 5550.0 -0.04335
4050.0 5550.0 -0.12292
4150.0 5550.0 -0.27206
4250.0 5550.0 -0.42162
4350.0 5550.0 -0.50218
4450.0 5550.0 -0.47503
4550.0 5550.0 -0.34410
4650.0 5550.0 -0.14895
4750.0 5550.0 0.05647
4850.0 5550.0 0.19812
4950.0 5550.0 0.22772
5050.0 5550.0 0.15099
5150.0 5550.0 0.01551
5250.0 5550.0 -0.10823
5350.0 5550.0 -0.15231
5450.0 5550.0 -0.08320
5550.0 5550.0 0.06143
5650.0 5550.0 0.21694
5750.0 5550.0 0.35428
5850.0 5550.0 0.42822
5950.0 5550.0 0.41002
6050.0 5550.0 0.30839
6150.0 5550.0 0.16866
6250.0 5550.0 0.05043
6350.0 5550.0 -0.01669
50.0 5650.0 -1.08797
150.0 5650.0 -1.00458
250.0 5650.0 -0.68048
350.0 5650.0 -0.23689
450.0 5650.0 0.17556
550.0 5650.0 0.51200
650.0 5650.0 0.80867
750.0 5650.0 0.98982
850.0 5650.0 0.98929
950.0 5650.0 0.80395
1050.0 5650.0 0.50469
1150.0 5650.0 0.21359
1250.0 5650.0 0.04753
1350.0 5650.0 0.02814
1450.0 5650.0 0.06969
1550.0 5650.0 0.19549
1650.0 5650.0 0.37021
1750.0 5650.0 0.51364
1850.0 5650.0 0.55788
1950.0 5650.0 0.47868
2050.0 5650.0 0.30105
2150.0 5650.0 0.07903
2250.0 5650.0 -0.15524
2350.0 5650.0 -0.42577
2450.0 5650.0 -0.66868
2550.0 5650.0 -0.77311
2650.0 5650.0 -0.67344
2750.0 5650.0 -0.39147
2850.0 5650.0 -0.02776
2950.0 5650.0 0.29779
3050.0 5650.0 0.55308
3150.0 5650.0 0.76152
3250.0 5650.0 0.84946
3350.0 5650.0 0.77159
3450.0 5650.0 0.54366
3550.0 5650.0 0.24061
3650.0 5650.0 -0.02844
3750.0 5650.0 -0.16852
3850.0 5650.0 -0.17041
3950.0 5650.0 -0.16471
4050.0 5650.0 -0.24833
4150.0 5650.0 -0.40294
4250.0 5650.0 -0.55954
4350.0 5650.0 -0.64828
4450.0 5650.0 -0.62950
4550.0 5650.0 -0.50610
4650.0 5650.0 -0.31712
4750.0 5650.0 -0.11599
4850.0 5650.0 0.03361
4950.0 5650.0 0.09040
5050.0 5650.0 0.05637
5150.0 5650.0 -0.03098
5250.0 5650.0 -0.11320
5350.0 5650.0 -0.13197
5450.0 5650.0 -0.05674
5550.0 5650.0 0.08233
5650.0 5650.0 0.22784
5750.0 5650.0 0.34866
5850.0 5650.0 0.40247
5950.0 5650.0 0.36573
6050.0 5650.0 0.25156
6150.0 5650.0 0.10715
6250.0 5650.0 -0.00908
6350.0 5650.0 -0.07074
50.0 5750.0 -0.95292
150.0 5750.0 -0.85406
250.0 5750.0 -0.53078
350.0 5750.0 -0.09619
450.0 5750.0 0.30920
550.0 5750.0 0.64374
650.0 5750.0 0.94273
750.0 5750.0 1.12935
850.0 5750.0 1.12919
950.0 5750.0 0.93131
1050.0 5750.0 0.60418
1150.0 5750.0 0.27414
1250.0 5750.0 0.06642
1350.0 5750.0 0.00870
1450.0 5750.0 0.01212
1550.0 5750.0 0.10152
1650.0 5750.0 0.25386
1750.0 5750.0 0.39964
1850.0 5750.0 0.47209
1950.0 5750.0 0.43690
2050.0 5750.0 0.30230
2150.0 5750.0 0.10971
2250.0 5750.0 -0.10045
2350.0 5750.0 -0.32523
2450.0 5750.0 -0.49657
2550.0 5750.0 -0.51944
2650.0 5750.0 -0.34913
2750.0 5750.0 -0.02312
2850.0 5750.0 0.35316
2950.0 5750.0 0.66662
3050.0 5750.0 0.89936
3150.0 5750.0 1.07570
3250.0 5750.0 1.11272
3350.0 5750.0 0.96850
3450.0 5750.0 0.66964
3550.0 5750.0 0.30339
3650.0 5750.0 -0.01198
3750.0 5750.0 -0.17886
3850.0 5750.0 -0.19386
3950.0 5750.0 -0.19601
4050.0 5750.0 -0.27699
4150.0 5750.0 -0.41804
4250.0 5750.0 -0.55580
4350.0 5750.0 -0.62807
4450.0 5750.0 -0.60175
4550.0 5750.0 -0.48283
4650.0 5750.0 -0.30858
4750.0 5750.0 -0.12491
4850.0 5750.0 0.01640
4950.0 5750.0 0.07901
5050.0 5750.0 0.06148
5150.0 5750.0 -0.00653
5250.0 5750.0 -0.07533
5350.0 5750.0 -0.09315
5450.0 5750.0 -0.03095
5550.0 5750.0 0.08678
5650.0 5750.0 0.20473
5750.0 5750.0 0.29037
5850.0 5750.0 0.31088
5950.0 5750.0 0.25381
6050.0 5750.0 0.13783
6150.0 5750.0 0.00771
6250.0 5750.0 -0.08671
6350.0 5750.0 -0.12733
50.0 5850.0 -0.83308
150.0 5850.0 -0.76597
250.0 5850.0 -0.49464
350.0 5850.0 -0.10829
450.0 5850.0 0.27261
550.0 5850.0 0.60334
650.0 5850.0 0.91507
750.0 5850.0 1.13875
850.0 5850.0 1.18512
950.0 5850.0 1.02122
1050.0 5850.0 0.69925
1150.0 5850.0 0.34158
1250.0 5850.0 0.08187
1350.0 5850.0 -0.03769
1450.0 5850.0 -0.09882
1550.0 5850.0 -0.07127
1650.0 5850.0 0.04273
1750.0 5850.0 0.19183
1850.0 5850.0 0.31134
1950.0 5850.0 0.35003
2050.0 5850.0 0.28791
2150.0 5850.0 0.14502
2250.0 5850.0 -0.02626
2350.0 5850.0 -0.19315
2450.0 5850.0 -0.29008
2550.0 5850.0 -0.24355
2650.0 5850.0 -0.03004
2750.0 5850.0 0.30337
2850.0 5850.0 0.65666
2950.0 5850.0 0.93241
3050.0 5850.0 1.12609
3150.0 5850.0 1.26391
3250.0 5850.0 1.26601
3350.0 5850.0 1.09514
3450.0 5850.0 0.78002
3550.0 5850.0 0.40587
3650.0 5850.0 0.08518
3750.0 5850.0 -0.09109
3850.0 5850.0 -0.12211
3950.0 5850.0 -0.13684
4050.0 5850.0 -0.20966
4150.0 5850.0 -0.32054
4250.0 5850.0 -0.41679
4350.0 5850.0 -0.45124
4450.0 5850.0 -0.40405
4550.0 5850.0 -0.28799
4650.0 5850.0 -0.13731
4750.0 5850.0 0.01596
4850.0 5850.0 0.13345
4950.0 5850.0 0.18186
5050.0 5850.0 0.15659
5150.0 5850.0 0.08135
5250.0 5850.0 -0.00014
5350.0 5850.0 -0.03994
5450.0 5850.0 -0.00919
5550.0 5850.0 0.07171
5650.0 5850.0 0.14550
5750.0 5850.0 0.17994
5850.0 5850.0 0.15821
5950.0 5850.0 0.08393
6050.0 5850.0 -0.01856
6150.0 5850.0 -0.11222
6250.0 5850.0 -0.16360
6350.0 5850.0 -0.16749
50.0 5950.0 -0.73445
150.0 5950.0 -0.73672
250.0 5950.0 -0.55554
350.0 5950.0 -0.24555
450.0 5950.0 0.09879
550.0 5950.0 0.42455
650.0 5950.0 0.75663
750.0 5950.0 1.04060
850.0 5950.0 1.16860
950.0 5950.0 1.07602
1050.0 5950.0 0.78860
1150.0 5950.0 0.41783
1250.0 5950.0 0.10461
1350.0 5950.0 -0.08886
1450.0 5950.0 -0.22932
1550.0 5950.0 -0.27965
1650.0 5950.0 -0.21702
1750.0 5950.0 -0.06986
1850.0 5950.0 0.10099
1950.0 5950.0 0.22500
2050.0 5950.0 0.24857
2150.0 5950.0 0.16560
2250.0 5950.0 0.04045
2350.0 5950.0 -0.06951
2450.0 5950.0 -0.10856
2550.0 5950.0 -0.02573
2650.0 5950.0 0.18658
2750.0 5950.0 0.48160
2850.0 5950.0 0.77550
2950.0 5950.0 0.99296
3050.0 5950.0 1.13827
3150.0 5950.0 1.23917
3250.0 5950.0 1.23163
3350.0 5950.0 1.08333
3450.0 5950.0 0.81518
3550.0 5950.0 0.49512
3650.0 5950.0 0.21498
3750.0 5950.0 0.05038
3850.0 5950.0 0.00377
3950.0 5950.0 -0.02635
4050.0 5950.0 -0.08941
4150.0 5950.0 -0.16380
4250.0 5950.0 -0.20981
4350.0 5950.0 -0.19856
4450.0 5950.0 -0.12630
4550.0 5950.0 -0.01397
4650.0 5950.0 0.10784
4750.0 5950.0 0.22375
4850.0 5950.0 0.30955
4950.0 5950.0 0.33427
5050.0 5950.0 0.29012
5150.0 5950.0 0.19548
5250.0 5950.0 0.08913
5350.0 5950.0 0.01623
5450.0 5950.0 0.00606
5550.0 5950.0 0.04180
5650.0 5950.0 0.06335
5750.0 5950.0 0.04093
5850.0 5950.0 -0.02280
5950.0 5950.0 -0.10637
6050.0 5950.0 -0.18113
6150.0 5950.0 -0.22185
6250.0 5950.0 -0.21646
6350.0 5950.0 -0.17471
50.0 6050.0 -0.65442
150.0 6050.0 -0.73949
250.0 6050.0 -0.65902
350.0 6050.0 -0.43160
450.0 6050.0 -0.12589
550.0 6050.0 0.19494
650.0 6050.0 0.54919
750.0 6050.0 0.89938
850.0 6050.0 1.11949
950.0 6050.0 1.11188
1050.0 6050.0 0.87324
1150.0 6050.0 0.50128
1250.0 6050.0 0.14214
1350.0 6050.0 -0.12146
1450.0 6050.0 -0.33887
1550.0 6050.0 -0.46767
1650.0 6050.0 -0.46142
1750.0 6050.0 -0.32537
1850.0 6050.0 -0.11469
1950.0 6050.0 0.08363
2050.0 6050.0 0.18512
2150.0 6050.0 0.15851
2250.0 6050.0 0.07660
2350.0 6050.0 0.01029
2450.0 6050.0 0.00041
2550.0 6050.0 0.07925
2650.0 6050.0 0.24715
2750.0 6050.0 0.46724
2850.0 6050.0 0.67897
2950.0 6050.0 0.83064
3050.0 6050.0 0.92891
3150.0 6050.0 1.00167
3250.0 6050.0 1.00871
3350.0 6050.0 0.92191
3450.0 6050.0 0.74715
3550.0 6050.0 0.52512
3650.0 6050.0 0.31791
3750.0 6050.0 0.18125
3850.0 6050.0 0.12253
3950.0 6050.0 0.07715
4050.0 6050.0 0.02108
4150.0 6050.0 -0.02298
4250.0 6050.0 -0.02703
4350.0 6050.0 0.02161
4450.0 6050.0 0.11269
4550.0 6050.0 0.21834
4650.0 6050.0 0.31153
4750.0 6050.0 0.39166
4850.0 6050.0 0.44844
4950.0 6050.0 0.45391
5050.0 6050.0 0.39685
5150.0 6050.0 0.28942
5250.0 6050.0 0.16436
5350.0 6050.0 0.06312
5450.0 6050.0 0.01501
5550.0 6050.0 0.00750
5650.0 6050.0 -0.01984
5750.0 6050.0 -0.09253
5850.0 6050.0 -0.18921
5950.0 6050.0 -0.27265
6050.0 6050.0 -0.31206
6150.0 6050.0 -0.29544
6250.0 6050.0 -0.23226
6350.0 6050.0 -0.14608
50.0 6150.0 -0.58220
150.0 6150.0 -0.73305
250.0 6150.0 -0.73117
350.0 6150.0 -0.56757
450.0 6150.0 -0.29151
550.0 6150.0 0.02561
650.0 6150.0 0.39723
750.0 6150.0 0.79940
850.0 6150.0 1.09252
950.0 6150.0 1.15351
1050.0 6150.0 0.95626
1150.0 6150.0 0.58711
1250.0 6150.0 0.19559
1350.0 6150.0 -0.11992
1450.0 6150.0 -0.39556
1550.0 6150.0 -0.58745
1650.0 6150.0 -0.63226
1750.0 6150.0 -0.51649
1850.0 6150.0 -0.28848
1950.0 6150.0 -0.04477
2050.0 6150.0 0.10901
2150.0 6150.0 0.12276
2250.0 6150.0 0.07216
2350.0 6150.0 0.02953
2450.0 6150.0 0.02030
2550.0 6150.0 0.06522
2650.0 6150.0 0.16565
2750.0 6150.0 0.29968
2850.0 6150.0 0.43027
2950.0 6150.0 0.52516
3050.0 6150.0 0.58798
3150.0 6150.0 0.64479
3250.0 6150.0 0.67893
3350.0 6150.0 0.66508
3450.0 6150.0 0.59276
3550.0 6150.0 0.47513
3650.0 6150.0 0.34538
3750.0 6150.0 0.24092
3850.0 6150.0 0.17515
3950.0 6150.0 0.11760
4050.0 6150.0 0.06247
4150.0 6150.0 0.03262
4250.0 6150.0 0.04865
4350.0 6150.0 0.11362
4450.0 6150.0 0.20933
4550.0 6150.0 0.30456
4650.0 6150.0 0.37487
4750.0 6150.0 0.42877
4850.0 6150.0 0.46874
4950.0 6150.0 0.47160
5050.0 6150.0 0.42233
5150.0 6150.0 0.32490
5250.0 6150.0 0.20319
5350.0 6150.0 0.09237
5450.0 6150.0 0.02062
5550.0 6150.0 -0.01868
5650.0 6150.0 -0.08144
5750.0 6150.0 -0.18823
5850.0 6150.0 -0.30383
5950.0 6150.0 -0.38034
6050.0 6150.0 -0.38685
6150.0 6150.0 -0.32266
6250.0 6150.0 -0.21401
6350.0 6150.0 -0.09432
50.0 6250.0 -0.50410
150.0 6250.0 -0.67995
250.0 6250.0 -0.71048
350.0 6250.0 -0.57431
450.0 6250.0 -0.31138
550.0 6250.0 0.00397
650.0 6250.0 0.38337
750.0 6250.0 0.80870
850.0 6250.0 1.13363
950.0 6250.0 1.22327
1050.0 6250.0 1.04133
1150.0 6250.0 0.66966
1250.0 6250.0 0.26003
1350.0 6250.0 -0.08178
1450.0 6250.0 -0.38779
1550.0 6250.0 -0.61744
1650.0 6250.0 -0.69975
1750.0 6250.0 -0.60990
1850.0 6250.0 -0.38941
1950.0 6250.0 -0.13602
2050.0 6250.0 0.03641
2150.0 6250.0 0.06827
2250.0 6250.0 0.03261
2350.0 6250.0 -0.00531
2450.0 6250.0 -0.03136
2550.0 6250.0 -0.02858
2650.0 6250.0 0.01006
2750.0 6250.0 0.07641
2850.0 6250.0 0.15013
2950.0 6250.0 0.21028
3050.0 6250.0 0.25494
3150.0 6250.0 0.30676
3250.0 6250.0 0.36417
3350.0 6250.0 0.40303
3450.0 6250.0 0.40164
3550.0 6250.0 0.35499
3650.0 6250.0 0.27785
3750.0 6250.0 0.19632
3850.0 6250.0 0.12818
3950.0 6250.0 0.06330
4050.0 6250.0 0.00214
4150.0 6250.0 -0.03340
4250.0 6250.0 -0.02433
4350.0 6250.0 0.03120
4450.0 6250.0 0.11495
4550.0 6250.0 0.19662
4650.0 6250.0 0.25309
4750.0 6250.0 0.29459
4850.0 6250.0 0.33478
4950.0 6250.0 0.35747
5050.0 6250.0 0.34345
5150.0 6250.0 0.28615
5250.0 6250.0 0.19725
5350.0 6250.0 0.10240
5450.0 6250.0 0.02710
5550.0 6250.0 -0.02741
5650.0 6250.0 -0.10715
5750.0 6250.0 -0.22854
5850.0 6250.0 -0.34944
5950.0 6250.0 -0.41739
6050.0 6250.0 -0.40254
6150.0 6250.0 -0.31090
6250.0 6250.0 -0.17767
6350.0 6250.0 -0.04088
50.0 6350.0 -0.41366
150.0 6350.0 -0.57409
250.0 6350.0 -0.59308
350.0 6350.0 -0.45051
450.0 6350.0 -0.18563
550.0 6350.0 0.12962
650.0 6350.0 0.50782
750.0 6350.0 0.92910
850.0 6350.0 1.24620
950.0 6350.0 1.32468
1050.0 6350.0 1.13002
1150.0 6350.0 0.74656
1250.0 6350.0 0.32816
1350.0 6350.0 -0.01930
1450.0 6350.0 -0.33259
1550.0 6350.0 -0.57790
1650.0 6350.0 -0.68405
1750.0 6350.0 -0.62141
1850.0 6350.0 -0.42538
1950.0 6350.0 -0.18884
2050.0 6350.0 -0.02375
2150.0 6350.0 0.00842
2250.0 6350.0 -0.02528
2350.0 6350.0 -0.06972
2450.0 6350.0 -0.11642
2550.0 6350.0 -0.14715
2650.0 6350.0 -0.14850
2750.0 6350.0 -0.11976
2850.0 6350.0 -0.07305
2950.0 6350.0 -0.02572
3050.0 6350.0 0.01521
3150.0 6350.0 0.06806
3250.0 6350.0 0.13597
3350.0 6350.0 0.19490
3450.0 6350.0 0.21910
3550.0 6350.0 0.19748
3650.0 6350.0 0.13884
3750.0 6350.0 0.06587
3850.0 6350.0 -0.00194
3950.0 6350.0 -0.07004
4050.0 6350.0 -0.14216
4150.0 6350.0 -0.19812
4250.0 6350.0 -0.21615
4350.0 6350.0 -0.18902
4450.0 6350.0 -0.12912
4550.0 6350.0 -0.06257
4650.0 6350.0 -0.01225
4750.0 6350.0 0.02819
4850.0 6350.0 0.08225
4950.0 6350.0 0.14237
5050.0 6350.0 0.18497
5150.0 6350.0 0.19125
5250.0 6350.0 0.15817
5350.0 6350.0 0.09946
5450.0 6350.0 0.03681
5550.0 6350.0 -0.01936
5650.0 6350.0 -0.10150
5750.0 6350.0 -0.22324
5850.0 6350.0 -0.34122
5950.0 6350.0 -0.40287
6050.0 6350.0 -0.37960
6150.0 6350.0 -0.27959
6250.0 6350.0 -0.14020
6350.0 6350.0 0.00000
