50.0 50.0 0.93707
150.0 50.0 0.98321
250.0 50.0 0.91621
350.0 50.0 0.75124
450.0 50.0 0.52519
550.0 50.0 0.28334
650.0 50.0 0.05813
750.0 50.0 -0.14499
850.0 50.0 -0.25707
950.0 50.0 -0.22212
1050.0 50.0 -0.05033
1150.0 50.0 0.20689
1250.0 50.0 0.47891
1350.0 50.0 0.69419
1450.0 50.0 0.79468
1550.0 50.0 0.74661
1650.0 50.0 0.54744
1750.0 50.0 0.22899
1850.0 50.0 -0.14225
1950.0 50.0 -0.44921
2050.0 50.0 -0.58548
2150.0 50.0 -0.52179
2250.0 50.0 -0.28878
2350.0 50.0 0.04376
2450.0 50.0 0.38652
2550.0 50.0 0.64911
2650.0 50.0 0.75729
2750.0 50.0 0.66905
2850.0 50.0 0.38943
2950.0 50.0 -0.01572
3050.0 50.0 -0.43239
3150.0 50.0 -0.78281
3250.0 50.0 -1.00979
3350.0 50.0 -1.07802
3450.0 50.0 -0.98362
3550.0 50.0 -0.75677
3650.0 50.0 -0.45747
3750.0 50.0 -0.16438
3850.0 50.0 0.04326
3950.0 50.0 0.11052
4050.0 50.0 0.03867
4150.0 50.0 -0.09622
4250.0 50.0 -0.30096
4350.0 50.0 -0.59239
4450.0 50.0 -0.91917
4550.0 50.0 -1.20372
4650.0 50.0 -1.37470
4750.0 50.0 -1.38852
4850.0 50.0 -1.23955
4950.0 50.0 -0.95937
5050.0 50.0 -0.60481
5150.0 50.0 -0.23488
5250.0 50.0 0.12186
5350.0 50.0 0.42210
5450.0 50.0 0.57619
5550.0 50.0 0.55214
5650.0 50.0 0.37008
5750.0 50.0 0.08632
5850.0 50.0 -0.22248
5950.0 50.0 -0.47498
6050.0 50.0 -0.60075
6150.0 50.0 -0.55569
6250.0 50.0 -0.33733
6350.0 50.0 0.00000
50.0 150.0 1.27460
150.0 150.0 1.33151
250.0 150.0 1.27671
350.0 150.0 1.12378
450.0 150.0 0.90802
550.0 150.0 0.67364
650.0 150.0 0.45314
750.0 150.0 0.25220
850.0 150.0 0.12785
950.0 150.0 0.12495
1050.0 150.0 0.23154
1150.0 150.0 0.40152
1250.0 150.0 0.57436
1350.0 150.0 0.69089
1450.0 150.0 0.70543
1550.0 150.0 0.59403
1650.0 150.0 0.35901
1750.0 150.0 0.02970
1850.0 150.0 -0.33952
1950.0 150.0 -0.64039
2050.0 150.0 -0.76266
2150.0 150.0 -0.67556
2250.0 150.0 -0.41100
2350.0 150.0 -0.04190
2450.0 150.0 0.33832
2550.0 150.0 0.63499
2650.0 150.0 0.77027
2750.0 150.0 0.69998
2850.0 150.0 0.42925
2950.0 150.0 0.02696
3050.0 150.0 -0.39111
3150.0 150.0 -0.75725
3250.0 150.0 -1.02037
3350.0 150.0 -1.14466
3450.0 150.0 -1.12095
3550.0 150.0 -0.97106
3650.0 150.0 -0.74545
3750.0 150.0 -0.51383
3850.0 150.0 -0.34898
3950.0 150.0 -0.30362
4050.0 150.0 -0.38050
4150.0 150.0 -0.51421
4250.0 150.0 -0.71523
4350.0 150.0 -0.99880
4450.0 150.0 -1.31383
4550.0 150.0 -1.58411
4650.0 150.0 -1.74031
4750.0 150.0 -1.74082
4850.0 150.0 -1.58171
4950.0 150.0 -1.29554
5050.0 150.0 -0.93928
5150.0 150.0 -0.57106
5250.0 150.0 -0.21754
5350.0 150.0 0.08615
5450.0 150.0 0.26210
5550.0 150.0 0.28277
5650.0 150.0 0.16620
5750.0 150.0 -0.03809
5850.0 150.0 -0.26303
5950.0 150.0 -0.43778
6050.0 150.0 -0.50125
6150.0 150.0 -0.41550
6250.0 150.0 -0.17885
6350.0 150.0 0.16115
50.0 250.0 1.59626
150.0 250.0 1.65546
250.0 250.0 1.61437
350.0 250.0 1.48415
450.0 250.0 1.29563
550.0 250.0 1.08811
650.0 250.0 0.89113
750.0 250.0 0.70984
850.0 250.0 0.58502
950.0 250.0 0.54574
1050.0 250.0 0.57712
1150.0 250.0 0.64014
1250.0 250.0 0.68809
1350.0 250.0 0.67924
1450.0 250.0 0.58546
1550.0 250.0 0.39709
1650.0 250.0 0.12385
1750.0 250.0 -0.20813
1850.0 250.0 -0.56161
1950.0 250.0 -0.84411
2050.0 250.0 -0.94516
2150.0 250.0 -0.83417
2250.0 250.0 -0.54429
2350.0 250.0 -0.15011
2450.0 250.0 0.25337
2550.0 250.0 0.57038
2650.0 250.0 0.72261
2750.0 250.0 0.66615
2850.0 250.0 0.40698
2950.0 250.0 0.01513
3050.0 250.0 -0.39520
3150.0 250.0 -0.76539
3250.0 250.0 -1.04973
3350.0 250.0 -1.21245
3450.0 250.0 -1.24035
3550.0 250.0 -1.14850
3650.0 250.0 -0.97931
3750.0 250.0 -0.79466
3850.0 250.0 -0.66140
3950.0 250.0 -0.62992
4050.0 250.0 -0.70605
4150.0 250.0 -0.83330
4250.0 250.0 -1.02362
4350.0 250.0 -1.29108
4450.0 250.0 -1.58733
4550.0 250.0 -1.84059
4650.0 250.0 -1.98571
4750.0 250.0 -1.98380
4850.0 250.0 -1.83155
4950.0 250.0 -1.56004
5050.0 250.0 -1.22324
5150.0 250.0 -0.87598
5250.0 250.0 -0.54298
5350.0 250.0 -0.25410
5450.0 250.0 -0.07668
5550.0 250.0 -0.03278
5650.0 250.0 -0.10430
5750.0 250.0 -0.24643
5850.0 250.0 -0.40036
5950.0 250.0 -0.50545
6050.0 250.0 -0.51084
6150.0 250.0 -0.38640
6250.0 250.0 -0.13308
6350.0 250.0 0.20726
50.0 350.0 1.83010
150.0 350.0 1.87950
250.0 350.0 1.85457
350.0 350.0 1.76273
450.0 350.0 1.62619
550.0 350.0 1.47377
650.0 350.0 1.32766
750.0 350.0 1.19160
850.0 350.0 1.08592
950.0 350.0 1.01886
1050.0 350.0 0.97124
1150.0 350.0 0.91272
1250.0 350.0 0.81439
1350.0 350.0 0.65725
1450.0 350.0 0.43647
1550.0 350.0 0.16160
1650.0 350.0 -0.14734
1750.0 350.0 -0.46796
1850.0 350.0 -0.78566
1950.0 350.0 -1.03223
2050.0 350.0 -1.10264
2150.0 350.0 -0.96902
2250.0 350.0 -0.66565
2350.0 350.0 -0.26636
2450.0 350.0 0.13636
2550.0 350.0 0.45065
2650.0 350.0 0.60267
2750.0 350.0 0.55247
2850.0 350.0 0.30800
2950.0 350.0 -0.06251
3050.0 350.0 -0.45181
3150.0 350.0 -0.80892
3250.0 350.0 -1.09239
3350.0 350.0 -1.26731
3450.0 350.0 -1.31837
3550.0 350.0 -1.25626
3650.0 350.0 -1.11760
3750.0 350.0 -0.95820
3850.0 350.0 -0.83983
3950.0 350.0 -0.81032
4050.0 350.0 -0.87723
4150.0 350.0 -0.99033
4250.0 350.0 -1.15946
4350.0 350.0 -1.39778
4450.0 350.0 -1.66339
4550.0 350.0 -1.89339
4650.0 350.0 -2.03027
4750.0 350.0 -2.03919
4850.0 350.0 -1.91627
4950.0 350.0 -1.68775
5050.0 350.0 -1.40017
5150.0 350.0 -1.10145
5250.0 350.0 -0.81410
5350.0 350.0 -0.56671
5450.0 350.0 -0.41820
5550.0 350.0 -0.38361
5650.0 350.0 -0.44170
5750.0 350.0 -0.54913
5850.0 350.0 -0.65311
5950.0 350.0 -0.70253
6050.0 350.0 -0.65773
6150.0 350.0 -0.49864
6250.0 350.0 -0.23155
6350.0 350.0 0.10565
50.0 450.0 1.89099
150.0 450.0 1.91908
250.0 450.0 1.91301
350.0 450.0 1.87522
450.0 450.0 1.81513
550.0 450.0 1.74562
650.0 450.0 1.67723
750.0 450.0 1.61185
850.0 450.0 1.54788
950.0 450.0 1.47014
1050.0 450.0 1.35410
1150.0 450.0 1.17859
1250.0 450.0 0.93428
1350.0 450.0 0.62753
1450.0 450.0 0.27986
1550.0 450.0 -0.07713
1650.0 450.0 -0.41129
1750.0 450.0 -0.70395
1850.0 450.0 -0.96598
1950.0 450.0 -1.15982
2050.0 450.0 -1.19175
2150.0 450.0 -1.03937
2250.0 450.0 -0.73781
2350.0 450.0 -0.35742
2450.0 450.0 0.01642
2550.0 450.0 0.30118
2650.0 450.0 0.43285
2750.0 450.0 0.37936
2850.0 450.0 0.15175
2950.0 450.0 -0.18687
3050.0 450.0 -0.54204
3150.0 450.0 -0.86901
3250.0 450.0 -1.12941
3350.0 450.0 -1.28997
3450.0 450.0 -1.33523
3550.0 450.0 -1.27397
3650.0 450.0 -1.13938
3750.0 450.0 -0.98302
3850.0 450.0 -0.86252
3950.0 450.0 -0.82299
4050.0 450.0 -0.87229
4150.0 450.0 -0.96361
4250.0 450.0 -1.10075
4350.0 450.0 -1.29581
4450.0 450.0 -1.51685
4550.0 450.0 -1.71447
4650.0 450.0 -1.84250
4750.0 450.0 -1.87188
4850.0 450.0 -1.79736
4950.0 450.0 -1.63739
5050.0 450.0 -1.42695
5150.0 450.0 -1.20336
5250.0 450.0 -0.98628
5350.0 450.0 -0.80685
5450.0 450.0 -0.71803
5550.0 450.0 -0.72653
5650.0 450.0 -0.80483
5750.0 450.0 -0.90762
5850.0 450.0 -0.98555
5950.0 450.0 -0.99600
6050.0 450.0 -0.91110
6150.0 450.0 -0.72287
6250.0 450.0 -0.44553
6350.0 450.0 -0.11501
50.0 550.0 1.71940
150.0 550.0 1.71809
250.0 550.0 1.73327
350.0 550.0 1.76139
450.0 550.0 1.79599
550.0 550.0 1.83000
650.0 550.0 1.85913
750.0 550.0 1.88355
850.0 550.0 1.88195
950.0 550.0 1.81660
1050.0 550.0 1.65728
1150.0 550.0 1.39102
1250.0 550.0 1.02674
1350.0 550.0 0.59504
1450.0 550.0 0.14292
1550.0 550.0 -0.27634
1650.0 550.0 -0.61828
1750.0 550.0 -0.86730
1850.0 550.0 -1.05881
1950.0 550.0 -1.18801
2050.0 550.0 -1.17740
2150.0 550.0 -1.01229
2250.0 550.0 -0.72832
2350.0 550.0 -0.38982
2450.0 550.0 -0.07111
2550.0 550.0 0.15934
2650.0 550.0 0.25183
2750.0 550.0 0.18544
2850.0 550.0 -0.02486
2950.0 550.0 -0.32401
3050.0 550.0 -0.63534
3150.0 550.0 -0.91930
3250.0 550.0 -1.13962
3350.0 550.0 -1.26525
3450.0 550.0 -1.28215
3550.0 550.0 -1.19910
3650.0 550.0 -1.04781
3750.0 550.0 -0.87706
3850.0 550.0 -0.74115
3950.0 550.0 -0.68237
4050.0 550.0 -0.70776
4150.0 550.0 -0.77166
4250.0 550.0 -0.86823
4350.0 550.0 -1.00799
4450.0 550.0 -1.17148
4550.0 550.0 -1.32634
4650.0 550.0 -1.44097
4750.0 550.0 -1.49377
4850.0 550.0 -1.47811
4950.0 550.0 -1.40283
5050.0 550.0 -1.28847
5150.0 550.0 -1.15902
5250.0 550.0 -1.03033
5350.0 550.0 -0.93868
5450.0 550.0 -0.93339
5550.0 550.0 -1.01210
5650.0 550.0 -1.13853
5750.0 550.0 -1.26258
5850.0 550.0 -1.33600
5950.0 550.0 -1.32336
6050.0 550.0 -1.20866
6150.0 550.0 -0.99720
6250.0 550.0 -0.71306
6350.0 550.0 -0.39196
50.0 650.0 1.30456
150.0 650.0 1.27087
250.0 650.0 1.30886
350.0 650.0 1.40847
450.0 650.0 1.54602
550.0 650.0 1.69265
650.0 650.0 1.82796
750.0 650.0 1.95101
850.0 650.0 2.02622
950.0 650.0 1.99746
1050.0 650.0 1.82928
1150.0 650.0 1.51457
1250.0 650.0 1.07656
1350.0 650.0 0.56531
1450.0 650.0 0.04874
1550.0 650.0 -0.40165
1650.0 650.0 -0.73066
1750.0 650.0 -0.92457
1850.0 650.0 -1.03878
1950.0 650.0 -1.09883
2050.0 650.0 -1.04624
2150.0 650.0 -0.87535
2250.0 650.0 -0.62189
2350.0 650.0 -0.34248
2450.0 650.0 -0.09778
2550.0 650.0 0.06076
2650.0 650.0 0.10050
2750.0 650.0 0.01355
2850.0 650.0 -0.18080
2950.0 650.0 -0.43742
3050.0 650.0 -0.70061
3150.0 650.0 -0.93556
3250.0 650.0 -1.10751
3350.0 650.0 -1.18794
3450.0 650.0 -1.16498
3550.0 650.0 -1.04850
3650.0 650.0 -0.86973
3750.0 650.0 -0.67557
3850.0 650.0 -0.51746
3950.0 650.0 -0.43488
4050.0 650.0 -0.43349
4150.0 650.0 -0.46743
4250.0 650.0 -0.51888
4350.0 650.0 -0.59588
4450.0 650.0 -0.69246
4550.0 650.0 -0.79516
4650.0 650.0 -0.88881
4750.0 650.0 -0.96077
4850.0 650.0 -1.00363
4950.0 650.0 -1.01641
5050.0 650.0 -1.00421
5150.0 650.0 -0.97639
5250.0 650.0 -0.94390
5350.0 650.0 -0.94910
5450.0 650.0 -1.03930
5550.0 650.0 -1.20302
5650.0 650.0 -1.39398
5750.0 650.0 -1.55564
5850.0 650.0 -1.63919
5950.0 650.0 -1.61524
6050.0 650.0 -1.47907
6150.0 650.0 -1.24947
6250.0 650.0 -0.96118
6350.0 650.0 -0.65088
50.0 750.0 0.69215
150.0 750.0 0.62877
250.0 750.0 0.68995
350.0 750.0 0.85928
450.0 750.0 1.09638
550.0 750.0 1.35149
650.0 750.0 1.58882
750.0 750.0 1.80731
850.0 750.0 1.96438
950.0 750.0 1.99195
1050.0 750.0 1.85036
1150.0 750.0 1.53539
1250.0 750.0 1.07882
1350.0 750.0 0.54304
1450.0 750.0 0.00985
1550.0 750.0 -0.43677
1650.0 750.0 -0.73372
1750.0 750.0 -0.86777
1850.0 750.0 -0.90734
1950.0 750.0 -0.90195
2050.0 750.0 -0.81227
2150.0 750.0 -0.64181
2250.0 750.0 -0.42605
2350.0 750.0 -0.21333
2450.0 750.0 -0.05001
2550.0 750.0 0.03006
2650.0 750.0 0.01167
2750.0 750.0 -0.09982
2850.0 750.0 -0.28099
2950.0 750.0 -0.49713
3050.0 750.0 -0.71413
3150.0 750.0 -0.90212
3250.0 750.0 -1.02781
3350.0 750.0 -1.06510
3450.0 750.0 -1.00420
3550.0 750.0 -0.85596
3650.0 750.0 -0.65114
3750.0 750.0 -0.43478
3850.0 750.0 -0.25555
3950.0 750.0 -0.15022
4050.0 750.0 -0.12315
4150.0 750.0 -0.12822
4250.0 750.0 -0.13493
4350.0 750.0 -0.14791
4450.0 750.0 -0.17391
4550.0 750.0 -0.21811
4650.0 750.0 -0.28207
4750.0 750.0 -0.36287
4850.0 750.0 -0.45353
4950.0 750.0 -0.54455
5050.0 750.0 -0.62672
5150.0 750.0 -0.69508
5250.0 750.0 -0.75484
5350.0 750.0 -0.85340
5450.0 750.0 -1.03677
5550.0 750.0 -1.28492
5650.0 750.0 -1.54187
5750.0 750.0 -1.74442
5850.0 750.0 -1.84271
5950.0 750.0 -1.81250
6050.0 750.0 -1.65940
6150.0 750.0 -1.41477
6250.0 750.0 -1.12356
6350.0 750.0 -0.82382
50.0 850.0 -0.02354
150.0 850.0 -0.10883
250.0 850.0 -0.02533
350.0 850.0 0.20486
450.0 850.0 0.52713
550.0 850.0 0.87412
650.0 850.0 1.19726
750.0 850.0 1.49653
850.0 850.0 1.72978
950.0 850.0 1.82406
1050.0 850.0 1.73700
1150.0 850.0 1.46425
1250.0 850.0 1.04001
1350.0 850.0 0.53125
1450.0 850.0 0.02562
1550.0 850.0 -0.38695
1650.0 850.0 -0.63898
1750.0 850.0 -0.71641
1850.0 850.0 -0.69292
1950.0 850.0 -0.63324
2050.0 850.0 -0.51462
2150.0 850.0 -0.34855
2250.0 850.0 -0.17011
2350.0 850.0 -0.02008
2450.0 850.0 0.06797
2550.0 850.0 0.07581
2650.0 850.0 0.00361
2750.0 850.0 -0.13172
2850.0 850.0 -0.30329
2950.0 850.0 -0.48569
3050.0 850.0 -0.66433
3150.0 850.0 -0.81509
3250.0 850.0 -0.90669
3350.0 850.0 -0.91495
3450.0 850.0 -0.83119
3550.0 850.0 -0.66603
3650.0 850.0 -0.44865
3750.0 850.0 -0.22140
3850.0 850.0 -0.02987
3950.0 850.0 0.09170
4050.0 850.0 0.13957
4150.0 850.0 0.15888
4250.0 850.0 0.19157
4350.0 850.0 0.23731
4450.0 850.0 0.27888
4550.0 850.0 0.29484
4650.0 850.0 0.26837
4750.0 850.0 0.19269
4850.0 850.0 0.07292
4950.0 850.0 -0.07552
5050.0 850.0 -0.23201
5150.0 850.0 -0.37930
5250.0 850.0 -0.51631
5350.0 850.0 -0.69286
5450.0 850.0 -0.95308
5550.0 850.0 -1.26960
5650.0 850.0 -1.57840
5750.0 850.0 -1.81110
5850.0 850.0 -1.91739
5950.0 850.0 -1.87793
6050.0 850.0 -1.70743
6150.0 850.0 -1.44812
6250.0 850.0 -1.15352
6350.0 850.0 -0.86248
50.0 950.0 -0.72293
150.0 950.0 -0.81884
250.0 950.0 -0.71501
350.0 950.0 -0.43812
450.0 950.0 -0.05318
550.0 950.0 0.35993
650.0 950.0 0.74388
750.0 950.0 1.10075
850.0 950.0 1.39469
950.0 950.0 1.55420
1050.0 950.0 1.53573
1150.0 950.0 1.33246
1250.0 950.0 0.97586
1350.0 950.0 0.53070
1450.0 950.0 0.08336
1550.0 950.0 -0.27630
1650.0 950.0 -0.47979
1750.0 950.0 -0.51134
1850.0 950.0 -0.44301
1950.0 950.0 -0.34539
2050.0 950.0 -0.20749
2150.0 950.0 -0.04660
2250.0 950.0 0.10261
2350.0 950.0 0.20496
2450.0 950.0 0.23636
2550.0 950.0 0.18999
2650.0 950.0 0.07727
2750.0 950.0 -0.07656
2850.0 950.0 -0.24211
2950.0 950.0 -0.40085
3050.0 950.0 -0.55326
3150.0 950.0 -0.68227
3250.0 950.0 -0.75958
3350.0 950.0 -0.76221
3450.0 950.0 -0.68087
3550.0 950.0 -0.52386
3650.0 950.0 -0.31681
3750.0 950.0 -0.09790
3850.0 950.0 0.09110
3950.0 950.0 0.21828
4050.0 950.0 0.27926
4150.0 950.0 0.31594
4250.0 950.0 0.37880
4350.0 950.0 0.47234
4450.0 950.0 0.57230
4550.0 950.0 0.64491
4650.0 950.0 0.66105
4750.0 950.0 0.60513
4850.0 950.0 0.47900
4950.0 950.0 0.30069
5050.0 950.0 0.09810
5150.0 950.0 -0.10254
5250.0 950.0 -0.29380
5350.0 950.0 -0.52410
5450.0 950.0 -0.83413
5550.0 950.0 -1.19059
5650.0 950.0 -1.52424
5750.0 950.0 -1.76423
5850.0 950.0 -1.86165
5950.0 950.0 -1.80233
6050.0 950.0 -1.60896
6150.0 950.0 -1.33241
6250.0 950.0 -1.03229
6350.0 950.0 -0.74685
50.0 1050.0 -1.30006
150.0 1050.0 -1.39430
250.0 1050.0 -1.27278
350.0 1050.0 -0.96538
450.0 1050.0 -0.54323
550.0 1050.0 -0.09303
650.0 1050.0 0.32368
750.0 1050.0 0.71177
850.0 1050.0 1.04504
950.0 1050.0 1.25774
1050.0 1050.0 1.30646
1150.0 1050.0 1.18064
1250.0 1050.0 0.90577
1350.0 1050.0 0.53986
1450.0 1050.0 0.16315
1550.0 1050.0 -0.13890
1650.0 1050.0 -0.29941
1750.0 1050.0 -0.30052
1850.0 1050.0 -0.20800
1950.0 1050.0 -0.09029
2050.0 1050.0 0.05774
2150.0 1050.0 0.21572
2250.0 1050.0 0.34919
2350.0 1050.0 0.42601
2450.0 1050.0 0.42709
2550.0 1050.0 0.35172
2650.0 1050.0 0.21731
2750.0 1050.0 0.05354
2850.0 1050.0 -0.10886
2950.0 1050.0 -0.25507
3050.0 1050.0 -0.39493
3150.0 1050.0 -0.51987
3250.0 1050.0 -0.60574
3350.0 1050.0 -0.62997
3450.0 1050.0 -0.58062
3550.0 1050.0 -0.46123
3650.0 1050.0 -0.29146
3750.0 1050.0 -0.10352
3850.0 1050.0 0.06558
3950.0 1050.0 0.18603
4050.0 1050.0 0.25140
4150.0 1050.0 0.29752
4250.0 1050.0 0.37960
4350.0 1050.0 0.50709
4450.0 1050.0 0.65240
4550.0 1050.0 0.77416
4650.0 1050.0 0.83456
4750.0 1050.0 0.81075
4850.0 1050.0 0.70021
4950.0 1050.0 0.52029
5050.0 1050.0 0.30164
5150.0 1050.0 0.07579
5250.0 1050.0 -0.14394
5350.0 1050.0 -0.40051
5450.0 1050.0 -0.72881
5550.0 1050.0 -1.09112
5650.0 1050.0 -1.41621
5750.0 1050.0 -1.63416
5850.0 1050.0 -1.69988
5950.0 1050.0 -1.60525
6050.0 1050.0 -1.38005
6150.0 1050.0 -1.08153
6250.0 1050.0 -0.77267
6350.0 1050.0 -0.48922
50.0 1150.0 -1.71690
150.0 1150.0 -1.79969
250.0 1150.0 -1.66282
350.0 1150.0 -1.33835
450.0 1150.0 -0.89993
550.0 1150.0 -0.43642
650.0 1150.0 -0.00991
750.0 1150.0 0.38759
850.0 1150.0 0.74041
950.0 1150.0 0.99046
1050.0 1150.0 1.09528
1150.0 1150.0 1.04029
1250.0 1150.0 0.84384
1350.0 1150.0 0.55528
1450.0 1150.0 0.24646
1550.0 1150.0 -0.00369
1650.0 1150.0 -0.13132
1750.0 1150.0 -0.11660
1850.0 1150.0 -0.01691
1950.0 1150.0 0.10656
2050.0 1150.0 0.25823
2150.0 1150.0 0.41698
2250.0 1150.0 0.54835
2350.0 1150.0 0.62076
2450.0 1150.0 0.61623
2550.0 1150.0 0.53538
2650.0 1150.0 0.39696
2750.0 1150.0 0.23173
2850.0 1150.0 0.07075
2950.0 1150.0 -0.07192
3050.0 1150.0 -0.21042
3150.0 1150.0 -0.34591
3250.0 1150.0 -0.45940
3350.0 1150.0 -0.52806
3450.0 1150.0 -0.53560
3550.0 1150.0 -0.47869
3650.0 1150.0 -0.36897
3750.0 1150.0 -0.23111
3850.0 1150.0 -0.09655
3950.0 1150.0 0.00687
4050.0 1150.0 0.06945
4150.0 1150.0 0.11849
4250.0 1150.0 0.21049
4350.0 1150.0 0.35965
4450.0 1150.0 0.53810
4550.0 1150.0 0.70076
4650.0 1150.0 0.80443
4750.0 1150.0 0.82045
4850.0 1150.0 0.74140
4950.0 1150.0 0.58140
5050.0 1150.0 0.37036
5150.0 1150.0 0.14195
5250.0 1150.0 -0.08520
5350.0 1150.0 -0.34536
5450.0 1150.0 -0.66550
5550.0 1150.0 -1.00451
5650.0 1150.0 -1.29191
5750.0 1150.0 -1.46169
5850.0 1150.0 -1.47480
5950.0 1150.0 -1.33017
6050.0 1150.0 -1.06417
6150.0 1150.0 -0.73875
6250.0 1150.0 -0.41804
6350.0 1150.0 -0.13354
50.0 1250.0 -2.05087
150.0 1250.0 -2.11683
250.0 1250.0 -1.96464
350.0 1250.0 -1.62807
450.0 1250.0 -1.18186
550.0 1250.0 -0.71496
650.0 1250.0 -0.28837
750.0 1250.0 0.10923
850.0 1250.0 0.47241
950.0 1250.0 0.75104
1050.0 1250.0 0.90389
1150.0 1250.0 0.91257
1250.0 1250.0 0.78821
1350.0 1250.0 0.57135
1450.0 1250.0 0.32507
1550.0 1250.0 0.12131
1650.0 1250.0 0.02050
1750.0 1250.0 0.04430
1850.0 1250.0 0.14397
1950.0 1250.0 0.26703
2050.0 1250.0 0.41905
2150.0 1250.0 0.57928
2250.0 1250.0 0.71337
2350.0 1250.0 0.78962
2450.0 1250.0 0.78964
2550.0 1250.0 0.71353
2650.0 1250.0 0.57944
2750.0 1250.0 0.41760
2850.0 1250.0 0.25883
2950.0 1250.0 0.11746
3050.0 1250.0 -0.02280
3150.0 1250.0 -0.17315
3250.0 1250.0 -0.32035
3350.0 1250.0 -0.44121
3450.0 1250.0 -0.51471
3550.0 1250.0 -0.52989
3650.0 1250.0 -0.48960
3750.0 1250.0 -0.41015
3850.0 1250.0 -0.31687
3950.0 1250.0 -0.23543
4050.0 1250.0 -0.17915
4150.0 1250.0 -0.13032
4250.0 1250.0 -0.03290
4350.0 1250.0 0.13193
4450.0 1250.0 0.33723
4550.0 1250.0 0.53602
4650.0 1250.0 0.68115
4750.0 1250.0 0.73899
4850.0 1250.0 0.69702
4950.0 1250.0 0.56522
5050.0 1250.0 0.37126
5150.0 1250.0 0.14959
5250.0 1250.0 -0.07626
5350.0 1250.0 -0.33054
5450.0 1250.0 -0.63133
5550.0 1250.0 -0.93462
5650.0 1250.0 -1.17177
5750.0 1250.0 -1.28199
5850.0 1250.0 -1.23332
5950.0 1250.0 -1.03214
6050.0 1250.0 -0.72130
6150.0 1250.0 -0.36678
6250.0 1250.0 -0.03291
6350.0 1250.0 0.25383
50.0 1350.0 -2.28208
150.0 1350.0 -2.31250
250.0 1350.0 -2.13640
350.0 1350.0 -1.78922
450.0 1350.0 -1.34450
550.0 1350.0 -0.88774
650.0 1350.0 -0.47549
750.0 1350.0 -0.09204
850.0 1350.0 0.26660
950.0 1350.0 0.55807
1050.0 1350.0 0.74282
1150.0 1350.0 0.79932
1250.0 1350.0 0.73218
1350.0 1350.0 0.57352
1450.0 1350.0 0.37773
1550.0 1350.0 0.20955
1650.0 1350.0 0.12548
1750.0 1350.0 0.14849
1850.0 1350.0 0.23818
1950.0 1350.0 0.34942
2050.0 1350.0 0.48821
2150.0 1350.0 0.63617
2250.0 1350.0 0.76218
2350.0 1350.0 0.83713
2450.0 1350.0 0.84372
2550.0 1350.0 0.78121
2650.0 1350.0 0.66523
2750.0 1350.0 0.52257
2850.0 1350.0 0.38093
2950.0 1350.0 0.25380
3050.0 1350.0 0.12470
3150.0 1350.0 -0.02625
3250.0 1350.0 -0.19291
3350.0 1350.0 -0.35446
3450.0 1350.0 -0.48762
3550.0 1350.0 -0.57520
3650.0 1350.0 -0.61105
3750.0 1350.0 -0.60142
3850.0 1350.0 -0.56270
3950.0 1350.0 -0.51549
4050.0 1350.0 -0.47512
4150.0 1350.0 -0.43505
4250.0 1350.0 -0.34353
4350.0 1350.0 -0.17790
4450.0 1350.0 0.03789
4550.0 1350.0 0.25804
4650.0 1350.0 0.43432
4750.0 1350.0 0.52991
4850.0 1350.0 0.52747
4950.0 1350.0 0.43160
5050.0 1350.0 0.26550
5150.0 1350.0 0.06207
5250.0 1350.0 -0.15138
5350.0 1350.0 -0.38804
5450.0 1350.0 -0.65639
5550.0 1350.0 -0.91033
5650.0 1350.0 -1.08459
5750.0 1350.0 -1.12502
5850.0 1350.0 -1.00757
5950.0 1350.0 -0.74620
6050.0 1350.0 -0.38950
6150.0 1350.0 -0.00621
6250.0 1350.0 0.34046
6350.0 1350.0 0.62977
50.0 1450.0 -2.29852
150.0 1450.0 -2.26676
250.0 1450.0 -2.05863
350.0 1450.0 -1.71019
450.0 1450.0 -1.28891
550.0 1450.0 -0.86991
650.0 1450.0 -0.49948
750.0 1450.0 -0.15671
850.0 1450.0 0.16999
950.0 1450.0 0.44594
1050.0 1450.0 0.63417
1150.0 1450.0 0.71120
1250.0 1450.0 0.67608
1350.0 1450.0 0.55297
1450.0 1450.0 0.38744
1550.0 1450.0 0.23632
1650.0 1450.0 0.15116
1750.0 1450.0 0.15532
1850.0 1450.0 0.21649
1950.0 1450.0 0.29453
2050.0 1450.0 0.39422
2150.0 1450.0 0.50331
2250.0 1450.0 0.59979
2350.0 1450.0 0.66246
2450.0 1450.0 0.67799
2550.0 1450.0 0.64451
2650.0 1450.0 0.57168
2750.0 1450.0 0.47739
2850.0 1450.0 0.38090
2950.0 1450.0 0.29254
3050.0 1450.0 0.19936
3150.0 1450.0 0.07643
3250.0 1450.0 -0.07942
3350.0 1450.0 -0.25484
3450.0 1450.0 -0.42944
3550.0 1450.0 -0.58316
3650.0 1450.0 -0.70134
3750.0 1450.0 -0.77764
3850.0 1450.0 -0.81474
3950.0 1450.0 -0.82283
4050.0 1450.0 -0.81592
4150.0 1450.0 -0.80069
4250.0 1450.0 -0.73653
4350.0 1450.0 -0.59857
4450.0 1450.0 -0.40399
4550.0 1450.0 -0.19158
4650.0 1450.0 -0.00508
4750.0 1450.0 0.11896
4850.0 1450.0 0.15913
4950.0 1450.0 0.11249
5050.0 1450.0 -0.00629
5150.0 1450.0 -0.17032
5250.0 1450.0 -0.35079
5350.0 1450.0 -0.54885
5450.0 1450.0 -0.76360
5550.0 1450.0 -0.94891
5650.0 1450.0 -1.04538
5750.0 1450.0 -1.00722
5850.0 1450.0 -0.81872
5950.0 1450.0 -0.50022
6050.0 1450.0 -0.10361
6150.0 1450.0 0.30269
6250.0 1450.0 0.65918
6350.0 1450.0 0.95122
50.0 1550.0 -2.04438
150.0 1550.0 -1.93423
250.0 1550.0 -1.69748
350.0 1550.0 -1.36817
450.0 1550.0 -1.00131
550.0 1550.0 -0.65384
650.0 1550.0 -0.35616
750.0 1550.0 -0.08295
850.0 1550.0 0.18250
950.0 1550.0 0.41357
1050.0 1550.0 0.57690
1150.0 1550.0 0.64814
1250.0 1550.0 0.62142
1350.0 1550.0 0.51303
1450.0 1550.0 0.35907
1550.0 1550.0 0.20731
1650.0 1550.0 0.10306
1750.0 1550.0 0.06921
1850.0 1550.0 0.08163
1950.0 1550.0 0.10299
2050.0 1550.0 0.13490
2150.0 1550.0 0.17521
2250.0 1550.0 0.21754
2350.0 1550.0 0.25452
2450.0 1550.0 0.28012
2550.0 1550.0 0.29113
2650.0 1550.0 0.28769
2750.0 1550.0 0.27297
2850.0 1550.0 0.25188
2950.0 1550.0 0.22899
3050.0 1550.0 0.19917
3150.0 1550.0 0.13768
3250.0 1550.0 0.03038
3350.0 1550.0 -0.12243
3450.0 1550.0 -0.30962
3550.0 1550.0 -0.51293
3650.0 1550.0 -0.71090
3750.0 1550.0 -0.88293
3850.0 1550.0 -1.01363
3950.0 1550.0 -1.09721
4050.0 1550.0 -1.14215
4150.0 1550.0 -1.16932
4250.0 1550.0 -1.15628
4350.0 1550.0 -1.07798
4450.0 1550.0 -0.94078
4550.0 1550.0 -0.76988
4650.0 1550.0 -0.59836
4750.0 1550.0 -0.45830
4850.0 1550.0 -0.37421
4950.0 1550.0 -0.35860
5050.0 1550.0 -0.40973
5150.0 1550.0 -0.51159
5250.0 1550.0 -0.63668
5350.0 1550.0 -0.77456
5450.0 1550.0 -0.91739
5550.0 1550.0 -1.02210
5650.0 1550.0 -1.03734
5750.0 1550.0 -0.92628
5850.0 1550.0 -0.68017
5950.0 1550.0 -0.32253
6050.0 1550.0 0.09586
6150.0 1550.0 0.51133
6250.0 1550.0 0.87092
6350.0 1550.0 1.16533
50.0 1650.0 -1.52471
150.0 1650.0 -1.33867
250.0 1650.0 -1.09103
350.0 1650.0 -0.80994
450.0 1650.0 -0.53148
550.0 1650.0 -0.28759
650.0 1650.0 -0.08908
750.0 1650.0 0.09098
850.0 1650.0 0.27197
950.0 1650.0 0.43608
1050.0 1650.0 0.55452
1150.0 1650.0 0.60265
1250.0 1650.0 0.56981
1350.0 1650.0 0.46384
1450.0 1650.0 0.31029
1550.0 1650.0 0.14648
1650.0 1650.0 0.01023
1750.0 1650.0 -0.07666
1850.0 1650.0 -0.12948
1950.0 1650.0 -0.18418
2050.0 1650.0 -0.24409
2150.0 1650.0 -0.29805
2250.0 1650.0 -0.33148
2350.0 1650.0 -0.33293
2450.0 1650.0 -0.29817
2550.0 1650.0 -0.23167
2650.0 1650.0 -0.14556
2750.0 1650.0 -0.05607
2850.0 1650.0 0.02261
2950.0 1650.0 0.08699
3050.0 1650.0 0.14344
3150.0 1650.0 0.17337
3250.0 1650.0 0.15128
3350.0 1650.0 0.05968
3450.0 1650.0 -0.10552
3550.0 1650.0 -0.33300
3650.0 1650.0 -0.59731
3750.0 1650.0 -0.86364
3850.0 1650.0 -1.09585
3950.0 1650.0 -1.26794
4050.0 1650.0 -1.37888
4150.0 1650.0 -1.46284
4250.0 1650.0 -1.52079
4350.0 1650.0 -1.52944
4450.0 1650.0 -1.48106
4550.0 1650.0 -1.38181
4650.0 1650.0 -1.24868
4750.0 1650.0 -1.10561
4850.0 1650.0 -0.97900
4950.0 1650.0 -0.89237
5050.0 1650.0 -0.86031
5150.0 1650.0 -0.88178
5250.0 1650.0 -0.93320
5350.0 1650.0 -0.99486
5450.0 1650.0 -1.05666
5550.0 1650.0 -1.08202
5650.0 1650.0 -1.02890
5750.0 1650.0 -0.86830
5850.0 1650.0 -0.59504
5950.0 1650.0 -0.23085
6050.0 1650.0 0.18028
6150.0 1650.0 0.58434
6250.0 1650.0 0.93737
6350.0 1650.0 1.23311
50.0 1750.0 -0.80024
150.0 1750.0 -0.55967
250.0 1750.0 -0.33008
350.0 1750.0 -0.12927
450.0 1750.0 0.03084
550.0 1750.0 0.14756
650.0 1750.0 0.23070
750.0 1750.0 0.30448
850.0 1750.0 0.38894
950.0 1750.0 0.47620
1050.0 1750.0 0.54260
1150.0 1750.0 0.56330
1250.0 1750.0 0.52227
1350.0 1750.0 0.41784
1450.0 1750.0 0.26371
1550.0 1750.0 0.08539
1650.0 1750.0 -0.08782
1750.0 1750.0 -0.23539
1850.0 1750.0 -0.36263
1950.0 1750.0 -0.50443
2050.0 1750.0 -0.67034
2150.0 1750.0 -0.83420
2250.0 1750.0 -0.95736
2350.0 1750.0 -1.00660
2450.0 1750.0 -0.96550
2550.0 1750.0 -0.83945
2650.0 1750.0 -0.65418
2750.0 1750.0 -0.44774
2850.0 1750.0 -0.25612
2950.0 1750.0 -0.09234
3050.0 1750.0 0.06381
3150.0 1750.0 0.20533
3250.0 1750.0 0.29629
3350.0 1750.0 0.29866
3450.0 1750.0 0.18873
3550.0 1750.0 -0.03358
3650.0 1750.0 -0.34231
3750.0 1750.0 -0.69009
3850.0 1750.0 -1.01983
3950.0 1750.0 -1.28335
4050.0 1750.0 -1.46704
4150.0 1750.0 -1.61586
4250.0 1750.0 -1.75646
4350.0 1750.0 -1.86876
4450.0 1750.0 -1.92921
4550.0 1750.0 -1.92166
4650.0 1750.0 -1.84363
4750.0 1750.0 -1.70843
4850.0 1750.0 -1.54322
4950.0 1750.0 -1.38300
5050.0 1750.0 -1.26046
5150.0 1750.0 -1.19183
5250.0 1750.0 -1.15942
5350.0 1750.0 -1.13794
5450.0 1750.0 -1.12104
5550.0 1750.0 -1.08176
5650.0 1750.0 -0.98738
5750.0 1750.0 -0.81403
5850.0 1750.0 -0.55540
5950.0 1750.0 -0.22558
6050.0 1750.0 0.14397
6150.0 1750.0 0.51335
6250.0 1750.0 0.84907
6350.0 1750.0 1.14468
50.0 1850.0 0.02489
150.0 1850.0 0.28510
250.0 1850.0 0.46332
350.0 1850.0 0.55605
450.0 1850.0 0.57837
550.0 1850.0 0.55777
650.0 1850.0 0.52278
750.0 1850.0 0.49016
850.0 1850.0 0.47950
950.0 1850.0 0.49396
1050.0 1850.0 0.51524
1150.0 1850.0 0.51769
1250.0 1850.0 0.47888
1350.0 1850.0 0.38638
1450.0 1850.0 0.24070
1550.0 1850.0 0.05456
1650.0 1850.0 -0.15176
1750.0 1850.0 -0.35875
1850.0 1850.0 -0.56051
1950.0 1850.0 -0.78997
2050.0 1850.0 -1.06337
2150.0 1850.0 -1.33972
2250.0 1850.0 -1.55613
2350.0 1850.0 -1.65716
2450.0 1850.0 -1.61375
2550.0 1850.0 -1.43173
2650.0 1850.0 -1.15000
2750.0 1850.0 -0.82823
2850.0 1850.0 -0.52425
2950.0 1850.0 -0.26098
3050.0 1850.0 -0.00381
3150.0 1850.0 0.25551
3250.0 1850.0 0.47265
3350.0 1850.0 0.58883
3450.0 1850.0 0.55881
3550.0 1850.0 0.36825
3650.0 1850.0 0.04040
3750.0 1850.0 -0.36783
3850.0 1850.0 -0.78051
3950.0 1850.0 -1.12792
4050.0 1850.0 -1.38248
4150.0 1850.0 -1.59638
4250.0 1850.0 -1.82076
4350.0 1850.0 -2.03950
4450.0 1850.0 -2.21327
4550.0 1850.0 -2.30325
4650.0 1850.0 -2.28684
4750.0 1850.0 -2.16590
4850.0 1850.0 -1.96759
4950.0 1850.0 -1.73779
5050.0 1850.0 -1.52703
5150.0 1850.0 -1.36900
5250.0 1850.0 -1.25272
5350.0 1850.0 -1.15149
5450.0 1850.0 -1.06876
5550.0 1850.0 -0.98933
5650.0 1850.0 -0.88854
5750.0 1850.0 -0.74406
5850.0 1850.0 -0.54347
5950.0 1850.0 -0.28796
6050.0 1850.0 0.00823
6150.0 1850.0 0.32224
6250.0 1850.0 0.63126
6350.0 1850.0 0.92516
50.0 1950.0 0.82228
150.0 1950.0 1.06221
250.0 1950.0 1.15940
350.0 1950.0 1.12721
450.0 1950.0 1.00751
550.0 1950.0 0.85531
650.0 1950.0 0.71354
750.0 1950.0 0.58743
850.0 1950.0 0.49617
950.0 1950.0 0.45487
1050.0 1950.0 0.45027
1150.0 1950.0 0.45493
1250.0 1950.0 0.43874
1350.0 1950.0 0.37724
1450.0 1950.0 0.25691
1550.0 1950.0 0.07719
1650.0 1950.0 -0.15054
1750.0 1950.0 -0.40714
1850.0 1950.0 -0.67438
1950.0 1950.0 -0.98144
2050.0 1950.0 -1.35082
2150.0 1950.0 -1.72861
2250.0 1950.0 -2.03045
2350.0 1950.0 -2.18099
2450.0 1950.0 -2.13956
2550.0 1950.0 -1.91188
2650.0 1950.0 -1.54803
2750.0 1950.0 -1.12650
2850.0 1950.0 -0.72434
2950.0 1950.0 -0.37352
3050.0 1950.0 -0.02648
3150.0 1950.0 0.34139
3250.0 1950.0 0.68000
3350.0 1950.0 0.91211
3450.0 1950.0 0.97207
3550.0 1950.0 0.83068
3650.0 1950.0 0.50623
3750.0 1950.0 0.06162
3850.0 1950.0 -0.41233
3950.0 1950.0 -0.82750
4050.0 1950.0 -1.14288
4150.0 1950.0 -1.41412
4250.0 1950.0 -1.71265
4350.0 1950.0 -2.02599
4450.0 1950.0 -2.30100
4550.0 1950.0 -2.47876
4650.0 1950.0 -2.51873
4750.0 1950.0 -2.41241
4850.0 1950.0 -2.18675
4950.0 1950.0 -1.89700
5050.0 1950.0 -1.60929
5150.0 1950.0 -1.37277
5250.0 1950.0 -1.18267
5350.0 1950.0 -1.01460
5450.0 1950.0 -0.88633
5550.0 1950.0 -0.79505
5650.0 1950.0 -0.72202
5750.0 1950.0 -0.64278
5850.0 1950.0 -0.53482
5950.0 1950.0 -0.38286
6050.0 1950.0 -0.18161
6150.0 1950.0 0.06389
6250.0 1950.0 0.34046
6350.0 1950.0 0.63134
50.0 2050.0 1.46549
150.0 2050.0 1.64917
250.0 2050.0 1.64632
350.0 2050.0 1.48760
450.0 2050.0 1.23839
550.0 2050.0 0.97541
650.0 2050.0 0.75018
750.0 2050.0 0.55400
850.0 2050.0 0.40689
950.0 2050.0 0.33634
1050.0 2050.0 0.33344
1150.0 2050.0 0.36771
1250.0 2050.0 0.40013
1350.0 2050.0 0.39336
1450.0 2050.0 0.31948
1550.0 2050.0 0.16494
1650.0 2050.0 -0.06706
1750.0 2050.0 -0.35687
1850.0 2050.0 -0.67321
1950.0 2050.0 -1.03916
2050.0 2050.0 -1.48216
2150.0 2050.0 -1.93879
2250.0 2050.0 -2.30833
2350.0 2050.0 -2.50011
2450.0 2050.0 -2.46419
2550.0 2050.0 -2.20575
2650.0 2050.0 -1.78290
2750.0 2050.0 -1.28800
2850.0 2050.0 -0.81263
2950.0 2050.0 -0.39592
3050.0 2050.0 0.01953
3150.0 2050.0 0.47285
3250.0 2050.0 0.91084
3350.0 2050.0 1.24219
3450.0 2050.0 1.38478
3550.0 2050.0 1.29647
3650.0 2050.0 0.98987
3750.0 2050.0 0.53060
3850.0 2050.0 0.01936
3950.0 2050.0 -0.44225
4050.0 2050.0 -0.80228
4150.0 2050.0 -1.11671
4250.0 2050.0 -1.47081
4350.0 2050.0 -1.85457
4450.0 2050.0 -2.20437
4550.0 2050.0 -2.44625
4650.0 2050.0 -2.52638
4750.0 2050.0 -2.42875
4850.0 2050.0 -2.18040
4950.0 2050.0 -1.84389
5050.0 2050.0 -1.49725
5150.0 2050.0 -1.20121
5250.0 2050.0 -0.95548
5350.0 2050.0 -0.74032
5450.0 2050.0 -0.58981
5550.0 2050.0 -0.51242
5650.0 2050.0 -0.49271
5750.0 2050.0 -0.50127
5850.0 2050.0 -0.50338
5950.0 2050.0 -0.46645
6050.0 2050.0 -0.36617
6150.0 2050.0 -0.19145
6250.0 2050.0 0.05199
6350.0 2050.0 0.33912
50.0 2150.0 1.86320
150.0 2150.0 1.96579
250.0 2150.0 1.85801
350.0 2150.0 1.58625
450.0 2150.0 1.23368
550.0 2150.0 0.89115
650.0 2150.0 0.61270
750.0 2150.0 0.37531
850.0 2150.0 0.20198
950.0 2150.0 0.13255
1050.0 2150.0 0.16142
1150.0 2150.0 0.25390
1250.0 2150.0 0.36110
1350.0 2150.0 0.43246
1450.0 2150.0 0.42597
1550.0 2150.0 0.31596
1650.0 2150.0 0.09862
1750.0 2150.0 -0.20491
1850.0 2150.0 -0.55017
1950.0 2150.0 -0.95168
2050.0 2150.0 -1.44000
2150.0 2150.0 -1.94622
2250.0 2150.0 -2.35973
2350.0 2150.0 -2.58031
2450.0 2150.0 -2.55204
2550.0 2150.0 -2.27920
2650.0 2150.0 -1.82424
2750.0 2150.0 -1.28755
2850.0 2150.0 -0.76935
2950.0 2150.0 -0.31343
3050.0 2150.0 0.14335
3150.0 2150.0 0.65026
3250.0 2150.0 1.15313
3350.0 2150.0 1.55220
3450.0 2150.0 1.75468
3550.0 2150.0 1.70951
3650.0 2150.0 1.42450
3750.0 2150.0 0.96557
3850.0 2150.0 0.43844
3950.0 2150.0 -0.04758
4050.0 2150.0 -0.43339
4150.0 2150.0 -0.77352
4250.0 2150.0 -1.15970
4350.0 2150.0 -1.58259
4450.0 2150.0 -1.97215
4550.0 2150.0 -2.24584
4650.0 2150.0 -2.34258
4750.0 2150.0 -2.24278
4850.0 2150.0 -1.97443
4950.0 2150.0 -1.60517
5050.0 2150.0 -1.22047
5150.0 2150.0 -0.88784
5250.0 2150.0 -0.60887
5350.0 2150.0 -0.36904
5450.0 2150.0 -0.21779
5550.0 2150.0 -0.17234
5650.0 2150.0 -0.21803
5750.0 2150.0 -0.31901
5850.0 2150.0 -0.42853
5950.0 2150.0 -0.49856
6050.0 2150.0 -0.48902
6150.0 2150.0 -0.37636
6250.0 2150.0 -0.16169
6350.0 2150.0 0.12169
50.0 2250.0 1.99938
150.0 2250.0 2.00989
250.0 2250.0 1.80414
350.0 2250.0 1.44133
450.0 2250.0 1.01626
550.0 2250.0 0.62655
650.0 2250.0 0.32377
750.0 2250.0 0.07189
850.0 2250.0 -0.10075
950.0 2250.0 -0.14240
1050.0 2250.0 -0.05631
1150.0 2250.0 0.11766
1250.0 2250.0 0.32027
1350.0 2250.0 0.48783
1450.0 2250.0 0.56496
1550.0 2250.0 0.51507
1650.0 2250.0 0.32858
1750.0 2250.0 0.02889
1850.0 2250.0 -0.32659
1950.0 2250.0 -0.74189
2050.0 2250.0 -1.24886
2150.0 2250.0 -1.77674
2250.0 2250.0 -2.21108
2350.0 2250.0 -2.44761
2450.0 2250.0 -2.42754
2550.0 2250.0 -2.15420
2650.0 2250.0 -1.69107
2750.0 2250.0 -1.14122
2850.0 2250.0 -0.60809
2950.0 2250.0 -0.13765
3050.0 2250.0 0.33496
3150.0 2250.0 0.86388
3250.0 2250.0 1.39525
3350.0 2250.0 1.82607
3450.0 2250.0 2.05896
3550.0 2250.0 2.03860
3650.0 2250.0 1.76993
3750.0 2250.0 1.31802
3850.0 2250.0 0.78976
3950.0 2250.0 0.29712
4050.0 2250.0 -0.09769
4150.0 2250.0 -0.44726
4250.0 2250.0 -0.84344
4350.0 2250.0 -1.27558
4450.0 2250.0 -1.67099
4550.0 2250.0 -1.94458
4650.0 2250.0 -2.03392
4750.0 2250.0 -1.91972
4850.0 2250.0 -1.63196
4950.0 2250.0 -1.24150
5050.0 2250.0 -0.83728
5150.0 2250.0 -0.48902
5250.0 2250.0 -0.19754
5350.0 2250.0 0.04741
5450.0 2250.0 0.18397
5550.0 2250.0 0.18919
5650.0 2250.0 0.07890
5750.0 2250.0 -0.10449
5850.0 2250.0 -0.30402
5950.0 2250.0 -0.45984
6050.0 2250.0 -0.52065
6150.0 2250.0 -0.45491
6250.0 2250.0 -0.26173
6350.0 2250.0 0.01844
50.0 2350.0 1.97774
150.0 2350.0 1.89508
250.0 2350.0 1.59991
350.0 2350.0 1.16211
450.0 2350.0 0.68427
550.0 2350.0 0.26659
650.0 2350.0 -0.04426
750.0 2350.0 -0.29597
850.0 2350.0 -0.45333
950.0 2350.0 -0.45313
1050.0 2350.0 -0.29682
1150.0 2350.0 -0.02986
1250.0 2350.0 0.27800
1350.0 2350.0 0.55020
1450.0 2350.0 0.71858
1550.0 2350.0 0.73639
1650.0 2350.0 0.58904
1750.0 2350.0 0.30262
1850.0 2350.0 -0.05287
1950.0 2350.0 -0.46999
2050.0 2350.0 -0.98078
2150.0 2350.0 -1.51467
2250.0 2350.0 -1.95666
2350.0 2350.0 -2.20155
2450.0 2350.0 -2.18945
2550.0 2350.0 -1.92274
2650.0 2350.0 -1.46423
2750.0 2350.0 -0.91672
2850.0 2350.0 -0.38390
2950.0 2350.0 0.08745
3050.0 2350.0 0.56169
3150.0 2350.0 1.09446
3250.0 2350.0 1.63262
3350.0 2350.0 2.07286
3450.0 2350.0 2.31679
3550.0 2350.0 2.30774
3650.0 2350.0 2.04929
3750.0 2350.0 1.60540
3850.0 2350.0 1.08224
3950.0 2350.0 0.59179
4050.0 2350.0 0.19699
4150.0 2350.0 -0.15306
4250.0 2350.0 -0.54696
4350.0 2350.0 -0.97160
4450.0 2350.0 -1.35367
4550.0 2350.0 -1.60894
4650.0 2350.0 -1.67688
4750.0 2350.0 -1.54076
4850.0 2350.0 -1.23322
4950.0 2350.0 -0.82738
5050.0 2350.0 -0.41349
5150.0 2350.0 -0.06099
5250.0 2350.0 0.23166
5350.0 2350.0 0.47148
5450.0 2350.0 0.58663
5550.0 2350.0 0.55039
5650.0 2350.0 0.38066
5750.0 2350.0 0.12594
5850.0 2350.0 -0.14826
5950.0 2350.0 -0.37291
6050.0 2350.0 -0.48867
6150.0 2350.0 -0.45879
6250.0 2350.0 -0.28191
6350.0 2350.0 -0.00448
50.0 2450.0 1.87478
150.0 2450.0 1.70791
250.0 2450.0 1.33702
350.0 2450.0 0.84006
450.0 2450.0 0.32425
550.0 2450.0 -0.11023
650.0 2450.0 -0.42233
750.0 2450.0 -0.66881
850.0 2450.0 -0.80601
950.0 2450.0 -0.75968
1050.0 2450.0 -0.53004
1150.0 2450.0 -0.16853
1250.0 2450.0 0.24452
1350.0 2450.0 0.61996
1450.0 2450.0 0.87746
1550.0 2450.0 0.96093
1650.0 2450.0 0.85151
1750.0 2450.0 0.57833
1850.0 2450.0 0.22362
1950.0 2450.0 -0.19369
2050.0 2450.0 -0.70520
2150.0 2450.0 -1.24105
2250.0 2450.0 -1.68687
2350.0 2450.0 -1.93771
2450.0 2450.0 -1.93354
2550.0 2450.0 -1.67604
2650.0 2450.0 -1.22706
2750.0 2450.0 -0.68834
2850.0 2450.0 -0.16285
2950.0 2450.0 0.30250
3050.0 2450.0 0.77163
3150.0 2450.0 1.30240
3250.0 2450.0 1.84387
3350.0 2450.0 2.29373
3450.0 2450.0 2.55328
3550.0 2450.0 2.56428
3650.0 2450.0 2.32778
3750.0 2450.0 1.90466
3850.0 2450.0 1.39824
3950.0 2450.0 0.91869
4050.0 2450.0 0.52930
4150.0 2450.0 0.18284
4250.0 2450.0 -0.20448
4350.0 2450.0 -0.61737
4450.0 2450.0 -0.98265
4550.0 2450.0 -1.21767
4650.0 2450.0 -1.26428
4750.0 2450.0 -1.10828
4850.0 2450.0 -0.78449
4950.0 2450.0 -0.36747
5050.0 2450.0 0.05220
5150.0 2450.0 0.40599
5250.0 2450.0 0.69761
5350.0 2450.0 0.93011
5450.0 2450.0 1.02139
5550.0 2450.0 0.94097
5650.0 2450.0 0.70877
5750.0 2450.0 0.37954
5850.0 2450.0 0.02742
5950.0 2450.0 -0.26926
6050.0 2450.0 -0.44294
6150.0 2450.0 -0.45163
6250.0 2450.0 -0.29346
6350.0 2450.0 -0.02100
50.0 2550.0 1.59943
150.0 2550.0 1.37653
250.0 2550.0 0.96891
350.0 2550.0 0.45540
450.0 2550.0 -0.06025
550.0 2550.0 -0.48428
650.0 2550.0 -0.78241
750.0 2550.0 -1.01331
850.0 2550.0 -1.12145
950.0 2550.0 -1.02342
1050.0 2550.0 -0.71972
1150.0 2550.0 -0.26841
1250.0 2550.0 0.24013
1350.0 2550.0 0.70572
1450.0 2550.0 1.03831
1550.0 2550.0 1.17515
1650.0 2550.0 1.09540
1750.0 2550.0 0.83201
1850.0 2550.0 0.47753
1950.0 2550.0 0.06157
2050.0 2550.0 -0.44531
2150.0 2550.0 -0.97493
2250.0 2550.0 -1.41602
2350.0 2550.0 -1.66670
2450.0 2550.0 -1.66891
2550.0 2550.0 -1.42473
2650.0 2550.0 -0.99477
2750.0 2550.0 -0.47836
2850.0 2550.0 0.02423
2950.0 2550.0 0.46763
3050.0 2550.0 0.91612
3150.0 2550.0 1.43213
3250.0 2550.0 1.97052
3350.0 2550.0 2.43303
3450.0 2550.0 2.72202
3550.0 2550.0 2.77678
3650.0 2550.0 2.59262
3750.0 2550.0 2.22253
3850.0 2550.0 1.76158
3950.0 2550.0 1.31394
4050.0 2550.0 0.94261
4150.0 2550.0 0.60888
4250.0 2550.0 0.23689
4350.0 2550.0 -0.15711
4450.0 2550.0 -0.50160
4550.0 2550.0 -0.71673
4650.0 2550.0 -0.74700
4750.0 2550.0 -0.58000
4850.0 2550.0 -0.25105
4950.0 2550.0 0.16611
5050.0 2550.0 0.58271
5150.0 2550.0 0.93229
5250.0 2550.0 1.21966
5350.0 2550.0 1.44186
5450.0 2550.0 1.50625
5550.0 2550.0 1.37816
5650.0 2550.0 1.07924
5750.0 2550.0 0.67021
5850.0 2550.0 0.23386
5950.0 2550.0 -0.14193
6050.0 2550.0 -0.38098
6150.0 2550.0 -0.43554
6250.0 2550.0 -0.30281
6350.0 2550.0 -0.04147
50.0 2650.0 1.13595
150.0 2650.0 0.89795
250.0 2650.0 0.50762
350.0 2650.0 0.03516
450.0 2650.0 -0.42970
550.0 2650.0 -0.80779
650.0 2650.0 -1.07258
750.0 2650.0 -1.27525
850.0 2650.0 -1.34530
950.0 2650.0 -1.19393
1050.0 2650.0 -0.82404
1150.0 2650.0 -0.30036
1250.0 2650.0 0.27857
1350.0 2650.0 0.80512
1450.0 2650.0 1.18407
1550.0 2650.0 1.35065
1650.0 2650.0 1.28542
1750.0 2650.0 1.02576
1850.0 2650.0 0.67073
1950.0 2650.0 0.25830
2050.0 2650.0 -0.23646
2150.0 2650.0 -0.74808
2250.0 2650.0 -1.17156
2350.0 2650.0 -1.41176
2450.0 2650.0 -1.41564
2550.0 2650.0 -1.18734
2650.0 2650.0 -0.78619
2750.0 2650.0 -0.30757
2850.0 2650.0 0.15337
2950.0 2650.0 0.55509
3050.0 2650.0 0.96324
3150.0 2650.0 1.44650
3250.0 2650.0 1.96927
3350.0 2650.0 2.44122
3450.0 2650.0 2.76808
3550.0 2650.0 2.88655
3650.0 2650.0 2.78344
3750.0 2650.0 2.49888
3850.0 2650.0 2.11378
3950.0 2650.0 1.72139
4050.0 2650.0 1.38307
4150.0 2650.0 1.07341
4250.0 2650.0 0.72735
4350.0 2650.0 0.36045
4450.0 2650.0 0.04052
4550.0 2650.0 -0.15669
4650.0 2650.0 -0.17858
4750.0 2650.0 -0.01338
4850.0 2650.0 0.30541
4950.0 2650.0 0.70785
5050.0 2650.0 1.10972
5150.0 2650.0 1.44801
5250.0 2650.0 1.72713
5350.0 2650.0 1.93654
5450.0 2650.0 1.97458
5550.0 2650.0 1.80270
5650.0 2650.0 1.44338
5750.0 2650.0 0.96183
5850.0 2650.0 0.44783
5950.0 2650.0 -0.00264
6050.0 2650.0 -0.30578
6150.0 2650.0 -0.40840
6250.0 2650.0 -0.30637
6350.0 2650.0 -0.06327
50.0 2750.0 0.53593
150.0 2750.0 0.32715
250.0 2750.0 0.00987
350.0 2750.0 -0.36378
450.0 2750.0 -0.72822
550.0 2750.0 -1.02627
650.0 2750.0 -1.23978
750.0 2750.0 -1.40305
850.0 2750.0 -1.42946
950.0 2750.0 -1.22996
1050.0 2750.0 -0.81201
1150.0 2750.0 -0.24621
1250.0 2750.0 0.36405
1350.0 2750.0 0.90895
1450.0 2750.0 1.29414
1550.0 2750.0 1.45858
1650.0 2750.0 1.38803
1750.0 2750.0 1.12446
1850.0 2750.0 0.76802
1950.0 2750.0 0.36140
2050.0 2750.0 -0.11340
2150.0 2750.0 -0.59437
2250.0 2750.0 -0.98577
2350.0 2750.0 -1.20282
2450.0 2750.0 -1.20062
2550.0 2750.0 -0.98728
2650.0 2750.0 -0.62121
2750.0 2750.0 -0.19269
2850.0 2750.0 0.21045
2950.0 2750.0 0.55285
3050.0 2750.0 0.90245
3150.0 2750.0 1.33409
3250.0 2750.0 1.82414
3350.0 2750.0 2.29378
3450.0 2750.0 2.65503
3550.0 2750.0 2.84321
3650.0 2750.0 2.83554
3750.0 2750.0 2.65622
3850.0 2750.0 2.36765
3950.0 2750.0 2.04804
4050.0 2750.0 1.75528
4150.0 2750.0 1.47984
4250.0 2750.0 1.16895
4350.0 2750.0 0.83563
4450.0 2750.0 0.54220
4550.0 2750.0 0.35915
4650.0 2750.0 0.33626
4750.0 2750.0 0.48594
4850.0 2750.0 0.77884
4950.0 2750.0 1.15170
5050.0 2750.0 1.52750
5150.0 2750.0 1.84781
5250.0 2750.0 2.11508
5350.0 2750.0 2.31097
5450.0 2750.0 2.32863
5550.0 2750.0 2.12679
5650.0 2750.0 1.72740
5750.0 2750.0 1.19737
5850.0 2750.0 0.62986
5950.0 2750.0 0.12541
6050.0 2750.0 -0.22737
6150.0 2750.0 -0.37137
6250.0 2750.0 -0.30088
6350.0 2750.0 -0.08177
50.0 2850.0 -0.11389
150.0 2850.0 -0.25509
250.0 2850.0 -0.45383
350.0 2850.0 -0.68338
450.0 2850.0 -0.90963
550.0 2850.0 -1.10260
650.0 2850.0 -1.25233
750.0 2850.0 -1.36914
850.0 2850.0 -1.35139
950.0 2850.0 -1.11538
1050.0 2850.0 -0.67486
1150.0 2850.0 -0.10477
1250.0 2850.0 0.49095
1350.0 2850.0 1.00607
1450.0 2850.0 1.35360
1550.0 2850.0 1.48186
1650.0 2850.0 1.38534
1750.0 2850.0 1.11014
1850.0 2850.0 0.75155
1950.0 2850.0 0.35261
2050.0 2850.0 -0.09571
2150.0 2850.0 -0.53520
2250.0 2850.0 -0.88147
2350.0 2850.0 -1.06285
2450.0 2850.0 -1.04515
2550.0 2850.0 -0.84222
2650.0 2850.0 -0.51225
2750.0 2850.0 -0.13992
2850.0 2850.0 0.19565
2950.0 2850.0 0.46723
3050.0 2850.0 0.74569
3150.0 2850.0 1.10997
3250.0 2850.0 1.54892
3350.0 2850.0 1.99765
3450.0 2850.0 2.37747
3550.0 2850.0 2.62461
3650.0 2850.0 2.70786
3750.0 2850.0 2.63508
3850.0 2850.0 2.44849
3950.0 2850.0 2.20894
4050.0 2850.0 1.96889
4150.0 2850.0 1.73432
4250.0 2850.0 1.46426
4350.0 2850.0 1.16774
4450.0 2850.0 0.90028
4550.0 2850.0 0.72653
4650.0 2850.0 0.69373
4750.0 2850.0 0.81613
4850.0 2850.0 1.07038
4950.0 2850.0 1.40210
5050.0 2850.0 1.74327
5150.0 2850.0 2.04081
5250.0 2850.0 2.29388
5350.0 2850.0 2.47759
5450.0 2850.0 2.48553
5550.0 2850.0 2.27549
5650.0 2850.0 1.86743
5750.0 2850.0 1.32616
5850.0 2850.0 0.74336
5950.0 2850.0 0.21907
6050.0 2850.0 -0.15753
6150.0 2850.0 -0.32792
6250.0 2850.0 -0.28468
6350.0 2850.0 -0.09254
50.0 2950.0 -0.71823
150.0 2950.0 -0.76747
250.0 2950.0 -0.82198
350.0 2950.0 -0.88393
450.0 2950.0 -0.95394
550.0 2950.0 -1.03093
650.0 2950.0 -1.11241
750.0 2950.0 -1.18118
850.0 2950.0 -1.12377
950.0 2950.0 -0.86663
1050.0 2950.0 -0.43081
1150.0 2950.0 0.10651
1250.0 2950.0 0.64489
1350.0 2950.0 1.08704
1450.0 2950.0 1.35868
1550.0 2950.0 1.42195
1650.0 2950.0 1.28241
1750.0 2950.0 0.98941
1850.0 2950.0 0.62821
1950.0 2950.0 0.23805
2050.0 2950.0 -0.17996
2150.0 2950.0 -0.57124
2250.0 2950.0 -0.86351
2350.0 2950.0 -0.99952
2450.0 2950.0 -0.95728
2550.0 2950.0 -0.75764
2650.0 2950.0 -0.45943
2750.0 2950.0 -0.14206
2850.0 2950.0 0.12451
2950.0 2950.0 0.32224
3050.0 2950.0 0.52512
3150.0 2950.0 0.81274
3250.0 2950.0 1.18486
3350.0 2950.0 1.59142
3450.0 2950.0 1.96529
3550.0 2950.0 2.24665
3650.0 2950.0 2.39879
3750.0 2950.0 2.41559
3850.0 2950.0 2.32042
3950.0 2950.0 2.15665
4050.0 2950.0 1.96966
4150.0 2950.0 1.77776
4250.0 2950.0 1.54954
4350.0 2950.0 1.28913
4450.0 2950.0 1.04480
4550.0 2950.0 0.87544
4650.0 2950.0 0.82620
4750.0 2950.0 0.91397
4850.0 2950.0 1.12247
4950.0 2950.0 1.40714
5050.0 2950.0 1.70971
5150.0 2950.0 1.98256
5250.0 2950.0 2.22077
5350.0 2950.0 2.39543
5450.0 2950.0 2.40657
5550.0 2950.0 2.21322
5650.0 2950.0 1.83193
5750.0 2950.0 1.32161
5850.0 2950.0 0.76731
5950.0 2950.0 0.26312
6050.0 2950.0 -0.10590
6150.0 2950.0 -0.28276
6250.0 2950.0 -0.25847
6350.0 2950.0 -0.09295
50.0 3050.0 -1.19437
150.0 3050.0 -1.14681
250.0 3050.0 -1.05687
350.0 3050.0 -0.95477
450.0 3050.0 -0.87406
550.0 3050.0 -0.84068
650.0 3050.0 -0.85833
750.0 3050.0 -0.88327
850.0 3050.0 -0.79458
950.0 3050.0 -0.53174
1050.0 3050.0 -0.12311
1150.0 3050.0 0.35388
1250.0 3050.0 0.80538
1350.0 3050.0 1.14645
1450.0 3050.0 1.31861
1550.0 3050.0 1.30002
1650.0 3050.0 1.10799
1750.0 3050.0 0.79405
1850.0 3050.0 0.43013
1950.0 3050.0 0.04883
2050.0 3050.0 -0.33861
2150.0 3050.0 -0.68054
2250.0 3050.0 -0.91612
2350.0 3050.0 -1.00217
2450.0 3050.0 -0.92886
2550.0 3050.0 -0.72456
2650.0 3050.0 -0.44958
2750.0 3050.0 -0.17899
2850.0 3050.0 0.02566
2950.0 3050.0 0.15553
3050.0 3050.0 0.28747
3150.0 3050.0 0.49763
3250.0 3050.0 0.79356
3350.0 3050.0 1.13907
3450.0 3050.0 1.47979
3550.0 3050.0 1.76274
3650.0 3050.0 1.94980
3750.0 3050.0 2.02535
3850.0 3050.0 1.99780
3950.0 3050.0 1.89522
4050.0 3050.0 1.75489
4150.0 3050.0 1.60228
4250.0 3050.0 1.41208
4350.0 3050.0 1.18341
4450.0 3050.0 0.95782
4550.0 3050.0 0.78904
4650.0 3050.0 0.72071
4750.0 3050.0 0.77261
4850.0 3050.0 0.93545
4950.0 3050.0 1.17413
5050.0 3050.0 1.43957
5150.0 3050.0 1.68909
5250.0 3050.0 1.91361
5350.0 3050.0 2.08331
5450.0 3050.0 2.10978
5550.0 3050.0 1.95512
5650.0 3050.0 1.63160
5750.0 3050.0 1.18926
5850.0 3050.0 0.70232
5950.0 3050.0 0.25439
6050.0 3050.0 -0.07765
6150.0 3050.0 -0.24097
6250.0 3050.0 -0.22532
6350.0 3050.0 -0.08285
50.0 3150.0 -1.48773
150.0 3150.0 -1.35978
250.0 3150.0 -1.15148
350.0 3150.0 -0.91580
450.0 3150.0 -0.71290
550.0 3150.0 -0.59040
650.0 3150.0 -0.55676
750.0 3150.0 -0.54702
850.0 3150.0 -0.43740
950.0 3150.0 -0.18067
1050.0 3150.0 0.18856
1150.0 3150.0 0.59401
1250.0 3150.0 0.94974
1350.0 3150.0 1.18385
1450.0 3150.0 1.25367
1550.0 3150.0 1.15264
1650.0 3150.0 0.90874
1750.0 3150.0 0.57454
1850.0 3150.0 0.20824
1950.0 3150.0 -0.16522
2050.0 3150.0 -0.52553
2150.0 3150.0 -0.82301
2250.0 3150.0 -1.00627
2350.0 3150.0 -1.04406
2450.0 3150.0 -0.93732
2550.0 3150.0 -0.72145
2650.0 3150.0 -0.45886
2750.0 3150.0 -0.22170
2850.0 3150.0 -0.06482
2950.0 3150.0 0.01103
3050.0 3150.0 0.08489
3150.0 3150.0 0.22578
3250.0 3150.0 0.44492
3350.0 3150.0 0.71748
3450.0 3150.0 1.00157
3550.0 3150.0 1.25313
3650.0 3150.0 1.43694
3750.0 3150.0 1.53347
3850.0 3150.0 1.54184
3950.0 3150.0 1.47871
4050.0 3150.0 1.37319
4150.0 3150.0 1.25195
4250.0 3150.0 1.09189
4350.0 3150.0 0.88789
4450.0 3150.0 0.67606
4550.0 3150.0 0.50611
4650.0 3150.0 0.42065
4750.0 3150.0 0.44201
4850.0 3150.0 0.56670
4950.0 3150.0 0.76737
5050.0 3150.0 1.00239
5150.0 3150.0 1.23297
5250.0 3150.0 1.44658
5350.0 3150.0 1.61547
5450.0 3150.0 1.66562
5550.0 3150.0 1.56349
5650.0 3150.0 1.31678
5750.0 3150.0 0.96529
5850.0 3150.0 0.57024
5950.0 3150.0 0.20220
6050.0 3150.0 -0.07251
6150.0 3150.0 -0.20693
6250.0 3150.0 -0.19001
6350.0 3150.0 -0.06461
50.0 3250.0 -1.58186
150.0 3250.0 -1.40789
250.0 3250.0 -1.12829
350.0 3250.0 -0.81023
450.0 3250.0 -0.53079
550.0 3250.0 -0.35166
650.0 3250.0 -0.28483
750.0 3250.0 -0.25260
850.0 3250.0 -0.13222
950.0 3250.0 0.11275
1050.0 3250.0 0.44326
1150.0 3250.0 0.78480
1250.0 3250.0 1.05854
1350.0 3250.0 1.20344
1450.0 3250.0 1.18950
1550.0 3250.0 1.02202
1650.0 3250.0 0.73686
1750.0 3250.0 0.38681
1850.0 3250.0 0.01879
1950.0 3250.0 -0.34870
2050.0 3250.0 -0.68836
2150.0 3250.0 -0.95135
2250.0 3250.0 -1.09279
2350.0 3250.0 -1.09005
2450.0 3250.0 -0.95218
2550.0 3250.0 -0.72033
2650.0 3250.0 -0.45926
2750.0 3250.0 -0.23978
2850.0 3250.0 -0.11237
2950.0 3250.0 -0.07170
3050.0 3250.0 -0.03747
3150.0 3250.0 0.04961
3250.0 3250.0 0.20032
3350.0 3250.0 0.39757
3450.0 3250.0 0.61020
3550.0 3250.0 0.80404
3650.0 3250.0 0.95025
3750.0 3250.0 1.03095
3850.0 3250.0 1.04221
3950.0 3250.0 0.99417
4050.0 3250.0 0.90867
4150.0 3250.0 0.80798
4250.0 3250.0 0.66777
4350.0 3250.0 0.48011
4450.0 3250.0 0.27753
4550.0 3250.0 0.10710
4650.0 3250.0 0.01071
4750.0 3250.0 0.01234
4850.0 3250.0 0.11226
4950.0 3250.0 0.28819
5050.0 3250.0 0.50336
5150.0 3250.0 0.72155
5250.0 3250.0 0.92806
5350.0 3250.0 1.09942
5450.0 3250.0 1.17610
5550.0 3250.0 1.12916
5650.0 3250.0 0.96227
5750.0 3250.0 0.70543
5850.0 3250.0 0.40718
5950.0 3250.0 0.12510
6050.0 3250.0 -0.08533
6150.0 3250.0 -0.18345
6250.0 3250.0 -0.15784
6350.0 3250.0 -0.04232
50.0 3350.0 -1.50297
150.0 3350.0 -1.32565
250.0 3350.0 -1.03016
350.0 3350.0 -0.68818
450.0 3350.0 -0.38320
550.0 3350.0 -0.18295
650.0 3350.0 -0.10206
750.0 3350.0 -0.05967
850.0 3350.0 0.06352
950.0 3350.0 0.29741
1050.0 3350.0 0.60071
1150.0 3350.0 0.90046
1250.0 3350.0 1.12244
1350.0 3350.0 1.21236
1450.0 3350.0 1.14772
1550.0 3350.0 0.94060
1650.0 3350.0 0.63117
1750.0 3350.0 0.27195
1850.0 3350.0 -0.09697
1950.0 3350.0 -0.46074
2050.0 3350.0 -0.78745
2150.0 3350.0 -1.02821
2250.0 3350.0 -1.14144
2350.0 3350.0 -1.10943
2450.0 3350.0 -0.94625
2550.0 3350.0 -0.69704
2650.0 3350.0 -0.42877
2750.0 3350.0 -0.21237
2850.0 3350.0 -0.09630
2950.0 3350.0 -0.07152
3050.0 3350.0 -0.05747
3150.0 3350.0 -0.00565
3250.0 3350.0 0.09092
3350.0 3350.0 0.21907
3450.0 3350.0 0.35580
3550.0 3350.0 0.47649
3650.0 3350.0 0.56091
3750.0 3350.0 0.59724
3850.0 3350.0 0.58390
3950.0 3350.0 0.52930
4050.0 3350.0 0.44946
4150.0 3350.0 0.35825
4250.0 3350.0 0.22760
4350.0 3350.0 0.04854
4450.0 3350.0 -0.14797
4550.0 3350.0 -0.31626
4650.0 3350.0 -0.41502
4750.0 3350.0 -0.41983
4850.0 3350.0 -0.32900
4950.0 3350.0 -0.16275
5050.0 3350.0 0.04429
5150.0 3350.0 0.25714
5250.0 3350.0 0.46046
5350.0 3350.0 0.63624
5450.0 3350.0 0.73700
5550.0 3350.0 0.73791
5650.0 3350.0 0.63958
5750.0 3350.0 0.46425
5850.0 3350.0 0.25009
5950.0 3350.0 0.04386
6050.0 3350.0 -0.10813
6150.0 3350.0 -0.17078
6250.0 3350.0 -0.13267
6350.0 3350.0 -0.02028
50.0 3450.0 -1.31888
150.0 3450.0 -1.17199
250.0 3450.0 -0.90315
350.0 3450.0 -0.58136
450.0 3450.0 -0.28877
550.0 3450.0 -0.09348
650.0 3450.0 -0.01227
750.0 3450.0 0.03174
850.0 3450.0 0.15343
950.0 3450.0 0.38011
1050.0 3450.0 0.66986
1150.0 3450.0 0.95069
1250.0 3450.0 1.15050
1350.0 3450.0 1.21773
1450.0 3450.0 1.13282
1550.0 3450.0 0.91028
1650.0 3450.0 0.59164
1750.0 3450.0 0.22905
1850.0 3450.0 -0.14012
1950.0 3450.0 -0.50189
2050.0 3450.0 -0.82165
2150.0 3450.0 -1.04980
2250.0 3450.0 -1.14585
2350.0 3450.0 -1.09422
2450.0 3450.0 -0.91160
2550.0 3450.0 -0.64566
2650.0 3450.0 -0.36533
2750.0 3450.0 -0.14256
2850.0 3450.0 -0.02546
2950.0 3450.0 -0.00304
3050.0 3450.0 0.00475
3150.0 3450.0 0.03572
3250.0 3450.0 0.09112
3350.0 3450.0 0.15899
3450.0 3450.0 0.22226
3550.0 3450.0 0.26497
3650.0 3450.0 0.27635
3750.0 3450.0 0.25303
3850.0 3450.0 0.19913
3950.0 3450.0 0.12447
4050.0 3450.0 0.04067
4150.0 3450.0 -0.04884
4250.0 3450.0 -0.17699
4350.0 3450.0 -0.35244
4450.0 3450.0 -0.54441
4550.0 3450.0 -0.70773
4650.0 3450.0 -0.80171
4750.0 3450.0 -0.80249
4850.0 3450.0 -0.70875
4950.0 3450.0 -0.54083
5050.0 3450.0 -0.33325
5150.0 3450.0 -0.12062
5250.0 3450.0 0.08227
5350.0 3450.0 0.26304
5450.0 3450.0 0.38344
5550.0 3450.0 0.42180
5650.0 3450.0 0.37675
5750.0 3450.0 0.26488
5850.0 3450.0 0.11668
5950.0 3450.0 -0.02922
6050.0 3450.0 -0.13356
6150.0 3450.0 -0.16566
6250.0 3450.0 -0.11437
6350.0 3450.0 -0.00069
50.0 3550.0 -1.08816
150.0 3550.0 -0.98406
250.0 3550.0 -0.75706
350.0 3550.0 -0.47087
450.0 3550.0 -0.20354
550.0 3550.0 -0.02156
650.0 3550.0 0.05614
750.0 3550.0 0.09984
850.0 3550.0 0.21963
950.0 3550.0 0.44153
1050.0 3550.0 0.72338
1150.0 3550.0 0.99377
1250.0 3550.0 1.18171
1350.0 3550.0 1.23704
1450.0 3550.0 1.14160
1550.0 3550.0 0.91106
1650.0 3550.0 0.58752
1750.0 3550.0 0.22289
1850.0 3550.0 -0.14682
1950.0 3550.0 -0.50801
2050.0 3550.0 -0.82442
2150.0 3550.0 -1.04558
2250.0 3550.0 -1.13104
2350.0 3550.0 -1.06606
2450.0 3550.0 -0.86870
2550.0 3550.0 -0.58835
2650.0 3550.0 -0.29562
2750.0 3550.0 -0.06371
2850.0 3550.0 0.05887
2950.0 3550.0 0.08412
3050.0 3550.0 0.09107
3150.0 3550.0 0.10665
3250.0 3550.0 0.12588
3350.0 3550.0 0.13719
3450.0 3550.0 0.12888
3550.0 3550.0 0.09339
3650.0 3550.0 0.02971
3750.0 3550.0 -0.05640
3850.0 3550.0 -0.15410
3950.0 3550.0 -0.25129
4050.0 3550.0 -0.34036
4150.0 3550.0 -0.42896
4250.0 3550.0 -0.55545
4350.0 3550.0 -0.72832
4450.0 3550.0 -0.91710
4550.0 3550.0 -1.07718
4650.0 3550.0 -1.16848
4750.0 3550.0 -1.16762
4850.0 3550.0 -1.07347
4950.0 3550.0 -0.90630
5050.0 3550.0 -0.70034
5150.0 3550.0 -0.48979
5250.0 3550.0 -0.28899
5350.0 3550.0 -0.10516
5450.0 3550.0 0.03232
5550.0 3550.0 0.10516
5650.0 3550.0 0.11045
5750.0 3550.0 0.05962
5850.0 3550.0 -0.02413
5950.0 3550.0 -0.11018
6050.0 3550.0 -0.16639
6150.0 3550.0 -0.16681
6250.0 3550.0 -0.10091
6350.0 3550.0 0.01547
50.0 3650.0 -0.73859
150.0 3650.0 -0.69698
250.0 3650.0 -0.53680
350.0 3650.0 -0.31153
450.0 3650.0 -0.09009
550.0 3650.0 0.06632
650.0 3650.0 0.13666
750.0 3650.0 0.17963
850.0 3650.0 0.29936
950.0 3650.0 0.52203
1050.0 3650.0 0.80528
1150.0 3650.0 1.07724
1250.0 3650.0 1.26643
1350.0 3650.0 1.32230
1450.0 3650.0 1.22643
1550.0 3650.0 0.99448
1650.0 3650.0 0.66873
1750.0 3650.0 0.30139
1850.0 3650.0 -0.07126
1950.0 3650.0 -0.43716
2050.0 3650.0 -0.76170
2150.0 3650.0 -0.99315
2250.0 3650.0 -1.08837
2350.0 3650.0 -1.02982
2450.0 3650.0 -0.83354
2550.0 3650.0 -0.54823
2650.0 3650.0 -0.24519
2750.0 3650.0 0.00055
2850.0 3650.0 0.13826
2950.0 3650.0 0.17839
3050.0 3650.0 0.19681
3150.0 3650.0 0.20884
3250.0 3650.0 0.20230
3350.0 3650.0 0.16514
3450.0 3650.0 0.09044
3550.0 3650.0 -0.02080
3650.0 3650.0 -0.15916
3750.0 3650.0 -0.30848
3850.0 3650.0 -0.44978
3950.0 3650.0 -0.56748
4050.0 3650.0 -0.65771
4150.0 3650.0 -0.74041
4250.0 3650.0 -0.86111
4350.0 3650.0 -1.03015
4450.0 3650.0 -1.21962
4550.0 3650.0 -1.38695
4650.0 3650.0 -1.49281
4750.0 3650.0 -1.51288
4850.0 3650.0 -1.44361
4950.0 3650.0 -1.30181
5050.0 3650.0 -1.11829
5150.0 3650.0 -0.92535
5250.0 3650.0 -0.73863
5350.0 3650.0 -0.56254
5450.0 3650.0 -0.41568
5550.0 3650.0 -0.31083
5650.0 3650.0 -0.25123
5750.0 3650.0 -0.23066
5850.0 3650.0 -0.23466
5950.0 3650.0 -0.24317
6050.0 3650.0 -0.23445
6150.0 3650.0 -0.19030
6250.0 3650.0 -0.10259
6350.0 3650.0 0.01890
50.0 3750.0 -0.25686
150.0 3750.0 -0.29817
250.0 3750.0 -0.23346
350.0 3750.0 -0.09975
450.0 3750.0 0.05006
550.0 3750.0 0.16517
650.0 3750.0 0.22306
750.0 3750.0 0.26468
850.0 3750.0 0.38666
950.0 3750.0 0.61732
1050.0 3750.0 0.91406
1150.0 3750.0 1.20322
1250.0 3750.0 1.41065
1350.0 3750.0 1.48302
1450.0 3750.0 1.39954
1550.0 3750.0 1.17435
1650.0 3750.0 0.84941
1750.0 3750.0 0.47801
1850.0 3750.0 0.09886
1950.0 3750.0 -0.27940
2050.0 3750.0 -0.62833
2150.0 3750.0 -0.89429
2250.0 3750.0 -1.02748
2350.0 3750.0 -1.00237
2450.0 3750.0 -0.82822
2550.0 3750.0 -0.54971
2650.0 3750.0 -0.23769
2750.0 3750.0 0.03002
2850.0 3750.0 0.19770
2950.0 3750.0 0.27067
3050.0 3750.0 0.31914
3150.0 3750.0 0.34649
3250.0 3750.0 0.33243
3350.0 3750.0 0.26302
3450.0 3750.0 0.13500
3550.0 3750.0 -0.04261
3650.0 3750.0 -0.24955
3750.0 3750.0 -0.45811
3850.0 3750.0 -0.63950
3950.0 3750.0 -0.77302
4050.0 3750.0 -0.85785
4150.0 3750.0 -0.92718
4250.0 3750.0 -1.03481
4350.0 3750.0 -1.19520
4450.0 3750.0 -1.38612
4550.0 3750.0 -1.56964
4650.0 3750.0 -1.70811
4750.0 3750.0 -1.77519
4850.0 3750.0 -1.76180
4950.0 3750.0 -1.67701
5050.0 3750.0 -1.54395
5150.0 3750.0 -1.39059
5250.0 3750.0 -1.23572
5350.0 3750.0 -1.08432
5450.0 3750.0 -0.94281
5550.0 3750.0 -0.81581
5650.0 3750.0 -0.70480
5750.0 3750.0 -0.60793
5850.0 3750.0 -0.52036
5950.0 3750.0 -0.43511
6050.0 3750.0 -0.34446
6150.0 3750.0 -0.24178
6250.0 3750.0 -0.12392
6350.0 3750.0 0.00585
50.0 3850.0 0.29597
150.0 3850.0 0.16346
250.0 3850.0 0.11567
350.0 3850.0 0.13691
450.0 3850.0 0.19607
550.0 3850.0 0.25767
650.0 3850.0 0.29890
750.0 3850.0 0.33851
850.0 3850.0 0.46452
950.0 3850.0 0.70894
1050.0 3850.0 1.02891
1150.0 3850.0 1.34772
1250.0 3850.0 1.58684
1350.0 3850.0 1.68817
1450.0 3850.0 1.62684
1550.0 3850.0 1.41431
1650.0 3850.0 1.09190
1750.0 3850.0 0.71467
1850.0 3850.0 0.32544
1950.0 3850.0 -0.07246
2050.0 3850.0 -0.46087
2150.0 3850.0 -0.78344
2250.0 3850.0 -0.97987
2350.0 3850.0 -1.01177
2450.0 3850.0 -0.87725
2550.0 3850.0 -0.61417
2650.0 3850.0 -0.29205
2750.0 3850.0 0.00726
2850.0 3850.0 0.22033
2950.0 3850.0 0.34407
3050.0 3850.0 0.44131
3150.0 3850.0 0.50444
3250.0 3850.0 0.50475
3350.0 3850.0 0.42496
3450.0 3850.0 0.26375
3550.0 3850.0 0.03688
3650.0 3850.0 -0.22517
3750.0 3850.0 -0.48281
3850.0 3850.0 -0.69645
3950.0 3850.0 -0.83889
4050.0 3850.0 -0.91122
4150.0 3850.0 -0.95960
4250.0 3850.0 -1.04543
4350.0 3850.0 -1.18833
4450.0 3850.0 -1.37473
4550.0 3850.0 -1.57436
4650.0 3850.0 -1.75319
4750.0 3850.0 -1.88298
4850.0 3850.0 -1.94732
4950.0 3850.0 -1.94427
5050.0 3850.0 -1.88553
5150.0 3850.0 -1.79214
5250.0 3850.0 -1.68662
5350.0 3850.0 -1.57798
5450.0 3850.0 -1.46085
5550.0 3850.0 -1.32988
5650.0 3850.0 -1.18222
5750.0 3850.0 -1.01835
5850.0 3850.0 -0.84225
5950.0 3850.0 -0.66071
6050.0 3850.0 -0.48206
6150.0 3850.0 -0.31401
6250.0 3850.0 -0.16092
6350.0 3850.0 -0.02023
50.0 3950.0 0.82911
150.0 3950.0 0.61375
250.0 3950.0 0.45457
350.0 3950.0 0.35919
450.0 3950.0 0.32150
550.0 3950.0 0.32456
650.0 3950.0 0.34704
750.0 3950.0 0.38410
850.0 3950.0 0.51481
950.0 3950.0 0.77563
1050.0 3950.0 1.12328
1150.0 3950.0 1.47740
1250.0 3950.0 1.75408
1350.0 3950.0 1.88956
1450.0 3950.0 1.85408
1550.0 3950.0 1.65597
1650.0 3950.0 1.33581
1750.0 3950.0 0.95086
1850.0 3950.0 0.54888
1950.0 3950.0 0.12626
2050.0 3950.0 -0.31164
2150.0 3950.0 -0.70495
2250.0 3950.0 -0.98013
2350.0 3950.0 -1.08269
2450.0 3950.0 -0.99681
2550.0 3950.0 -0.75187
2650.0 3950.0 -0.41590
2750.0 3950.0 -0.07590
2850.0 3950.0 0.19489
2950.0 3950.0 0.38290
3050.0 3950.0 0.54324
3150.0 3950.0 0.65953
3250.0 3950.0 0.69509
3350.0 3950.0 0.62818
3450.0 3950.0 0.45752
3550.0 3950.0 0.20357
3650.0 3950.0 -0.09452
3750.0 3950.0 -0.38616
3850.0 3950.0 -0.62093
3950.0 3950.0 -0.76439
4050.0 3950.0 -0.81819
4150.0 3950.0 -0.83981
4250.0 3950.0 -0.89552
4350.0 3950.0 -1.00946
4450.0 3950.0 -1.17868
4550.0 3950.0 -1.38350
4650.0 3950.0 -1.59616
4750.0 3950.0 -1.78807
4850.0 3950.0 -1.93567
4950.0 3950.0 -2.02472
5050.0 3950.0 -2.05332
5150.0 3950.0 -2.03335
5250.0 3950.0 -1.99016
5350.0 3950.0 -1.93920
5450.0 3950.0 -1.86604
5550.0 3950.0 -1.75480
5650.0 3950.0 -1.59588
5750.0 3950.0 -1.38912
5850.0 3950.0 -1.14464
5950.0 3950.0 -0.88134
6050.0 3950.0 -0.62321
6150.0 3950.0 -0.39321
6250.0 3950.0 -0.20495
6350.0 3950.0 -0.05203
50.0 4050.0 1.25587
150.0 4050.0 0.98089
250.0 4050.0 0.72934
350.0 4050.0 0.53085
450.0 4050.0 0.40417
550.0 4050.0 0.35193
650.0 4050.0 0.35610
750.0 4050.0 0.39029
850.0 4050.0 0.52515
950.0 4050.0 0.80130
1050.0 4050.0 1.17492
1150.0 4050.0 1.56198
1250.0 4050.0 1.87334
1350.0 4050.0 2.03980
1450.0 4050.0 2.02703
1550.0 4050.0 1.84055
1650.0 4050.0 1.52044
1750.0 4050.0 1.12619
1850.0 4050.0 0.71020
1950.0 4050.0 0.26107
2050.0 4050.0 -0.22911
2150.0 4050.0 -0.69637
2250.0 4050.0 -1.05288
2350.0 4050.0 -1.22699
2450.0 4050.0 -1.18834
2550.0 4050.0 -0.95779
2650.0 4050.0 -0.60234
2750.0 4050.0 -0.21506
2850.0 4050.0 0.12014
2950.0 4050.0 0.37867
3050.0 4050.0 0.60908
3150.0 4050.0 0.78918
3250.0 4050.0 0.87553
3350.0 4050.0 0.84131
3450.0 4050.0 0.68355
3550.0 4050.0 0.42517
3650.0 4050.0 0.11173
3750.0 4050.0 -0.19702
3850.0 4050.0 -0.44088
3950.0 4050.0 -0.57812
4050.0 4050.0 -0.60971
4150.0 4050.0 -0.60173
4250.0 4050.0 -0.62110
4350.0 4050.0 -0.69436
4450.0 4050.0 -0.82974
4550.0 4050.0 -1.02028
4650.0 4050.0 -1.24729
4750.0 4050.0 -1.48459
4850.0 4050.0 -1.70347
4950.0 4050.0 -1.87846
5050.0 4050.0 -1.99386
5150.0 4050.0 -2.05103
5250.0 4050.0 -2.07586
5350.0 4050.0 -2.09129
5450.0 4050.0 -2.07813
5550.0 4050.0 -2.01089
5650.0 4050.0 -1.87147
5750.0 4050.0 -1.65570
5850.0 4050.0 -1.37589
5950.0 4050.0 -1.05941
6050.0 4050.0 -0.74317
6150.0 4050.0 -0.46414
6250.0 4050.0 -0.24590
6350.0 4050.0 -0.08105
50.0 4150.0 1.51665
150.0 4150.0 1.21438
250.0 4150.0 0.90248
350.0 4150.0 0.62839
450.0 4150.0 0.43243
550.0 4150.0 0.33537
650.0 4150.0 0.32404
750.0 4150.0 0.35536
850.0 4150.0 0.49272
950.0 4150.0 0.77979
1050.0 4150.0 1.17207
1150.0 4150.0 1.58249
1250.0 4150.0 1.91780
1350.0 4150.0 2.10469
1450.0 4150.0 2.10561
1550.0 4150.0 1.92421
1650.0 4150.0 1.60058
1750.0 4150.0 1.19610
1850.0 4150.0 0.76653
1950.0 4150.0 0.29268
2050.0 4150.0 -0.24498
2150.0 4150.0 -0.77809
2250.0 4150.0 -1.20530
2350.0 4150.0 -1.43929
2450.0 4150.0 -1.43673
2550.0 4150.0 -1.21139
2650.0 4150.0 -0.83033
2750.0 4150.0 -0.39303
2850.0 4150.0 0.00622
2950.0 4150.0 0.33306
3050.0 4150.0 0.63175
3150.0 4150.0 0.87735
3250.0 4150.0 1.02127
3350.0 4150.0 1.03166
3450.0 4150.0 0.90269
3550.0 4150.0 0.65776
3650.0 4150.0 0.34645
3750.0 4150.0 0.03533
3850.0 4150.0 -0.20740
3950.0 4150.0 -0.33348
4050.0 4150.0 -0.34229
4150.0 4150.0 -0.30541
4250.0 4150.0 -0.28573
4350.0 4150.0 -0.30904
4450.0 4150.0 -0.39383
4550.0 4150.0 -0.54679
4650.0 4150.0 -0.76064
4750.0 4150.0 -1.01476
4850.0 4150.0 -1.27875
4950.0 4150.0 -1.51891
5050.0 4150.0 -1.70756
5150.0 4150.0 -1.83529
5250.0 4150.0 -1.92548
5350.0 4150.0 -2.00797
5450.0 4150.0 -2.06370
5550.0 4150.0 -2.05974
5650.0 4150.0 -1.96869
5750.0 4150.0 -1.77946
5850.0 4150.0 -1.50231
5950.0 4150.0 -1.16826
6050.0 4150.0 -0.82279
6150.0 4150.0 -0.51394
6250.0 4150.0 -0.27469
6350.0 4150.0 -0.09968
50.0 4250.0 1.59117
150.0 4250.0 1.29533
250.0 4250.0 0.96052
350.0 4250.0 0.64590
450.0 4250.0 0.40763
550.0 4250.0 0.28105
650.0 4250.0 0.25874
750.0 4250.0 0.28747
850.0 4250.0 0.42503
950.0 4250.0 0.71630
1050.0 4250.0 1.11602
1150.0 4250.0 1.53519
1250.0 4250.0 1.87834
1350.0 4250.0 2.07021
1450.0 4250.0 2.07196
1550.0 4250.0 1.88689
1650.0 4250.0 1.55564
1750.0 4250.0 1.14088
1850.0 4250.0 0.69976
1950.0 4250.0 0.20619
2050.0 4250.0 -0.36757
2150.0 4250.0 -0.94888
2250.0 4250.0 -1.42541
2350.0 4250.0 -1.69765
2450.0 4250.0 -1.71282
2550.0 4250.0 -1.48027
2650.0 4250.0 -1.06841
2750.0 4250.0 -0.58301
2850.0 4250.0 -0.12708
2950.0 4250.0 0.25780
3050.0 4250.0 0.61453
3150.0 4250.0 0.91780
3250.0 4250.0 1.11554
3350.0 4250.0 1.17154
3450.0 4250.0 1.07685
3550.0 4250.0 0.85409
3650.0 4250.0 0.55491
3750.0 4250.0 0.25042
3850.0 4250.0 0.01466
3950.0 4250.0 -0.09885
4050.0 4250.0 -0.08761
4150.0 4250.0 -0.02594
4250.0 4250.0 0.03131
4350.0 4250.0 0.06248
4450.0 4250.0 0.04103
4550.0 4250.0 -0.05284
4650.0 4250.0 -0.22449
4750.0 4250.0 -0.46177
4850.0 4250.0 -0.73662
4950.0 4250.0 -1.01137
5050.0 4250.0 -1.24979
5150.0 4250.0 -1.43267
5250.0 4250.0 -1.57771
5350.0 4250.0 -1.71960
5450.0 4250.0 -1.84374
5550.0 4250.0 -1.91255
5650.0 4250.0 -1.88983
5750.0 4250.0 -1.75580
5850.0 4250.0 -1.51507
5950.0 4250.0 -1.19758
6050.0 4250.0 -0.85242
6150.0 4250.0 -0.53466
6250.0 4250.0 -0.28505
6350.0 4250.0 -0.10270
50.0 4350.0 1.49982
150.0 4350.0 1.23810
250.0 4350.0 0.91511
350.0 4350.0 0.59504
450.0 4350.0 0.34289
550.0 4350.0 0.20369
650.0 4350.0 0.17568
750.0 4350.0 0.20236
850.0 4350.0 0.33759
950.0 4350.0 0.62544
1050.0 4350.0 1.01983
1150.0 4350.0 1.43124
1250.0 4350.0 1.76419
1350.0 4350.0 1.94391
1450.0 4350.0 1.93259
1550.0 4350.0 1.73474
1650.0 4350.0 1.39214
1750.0 4350.0 0.96797
1850.0 4350.0 0.51856
1950.0 4350.0 0.01245
2050.0 4350.0 -0.58181
2150.0 4350.0 -1.18779
2250.0 4350.0 -1.68587
2350.0 4350.0 -1.96932
2450.0 4350.0 -1.98052
2550.0 4350.0 -1.72772
2650.0 4350.0 -1.28201
2750.0 4350.0 -0.75473
2850.0 4350.0 -0.25513
2950.0 4350.0 0.17151
3050.0 4350.0 0.56961
3150.0 4350.0 0.91470
3250.0 4350.0 1.15248
3350.0 4350.0 1.24368
3450.0 4350.0 1.17682
3550.0 4350.0 0.97358
3650.0 4350.0 0.68663
3750.0 4350.0 0.38986
3850.0 4350.0 0.16117
3950.0 4350.0 0.05769
4050.0 4350.0 0.08346
4150.0 4350.0 0.16320
4250.0 4350.0 0.25255
4350.0 4350.0 0.33685
4450.0 4350.0 0.38457
4550.0 4350.0 0.36473
4650.0 4350.0 0.25944
4750.0 4350.0 0.07042
4850.0 4350.0 -0.18030
4950.0 4350.0 -0.45579
5050.0 4350.0 -0.71546
5150.0 4350.0 -0.93238
5250.0 4350.0 -1.11604
5350.0 4350.0 -1.30281
5450.0 4350.0 -1.48530
5550.0 4350.0 -1.62425
5650.0 4350.0 -1.67625
5750.0 4350.0 -1.61263
5850.0 4350.0 -1.43028
5950.0 4350.0 -1.15439
6050.0 4350.0 -0.83320
6150.0 4350.0 -0.52456
6250.0 4350.0 -0.27460
6350.0 4350.0 -0.08822
50.0 4450.0 1.29422
150.0 4450.0 1.08327
250.0 4450.0 0.79749
350.0 4450.0 0.50007
450.0 4450.0 0.25822
550.0 4450.0 0.12136
650.0 4450.0 0.09260
750.0 4450.0 0.11791
850.0 4450.0 0.24861
950.0 4450.0 0.52609
1050.0 4450.0 0.90350
1150.0 4450.0 1.29216
1250.0 4450.0 1.59862
1350.0 4450.0 1.75098
1450.0 4450.0 1.71443
1550.0 4450.0 1.49619
1650.0 4450.0 1.13959
1750.0 4450.0 0.70756
1850.0 4450.0 0.25354
1950.0 4450.0 -0.25732
2050.0 4450.0 -0.85568
2150.0 4450.0 -1.46203
2250.0 4450.0 -1.95356
2350.0 4450.0 -2.22151
2450.0 4450.0 -2.20827
2550.0 4450.0 -1.92420
2650.0 4450.0 -1.44419
2750.0 4450.0 -0.88400
2850.0 4450.0 -0.35631
2950.0 4450.0 0.09352
3050.0 4450.0 0.51372
3150.0 4450.0 0.88049
3250.0 4450.0 1.13809
3350.0 4450.0 1.24560
3450.0 4450.0 1.19043
3550.0 4450.0 0.99415
3650.0 4450.0 0.71039
3750.0 4450.0 0.41496
3850.0 4450.0 0.18809
3950.0 4450.0 0.08897
4050.0 4450.0 0.12228
4150.0 4450.0 0.21231
4250.0 4450.0 0.32569
4350.0 4450.0 0.45664
4450.0 4450.0 0.57183
4550.0 4450.0 0.63196
4650.0 4450.0 0.60791
4750.0 4450.0 0.49030
4850.0 4450.0 0.29241
4950.0 4450.0 0.04640
5050.0 4450.0 -0.20707
5150.0 4450.0 -0.43586
5250.0 4450.0 -0.63984
5350.0 4450.0 -0.85353
5450.0 4450.0 -1.07755
5550.0 4450.0 -1.27335
5650.0 4450.0 -1.39269
5750.0 4450.0 -1.39930
5850.0 4450.0 -1.28207
5950.0 4450.0 -1.05954
6050.0 4450.0 -0.77586
6150.0 4450.0 -0.48816
6250.0 4450.0 -0.24527
6350.0 4450.0 -0.05796
50.0 4550.0 1.03698
150.0 4550.0 0.88200
250.0 4550.0 0.64627
350.0 4550.0 0.38805
450.0 4550.0 0.17183
550.0 4550.0 0.04732
650.0 4550.0 0.02130
750.0 4550.0 0.04580
850.0 4550.0 0.17053
950.0 4550.0 0.43289
1050.0 4550.0 0.78529
1150.0 4550.0 1.14091
1250.0 4550.0 1.40985
1350.0 4550.0 1.52462
1450.0 4550.0 1.45491
1550.0 4550.0 1.21152
1650.0 4550.0 0.83965
1750.0 4550.0 0.40138
1850.0 4550.0 -0.05416
1950.0 4550.0 -0.56354
2050.0 4550.0 -1.15312
2150.0 4550.0 -1.74108
2250.0 4550.0 -2.20468
2350.0 4550.0 -2.43732
2450.0 4550.0 -2.38507
2550.0 4550.0 -2.06278
2650.0 4550.0 -1.54981
2750.0 4550.0 -0.96529
2850.0 4550.0 -0.42293
2950.0 4550.0 0.03459
3050.0 4550.0 0.46066
3150.0 4550.0 0.83116
3250.0 4550.0 1.08907
3350.0 4550.0 1.19307
3450.0 4550.0 1.13104
3550.0 4550.0 0.92569
3650.0 4550.0 0.63227
3750.0 4550.0 0.32839
3850.0 4550.0 0.09588
3950.0 4550.0 -0.00522
4050.0 4550.0 0.02940
4150.0 4550.0 0.12317
4250.0 4550.0 0.25279
4350.0 4550.0 0.42211
4450.0 4550.0 0.59851
4550.0 4550.0 0.73706
4650.0 4550.0 0.79930
4750.0 4550.0 0.76502
4850.0 4550.0 0.63739
4950.0 4550.0 0.44112
5050.0 4550.0 0.21381
5150.0 4550.0 -0.00948
5250.0 4550.0 -0.21866
5350.0 4550.0 -0.44349
5450.0 4550.0 -0.69187
5550.0 4550.0 -0.92748
5650.0 4550.0 -1.09947
5750.0 4550.0 -1.16597
5850.0 4550.0 -1.10884
5950.0 4550.0 -0.93965
6050.0 4550.0 -0.69699
6150.0 4550.0 -0.43498
6250.0 4550.0 -0.20305
6350.0 4550.0 -0.01697
50.0 4650.0 0.76794
150.0 4650.0 0.66732
250.0 4650.0 0.48333
350.0 4650.0 0.26809
450.0 4650.0 0.08173
550.0 4650.0 -0.02737
650.0 4650.0 -0.04945
750.0 4650.0 -0.02547
850.0 4650.0 0.09274
950.0 4650.0 0.33808
1050.0 4650.0 0.66239
1150.0 4650.0 0.98115
1250.0 4650.0 1.20866
1350.0 4650.0 1.28253
1450.0 4650.0 1.17742
1550.0 4650.0 0.90802
1650.0 4650.0 0.52137
1750.0 4650.0 0.07840
1850.0 4650.0 -0.37661
1950.0 4650.0 -0.88109
2050.0 4650.0 -1.45562
2150.0 4650.0 -2.01644
2250.0 4650.0 -2.44242
2350.0 4650.0 -2.63093
2450.0 4650.0 -2.53333
2550.0 4650.0 -2.16996
2650.0 4650.0 -1.62485
2750.0 4650.0 -1.01990
2850.0 4650.0 -0.46876
2950.0 4650.0 -0.01022
3050.0 4650.0 0.41474
3150.0 4650.0 0.78105
3250.0 4650.0 1.03045
3350.0 4650.0 1.12181
3450.0 4650.0 1.04420
3550.0 4650.0 0.82214
3650.0 4650.0 0.51290
3750.0 4650.0 0.19593
3850.0 4650.0 -0.04566
3950.0 4650.0 -0.15145
4050.0 4650.0 -0.11802
4150.0 4650.0 -0.02313
4250.0 4650.0 0.11939
4350.0 4650.0 0.32303
4450.0 4650.0 0.55678
4550.0 4650.0 0.77128
4650.0 4650.0 0.91955
4750.0 4650.0 0.97097
4850.0 4650.0 0.91832
4950.0 4650.0 0.77804
5050.0 4650.0 0.58358
5150.0 4650.0 0.37199
5250.0 4650.0 0.16324
5350.0 4650.0 -0.06641
5450.0 4650.0 -0.33124
5550.0 4650.0 -0.59755
5650.0 4650.0 -0.81298
5750.0 4650.0 -0.93121
5850.0 4650.0 -0.92802
5950.0 4650.0 -0.80847
6050.0 4650.0 -0.60545
6150.0 4650.0 -0.36948
6250.0 4650.0 -0.14969
6350.0 4650.0 0.03382
50.0 4750.0 0.46338
150.0 4750.0 0.39996
250.0 4750.0 0.25321
350.0 4750.0 0.07036
450.0 4750.0 -0.09236
550.0 4750.0 -0.18839
650.0 4750.0 -0.20629
750.0 4750.0 -0.18208
850.0 4750.0 -0.07158
950.0 4750.0 0.15300
1050.0 4750.0 0.44398
1150.0 4750.0 0.72100
1250.0 4750.0 0.90436
1350.0 4750.0 0.93804
1450.0 4750.0 0.80209
1550.0 4750.0 0.51467
1650.0 4750.0 0.12354
1750.0 4750.0 -0.31282
1850.0 4750.0 -0.75582
1950.0 4750.0 -1.24152
2050.0 4750.0 -1.78226
2150.0 4750.0 -2.29349
2250.0 4750.0 -2.65880
2350.0 4750.0 -2.78311
2450.0 4750.0 -2.62585
2550.0 4750.0 -2.21426
2650.0 4750.0 -1.63673
2750.0 4750.0 -1.01628
2850.0 4750.0 -0.46398
2950.0 4750.0 -0.01265
3050.0 4750.0 0.40307
3150.0 4750.0 0.75759
3250.0 4750.0 0.99241
3350.0 4750.0 1.06755
3450.0 4750.0 0.97384
3550.0 4750.0 0.73752
3650.0 4750.0 0.41709
3750.0 4750.0 0.09253
3850.0 4750.0 -0.15330
3950.0 4750.0 -0.26088
4050.0 4750.0 -0.22800
4150.0 4750.0 -0.13230
4250.0 4750.0 0.02260
4350.0 4750.0 0.25944
4450.0 4750.0 0.54843
4550.0 4750.0 0.83546
4650.0 4750.0 1.06509
4750.0 4750.0 1.19651
4850.0 4750.0 1.21266
4950.0 4750.0 1.12237
5050.0 4750.0 0.95553
5150.0 4750.0 0.75146
5250.0 4750.0 0.53968
5350.0 4750.0 0.30407
5450.0 4750.0 0.02740
5550.0 4750.0 -0.25852
5650.0 4750.0 -0.50123
5750.0 4750.0 -0.65263
5850.0 4750.0 -0.68549
5950.0 4750.0 -0.60123
6050.0 4750.0 -0.42920
6150.0 4750.0 -0.21721
6250.0 4750.0 -0.01358
6350.0 4750.0 0.15952
50.0 4850.0 0.12101
150.0 4850.0 0.06367
250.0 4850.0 -0.07207
350.0 4850.0 -0.24155
450.0 4850.0 -0.39174
550.0 4850.0 -0.47876
650.0 4850.0 -0.49191
750.0 4850.0 -0.46598
850.0 4850.0 -0.36516
950.0 4850.0 -0.16774
1050.0 4850.0 0.08125
1150.0 4850.0 0.30905
1250.0 4850.0 0.44527
1350.0 4850.0 0.44240
1450.0 4850.0 0.28649
1550.0 4850.0 -0.00191
1650.0 4850.0 -0.37652
1750.0 4850.0 -0.78391
1850.0 4850.0 -1.19253
1950.0 4850.0 -1.63344
2050.0 4850.0 -2.10732
2150.0 4850.0 -2.53159
2250.0 4850.0 -2.80032
2350.0 4850.0 -2.83191
2450.0 4850.0 -2.59803
2550.0 4850.0 -2.13417
2650.0 4850.0 -1.53145
2750.0 4850.0 -0.90993
2850.0 4850.0 -0.37337
2950.0 4850.0 0.05466
3050.0 4850.0 0.44561
3150.0 4850.0 0.77426
3250.0 4850.0 0.98393
3350.0 4850.0 1.03767
3450.0 4850.0 0.92896
3550.0 4850.0 0.68537
3650.0 4850.0 0.36488
3750.0 4850.0 0.04520
3850.0 4850.0 -0.19422
3950.0 4850.0 -0.29726
4050.0 4850.0 -0.26338
4150.0 4850.0 -0.16741
4250.0 4850.0 -0.00173
4350.0 4850.0 0.26432
4450.0 4850.0 0.60117
4550.0 4850.0 0.94970
4650.0 4850.0 1.24641
4750.0 4850.0 1.44149
4850.0 4850.0 1.50967
4950.0 4850.0 1.45397
5050.0 4850.0 1.30221
5150.0 4850.0 1.09642
5250.0 4850.0 0.87451
5350.0 4850.0 0.63039
5450.0 4850.0 0.35048
5550.0 4850.0 0.06611
5650.0 4850.0 -0.17283
5750.0 4850.0 -0.32158
5850.0 4850.0 -0.35589
5950.0 4850.0 -0.27916
6050.0 4850.0 -0.12131
6150.0 4850.0 0.07066
6250.0 4850.0 0.25029
6350.0 4850.0 0.39765
50.0 4950.0 -0.21477
150.0 4950.0 -0.29686
250.0 4950.0 -0.44715
350.0 4950.0 -0.62150
450.0 4950.0 -0.76947
550.0 4950.0 -0.85095
650.0 4950.0 -0.85847
750.0 4950.0 -0.82914
850.0 4950.0 -0.73965
950.0 4950.0 -0.57513
1050.0 4950.0 -0.37549
1150.0 4950.0 -0.20227
1250.0 4950.0 -0.11324
1350.0 4950.0 -0.14537
1450.0 4950.0 -0.30637
1550.0 4950.0 -0.57478
1650.0 4950.0 -0.90848
1750.0 4950.0 -1.26176
1850.0 4950.0 -1.61128
1950.0 4950.0 -1.98010
2050.0 4950.0 -2.35572
2150.0 4950.0 -2.66128
2250.0 4950.0 -2.80720
2350.0 4950.0 -2.73046
2450.0 4950.0 -2.41774
2550.0 4950.0 -1.91223
2650.0 4950.0 -1.30420
2750.0 4950.0 -0.70529
2850.0 4950.0 -0.20653
2950.0 4950.0 0.17985
3050.0 4950.0 0.52901
3150.0 4950.0 0.81684
3250.0 4950.0 0.99101
3350.0 4950.0 1.01961
3450.0 4950.0 0.89966
3550.0 4950.0 0.65925
3650.0 4950.0 0.35360
3750.0 4950.0 0.05475
3850.0 4950.0 -0.16498
3950.0 4950.0 -0.25567
4050.0 4950.0 -0.21888
4150.0 4950.0 -0.12335
4250.0 4950.0 0.05016
4350.0 4950.0 0.33787
4450.0 4950.0 0.70921
4550.0 4950.0 1.10009
4650.0 4950.0 1.44023
4750.0 4950.0 1.67301
4850.0 4950.0 1.76778
4950.0 4950.0 1.72448
5050.0 4950.0 1.57087
5150.0 4950.0 1.35206
5250.0 4950.0 1.11208
5350.0 4950.0 0.85662
5450.0 4950.0 0.58294
5550.0 4950.0 0.32347
5650.0 4950.0 0.12252
5750.0 4950.0 0.01590
5850.0 4950.0 0.01826
5950.0 4950.0 0.11806
6050.0 4950.0 0.28022
6150.0 4950.0 0.45650
6250.0 4950.0 0.60345
6350.0 4950.0 0.70814
50.0 5050.0 -0.48587
150.0 5050.0 -0.61383
250.0 5050.0 -0.79567
350.0 5050.0 -0.98649
450.0 5050.0 -1.13839
550.0 5050.0 -1.21598
650.0 5050.0 -1.21682
750.0 5050.0 -1.18263
850.0 5050.0 -1.10522
950.0 5050.0 -0.97671
1050.0 5050.0 -0.82979
1150.0 5050.0 -0.71203
1250.0 5050.0 -0.66621
1350.0 5050.0 -0.71758
1450.0 5050.0 -0.86791
1550.0 5050.0 -1.09642
1650.0 5050.0 -1.36751
1750.0 5050.0 -1.64537
1850.0 5050.0 -1.91537
1950.0 5050.0 -2.19135
2050.0 5050.0 -2.44901
2150.0 5050.0 -2.62133
2250.0 5050.0 -2.63918
2350.0 5050.0 -2.46072
2450.0 5050.0 -2.08753
2550.0 5050.0 -1.56764
2650.0 5050.0 -0.98535
2750.0 5050.0 -0.43801
2850.0 5050.0 0.00052
2950.0 5050.0 0.32944
3050.0 5050.0 0.62286
3150.0 5050.0 0.85826
3250.0 5050.0 0.98998
3350.0 5050.0 0.99284
3450.0 5050.0 0.86780
3550.0 5050.0 0.64257
3650.0 5050.0 0.36727
3750.0 5050.0 0.10509
3850.0 5050.0 -0.08209
3950.0 5050.0 -0.15303
4050.0 5050.0 -0.11148
4150.0 5050.0 -0.01708
4250.0 5050.0 0.16038
4350.0 5050.0 0.45967
4450.0 5050.0 0.84802
4550.0 5050.0 1.25689
4650.0 5050.0 1.61122
4750.0 5050.0 1.85062
4850.0 5050.0 1.94248
4950.0 5050.0 1.88692
5050.0 5050.0 1.71373
5150.0 5050.0 1.47118
5250.0 5050.0 1.20645
5350.0 5050.0 0.93731
5450.0 5050.0 0.67766
5550.0 5050.0 0.46232
5650.0 5050.0 0.32754
5750.0 5050.0 0.29557
5850.0 5050.0 0.36599
5950.0 5050.0 0.51403
6050.0 5050.0 0.69570
6150.0 5050.0 0.85981
6250.0 5050.0 0.96688
6350.0 5050.0 1.01490
50.0 5150.0 -0.64521
150.0 5150.0 -0.82559
250.0 5150.0 -1.04346
350.0 5150.0 -1.25305
450.0 5150.0 -1.40936
550.0 5150.0 -1.48245
650.0 5150.0 -1.47563
750.0 5150.0 -1.43567
850.0 5150.0 -1.36996
950.0 5150.0 -1.27717
1050.0 5150.0 -1.18152
1150.0 5150.0 -1.11521
1250.0 5150.0 -1.10525
1350.0 5150.0 -1.16509
1450.0 5150.0 -1.29134
1550.0 5150.0 -1.46530
1650.0 5150.0 -1.65949
1750.0 5150.0 -1.84906
1850.0 5150.0 -2.02789
1950.0 5150.0 -2.20142
2050.0 5150.0 -2.33782
2150.0 5150.0 -2.38332
2250.0 5150.0 -2.29088
2350.0 5150.0 -2.03911
2450.0 5150.0 -1.64148
2550.0 5150.0 -1.14610
2650.0 5150.0 -0.62576
2750.0 5150.0 -0.15844
2850.0 5150.0 0.20176
2950.0 5150.0 0.46333
3050.0 5150.0 0.69322
3150.0 5150.0 0.87050
3250.0 5150.0 0.95785
3350.0 5150.0 0.93775
3450.0 5150.0 0.81504
3550.0 5150.0 0.61605
3650.0 5150.0 0.38399
3750.0 5150.0 0.17089
3850.0 5150.0 0.02595
3950.0 5150.0 -0.01976
4050.0 5150.0 0.02792
4150.0 5150.0 0.12063
4250.0 5150.0 0.29803
4350.0 5150.0 0.59829
4450.0 5150.0 0.98553
4550.0 5150.0 1.38771
4650.0 5150.0 1.72732
4750.0 5150.0 1.94339
4850.0 5150.0 2.00479
4950.0 5150.0 1.91486
5050.0 5150.0 1.70724
5150.0 5150.0 1.43310
5250.0 5150.0 1.13969
5350.0 5150.0 0.85551
5450.0 5150.0 0.61429
5550.0 5150.0 0.45397
5650.0 5150.0 0.40138
5750.0 5150.0 0.46249
5850.0 5150.0 0.61876
5950.0 5150.0 0.82929
6050.0 5150.0 1.03904
6150.0 5150.0 1.19292
6250.0 5150.0 1.25597
6350.0 5150.0 1.23932
50.0 5250.0 -0.67196
150.0 5250.0 -0.89580
250.0 5250.0 -1.14107
350.0 5250.0 -1.36220
450.0 5250.0 -1.51784
550.0 5250.0 -1.58377
650.0 5250.0 -1.56858
750.0 5250.0 -1.52267
850.0 5250.0 -1.46731
950.0 5250.0 -1.40674
1050.0 5250.0 -1.35649
1150.0 5250.0 -1.33383
1250.0 5250.0 -1.35073
1350.0 5250.0 -1.40995
1450.0 5250.0 -1.50396
1550.0 5250.0 -1.61705
1650.0 5250.0 -1.73032
1750.0 5250.0 -1.82977
1850.0 5250.0 -1.91681
1950.0 5250.0 -1.99122
2050.0 5250.0 -2.01959
2150.0 5250.0 -1.96357
2250.0 5250.0 -1.79695
2350.0 5250.0 -1.51504
2450.0 5250.0 -1.13812
2550.0 5250.0 -0.70884
2650.0 5250.0 -0.28361
2750.0 5250.0 0.08203
2850.0 5250.0 0.35398
2950.0 5250.0 0.54627
3050.0 5250.0 0.71248
3150.0 5250.0 0.83293
3250.0 5250.0 0.87928
3350.0 5250.0 0.84161
3450.0 5250.0 0.72823
3550.0 5250.0 0.56321
3650.0 5250.0 0.38190
3750.0 5250.0 0.22426
3850.0 5250.0 0.12605
3950.0 5250.0 0.10794
4050.0 5250.0 0.16238
4150.0 5250.0 0.25312
4250.0 5250.0 0.42716
4350.0 5250.0 0.71961
4450.0 5250.0 1.09104
4550.0 5250.0 1.46699
4650.0 5250.0 1.76965
4750.0 5250.0 1.94015
4850.0 5250.0 1.95154
4950.0 5250.0 1.81250
5050.0 5250.0 1.56164
5150.0 5250.0 1.25258
5250.0 5250.0 0.93005
5350.0 5250.0 0.63073
5450.0 5250.0 0.40811
5550.0 5250.0 0.30327
5650.0 5250.0 0.33350
5750.0 5250.0 0.48845
5850.0 5250.0 0.73128
5950.0 5250.0 1.00484
6050.0 5250.0 1.24294
6150.0 5250.0 1.38659
6250.0 5250.0 1.40532
6350.0 5250.0 1.32355
50.0 5350.0 -0.57738
150.0 5350.0 -0.82240
250.0 5350.0 -1.07548
350.0 5350.0 -1.29318
450.0 5350.0 -1.43876
550.0 5350.0 -1.49347
650.0 5350.0 -1.46962
750.0 5350.0 -1.41834
850.0 5350.0 -1.37131
950.0 5350.0 -1.33710
1050.0 5350.0 -1.32346
1150.0 5350.0 -1.33469
1250.0 5350.0 -1.37004
1350.0 5350.0 -1.42337
1450.0 5350.0 -1.48418
1550.0 5350.0 -1.53990
1650.0 5350.0 -1.57949
1750.0 5350.0 -1.59841
1850.0 5350.0 -1.60421
1950.0 5350.0 -1.59490
2050.0 5350.0 -1.54179
2150.0 5350.0 -1.42226
2250.0 5350.0 -1.22710
2350.0 5350.0 -0.96256
2450.0 5350.0 -0.64967
2550.0 5350.0 -0.32069
2650.0 5350.0 -0.01270
2750.0 5350.0 0.24161
2850.0 5350.0 0.42595
2950.0 5350.0 0.55537
3050.0 5350.0 0.66546
3150.0 5350.0 0.73702
3250.0 5350.0 0.75016
3350.0 5350.0 0.70169
3450.0 5350.0 0.60249
3550.0 5350.0 0.47399
3650.0 5350.0 0.34376
3750.0 5350.0 0.24036
3850.0 5350.0 0.18714
3950.0 5350.0 0.19534
4050.0 5350.0 0.25626
4150.0 5350.0 0.34508
4250.0 5350.0 0.51400
4350.0 5350.0 0.79382
4450.0 5350.0 1.14166
4550.0 5350.0 1.48168
4650.0 5350.0 1.73721
4750.0 5350.0 1.85297
4850.0 5350.0 1.80747
4950.0 5350.0 1.61549
5050.0 5350.0 1.32077
5150.0 5350.0 0.97874
5250.0 5350.0 0.63026
5350.0 5350.0 0.31698
5450.0 5350.0 0.10885
5550.0 5350.0 0.04938
5650.0 5350.0 0.14766
5750.0 5350.0 0.37939
5850.0 5350.0 0.69227
5950.0 5350.0 1.01560
6050.0 5350.0 1.27399
6150.0 5350.0 1.40543
6250.0 5350.0 1.38350
6350.0 5350.0 1.24382
50.0 5450.0 -0.40124
150.0 5450.0 -0.63655
250.0 5450.0 -0.87104
350.0 5450.0 -1.06577
450.0 5450.0 -1.18958
550.0 5450.0 -1.22851
650.0 5450.0 -1.19626
750.0 5450.0 -1.14086
850.0 5450.0 -1.09992
950.0 5450.0 -1.08512
1050.0 5450.0 -1.09828
1150.0 5450.0 -1.13393
1250.0 5450.0 -1.18179
1350.0 5450.0 -1.22919
1450.0 5450.0 -1.26351
1550.0 5450.0 -1.27472
1650.0 5450.0 -1.25782
1750.0 5450.0 -1.21541
1850.0 5450.0 -1.15962
1950.0 5450.0 -1.09091
2050.0 5450.0 -0.99048
2150.0 5450.0 -0.84979
2250.0 5450.0 -0.67105
2350.0 5450.0 -0.46485
2450.0 5450.0 -0.24739
2550.0 5450.0 -0.03735
2650.0 5450.0 0.14781
2750.0 5450.0 0.29579
2850.0 5450.0 0.40393
2950.0 5450.0 0.48409
3050.0 5450.0 0.55178
3150.0 5450.0 0.58743
3250.0 5450.0 0.57796
3350.0 5450.0 0.52527
3450.0 5450.0 0.44180
3550.0 5450.0 0.34639
3650.0 5450.0 0.26009
3750.0 5450.0 0.20215
3850.0 5450.0 0.18607
3950.0 5450.0 0.21582
4050.0 5450.0 0.28207
4150.0 5450.0 0.36936
4250.0 5450.0 0.53339
4350.0 5450.0 0.80095
4450.0 5450.0 1.12642
4550.0 5450.0 1.43325
4650.0 5450.0 1.64629
4750.0 5450.0 1.71379
4850.0 5450.0 1.61921
4950.0 5450.0 1.38264
5050.0 5450.0 1.05202
5150.0 5450.0 0.68401
5250.0 5450.0 0.31573
5350.0 5450.0 -0.00926
5450.0 5450.0 -0.21049
5550.0 5450.0 -0.24322
5650.0 5450.0 -0.10425
5750.0 5450.0 0.17271
5850.0 5450.0 0.52518
5950.0 5450.0 0.87379
6050.0 5450.0 1.13765
6150.0 5450.0 1.25336
6250.0 5450.0 1.19763
6350.0 5450.0 1.01349
50.0 5550.0 -0.19876
150.0 5550.0 -0.39135
250.0 5550.0 -0.57955
350.0 5550.0 -0.73131
450.0 5550.0 -0.82180
550.0 5550.0 -0.84081
650.0 5550.0 -0.80086
750.0 5550.0 -0.74298
850.0 5550.0 -0.70614
950.0 5550.0 -0.70416
1050.0 5550.0 -0.73530
1150.0 5550.0 -0.78808
1250.0 5550.0 -0.84619
1350.0 5550.0 -0.89267
1450.0 5550.0 -0.91333
1550.0 5550.0 -0.89939
1650.0 5550.0 -0.84939
1750.0 5550.0 -0.77029
1850.0 5550.0 -0.67745
1950.0 5550.0 -0.57743
2050.0 5550.0 -0.46434
2150.0 5550.0 -0.34047
2250.0 5550.0 -0.21333
2350.0 5550.0 -0.09176
2450.0 5550.0 0.01682
2550.0 5550.0 0.10822
2650.0 5550.0 0.18218
2750.0 5550.0 0.24208
2850.0 5550.0 0.29360
2950.0 5550.0 0.34234
3050.0 5550.0 0.38461
3150.0 5550.0 0.39959
3250.0 5550.0 0.37870
3350.0 5550.0 0.32684
3450.0 5550.0 0.25710
3550.0 5550.0 0.18627
3650.0 5550.0 0.13088
3750.0 5550.0 0.10404
3850.0 5550.0 0.11296
3950.0 5550.0 0.15705
4050.0 5550.0 0.22687
4150.0 5550.0 0.31325
4250.0 5550.0 0.47453
4350.0 5550.0 0.73519
4450.0 5550.0 1.04801
4550.0 5550.0 1.33592
4650.0 5550.0 1.52457
4750.0 5550.0 1.56421
4850.0 5550.0 1.44111
4950.0 5550.0 1.17846
5050.0 5550.0 0.82665
5150.0 5550.0 0.44314
5250.0 5550.0 0.06288
5350.0 5550.0 -0.27103
5450.0 5550.0 -0.47478
5550.0 5550.0 -0.50398
5650.0 5550.0 -0.35833
5750.0 5550.0 -0.07539
5850.0 5550.0 0.27876
5950.0 5550.0 0.62223
6050.0 5550.0 0.87316
6150.0 5550.0 0.96881
6250.0 5550.0 0.88788
6350.0 5550.0 0.67609
50.0 5650.0 -0.01819
150.0 5650.0 -0.14050
250.0 5650.0 -0.25969
350.0 5650.0 -0.35244
450.0 5650.0 -0.40063
550.0 5650.0 -0.39681
650.0 5650.0 -0.35007
750.0 5650.0 -0.29130
850.0 5650.0 -0.25718
950.0 5650.0 -0.26310
1050.0 5650.0 -0.30610
1150.0 5650.0 -0.37196
1250.0 5650.0 -0.44135
1350.0 5650.0 -0.49476
1450.0 5650.0 -0.51652
1550.0 5650.0 -0.49765
1650.0 5650.0 -0.43768
1750.0 5650.0 -0.34546
1850.0 5650.0 -0.23858
1950.0 5650.0 -0.13219
2050.0 5650.0 -0.03401
2150.0 5650.0 0.04658
2250.0 5650.0 0.10206
2350.0 5650.0 0.12965
2450.0 5650.0 0.13267
2550.0 5650.0 0.12022
2650.0 5650.0 0.10540
2750.0 5650.0 0.10177
2850.0 5650.0 0.11834
2950.0 5650.0 0.15291
3050.0 5650.0 0.18559
3150.0 5650.0 0.19364
3250.0 5650.0 0.17054
3350.0 5650.0 0.12231
3450.0 5650.0 0.06201
3550.0 5650.0 0.00512
3650.0 5650.0 -0.03409
3750.0 5650.0 -0.04538
3850.0 5650.0 -0.02435
3950.0 5650.0 0.02657
4050.0 5650.0 0.09811
4150.0 5650.0 0.18427
4250.0 5650.0 0.34591
4350.0 5650.0 0.60774
4450.0 5650.0 0.92207
4550.0 5650.0 1.21117
4650.0 5650.0 1.40005
4750.0 5650.0 1.43855
4850.0 5650.0 1.31289
4950.0 5650.0 1.04650
5050.0 5650.0 0.69027
5150.0 5650.0 0.30215
5250.0 5650.0 -0.08267
5350.0 5650.0 -0.42286
5450.0 5650.0 -0.63794
5550.0 5650.0 -0.68533
5650.0 5650.0 -0.56485
5750.0 5650.0 -0.31267
5850.0 5650.0 0.00768
5950.0 5650.0 0.31755
6050.0 5650.0 0.53835
6150.0 5650.0 0.60992
6250.0 5650.0 0.51189
6350.0 5650.0 0.28821
50.0 5750.0 0.13098
150.0 5750.0 0.09313
250.0 5750.0 0.05446
350.0 5750.0 0.02869
450.0 5750.0 0.02709
550.0 5750.0 0.05498
650.0 5750.0 0.10790
750.0 5750.0 0.16661
850.0 5750.0 0.19858
950.0 5750.0 0.18699
1050.0 5750.0 0.13474
1150.0 5750.0 0.05692
1250.0 5750.0 -0.02564
1350.0 5750.0 -0.09173
1450.0 5750.0 -0.12409
1550.0 5750.0 -0.11257
1650.0 5750.0 -0.05624
1750.0 5750.0 0.03557
1850.0 5750.0 0.14345
1950.0 5750.0 0.24267
2050.0 5750.0 0.31234
2150.0 5750.0 0.33849
2250.0 5750.0 0.31633
2350.0 5750.0 0.25105
2450.0 5750.0 0.15701
2550.0 5750.0 0.05520
2650.0 5750.0 -0.03089
2750.0 5750.0 -0.08104
2850.0 5750.0 -0.08576
2950.0 5750.0 -0.05534
3050.0 5750.0 -0.02331
3150.0 5750.0 -0.01465
3250.0 5750.0 -0.03527
3350.0 5750.0 -0.07910
3450.0 5750.0 -0.13348
3550.0 5750.0 -0.18362
3650.0 5750.0 -0.21616
3750.0 5750.0 -0.22171
3850.0 5750.0 -0.19659
3950.0 5750.0 -0.14353
4050.0 5750.0 -0.07149
4150.0 5750.0 0.01481
4250.0 5750.0 0.17898
4350.0 5750.0 0.44771
4450.0 5750.0 0.77363
4550.0 5750.0 1.07807
4650.0 5750.0 1.28430
4750.0 5750.0 1.34003
4850.0 5750.0 1.22936
4950.0 5750.0 0.97407
5050.0 5750.0 0.62422
5150.0 5750.0 0.23819
5250.0 5750.0 -0.14689
5350.0 5750.0 -0.49180
5450.0 5750.0 -0.72312
5550.0 5750.0 -0.80093
5650.0 5750.0 -0.72357
5750.0 5750.0 -0.52290
5850.0 5750.0 -0.25639
5950.0 5750.0 0.00376
6050.0 5750.0 0.18468
6150.0 5750.0 0.22985
6250.0 5750.0 0.11927
6350.0 5750.0 -0.10740
50.0 5850.0 0.29107
150.0 5850.0 0.33918
250.0 5850.0 0.38188
350.0 5850.0 0.42320
450.0 5850.0 0.46756
550.0 5850.0 0.51835
650.0 5850.0 0.57597
750.0 5850.0 0.63318
850.0 5850.0 0.66203
950.0 5850.0 0.64454
1050.0 5850.0 0.58325
1150.0 5850.0 0.49371
1250.0 5850.0 0.39777
1350.0 5850.0 0.31800
1450.0 5850.0 0.27308
1550.0 5850.0 0.27440
1650.0 5850.0 0.32359
1750.0 5850.0 0.41115
1850.0 5850.0 0.51609
1950.0 5850.0 0.60449
2050.0 5850.0 0.64320
2150.0 5850.0 0.61472
2250.0 5850.0 0.51779
2350.0 5850.0 0.36580
2450.0 5850.0 0.18361
2550.0 5850.0 0.00291
2650.0 5850.0 -0.14393
2750.0 5850.0 -0.23165
2850.0 5850.0 -0.25125
2950.0 5850.0 -0.22080
3050.0 5850.0 -0.18573
3150.0 5850.0 -0.17337
3250.0 5850.0 -0.19023
3350.0 5850.0 -0.23141
3450.0 5850.0 -0.28536
3550.0 5850.0 -0.33795
3650.0 5850.0 -0.37577
3750.0 5850.0 -0.38873
3850.0 5850.0 -0.37191
3950.0 5850.0 -0.32677
4050.0 5850.0 -0.26158
4150.0 5850.0 -0.18134
4250.0 5850.0 -0.02067
4350.0 5850.0 0.25018
4450.0 5850.0 0.58568
4550.0 5850.0 0.90749
4650.0 5850.0 1.13756
4750.0 5850.0 1.22089
4850.0 5850.0 1.13798
4950.0 5850.0 0.90681
5050.0 5850.0 0.57454
5150.0 5850.0 0.19881
5250.0 5850.0 -0.18040
5350.0 5850.0 -0.52424
5450.0 5850.0 -0.76676
5550.0 5850.0 -0.87155
5650.0 5850.0 -0.83622
5750.0 5850.0 -0.68855
5850.0 5850.0 -0.47969
5950.0 5850.0 -0.27451
6050.0 5850.0 -0.13898
6150.0 5850.0 -0.12469
6250.0 5850.0 -0.25045
6350.0 5850.0 -0.48101
50.0 5950.0 0.48144
150.0 5950.0 0.61065
250.0 5950.0 0.72902
350.0 5950.0 0.83132
450.0 5950.0 0.91573
550.0 5950.0 0.98413
650.0 5950.0 1.04194
750.0 5950.0 1.09358
850.0 5950.0 1.11662
950.0 5950.0 1.09259
1050.0 5950.0 1.02344
1150.0 5950.0 0.92430
1250.0 5950.0 0.81692
1350.0 5950.0 0.72422
1450.0 5950.0 0.66558
1550.0 5950.0 0.65329
1650.0 5950.0 0.68982
1750.0 5950.0 0.76610
1850.0 5950.0 0.86045
1950.0 5950.0 0.93144
2050.0 5950.0 0.93648
2150.0 5950.0 0.85709
2250.0 5950.0 0.69701
2350.0 5950.0 0.47767
2450.0 5950.0 0.23268
2550.0 5950.0 0.00127
2650.0 5950.0 -0.17933
2750.0 5950.0 -0.28248
2850.0 5950.0 -0.30180
2950.0 5950.0 -0.26183
3050.0 5950.0 -0.21529
3150.0 5950.0 -0.19124
3250.0 5950.0 -0.19959
3350.0 5950.0 -0.24000
3450.0 5950.0 -0.30444
3550.0 5950.0 -0.37991
3650.0 5950.0 -0.45124
3750.0 5950.0 -0.50396
3850.0 5950.0 -0.52733
3950.0 5950.0 -0.51741
4050.0 5950.0 -0.48030
4150.0 5950.0 -0.42484
4250.0 5950.0 -0.28711
4350.0 5950.0 -0.03219
4450.0 5950.0 0.30059
4550.0 5950.0 0.63718
4650.0 5950.0 0.90038
4750.0 5950.0 1.03189
4850.0 5950.0 1.00527
4950.0 5950.0 0.82944
5050.0 5950.0 0.54306
5150.0 5950.0 0.19945
5250.0 5950.0 -0.15697
5350.0 5950.0 -0.48260
5450.0 5950.0 -0.71867
5550.0 5950.0 -0.83444
5650.0 5950.0 -0.82950
5750.0 5950.0 -0.72956
5850.0 5950.0 -0.58004
5950.0 5950.0 -0.43742
6050.0 5950.0 -0.35824
6150.0 5950.0 -0.38595
6250.0 5950.0 -0.53541
6350.0 5950.0 -0.77522
50.0 6050.0 0.68063
150.0 6050.0 0.87510
250.0 6050.0 1.05272
350.0 6050.0 1.20067
450.0 6050.0 1.31234
550.0 6050.0 1.38896
650.0 6050.0 1.44055
750.0 6050.0 1.48153
850.0 6050.0 1.49584
950.0 6050.0 1.46583
1050.0 6050.0 1.39251
1150.0 6050.0 1.28930
1250.0 6050.0 1.17620
1350.0 6050.0 1.07475
1450.0 6050.0 1.00373
1550.0 6050.0 0.97563
1650.0 6050.0 0.99378
1750.0 6050.0 1.05032
1850.0 6050.0 1.12447
1950.0 6050.0 1.17017
2050.0 6050.0 1.13961
2150.0 6050.0 1.01680
2250.0 6050.0 0.81213
2350.0 6050.0 0.55455
2450.0 6050.0 0.28359
2550.0 6050.0 0.04140
2650.0 6050.0 -0.13540
2750.0 6050.0 -0.22380
2850.0 6050.0 -0.22267
2950.0 6050.0 -0.16108
3050.0 6050.0 -0.09207
3150.0 6050.0 -0.04429
3250.0 6050.0 -0.03394
3350.0 6050.0 -0.06953
3450.0 6050.0 -0.15020
3550.0 6050.0 -0.26565
3650.0 6050.0 -0.39781
3750.0 6050.0 -0.52424
3850.0 6050.0 -0.62319
3950.0 6050.0 -0.68039
4050.0 6050.0 -0.69753
4150.0 6050.0 -0.69056
4250.0 6050.0 -0.60149
4350.0 6050.0 -0.38837
4450.0 6050.0 -0.07912
4550.0 6050.0 0.26208
4650.0 6050.0 0.56226
4750.0 6050.0 0.76006
4850.0 6050.0 0.81883
4950.0 6050.0 0.73260
5050.0 6050.0 0.52478
5150.0 6050.0 0.23973
5250.0 6050.0 -0.07258
5350.0 6050.0 -0.35784
5450.0 6050.0 -0.56326
5550.0 6050.0 -0.66622
5650.0 6050.0 -0.67185
5750.0 6050.0 -0.60688
5850.0 6050.0 -0.51249
5950.0 6050.0 -0.43614
6050.0 6050.0 -0.42251
6150.0 6050.0 -0.50322
6250.0 6050.0 -0.68578
6350.0 6050.0 -0.94137
50.0 6150.0 0.85055
150.0 6150.0 1.08358
250.0 6150.0 1.29379
350.0 6150.0 1.46373
450.0 6150.0 1.58430
550.0 6150.0 1.65711
650.0 6150.0 1.69580
750.0 6150.0 1.72155
850.0 6150.0 1.72512
950.0 6150.0 1.69129
1050.0 6150.0 1.61993
1150.0 6150.0 1.52136
1250.0 6150.0 1.41185
1350.0 6150.0 1.30957
1450.0 6150.0 1.23099
1550.0 6150.0 1.18773
1650.0 6150.0 1.18384
1750.0 6150.0 1.21352
1850.0 6150.0 1.25876
1950.0 6150.0 1.27256
2050.0 6150.0 1.20654
2150.0 6150.0 1.05063
2250.0 6150.0 0.82324
2350.0 6150.0 0.55979
2450.0 6150.0 0.30247
2550.0 6150.0 0.09141
2650.0 6150.0 -0.04300
2750.0 6150.0 -0.08635
2850.0 6150.0 -0.04519
2950.0 6150.0 0.04924
3050.0 6150.0 0.15119
3150.0 6150.0 0.23611
3250.0 6150.0 0.27979
3350.0 6150.0 0.26082
3450.0 6150.0 0.16886
3550.0 6150.0 0.00893
3650.0 6150.0 -0.19837
3750.0 6150.0 -0.42058
3850.0 6150.0 -0.62116
3950.0 6150.0 -0.77129
4050.0 6150.0 -0.86562
4150.0 6150.0 -0.92881
4250.0 6150.0 -0.91327
4350.0 6150.0 -0.76949
4450.0 6150.0 -0.50929
4550.0 6150.0 -0.18158
4650.0 6150.0 0.14909
4750.0 6150.0 0.41967
4850.0 6150.0 0.58159
4950.0 6150.0 0.60956
5050.0 6150.0 0.50616
5150.0 6150.0 0.30228
5250.0 6150.0 0.05338
5350.0 6150.0 -0.17070
5450.0 6150.0 -0.32102
5550.0 6150.0 -0.38493
5650.0 6150.0 -0.37662
5750.0 6150.0 -0.32727
5850.0 6150.0 -0.27607
5950.0 6150.0 -0.26199
6050.0 6150.0 -0.31635
6150.0 6150.0 -0.45624
6250.0 6150.0 -0.67870
6350.0 6150.0 -0.95571
50.0 6250.0 0.95527
150.0 6250.0 1.19394
250.0 6250.0 1.40464
350.0 6250.0 1.56885
450.0 6250.0 1.67781
550.0 6250.0 1.73454
650.0 6250.0 1.75476
750.0 6250.0 1.76228
850.0 6250.0 1.75457
950.0 6250.0 1.72043
1050.0 6250.0 1.65852
1150.0 6250.0 1.57489
1250.0 6250.0 1.48026
1350.0 6250.0 1.38746
1450.0 6250.0 1.30890
1550.0 6250.0 1.25419
1650.0 6250.0 1.22771
1750.0 6250.0 1.22644
1850.0 6250.0 1.23701
1950.0 6250.0 1.21514
2050.0 6250.0 1.11609
2150.0 6250.0 0.93831
2250.0 6250.0 0.70890
2350.0 6250.0 0.46843
2450.0 6250.0 0.25873
2550.0 6250.0 0.11367
2650.0 6250.0 0.05286
2750.0 6250.0 0.07831
2850.0 6250.0 0.17416
2950.0 6250.0 0.30918
3050.0 6250.0 0.45160
3150.0 6250.0 0.58565
3250.0 6250.0 0.67898
3350.0 6250.0 0.69449
3450.0 6250.0 0.60701
3550.0 6250.0 0.41305
3650.0 6250.0 0.13392
3750.0 6250.0 -0.18808
3850.0 6250.0 -0.50021
3950.0 6250.0 -0.75660
4050.0 6250.0 -0.94242
4150.0 6250.0 -1.09043
4250.0 6250.0 -1.16688
4350.0 6250.0 -1.11568
4450.0 6250.0 -0.92976
4550.0 6250.0 -0.63840
4650.0 6250.0 -0.29379
4750.0 6250.0 0.04173
4850.0 6250.0 0.30797
4950.0 6250.0 0.45859
5050.0 6250.0 0.47218
5150.0 6250.0 0.36290
5250.0 6250.0 0.19019
5350.0 6250.0 0.04204
5450.0 6250.0 -0.03387
5550.0 6250.0 -0.03558
5650.0 6250.0 0.01105
5750.0 6250.0 0.06720
5850.0 6250.0 0.09305
5950.0 6250.0 0.05664
6050.0 6250.0 -0.06015
6150.0 6250.0 -0.25866
6250.0 6250.0 -0.52345
6350.0 6250.0 -0.82531
50.0 6350.0 0.97359
150.0 6350.0 1.18595
250.0 6350.0 1.36647
350.0 6350.0 1.49922
450.0 6350.0 1.57829
550.0 6350.0 1.60903
650.0 6350.0 1.60754
750.0 6350.0 1.59601
850.0 6350.0 1.57800
950.0 6350.0 1.54760
1050.0 6350.0 1.50239
1150.0 6350.0 1.44336
1250.0 6350.0 1.37442
1350.0 6350.0 1.30155
1450.0 6350.0 1.23172
1550.0 6350.0 1.17143
1650.0 6350.0 1.12498
1750.0 6350.0 1.09249
1850.0 6350.0 1.06675
1950.0 6350.0 1.00902
2050.0 6350.0 0.88107
2150.0 6350.0 0.69114
2250.0 6350.0 0.47488
2350.0 6350.0 0.27667
2450.0 6350.0 0.13581
2550.0 6350.0 0.07731
2650.0 6350.0 0.10745
2750.0 6350.0 0.21400
2850.0 6350.0 0.37124
2950.0 6350.0 0.54956
3050.0 6350.0 0.73553
3150.0 6350.0 0.92676
3250.0 6350.0 1.08424
3350.0 6350.0 1.15420
3450.0 6350.0 1.09414
3550.0 6350.0 0.88904
3650.0 6350.0 0.55791
3750.0 6350.0 0.15060
3850.0 6350.0 -0.26509
3950.0 6350.0 -0.62606
4050.0 6350.0 -0.90620
4150.0 6350.0 -1.14367
4250.0 6350.0 -1.32036
4350.0 6350.0 -1.37589
4450.0 6350.0 -1.28376
4550.0 6350.0 -1.05141
4650.0 6350.0 -0.71575
4750.0 6350.0 -0.33548
4850.0 6350.0 0.01984
4950.0 6350.0 0.28397
5050.0 6350.0 0.41145
5150.0 6350.0 0.39831
5250.0 6350.0 0.30550
5350.0 6350.0 0.23895
5450.0 6350.0 0.24766
5550.0 6350.0 0.32337
5650.0 6350.0 0.42731
5750.0 6350.0 0.51092
5850.0 6350.0 0.53126
5950.0 6350.0 0.46117
6050.0 6350.0 0.29417
6150.0 6350.0 0.04407
6250.0 6350.0 -0.26067
6350.0 6350.0 -0.58788
